-1
0
-1
0
-1
0
0
-1
0
0
-1
0
0
-1
0
0
0
-1
-1
-1
0
-1
0
0
0
0
0
0
0
-1
-1
0
0
0
-1
0
0
1
0
1
0
-1
0
0
0
1
0
0
0
0
0
0
0
0
0
-1
0
-1
1
0
0
0
-1
0
0
0
0
-1
0
-1
0
-1
0
0
0
0
0
-1
0
0
0
1
0
0
0
0
0
0
0
0
0
0
1
1
0
0
0
0
0
0
1
0
0
1
0
1
0
1
0
0
1
1
0
1
1
0
0
0
0
1
1
0
0
1
0
0
0
1
1
1
0
0
1
0
0
1
0
1
0
0
0
0
0
-1
0
-1
0
-1
-1
-1
0
-1
-1
-1
0
-1
-1
-1
-1
-2
-2
-2
-1
-1
-1
-1
-1
-1
-2
-2
-1
-2
-1
-2
-2
-1
-1
-1
-1
0
-1
-1
-1
-1
-1
0
0
0
0
0
0
1
1
1
1
1
2
2
2
2
1
2
2
2
2
2
2
3
1
1
2
2
2
2
2
2
1
0
1
1
0
1
0
0
0
-1
-1
-1
-1
-1
-1
0
-1
-1
-2
-1
-1
-2
0
0
-1
-1
-1
0
1
0
-1
-1
0
1
0
0
0
1
0
1
1
2
1
1
2
1
1
1
2
1
0
1
1
1
0
0
1
1
0
1
1
0
0
-1
0
1
1
1
0
-1
0
-1
0
0
3
1
-1
-1
1
1
-1
1
0
1
1
-1
-3
-2
-2
-3
-6
-11
-10
-3
-1
-8
-15
-12
-1
4
-2
-10
-12
-4
7
9
5
4
8
13
15
15
19
20
15
17
30
38
30
15
6
6
6
6
4
-2
-9
-4
5
1
-13
-17
-6
-1
-10
-19
-14
-6
-6
-15
-24
-19
7
16
-3
-22
-11
0
-5
-9
-11
-14
-22
-37
-44
-31
-30
-48
-53
-44
-44
-57
-59
-49
-32
-20
-28
-28
-1
20
9
-6
-10
3
31
43
25
17
28
39
30
27
36
50
59
55
37
33
49
65
47
17
27
68
78
45
39
79
113
79
10
-12
25
66
36
-36
-74
-54
-27
-30
-49
-56
-41
-33
-47
-94
-118
-86
-42
-63
-109
-106
-53
-40
-85
-108
-76
-38
-38
-58
-81
-86
-72
-43
-22
2
22
22
23
40
64
87
84
73
97
135
160
153
133
137
170
171
126
91
118
178
183
114
50
71
110
77
3
-14
41
44
-44
-131
-111
-10
29
-64
-181
-182
-100
-61
-110
-146
-94
-28
-58
-106
-75
-18
-14
-38
-57
-77
-66
-22
6
-27
-59
-50
-33
6
27
-32
-85
-38
33
44
-8
-71
-73
-7
28
12
-3
0
15
28
21
5
9
26
15
15
4
-43
-47
-16
-6
-13
1
8
-2
-48
-83
-65
-41
-60
-57
-5
51
69
46
-5
-36
-14
33
70
28
-37
-39
0
-26
-51
-5
90
134
92
32
57
132
128
44
28
132
222
232
184
148
110
133
164
177
174
162
171
237
243
136
47
59
149
167
43
-131
-147
-29
18
-63
-105
-105
-153
-195
-196
-203
-220
-242
-292
-347
-333
-301
-328
-379
-355
-257
-188
-166
-169
-191
-203
-211
-166
-135
-148
-153
-123
-78
-16
104
142
97
74
172
284
344
282
184
154
224
265
225
242
316
356
341
331
310
283
282
376
438
311
84
104
264
251
96
44
124
206
238
74
-156
-190
-124
-198
-295
-261
-175
-165
-199
-230
-250
-227
-166
-152
-295
-415
-247
-8
25
-157
-363
-600
-560
-273
-240
-536
-643
-451
-333
-262
-122
-132
-307
-246
-74
-56
-93
76
87
-173
-345
-68
235
264
70
-28
40
294
492
354
77
34
218
189
67
93
368
413
274
84
127
325
535
424
85
-58
78
171
86
50
43
154
451
875
989
589
132
396
1070
1264
880
523
514
883
1233
936
146
26
604
821
184
-416
-353
317
670
69
-1096
-1558
-735
213
-231
-1768
-2323
-1387
-353
-677
-986
-300
439
-1860
-6208
-6628
175
6701
2765
-8687
-13847
-4907
8577
10417
-2892
-15336
-11443
3866
11977
4846
-7510
-11125
-4348
4313
7900
6367
2030
-2549
-3684
2106
12519
17596
9614
-3910
-6028
7216
20164
17799
4234
-5182
-2795
5079
8580
5013
-789
-4981
-7833
-9109
-6076
-229
888
-7233
-17086
-16606
-4809
5215
2436
-8910
-14996
-8098
5137
11170
5066
-3650
-4306
2723
9350
10909
7837
2850
-1663
-2982
415
5798
6144
-2238
-13070
-15759
-7386
2177
585
-12106
-21362
-16124
-2524
4501
-965
-10204
-11054
-1176
9981
13268
9263
5523
7362
13340
18375
19276
17732
16712
15680
11103
4784
3993
11000
15034
5269
-12897
-21470
-11559
4421
4912
-13900
-31098
-27110
-7388
4478
-3199
-19117
-24322
-12715
4034
10054
3544
-3798
-3004
4569
13040
17478
15174
8662
4504
6746
12628
15654
11616
2292
-5592
-6464
-1390
1753
-3295
-13812
-20798
-19193
-12669
-8784
-11411
-17183
-19411
-14680
-6629
-1230
-942
-2832
-2280
3275
11474
17091
17194
14552
14320
18194
22875
23820
21037
18299
17746
15729
9087
1806
871
5189
5204
-4965
-18855
-23986
-16126
-5621
-7223
-21454
-32426
-26994
-11012
-1354
-6166
-17381
-20218
-8796
7516
14459
9011
1357
1708
10468
20220
23188
17743
9894
7026
10780
15733
15788
9565
969
-5292
-7237
-5925
-4617
-7145
-14658
-22819
-25411
-20346
-12565
-9943
-15190
-21398
-19392
-8850
1150
2749
-1956
-3771
2620
12779
18610
18001
15922
17005
20439
22741
22774
22003
21680
21076
18092
11474
3453
-483
2319
5638
-50
-14405
-25579
-23670
-12480
-6598
-14654
-28458
-31868
-20339
-6331
-3214
-10694
-17820
-14835
-2249
9951
13232
9235
5742
7535
14281
21833
24525
20004
12698
9204
11534
15781
16098
10100
1020
-5417
-6913
-6444
-8371
-13225
-17977
-20715
-22239
-23006
-21666
-18434
-16158
-16712
-17535
-14383
-7085
-275
2101
1499
2934
8523
15077
18586
19322
20045
21282
21654
21415
21804
22036
20803
18503
16064
12042
4608
-3379
-5699
-1631
-10
-8465
-22492
-29239
-22346
-10267
-8044
-19597
-31405
-28388
-12322
762
-668
-11280
-15888
-6272
10218
19648
16657
8607
6267
13179
22986
26289
20320
11925
9217
12376
15039
12677
6379
-714
-6171
-9372
-10652
-11240
-13122
-17914
-24362
-27654
-24509
-17847
-14664
-17429
-20927
-18419
-10073
-2313
-80
-1341
-320
5625
12731
16262
16639
17881
21272
23892
23645
22127
22106
22973
21977
18556
14903
11730
6674
-445
-5089
-3850
-2005
-7811
-20276
-28424
-24306
-13522
-9812
-18953
-30212
-28800
-14720
-2668
-3437
-12036
-14945
-5678
8760
16351
13584
8275
9010
16276
23724
25614
21479
15973
13627
14547
15561
14031
9402
2767
-3210
-6032
-5706
-5765
-10298
-19276
-26893
-27134
-21157
-16771
-19601
-26457
-28763
-22126
-11347
-5082
-6151
-8583
-5417
3066
10537
12568
11162
11405
15130
19424
21259
21110
21090
21169
19813
17294
15967
16523
16649
14356
10144
5117
-682
-6076
-8229
-6438
-5367
-10625
-20840
-27306
-23399
-13231
-8054
-13630
-22658
-23005
-12103
44
2811
-3302
-8300
-3992
7591
17034
17890
12754
9189
11688
18192
22822
21392
15214
9489
7933
9628
10512
7328
393
-6547
-9628
-8561
-7175
-9879
-16938
-23671
-25138
-21429
-17366
-17193
-20194
-21839
-18899
-12658
-6907
-3813
-2419
-525
2918
7089
10438
12132
12674
13222
14396
15864
16908
17237
16814
15560
13692
12065
11588
11947
11755
10208
7599
4193
-232
-4871
-7368
-6414
-4786
-7344
-14770
-21181
-20044
-12275
-6027
-7792
-14670
-17376
-10909
-465
4641
1309
-4402
-4208
3818
13432
16881
12938
7652
7417
12598
18066
18445
13146
6761
4133
5665
7768
6723
1549
-5359
-9855
-9571
-6547
-5836
-10685
-18659
-23318
-20927
-14669
-11159
-13541
-18434
-19347
-13432
-4808
9
-802
-3067
-1692
3999
9851
11429
8739
6032
6838
10407
13204
13009
10789
8924
8534
8987
9414
9665
9522
8958
8740
8989
7563
2347
-4009
-5233
140
4117
-1573
-13540
-19851
-13847
-2033
2182
-6952
-18892
-18519
-5599
5346
3860
-5918
-12121
-7132
5281
13594
11457
4400
1377
5066
12374
17621
15817
8482
3567
5347
9759
11090
7828
1780
-3790
-5798
-3949
-1848
-3817
-10137
-16726
-19633
-18200
-14420
-11763
-13288
-17956
-20468
-16689
-8269
-1647
-1947
-6549
-7275
-711
7298
9430
5437
1822
4058
10174
13529
11922
9367
9184
10342
11168
11716
12451
12950
12399
11515
12556
14955
12511
1997
-7611
-4306
7815
10333
-4959
-23815
-26027
-9370
7070
3061
-18144
-31321
-20188
1866
10193
-1348
-17215
-19251
-3768
14580
18168
7275
-2247
-517
9403
19946
23011
14840
3784
2174
9708
15465
13096
5126
-2988
-6892
-5082
-1272
-1899
-8559
-16097
-20096
-21192
-20201
-16651
-13495
-15676
-21791
-24018
-17235
-5289
1508
-2710
-10264
-8229
3743
13141
11499
4013
1859
8648
16441
16763
12034
10240
12625
14094
12883
12250
13990
15343
13356
10570
12184
16727
13715
-958
-13204
-6410
10655
11937
-8764
-30019
-28084
-5333
12032
3293
-21986
-32569
-14796
9425
12855
-4056
-19652
-16658
2511
18611
16499
3261
-3687
709
10418
19113
20098
10574
227
820
9328
13818
9670
1117
-6224
-8253
-4357
-118
-2583
-10832
-17013
-17941
-17108
-16037
-13512
-12201
-15475
-19974
-19453
-12258
-2730
1327
-3579
-9400
-5448
5930
12653
9337
2727
2251
9145
15604
15153
11008
9879
11833
12644
11792
11792
13010
13019
10583
8511
10472
14040
10606
-2455
-12960
-7093
8126
9586
-9978
-29687
-26944
-5121
10772
1621
-22618
-31741
-13165
10480
12427
-4766
-18436
-13737
4748
19055
16164
3471
-2350
2505
11225
18803
19909
10732
-283
-720
7549
12916
9813
530
-8906
-11183
-4706
1787
-1346
-12052
-19211
-17538
-13123
-12171
-13313
-13871
-14583
-15296
-14209
-10537
-4486
527
-861
-5860
-4160
5300
11753
9431
3856
2664
7748
13909
14062
8948
6394
9371
12320
11040
8305
8324
10566
11075
8911
7685
9675
9898
1931
-9391
-9616
3489
10890
-1945
-22253
-26302
-9471
9345
7977
-13676
-29431
-18193
6113
14077
336
-15465
-16094
-1002
15196
16298
4202
-3998
-734
7487
15186
18140
11024
-534
-2850
5358
12285
10525
2027
-7079
-9766
-3893
2870
874
-9066
-16469
-15106
-10490
-10102
-12966
-14433
-13740
-12549
-12079
-11926
-8944
-2917
-550
-4294
-5783
177
7145
8360
5177
2766
5268
11299
13527
9324
6263
9493
13731
13026
9503
8452
11299
14179
12674
8524
8185
11855
9893
-2059
-11199
-4069
9454
7476
-11552
-26449
-21033
-1498
10270
-1524
-24613
-29250
-8818
10429
7584
-8854
-18866
-12207
5442
16425
10536
-1210
-3796
2615
11394
18169
16407
5239
-2457
2505
11688
13499
7003
-2272
-7709
-5224
1253
2452
-4909
-13919
-15942
-11445
-8864
-12032
-15972
-16438
-14424
-11864
-10743
-11417
-9965
-5041
-2118
-2813
-1738
2285
5164
6238
7130
8075
9577
11126
10490
9322
11395
14466
13638
10200
9100
11554
14420
13579
9089
6544
9588
12078
5053
-7960
-11592
-342
9326
827
-18657
-27626
-16522
2771
8029
-9092
-28456
-24398
-1762
11925
4385
-11460
-17706
-7143
10899
17689
8088
-2505
-1863
6312
14916
18648
12379
1202
-1369
6545
12831
10260
2379
-4854
-6894
-2958
1252
-1080
-9146
-15253
-14239
-9607
-8536
-12497
-16815
-17535
-14211
-9274
-7460
-10124
-11465
-7102
-1188
1527
1712
1297
2164
6332
10997
11382
8792
7981
9662
12322
14344
13661
10779
9679
11671
13367
12476
10066
8296
8206
9220
8685
2610
-7587
-11187
-1993
6431
-1540
-18732
-26139
-17087
-285
6890
-7356
-27543
-24958
-1439
12870
5089
-10084
-16552
-7478
11507
20764
10061
-3211
-1551
8829
16507
18344
11811
932
-704
8379
13308
7668
-373
-4603
-5309
-3621
-1922
-3873
-9669
-14584
-14113
-10579
-10090
-13387
-16075
-16516
-14892
-10665
-7368
-9022
-10920
-6581
160
3089
3235
3482
4445
7829
12705
13526
9630
7653
10780
14847
15204
11656
8248
8902
11865
11984
8405
5227
5066
6471
6564
5094
2108
-4899
-12540
-9477
2296
3589
-10520
-22745
-21147
-8239
6113
5056
-14953
-26660
-10355
11382
12058
-973
-10330
-10169
2060
17989
17583
2122
-4043
4634
12122
13880
13168
6508
-1531
714
8400
7984
1013
-3714
-5355
-5805
-4725
-4153
-6937
-11356
-13242
-11870
-9926
-9412
-10732
-13837
-16216
-13156
-5776
-2264
-5817
-9337
-6170
2059
8914
9001
3347
1150
7792
15333
14155
7713
5078
8206
12279
12329
8028
4945
6986
9642
7530
3525
3068
5440
6109
3896
2071
1334
-3457
-10650
-8480
2495
4361
-8082
-19580
-18903
-6648
8322
7412
-13482
-25400
-8488
13074
12849
-764
-10549
-10630
2003
17835
15957
-207
-4955
4386
10344
11510
12667
6904
-2664
-1676
6638
7711
2133
-2239
-5558
-8077
-5957
-1483
-2670
-10095
-15147
-12787
-8072
-6621
-8446
-12453
-16049
-13272
-4303
656
-3199
-8142
-6314
1324
8852
10273
5002
984
5503
13386
14458
8862
4952
6199
9589
10967
8521
4861
4506
6404
5772
2987
2346
3453
2758
637
1148
2643
-2639
-12436
-11697
818
5977
-4132
-16455
-19313
-9576
7501
11773
-6652
-21797
-9591
11367
14495
4142
-5229
-8566
-473
14928
17364
3820
-3232
2767
7350
8874
11837
7731
-2988
-4796
2703
5202
661
-4017
-7794
-10150
-7911
-3622
-4310
-10294
-14225
-12234
-8357
-6452
-6339
-8640
-12640
-11568
-2919
3832
1416
-4116
-4599
1351
10290
14234
7949
415
3702
13137
15585
9489
3129
2454
6850
10327
7158
1030
384
4165
3882
-627
-2272
232
2164
1228
-319
-448
-2543
-8454
-9173
408
6512
-1192
-12260
-14900
-7192
7683
14627
252
-16942
-9938
10857
17479
7785
-4155
-10312
-4168
12069
18132
4770
-7773
-5029
2766
7815
10204
3464
-9560
-10825
752
6517
586
-7247
-11193
-9881
-3676
787
-2757
-10230
-12306
-6889
-1119
-1127
-4520
-6501
-6391
-3921
988
3615
689
-2585
-1245
2277
5659
8304
6790
1499
435
5735
9103
6407
2157
157
964
3859
5257
2837
8
-351
235
1019
2608
3192
2033
1304
3076
4863
898
-6661
-5262
5910
9299
-1168
-11482
-11528
-1737
11797
12489
-5838
-18012
-4628
13470
12471
-115
-9786
-12054
-2234
12784
11459
-5577
-12079
-2736
4732
6364
5830
-1852
-10413
-5390
5755
5735
-2078
-5911
-5494
-3784
-121
2125
-1386
-6683
-6456
-1952
184
-1134
-2568
-3653
-4758
-3490
-30
1140
-1343
-3539
-3076
-899
2403
4489
1771
-2563
-1043
4452
5605
1723
-1209
-287
2938
4916
3059
-30
624
3925
4885
2998
2040
3625
5919
6296
5220
5743
5175
-1246
-5704
1902
10820
5730
-6758
-12493
-8073
4289
13392
3298
-16168
-16308
2200
11558
3362
-8172
-13929
-9899
3474
10774
1125
-9496
-6120
1555
4406
6099
4288
-3489
-6085
1544
7423
4769
-74
-2854
-3457
-365
4280
4014
-2098
-6939
-5223
-276
1534
-1181
-5438
-8081
-6807
-2346
-235
-3489
-7048
-6028
-2924
-1109
-67
78
-1116
-938
1763
3404
2545
2110
3110
3922
4226
4197
3477
3674
5708
6538
4495
3050
4478
6376
6849
6157
5400
5041
2042
-3980
-4204
4525
8576
-212
-11062
-13067
-5493
6725
9878
-4489
-18479
-11281
5278
8840
407
-8091
-12247
-7016
6264
10899
521
-7252
-3028
2641
5458
8030
4555
-4202
-4698
3835
7191
2376
-1924
-3064
-2942
-858
1831
469
-4547
-6924
-4429
-2014
-2449
-3259
-4019
-6217
-7670
-5710
-2316
-819
-2027
-4602
-5650
-2169
3966
6158
1938
-2233
-354
5150
8011
5647
872
-492
3335
6775
5114
1848
1870
3804
3954
2574
2162
3519
5199
5060
3454
3278
2856
-1615
-4337
1852
8130
3052
-7172
-10606
-4759
6171
11112
420
-13895
-10973
3966
9802
2931
-6379
-12221
-9034
3300
9771
1142
-8237
-6699
-1512
2394
6533
4335
-5253
-8251
-215
6054
4494
397
-3296
-4889
-1127
4851
4928
-1698
-6688
-4499
839
2698
322
-3326
-5579
-4938
-2413
-1268
-2329
-3485
-3822
-3740
-2740
-164
2308
1941
-956
-2200
618
4452
4660
1200
-1354
-162
2653
4148
3834
2354
974
1298
3161
4605
4960
5051
4718
3947
5192
7278
3612
-3339
-1409
7991
9094
-219
-7999
-7828
71
10291
8237
-8175
-16883
-5812
7153
6113
-3756
-13339
-15679
-5058
8091
5197
-8214
-11806
-5374
405
5427
7200
-841
-8367
-2312
8174
9196
3969
-251
-2140
-26
5733
7829
2120
-4636
-4313
803
2833
146
-3071
-5022
-5823
-4556
-3043
-4481
-6402
-4891
-3003
-4087
-4393
-1488
389
-581
-884
259
1304
2626
3713
2381
472
1519
4206
5079
4032
2790
2285
3272
5084
5865
5233
4746
5031
5936
7687
6832
148
-4649
1622
10125
6990
-3909
-10761
-8791
1815
10888
3045
-14854
-17468
-2652
7488
3100
-7187
-15329
-14180
-951
9677
2860
-9609
-9968
-2571
3698
9022
7728
-2973
-7544
2318
11260
8799
2560
-1307
-2560
1014
6879
6142
-1934
-6942
-3722
815
584
-2144
-4494
-6229
-5681
-2551
-1859
-5661
-7547
-3621
109
-1064
-3073
-3128
-2169
1091
5312
3976
-1366
-1911
2664
5426
4407
1713
-971
-542
3676
6171
3484
667
2020
4284
4716
5469
6549
6014
5737
5113
322
-2972
3621
10975
5788
-5536
-9746
-5445
3117
8761
1731
-12803
-15447
-3299
5699
2271
-6556
-13637
-13551
-2944
7431
3643
-7186
-9266
-3684
2504
8273
8011
-1390
-6831
638
9383
9014
3877
-524
-2472
587
6350
6764
196
-5085
-3674
271
1493
-119
-3170
-5858
-5189
-2283
-1800
-3893
-4959
-4510
-3403
-1387
121
-981
-3086
-2251
1391
3356
1528
-1253
-1918
491
3930
3463
-1219
-2897
1171
4818
4448
2382
953
1673
5041
7540
6586
4555
5018
7054
5456
-257
-1324
5757
9585
3051
-6076
-9068
-4255
5439
8153
-3933
-16843
-12864
400
4882
-1525
-10056
-14944
-10807
1480
7618
-512
-9316
-7360
-851
4876
9182
5622
-4105
-5140
4696
10984
8265
2960
-893
-1351
3398
8440
6187
-1535
-5154
-1658
2356
2104
-879
-4310
-5930
-3516
-331
-1601
-5345
-6013
-3448
-1015
-610
-2113
-3984
-3749
-486
2535
1053
-3038
-3669
-434
2330
2114
-561
-2938
-1090
3770
5783
3325
1056
2306
5472
7623
7699
6396
5640
7543
8636
3485
-1997
2532
10258
7387
-2563
-8692
-8284
-1362
6776
2413
-13231
-19293
-8556
2234
1167
-7118
-15198
-16441
-6416
5580
4384
-6001
-9447
-4159
2453
8307
9171
1311
-4308
1883
10500
11066
6849
2968
810
2625
7176
8220
3491
-1559
-1906
729
1979
853
-1653
-4530
-5156
-2812
-1573
-3652
-6071
-6144
-4252
-2323
-2663
-4929
-6103
-4324
-960
441
-1709
-4065
-2672
1034
3164
2149
-440
-749
2860
6797
7254
5187
3979
5634
8632
9839
8758
7302
7230
7997
5588
-348
-1388
5299
7922
276
-9341
-12729
-7908
2121
4006
-9241
-21300
-15756
-2389
2002
-4044
-12766
-16930
-10311
2938
7662
-394
-6885
-3896
1828
7179
11750
8458
-346
-354
8706
13298
10455
6127
2018
275
4424
9557
6738
-1892
-5657
-1886
1783
858
-2592
-6498
-8229
-5469
-2470
-4463
-8067
-8232
-6112
-4291
-3495
-4401
-5848
-5235
-2528
-297
-4
-704
-712
881
3403
4620
3237
2029
3979
7125
8187
7360
6067
5648
7530
9888
9369
6778
5793
6772
5447
75
-2981
1077
4666
238
-7584
-11856
-10565
-3528
1828
-4541
-16130
-16883
-7143
10
-926
-6763
-12785
-11897
-1488
7721
5016
-2608
-3727
350
5569
11619
11941
3528
-1152
5189
11935
11409
7537
2907
-642
1641
7399
7109
-285
-5348
-3601
-357
-85
-2087
-5652
-8774
-7778
-4488
-4628
-7983
-9330
-6991
-4118
-3781
-5537
-6682
-5187
-1305
1656
304
-2263
-495
4084
6107
4917
3070
2864
5503
8956
9351
6665
5071
6598
8752
8859
7861
6766
5771
4908
2122
-2740
-3296
2177
3420
-3770
-11074
-12089
-7693
-766
398
-8653
-16890
-13002
-3138
1337
-1446
-7687
-11972
-7783
3139
8528
3329
-2244
-1285
2569
7768
12711
9814
1366
370
7212
10760
9142
6035
1303
-1908
1582
6751
4816
-2262
-6060
-4602
-1713
-498
-2616
-7740
-10843
-8180
-3805
-3812
-7715
-10047
-7790
-3573
-1661
-3120
-5799
-5261
136
4639
2923
-288
683
4236
6741
6800
4459
2991
5263
8736
9041
6659
5315
6050
6728
7258
7766
6487
3530
265
-3417
-3751
1863
4219
-3154
-11618
-12592
-7450
-4
1702
-7397
-16612
-13006
-2680
2125
-340
-5807
-10530
-8219
2267
9572
5289
-1616
-1500
2250
6728
12150
11285
2275
-1722
4609
10239
9239
5476
636
-3068
-616
5201
5012
-2084
-7049
-5612
-2528
-1643
-2712
-6315
-10407
-9239
-4481
-3975
-7074
-7386
-5726
-4881
-3439
-1903
-2125
-1955
285
2087
2155
2239
3489
4514
4519
4834
5688
5895
6172
7022
6806
6102
6820
7417
6218
5257
5635
5883
3815
-1305
-5271
-2692
2506
1908
-4762
-11537
-12631
-5618
2476
163
-10224
-14816
-9057
-994
2414
-142
-6676
-10453
-4685
5790
8804
3441
-1053
-1296
2108
9535
13862
7428
-1406
-740
5711
8832
7405
2965
-2441
-3604
1151
4789
1373
-5077
-7307
-5052
-2528
-1881
-4248
-8816
-10157
-6001
-2612
-4070
-6762
-7096
-4993
-1503
627
-367
-2169
-1287
2174
4877
4569
2931
2376
3576
6075
7786
6760
4906
4969
6113
6879
7056
6242
4839
4238
4977
4620
302
-4503
-2790
2095
1136
-4824
-9621
-10701
-5809
1522
242
-9414
-13428
-7337
-400
1327
-1128
-5966
-8544
-3266
5790
7733
2420
-884
-62
2541
7673
10991
5987
-571
434
4832
6011
5061
2582
-1811
-3789
-681
2484
545
-3957
-6404
-6320
-4949
-2790
-2811
-6535
-9066
-6382
-2822
-2751
-4050
-4523
-4204
-1929
1631
2067
-231
-32
3076
4725
4338
3985
3845
4041
5446
6469
5115
3871
5099
6306
5227
4472
4785
4326
3896
3418
-336
-4033
-1253
3156
1259
-4560
-8471
-8498
-3364
2186
-32
-7753
-10267
-5471
166
2132
5
-5049
-7570
-2517
4984
6062
2159
-549
-1467
824
7361
10236
4231
-1849
-866
2947
5058
4929
1135
-4422
-5421
-877
2162
-1028
-6529
-8354
-6309
-3641
-2625
-4727
-8106
-7454
-2935
-896
-2485
-3327
-2281
-412
1748
2557
1074
294
2627
5492
5380
3540
3149
4032
5089
6180
5934
3983
3527
5096
5482
4504
4409
4436
2157
-1750
-3124
-271
2245
557
-3835
-7958
-8334
-2667
2828
234
-6739
-8851
-5219
-190
2792
1213
-4115
-6518
-1710
4806
5810
2695
42
-1066
963
6071
7957
3617
-449
-168
1931
3531
3486
450
-3529
-4516
-2301
-457
-1795
-5195
-7713
-7689
-5255
-2906
-3726
-6534
-7146
-4731
-1926
-637
-1024
-1781
-994
1451
3438
3281
2493
3228
4686
5148
5112
5223
5201
5355
5531
4843
3994
4432
5272
4803
3542
2071
-199
-1655
-297
998
-868
-4044
-6329
-7088
-4664
-930
-1099
-4803
-6503
-4856
-2211
4
598
-1230
-3145
-1689
2069
4467
4656
3578
1423
749
3880
7155
5885
1857
-573
-65
2281
3590
1381
-2937
-5077
-3561
-1735
-2901
-5413
-6488
-6278
-5312
-4336
-4805
-5582
-4234
-2356
-2108
-2364
-1554
-97
1361
2066
1750
1464
2715
4882
5741
4715
4026
4721
5557
5862
5976
5096
3767
3953
4572
2766
11
-228
845
546
-1099
-3200
-5063
-4593
-2128
-1320
-3623
-5752
-5299
-3316
-1444
-440
-1323
-3193
-2797
328
2807
3032
1975
611
640
3035
5168
4258
1844
869
1586
2213
1798
599
-1223
-2984
-3265
-2396
-2326
-3288
-4242
-5076
-5141
-3716
-2026
-1892
-2770
-3045
-1883
158
1567
1550
945
903
1995
3525
3940
3290
2960
2984
2908
3118
3548
3195
2513
2075
1102
-381
-429
705
687
-920
-2668
-3675
-3042
-811
274
-1369
-3259
-2940
-1226
508
1320
425
-1277
-1086
1028
2654
2631
1658
192
-541
577
2275
2280
763
-718
-1293
-1169
-841
-820
-1389
-2306
-2949
-2949
-2402
-1759
-1649
-2157
-2485
-1870
-644
279
545
394
375
1139
2669
3740
3457
2912
3333
4130
4005
3414
3295
3325
2757
2144
1893
1080
-614
-1770
-2041
-2318
-2649
-3327
-5198
-6810
-5658
-3449
-3106
-4242
-4650
-3756
-1837
120
825
216
0
1445
3594
4461
3978
3442
3645
4208
4532
3752
2423
1601
1413
927
-194
-1218
-1480
-1682
-2862
-4209
-4457
-3603
-2921
-3373
-4786
-5164
-3300
-724
152
-447
-573
704
2930
4848
5167
4151
3771
4696
5964
6548
6086
4776
4061
4192
3701
2150
774
-57
-614
-1205
-2735
-5077
-6905
-7764
-7295
-4917
-3268
-4699
-7215
-7987
-5831
-803
2550
-3
-4244
-3818
600
4652
5265
2217
-1028
-369
3546
6055
4472
1645
685
859
1396
2372
1839
-263
-1113
-864
-1400
-1499
-357
66
-687
-1157
-815
-284
536
1490
1720
1016
873
1601
2120
2295
2742
2688
1786
1252
1722
2200
1753
878
12
-682
-751
-163
-641
-2009
-2516
-2021
-1736
-1430
-1181
-1391
-1552
-1097
-578
-505
-733
-747
-546
-307
-169
-141
-294
-503
-1060
-1696
-1775
-1331
-1151
-1551
-2559
-3246
-2768
-1755
-1393
-1631
-2215
-2536
-1665
114
1240
1249
1048
1458
2560
3912
4707
4393
3685
3826
4436
4583
4440
4344
3857
3312
2962
2529
1737
876
-102
-857
-1212
-1720
-2737
-3865
-4293
-3804
-3240
-3598
-4243
-4179
-3088
-1776
-1372
-1779
-1423
-38
892
1001
974
1186
1640
2313
2126
947
278
1030
1697
1074
-288
-1391
-1724
-1044
-395
-1238
-3143
-3754
-2536
-1420
-1530
-1846
-1640
-1087
-179
657
830
921
1763
2839
3011
2464
2653
3769
4460
4119
3373
2570
2630
3234
2567
663
-345
-376
-263
-701
-2153
-3438
-3092
-2157
-1865
-2021
-2402
-2343
-1456
-569
-310
-461
-654
-395
217
544
686
433
-629
-1295
-663
-9
-295
-1098
-2285
-2867
-1982
-839
-1162
-2283
-2742
-1764
-287
214
-215
-302
429
1650
2570
2642
2421
2774
3607
4194
3951
3363
3342
3762
3926
3648
2686
1474
1344
1658
557
-1280
-1979
-2123
-2545
-3166
-4043
-4879
-4693
-3934
-3568
-3553
-3194
-2327
-1457
-1092
-1067
-628
299
1167
1564
1593
1392
1319
1789
2390
2296
1536
766
209
262
829
866
-172
-1173
-1328
-806
-397
-649
-1492
-1972
-1587
-714
-445
-740
-833
-378
365
911
819
599
1225
2104
2404
2435
2548
2549
2878
3304
2786
1836
1614
1680
1151
428
-330
-1023
-1083
-855
-1464
-2212
-1927
-1248
-1411
-1967
-2283
-2267
-1927
-1645
-1990
-2567
-2541
-2105
-1929
-1846
-1603
-1385
-1342
-1122
-833
-452
80
588
532
356
599
1211
1635
1852
1844
1810
1964
2402
2759
2864
2739
2491
2326
2176
1979
1823
1794
1636
1424
1062
600
204
-89
-671
-1382
-1799
-2001
-2386
-2805
-3098
-3202
-2870
-2315
-2145
-2238
-1922
-1235
-528
-32
82
-76
-25
578
1215
1156
786
711
701
643
993
1143
496
-157
-11
121
-289
-665
-702
-838
-928
-602
-350
-620
-679
-55
355
391
621
974
1112
1395
1759
2007
2370
2918
2991
2499
2246
2637
2696
2079
1275
505
-97
-155
-288
-1168
-2030
-2298
-2244
-2208
-2412
-2987
-3056
-2480
-2073
-2265
-2595
-2678
-2196
-1569
-1528
-1895
-2014
-1688
-1186
-925
-973
-1013
-854
-428
92
316
297
525
891
1241
1607
1877
1949
2127
2492
2795
2861
2653
2565
2823
3121
3058
2820
2655
2768
2955
2795
2169
1524
1188
1062
696
-329
-1626
-2194
-1887
-1898
-2550
-3173
-3339
-3170
-2624
-2260
-2386
-2576
-2332
-1743
-1214
-1126
-1351
-1457
-1276
-742
-303
-583
-1192
-1227
-705
-210
-164
-587
-796
-255
564
886
614
307
643
1439
1844
1547
1079
1122
1667
2070
1792
1305
1185
1532
1982
2136
1771
1425
1554
1864
1802
1314
592
151
171
169
-495
-1347
-1556
-1155
-887
-1048
-1475
-1691
-1234
-470
-273
-653
-877
-719
-430
-309
-569
-984
-1058
-977
-1075
-1371
-1711
-1959
-1883
-1560
-1337
-1417
-1549
-1329
-856
-464
-183
22
-57
-10
556
1069
1093
1081
1265
1473
1970
2491
2514
2365
2824
3465
3557
3137
2780
2591
2514
2320
1663
639
20
105
-28
-695
-1297
-1666
-1996
-1929
-1617
-1867
-2420
-2460
-2257
-2301
-2241
-2097
-2312
-2509
-2347
-2193
-2250
-2081
-1843
-1718
-1536
-1070
-553
-152
332
787
1091
1444
1990
2161
2158
2466
2858
2659
2296
2184
2224
2228
2167
1794
1224
1050
1247
1272
969
659
323
-28
-387
-528
-724
-1030
-1289
-1329
-1580
-1778
-1517
-1193
-1259
-1237
-868
-563
-414
-309
-116
217
558
517
28
-550
-568
-177
-255
-974
-1603
-1832
-1793
-1566
-1495
-1725
-1858
-1643
-1203
-810
-643
-611
-352
193
719
797
621
757
1335
1879
2126
2041
1794
2007
2691
3136
3023
2763
2439
2272
2392
2485
2125
1464
897
672
678
568
227
-327
-734
-725
-502
-676
-1177
-1535
-1466
-1237
-1293
-1716
-2198
-2518
-2501
-2191
-2294
-3045
-3604
-3427
-3027
-2706
-2611
-2878
-2990
-2196
-1059
-535
-536
-306
403
1295
1984
2183
2081
2307
3135
3811
3634
3120
3111
3575
3822
3541
2862
2309
2071
1854
1186
168
-505
-607
-699
-1422
-2236
-2398
-1973
-1730
-1931
-2195
-2000
-1266
-647
-523
-522
-183
302
652
714
646
759
1070
1169
854
394
179
228
161
-283
-893
-1350
-1507
-1400
-1300
-1584
-2006
-1990
-1604
-1411
-1507
-1611
-1557
-1285
-884
-531
-296
54
483
901
1244
1637
2046
2275
2138
1835
1795
2127
2467
2244
1650
1316
1466
1670
1616
1361
1003
726
622
463
37
-267
-283
-509
-1134
-1545
-1503
-1527
-1750
-1922
-2085
-2320
-2303
-2006
-1833
-1890
-1905
-1728
-1412
-948
-584
-508
-478
-114
503
877
867
746
766
969
1354
1734
1789
1602
1624
1907
2131
2089
1874
1560
1311
1241
1184
913
486
154
-85
-205
-291
-459
-824
-1125
-1254
-1373
-1485
-1562
-1661
-1743
-1692
-1703
-1720
-1478
-1149
-1038
-1005
-843
-591
-255
100
337
367
519
966
1389
1465
1371
1390
1424
1474
1502
1251
668
281
171
-84
-541
-924
-1220
-1489
-1542
-1473
-1458
-1461
-1312
-1152
-1025
-766
-290
127
346
601
916
1199
1576
2100
2377
2394
2441
2548
2498
2368
2208
1882
1389
944
610
209
-329
-918
-1446
-1844
-2068
-2257
-2544
-2798
-2870
-2799
-2624
-2323
-1995
-1717
-1456
-1132
-758
-274
263
575
626
724
1103
1601
1810
1605
1381
1470
1722
1854
1663
1120
672
660
732
449
-121
-660
-922
-810
-579
-685
-1144
-1465
-1262
-806
-399
-132
-134
-300
-108
482
883
840
651
539
508
642
834
635
26
-314
-141
26
-64
-209
-445
-667
-505
-97
-42
-319
-489
-396
-103
177
186
-25
-69
245
684
758
425
255
516
846
778
397
58
32
185
204
-175
-776
-1021
-830
-786
-1094
-1259
-1154
-1070
-1054
-944
-827
-643
-370
-178
-168
-43
305
663
860
818
601
519
875
1281
1204
686
354
478
901
1143
862
283
87
482
853
729
238
-169
-173
140
166
-296
-732
-691
-393
-237
-411
-677
-726
-483
-245
-371
-614
-594
-410
-343
-371
-472
-594
-473
-158
-84
-293
-366
-225
-55
65
101
-18
-134
1
249
343
245
150
111
145
265
316
147
-108
-177
-57
53
66
-47
-227
-176
188
490
401
215
256
531
817
918
719
482
577
874
897
654
491
477
536
533
346
-23
-247
-241
-249
-508
-853
-1046
-1064
-1031
-1070
-1217
-1345
-1292
-1120
-974
-907
-878
-827
-630
-344
-180
-174
-125
56
313
528
578
428
361
618
949
937
695
642
796
928
1004
1016
856
675
679
785
792
691
547
369
261
347
461
318
3
-201
-223
-190
-239
-457
-784
-969
-889
-708
-704
-852
-934
-840
-636
-438
-403
-562
-622
-392
-97
-4
-31
-53
-96
-92
54
141
-31
-307
-452
-462
-405
-387
-494
-661
-637
-395
-200
-205
-215
-50
231
526
743
828
893
1136
1449
1588
1587
1648
1719
1662
1516
1394
1268
1076
796
413
32
-235
-454
-795
-1246
-1619
-1774
-1739
-1661
-1758
-2009
-2057
-1703
-1268
-1116
-1162
-1101
-786
-298
130
262
251
471
888
1130
1083
981
965
999
1022
946
712
503
530
607
493
222
35
-32
-19
15
-10
-118
-215
-134
51
190
222
227
280
441
659
758
716
688
761
834
801
664
427
206
147
155
-20
-391
-687
-735
-667
-724
-995
-1299
-1425
-1355
-1298
-1421
-1629
-1699
-1539
-1349
-1324
-1400
-1361
-1163
-909
-714
-591
-508
-388
-149
188
502
684
753
824
1047
1424
1775
1867
1803
1843
2070
2308
2430
2376
2166
1998
1972
1945
1772
1482
1094
688
400
206
-129
-639
-1128
-1490
-1725
-1872
-2035
-2287
-2480
-2459
-2282
-2129
-2047
-1959
-1765
-1450
-1133
-884
-653
-374
-141
33
299
608
733
673
680
793
901
948
822
535
359
456
493
232
-44
-113
-86
-81
-104
-201
-253
-61
242
354
301
364
620
903
1095
1139
1055
1035
1222
1436
1420
1205
1003
899
835
776
626
337
27
-153
-233
-350
-555
-829
-1085
-1250
-1332
-1437
-1553
-1627
-1671
-1720
-1767
-1745
-1638
-1481
-1386
-1402
-1387
-1154
-776
-517
-460
-449
-250
133
464
578
581
687
940
1187
1317
1377
1429
1505
1624
1748
1800
1760
1722
1737
1702
1614
1512
1355
1123
963
860
638
295
13
-181
-365
-539
-753
-1081
-1411
-1517
-1489
-1533
-1698
-1920
-2071
-1991
-1713
-1541
-1626
-1710
-1487
-1078
-791
-678
-595
-392
-62
294
501
523
591
849
1133
1233
1193
1140
1161
1250
1286
1162
1012
979
956
826
657
522
384
311
310
261
114
16
7
6
23
34
-31
-121
-64
78
121
75
67
93
99
132
167
82
-89
-156
-139
-224
-447
-669
-767
-800
-855
-1018
-1262
-1406
-1343
-1265
-1386
-1611
-1694
-1539
-1295
-1124
-1109
-1119
-903
-391
72
221
221
388
815
1274
1539
1531
1491
1677
2019
2227
2182
2041
1950
1940
1930
1841
1615
1309
1064
904
748
509
217
-74
-304
-447
-543
-738
-1039
-1244
-1263
-1234
-1317
-1479
-1587
-1549
-1424
-1344
-1397
-1483
-1435
-1250
-1078
-1021
-1032
-1011
-874
-655
-441
-325
-240
-97
104
297
445
583
698
806
904
1008
1100
1154
1161
1143
1139
1120
1073
1019
932
820
716
647
569
427
249
126
91
67
-3
-150
-261
-262
-208
-166
-196
-239
-223
-141
-30
63
81
48
36
88
152
138
39
-86
-160
-190
-228
-332
-480
-633
-780
-873
-880
-885
-999
-1166
-1235
-1138
-1002
-958
-998
-1007
-860
-579
-326
-222
-181
-21
286
602
777
838
893
1042
1269
1430
1425
1352
1367
1432
1424
1320
1218
1140
1034
847
651
521
445
331
120
-114
-264
-309
-365
-533
-766
-921
-969
-1002
-1087
-1192
-1229
-1187
-1156
-1184
-1201
-1113
-946
-819
-780
-756
-646
-440
-206
-42
23
67
206
442
639
691
651
668
777
895
914
824
706
658
702
700
543
298
157
173
208
131
-41
-181
-204
-121
-32
-26
-89
-108
-19
130
226
251
252
275
348
445
510
526
505
470
411
341
275
206
117
-2
-149
-315
-435
-505
-577
-718
-911
-1049
-1075
-1058
-1091
-1164
-1195
-1149
-1069
-978
-869
-738
-600
-445
-266
-49
173
367
505
612
733
885
1023
1064
1044
1021
1030
1027
997
939
870
774
644
512
395
304
203
60
-130
-290
-349
-330
-343
-445
-575
-642
-585
-465
-400
-421
-460
-439
-330
-182
-63
-23
-41
-54
-28
59
169
216
136
-1
-62
18
153
155
-23
-222
-258
-128
7
-28
-211
-344
-256
-39
76
-17
-161
-156
17
211
257
161
81
155
344
476
425
278
213
293
416
414
266
109
76
160
218
158
20
-63
-36
33
52
-24
-121
-149
-89
-39
-79
-179
-235
-207
-160
-175
-284
-400
-438
-410
-416
-497
-601
-655
-629
-577
-538
-517
-480
-427
-347
-226
-79
54
148
232
338
483
635
762
833
859
876
912
970
976
893
753
619
533
467
365
191
-19
-177
-258
-320
-430
-583
-711
-768
-764
-739
-741
-760
-746
-664
-538
-425
-337
-249
-147
-31
111
257
352
384
400
462
563
615
569
469
392
392
404
330
158
-13
-76
-46
-59
-183
-340
-393
-311
-230
-269
-385
-416
-303
-155
-100
-124
-116
-1
158
261
273
251
287
371
418
370
292
267
275
242
153
71
23
-17
-77
-150
-212
-245
-269
-306
-364
-394
-380
-359
-373
-407
-393
-329
-267
-226
-190
-152
-104
-44
32
97
133
133
147
207
292
355
355
321
297
324
372
389
333
241
184
206
256
244
157
74
46
47
27
-37
-116
-186
-224
-236
-234
-275
-336
-352
-310
-247
-242
-296
-324
-237
-102
-33
-84
-158
-102
68
197
165
46
13
114
238
252
156
71
79
125
139
114
72
27
-8
-16
18
38
-22
-112
-125
-47
16
-16
-84
-83
-11
47
52
34
38
85
116
120
132
194
246
187
80
58
144
191
101
-47
-84
-13
43
18
-73
-136
-119
-57
-54
-109
-150
-134
-105
-109
-120
-123
-111
-90
-80
-85
-110
-126
-123
-98
-94
-105
-104
-111
-101
-61
-9
6
-24
-62
-55
16
79
65
12
10
77
144
159
130
115
132
154
147
129
117
110
99
77
55
41
35
16
-9
-18
-29
-45
-43
-29
-15
0
14
32
57
87
113
134
143
129
106
100
111
106
45
-50
-107
-79
-47
-117
-264
-351
-308
-223
-239
-369
-486
-461
-315
-211
-254
-367
-374
-195
37
119
31
-37
75
313
483
455
325
296
428
578
608
509
385
334
364
397
367
266
124
40
47
59
10
-99
-184
-212
-203
-228
-284
-325
-317
-293
-300
-332
-337
-278
-221
-211
-235
-233
-184
-123
-88
-85
-83
-71
-32
15
29
8
2
35
63
58
42
49
75
88
70
60
66
82
102
117
109
92
104
148
192
189
157
145
167
207
222
203
173
151
155
177
193
170
124
101
107
104
72
21
-2
-7
-36
-103
-150
-137
-120
-160
-257
-321
-319
-274
-287
-359
-432
-440
-378
-318
-306
-330
-322
-266
-215
-199
-192
-168
-125
-92
-75
-61
-22
49
115
132
129
160
228
312
349
319
286
308
392
464
454
370
332
372
423
438
402
335
277
261
291
315
271
173
80
30
24
22
-37
-146
-249
-279
-254
-256
-343
-453
-497
-481
-461
-481
-522
-542
-523
-496
-451
-405
-383
-374
-343
-259
-172
-120
-89
-34
49
121
153
173
228
303
373
396
360
334
373
451
473
390
272
222
275
317
252
108
3
9
75
91
12
-77
-90
-38
-3
-12
-30
-15
12
2
-22
-3
74
131
103
24
-8
41
108
95
-12
-116
-147
-116
-99
-148
-248
-322
-320
-286
-285
-313
-356
-377
-355
-316
-278
-259
-232
-175
-81
7
66
108
175
285
404
470
451
417
479
609
664
576
437
403
483
527
417
212
60
44
69
16
-132
-304
-406
-427
-423
-481
-601
-709
-738
-693
-644
-629
-620
-581
-506
-415
-325
-236
-147
-49
37
101
175
279
400
479
484
462
488
555
611
574
458
363
349
370
348
261
151
75
38
8
-36
-83
-126
-173
-224
-243
-219
-162
-150
-193
-212
-144
-39
16
6
-31
-17
51
108
115
84
49
54
95
104
50
-34
-89
-101
-119
-172
-254
-313
-318
-290
-276
-307
-347
-328
-263
-225
-239
-243
-184
-91
-24
5
48
125
226
291
297
305
376
493
553
534
508
531
563
562
515
442
377
345
327
265
151
56
17
-15
-94
-198
-260
-310
-372
-447
-496
-516
-520
-541
-592
-611
-556
-471
-446
-486
-482
-366
-227
-173
-175
-118
16
136
179
161
162
225
301
331
299
248
221
238
275
295
257
151
68
78
147
162
78
-36
-74
-14
58
58
-22
-80
-43
51
107
91
53
50
94
154
198
198
160
144
173
221
221
156
77
35
28
26
-23
-112
-189
-227
-229
-235
-279
-335
-360
-357
-347
-347
-354
-360
-346
-320
-273
-224
-191
-162
-116
-32
53
122
162
197
240
294
355
393
402
402
419
442
453
425
382
350
318
278
224
159
101
51
3
-45
-111
-174
-225
-251
-282
-345
-410
-413
-362
-342
-372
-422
-433
-378
-313
-296
-312
-325
-290
-214
-145
-113
-86
-36
33
104
147
170
199
248
282
282
278
316
357
364
337
326
362
400
399
360
319
296
291
272
221
153
96
53
20
-6
-33
-60
-99
-148
-173
-171
-170
-193
-236
-260
-241
-202
-181
-199
-210
-198
-166
-153
-170
-180
-162
-141
-142
-154
-159
-134
-111
-124
-153
-155
-127
-95
-87
-100
-85
-40
-1
24
45
79
119
143
166
204
258
302
305
299
324
364
371
346
314
292
279
251
216
175
120
63
25
-5
-50
-96
-144
-187
-241
-290
-321
-328
-335
-370
-395
-395
-355
-314
-305
-315
-296
-236
-170
-119
-94
-62
-2
77
132
151
161
176
202
216
211
204
198
195
189
192
184
169
161
161
143
102
62
35
30
28
14
-8
-27
-28
-17
-16
-40
-67
-82
-76
-64
-59
-48
-49
-66
-70
-58
-50
-58
-86
-109
-87
-48
-39
-61
-82
-64
-19
7
-10
-51
-50
-4
46
59
27
-8
21
79
88
54
25
41
87
100
82
72
94
122
132
127
130
150
162
159
130
121
131
125
97
66
44
26
-8
-55
-79
-91
-110
-140
-166
-186
-202
-219
-227
-223
-219
-227
-241
-244
-227
-193
-168
-166
-163
-118
-38
41
78
64
71
126
201
238
228
201
211
265
304
289
245
211
188
179
148
92
43
6
-26
-54
-82
-113
-125
-135
-162
-179
-166
-143
-135
-148
-158
-134
-91
-63
-51
-43
-28
4
43
71
74
69
80
95
104
80
39
22
23
10
-9
-38
-72
-91
-107
-114
-109
-106
-111
-104
-85
-70
-50
-22
-2
11
27
46
69
87
101
131
166
174
154
146
165
185
175
127
91
97
111
96
53
17
13
11
-21
-72
-118
-137
-141
-143
-150
-167
-182
-188
-171
-152
-140
-150
-167
-157
-116
-86
-81
-86
-61
-17
3
-13
-29
0
41
71
72
67
74
112
150
150
121
99
109
121
109
73
60
68
75
60
46
44
49
58
44
24
5
5
2
1
5
21
32
19
3
5
36
38
-1
-53
-69
-41
-4
-4
-47
-83
-76
-25
14
-1
-47
-73
-55
-32
-35
-67
-82
-64
-34
-10
-9
-12
-11
5
24
16
1
-9
9
41
64
68
66
63
58
66
70
57
21
-13
-28
-17
-8
-8
-20
-33
-33
-17
1
-17
-72
-115
-104
-60
-41
-73
-111
-107
-64
-26
-20
-39
-40
-11
26
52
60
54
61
84
99
105
92
69
66
77
86
74
51
42
58
69
48
20
9
3
-16
-41
-57
-53
-46
-53
-57
-55
-50
-36
-17
-14
-27
-22
6
35
44
35
47
69
75
55
31
21
31
33
22
-2
-29
-45
-53
-47
-61
-85
-115
-132
-123
-115
-132
-159
-151
-123
-94
-89
-89
-65
-28
0
3
11
33
71
100
119
126
129
147
164
177
168
156
151
157
157
134
109
104
103
83
44
3
-16
-19
-32
-54
-66
-68
-69
-89
-104
-102
-96
-107
-132
-140
-116
-94
-94
-106
-99
-65
-36
-42
-73
-82
-49
-1
3
-26
-48
-31
-2
1
-14
-24
-17
-17
-25
-24
-8
6
10
11
15
22
29
36
37
29
26
44
66
67
53
53
64
66
58
47
58
75
75
65
72
86
101
99
63
51
68
88
77
44
11
13
26
19
8
-6
-21
-26
-21
-15
-12
-16
-24
-38
-44
-33
-33
-40
-47
-60
-66
-82
-98
-84
-66
-78
-97
-87
-49
-26
-47
-81
-75
-35
-21
-36
-46
-36
-12
17
40
67
76
61
55
67
84
84
73
54
44
41
45
48
35
24
17
31
30
7
-7
-9
-16
-36
-62
-70
-55
-47
-57
-50
-37
-34
-37
-45
-50
-39
-29
-36
-27
-18
6
6
-6
-2
20
29
15
10
15
37
47
45
33
21
6
-7
-2
0
-1
2
-10
-13
12
34
32
17
4
-5
-5
-9
-15
-14
-28
-25
3
34
27
8
2
17
33
19
-7
-14
7
29
41
27
11
1
14
16
10
-5
-18
-24
-17
6
10
-3
-10
12
27
16
-1
-14
-22
-20
-5
-3
-15
-34
-29
14
34
18
-7
-2
17
18
8
-10
-18
-4
15
28
29
13
-2
5
19
9
-10
-4
5
-11
-33
-30
-3
12
10
-1
-9
-17
-26
-20
-9
-18
-39
-34
-12
3
-3
-21
-28
-2
20
19
-8
-24
-9
22
29
-1
-20
-16
27
37
6
-30
-27
3
12
-8
-25
-10
9
19
6
-6
4
25
18
-8
-23
1
27
9
-29
-24
20
37
23
0
-7
-9
-3
-8
-10
9
22
16
3
17
35
44
29
10
-5
7
12
-4
-15
-31
-19
-2
-1
-15
-5
15
11
-18
-31
-18
-12
-22
-43
-47
-25
8
3
-28
-54
-53
-33
-28
-54
-61
-29
3
22
11
3
29
65
53
15
-4
13
32
22
18
38
74
85
62
42
60
72
44
18
9
5
5
6
-3
-6
-7
-7
-13
-23
-26
-32
-35
-23
-1
-8
-15
-19
-14
-4
-16
-37
-46
-34
-28
-37
-46
-29
-2
14
-4
-26
-23
-4
-5
-20
-23
-29
-31
-22
-18
-30
-27
-19
-11
-11
-7
6
16
19
25
63
57
40
43
58
45
22
26
35
49
44
40
41
72
77
56
38
42
54
49
28
-4
-7
0
22
40
38
-4
-25
-14
-13
-34
-51
-45
-35
-48
-61
-52
-33
-20
-30
-50
-67
-69
-54
-39
-57
-66
-33
-1