-2
4
7
1
4
3
3
-4
-6
-4
3
0
8
3
6
8
9
12
10
2
-1
1
-1
-2
-3
4
11
13
7
8
10
13
11
9
13
14
13
18
21
13
11
12
7
7
-2
-7
-11
-16
-13
-5
-6
-4
0
6
9
12
11
8
14
14
10
4
-1
-1
-1
-4
-6
7
12
5
-1
-5
-2
0
-9
-14
-13
-5
-10
-7
-5
-2
1
3
6
3
5
6
4
0
-1
0
8
14
3
-4
2
3
6
12
6
15
29
28
16
7
-3
-15
-21
-40
-41
-34
-39
-34
-43
-52
-48
-36
-35
-30
-25
-24
-19
-24
-38
-38
-21
-33
-33
-21
-27
-26
-25
-37
-47
-43
-31
-22
-13
-5
-3
-5
6
5
-9
-11
-16
-22
-17
-9
-3
6
16
21
27
32
33
30
33
30
18
24
15
10
19
20
8
5
11
2
-5
-1
2
2
13
26
31
40
57
63
59
55
47
31
19
20
17
17
6
-2
10
28
30
8
3
18
27
31
24
25
31
28
13
0
-9
-4
-2
1
4
-3
-1
12
9
0
6
4
3
3
4
2
-5
-12
-21
-18
-26
-20
-12
-17
-17
-8
-9
-8
-11
-13
-2
3
13
18
17
21
34
25
33
27
15
13
1
-9
-5
-11
-28
-26
-17
-18
-13
0
-3
-2
-7
-6
-13
-32
-46
-53
-38
-33
-33
-28
-26
-26
-21
-30
-42
-45
-47
-37
-20
-6
10
23
34
34
41
41
22
24
30
22
12
5
5
7
2
0
-7
-25
-47
-62
-57
-44
-42
-25
6
24
23
33
24
7
-9
-34
-65
-67
-60
-66
-51
-37
-11
4
48
55
49
46
27
3
-16
-39
-72
-87
-96
-90
-81
-75
-64
-56
-56
-40
-16
-2
-10
10
44
48
26
45
55
42
35
45
43
55
77
65
61
61
35
10
-4
-34
-64
-80
-66
-65
-48
-20
11
32
42
58
64
45
22
-10
-52
-59
-53
-58
-61
-39
-1
54
55
44
52
49
66
54
4
-12
-9
-71
-53
13
-4
-18
32
55
32
82
114
94
108
157
158
167
197
147
120
142
123
57
44
32
-45
-49
-13
-66
-106
-29
-32
-78
-24
17
-30
-29
-10
-27
-33
11
29
32
88
114
107
95
121
79
53
29
-39
-74
-34
-80
-155
-118
-95
-132
-125
-69
-57
-33
38
25
11
63
71
15
-8
24
-12
-64
-32
-2
-31
7
44
33
14
37
47
39
32
23
15
-16
-40
-68
-105
-145
-177
-183
-172
-174
-134
-85
-56
10
122
144
115
142
188
143
84
36
-44
-109
-134
-163
-182
-121
-98
-50
50
111
94
153
202
118
49
-4
-70
-142
-179
-241
-248
-212
-182
-154
-103
-69
-69
-31
9
14
16
50
64
52
32
17
-20
-52
-87
-147
-209
-210
-192
-198
-185
-133
-90
-49
26
58
83
136
179
168
147
175
203
202
196
206
181
141
152
154
86
95
117
126
168
219
179
223
317
296
210
211
211
85
-16
-94
-179
-272
-251
-269
-335
-383
-341
-380
-479
-398
-352
-385
-394
-245
-142
-49
101
101
72
153
206
89
40
82
62
112
151
136
118
125
163
180
124
-41
127
307
357
401
712
941
1038
1244
1406
1361
1315
1470
1249
881
708
485
-57
-333
-381
-670
-999
-1030
-982
-1118
-1162
-1144
-1184
-1198
-1051
-917
-1015
-1020
-861
-780
-746
-664
-701
-809
-756
-622
-635
-704
-718
-611
-370
-136
29
215
555
940
1324
1329
1262
1409
1377
1196
843
531
75
-6
-175
-380
-505
-166
75
243
285
421
479
510
579
345
121
-87
-48
-222
-189
-415
-463
-288
-38
-76
-8
285
400
509
803
907
660
509
199
-555
-1254
-1643
-2230
-2764
-2838
-2569
-2140
-1642
-973
-255
703
1613
2153
2420
2272
2043
1722
1300
309
-314
-527
-482
-313
32
437
956
1826
2166
1877
1511
1275
806
-9
-988
-2078
-2664
-2674
-2714
-2494
-1835
-1015
-215
570
1134
1251
1231
933
518
-46
-633
-1069
-1035
-744
-566
8
1104
2015
2308
2508
2560
2128
1481
894
-99
-1141
-1689
-1856
-2155
-1900
-1154
-532
65
1012
1651
1636
1556
1265
674
-81
-886
-1857
-2386
-2444
-2389
-1969
-1364
-811
17
1088
1851
1882
1972
1852
1659
721
-283
-928
-1523
-2034
-2202
-1913
-1657
-1038
-402
10
397
982
926
601
281
85
-325
-356
-122
-38
374
1301
2078
2344
2794
3231
3145
2846
2261
1722
1109
607
-147
-479
-832
-1446
-1766
-1943
-2565
-3175
-2733
-2887
-3347
-3159
-2320
-2765
-2544
-1586
-1440
-1915
-1207
-1278
-1951
-1975
-1669
-2276
-1930
-993
-206
907
2762
3822
4844
6933
8126
7905
8079
8501
6907
5454
5030
3010
14
-1017
-1857
-4213
-5152
-4495
-5016
-5365
-3932
-2761
-2674
-1627
-694
-722
-428
-15
-969
-1720
-1823
-2575
-3573
-2918
-2442
-2404
-1266
970
1610
2776
4606
5560
4974
5448
4949
2747
1429
408
-2569
-5444
-5721
-7634
-9580
-9325
-8356
-9394
-7583
-4631
-2947
-1058
2892
4963
6537
9003
10201
9996
10794
10299
8121
7530
7041
4499
2951
3184
1632
26
475
321
-1139
-875
-317
-1363
-2089
-1911
-2751
-3725
-4119
-5054
-6026
-6107
-6670
-7120
-6205
-5621
-5201
-3529
-1684
-981
933
3105
3547
3958
5553
5485
4712
4751
4367
2230
1635
847
-1780
-3577
-3730
-5337
-7420
-6475
-6366
-7255
-6261
-3550
-3883
-2733
345
1777
1879
4436
6144
6380
7641
8909
8174
8545
9100
8066
7050
7111
5694
4218
4140
2729
653
216
-104
-1935
-2744
-2870
-4153
-4687
-4353
-4679
-5786
-4997
-4408
-4901
-4966
-4495
-4713
-5031
-4444
-4791
-4647
-3840
-3064
-2580
-335
1278
1872
3674
5768
5630
5234
6437
4880
2201
1292
384
-3732
-6315
-6473
-8443
-10546
-9798
-8509
-8785
-6217
-2677
-826
1435
5679
8087
9691
11851
13256
13191
13822
13062
10754
9490
8191
5273
3144
2475
71
-1861
-1261
-1336
-3509
-3259
-1648
-2190
-3224
-2504
-3219
-4996
-5588
-6201
-8434
-9589
-9624
-9540
-9371
-8207
-6651
-4540
-2046
450
2548
4666
6235
7249
7342
6636
5205
3501
1372
-1385
-4024
-6420
-8127
-9373
-9673
-9948
-9241
-7410
-4901
-2621
104
3364
6464
8633
10981
12860
13987
14147
14305
13878
12874
11104
9742
7799
5284
2647
1023
-1076
-3342
-4437
-4692
-5394
-5416
-4468
-4421
-4696
-4087
-3907
-5350
-6432
-6564
-7547
-8582
-8629
-8639
-8336
-6495
-4370
-2690
37
2928
4766
6458
8373
8218
7341
6723
5299
1949
-979
-3162
-6518
-9387
-10565
-11106
-12264
-11148
-8666
-6405
-3699
373
3886
6956
10507
13788
15210
16389
17237
17074
15786
14106
11843
9080
7162
4065
815
-1445
-2522
-4770
-5711
-5796
-6589
-7311
-6237
-5958
-7027
-6993
-6647
-7523
-8370
-8549
-9458
-10081
-9579
-8832
-8566
-6846
-4073
-1166
932
3879
6320
8329
8900
9837
9183
7025
4326
2098
-1421
-5780
-7884
-10210
-12305
-13072
-10972
-10357
-8131
-4132
135
3058
8054
12510
15388
17770
20897
21596
20981
19759
17864
15102
11905
8238
4532
1847
-1763
-4092
-4996
-5781
-8375
-8109
-7165
-7661
-8623
-7518
-7984
-9811
-10164
-10351
-12384
-13794
-13510
-13553
-13205
-11159
-8492
-5918
-2251
1465
4253
7048
9411
10282
10253
9304
6907
4145
1463
-2344
-5955
-8083
-9687
-11407
-11123
-9324
-7638
-5441
-1191
3193
6957
11231
15870
19000
20981
23025
24110
22213
19457
17670
15004
10134
6126
3854
459
-3485
-4691
-5162
-7829
-9659
-8024
-8100
-10284
-10184
-8389
-10335
-12396
-11937
-12479
-15338
-15727
-14537
-14934
-14443
-11024
-7587
-5082
-1460
2343
5655
7840
9221
9158
9172
7748
4900
2133
22
-3384
-6199
-7076
-8374
-9825
-8584
-5798
-4806
-2790
2147
6148
9215
13819
18928
20656
22520
25289
25262
21747
19502
17859
12954
7913
5386
2236
-3039
-5038
-4884
-7665
-11008
-9913
-9049
-11213
-11871
-9983
-10989
-12984
-12143
-11592
-14079
-14981
-13299
-12867
-13087
-10593
-7328
-5174
-2305
1163
3640
5195
6956
7347
6799
5802
4095
1907
212
-2051
-4704
-6065
-6294
-7376
-7420
-5167
-3695
-2416
1601
6331
8514
12151
18213
21376
22130
25505
27052
23170
20361
20772
16005
8568
6532
4870
-2264
-5910
-4338
-7612
-13188
-11316
-9175
-13009
-14141
-9760
-10148
-13933
-12466
-10099
-12774
-14954
-12822
-12294
-13514
-11540
-8088
-6666
-5058
-1997
427
2497
3697
3325
3533
4630
2419
-395
-18
-1251
-5267
-5634
-3849
-6806
-7858
-3614
-1359
-3024
1618
7795
9360
11612
18587
22128
23275
27610
28652
24683
23172
24146
17720
11008
8757
4678
-3197
-4860
-5256
-11701
-15112
-11539
-11844
-16531
-13975
-9521
-11650
-13926
-10696
-10077
-13765
-13992
-12324
-13919
-15102
-11969
-9365
-8737
-7061
-3370
-459
1610
2345
3774
5207
4965
3205
3247
2598
-1348
-3220
-1831
-3376
-7709
-6209
-2921
-3522
-3402
2655
6906
8528
13144
20438
23061
25679
30826
31360
27140
26391
26893
19646
12809
9713
4532
-4770
-6997
-7830
-14475
-19586
-15925
-14714
-18543
-16691
-10915
-11761
-13801
-10152
-8743
-13006
-13654
-11591
-13893
-16581
-13693
-11233
-11910
-10309
-5850
-2901
-1166
2050
4393
5622
6522
7084
6311
5339
2826
387
-601
-1959
-5856
-6668
-4431
-4358
-4773
947
6391
8383
13245
21694
24113
25967
31222
32414
27391
26088
26741
18896
11310
8140
2376
-7527
-8661
-9451
-16487
-19865
-13999
-13664
-16960
-12492
-6558
-9170
-10545
-6313
-6910
-11789
-12384
-11932
-16115
-17928
-15696
-15130
-15874
-13178
-9381
-6498
-2765
442
2442
5669
8402
7321
6966
7595
4952
889
989
-773
-5523
-5997
-3014
-4536
-4596
2250
6926
8541
14595
22478
23928
27529
32132
31123
26436
26983
24564
15228
9203
5595
-2732
-10708
-10489
-13618
-19881
-18888
-12843
-14488
-15138
-8295
-4015
-7379
-6799
-3086
-5043
-9779
-10251
-10930
-15048
-16656
-15655
-15664
-16438
-13879
-10527
-7183
-4695
-1747
1658
5461
6570
6395
7745
7328
3982
1945
2201
-1691
-5327
-3915
-2187
-4833
-2496
4309
7772
9736
17221
23764
25526
29676
32633
30196
26484
26784
20754
11883
6436
1403
-8354
-12928
-12992
-17878
-21895
-17040
-12939
-15271
-12046
-4468
-3494
-5966
-2771
-1023
-5726
-8739
-8356
-11060
-16009
-16080
-15023
-16440
-16783
-12892
-9563
-7498
-4424
-272
2600
4893
6535
7090
6800
5288
2984
1466
171
-3526
-5407
-3501
-2671
-3701
506
7031
10110
13785
21399
25610
27153
31089
32767
28774
25499
24517
17254
9092
4165
-1548
-10713
-12891
-13396
-18273
-20568
-14841
-12491
-13976
-9724
-3426
-4164
-5287
-1845
-1868
-6758
-8324
-8157
-12291
-15785
-15048
-14703
-16471
-15007
-11299
-8612
-6199
-2507
506
3035
5491
5993
5380
5138
3494
397
-1042
-2440
-6092
-6825
-4443
-4344
-4462
1372
7535
10207
15040
22837
26461
28671
32010
31866
27434
25113
21999
14320
7656
2918
-4189
-10659
-10882
-13379
-18264
-17354
-12098
-12696
-12782
-7074
-3616
-5963
-4942
-1935
-4766
-8680
-8780
-9797
-14500
-15826
-15067
-15448
-15868
-12959
-9909
-6981
-3492
2
2845
6008
7292
6372
6393
5963
2592
-882
-1671
-4250
-7407
-7294
-5577
-6441
-3808
2293
7000
10315
17284
23322
26115
29854
31939
29738
26135
24921
18906
11668
6637
1414
-6786
-9814
-10033
-14595
-17818
-13806
-10910
-12811
-10135
-4300
-4011
-5758
-3033
-2025
-6285
-8631
-8336
-11139
-15378
-15515
-14597
-15823
-15378
-11747
-8597
-6194
-2311
1810
4598
6942
7879
7747
7369
5577
2258
-167
-1745
-5440
-7551
-6584
-5885
-6592
-2730
3342
7555
11463
18606
23710
26721
30306
31339
28301
25510
24082
16926
9550
4662
-439
-8348
-10774
-11607
-15573
-17223
-12491
-10447
-11591
-7766
-2371
-2941
-4541
-2152
-2403
-6888
-9351
-9848
-13288
-16868
-16930
-16153
-16728
-15635
-12396
-8648
-5239
-1716
1921
5352
7539
7730
7792
7204
4863
1634
-297
-2720
-6403
-7424
-6325
-6041
-5959
-1311
4020
8157
12970
19591
23486
26571
29923
29929
27088
24564
21343
14182
8553
3202
-3397
-9442
-9905
-12170
-15950
-15118
-10123
-9393
-9124
-4350
-689
-2213
-2508
-354
-2693
-7575
-9229
-9850
-14405
-17576
-17110
-16361
-17309
-15794
-12184
-8840
-5912
-1913
2215
4941
6339
7358
8094
7089
4400
2048
447
-2564
-5590
-6114
-5602
-6087
-4476
190
4418
8261
13959
19644
22701
26249
28774
28082
25087
23468
19164
12383
6885
2205
-4355
-9244
-9828
-11962
-14857
-13160
-8853
-8483
-7429
-2653
131
-1671
-1806
-432
-3011
-7389
-9241
-10871
-14807
-17246
-16910
-16759
-17365
-15553
-12137
-9076
-6479
-2584
1011
3508
5028
6383
6725
5568
3651
1704
-10
-2810
-5105
-5750
-5142
-5110
-3226
1184
5626
9537
14863
20214
23275
26553
28370
27309
24111
22433
17883
11424
6040
1857
-4358
-8704
-9203
-10991
-13674
-11961
-8046
-8115
-7218
-2505
-439
-2782
-2683
-1295
-4170
-8222
-9160
-10419
-13861
-15253
-14414
-14380
-14782
-12709
-9834
-7461
-5311
-2140
872
3322
4338
4976
5660
4913
2537
618
-408
-3253
-5531
-5501
-4771
-5322
-2724
2111
6071
9319
14968
20116
23007
25885
27181
25788
22763
21066
16066
10058
4759
406
-5585
-8619
-9609
-12059
-13835
-11040
-8230
-8413
-6339
-1958
-1102
-2896
-1947
-1674
-5011
-8087
-8469
-10192
-13013
-13677
-12896
-12951
-12906
-10893
-8408
-6163
-4359
-1632
1320
3222
3546
4379
5100
3749
1413
324
-865
-3594
-5026
-4607
-4400
-4368
-1069
3056
6543
10096
15813
20014
23118
25836
26689
24999
22697
20542
15117
9557
4550
-300
-6333
-8741
-10221
-12908
-14164
-10884
-8837
-8914
-6191
-1850
-1761
-3399
-2151
-2244
-5808
-8373
-8437
-10495
-13230
-13535
-12654
-13244
-13033
-10776
-8247
-6397
-4118
-1191
1268
2830
3368
3993
4073
2610
86
-1045
-2317
-4846
-6245
-5395
-5129
-4681
-707
3985
7285
11173
17390
21385
24471
26791
27353
24928
23063
20325
14519
8841
4277
-746
-6384
-8296
-10129
-12509
-12744
-9563
-8662
-8224
-4853
-1429
-2293
-3432
-2305
-3224
-6536
-8410
-8905
-11453
-13356
-13078
-12355
-13143
-12284
-9780
-6981
-5139
-2871
-87
2400
3450
3542
4148
3718
1639
-820
-1793
-3757
-6265
-7113
-6293
-6169
-4857
-744
3847
7469
11888
17510
21428
24425
25880
25876
23664
21480
17651
12445
7405
2727
-2584
-6490
-7604
-9797
-11778
-10588
-7732
-7775
-6842
-3138
-1278
-3032
-3034
-1769
-3857
-7236
-7878
-8326
-11106
-12529
-11827
-11250
-11762
-10303
-7881
-5453
-3568
-1071
1427
3343
4112
4365
4560
3670
1639
-409
-1823
-4192
-6060
-6416
-5969
-6336
-3943
206
4177
7270
12608
17472
20978
23782
25057
24250
22115
20304
15555
10891
6077
1608
-4058
-6067
-7386
-9971
-11471
-8890
-7319
-7975
-5902
-2416
-2388
-3962
-2576
-2491
-5629
-7853
-7509
-9198
-11900
-12055
-10827
-11173
-11069
-8890
-6651
-5007
-2826
-181
1498
3004
3710
3980
3615
2819
679
-1099
-2375
-4556
-6304
-6398
-6180
-6305
-3498
540
3832
7170
12778
17127
20317
22886
23893
22321
20743
18719
13862
9348
5383
645
-4420
-5236
-6555
-9757
-10220
-6886
-6564
-7353
-4093
-1200
-2955
-3863
-1636
-2922
-6735
-7746
-7443
-10462
-12567
-11517
-10817
-12088
-11275
-8423
-6542
-5193
-2765
-46
1411
2442
3071
3605
3080
1347
-538
-1421
-2978
-5312
-6288
-5752
-5925
-4853
-1402
2563
5383
9761
14940
18750
21724
23232
22930
21330
20257
16314
11598
7759
3858
-1875
-4300
-4283
-6963
-9756
-7361
-4627
-5953
-5156
-1245
-694
-3225
-2252
-1032
-4073
-7171
-7035
-7995
-11191
-11754
-10595
-11286
-12364
-10362
-8002
-6977
-5363
-2507
-621
463
1768
2800
2669
1647
148
-835
-1905
-3843
-5531
-5522
-5290
-4985
-2494
1179
4271
7700
12996
17033
20046
22126
22783
21287
20070
17656
12707
8369
4976
366
-4104
-4490
-5701
-8886
-8873
-5032
-4840
-6085
-2915
47
-1941
-2985
-622
-1795
-5804
-6463
-5876
-8873
-11066
-9949
-9677
-11388
-10647
-8140
-6641
-5676
-3304
-1047
333
1558
2491
2686
1694
350
-929
-1844
-3936
-5938
-6333
-5752
-5955
-4526
-985
2358
5279
10119
14630
17342
20014
21669
20832
18828
17518
13408
8802
5484
1898
-3260
-4670
-4463
-7198
-9132
-5677
-3717
-5554
-4037
205
-315
-2784
-917
-84
-3762
-6118
-5072
-6646
-9902
-10008
-8746
-9916
-10448
-8227
-6201
-5538
-3964
-1220
434
1282
1931
2751
2311
784
-778
-1373
-3082
-5451
-6292
-5500
-5999
-5631
-2403
1329
3712
7748
13087
16024
18434
20927
21359
18870
17541
14872
10376
6165
3382
-1245
-4576
-4811
-6095
-8797
-7791
-4792
-5196
-4944
-1250
529
-1582
-1103
765
-1242
-4592
-4701
-5241
-8439
-9906
-9017
-9513
-10866
-9370
-7157
-6196
-5261
-2638
-635
611
1310
1915
1810
961
-723
-2043
-3027
-5019
-6724
-6475
-5753
-5924
-3774
533
3825
6461
11593
16135
18479
20061
21529
20161
17903
15600
12322
8055
4134
77
-3101
-4122
-5842
-8365
-8211
-5686
-5521
-5210
-2051
-135
-1554
-1245
791
-683
-3699
-4042
-4273
-7376
-8836
-7925
-8154
-9819
-8763
-6581
-5637
-4862
-2804
-840
259
1114
1505
1487
608
-1070
-2532
-3409
-5114
-7266
-7363
-6391
-6055
-4547
-640
3008
5780
10384
15242
18185
19383
20739
20081
18015
15334
12380
8319
3777
-368
-3323
-4678
-6801
-8909
-8688
-6585
-6129
-5150
-2137
-551
-1712
-1199
558
-822
-3340
-3717
-4198
-7021
-7821
-6977
-7424
-8842
-7527
-5671
-4798
-3657
-1544
-114
810
2026
2369
1840
773
-409
-2033
-3276
-4856
-6521
-7121
-6477
-5942
-4577
-1438
1889
4667
8772
13461
16651
17857
18872
18987
17605
14868
11729
8441
4271
-271
-3171
-3879
-6226
-8886
-8144
-5236
-5468
-5050
-1353
544
-1573
-1260
1051
-752
-4077
-4159
-4279
-7431
-8465
-7023
-7306
-8820
-7184
-4826
-3998
-3097
-570
930
1474
2218
2696
2067
680
-815
-2239
-3327
-4955
-6397
-6664
-6134
-5819
-4218
-1350
1486
4215
8483
12685
15648
17130
18214
18096
16956
14262
10593
7246
3422
-1278
-4536
-4908
-6905
-9384
-7966
-4575
-4794
-4177
260
2249
-178
-59
2287
174
-3658
-3914
-4087
-7418
-8629
-6961
-6971
-8524
-6723
-3813
-2940
-2267
398
1998
2065
2408
2837
1842
-71
-1584
-2801
-4176
-5959
-7064
-7026
-6579
-6197
-4477
-1673
1111
4023
8041
11683
14612
16458
17358
16831
15712
13223
9587
6311
2616
-1957
-5205
-5503
-6868
-8957
-7942
-4613
-3934
-3252
448
2533
755
481
2401
685
-3083
-3878
-3795
-6574
-8046
-6963
-6640
-7799
-6260
-3900
-2842
-1841
460
1808
2103
2816
3072
2241
580
-820
-2290
-3507
-5168
-6727
-7005
-6522
-6049
-4605
-1505
1469
4148
8246
12548
15357
16542
17812
17448
15735
12878
10100
6321
1712
-2519
-4833
-5983
-8039
-9445
-8085
-5677
-5158
-3510
-188
1026
-255
527
1755
-445
-3188
-3320
-3983
-6725
-7314
-6312
-6954
-7769
-5736
-3783
-3252
-1942
439
1682
2161
2964
3100
2337
1036
-596
-2244
-3502
-5291
-7047
-7124
-6527
-6044
-4270
-674
2110
4772
9006
13295
15542
16274
17208
16705
14907
11813
9204
5529
1003
-3333
-4659
-5559
-8261
-9722
-7225
-5102
-5587
-3573
404
580
-1265
787
2065
-1226
-3516
-2394
-3822
-7058
-6601
-5137
-6784
-7459
-4456
-2685
-2723
-865
1815
2248
2618
3933
3679
2071
826
-777
-3004
-4514
-6197
-7915
-7820
-6741
-6069
-4096
-10
2893
5367
9676
14183
15420
15620
16892
16519
13375
10176
8338
4249
-1197
-4636
-4848
-7010
-10092
-9731
-6437
-6192
-6197
-2027
1353
-393
-865
2724
2242
-2050
-2697
-1311
-4648
-7479
-5704
-4911
-7513
-6697
-3098
-2061
-1948
773
3069
3133
3723
4703
3990
2151
392
-1413
-3306
-5340
-7227
-7597
-7084
-6720
-5230
-1572
1436
3655
7367
11898
14176
14884
16077
16104
14144
11149
8775
5389
938
-3467
-5486
-6652
-8828
-10270
-8481
-6324
-5962
-3994
180
1474
182
1633
3578
949
-2099
-1705
-2692
-6577
-7425
-5656
-6599
-7830
-5199
-2333
-2015
-684
2308
3600
3516
4096
4329
3039
1001
-918
-2664
-4359
-6455
-7584
-7108
-6336
-5784
-3103
855
3298
5692
10071
14051
14710
15274
16418
15589
12044
9368
7032
2572
-2445
-5108
-6220
-8904
-10873
-9841
-7588
-7350
-5904
-2050
630
63
856
3093
2222
-791
-1410
-1568
-4750
-6951
-6182
-5977
-7365
-6098
-3452
-2295
-1362
1198
2977
3527
4168
4367
3553
2474
894
-1348
-2904
-4277
-6225
-6914
-6014
-5513
-4749
-1223
2127
4093
7407
12522
14583
14551
16153
17029
14240
10549
9029
5363
-249
-4133
-4960
-7922
-11237
-11132
-8680
-8574
-8263
-4455
-842
-706
-260
2555
2854
193
-898
-650
-3392
-6387
-6314
-5953
-7719
-7360
-4726
-3188
-2560
121
2538
3186
4101
5287
4572
3047
2135
597
-1828
-3572
-5157
-6368
-6520
-5759
-5108
-2694
602
3368
6439
10974
14232
14569
15793
16906
15391
11431
9398
6338
1265
-3346
-4739
-6999
-10313
-11090
-9121
-8433
-8410
-5429
-1735
-894
-900
1572
2749
649
-1047
-741
-2489
-5737
-6201
-5417
-6745
-7356
-4727
-2734
-2301
-321
2646
3418
3762
5120
5122
3424
2069
1004
-1109
-3033
-4828
-6039
-6470
-5916
-5558
-3660
-557
2159
4919
9209
13069
13718
14570
16158
15572
11524
9245
7335
2436
-3035
-4439
-5618
-9657
-11537
-9259
-8006
-9121
-6718
-2324
-1358
-2233
401
2628
551
-1594
-729
-1671
-5205
-5970
-4640
-5812
-7316
-4820
-2353
-2203
-889
2715
3963
3831
5114
6154
4690
2999
2092
352
-1887
-3696
-5033
-5904
-5914
-5721
-4347
-1522
1109
3417
7442
11753
12972
13552
15462
15590
12087
9642
8347
3946
-1658
-3699
-4586
-8544
-11115
-9507
-8196
-9279
-7667
-3583
-2170
-2775
-820
1589
372
-1515
-980
-1379
-4341
-5352
-4140
-4686
-6406
-4878
-2299
-1688
-1100
1809
3652
3676
4356
5595
4682
2662
1758
526
-1796
-3904
-4892
-5585
-5999
-5669
-4465
-1822
791
3216
6516
10921
12955
13171
14619
15539
12960
9627
8706
5598
-26
-3293
-3374
-6597
-10289
-9525
-7245
-8569
-8410
-4285
-2033
-3354
-2468
565
-200
-2768
-2508
-1685
-4364
-5994
-4506
-3904
-5714
-4905
-2077
-1118
-934
1434
3568
3608
3967
5071
4645
2875
1747
706
-1197
-3205
-4389
-4902
-5246
-5307
-4346
-2128
332
2412
5352
9382
11805
12181
13371
14670
13058
9891
8695
6550
1672
-2092
-2590
-4929
-8846
-9301
-7101
-7728
-8493
-5329
-2496
-3379
-3317
-512
-438
-3019
-3262
-1979
-3809
-5965
-4914
-3618
-4963
-5076
-2536
-1163
-1178
584
3098
3283
3299
4527
4933
3211
1891
1186
-271
-2305
-3577
-4073
-4580
-4718
-3957
-1857
146
2124
4886
8830
11219
11700
12922
14460
13157
9971
8934
7142
2362
-1521
-1862
-4168
-8370
-8831
-6580
-7476
-8574
-5414
-2622
-3655
-3656
-949
-1027
-3545
-3691
-2557
-4439
-6364
-5278
-4084
-5194
-5010
-2611
-1341
-1023
701
2918
3291
3575
4527
4834
3600
2298
1402
153
-1544
-3154
-3763
-3911
-4101
-3929
-2036
356
2012
4141
7888
10603
10900
11752
13451
12706
9376
8020
6965
3032
-1298
-1896
-3051
-6889
-8346
-6017
-6054
-7885
-5664
-2305
-3090
-4255
-1707
-896
-3707
-4611
-2896
-4107
-6683
-5783
-3866
-4781
-5192
-2523
-724
-846
466
2974
3463
3247
4018
4527
3251
1913
1207
111
-1668
-3034
-3362
-3598
-3736
-3457
-1527
575
2347
4252
7617
10260
10720
11245
12722
12319
9121
7596
6709
3215
-1238
-1847
-2555
-6143
-8056
-5868
-5558
-7572
-5990
-2669
-3246
-4750
-2379
-1146
-3689
-4900
-3204
-3884
-6322
-5862
-3974
-4364
-4875
-2589
-486
-264
568
2833
3737
3295
3659
4132
3254
1552
818
-84
-1571
-3113
-3358
-3408
-3479
-3044
-1166
1007
2569
4599
7763
10588
10889
11221
12437
12501
9491
7464
6508
3466
-981
-2147
-2414
-5765
-8003
-6200
-5302
-7314
-6320
-3092
-3165
-4797
-2972
-1322
-3449
-4856
-3393
-3696
-6098
-5747
-3907
-4238
-4872
-2554
-430
-173
619
2730
3395
3020
3368
3599
2362
894
270
-782
-2286
-3412
-3665
-3863
-3493
-2719
-992
1155
3195
5157
8177
11074
11426
11338
12536
12533
9231
7066
6195
2949
-1676
-2487
-2685
-5940
-7971
-5876
-5015
-6829
-5644
-2503
-2700
-4279
-2430
-1041
-3181
-4488
-3143
-3745
-6158
-5696
-3874
-4320
-4857
-2468
-297
-15
789
2930
3620
3046
3254
3618
2314
505
-246
-959
-2608
-4038
-4042
-3878
-3644
-2921
-722
1482
3355
5415
8469
11115
11303
11357
12153
12092
8845
6707
5647
2637
-1806
-2606
-2603
-5722
-7626
-5396
-4441
-6650
-5431
-2016
-2499
-4539
-2406
-798
-3343
-4798
-3083
-3776
-6431
-5948
-3932
-4403
-4859
-2450
-244
240
1098
3198
3909
3497
3454
3708
2481
565
-528
-1205
-2761
-4416
-4552
-4089
-3859
-3063
-765
1704
3537
5722
8764
11135
11317
11299
12017
11505
8351
6065
5026
2066
-2043
-3015
-2869
-5501
-7286
-5177
-4010
-5907
-4985
-1749
-1998
-3993
-2372
-822
-3073
-4576
-3303
-3825
-6242
-5845
-4061
-4294
-4650
-2217
-200
300
1414
3468
3938
3563
3791
3729
2357
531
-477
-1514
-2945
-4618
-4949
-4557
-3981
-3379
-1179
1468
3621
5649
8690
11097
11266
11311
11963
11315
8087
6019
4767
1723
-2257
-2826
-3028
-5714
-7120
-4896
-4268
-6029
-4692
-1845
-2578
-4194
-2202
-1120
-3495
-4630
-3133
-3891
-6128
-5461
-3644
-4089
-4261
-1784
168
450
1630
3793
4209
3774
4114
4256
2662
880
50
-966
-2869
-4400
-4582
-4406
-4128
-3386
-1194
1212
3371
5520
8461
10561
10845
11048
11599
10696
7579
5807
4465
1334
-2329
-2610
-3127
-5858
-6917
-4783
-4615
-6201
-4593
-2272
-3219
-4342
-2245
-1633
-3824
-4501
-3149
-3993
-5652
-4842
-3436
-3883
-3562
-1256
216
602
1895
3716
3992
3725
3920
3770
2352
788
-183
-1287
-2957
-4233
-4372
-4157
-3937
-2974
-776
1480
3439
5691
8704
10511
10696
11110
11791
10471
7491
6133
4690
1184
-2094
-2078
-3141
-6089
-6675
-4594
-5170
-6615
-4524
-2439
-3939
-4548
-2013
-1994
-4413
-4334
-2752
-4245
-5655
-4134
-2916
-3875
-3062
-423
617
623
2321
4200
4052
3498
3849
3822
2019
293
-444
-1443
-3332
-4399
-4040
-4078
-4082
-2747
-229
1437
3180
5853
8751
10203
10472
11130
11439
10124
7376
5869
4205
893
-2183
-2454
-3494
-6364
-6819
-4750
-5243
-6655
-4440
-2221
-3690
-4292
-1990
-2074
-4458
-4384
-3118
-4556
-5813
-4173
-3027
-3603
-2803
-276
832
1215
2607
4125
4124
3702
3730
3327
1802
24
-962
-1825
-3320
-4359
-4061
-3600
-3477
-2306
231
2078
3513
5958
9049
10143
10233
11125
11590
9655
7219
6301
4318
525
-1835
-1785
-3712
-6421
-6146
-4571
-5808
-6452
-4026
-2723
-4270
-4127
-2202
-3052
-5063
-4550
-3783
-5467
-5970
-4175
-3141
-3575
-2138
212
1220
1604
3096
4369
4191
3663
3644
3229
1433
-233
-1052
-1878
-3545
-4233
-3807
-3408
-3294
-1793
482
2046
3553
6175
8925
9706
10163
11172
11479
9475
7631
6676
4424
723
-1216
-1488
-3687
-6185
-5854
-4662
-6016
-6339
-4067
-3311
-4908
-4399
-2743
-4075
-5909
-5149
-4706
-6483
-6379
-4410
-3643
-3663
-1565
704
1519
2363
4016
4884
4645
4484
4260
3423
1792
372
-686
-1781
-3309
-3897
-3593
-3441
-3243
-1557
548
1803
3496
6328
8760
9361
10115
11246
11201
9273
7863
6823
4180
657
-792
-1317
-3813
-6082
-5472
-4594
-6020
-6121
-4006
-3631
-5282
-4655
-3383
-5046
-6779
-5846
-5746
-7547
-7194
-4969
-4210
-3971
-1583
770
1671
2732
4544
5118
4702
4779
4684
3474
1721
585
-332
-1578
-3078
-3502
-3337
-3242
-2908
-1200
601
1811
3605
6421
8553
9010
9738
10911
10850
8850
7573
6747
4205
825
-302
-794
-3415
-5417
-4533
-4070
-5673
-5347
-3291
-3596
-5125
-4202
-3310
-5361
-6691
-5715
-6042
-7814
-7062
-4950
-4505
-3994
-1441
816
1609
2868
4548
4917
4567
4563
4250
2958
1382
361
-557
-1791
-2988
-3315
-3283
-3192
-2647
-1034
599
1798
3653
6280
8224
8603
9267
10261
10062
8166
6997
6151
3692
706
-164
-792
-3413
-5000
-3968
-3795
-5477
-4803
-2822
-3415
-4888
-3696
-3229
-5436
-6465
-5533
-6347
-8076
-6912
-5133
-5039
-4307
-1385
620
1416
3022
4850
5095
4876
5118
4642
3183
1691
748
-291
-1596
-2823
-3142
-2955
-2834
-2381
-686
1113
2249
4032
6851
8603
8607
9325
10346
9657
7490
6646
5610
2890
169
-306
-1233
-3793
-4929
-3729
-3868
-5461
-4602
-2711
-3568
-5146
-4001
-3737
-6112
-7250
-6273
-7153
-8691
-7386
-5470
-5333
-4330
-1273
844
1775
3397
5118
5446
5287
5274
4549
3107
1627
586
-543
-1886
-3043
-3146
-2830
-2743
-2147
-413
1365
2553
4417
7005
8518
8738
9459
10321
9556
7757
6795
5686
3185
704
5
-980
-3222
-4232
-3335
-3575
-4879
-3998
-2486
-3509
-4823
-3815
-3907
-6388
-7293
-6539
-7612
-9046
-7587
-5861
-5731
-4502
-1378
555
1513
3305
4918
5170
5061
5092
4186
2756
1429
312
-974
-2145
-3176
-3229
-2804
-2504
-1925
-21
1818
3002
4851
7428
8852
8985
9899
10526
9630
7764
6985
5570
2845
407
-217
-1329
-3541
-4350
-3453
-3562
-4613
-3628
-2273
-3170
-4311
-3416
-3801
-6229
-7084
-6594
-7878
-9137
-7795
-6372
-6158
-4615
-1763
-19
1254
3261
4708
4833
5050
5125
4171
2749
1578
304
-1017
-2087
-3057
-3368
-2947
-2311
-1741
-66
1869
3350
4988
7398
8983
9158
9714
10295
9621
7632
6498
5197
2707
58
-616
-1393
-3436
-4383
-3207
-3127
-4192
-3249
-1805
-2919
-4177
-3271
-3813
-6344
-7138
-6602
-8054
-9167
-7624
-6294
-6217
-4528
-1628
-292
857
3039
4370
4180
4452
4732
3714
2388
1390
186
-1080
-1882
-2716
-2978
-2485
-1820
-1127
654
2433
3788
5572
7947
9031
9204
9931
10196
8986
7320
6422
4546
1913
-27
-540
-1929
-3731
-4026
-2970
-3295
-4008
-2877
-1835
-3041
-3905
-3092
-3898
-6288
-6758
-6364
-7930
-8858
-7257
-6164
-6238
-4570
-1873
-724
463
2594
3713
3696
4289
4521
3501
2521
1643
404
-794
-1435
-2393
-2641
-2152
-1571
-1067
767
2558
3753
5435
7877
8997
8968
9793
10114
8894
7122
6437
4619
2036
135
-381
-1799
-3568
-3832
-3038
-3318
-4038
-3032
-2112
-3002
-3930
-3249
-3881
-5966
-6624
-6427
-7775
-8720
-7390
-6467
-6550
-5032
-2457
-1265
-125
2086
3388
3589
4320
4774
3887
2972
2291
1001
-380
-1121
-2084
-2696
-2408
-1860
-1355
160
2059
3469
5175
7579
8997
9250
9863
10363
9239
7459
6517
4956
2185
126
-426
-1759
-3689
-4033
-3131
-3590
-4233
-3106
-2111
-3146
-3796
-3064
-3772
-5846
-6351
-6246
-7768
-8543
-7137
-6411
-6533
-4727
-2135
-1165
110
2426
3555
3602
4396
4703
3659
2764
2054
620
-810
-1435
-2400
-2992
-2771
-2193
-1720
-111
1765
3183
4919
7291
8765
9191
9906
10078
9094
7460
6465
4717
2287
151
-570
-1603
-3217
-3893
-3132
-2986
-3652
-2960
-1809
-2298
-3382
-2895
-3130
-5040
-6112
-5910
-6983
-8124
-7176
-6121
-6124
-4870
-2377
-1172
-146
1959
3267
3246
3915
4511
3573
2518
2108
940
-713
-1403
-2017
-2898
-2982
-2330
-1810
-573
1300
2884
4449
6753
8595
9196
9765
10137
9407
7846
6698
5079
2702
633
-383
-1393
-2902
-3719
-3407
-3103
-3642
-3410
-2425
-2466
-3454
-3308
-3080
-4509
-5752
-5581
-6062
-7391
-7002
-5794
-5689
-5132
-3021
-1530
-752
911
2418
2628
3086
3803
3233
2205
1819
930
-570
-1353
-1845
-2774
-2886
-2180
-1642
-740
1184
2916
4360
6340
8453
9333
9734
10099
9842
8513
6865
5482
3652
1466
-351
-1040
-2262
-3547
-3706
-3061
-3683
-3919
-2764
-2419
-3584
-3556
-2776
-4010
-5472
-5231
-5363
-6976
-6926
-5666
-5538
-5507
-3479
-1782
-1176
204
2041
2520
2679
3497
3303
2259
1686
1056
-348
-1426
-1914
-2651
-2944
-2487
-1806
-976
739
2430
3934
5819
7830
8942
9477
10067
9869
8808
7385
6146
4300
2234
351
-642
-1787
-3163
-3714
-3346
-3727
-4195
-3314
-2654
-3552
-3833
-2925
-3489
-4960
-4964
-4752
-6128
-6490
-5284
-5032
-5296
-3644
-1783
-1351
-208
1771
2383
2324
3265
3461
2363
1762
1385
-63
-1307
-1716
-2474
-3197
-2839
-2085
-1546
-46
1818
3356
4938
7161
8639
9253
9786
10051
9251
7824
6689
5116
2916
865
-157
-1397
-2943
-3660
-3385
-3728
-4229
-3452
-2648
-3268
-3553
-2667
-2894
-4227
-4363
-4149
-5299
-5983
-5136
-4886
-5297
-4186
-2617
-2161
-1291
504
1226
1219
2142
2743
1952
1377
1235
193
-1210
-1705
-2355
-3177
-3245
-2570
-1989
-743
1031
2714
4395
6518
8357
9198
9817
10162
9807
8477
7282
5803
3796
1557
318
-826
-2451
-3480
-3284
-3362
-4047
-3513
-2505
-2754
-3301
-2516
-2383
-3533
-3912
-3625
-4512
-5477
-4851
-4517
-4913
-4373
-2959
-2372
-1681
-260
568
813
1595
2184
1758
1414
1154
257
-848
-1418
-2261
-3032
-2977
-2528
-2146
-1019
865
2454
4006
6033
7975
8912
9459
9903
9749
8608
7236
5945
4176
1980
287
-626
-2079
-3454
-3598
-3276
-3900
-3926
-2812
-2616
-3286
-2881
-2233
-3205
-3936
-3635
-4049
-5291
-5112
-4473
-4841
-4826
-3498
-2673
-2306
-992
283
591
1264
2271
2264
1871
1868
1238
43
-640
-1289
-2309
-2614
-2229
-1993
-1241
474
2108
3454
5381
7488
8546
9056
9758
9890
8846
7527
6491
4759
2469
733
-297
-1997
-3568
-3877
-3814
-4583
-4726
-3711
-3463
-4006
-3547
-2705
-3372
-3935
-3533
-3653
-4766
-4635
-4118
-4434
-4559
-3566
-2922
-2548
-1398
-377
111
932
1932
2048
2067
2095
1510
602
135
-753
-1824
-2075
-1848
-1911
-1253
388
1775
3057
5064
7195
8138
8845
9771
9916
8901
7756
6906
5123
2819
1048
-45
-1873
-3516
-4035
-4157
-4990
-5146
-4240
-3955
-4321
-3776
-2875
-3255
-3620
-3195
-3211
-4157
-4096
-3714
-4001
-4357
-3524
-2958
-2681
-1822
-739
-138
567
1635
1986
2091
2108
1889
1112
592
-159
-1036
-1463
-1397
-1462
-981
364
1615
2791
4605
6645
7628
8282
9160
9448
8506
7506
6705
5011
2687
1163
31
-1970
-3667
-4079
-4405
-5418
-5333
-4382
-4288
-4484
-3483
-2673
-3111
-3119
-2541
-2834
-3682
-3547
-3466
-4014
-4109
-3566
-3304
-2853
-1872
-1062
-323
740
1658
1940
2328
2476
1996
1390
950
37
-959
-1306
-1506
-1720
-1254
-22
1042
2297
4200
6141
7176
8080
8947
9240
8502
7604
6616
5004
2881
1202
-86
-1982
-3647
-4247
-4527
-5368
-5264
-4356
-4041
-4083
-3045
-2203
-2563
-2629
-2082
-2449
-3404
-3452
-3514
-4095
-4379
-3828
-3559
-3129
-2184
-1136
-384
647
1614
2027
2332
2452
2116
1458
1039
196
-672
-1132
-1260
-1473
-1046
22
1050
2271
4028
5878
6898
7781
8649
9005
8272
7415
6510
4923
2797
1224
-120
-2113
-3733
-4246
-4654
-5514
-5367
-4478
-4188
-4108
-3159
-2416
-2604
-2571
-2192
-2545
-3276
-3366
-3394
-3921
-4102
-3633
-3248
-2842
-1960
-921
-75
823
1649
2201
2511
2507
2183
1763
1212
397
-339
-752
-1130
-1297
-880
-82
790
1949
3601
5269
6424
7316
8214
8699
8174
7348
6571
5126
3030
1488
227
-1750
-3436
-3954
-4398
-5352
-5347
-4556
-4365
-4367
-3474
-2750
-2934
-2894
-2350
-2568
-3277
-3255
-3174
-3698
-3945
-3458
-3128
-2892
-2112
-1056
-250
551
1449
2156
2498
2558
2450
2161
1601
787
91
-384
-914
-1188
-936
-237
414
1516
3189
4825
5804
6856
7953
8308
7782
7220
6459
4834
2941
1526
128
-1806
-3258
-3859
-4398
-5143
-5136
-4559
-4325
-4146
-3414
-2837
-2833
-2643
-2295
-2519
-2972
-2999
-3159
-3564
-3663
-3464
-3232
-2749
-1967
-1166
-275
733
1541
2237
2692
2841
2676
2509
1969
1140
450
-57
-573
-977
-765
-319
398
1378
2843
4198
5245
6206
7109
7500
7032
6553
5800
4486
2702
1481
136
-1545
-2916
-3448
-4084
-4793
-4747
-4262
-4146
-3981
-3288
-2773
-2695
-2543
-2238
-2410
-2705
-2891
-2964
-3302
-3468
-3375
-2962
-2513
-1991
-1188
-215
581
1229
1973
2387
2379
2360
2272
1711
949
555
80
-525
-758
-427
-68
517
1553
2851
3987
4938
5926
6641
6875
6574
6213
5487
4247
2718
1553
265
-1288
-2538
-3178
-3849
-4482
-4376
-4056
-3990
-3750
-3011
-2599
-2548
-2303
-2050
-2233
-2552
-2674
-2865
-3154
-3347
-3190
-2861
-2444
-1947
-1178
-304
382
1016
1642
2060
2055
2030
1949
1524
833
448
100
-402
-654
-315
134
620
1526
2767
3835
4654
5535
6246
6472
6214
5958
5352
4226
2838
1815
633
-850
-2073
-2690
-3359
-3975
-4022
-3796
-3803
-3658
-3158
-2905
-2903
-2812
-2682
-2832
-3059
-3211
-3287
-3376
-3379
-3185
-2745
-2279
-1752
-1039
-199
388
915
1519
1908
1877
1840
1816
1414
854
548
254
-194
-320
10
398
907
1801
2904
3867
4741
5614
6262
6503
6423
6169
5587
4562
3322
2213
998
-440
-1667
-2412
-3179
-3796
-3938
-3859
-3956
-3808
-3416
-3247
-3268
-3165
-3045
-3169
-3320
-3434
-3436
-3433
-3366
-3172
-2709
-2283
-1832
-1108
-350
132
641
1310
1627
1615
1670
1685
1276
877
624
287
-43
-20
238
564
1133
1967
2939
3810
4666
5421
6010
6248
6198
5978
5425
4463
3354
2321
1088
-271
-1415
-2212
-2973
-3567
-3772
-3799
-3847
-3735
-3421
-3276
-3257
-3140
-2977
-3055
-3183
-3233
-3235
-3236
-3163
-2983
-2706
-2311
-1843
-1261
-657
-71
460
1024
1378
1547
1629
1631
1414
1107
837
562
349
345
525
763
1298
2064
2823
3566
4378
5095
5503
5773
5819
5598
5007
4186
3238
2184
968
-276
-1323
-2213
-2991
-3481
-3732
-3875
-3918
-3764
-3592
-3446
-3306
-3175
-3095
-3056
-3057
-3086
-3077
-2996
-2931
-2813
-2513
-2126
-1729
-1214
-594
-52
458
1007
1423
1566
1735
1808
1623
1324
1151
930
669
630
789
992
1401
2073
2803
3425
4157
4869
5326
5524
5609
5504
4933
4135
3235
2268
986
-244
-1291
-2209
-3100
-3643
-3898
-4163
-4300
-4107
-3872
-3802
-3619
-3328
-3152
-3129
-2986
-2889
-2833
-2796
-2678
-2544
-2323
-1991
-1598
-1144
-635
-134
360
883
1263
1439
1600
1735
1603
1335
1204
1032
775
739
896
1060
1403
2060
2727
3318
4001
4730
5174
5394
5521
5416
4919
4203
3440
2475
1307
159
-809
-1744
-2634
-3260
-3630
-3959
-4201
-4164
-4022
-3929
-3850
-3593
-3360
-3231
-3146
-2954
-2802
-2745
-2666
-2440
-2212
-1987
-1616
-1135
-725
-297
247
763
1061
1291
1561
1668
1555
1387
1287
1084
882
795
913
1028
1341
1863
2512
3072
3685
4350
4801
5041
5081
5009
4567
3954
3178
2356
1316
273
-659
-1481
-2310
-2990
-3368
-3726
-3992
-4078
-3933
-3893
-3806
-3606
-3368
-3224
-3092
-2902
-2748
-2620
-2524
-2322
-2075
-1803
-1512
-1069
-634
-183
299
785
1137
1399
1660
1771
1729
1591
1504
1326
1188
1074
1143
1269
1539
1951
2500
3052
3542
4066
4470
4649
4602
4503
4100
3474
2779
2074
1127
184
-567
-1334
-2120
-2676
-3051
-3441
-3716
-3747
-3720
-3704
-3636
-3466
-3319
-3195
-3086
-2933
-2795
-2712
-2573
-2367
-2146
-1919
-1538
-1166
-758
-287
264
672
1008
1328
1590
1645
1586
1523
1423
1240
1110
1114
1175
1286
1560
2027
2510
2970
3438
3908
4180
4275
4254
4102
3675
3120
2517
1841
995
238
-464
-1175
-1856
-2338
-2719
-3094
-3327
-3393
-3406
-3434
-3353
-3246
-3186
-3131
-3010
-2929
-2910
-2804
-2632
-2471
-2266
-1902
-1548
-1133
-660
-117
370
820
1184
1490
1692
1742
1678
1564
1423
1224
1101
1070
1109
1241
1559
1954
2397
2870
3330
3710
3971
4103
4088
3950
3629
3155
2582
1963
1234
476
-239
-934
-1612
-2154
-2567
-2975
-3257
-3381
-3439
-3494
-3423
-3320
-3289
-3210
-3082
-3024
-2999
-2855
-2698
-2559
-2317
-1928
-1544
-1154
-670
-129
327
742
1121
1425
1578
1637
1603
1485
1324
1133
1012
967
1019
1154
1501
1896
2347
2810
3283
3640
3871
3997
3999
3851
3522
3108
2590
1981
1285
621
-67
-766
-1390
-1880
-2329
-2729
-3006
-3143
-3239
-3285
-3250
-3184
-3150
-3107
-3004
-2947
-2933
-2859
-2674
-2509
-2319
-1982
-1535
-1141
-724
-206
287
675
1041
1383
1576
1633
1643
1573
1398
1231
1091
1011
1028
1173
1424
1793
2256
2667
3058
3433
3665
3720
3669
3531
3167
2700
2200
1608
928
290
-303
-911
-1438
-1827
-2139
-2412
-2590
-2660
-2689
-2693
-2684
-2653
-2659
-2671
-2702
-2743
-2794
-2815
-2777
-2661
-2470
-2196
-1846
-1390
-902
-433
103
601
993
1308
1605
1696
1660
1571
1435
1169
974
915
876
933
1191
1596
1993
2434
2857
3237
3463
3575
3560
3392
3028
2581
2097
1522
872
257
-299
-822
-1270
-1612
-1859
-2061
-2174
-2233
-2247
-2259
-2272
-2315
-2386
-2477
-2601
-2706
-2817
-2856
-2861
-2744
-2544
-2232
-1860
-1403
-905
-378
161
625
1020
1325
1555
1608
1562
1436
1271
1061
921
850
879
1015
1310
1697
2094
2519
2910
3223
3377
3452
3380
3166
2782
2335
1822
1288
714
140
-370
-804
-1197
-1507
-1693
-1872
-2029
-2086
-2113
-2195
-2270
-2332
-2444
-2597
-2716
-2832
-2909
-2945
-2874
-2736
-2489
-2169
-1758
-1287
-795
-277
207
656
1002
1243
1353
1372
1291
1117
955
820
735
764
909
1161
1518
1962
2379
2783
3135
3380
3490
3494
3382
3111
2723
2285
1816
1295
750
235
-229
-666
-1037
-1343
-1588
-1805
-1963
-2080
-2188
-2287
-2359
-2463
-2597
-2732
-2854
-2948
-3007
-3018
-2943
-2761
-2525
-2182
-1748
-1270
-784
-273
238
668
974
1175
1286
1276
1161
1027
893
777
766
876
1060
1345
1719
2137
2501
2857
3157
3325
3364
3356
3214
2908
2562
2201
1746
1221
741
259
-235
-671
-1032
-1393
-1689
-1894
-2030
-2199
-2294
-2316
-2356
-2456
-2538
-2582
-2678
-2774
-2817
-2801
-2778
-2648
-2388
-2074
-1722
-1246
-716
-232
232
666
992
1179
1269
1279
1202
1118
1007
952
987
1104
1269
1542
1866
2164
2460
2747
2952
3048
3116
3085
2971
2745
2507
2177
1788
1329
831
325
-169
-652
-1128
-1508
-1815
-2040
-2227
-2305
-2324
-2337
-2322
-2316
-2322
-2363
-2401
-2468
-2520
-2574
-2565
-2473
-2295
-2042
-1699
-1252
-758
-274
188
611
911
1100
1184
1203
1138
1040
949
896
886
943
1091
1279
1514
1784
2067
2311
2534
2730
2832
2858
2825
2701
2436
2136
1737
1245
694
192
-355
-870
-1305
-1648
-1922
-2085
-2156
-2186
-2145
-2067
-1985
-1953
-1913
-1918
-1965
-2038
-2100
-2189
-2214
-2174
-2051
-1837
-1511
-1111
-657
-175
284
673
962
1159
1247
1242
1167
1051
908
797
733
744
802
948
1162
1437
1742
2047
2340
2600
2784
2882
2886
2746
2488
2148
1700
1176
635
112
-403
-860
-1214
-1492
-1680
-1797
-1827
-1838
-1808
-1783
-1735
-1757
-1805
-1849
-1945
-2070
-2159
-2217
-2278
-2232
-2072
-1834
-1529
-1125
-672
-204
215
576
865
1043
1102
1079
1019
880
727
603
545
526
577
727
956
1222
1511
1864
2174
2421
2630
2753
2726
2604
2378
2028
1635
1211
753
302
-87
-421
-722
-937
-1113
-1254
-1356
-1427
-1491
-1552
-1607
-1657
-1729
-1822
-1893
-1967
-2032
-2072
-2078
-2024
-1892
-1701
-1454
-1147
-788
-413
-73
247
506
683
788
841
828
763
685
602
575
570
579
663
845
1028
1222
1477
1742
1946
2131
2295
2313
2238
2147
1964
1660
1349
1045
698
362
67
-211
-493
-738
-932
-1124
-1301
-1436
-1537
-1618
-1668
-1684
-1717
-1745
-1733
-1729
-1764
-1782
-1743
-1686
-1607
-1476
-1284
-1051
-792
-497
-206
57
297
532
692
789
856
880
857
805
754
689
641
637
701
787
908
1117
1354
1580
1762
1941
2064
2075
2005
1877
1677
1396
1106
776
447
121
-173
-463
-720
-928
-1108
-1268
-1367
-1413
-1466
-1467
-1446
-1437
-1463
-1463
-1518
-1594
-1655
-1676
-1710
-1702
-1596
-1450
-1250
-978
-654
-354
-15
324
620
815
968
1054
1059
975
840
710
572
476
434
464
574
783
1033
1310
1593
1868
2042
2159
2191
2114
1939
1721
1440
1097
757
440
124
-202
-464
-676
-895
-1067
-1189
-1277
-1347
-1397
-1404
-1437
-1475
-1514
-1564
-1651
-1736
-1799
-1828
-1830
-1776
-1663
-1491
-1246
-959
-652
-313
49
367
627
823
967
1020
989
897
791
682
595
563
587
673
841
1072
1324
1567
1790
1977
2094
2133
2082
1969
1794
1553
1289
1008
707
399
102
-163
-431
-673
-890
-1084
-1248
-1363
-1448
-1531
-1571
-1592
-1630
-1682
-1711
-1759
-1830
-1862
-1824
-1802
-1741
-1592
-1415
-1200
-916
-608
-307
-3
288
535
725
868
931
958
951
929
903
911
946
1005
1094
1222
1394
1522
1652
1760
1850
1887
1875
1803
1707
1562
1351
1118
855
556
240
-44
-349
-652
-895
-1110
-1317
-1448
-1526
-1605
-1650
-1650
-1638
-1668
-1697
-1706
-1731
-1777
-1748
-1694
-1653
-1561
-1392
-1190
-985
-716
-454
-199
56
313
514
681
824
926
1019
1066
1128
1189
1237
1289
1353
1424
1469
1548
1614
1657
1684
1740
1738
1701
1670
1585
1448
1271
1055
794
513
195
-117
-435
-737
-1007
-1228
-1401
-1547
-1647
-1687
-1698
-1702
-1699
-1712
-1712
-1693
-1683
-1663
-1603
-1532
-1435
-1292
-1129
-970
-766
-545
-351
-149
71
254
413
588
730
833
940
1049
1129
1191
1256
1287
1317
1355
1370
1375
1413
1457
1496
1513
1539
1546
1498
1400
1267
1071
831
573
273
-51
-371
-641
-926
-1146
-1330
-1458
-1564
-1607
-1616
-1611
-1615
-1614
-1577
-1541
-1508
-1474
-1406
-1328
-1235
-1117
-981
-833
-674
-475
-270
-91
94
310
493
637
793
928
1014
1085
1169
1199
1208
1206
1192
1172
1172
1187
1219
1271
1345
1413
1466
1503
1490
1408
1266
1091
857
548
231
-87
-407
-718
-987
-1207
-1388
-1518
-1602
-1639
-1673
-1678
-1658
-1646
-1623
-1577
-1513
-1469
-1378
-1266
-1163
-1043
-875
-711
-546
-336
-135
54
248
460
641
805
948
1066
1144
1202
1245
1244
1211
1171
1120
1069
1055
1077
1116
1167
1263
1351
1423
1452
1449
1363
1217
1007
766
471
152
-152
-464
-764
-1031
-1248
-1428
-1551
-1662
-1735
-1773
-1770
-1769
-1733
-1680
-1621
-1542
-1444
-1337
-1222
-1074
-936
-777
-601
-414
-229
-23
177
361
562
754
915
1048
1172
1246
1291
1314
1288
1219
1141
1074
1005
980
987
1017
1067
1165
1243
1294
1313
1267
1170
1007
798
540
279
9
-285
-569
-825
-1058
-1246
-1394
-1529
-1635
-1687
-1707
-1711
-1672
-1601
-1522
-1418
-1293
-1173
-1057
-924
-798
-676
-564
-438
-284
-118
48
218
419
607
793
959
1107
1206
1277
1300
1271
1193
1091
989
880
793
747
756
774
835
934
1014
1050
1062
1023
912
752
558
341
100
-151
-407
-632
-842
-1038
-1201
-1322
-1441
-1530
-1563
-1561
-1543
-1475
-1365
-1250
-1124
-979
-845
-718
-601
-491
-403
-333
-240
-133
-23
97
265
442
597
772
952
1085
1164
1227
1247
1199
1122
1038
923
819
746
681
648
663
706
734
760
784
785
728
622
499
341
150
-51
-248
-451
-632
-804
-960
-1084
-1194
-1301
-1373
-1407
-1419
-1396
-1330
-1233
-1135
-1002
-847
-703
-578
-454
-350
-271
-189
-105
-40
36
148
263
384
516
651
768
890
980
1037
1069
1081
1050
999
937
877
805
741
694
664
635
605
594
558
502
425
350
245
121
-16
-155
-309
-453
-590
-730
-852
-961
-1053
-1142
-1206
-1237
-1232
-1202
-1139
-1047
-923
-792
-646
-496
-365
-255
-159
-71
0
56
113
167
228
292
359
439
530
603
679
765
830
876
923
955
952
934
907
859
785
699
614
523
427
334
231
136
60
-9
-91
-177
-255
-343
-440
-543
-637
-737
-831
-894
-948
-998
-1019
-993
-959
-918
-846
-760
-664
-555
-438
-335
-229
-116
-20
72
157
243
317
382
419
467
515
545
569
608
641
684
748
788
813
841
858
844
824
775
690
600
518
400
268
150
42
-74
-165
-246
-319
-382
-442
-498
-558
-607
-657
-708
-761
-802
-837
-846
-837
-829
-797
-741
-682
-607
-531
-438
-347
-253
-165
-72
30
127
219
309
385
439
492
535
560
557
557
569
587
598
623
658
683
705
716
709
663
601
517
402
277
163
46
-57
-138
-205
-253
-277
-295
-318
-337
-371
-409
-457
-507
-555
-598
-637
-651
-655
-652
-623
-594
-571
-541
-495
-459
-416
-351
-277
-193
-93
13
120
220
306
377
425
461
489
506
499
490
492
496
523
552
579
598
626
630
611
579
512
428
334
230
120
56
-4
-54
-100
-106
-113
-125
-143
-187
-231
-295
-366
-448
-496
-538
-571
-598
-605
-602
-601
-603
-607
-591
-579
-554
-526
-480
-411
-324
-238
-148
-44
58
148
229
305
354
393
421
455
475
499
528
565
603
623
633
641
638
610
582
530
470
412
356
303
259
214
162
123
90
45
-12
-61
-116
-189
-252
-307
-363
-417
-467
-516
-569
-605
-644
-687
-730
-753
-765
-766
-744
-698
-629
-554
-466
-373
-277
-182
-92
-1
73
141
219
288
354
413
472
527
582
630
657
679
701
711
708
701
680
642
602
570
528
464
403
348
286
213
149
91
28
-35
-95
-161
-220
-286
-359
-435
-512
-589
-656
-720
-778
-824
-859
-874
-872
-861
-839
-795
-731
-669
-587
-496
-394
-284
-185
-89
13
108
192
276
354
421
489
561
629
690
756
807
843
868
870
866
839
810
777
725
670
603
545
482
415
340
271
200
129
56
-21
-92
-180
-272
-360
-441
-526
-606
-684
-760
-821
-877
-918
-949
-965
-975
-962
-930
-871
-800
-728
-633
-531
-431
-326
-215
-115
-12
87
186
278
371
457
540
635
719
788
835
871
889
905
903
885
862
827
774
723
682
614
549
484
411
334
271
194
105
25
-61
-153
-253
-351
-452
-545
-640
-731
-815
-875
-926
-977
-1010
-1021
-1029
-1022
-981
-939
-875
-796
-700
-597
-483
-372
-270
-155
-51
58
163
274
388
496
596
696
784
846
897
932
956
966
969
955
930
891
849
798
747
691
624
560
492
419
345
259
152
51
-53
-168
-276
-375
-479
-580
-672
-760
-836
-892
-953
-1008
-1034
-1051
-1060
-1058
-1026
-975
-905
-822
-735
-632
-519
-403
-293
-169
-45
68
174
290
418
524
613
695
774
836
886
917
937
957
960
944
919
894
847
801
753
697
627
562
498
410
328
228
121
18
-86
-196
-297
-399
-495
-583
-668
-746
-816
-879
-930
-974
-1007
-1025
-1027
-1007
-981
-931
-866
-790
-698
-601
-504
-395
-268
-144
-26
88
212
322
429
522
599
676
737
786
815
859
889
912
920
914
892
862
828
770
710
644
588
516
449
373
289
211
113
3
-99
-192
-294
-395
-496
-572
-646
-712
-780
-843
-879
-907
-930
-939
-937
-920
-884
-831
-771
-686
-593
-495
-399
-301
-201
-91
18
113
217
316
403
488
557
612
659
698
732
749
769
771
769
765
736
704
666
619
562
515
461
408
348
291
229
159
87
9
-66
-161
-248
-334
-413
-481
-545
-606
-649
-681
-713
-740
-753
-758
-762
-754
-725
-688
-636
-558
-476
-388
-303
-211
-129
-55
19
87
153
220
288
347
409
464
505
536
576
596
603
616
609
578
558
549
517
488
446
409
371
343
307
272
229
180
124
56
-4
-73
-147
-219
-283
-348
-399
-449
-496
-536
-576
-607
-634
-637
-632
-625
-608
-568
-527
-482
-420
-353
-278
-217
-163
-105
-41
12
64
114
170
226
275
324
367
405
431
457
468
477
476
481
475
468
454
437
426
404
391
367
340
313
288
247
192
145
86
23
-39
-103
-166
-217
-267
-314
-353
-388
-424
-463
-486
-502
-516
-516
-514
-499
-467
-427
-383
-349
-311
-264
-213
-167
-122
-74
-23
27
77
126
166
200
240
271
301
322
343
367
385
391
397
400
395
394
390
369
344
316
286
251
211
177
142
109
69
28
-13
-59
-107
-163
-214
-267
-316
-366
-408
-432
-451
-474
-492
-488
-480
-471
-454
-428
-391
-355
-320
-272
-208
-153
-99
-48
-4
50
101
141
182
224
275
320
351
378
400
426
440
453
459
461
451
431
411
390
348
304
266
219
175
145
105
68
38
3
-37
-72
-109
-164
-213
-249
-293
-336
-361
-395
-425
-445
-462
-471
-464
-450
-434
-406
-374
-342
-307
-257
-208
-169
-117
-68
-23
22
66
105
140
185
227
264
303
346
375
398
414
408
411
412
396
368
359
343
307
266
230
196
158
124
89
60
34
4
-31
-58
-93
-133
-172
-212
-252
-288
-323
-355
-373
-388
-398
-405
-409
-399
-371
-356
-335
-301
-269
-227
-182
-148
-109
-68
-33
8
49
82
116
160
193
221
262
300
323
343
353
354
363
364
351
329
316
304
277
246
219
197
182
159
121
96
84
56
19
-10
-49
-80
-114
-156
-194
-226
-257
-285
-314
-331
-334
-339
-340
-344
-334
-324
-309
-289
-260
-220
-190
-157
-112
-69
-37
-8
26
58
91
114
138
169
205
226
249
271
286
292
300
296
290
288
277
263
252
237
213
191
170
146
117
91
66
39
16
-17
-60
-91
-115
-142
-171
-194
-219
-248
-272
-288
-300
-311
-323
-334
-317
-296
-277
-255
-217
-187
-163
-133
-108
-83
-48
-18
9
48
86
118
149
179
211
235
246
256
267
277
282
281
282
280
269
248
232
220
208
183
158
132
109
84
52
23
0
-33
-72
-93
-110
-133
-172
-206
-240
-255
-273
-290
-299
-299
-303
-299
-283
-267
-250
-227
-201
-179
-136
-117
-102
-77
-48
-17
5
38
70
103
135
174
198
213
230
243
257
260
260
251
253
249
238
223
213
202
183
160
148
141
122
93
65
52
24
-8
-37
-61
-90
-115
-141
-175
-193
-208
-222
-236
-247
-255
-251
-238
-229
-217
-199
-178
-163
-147
-126
-101
-80
-64
-39
-7
22
42
68
96
112
127
148
163
169
171
175
181
180
178
174
172
166
160
146
137
129
125
116
92
77
62
46
11
-12
-28
-57
-85
-106
-119
-132
-136
-159
-181
-190
-195
-203
-210
-209
-196
-174
-160
-156
-150
-132
-117
-102
-89
-80
-56
-25
-1
15
37
56
79
95
104
113
137
153
156
152
157
176
173
163
154
155
151
153
138
116
110
104
93
70
56
43
30
16
-8
-31
-44
-59
-91
-109
-122
-137
-142
-150
-161
-158
-147
-147
-141
-138
-130
-119
-112
-106
-108
-99
-71
-56
-48
-18
12
29
43
56
70
97
112
114
118
127
140
149
140
129
128
128
117
101
95
94
89
80
70
71
66
48
33
18
12
3
-15
-39
-54
-68
-78
-89
-102
-117
-121
-119
-122
-131
-141
-141
-140
-142
-143
-134
-127
-113
-103
-98
-93
-73
-57
-44
-29
-6
19
36
52
72
93
99
108
114
119
121
130
131
126
128
132
130
128
123
107
98
88
81
67
54
52
51
42
24
9
-4
-13
-30
-45
-59
-65
-63
-78
-94
-99
-100
-99
-105
-113
-118
-125
-121
-122
-122
-112
-96
-87
-80
-72
-55
-42
-36
-28
-27
-8
17
36
52
68
82
94
91
82
83
86
83
78
84
98
99
92
92
89
80
69
54
41
34
26
15
8
-3
-8
-16
-24
-34
-49
-57
-59
-66
-80
-85
-96
-101
-97
-88
-89
-93
-86
-79
-73
-66
-65
-57
-45
-31
-14
-5
3
14
12
12
19
19
21
37
48
63
76
84
88
92
88
86
94
86
72
66
74
65
56
51
47
40
33
27
17
15
1
-18
-34
-28
-28
-29
-32
-39
-37
-35
-38
-55
-61
-57
-58
-63
-63
-58
-50
-47
-46
-39
-24
-17
-18
-15
-9
2
4
7
4
8
17
23
24
26
29
34
42
38
41
53
60
53
42
34
41
45
32
15
14
23
26
9
-2
4
-1
-13
-26
-21
-28
-33
-41
-50
-51
-41
-39
-49
-53
-52
-43
-42
-44
-43
-36
-25
-16
-14
-6
3
14
19
14
12
19
26
29
29
30
40
45
44
43
38
33
28
27
34
35
29
26
35
38
39
31
18
13
20
10
6
4
1
-1
-6
-8
-18
-28
-37
-38
-38
-33
-35
-38
-45
-50
-45
-44
-43
-41
-36
-29
-23
-18
-13
-10
-8
-5
1
-2
-10
-8
0
-4
3
10
13
12
21
31
35
40
40
32
34
34
30
23
21
24
25
24
23
19
5
7
10
17
15
19
22
19
16
11
-3
-9
-16
-30
-37
-31
-22
-17
-15
-23
-25
-23
-29
-24
-11
-11
-24
-20
-13
-8
-14
-19
-19
-18
-6
-9
-7
0
6
5
7
14
10
1
-2
2
9
11
17
28
29
24
21
15
14
13
5
3
5
5
-2
-11
-12
-17
-18
-16
-20
-23
-19
-19
-19
-14
-16
-20
-15
-8
-10
-7
-3
-4
-6
-13
-14
-12
-14
-9
-1
0
-6
-4
2
4
7
3
5
13
16
19
25
24
23
29
33
37
33
29
30
33
30
26
26
28
25
23
24
22
23
14
4
2
4
-1
-4
-13
-9
-11
-16
-15
-23
-23
-21
-18
-22
-19
-12
-3
-5
-10
-7
-1
-1
-5
-3
-6
-5
3
12
4
-1
-2
-5
-2
11
17
16
18
17
21
24
19
5
-1
0
4
10
9
4
3
6
6
3
-3
-6
-10
-11
-14
-18
-11
-6
-17
-26
-25
-22
-26
-30
-26
-20
-16
-22
-20
-18
-16
-15
-13
-10
-3
3
2
-1
-6
-6
-6
-11
-10
-7
-11
-3
3
2
-7
-4
1
-1
-5
-6
0
4
8
1
1
10
15
10
13
13
13
11
6
-3
-7
2
7
4
5
8
3
-10
-12
-11
-12
-14
-17
-14
-7
-1
5
5
5
3
7
15
13
8
12
20
24
20
19
27
23
24
30
20
18
22
19
25
25
20
27
30
21
16
12
1
2
8
3
7
14
15
7
-8
-12
-5
-10
-21
-23
-18
-7
-7
-14
-16
-18