-8
-3
1
7
2
0
4
11
7
-1
2
8
6
-1
2
5
10
8
4
1
-4
-3
3
1
2
7
11
8
4
6
3
-2
-5
-4
-2
-9
-13
-3
4
0
-5
-1
5
2
-2
3
1
0
-3
4
4
5
2
1
17
11
2
5
11
14
11
6
9
12
5
-2
-4
7
1
-11
-15
-5
3
4
-3
-6
0
-2
-8
-6
-3
-3
-1
-2
-4
-2
-1
-3
-5
-4
3
3
3
2
-2
-3
-7
-6
-6
-2
-8
-7
2
7
0
-1
-1
-6
-8
-13
-10
-11
-9
-10
-8
-3
1
-1
5
3
4
8
11
8
8
9
2
9
7
7
9
10
6
2
-4
-3
-6
-7
-6
-14
-14
-5
-4
-5
-1
-8
-12
-15
-14
-9
-6
-4
-3
2
5
-4
-9
-6
-6
-5
-7
-8
-3
2
4
3
1
3
-2
-7
-3
-4
-6
0
3
7
11
8
11
9
5
-6
-11
-14
-10
0
5
4
9
28
25
14
7
-3
-5
-10
-17
-18
-11
-10
0
9
11
17
11
11
13
2
-8
-1
-4
2
2
-1
4
14
15
12
16
17
16
9
1
1
-1
-4
1
8
14
13
8
8
15
5
-3
-4
-6
0
0
-9
6
13
10
2
3
3
-8
-19
-20
-15
-16
-13
-12
6
15
6
3
4
-3
-6
-8
-12
-12
-3
0
5
13
15
20
13
5
4
2
-4
-14
-16
-15
-17
-16
-9
-11
-8
-5
-3
-1
-5
-4
1
-5
-14
-7
3
7
11
6
14
21
17
18
14
9
5
-1
-7
-5
-12
-9
-6
-8
-9
-8
-7
-5
-2
-8
-12
-15
-10
-14
-20
-16
-8
-3
0
6
9
11
15
9
4
5
1
-8
-7
-9
-14
-5
-4
-7
-10
-4
-1
4
6
6
3
1
5
-1
-4
-8
-7
-3
-1
-2
3
6
9
11
6
3
-1
0
0
-4
-5
7
8
14
18
12
12
23
17
9
4
-2
1
6
6
0
12
12
0
-6
-10
-13
-13
-16
-18
-6
2
7
14
16
2
-3
1
0
-9
-13
0
18
25
20
24
28
21
12
5
-12
-18
-13
-13
-7
-1
4
13
20
16
7
3
0
-11
-15
-17
-13
-2
-5
-1
15
18
16
6
0
-5
-11
-19
-28
-28
-20
-14
-6
0
0
-2
-11
-18
-29
-31
-32
-33
-30
-8
11
27
48
54
54
56
44
29
13
-6
-21
-15
-19
-12
-6
0
9
-1
-1
-9
-36
-55
-57
-48
-45
-45
-39
-12
21
16
15
22
32
25
13
0
2
-6
-9
-9
-24
-17
-12
2
-1
-2
9
28
26
10
-8
-17
-19
-37
-57
-58
-34
-12
13
33
60
85
86
66
39
23
-1
-30
-42
-34
-24
5
32
46
60
54
28
10
-8
-32
-41
-36
-19
24
45
63
73
70
56
14
-42
-79
-89
-92
-85
-66
-26
20
57
79
84
63
24
-18
-55
-95
-117
-106
-71
-39
6
43
74
87
80
42
-4
-34
-78
-97
-90
-72
-40
34
78
112
143
146
118
76
31
-17
-47
-70
-72
-64
-35
19
66
82
83
84
70
38
-18
-68
-85
-93
-88
-66
-37
12
60
88
80
69
43
4
-26
-73
-98
-88
-49
-24
11
60
93
106
104
79
3
-50
-81
-83
-74
-76
-40
23
66
85
82
66
40
-13
-90
-130
-163
-134
-80
-63
-45
-5
47
72
60
18
-29
-62
-71
-92
-113
-89
-60
-44
-17
1
-1
18
28
35
61
72
75
93
112
127
102
73
45
-9
-34
-26
-34
-49
-58
-98
-70
-31
-25
-51
-74
-40
-39
-45
-100
-151
-132
-99
-15
-19
-35
32
62
90
49
-5
-29
-67
-63
-62
-38
24
144
225
267
259
195
79
-7
-26
-107
-146
-95
-20
-15
-62
-29
14
-13
-89
-110
-75
-45
-46
-71
-70
-29
-7
19
83
149
280
357
344
324
329
277
135
-20
-137
-219
-195
-155
-144
-34
50
85
135
116
104
68
-37
-135
-195
-262
-308
-291
-277
-183
-13
143
157
64
-11
-5
30
-71
-204
-173
61
261
350
422
503
594
598
470
309
287
299
201
125
106
83
59
-20
-168
-343
-496
-523
-524
-486
-524
-511
-324
-151
11
38
-67
-193
-220
-260
-383
-455
-438
-408
-335
-199
-40
190
362
466
564
612
609
489
243
44
17
12
-50
-21
119
310
441
455
292
135
45
-117
-277
-403
-538
-541
-367
-259
-111
71
285
494
576
451
301
101
-67
-247
-332
-339
-257
-42
102
266
314
274
126
-103
-412
-609
-693
-735
-698
-587
-285
-145
-20
68
51
-6
-243
-500
-728
-997
-1416
-1820
-2170
-2652
-3130
-4413
-6218
-5762
-4164
-3393
-2111
-27
3206
7957
11545
11989
12487
13864
13256
10697
7575
3801
776
-312
-1751
-3724
-4454
-4192
-3827
-3793
-5257
-7649
-9257
-10265
-11429
-12394
-12383
-10433
-6606
-2124
2458
6528
9637
12815
15123
14692
12389
10068
7752
5428
3264
1079
-759
-1270
-1521
-2663
-3938
-7396
-10717
-12902
-15453
-17786
-19023
-19391
-16685
-11307
-6481
-1712
4272
10141
14442
17686
18351
17544
17300
16887
15542
15045
15405
17179
16863
13678
10355
7587
1632
-7498
-16909
-24190
-28610
-30742
-32228
-31130
-23720
-15109
-7851
218
7163
10185
11936
13129
11680
8283
6559
7177
9136
11530
14645
18207
20742
21568
19981
14120
5586
-3016
-12012
-20725
-27587
-31620
-31862
-27745
-21508
-15200
-7725
19
5557
8766
10355
9997
8415
6611
6062
5039
3027
4437
8195
10232
10530
10079
8825
7715
4678
-2041
-8856
-12340
-15017
-17963
-18812
-17551
-14649
-9160
-2628
3333
9023
13920
18868
23230
24519
22721
19204
15122
10793
5649
-1202
-8093
-12228
-13357
-13622
-13762
-14008
-11807
-8081
-6452
-7226
-8029
-9505
-11472
-11897
-11189
-9998
-6786
-196
8125
15990
22015
26656
29499
29415
26098
19693
10821
2084
-4810
-10631
-14993
-17189
-16876
-14260
-10471
-7944
-6745
-6066
-6000
-8043
-12276
-15799
-16703
-15835
-13863
-10197
-4951
2469
10855
16871
19468
21067
21204
18024
12280
6527
1259
-1725
-2119
-846
2003
7063
13117
19041
21577
18095
12292
6090
-2277
-12889
-23064
-30418
-32548
-30109
-25358
-19107
-9951
977
10272
15976
17455
15066
10639
5528
-126
-5683
-9236
-7908
-2488
4261
11222
18345
23616
25610
24305
18634
8607
-2894
-13313
-21842
-27899
-30448
-28669
-22892
-14353
-5122
2726
7302
8722
8429
6449
1828
-4454
-10080
-11957
-9398
-5410
-1775
3614
11449
18121
20581
19339
15648
10773
6141
749
-4974
-8237
-6685
-1454
4948
9760
11883
13558
14597
11635
3411
-7177
-16589
-22703
-25749
-26857
-25725
-20309
-10489
513
8669
13088
14878
14587
11638
6389
-185
-6497
-9246
-7346
-3115
1953
8647
16019
22026
25043
24026
18289
9264
-388
-9636
-18388
-25545
-28864
-27426
-22768
-16787
-10521
-4209
1771
5591
5642
2730
-511
-3316
-6035
-7944
-7787
-4993
-10
6014
11633
16399
20218
22772
23096
21429
18046
14422
12313
11386
8920
3592
-544
-1569
-2982
-8181
-15507
-21320
-23483
-23927
-24852
-25576
-22674
-15756
-8031
-1881
3092
6543
8642
10336
11567
10281
7422
7377
10475
13384
15077
17420
19498
19783
18445
14840
7177
-2859
-11471
-18061
-24242
-29612
-31124
-29222
-25788
-20957
-14631
-8713
-4653
-1199
1720
3528
4313
3940
4178
6423
9543
11592
13653
16022
18661
20575
20807
18572
16090
14840
13602
12060
10768
9285
4495
-1263
-4888
-7563
-14196
-23622
-30098
-30569
-28880
-27902
-26054
-19420
-8606
1177
7433
11980
14664
14430
12623
11172
7930
3101
1767
5681
10108
12271
15686
20145
21642
19178
14728
6753
-5045
-14927
-20879
-26023
-31046
-32391
-28737
-23186
-17056
-9520
-3286
789
4832
8487
9521
7997
6537
6989
8616
9368
9181
10342
13011
15166
16330
16137
14614
13297
12700
12250
9423
6778
5253
583
-5799
-9692
-12004
-16858
-24259
-27700
-25298
-22076
-19844
-16450
-9157
236
7130
10561
13193
13785
11352
8087
6650
4185
308
-163
4528
9117
10894
13589
17503
17702
13851
9184
1912
-8620
-17949
-22679
-26361
-31467
-31953
-26627
-20013
-13621
-6828
-950
3353
7361
11017
11311
8980
7504
8193
9268
8186
6942
8212
11287
13307
14416
14793
15009
15218
16370
15718
12969
10343
5053
-2567
-8539
-12206
-17438
-25557
-31672
-30043
-24920
-21458
-18955
-11959
-888
7562
11055
13653
14853
11888
7551
6134
4944
571
-1176
4198
11313
13847
16142
20531
21705
17230
11586
3914
-7764
-17793
-22829
-25606
-30412
-32510
-27655
-20498
-15119
-9086
-2168
2937
6415
10083
11884
10634
9223
9671
10928
10461
8950
9491
12029
13699
13809
14095
13854
12831
12281
11375
8242
5486
2516
-3743
-10626
-14339
-16180
-20464
-26565
-28044
-23039
-17800
-14891
-10906
-2505
6121
10885
13143
15012
13809
9655
6938
7022
4557
698
1888
7938
11667
12351
14911
17233
14808
9477
4084
-4339
-15026
-22448
-25830
-29269
-32505
-30316
-23330
-17171
-11771
-3827
3520
7186
9917
13267
14245
12147
10581
11014
11216
9793
9255
10903
12869
13320
14115
14792
13943
11799
10336
7978
4386
306
-5938
-12748
-16741
-17974
-20090
-24270
-26087
-21350
-14653
-10584
-7700
-1226
6631
11028
12439
13685
12646
8675
5351
5168
3976
525
320
5335
9787
10983
12704
14720
13317
8856
3938
-3280
-13727
-21928
-25601
-29186
-32475
-30515
-23205
-15758
-10101
-2257
6809
11969
13555
15267
16388
14023
9939
8010
7469
5904
5257
7239
10211
12361
14517
16600
16636
14777
12996
10721
6419
-1650
-10772
-16383
-19145
-22211
-26591
-29051
-26029
-19287
-13090
-8564
-3399
4328
11376
14481
15000
14057
10963
7052
4845
3501
554
-1097
2260
8002
11234
12991
15896
16911
13514
8407
1546
-8012
-17592
-24200
-27911
-31353
-32248
-27210
-19644
-13292
-5925
3393
10146
12379
14100
15655
13806
9853
7151
6361
5489
4903
6632
10219
13122
15401
17759
18500
16321
13558
10732
6070
169
-6996
-14222
-18997
-20730
-21623
-23848
-25486
-22050
-15056
-10040
-7860
-3486
4055
9309
10668
11796
12561
10405
7134
6566
6734
4094
2296
5573
9978
10852
11274
13377
13277
8443
2783
-2283
-10438
-20334
-26485
-28562
-30353
-30515
-25484
-17325
-9970
-2225
6226
11940
14150
15592
16499
14335
9430
6292
6115
5884
4915
6541
10671
14149
16537
18611
18750
16147
13025
9620
4691
-3329
-12556
-18792
-21414
-23034
-25276
-27018
-25091
-18753
-11866
-7690
-4357
1517
8023
11369
12198
12320
10940
8043
6446
6622
5303
2887
3856
8209
11066
11379
12158
12863
10049
4813
-534
-7849
-17495
-25119
-28151
-29581
-30432
-27686
-20182
-11122
-2665
5090
11482
15327
17042
17306
15172
10429
5679
3822
3936
3773
4421
7838
12852
16927
19162
19609
17800
14635
10432
4967
-2031
-10826
-18363
-21817
-22622
-23077
-23884
-23052
-17969
-11183
-6537
-4161
-802
4384
7919
8801
9424
9472
7868
6335
7217
8170
6582
5671
8202
10840
10660
9754
9657
7543
2446
-2467
-7215
-14348
-21992
-25335
-25516
-26076
-25077
-19790
-12104
-4937
1836
8326
12501
14403
15533
15383
12630
8516
6096
5989
5959
5947
7588
10741
13823
15851
16745
15565
12615
9191
5403
383
-7072
-14665
-18657
-19827
-20600
-21824
-22179
-19238
-14042
-9320
-6361
-3576
891
5137
7407
8792
9578
8940
7468
7647
8923
8076
6492
7455
9872
10527
9597
9204
8019
4168
-767
-5459
-11309
-18265
-23017
-24490
-25136
-24529
-20773
-14494
-8021
-1561
4931
9687
11956
13460
14161
12794
9650
7374
7204
7477
7581
8990
11670
14090
15639
16727
16299
13524
9654
5818
1650
-4908
-12908
-18032
-19754
-20819
-22465
-23346
-21077
-16310
-11818
-8368
-4919
-259
4150
6741
8610
9688
9349
8274
8182
9185
8919
7725
8559
10779
11427
10395
9724
8737
4943
-496
-5370
-11099
-17993
-22882
-24676
-25299
-24885
-21646
-15355
-8491
-2420
3593
8695
11526
12829
13438
12688
10144
7868
7937
8882
9415
10580
13149
15609
16750
16956
15693
12568
8284
3743
-507
-6719
-14443
-18881
-19890
-20068
-21551
-22243
-19633
-15016
-11178
-8752
-5815
-1202
2746
5133
7740
9605
9609
9010
10133
11605
10565
9019
9740
11007
10554
8856
7699
5876
2133
-1838
-5718
-11222
-17160
-20578
-21332
-21725
-22010
-19444
-13839
-8173
-3284
1673
6059
8689
10401
11914
12050
10454
9201
9834
10892
11113
11598
13217
14821
15069
14451
13051
10393
6561
2877
-713
-6377
-12844
-16624
-17637
-18512
-20639
-21657
-19258
-15406
-12346
-9850
-6346
-1729
2215
5373
8227
9912
9840
9467
10370
11084
10013
8737
9152
10240
10317
9223
8006
6239
3056
-599
-4947
-10787
-16378
-19825
-21336
-22370
-22408
-19588
-14580
-9398
-4155
1031
5170
7850
9934
11504
11299
9927
9539
10230
10814
11331
12743
14444
15510
16282
16215
14148
10835
7362
3991
-940
-8011
-13948
-17102
-18573
-20136
-22124
-22242
-19412
-15435
-12131
-9521
-5814
-1097
2696
5554
8067
9529
9539
9478
10774
11381
10227
9461
10238
11029
10519
9345
8057
5493
2004
-1464
-6092
-11856
-16865
-19572
-20735
-21799
-21554
-18386
-13636
-8938
-4272
474
4451
7032
9002
10571
10652
9864
9805
10979
12041
12558
13743
15560
16639
16835
16151
14208
10669
6769
3448
-1704
-9434
-15534
-17998
-19227
-21884
-24368
-23289
-19447
-15795
-12568
-8870
-4348
-55
3585
7011
9285
9629
9377
10165
11435
11155
10188
10612
11639
11964
11521
10610
8662
5233
1714
-2156
-7972
-14085
-18106
-20033
-21576
-22376
-20416
-16387
-12238
-7738
-2804
1312
3968
6146
8191
8828
8399
8597
9685
10880
11968
13574
15409
16703
17354
17396
16083
13472
10006
6498
2548
-3586
-10440
-15093
-17376
-19372
-22480
-24526
-22954
-19513
-16477
-13577
-9364
-4145
133
3794
7714
10157
10349
10075
11291
12093
10786
9777
10811
11889
11610
11008
11052
9468
5548
1792
-2258
-8111
-14302
-18604
-20754
-22491
-23132
-20650
-16210
-11860
-7392
-2258
2428
4929
6495
8248
8808
7952
7715
9061
10432
11192
12902
15554
17331
17736
17516
16392
13654
9931
6354
2114
-4509
-11186
-14913
-16766
-19264
-22402
-23559
-21498
-18570
-16010
-13088
-8938
-4125
-8
3635
7167
9203
9692
10095
11329
11776
10587
9964
10907
11713
11403
10509
10029
8507
5321
1724
-2895
-8538
-13480
-17151
-19811
-21866
-22041
-19514
-15767
-11541
-6949
-2415
1574
4516
6641
7758
7771
7608
7812
8633
9777
11111
12943
15081
16978
17891
17327
15851
13360
9820
5806
1053
-5076
-11202
-15242
-16998
-18789
-21455
-22459
-20180
-16905
-14633
-12280
-8207
-3566
-91
3065
6441
8523
8788
9371
11032
11648
10534
10173
11234
11807
11074
10265
9689
7704
4350
958
-3189
-8583
-13392
-16505
-18718
-20452
-20581
-18346
-14889
-10989
-6533
-2182
1269
3878
6011
7422
7580
7165
7325
8167
9192
10400
12019
13906
15561
16639
16612
15361
12998
9833
6372
1876
-4358
-10405
-14322
-16343
-18498
-21208
-21996
-19650
-16505
-14055
-11325
-7164
-2766
551
3692
6721
8035
7888
8341
9742
10045
9117
9254
10538
11357
11264
11085
10643
8504
5185
1857
-2553
-8164
-13162
-16487
-18821
-20336
-20171
-18031
-14752
-10665
-6101
-1924
1150
3422
5373
6644
6764
6377
6603
7571
8697
10130
11977
13750
15176
16219
16436
15134
12412
9326
6261
2185
-3731
-9636
-13403
-15356
-17394
-19861
-20939
-19226
-16378
-13912
-11250
-7551
-3339
208
3412
6564
8261
8347
8566
9669
10137
9220
8787
9617
10282
10405
10276
9607
7900
5253
2317
-1718
-7182
-12015
-15246
-17791
-19694
-19950
-18179
-15150
-11407
-6835
-2597
590
3190
5486
6886
7037
6624
6721
7342
8274
9541
11136
12870
14389
15568
15961
14926
12686
9770
6677
2865
-2785
-8693
-12758
-14954
-16758
-19193
-20525
-19080
-16317
-13796
-11443
-7988
-3785
-350
2645
5793
7843
8182
8179
9363
10188
9423
8784
9523
10330
10412
10273
9831
8315
5904
2985
-869
-5990
-11039
-14444
-17117
-19691
-20469
-18867
-16058
-12793
-8536
-3624
108
2652
5176
7174
7720
7171
7030
7565
8103
8863
10324
12038
13428
14637
15588
15043
13093
10659
7884
4376
-835
-6819
-11360
-14240
-16315
-18631
-20493
-19834
-17315
-14632
-12112
-8920
-4662
-901
2024
5228
7512
8028
7747
8581
9583
8922
8040
8729
9776
10162
10276
10593
9559
7063
4459
1334
-3527
-9216
-13443
-16166
-18878
-20435
-19625
-17233
-14035
-9908
-4947
-824
1800
4441
6935
7800
7274
6804
7152
7428
7901
9254
10799
11970
13347
14693
15060
13360
11173
8755
5751
1943
-3617
-8917
-12866
-14986
-17132
-19216
-20034
-18426
-16193
-13492
-10565
-6615
-2027
1144
4654
7951
9550
9230
9580
10658
10290
8715
8458
9007
8918
8740
9083
8563
6184
3652
1035
-3145
-8655
-13296
-16100
-18583
-20652
-20066
-17285
-13899
-9992
-4783
448
3574
5789
8374
9589
8824
7660
7446
7262
6872
7617
9189
10368
11316
12781
13719
12651
10444
8394
5689
1468
-4182
-9371
-13089
-15519
-17117
-18416
-18918
-17186
-14271
-11176
-8000
-3952
235
3186
5569
8084
9175
8586
7927
8249
8140
6868
6430
7250
7885
8085
8525
8729
6892
3616
817
-2884
-8083
-13008
-16455
-18614
-19803
-19280
-16474
-12980
-8844
-3766
1179
4532
6376
7912
8904
8265
6949
6164
5926
5911
6661
8392
9938
11089
12440
13516
12874
10681
8174
5602
2071
-2795
-8069
-12183
-14595
-15904
-16888
-17639
-16719
-14202
-11294
-8419
-5102
-1211
2026
4393
6807
8571
8683
8012
7926
8238
7516
6645
6886
7467
7657
7882
8135
7213
4512
1296
-1812
-6102
-11187
-15167
-17820
-19293
-19068
-17184
-14151
-10260
-5434
-212
3482
5844
7734
8886
8790
7665
6577
6019
5674
6115
7359
8721
9883
11193
12496
12506
10891
8694
6255
3396
-493
-5323
-9905
-13255
-14773
-15438
-16397
-16609
-14763
-11874
-9218
-6579
-2868
718
3082
5279
7641
8621
7990
7456
7845
7564
6419
6071
6542
6865
6885
7289
7244
5641
3207
464
-3025
-7623
-11983
-14911
-17178
-18486
-17596
-15283
-12209
-8392
-3552
1112
4080
6310
8194
8919
8419
7357
6621
5915
5358
5857
6893
7742
8755
10140
11074
10549
9076
7462
5128
2281
-1204
-5376
-9791
-12889
-13770
-14103
-15332
-15405
-13065
-10136
-7910
-5222
-1177
2038
3785
5845
8200
8659
7378
6852
7323
6579
5107
5034
5746
5754
5596
6285
6323
4422
1947
-358
-3761
-8352
-12199
-14457
-16351
-17536
-16489
-13685
-10498
-6954
-2409
2167
5076
6889
8474
9233
8630
7506
6745
6120
5473
5620
6434
7191
7877
8729
9224
8663
7198
5579
3378
801
-1864
-5216
-9019
-11707
-12448
-12435
-13201
-13453
-11618
-9046
-6889
-4494
-1020
2139
3895
5694
7952
8717
7655
6764
6904
6284
4619
4006
4393
4221
3845
4325
4769
3334
1122
-567
-3119
-6991
-10569
-12693
-14328
-15923
-15531
-12911
-10209
-7332
-3268
1346
4615
6448
8401
9822
9532
8561
7942
7271
5997
5274
5700
6124
5972
6244
6946
6887
5568
4322
3159
1360
-935
-3857
-7056
-9922
-11361
-11682
-12318
-13076
-11922
-9483
-6917
-4492
-1093
2549
4922
6751
8924
9920
8912
7401
6788
5853
3860
2591
2444
2241
1982
2549
3265
2537
859
-542
-2949
-6478
-9740
-11959
-13861
-15436
-15008
-12400
-9683
-6724
-2393
2423
5858
7845
9676
10772
10081
8801
7867
6522
4713
3923
4426
4666
4432
5084
6136
5968
4687
3629
2443
225
-1917
-3790
-6534
-9605
-10809
-10098
-9894
-10784
-9921
-7249
-5058
-3434
-683
2777
4628
5614
7618
9128
8218
6422
5817
5381
3466
1815
1575
1357
747
1100
2123
1773
67
-994
-2192
-5113
-8575
-10834
-12179
-13484
-13648
-11697
-8985
-6282
-2416
2225
5889
7878
9503
10858
10634
9108
7644
6157
4401
3175
3079
3241
3134
3655
4790
5164
4363
3326
2346
590
-1413
-3414
-6113
-9043
-10470
-9998
-9530
-10067
-9433
-6880
-4376
-2455
-39
3241
5436
6410
7807
9115
8474
6517
5284
4754
3072
1039
355
390
126
164
973
1276
74
-1169
-2202
-4393
-7643
-10281
-11581
-12570
-12957
-11495
-8708
-5774
-2206
2178
6324
8595
9924
11160
11304
9776
7739
6041
4340
2552
1835
2005
2064
2226
3154
4092
3879
2817
1992
822
-829
-2868
-5415
-8070
-9684
-9622
-9110
-9323
-8846
-6535
-3945
-1777
571
3777
6066
7022
8071
9208
8550
6425
4705
3873
2123
-63
-962
-912
-1101
-1000
38
740
-86
-1097
-1778
-3715
-6716
-9326
-10677
-11774
-12321
-11007
-8209
-5455
-1968
2486
6645
8939
10259
11437
11415
9634
7558
5725
3672
1657
956
1194
1194
1376
2518
3648
3540
2701
2073
979
-730
-2538
-4829
-7505
-9349
-9241
-8424
-8560
-8278
-6024
-3282
-1213
969
4174
6563
7258
8038
9111
8491
6028
3967
3014
1225
-1111
-1977
-1743
-1788
-1651
-323
737
136
-842
-1367
-3108
-6356
-8977
-10103
-11256
-12119
-11027
-8058
-4870
-1691
2500
6819
9408
10602
11391
11245
9448
7052
5131
3134
1003
54
333
697
941
2005
3199
3350
2590
1950
1010
-719
-2400
-4151
-6466
-8368
-8398
-7347
-6994
-7015
-5208
-2569
-628
1062
3626
5976
6705
7027
7953
7769
5696
3491
2367
1031
-1146
-2292
-2137
-2049
-1970
-870
426
358
-514
-965
-2229
-4902
-7454
-8796
-9858
-10856
-10198
-7563
-4716
-2023
1592
5767
8552
9603
10274
10449
9072
6790
4814
3019
922
-416
-334
35
147
871
2120
2744
2285
1800
1305
125
-1213
-2806
-4951
-6922
-7415
-6660
-6453
-6788
-5385
-2859
-856
702
3125
5760
6726
6889
7698
7699
5671
3071
1707
455
-1780
-3079
-2817
-2407
-2216
-1030
686
1010
156
-259
-1292
-3979
-6921
-8241
-8938
-10025
-9823
-7326
-4196
-1480
1778
5755
8515
9369
9761
9769
8273
5745
3807
2301
287
-1143
-899
-153
31
593
1873
2520
1914
1266
951
-143
-1548
-2610
-3927
-5567
-6181
-5307
-4551
-4809
-4106
-2030
-383
574
2132
4402
5400
5277
5821
6312
5015
2735
1395
612
-1153
-2700
-2748
-2339
-2290
-1624
-110
554
-87
-457
-989
-2804
-5412
-6997
-7476
-8267
-8389
-6682
-4167
-1724
1040
4396
7183
8190
8737
8935
7979
5931
3997
2458
663
-885
-1041
-670
-469
-59
1071
1991
1846
1448
1312
722
-218
-1184
-2561
-4264
-5223
-4706
-4312
-4724
-4533
-2801
-1215
-192
1300
3641
4904
5024
5452
6021
4937
2647
1058
214
-1422
-3031
-3208
-2640
-2296
-1515
151
1197
862
415
22
-1747
-4370
-6265
-7070
-7988
-8493
-7205
-4664
-2320
300
3510
6412
7773
8279
8573
7860
5981
4083
2510
799
-864
-1362
-1042
-831
-424
693
1801
2042
1871
1951
1653
829
-112
-1556
-3390
-4788
-4741
-4448
-5046
-5175
-3644
-1887
-753
624
3074
4765
4939
5242
5845
5028
2691
870
49
-1418
-3063
-3234
-2458
-1947
-1276
442
1848
1652
1025
508
-1119
-3804
-6148
-7211
-8130
-8770
-7714
-5278
-2809
-117
3135
6251
7752
8193
8433
7721
5775
3656
1992
374
-1234
-1755
-1233
-717
-102
1057
2333
2652
2337
2271
1881
872
-285
-1805
-3597
-4916
-4859
-4451
-4923
-4986
-3404
-1582
-521
681
2947
4516
4555
4711
5230
4475
2344
702
18
-1246
-2688
-2750
-1969
-1561
-998
592
1921
1672
995
551
-952
-3526
-5660
-6602
-7543
-8384
-7477
-4994
-2698
-461
2522
5606
7170
7513
7737
7267
5544
3600
2176
712
-955
-1579
-1092
-655
-279
739
2007
2401
2196
2285
2162
1352
345
-957
-2615
-4126
-4453
-4273
-4864
-5296
-4177
-2499
-1389
-207
2004
3892
4325
4531
5110
4702
2767
953
113
-1020
-2451
-2737
-2010
-1391
-721
865
2357
2398
1706
1114
-370
-2954
-5354
-6686
-7888
-8840
-8085
-5707
-3379
-1138
1900
5230
7058
7450
7646
7273
5667
3643
2088
579
-1074
-1732
-1160
-514
-28
1006
2433
3064
2871
2742
2401
1448
269
-1224
-2972
-4509
-4852
-4588
-4913
-5150
-4005
-2299
-1127
-56
1916
3634
4003
4099
4576
4253
2551
933
257
-622
-1829
-2057
-1400
-820
-299
1002
2158
2094
1280
607
-755
-3301
-5680
-6916
-7825
-8491
-8002
-5956
-3449
-1148
1678
4636
6517
7160
7326
7075
5703
3786
2289
988
-454
-1256
-916
-185
315
1217
2470
3184
3026
2813
2509
1627
424
-1054
-2797
-4331
-4860
-4654
-4928
-5270
-4244
-2577
-1344
-377
1416
3223
3733
3778
4234
4097
2642
995
358
-295
-1403
-1754
-1131
-473
-9
1043
2204
2210
1418
637
-776
-3096
-5399
-6659
-7529
-8212
-7751
-5811
-3492
-1248
1367
4179
5926
6535
6735
6415
5101
3338
2041
918
-353
-992
-580
132
693
1514
2601
3164
2939
2642
2236
1328
314
-875
-2403
-3856
-4333
-4037
-4227
-4726
-4018
-2573
-1594
-915
571
2319
2861
2932
3550
3795
2726
1327
801
335
-745
-1192
-724
-243
-12
853
1978
2078
1278
636
-356
-2486
-4791
-6058
-6749
-7481
-7464
-6013
-3880
-1931
371
2957
4858
5687
6047
6059
5142
3631
2453
1466
254
-604
-442
169
535
1131
2172
2869
2795
2527
2381
1680
700
-186
-1370
-2873
-3915
-3900
-3870
-4517
-4561
-3417
-2328
-1671
-572
1325
2481
2699
3172
3842
3421
2060
1149
782
-130
-957
-854
-348
-84
497
1656
2222
1673
977
273
-1520
-3989
-5754
-6574
-7336
-7744
-6774
-4663
-2620
-417
2224
4536
5654
6018
6163
5498
3925
2480
1456
334
-696
-703
68
639
1209
2240
3178
3232
2778
2512
1786
598
-377
-1390
-2793
-4042
-4120
-3656
-3985
-4260
-3320
-2073
-1435
-806
786
2056
2198
2416
3182
3241
2061
1092
1014
522
-385
-503
59
335
478
1329
2058
1644
732
95
-1194
-3505
-5436
-6207
-6770
-7303
-6809
-4923
-2861
-1016
1279
3593
4876
5244
5425
5196
4002
2597
1732
944
29
-203
444
1088
1456
2155
3037
3182
2665
2234
1743
822
-115
-1001
-2158
-3393
-3806
-3484
-3681
-4214
-3839
-2763
-2072
-1573
-279
1280
1888
2189
2999
3517
2797
1783
1449
1079
128
-338
-20
261
322
945
1795
1746
947
294
-622
-2651
-4789
-5895
-6426
-7027
-7012
-5604
-3511
-1662
435
2743
4417
5112
5346
5329
4445
3034
2005
1219
332
-259
55
744
1169
1749
2659
3114
2814
2292
1939
1181
176
-665
-1688
-2944
-3776
-3626
-3420
-3841
-3908
-2966
-2037
-1527
-750
742
1703
1931
2389
3070
2918
1940
1294
1118
502
-160
-110
260
339
560
1339
1708
1081
284
-437
-1884
-3832
-5245
-5801
-6327
-6505
-5494
-3688
-2041
-276
1883
3726
4410
4619
4770
4241
3019
2013
1444
742
31
198
860
1204
1485
2116
2654
2387
1827
1487
958
102
-342
-562
-1325
-2368
-2549
-2089
-2235
-2905
-2892
-2310
-2145
-1991
-999
326
879
1255
2226
3004
2641
1890
1604
1233
268
-343
-278
-290
-470
28
902
1039
532
286
-184
-1727
-3428
-4287
-4824
-5576
-5685
-4599
-3117
-1853
-88
1971
3294
3811
4257
4453
3751
2610
1907
1306
436
-95
184
592
738
1182
1957
2249
1946
1698
1565
1012
322
217
-48
-998
-1917
-1943
-1676
-2116
-2747
-2605
-2283
-2215
-1852
-771
283
695
1311
2287
2706
2243
1705
1437
821
-60
-361
-351
-568
-562
218
954
830
457
295
-350
-1813
-3322
-4122
-4796
-5302
-4974
-4003
-2845
-1418
406
2123
3073
3638
4064
3937
3191
2292
1602
840
87
-134
126
429
754
1348
2016
2208
2081
1968
1673
1111
663
569
82
-999
-1792
-1792
-1678
-2176
-2743
-2649
-2366
-2195
-1674
-632
323
765
1384
2197
2400
1834
1267
911
308
-416
-580
-523
-529
-235
604
1202
1080
784
423
-569
-2003
-3195
-3973
-4668
-4951
-4298
-3198
-2086
-721
961
2363
3000
3234
3327
2931
2132
1380
839
271
-120
14
511
906
1299
1767
2103
2056
1820
1538
1061
532
358
543
332
-401
-907
-770
-684
-1231
-2060
-2395
-2475
-2605
-2412
-1631
-728
-71
707
1678
2186
1973
1574
1236
661
-92
-528
-706
-820
-637
8
571
743
721
666
151
-995
-2125
-2811
-3393
-3791
-3748
-3140
-2203
-1180
42
1206
2017
2482
2660
2587
2124
1475
968
506
134
41
316
677
908
1282
1688
1907
1832
1672
1564
1345
1156
1297
1142
401
-403
-624
-661
-1397
-2449
-2914
-2867
-2925
-2797
-1951
-793
-94
560
1476
2105
1826
1216
855
406
-391
-854
-796
-676
-524
173
1062
1389
1229
1160
828
-391
-1764
-2580
-3119
-3768
-3992
-3355
-2397
-1612
-494
840
1770
2096
2325
2474
2009
1218
759
482
59
-193
150
659
901
1209
1821
2204
2165
2034
2009
1837
1476
1477
1330
499
-472
-844
-953
-1696
-2796
-3095
-2988
-2983
-2770
-1839
-634
-3
599
1478
1930
1561
979
651
122
-689
-969
-812
-677
-462
345
1284
1553
1465
1464
1082
-82
-1469
-2293
-2975
-3643
-3733
-3224
-2503
-1704
-612
606
1352
1766
2062
2031
1570
984
613
267
-89
-110
189
584
937
1424
2026
2331
2344
2340
2256
2007
1616
1468
1421
848
15
-574
-809
-1252
-2119
-2778
-2902
-2955
-2870
-2400
-1418
-610
-88
610
1284
1390
980
572
264
-308
-782
-807
-663
-501
-31
828
1425
1536
1514
1390
769
-391
-1400
-2085
-2768
-3142
-3038
-2568
-1999
-1322
-379
527
1062
1306
1391
1331
941
544
327
175
9
53
454
917
1235
1679
2170
2436
2426
2394
2304
1966
1594
1610
1473
663
-291
-717
-827
-1454
-2362
-2783
-2763
-2834
-2730
-2089
-1199
-708
-263
478
998
846
454
283
39
-479
-702
-544
-400
-204
440
1290
1675
1660
1728
1570
624
-485
-1212
-1824
-2589
-3064
-2852
-2474
-2232
-1548
-563
165
418
716
1100
950
596
524
523
317
162
505
936
1067
1395
2002
2421
2422
2412
2537
2311
1881
1806
1862
1326
310
-370
-649
-1182
-1989
-2604
-2814
-3019
-3110
-2687
-1911
-1274
-774
-104
571
774
642
522
294
-169
-490
-426
-361
-351
134
1000
1599
1834
2075
2141
1394
351
-414
-1134
-2172
-3006
-3133
-2944
-2837
-2315
-1406
-599
-65
476
979
985
756
740
742
486
286
534
881
1047
1366
1927
2342
2431
2504
2595
2361
1969
1753
1704
1491
837
82
-516
-934
-1338
-1955
-2599
-2942
-3029
-2893
-2575
-1948
-1287
-756
-201
356
654
537
269
53
-160
-351
-403
-336
-72
457
1186
1802
2115
2234
1992
1354
527
-357
-1301
-2292
-3008
-3147
-3049
-2877
-2471
-1706
-801
-147
301
668
887
885
799
761
691
630
788
1116
1421
1689
2039
2380
2515
2459
2363
2147
1820
1539
1462
1298
721
2
-490
-730
-1136
-1862
-2489
-2782
-2913
-2898
-2625
-2064
-1512
-996
-358
243
495
425
319
233
-9
-197
-196
-87
159
701
1418
1948
2132
2225
2017
1290
363
-547
-1474
-2483
-3169
-3238
-3155
-3095
-2625
-1762
-905
-375
162
682
875
857
931
1046
991
955
1222
1526
1727
1926
2264
2427
2344
2232
2083
1726
1297
1055
1071
924
462
-1
-301
-518
-959
-1592
-2188
-2563
-2821
-2912
-2798
-2373
-1831
-1211
-546
69
429
552
561
494
286
120
67
152
381
851
1439
1850
2093
2070
1749
1148
330
-624
-1642
-2488
-2891
-3151
-3254
-3082
-2492
-1722
-1055
-446
127
543
862
1076
1248
1325
1374
1510
1656
1777
1871
1942
1961
1899
1733
1546
1293
1019
842
797
912
994
794
451
131
-116
-544
-1298
-1977
-2465
-2820
-3042
-2959
-2482
-1920
-1319
-575
106
524
646
687
632
399
188
107
151
318
712
1231
1625
1773
1755
1559
1059
302
-601
-1475
-2160
-2655
-3023
-3197
-3017
-2492
-1861
-1258
-650
5
591
1050
1408
1673
1831
1896
1909
1864
1760
1623
1489
1354
1225
1073
954
887
898
996
1135
1393
1527
1284
849
436
30
-632
-1533
-2258
-2761
-3159
-3346
-3153
-2603
-1984
-1285
-470
231
616
747
784
686
387
142
70
111
277
687
1202
1558
1750
1819
1639
1095
310
-517
-1324
-2141
-2772
-3151
-3243
-3113
-2642
-1982
-1263
-589
158
884
1409
1755
2033
2176
2088
1871
1715
1561
1286
1023
893
856
795
786
892
1034
1226
1472
1758
1748
1383
955
541
-4
-763
-1608
-2249
-2795
-3198
-3276
-3002
-2534
-1986
-1255
-457
133
456
648
717
555
303
152
81
105
384
887
1283
1514
1766
1904
1571
869
105
-656
-1590
-2405
-2912
-3156
-3276
-2984
-2319
-1615
-1008
-270
581
1209
1546
1888
2136
2065
1819
1690
1580
1256
902
812
783
743
762
953
1101
1190
1430
1734
1817
1535
1135
758
270
-409
-1159
-1868
-2396
-2863
-3090
-3042
-2726
-2261
-1695
-1035
-390
62
360
485
499
399
301
237
248
441
814
1225
1517
1652
1701
1559
1110
404
-487
-1300
-1957
-2481
-2881
-3029
-2813
-2353
-1810
-1188
-531
85
657
1152
1538
1732
1761
1784
1771
1683
1475
1250
1065
975
941
874
843
883
1027
1236
1407
1591
1673
1475
1111
686
202
-500
-1332
-2007
-2572
-3052
-3264
-3110
-2737
-2311
-1700
-922
-287
102
407
623
617
512
494
539
573
739
1057
1292
1421
1534
1523
1165
478
-140
-740
-1406
-2086
-2481
-2611
-2598
-2444
-2077
-1619
-1099
-535
67
596
991
1349
1671
1876
1926
1937
1859
1670
1487
1376
1261
1105
947
962
989
1023
1151
1319
1431
1295
1031
690
251
-309
-1023
-1743
-2336
-2784
-3017
-3082
-2898
-2447
-1834
-1163
-561
-43
390
613
723
760
726
670
648
748
873
930
989
1098
1059
767
299
-140
-579
-1090
-1655
-1995
-2187
-2271
-2247
-2101
-1833
-1460
-969
-375
129
635
1143
1614
1958
2160
2225
2175
1988
1812
1620
1378
1167
953
981
1018
1042
1123
1295
1475
1350
969
606
112
-468
-1247
-1938
-2421
-2830
-2982
-2930
-2626
-2110
-1587
-930
-370
75
354
440
521
505
471
449
437
554
752
945
1073
1123
1081
873
531
106
-408
-974
-1470
-1811
-2017
-2139
-2149
-2044
-1776
-1394
-935
-480
-25
445
938
1356
1699
1906
2047
2074
2051
1955
1765
1580
1384
1195
1105
1039
1013
1018
1121
1282
1114
755
348
-38
-614
-1421
-2072
-2538
-2907
-3042
-2882
-2451
-1993
-1424
-683
-94
213
377
543
561
417
301
303
325
430
695
1011
1179
1221
1236
1120
746
259
-342
-954
-1533
-1894
-2088
-2253
-2293
-2025
-1643
-1281
-903
-389
114
473
855
1235
1495
1644
1840
2059
2103
2002
2004
1947
1784
1546
1450
1294
1061
937
985
912
540
166
-105
-530
-1148
-1748
-2189
-2535
-2847
-2786
-2466
-2063
-1629
-1033
-366
106
291
454
523
469
322
250
236
235
364
688
933
1043
1108
1117
943
537
47
-519
-1120
-1605
-1861
-2046
-2149
-2059
-1693
-1316
-994
-619
-170
197
495
830
1212
1444
1699
2012
2293
2384
2390
2371
2269
1994
1776
1500
1205
925
798
736
434
90
-207
-574
-1086
-1728
-2251
-2643
-2998
-3041
-2835
-2424
-1886
-1209
-421
195
596
824
865
759
527
343
189
64
99
299
582
801
931
1025
910
592
133
-436
-1007
-1498
-1857
-2065
-2148
-1997
-1669
-1300
-921
-541
-153
170
419
674
935
1231
1567
1909
2204
2464
2671
2733
2632
2378
2059
1669
1254
874
570
382
196
-85
-350
-636
-986
-1651
-2457
-3074
-3435
-3617
-3586
-3209
-2372
-1341
-165
940
1817
2359
2494
2293
1747
983
240
-361
-760
-844
-635
-207
257
735
1101
1139
762
171
-515
-1242
-1995
-2539
-2768
-2664
-2231
-1562
-812
-124
492
967
1233
1288
1225
1118
1067
1137
1310
1564
1847
2177
2410
2451
2285
2012
1580
1030
451
-14
-340
-700
-957
-1066
-1067
-1207
-1501
-1805
-2001
-2248
-2338
-2231
-1870
-1364
-730
73
784
1241
1493
1556
1380
921
388
-7
-396
-615
-623
-402
-160
81
347
498
381
65
-310
-664
-1080
-1408
-1593
-1639
-1452
-1094
-646
-287
19
316
540
619
682
738
815
934
1196
1562
1874
2082
2287
2419
2371
2135
1767
1404
935
507
81
-313
-658
-895
-1096
-1354
-1708
-1964
-2216
-2390
-2435
-2275
-1884
-1404
-781
-81
507
918
1165
1214
1057
700
366
53
-161
-264
-221
-69
84
215
341
264
7
-376
-738
-1084
-1413
-1649
-1635
-1446
-1100
-678
-207
164
438
619
703
680
614
587
655
810
1114
1528
1947
2276
2510
2628
2561
2264
1827
1339
811
278
-283
-739
-1044
-1250
-1439
-1597
-1763
-1851
-2002
-2085
-2072
-1929
-1660
-1262
-753
-230
253
680
962
1061
989
791
558
292
104
-18
-30
2
89
111
68
-82
-307
-614
-961
-1281
-1497
-1609
-1539
-1306
-921
-444
9
415
727
913
981
916
839
752
677
739
939
1265
1594
1905
2194
2349
2331
2163
1828
1375
836
345
-208
-754
-1138
-1375
-1548
-1757
-1879
-1841
-1832
-1819
-1729
-1483
-1198
-912
-530
-93
221
476
672
792
732
600
491
362
270
222
216
202
163
117
-42
-318
-646
-964
-1234
-1522
-1647
-1646
-1513
-1217
-782
-260
222
593
910
1114
1181
1137
1025
924
817
811
930
1110
1321
1509
1723
1878
1906
1795
1591
1287
949
538
103
-349
-769
-1119
-1410
-1680
-1858
-1927
-1910
-1845
-1688
-1371
-1022
-677
-339
-33
192
296
355
347
256
149
84
92
159
256
383
446
431
361
153
-151
-615
-1025
-1365
-1636
-1775
-1725
-1515
-1147
-696
-136
319
671
944
1121
1137
1047
973
933
885
886
1034
1253
1413
1516
1673
1758
1749
1601
1425
1206
911
603
281
-67
-421
-775
-1104
-1460
-1782
-1934
-1982
-1977
-1879
-1600
-1184
-781
-374
-31
181
253
264
234
113
-75
-152
-114
-8
160
369
583
644
615
453
133
-295
-792
-1219
-1541
-1757
-1748
-1537
-1165
-720
-217
281
646
856
984
1002
927
839
838
895
981
1163
1416
1616
1706
1771
1733
1594
1347
1108
872
641
411
221
27
-160
-419
-753
-1124
-1501
-1797
-2047
-2127
-2053
-1813
-1439
-959
-458
-17
245
404
414
308
106
-107
-225
-282
-246
-59
235
493
657
704
622
329
-110
-579
-1055
-1477
-1710
-1690
-1470
-1123
-653
-104
371
693
889
954
898
754
645
601
641
766
1006
1284
1484
1635
1712
1685
1500
1193
900
605
344
177
14
-79
-186
-281
-408
-641
-918
-1169
-1410
-1550
-1598
-1472
-1265
-990
-637
-296
-18
103
118
98
-1
-118
-254
-306
-224
-109
78
263
453
490
357
173
-106
-463
-830
-1153
-1270
-1244
-1051
-714
-365
74
423
688
808
764
650
513
389
342
372
509
738
1017
1302
1474
1557
1543
1464
1233
952
675
430
209
27
-86
-166
-296
-402
-555
-733
-889
-1029
-1102
-1160
-1111
-980
-807
-629
-498
-421
-376
-377
-425
-493
-543
-535
-455
-324
-137
55
236
401
487
404
230
16
-176
-406
-605
-667
-622
-458
-232
20
274
463
568
607
507
367
234
151
125
159
329
571
824
1038
1188
1265
1256
1163
1057
914
712
551
424
346
249
175
82
-62
-297
-508
-694
-853
-996
-1061
-1032
-960
-837
-742
-660
-644
-674
-728
-771
-820
-854
-831
-708
-544
-348
-160
29
144
222
252
195
48
-70
-124
-142
-166
-119
38
202
344
463
579
616
569
504
417
297
198
172
224
279
397
536
701
817
886
902
895
844
800
739
645
545
430
354
247
115
-51
-227
-412
-526
-640
-699
-741
-713
-637
-581
-585
-615
-686
-787
-925
-1028
-1069
-1102
-1035
-889
-657
-481
-301
-101
53
93
94
51
29
-25
-18
48
123
246
399
561
665
700
719
703
601
497
386
281
161
72
90
100
101
137
217
320
401
479
581
639
686
733
751
727
649
577
471
328
152
6
-144
-266
-346
-351
-400
-421
-402
-370
-424
-571
-735
-915
-1111
-1262
-1340
-1333
-1268
-1116
-868
-635
-407
-208
-63
3
15
18
15
-12
31
137
302
470
654
849
966
991
998
931
789
600
424
273
78
-51
-136
-185
-218
-209
-146
-59
38
188
329
468
593
683
731
719
678
624
551
421
322
214
139
48
-19
-41
-117
-222
-310
-405
-533
-719
-909
-1078
-1265
-1368
-1406
-1379
-1265
-1110
-915
-735
-544
-380
-274
-214
-158
-109
-62
-3
116
305
496
729
936
1126
1223
1261
1257
1156
952
718
501
294
70
-139
-249
-337
-393
-433
-381
-297
-200
-73
79
231
388
505
599
630
619
591
537
479
413
325
298
280
271
240
180
124
-13
-183
-386
-620
-873
-1118
-1327
-1442
-1502
-1463
-1369
-1230
-1053
-839
-660
-538
-440
-358
-305
-269
-206
-113
25
212
468
731
1007
1231
1417
1539
1556
1498
1343
1117
874
630
359
75
-153
-292
-417
-518
-560
-511
-403
-289
-158
-24
100
215
289
293
260
209
190
159
141
165
246
342
437
504
525
460
300
102
-159
-448
-760
-1017
-1220
-1324
-1362
-1312
-1223
-1095
-996
-881
-808
-779
-773
-732
-684
-598
-482
-294
-31
267
594
910
1205
1456
1641
1758
1765
1678
1545
1365
1147
898
656
409
162
-79
-271
-486
-652
-765
-781
-773
-721
-604
-438
-288
-136
-19
62
95
93
96
95
129
206
319
430
565
668
721
668
531
323
47
-302
-651
-942
-1169
-1345
-1425
-1397
-1297
-1182
-1053
-920
-808
-767
-737
-701
-658
-607
-490
-267
2
326
701
1103
1468
1747
1947
2062
2016
1852
1630
1375
1056
705
420
175
-59
-256
-403
-543
-672
-723
-765
-779
-824
-761
-667
-556
-477
-350
-214
-93
7
107
222
326
444
547
640
686
740
726
663
500
291
16
-268
-565
-822
-1039
-1183
-1276
-1261
-1207
-1112
-1024
-928
-845
-819
-811
-790
-745
-679
-527
-271
48
403
821
1238
1620
1898
2056
2107
2007
1801
1543
1233
898
548
259
48
-130
-296
-416
-538
-624
-718
-782
-846
-909
-930
-892
-819
-706
-573
-403
-212
-27
140
303
449
570
632
675
720
727
679
593
459
275
39
-187
-415
-644
-832
-963
-1046
-1087
-1084
-1044
-991
-963
-926
-916
-879
-845
-754
-637
-426
-145
221
612
1024
1414
1759
2009
2126
2124
1966
1738
1429
1111
767
415
127
-60
-204
-323
-446
-534
-592
-661
-737
-837
-904
-943
-935
-875
-789
-650
-464
-259
-47
137
325
478
582
647
681
676
641
544
432
267
109
-62
-259
-433
-575
-658
-738
-795
-851
-855
-871
-886
-923
-945
-947
-941
-900
-783
-594
-356
-44
306
710
1079
1427
1664
1828
1876
1830
1666
1407
1144
867
591
341
159
44
-53
-169
-265
-367
-464
-599
-728
-840
-921
-953
-929
-828
-717
-555
-349
-107
81
246
388
492
552
578
587
547
495
426
375
270
136
7
-116
-253
-397
-496
-593
-716
-803
-861
-904
-969
-1033
-1047
-1029
-996
-949
-817
-599
-349
-66
285
650
991
1295
1525
1672
1698
1663
1526
1298
1021
761
501
276
116
22
-40
-105
-142
-182
-249
-341
-449
-569
-699
-778
-823
-829
-787
-699
-541
-337
-103
123
342
511
663
737
770
713
634
533
414
276
147
29
-83
-187
-287
-352
-477
-580
-698
-802
-916
-1006
-1090
-1123
-1114
-1076
-989
-861
-645
-392
-96
213
535
860
1122
1330
1460
1508
1452
1324
1111
876
623
392
222
101
43
29
45
40
32
-47
-123
-275
-441
-620
-755
-825
-865
-843
-725
-519
-296
-41
196
412
544
642
663
638
557
453
361
264
182
130
93
39
-15
-81
-175
-301
-452
-613
-797
-951
-1068
-1137
-1175
-1155
-1074
-941
-768
-552
-264
18
301
583
877
1110
1264
1365
1377
1312
1150
967
723
490
316
195
129
84
123
162
194
141
83
-66
-241
-458
-645
-797
-893
-912
-816
-649
-481
-239
-11
212
319
402
422
411
344
267
214
164
142
144
184
191
172
135
55
-88
-278
-467
-685
-855
-984
-1069
-1102
-1056
-943
-809
-647
-468
-227
11
248
451
677
877
1041
1158
1226
1216
1127
1000
846
652
472
331
226
149
116
131
131
115
76
-1
-141
-313
-462
-607
-733
-775
-743
-671
-520
-348
-151
26
171
268
298
283
229
170
93
42
10
35
54
105
153
211
195
116
-13
-184
-396
-635
-823
-962
-1067
-1093
-1025
-880
-728
-538
-338
-102
108
313
493
620
720
837
940
969
946
900
863
786
672
553
441
357
265
203
155
84
27
-34
-111
-220
-327
-416
-499
-586
-577
-519
-451
-380
-245
-93
23
93
148
155
122
82
42
22
-9
13
59
135
177
247
278
261
160
5
-176
-394
-588
-757
-857
-931
-903
-817
-676
-552
-419
-260
-108
23
141
268
384
471
585
697
737
723
746
759
692
595
508
488
408
344
292
257
205
135
63
-26
-146
-267
-350
-447
-472
-496
-452
-401
-307
-210
-139
-73
-58
-66
-108
-155
-176
-142
-103
-16
81
208
318
394
417
372
288
132
-74
-272
-422
-579
-671
-708
-715
-637
-530
-439
-397
-275
-152
-38
14
114
220
319
433
512
549
564
603
619
588
548
541
489
467
423
392
309
269
201
130
43
-33
-125
-213
-264
-341
-366
-395
-384
-387
-363
-336
-322
-284
-272
-259
-232
-186
-122
-68
47
152
238
303
387
401
369
291
203
91
-71
-191
-311
-399
-502
-544
-575
-556
-550
-515
-463
-384
-289
-189
-68
36
151
241
340
398
420
448
468
474
475
510
530
532
543
555
495
440
382
271
154
11
-53
-165
-253
-336
-361
-397
-417
-453
-457
-448
-443
-424
-410
-354
-289
-169
-89
19
133
250
339
395
413
443
432
376
317
249
186
84
-14
-114
-234
-354
-465
-542
-623
-621
-594
-553
-469
-349
-210
-100
26
72
144
162
199
187
196
265
339
419
461
553
590
659
654
606
506
435
331
191
72
-60
-148
-243
-306
-377
-406
-480
-509
-503
-518
-535
-490
-375
-311
-222
-106
29
146
232
328
370
382
396
410
395
367
325
286
220
170
109
-36
-164
-291
-396
-513
-610
-648
-650
-625
-532
-423
-326
-212
-97
-3
28
52
74
133
170
240
321
418
535
591
680
707
724
692
616
492
365
256
129
-10
-127
-224
-291
-328
-383
-435
-507
-545
-565
-571
-570
-529
-426
-286
-169
-34
71
191
286
336
349
359
355
343
318
305
265
212
186
100
5
-117
-221
-347
-468
-543
-612
-645
-641
-572
-474
-361
-252
-126
-42
9
91
162
204
238
325
420
519
593
660
714
775
767
732
661
535
396
251
154
-6
-160
-254
-329
-424
-481
-529
-596
-638
-642
-602
-561
-483
-373
-238
-130
-1
100
164
245
306
336
355
400
443
464
428
372
319
262
146
-38
-195
-310
-408
-523
-570
-578
-579
-572
-511
-470
-432
-381
-303
-248
-200
-100
8
131
229
373
488
602
693
760
797
831
823
747
681
598
485
321
200
63
-87
-228
-342
-462
-544
-603
-658
-690
-683
-641
-585
-497
-386
-274
-169
-19
105
182
249
340
399
440
467
483
464
438
395
298
191
73
-54
-190
-312
-400
-440
-483
-515
-529
-523
-531
-536
-510
-481
-428
-356
-251
-153
-21
113
240
375
492
617
707
801
863
881
870
817
727
608
478
309
128
-15
-152
-282
-414
-485
-559
-622
-652
-670
-668
-651
-557
-486
-367
-232
-103
1
132
260
337
397
447
488
494
480
434
375
300
214
104
-18
-110
-220
-320
-360
-424
-483
-525
-553
-571
-598
-594
-567
-501
-393
-274
-158
-24
94
196
278
365
457
527
609
707
785
824
848
843
799
691
529
355
160
-14
-201
-354
-482
-543
-585
-623
-611
-583
-520
-496
-436
-373
-265
-172
-84
2
118
254
366
435
484
541
569
551
484
405
284
163
53
-80
-236
-336
-415
-480
-542
-573
-597
-615
-636
-661
-632
-581
-513
-416
-278
-155
-11
133
254
340
434
539
608
671
748
805
825
819
789
721
597
440
269
101
-84
-243
-373
-452
-517
-574
-567
-528
-488
-468
-406
-330
-275
-201
-113
-12
80
190
285
381
449
485
502
504
492
405
311
180
76
-65
-193
-311
-411
-481
-556
-583
-591
-581
-605
-619
-605
-555
-518
-422
-304
-184
-39
108
252
357
440
505
568
621
658
698
724
735
714
674
590
467
295
129
-52
-233
-386
-488
-554
-598
-590
-562
-507
-458
-394
-334
-279
-200
-124
-48
43
183
306
394
467
531
553
517
491
410
277
148
47
-80
-190
-265
-324
-377
-400
-423
-439
-446
-457
-486
-513
-511
-491
-434
-361
-243
-112
65
236
381
486
574
631
654
654
623
618
604
596
566
504
397
292
164
24
-162
-333
-456
-562
-619
-648
-657
-625
-545
-453
-381
-303
-181
-71
14
105
217
319
397
465
510
521
506
466
406
312
189
82
-24
-108
-195
-272
-322
-376
-443
-467
-477
-512
-556
-567
-523
-511
-451
-362
-261
-148
-7
142
260
363
459
540
591
625
641
660
673
683
656
602
528
418
283
122
-48
-217
-372
-485
-556
-599
-613
-592
-536
-469
-408
-354
-297
-228
-152
-57
57
173
258
345
440
488
482
451
391
303
214
130
32
-56
-117
-177
-246
-316
-370
-435
-491
-536
-537
-532
-512
-454
-359
-245
-156
-57
15
106
195
259
290
345
437
499
564
622
679
706
692
643
546
424
281
132
-36
-188
-313
-394
-446
-487
-493
-481
-442
-403
-386
-365
-319
-265
-208
-133
-37
84
209
302
358
401
406
373
317
236
147
100
49
3
-6
-15
-49
-100
-148
-202
-285
-372
-439
-477
-470
-438
-369
-276
-168
-61
25
92
121
148
154
164
189
249
329
401
493
580
621
605
552
446
305
140
-14
-147
-259
-341
-402
-407
-374
-358
-357
-333
-315
-327
-338
-329
-317
-283
-200
-99
13
136
245
330
384
404
392
339
278
207
151
120
112
99
68
42
-14
-80
-170
-252
-325
-378
-408
-403
-354
-288
-206
-141
-104
-65
-42
-44
-43
-7
57
134
244
385
511
598
663
685
656
568
443
303
157
-2
-135
-223
-269
-308
-320
-306
-273
-260
-245
-244
-260
-262
-265
-276
-269
-200
-129
-55
34
117
177
219
239
244
200
143
90
55
-1
-53
-83
-118
-161
-200
-230
-278
-319
-334
-322
-283
-226
-168
-101
-26
12
14
13
15
23
48
91
168
289
401
508
579
615
626
577
497
397
286
172
67
-17
-83
-128
-158
-186
-200
-197
-192
-195
-202
-198
-198
-196
-193
-188
-184
-164
-122
-79
-52
-23
-1
21
29
12
2
-12
-22
-57
-73
-90
-115
-148
-183
-193
-197
-208
-210
-184
-153
-97
-41
12
69
93
96
80
54
22
-4
-4
20
81
175
264
335
392
454
474
444
376
293
211
116
41
-1
-37
-68
-61
-52
-43
-50
-55
-59
-81
-111
-147
-176
-190
-190
-192
-193
-185
-156
-147
-148
-130
-119
-102
-83
-76
-45
-5
17
31
50
50
41
39
14
-20
-33
-17
-16
-19
0
22
33
45
45
14
-1
-27
-51
-53
-38
-4
62
157
220
262
298
334
323
268
206
155
97
31
-6
-21
-29
-43
-37
-37
-69
-92
-110
-124
-164
-180
-191
-210
-202
-179
-147
-148
-131
-117
-96
-93
-82
-64
-50
-20
24
73
92
123
150
169
162
148
114
73
49
5
-38
-52
-66
-75
-81
-88
-94
-105
-114
-131
-139
-137
-120
-97
-57
0
63
107
144
201
229
231
225
226
222
218
204
179
172
181
167
136
111
76
40
-13
-55
-109
-153
-197
-227
-237
-265
-289
-308
-300
-294
-294
-264
-216
-175
-141
-86
-21
39
94
139
190
227
256
267
269
250
218
174
116
59
-4
-31
-57
-84
-117
-143
-150
-160
-184
-210
-219
-223
-220
-188
-145
-104
-34
48
136
209
254
307
349
380
383
372
379
372
351
320
281
246
199
139
68
-18
-108
-205
-297
-377
-449
-505
-541
-546
-515
-479
-434
-358
-292
-221
-149
-94
-40
9
71
153
230
300
354
399
437
429
385
315
236
133
20
-73
-159
-232
-262
-271
-278
-254
-220
-181
-151
-129
-93
-52
-21
-1
48
109
172
243
318
390
454
498
516
524
500
449
379
308
226
132
43
-47
-132
-229
-319
-406
-481
-544
-583
-605
-606
-570
-527
-478
-410
-328
-251
-168
-87
-8
64
139
229
320
388
430
471
502
486
431
349
240
116
3
-112
-224
-296
-343
-364
-352
-314
-274
-240
-204
-168
-139
-112
-80
-40
21
95
168
260
344
405
474
529
548
532
500
450
388
316
226
125
38
-41
-130
-229
-323
-415
-504
-549
-571
-589
-585
-543
-465
-401
-340
-271
-201
-121
-44
29
107
190
270
350
425
479
510
511
485
428
338
227
106
4
-92
-179
-250
-292
-310
-320
-314
-301
-292
-278
-247
-226
-175
-115
-50
27
111
202
283
357
412
450
477
511
514
482
446
401
339
260
168
65
-28
-132
-244
-347
-428
-498
-554
-594
-601
-586
-555
-506
-441
-364
-297
-218
-140
-52
54
161
245
332
430
513
557
566
552
511
436
327
211
106
11
-82
-160
-228
-265
-297
-326
-348
-369
-387
-383
-365
-344
-290
-216
-121
-12
92
179
266
347
405
430
446
456
457
433
399
365
322
263
190
115
13
-107
-214
-313
-413
-499
-553
-584
-577
-560
-531
-485
-419
-354
-279
-183
-91
-11
71
180
287
368
433
485
517
529
504
449
375
294
211
113
21
-69
-135
-195
-259
-292
-323
-345
-347
-338
-330
-306
-259
-209
-157
-91
-15
72
173
261
348
429
491
528
531
522
487
434
360
275
199
119
25
-65
-142
-226
-309
-377
-433
-489
-529
-552
-551
-533
-500
-446
-366
-287
-192
-82
20
115
205
305
381
440
467
485
476
434
370
300
216
121
32
-53
-134
-194
-248
-308
-339
-343
-350
-351
-337
-315
-257
-202
-158
-97
-21
48
124
215
306
386
452
511
552
556
527
490
428
349
262
174
104
17
-78
-166
-250
-334
-415
-481
-541
-578
-590
-562
-523
-459
-370
-280
-176
-69
31
120
207
282
349
395
424
443
446
423
377
322
261
171
79
-15
-114
-204
-286
-351
-408
-442
-456
-463
-453
-422
-384
-321
-251
-177
-84
8
102
197
299
374
430
483
529
549
542
518
487
447
383
315
244
169
71
-27
-125
-228
-335
-428
-492
-546
-577
-582
-553
-514
-450
-359
-253
-151
-50
54
144
228
307
365
397
432
438
432
406
380
343
277
221
154
69
-19
-106
-201
-294
-368
-427
-470
-485
-477
-451
-402
-337
-257
-179
-94
-14
63
144
211
288
360
412
445
469
484
477
451
414
361
291
208
117
27
-67
-166
-262
-351
-422
-484
-539
-568
-563
-538
-489
-415
-312
-196
-81
42
158
266
354
413
447
458
466
456
424
384
354
330
294
239
166
88
12
-92
-200
-293
-371
-423
-444
-457
-446
-403
-353
-291
-232
-173
-112
-34
36
94
159
220
272
326
358
371
369
363
340
292
233
172
103
26
-62
-154
-227
-301
-376
-437
-485
-524
-536
-528
-497
-436
-354
-246
-134
-28
81
188
274
332
381
412
437
443
439
432
417
382
346
310
248
170
90
20
-71
-162
-230
-286
-326
-343
-342
-321
-297
-263
-222
-175
-132
-87
-37
24
74
122
175
219
264
289
297
296
293
266
206
154
94
30
-37
-104
-177
-248
-299
-344
-376
-404
-427
-423
-385
-339
-281
-209
-123
-29
58
130
192
235
267
277
281
289
306
325
329
333
330
322
282
217
153
82
-8
-89
-150
-177
-194
-197
-186
-177
-153
-149
-157
-168
-162
-153
-133
-97
-54
4
66
128
185
214
217
211
187
145
101
56
21
-10
-45
-70
-89
-111
-149
-175
-201
-221
-244
-267
-267
-264
-242
-201
-144
-81
-5
59
126
189
232
267
283
283
285
290
280
269
263
240
212
183
138
85
23
-39
-104
-160
-198
-228
-248
-251
-258
-247
-233
-228
-215
-196
-175
-153
-110
-53
-3
45
91
142
193
219
222
221
228
222
186
156
122
72
21
-32
-102
-167
-212
-253
-271
-286
-293
-278
-249
-227
-191
-142
-90
-32
25
87
129
169
212
247
268
280
290
301
301
283
269
232
180
134
91
26
-31
-82
-127
-158
-186
-207
-218
-216
-223
-225
-220
-202
-185
-164
-144
-108
-60
-18
15
50
106
161
191
199
218
226
220
197
163
134
96
56
5
-47
-97
-145
-189
-214
-232
-240
-226
-207
-182
-154
-120
-86
-50
-32
-9
23
61
101
131
159
190
226
247
261
284
274
251
223
188
145
74
11
-50
-92
-140
-171
-187
-193
-185
-180
-169
-155
-145
-135
-125
-118
-112
-95
-61
-17
38
86
146
202
244
268
274
261
247
210
144
91
29
-29
-93
-149
-186
-200
-217
-248
-245
-231
-224
-221
-222
-221
-209
-185
-161
-125
-74
-21
36
94
147
196
238
256
262
264
252
232
217
185
136
103
64
13
-24
-66
-108
-147
-177
-189
-202
-221
-207
-178
-142
-114
-74
-17
23
61
104
152
192
234
271
299
304
306
290
248
202
140
84
20
-48
-118
-181
-211
-231
-253
-271
-273
-283
-285
-281
-276
-282
-267
-235
-201
-129
-51
26
99
167
228
258
263
255
235
219
201
176
159
154
148
139
110
69
15
-39
-94
-148
-166
-185
-199
-188
-163
-140
-110
-84
-57
-18
18
58
109
149
174
199
220
215
199
185
167
130
95
45
-5
-42
-75
-114
-148
-174
-200
-208
-214
-226
-246
-264
-277
-273
-254
-231
-200
-157
-106
-53
0
55
102
138
165
183
193
196
201
194
189
184
174
165
147
132
110
86
67
46
23
-3
-26
-51
-72
-86
-96
-107
-104
-84
-54
-21
12
56
98
135
143
148
148
149
127
109
82
56
49
37
17
-10
-24
-56
-92
-123
-156
-186
-199
-215
-230
-242
-238
-219
-200
-190
-174
-136
-106
-71
-35
8
46
83
108
131
146
149
137
136
143
146
148
145
150
150
134
102
72
46
16
-11
-28
-39
-26
-12
-8
20
44
52
60
59
61
72
61
53
50
39
22
-1
-16
-26
-40
-57
-57
-63
-82
-110
-123
-141
-173
-208
-218
-208
-205
-200
-178
-148
-108
-88
-74
-38
-12
7
23
33
45
80
114
134
141
154
166
162
159
129
90
59
38
20
15
17
9
6
9
18
11
7
-13
-16
-2
-5
-18
-7
6
21
54
75
87
94
92
82
60
17
-33
-63
-75
-87
-85
-69
-54
-54
-58
-78
-93
-112
-142
-174
-199
-194
-172
-140
-106
-66
-27
21
64
97
110
105
110
118
107
89
82
87
116
135
136
148
160
146
129
112
75
48
30
22
9
-5
-23
-37
-56
-76
-65
-62
-65
-52
-27
-10
6
24
37
31
11
12
12
5
-5
-8
-11
1
-2
-17
-12
-12
-18
-43
-59
-70
-84
-106
-117
-118
-107
-97
-104
-88
-69
-61
-45
-24
-9
11
38
60
93
119
118
100
98
101
93
76
69
64
60
62
55
37
25
16
-8
-17
-46
-71
-77
-76
-78
-71
-59
-60
-56
-39
-31
-10
11
2
21
51
76
84
93
97
84
84
81
56
21
2
-21
-37
-65
-84
-97
-99
-100
-116
-115
-121
-119
-121
-120
-119
-113
-111
-99
-85
-61
-29
7
41
66
87
100
105
104
94
88
93
88
107
125
130
112
95
65
31
-2
-54
-81
-107
-137
-139
-114
-107
-102
-89
-81
-64
-40
-30
-9
4
26
65
112
151
176
180
193
213
198
175
147
132
116
78
57
39
8
-16
-40
-70
-84
-117
-152
-177
-199
-218
-224
-215
-198
-148
-87
-42
-2
34
60
81
109
133
135
132
148
156
154
158
136
106
93
57
-1
-29
-77
-126
-154
-174
-182
-194
-198
-193
-182
-159
-137
-112
-73
-28
13
63
95
117
158
178
193
190
178
182
187
190
168
138
115
106
74
18
-37
-72
-81
-110
-151
-171
-163
-162
-174
-180
-172
-154
-127
-76
-36
13
66
83
95
119
122
114
111
105
95
88
83
78
60
34
3
-27
-53
-100
-142
-171
-203
-217
-198
-179
-156
-117
-54
-9
13
31
46
56
58
33
22
25
45
71
93
105
124
126
119
115
63
23
-2
-19
-33
-53
-62
-51
-36
-46
-35
-24
-28
-40
-47
-51
-49
-38
-36
-29
-35
-12
9
32
54
74
95
99
92
77
64
53
25
-14
-19
-3
-11
-20
-13
-26
-41
-44
-53
-59
-42
-55
-45
-25
-24
-7
5
25
30
29
50
67
88
102
118
130
128
111
91
77
47
12
-12
-38
-76
-86
-109
-120
-112
-94
-80
-68
-64
-63
-71
-87
-104
-119
-114
-100
-74
-36
10
32
71
110
141
143
149
161
166
169
145
135
122
87
38
5
-24
-49
-80
-104
-108
-103
-88
-73
-59
-32
-13
-28
-40
-47
-60
-60
-53
-51
-16
23
48
70
80
83
90
96
59
20
8
-7
-27
-52
-55
-56
-57
-42
-46
-45
-50
-60
-70
-78
-96
-99
-87
-84
-87
-63
-25
5
40
50
62
67
68
57
45
49
48
63
84
87
83
73
54
52
48
26
17
11
21
39
37
17
-8
-17
-30
-43
-38
-54
-68
-54
-33
-19
-33
-46
-53
-44
-37
-23
-2
18
33
53
54
44
30
9
-12
-31
-62
-63
-61
-52
-43
-34
-26
-25
-31
-41
-52
-80
-80
-74
-73
-49
-15
10
65
100
115
126
149
145
131
125
108
85
89
97
94
90
83
88
80
37
1
3
0
-30
-55
-65
-83
-91
-93
-89
-93
-81
-82
-92
-79
-68
-51
-16
5
38
69
85
106
111
100
76
61
37
21
-7
-24
-41
-51
-51
-67
-83
-83
-86
-85
-90
-102
-97
-100
-86
-72
-59
-30
19
48
49
73
82
70
59
55
46
45
60
81
93
87
86
83
64
38
-9
-33
-47
-79
-91
-103
-91
-71
-57
-64
-44
-26
-23
-36
-38
-22
-17
-14
2
40
46
38
44
42
34
4
-13
-5
-8
-34
-44
-46
-59
-54
-50
-49
-54
-40
-23
-6
14
24
36
59
71
74
84
97
90
89
74
62
41
9
10
17
16
20
18
7
5
-2
-11
-39
-50
-38
-25
-18
-21
-13
5
12
13
7
8
7
-11
-21
-39
-55
-43
-36
-26
-18
-14
0
-1
-2
-2
-18
-34
-35
-55
-64
-58
-50
-38
-49
-48
-24
0
6
19
22
30
40
68
77
71
76
85
89
77
90
114
128
123
111
101
103
93
65
29
-1
-11
-8
3
-6
-19
-37
-58
-60
-59
-79
-89
-83
-80
-58
-51
-68
-59
-51
-43
-61
-80
-85
-77
-59
-64
-60
-15
35
24
34
58
53
46
38
6
-18
-18
-37
-28
-27
-43
-14
21
26
18
7
11
19
8
2
-5
-4
4
13
21
30
34
33
41
57
75
63
66
79
74
38
17
-19
-52
-66
-90
-91
-72
-57
-51
-43
-44
-51
-70
-90
-98
-115
-123
-99
-73
-26
5
25
67
88
92
99
86
70
64
19
14
9
2
31
34
21
34
60
48
12
-19
-49
-79
-92
-87
-75
-70
-65
-34
7
14
13
23
47
43
25
18
43
43
31
29
39
67
63
69
71
60
58
42
17
-5
-28
-44
-66
-60
-45
-27
-12
2
15
12
15
11
17
11
17
30
50
53
55
54
40
37
34
14
-10
-3
12
20
15
13
12
35
62
38
17
14
5
-27
-54
-64
-76
-60
-29
-14
-10
24
30
41
43
20
-31
-42
-35
-43
-34
-20
0
23
24
-10
-26
-38
-61
-88
-87
-93
-94
-84
-54
-37
-43
-56
-49
-29
-42
-36
-31
-14
21
51
63
73
107
125
106
94
92
60
25
-17
-34
-46
-76
-94
-88
-76
-69
-89
-94
-76
-48
-38
-65
-53
-15
19
18
4
26
75
91
111
107
93
89
72
95
102
80
92
106
118
110
84
25
-36
-70
-134
-156
-140
-108
-81
-58
-34
-39
-50
-42
-63
-75
-92
-76
-47
-16
9
30
91
123
119
113
100
88
72
25
8
-8
-12
-9
-27
-45
-34
-24
-30
-43
-55
-34
-59
-96
-77
-47
-35
-47
-30
12
11
14
40
64
81
76
80
86
79
64
60
51
26
-5
-17
3
30
28
14
32
64
64
49
19
-8
-24
-37
-65
-90
-83
-75
-55
-20
0
0
12
30
15
-15
-31
-46
-40
-42
-58
-41
-41
-30
0
3
-19
-13
-5
-4
-11
-31
-39
-20
-24
-48
-34
-18
-19
-20
-1
4
4
11
11
-1
20
34
17
1
22
41
48
64
53
64
89
73
64
45
18
10
15
0
-8
-8
4
13
17
-6
-1
10
5
6
6
43
85
110
112
101
79
51
21
-1
-41
-84
-113
-103
-69
-45
-33
-22
-14
-9
-13
-67
-95
-93
-100
-113
-104
-62
-34
19
30
26
49
56
57
50
28
28
49
71
60
38
52
70
75
63
51
34
20
-11
-29
-46
-57
-44
-34
-10
-13
-8
-16
4
-10
-34
-57
-78
-60
-51
-42
-23
5
19
15
0
3
14
-10
-39
-51
-51
-48
-60
-80
-66
-59
-62
-50
-33
-4
4
9
10
25
31
6
-4
-10
-9
12
20
19
22
30
46
62
53
68