0
1
1
0
0
1
0
0
-1
-1
0
-1
0
0
-1
-1
-1
-1
0
-1
-1
-2
-1
-1
-1
-1
-1
-1
-1
-1
-1
0
-1
-1
-1
-1
-1
-2
-1
-1
-2
-1
-1
-1
-1
-2
-1
-1
-1
-1
-1
-2
-1
-1
-1
-1
-1
0
0
-1
0
-1
0
-1
0
0
-1
-1
0
0
-1
1
0
-1
-1
-1
-1
-1
-2
-2
-1
-1
-2
-1
-1
-1
-1
-2
0
0
0
-1
0
0
0
-1
0
0
0
0
-1
0
0
1
1
1
2
3
4
4
3
3
3
4
3
3
3
3
3
2
3
3
3
2
2
2
3
3
1
2
4
3
3
2
0
1
2
0
-2
1
1
0
1
2
1
0
1
1
-1
0
-1
-3
-1
0
-1
-1
-1
1
1
0
-2
0
2
0
-2
-1
0
2
2
-2
-3
2
2
-2
-2
0
-1
-2
-1
-1
-3
-2
-3
-4
-3
-2
-2
-2
-2
-1
1
1
0
0
0
-1
-2
-3
-2
0
-1
-3
1
4
3
-2
2
4
2
-1
-3
-3
-3
-2
-3
-4
-3
0
2
3
1
1
3
4
0
-3
-2
0
-2
-4
-4
-1
0
-2
-2
-1
-1
-2
-2
-1
-1
0
1
1
2
1
1
1
2
2
0
-2
0
1
1
-1
0
1
-1
1
3
1
-2
0
3
2
0
-2
-3
-1
0
-3
-4
-1
0
0
-1
2
2
0
-1
0
0
0
-1
-2
-3
1
3
0
-2
2
5
2
-1
2
4
0
-1
3
6
2
2
5
6
3
3
4
2
1
0
0
0
1
0
-2
0
2
0
-2
-1
-1
0
2
3
0
2
4
1
1
3
4
3
4
6
2
-1
-1
-5
-12
-9
-4
-6
-12
-6
-1
-4
-9
-11
-12
-7
-2
-7
-12
-1
8
0
-5
0
0
-5
-15
-21
-21
-15
-8
-10
-13
-4
4
6
6
-2
-13
-7
8
2
-4
14
33
21
9
25
39
20
-4
-8
2
4
-7
-13
-8
-1
1
1
1
-4
-13
-11
-6
1
7
-3
6
25
19
-4
3
14
-10
-14
-3
-3
-15
-20
-28
-43
-34
-22
-31
-17
-1
-4
-4
8
4
-4
1
13
11
3
4
18
42
21
-1
39
68
43
37
71
74
47
54
75
66
36
31
42
42
31
12
7
29
25
6
-3
-18
-25
-26
-42
-46
-5
21
-6
-22
-4
-25
-51
-57
-73
-78
-63
-73
-98
-69
-33
-66
-96
-41
-32
-75
-67
-22
-14
-28
-10
12
21
26
47
30
10
44
81
68
33
53
103
97
59
64
92
89
56
50
66
75
72
60
39
9
-10
9
-6
-91
-114
-52
-44
-130
-150
-81
-26
-55
-101
-90
-46
-21
-28
-44
-51
-37
-11
30
10
-28
-13
9
11
-6
-34
-52
-28
-58
-114
-73
-6
-35
-53
8
30
21
63
69
-18
-13
61
41
10
40
26
20
83
79
6
7
41
14
24
35
-18
-15
55
43
1
32
48
15
7
0
6
42
43
-5
35
120
55
11
75
66
-43
-112
-86
-79
-90
-109
-140
-66
24
-1
-55
-41
-25
-32
-9
-34
-89
-48
-12
0
39
67
80
103
123
103
58
8
-25
-42
-35
-4
41
114
154
112
54
-13
-74
-139
-181
-199
-148
-22
122
189
217
206
209
156
49
-31
-53
-77
-191
-266
-196
-73
-65
-44
70
186
186
202
183
23
-217
-410
-472
-450
-434
-343
-73
227
386
542
662
586
411
177
-4
-24
35
124
309
489
480
487
645
653
524
374
227
10
-161
-300
-423
-427
-412
-368
-247
-114
-129
-171
-256
-567
-910
-953
-912
-960
-849
-556
-233
34
237
369
324
221
131
93
69
-85
-130
-74
44
8
21
98
227
335
436
496
382
308
278
309
215
43
-128
-27
-12
-38
87
233
368
473
423
264
45
-308
-693
-899
-1031
-1081
-1028
-813
-600
-326
-62
-27
89
253
274
219
475
739
654
576
600
673
805
907
905
950
847
493
243
249
-27
-426
-462
-257
-245
-229
-47
45
-80
-225
-237
-366
-658
-439
119
284
245
685
942
826
1004
1290
914
527
868
700
813
-983
-7059
-11919
-8886
-6482
-10482
-9830
-2179
-1121
-4027
1760
8056
6037
5639
11349
13028
10683
9647
9134
6961
3564
-378
-810
765
-1018
-3081
-161
1755
-130
-1144
-2082
-5241
-7138
-7653
-8884
-8087
-5513
-4619
-3116
111
1098
101
821
1751
1789
2932
4406
5306
6461
6803
4934
3177
1887
-590
-3452
-4953
-5655
-5563
-4682
-3650
-2137
445
2436
3731
5513
6804
6928
6933
6628
4979
3034
1477
-102
-2110
-3838
-5454
-6369
-7141
-7922
-8440
-7949
-7544
-6723
-4871
-2318
-553
1089
2612
3696
4046
3879
3336
2877
2221
1250
403
-102
-1141
-2397
-3091
-3684
-4522
-4952
-4431
-3654
-2980
-2297
-893
887
2579
4152
6067
8157
9672
10891
12005
12684
13104
14941
17813
19158
16888
12304
5184
-5321
-17563
-27787
-32212
-31130
-26108
-18196
-8841
-116
7318
12903
15287
13775
10875
10533
13102
15582
16213
15872
14061
9426
2181
-5492
-13442
-20707
-25443
-25848
-22596
-17254
-11631
-7858
-4573
-3320
-6365
-8192
-2223
4587
6639
10310
17854
19546
16227
13101
7345
-1356
-6592
-7204
-7444
-7456
-7285
-5058
406
4473
5310
9084
15063
18153
21777
27725
27797
16724
-1697
-20731
-30692
-30503
-29765
-30425
-24329
-13600
-4572
4657
11878
8883
1570
4390
15100
22264
23627
23971
23512
20594
15035
6700
-5383
-19078
-28712
-30246
-26475
-22217
-19701
-17481
-12352
-3881
3496
6935
8575
10237
12517
14688
12965
5787
-1591
-4134
-2712
-76
1104
-993
-3459
-3887
-5005
-8792
-13098
-14596
-10489
-2393
3960
7459
12142
16051
17900
20111
23107
22680
22127
23941
23636
19691
7959
-12123
-29224
-32083
-28712
-28244
-25432
-15837
-7088
1582
13946
20621
12781
3895
7181
15432
18512
18992
19557
17171
12756
9230
3160
-9351
-23185
-31340
-31747
-26064
-18403
-14299
-11944
-4883
5642
11555
12483
12333
11692
10380
9700
8360
4863
1300
-303
-98
209
-1483
-4862
-6248
-6452
-7852
-9496
-9172
-7650
-4373
-253
2235
4219
7843
10461
11341
13120
15150
15085
14659
15874
16274
14739
7105
-9682
-27611
-32521
-27632
-25198
-24312
-16474
-6252
1653
11183
18955
14735
4631
5537
14867
19140
17502
17022
15906
11777
7007
1702
-8211
-20201
-27836
-28398
-24053
-17731
-12869
-10225
-5571
3042
10110
11765
10817
9755
7219
5224
6613
7779
4811
1191
1048
2275
1256
-1878
-5058
-7351
-8453
-8648
-7783
-6494
-4615
-1791
1768
4380
6378
8062
9455
10686
12386
13662
13659
14509
15261
13609
6415
-7284
-23364
-31321
-29258
-25549
-23222
-16072
-5539
2746
10045
15658
13597
5705
3909
9979
15931
17773
18481
18030
14999
9631
2952
-7044
-19432
-28852
-30853
-26639
-19752
-13189
-8185
-2812
4247
9465
9198
5168
1904
1932
4836
8517
10761
10952
9968
8743
7120
2621
-4972
-11304
-13000
-11858
-10808
-9829
-7451
-3176
1331
3852
4871
6238
7146
8178
11013
15297
16906
17304
19295
21189
16916
3254
-14941
-28893
-32674
-30547
-26834
-21105
-12430
-4026
5441
13920
15620
8356
1876
3396
10244
16042
19128
19899
18569
15490
11172
3712
-8821
-22796
-31405
-31311
-25356
-18157
-12913
-8418
-1813
6252
10455
9581
6125
3089
2205
5153
9064
10018
8351
7242
6716
4954
755
-5419
-10527
-12265
-11468
-10333
-8988
-7185
-4165
-189
3214
4768
6600
8767
10225
11641
14362
16098
15314
15380
17395
17881
10714
-4736
-22062
-31735
-31735
-27707
-23429
-17344
-9215
-147
9593
15741
13598
5154
1051
5893
14643
19664
20395
19125
17063
13012
6551
-3468
-16446
-28153
-32607
-28605
-20186
-12792
-8380
-4315
2406
9167
11059
8126
4349
2621
3892
7710
10344
8960
5551
3737
2951
571
-4341
-9150
-11099
-9978
-8165
-6856
-6031
-4776
-2397
950
3265
4591
6545
9582
11832
13244
14106
14082
12262
10850
11550
12565
8861
-3028
-18180
-27762
-27672
-24079
-21112
-17613
-10919
-3201
5984
13411
14246
7763
3992
8682
16482
19583
18052
15609
12818
8522
2620
-4957
-15045
-24705
-28992
-25715
-18609
-12018
-8374
-5545
-193
6901
10222
8251
5087
4217
5664
8451
10241
8358
4099
1418
1055
-283
-4472
-8888
-9874
-7865
-6165
-6143
-6109
-5010
-2744
240
3048
5012
7061
10073
12628
13290
12636
11708
10262
8194
7885
9434
10295
4957
-7500
-20827
-26335
-24692
-22432
-20998
-16329
-8640
-162
9435
16144
15252
9308
8631
13595
17222
15512
12809
10640
7263
2066
-2131
-6901
-14689
-22749
-24857
-20572
-14698
-10761
-8790
-5773
393
7471
10311
8583
6162
6079
7552
9191
8701
5341
1256
-506
-616
-2305
-6572
-9745
-8866
-6122
-5454
-6228
-5533
-3164
-542
2156
4791
6826
8489
10517
12128
12003
10611
9242
8354
7165
7439
9191
10666
5630
-6978
-20703
-26062
-24763
-23831
-23464
-17897
-8416
762
10451
18215
18580
12530
10678
14222
15839
12033
8545
7189
4983
983
-1631
-4384
-10676
-18630
-22169
-20014
-15926
-13196
-11656
-8218
-943
7546
11933
11367
9114
8236
8381
8507
6748
3127
-592
-1812
-1118
-1615
-4772
-7765
-7392
-5261
-5166
-6861
-6723
-4131
-1055
1202
3487
5914
8363
10096
11170
10836
9638
8481
8147
7512
7811
9728
12158
9621
-1506
-16159
-24844
-25255
-25043
-25770
-22023
-12430
-2476
7884
17302
20301
14489
10080
11914
13937
10691
7098
6974
7170
5023
3099
1249
-4942
-15105
-22373
-22621
-19625
-17113
-15134
-10889
-3044
6700
13291
13755
10197
7080
6289
6579
5327
1949
-910
-529
2229
3229
474
-3483
-5230
-5046
-5695
-7841
-8946
-7288
-3937
-741
2288
5109
6982
7712
8477
8987
8274
7250
7779
8631
9288
11170
13950
13870
5782
-8544
-21493
-26403
-26815
-27373
-25766
-17771
-7061
3427
12988
18505
16226
10870
10151
12293
11960
9665
9778
10878
9479
6187
3284
-2112
-11846
-21507
-24899
-22872
-19461
-16152
-11608
-4642
3965
11049
13662
11518
7317
4377
4017
4484
3327
1342
1286
3782
5891
4237
-828
-5283
-6867
-7184
-8402
-9546
-8892
-6237
-2758
355
2859
4611
5513
6313
8145
9756
10078
10037
11026
11494
11545
12288
12911
9680
-323
-13918
-24614
-28434
-28797
-27751
-23865
-15317
-5087
5654
14330
18010
16009
13322
13295
13980
13240
12091
11759
10598
7724
4253
577
-5742
-14480
-21874
-24204
-22268
-18573
-14741
-10171
-3717
3926
10152
12931
11645
8220
5538
5172
5304
3927
1828
1288
2683
3791
1878
-2369
-5829
-7102
-7559
-8658
-9675
-9262
-6647
-2958
328
2937
5266
7227
8955
10785
11571
10846
10138
10912
11276
10338
9615
9749
7830
98
-12357
-24166
-30203
-31058
-28847
-23968
-15414
-5036
5604
14792
20291
20348
16918
14002
12890
12377
11350
10198
8797
6483
3322
128
-4328
-11377
-19428
-24044
-23262
-19109
-14761
-10552
-4972
2413
9469
13505
13229
9941
6439
4918
4720
3625
1468
223
1143
2510
1813
-1482
-5206
-7318
-8098
-9117
-10083
-9451
-6574
-2500
1473
4606
7166
9087
10235
10518
10228
9312
8556
8831
9403
8584
7618
7667
7139
2094
-8407
-20440
-28587
-30310
-27699
-22370
-14711
-5034
4601
13841
20028
21007
16752
12201
10152
10047
9927
9485
8523
6481
3435
360
-3221
-9312
-17255
-23014
-22998
-18625
-13369
-9266
-4959
962
7651
12165
12867
10236
6489
3951
3536
3591
2459
828
359
1184
1456
-499
-4213
-7263
-8384
-8519
-8789
-8370
-6321
-2754
1015
4118
6571
8855
10175
10222
9632
9218
8239
6919
6258
5957
4846
3830
3928
3621
-395
-9325
-19283
-25284
-25248
-22014
-16788
-9820
-1415
6612
14173
19301
19644
15273
10444
8198
8038
8013
7164
5694
3624
1371
-794
-3682
-9092
-16053
-20746
-20208
-16019
-11469
-7995
-4086
1518
7841
12066
12497
9580
5630
3155
2870
2927
1566
-144
-367
867
1211
-822
-4412
-6950
-7820
-8141
-8529
-7660
-5162
-1660
1972
5241
7606
9034
9517
9059
8331
7519
6333
5028
4605
4538
4097
4058
4593
4343
241
-8133
-17556
-22703
-22521
-19576
-15188
-8623
-832
6358
13044
17490
17231
12299
7898
6735
7520
7479
6681
6008
5200
3317
562
-3156
-8761
-15605
-20069
-19385
-15388
-11364
-8229
-4016
2040
8102
11469
11524
9339
6363
3765
2547
1994
555
-1279
-1468
181
944
-901
-3926
-5987
-6735
-7269
-7780
-7310
-5214
-1991
1576
4819
7203
8473
8968
8822
8039
6765
5135
4156
3956
4233
3736
3462
3876
4198
1742
-5140
-14364
-20789
-21092
-17999
-14018
-9336
-2638
4118
10493
15022
15830
12053
7560
6152
7215
7875
7352
6640
5390
3187
460
-2350
-7024
-13416
-18212
-18051
-14404
-10637
-7748
-4097
1082
6434
10097
11210
9912
6931
3865
2016
1127
-444
-2422
-2927
-1540
-355
-937
-2481
-3687
-4585
-5675
-6588
-6376
-4780
-2201
992
4195
6646
8347
9247
8860
7023
4897
3152
1718
1099
1796
2774
3113
3651
4686
4609
-114
-9036
-17491
-20002
-17678
-14080
-10128
-4234
2433
8406
13053
14779
11954
6687
4103
4883
6433
6651
6665
6323
4811
2104
-765
-4789
-10601
-16006
-17327
-14378
-10090
-6456
-3164
812
5126
8511
9712
8500
5690
2709
944
444
-259
-1707
-2406
-1395
-3
-174
-1936
-3783
-4733
-4940
-5060
-4812
-3574
-1245
1588
4397
6398
7233
7000
6203
4677
2748
1054
105
-29
903
2374
3353
3817
4335
4942
3642
-1987
-10401
-15962
-15739
-13041
-10523
-6732
-1240
3180
6375
9474
10598
7599
3893
3979
6485
7824
7626
7460
6335
3289
-232
-3007
-6500
-11258
-14655
-14132
-10495
-6457
-3442
-1262
1190
4143
6695
7442
6134
3909
1916
788
212
-441
-1399
-1853
-1360
-592
-689
-1467
-2251
-2876
-3400
-3703
-3125
-1633
165
1743
3278
4526
4861
4204
3207
1963
525
-462
-460
487
1929
3257
4090
4924
5628
6200
4783
-680
-8879
-13970
-13563
-11756
-10898
-8435
-3754
27
3450
7498
9759
7499
5109
6212
8541
8610
7621
6961
4992
1358
-1392
-2781
-5690
-10372
-13312
-12094
-8809
-5982
-4236
-2446
54
3389
6436
7892
6868
4509
2277
850
-388
-1614
-2416
-2267
-984
642
1400
859
-66
-1311
-3023
-4589
-4533
-3059
-1350
16
1564
3172
3942
3295
1729
177
-698
-826
-63
1476
3610
5578
6838
7508
7764
7864
5790
-604
-9628
-15060
-15146
-13705
-12781
-9944
-5397
-1546
2999
8557
11108
8233
5718
7391
9944
9391
7607
6487
4565
1233
-1126
-2419
-5526
-10378
-12996
-11473
-8565
-6650
-5191
-2912
14
3092
5785
7331
6736
4657
2677
1811
1029
-361
-1398
-969
373
1182
946
-70
-1414
-3003
-4556
-5652
-5605
-4362
-2399
-369
1132
1888
1977
1855
1519
1119
805
1109
2142
4039
6123
7447
7573
6994
6357
5864
4555
-591
-8973
-15552
-16197
-14279
-12864
-10862
-6786
-2597
2062
8015
12050
10867
7960
8469
10538
10052
7416
5393
3184
82
-2111
-2683
-4522
-8408
-11160
-10558
-8234
-6254
-4916
-3784
-1968
1243
5076
7517
7681
6448
5258
4616
3660
1359
-1561
-3297
-3124
-2160
-1763
-2318
-3005
-3247
-3551
-4517
-5259
-4692
-3075
-1302
225
1469
2302
2957
3376
3324
2795
2753
3664
5199
6244
6567
6130
5089
3954
3297
2971
-164
-7082
-14079
-15671
-13712
-12291
-11380
-7955
-3321
1087
6859
12646
13893
10435
8837
10515
10839
7411
3837
1610
-713
-3133
-3690
-3794
-5984
-9033
-9543
-7489
-5591
-4883
-4480
-3215
-303
3907
7378
8533
7848
6687
5341
3872
1632
-1623
-4668
-5596
-4705
-3932
-3900
-3929
-4009
-4423
-4705
-4323
-3343
-2240
-922
871
2702
3651
3709
3878
4315
4245
3953
4104
4620
4763
4514
4067
2992
1503
329
319
739
-1207
-6775
-12194
-13061
-10759
-9272
-8382
-5448
-958
3894
9275
13278
12879
9374
7763
8200
7063
3582
600
-1078
-2435
-3038
-2319
-2237
-4231
-6585
-7064
-5940
-4888
-4419
-3987
-2312
1194
5503
8258
8653
7451
5701
3480
816
-2237
-5381
-7551
-7728
-6080
-4344
-3441
-2980
-2068
-1287
-1565
-2488
-2450
-1174
117
1022
2186
3566
4355
4819
5129
4778
3496
2458
2042
1764
1064
564
371
722
1452
2830
3771
1290
-4930
-10312
-10651
-9091
-8943
-8441
-4473
620
5211
9723
12585
10736
6529
5040
5447
3945
840
-476
-470
-902
-1070
-23
-137
-2876
-5869
-6299
-4997
-4012
-3626
-2736
-630
2598
5796
7366
6620
4182
1207
-1408
-3169
-4731
-6307
-6791
-5129
-2667
-1152
-756
-672
-915
-1558
-2248
-2321
-1406
148
1664
2839
3728
3910
3382
2555
1834
885
88
0
784
1891
2486
2685
2736
3179
3422
3895
3187
-843
-7217
-10693
-9350
-7624
-7447
-6190
-2267
1448
4834
8115
9406
6807
4082
4376
5378
4014
1788
928
441
-378
-406
283
-673
-3193
-4771
-4168
-3024
-2612
-2939
-2952
-1702
1000
3538
4133
2863
1131
-207
-1239
-2336
-3777
-5008
-4866
-3137
-1085
1
275
351
403
181
-314
-622
-437
-82
93
238
549
669
569
606
956
1278
1645
2086
2553
2676
2524
2536
2660
2731
2893
4168
4111
-88
-6591
-9425
-8390
-7984
-8626
-6972
-3198
-80
3654
7922
9345
6585
4653
5492
5690
3421
1588
1339
922
451
1470
2743
1476
-1568
-3769
-4433
-4950
-5725
-6366
-6039
-4035
-447
2708
3759
3139
1999
714
-577
-1657
-2680
-3304
-2511
-502
1119
1388
1099
666
-113
-1555
-2985
-3478
-2738
-1646
-805
67
1155
2030
2432
2478
2147
1581
1288
1350
1752
2132
2431
2566
3022
3612
4194
4594
2675
-2734
-8514
-9735
-8222
-7960
-8302
-5969
-2381
864
4927
8813
8925
6032
5214
6510
6123
3578
1994
1588
905
609
1698
2050
-362
-3902
-5841
-6155
-6471
-7111
-7232
-5838
-2596
1539
4311
4690
3638
2315
1133
218
-642
-1732
-2418
-1698
-117
806
472
-426
-1367
-2119
-2763
-2960
-2482
-1579
-635
378
1514
2242
2298
2037
1846
1585
1013
584
708
1461
1875
2176
2569
3365
3771
4369
4214
849
-5288
-9447
-8868
-7619
-7842
-7352
-3823
34
3913
7827
9889
7806
5065
5104
5822
4231
1833
1118
1077
844
1056
1529
-146
-3767
-6679
-7100
-6449
-6109
-6015
-4961
-2203
1695
4618
5011
3632
2126
903
26
-452
-948
-1704
-1727
-392
855
435
-1008
-1924
-2340
-2804
-3080
-2365
-1131
-21
991
2014
2318
1625
923
726
442
-105
-156
533
1508
2294
2899
3158
3051
2710
2735
3261
1683
-3198
-7974
-8038
-5754
-5210
-5699
-3842
-738
1902
5019
7735
7399
4728
4348
5913
5787
3253
1360
539
-414
-1146
-751
-922
-2965
-5156
-5375
-4191
-3515
-3747
-3966
-2880
-379
2371
3684
3490
2790
2176
1614
1052
7
-1717
-2940
-2360
-952
-623
-1258
-1164
-417
-276
-900
-1257
-1121
-983
-808
-366
31
66
302
997
1601
1374
946
990
1434
1648
1751
1912
2088
2478
3306
4263
2613
-1900
-6323
-7083
-6245
-6206
-6257
-4424
-1882
779
4426
7308
6951
4619
4371
5336
4747
2492
1067
318
-589
-1010
-257
-166
-1978
-4055
-4510
-3728
-3300
-3422
-3515
-2527
-235
2567
4172
4128
3210
2107
1120
193
-997
-2638
-3516
-2716
-1038
-29
256
445
326
-423
-1490
-2152
-2352
-2121
-1359
-97
928
1435
1740
2075
1793
910
261
287
575
980
1934
2725
3243
3570
4455
4012
413
-4863
-7803
-7459
-6849
-6311
-4721
-1987
-142
2438
5694
6988
4688
2681
3420
4457
3602
2288
1835
1077
-50
-308
113
-1030
-3457
-4891
-4361
-3549
-3321
-3143
-2255
-717
1447
3627
4760
4315
2851
1254
-165
-1612
-3066
-3950
-3607
-2134
-386
840
1385
1337
699
-519
-2053
-3124
-3158
-2237
-835
551
1753
2464
2715
2538
1839
692
-283
-390
257
1403
2512
3551
4161
4681
3914
237
-5183
-8503
-8379
-7561
-6720
-4470
-788
1846
3953
5980
6470
4166
1861
1796
2544
2507
2405
2889
2616
1440
731
574
-1107
-4238
-6255
-5823
-4527
-3686
-2873
-1406
632
2839
4596
5149
4401
2802
719
-1135
-2490
-3531
-4280
-3770
-2021
-192
983
1854
2179
1279
-446
-2053
-2854
-2982
-2442
-1313
406
2145
3269
3536
2997
1952
619
-325
-762
-488
408
1937
3558
4870
4968
2203
-2654
-6830
-8065
-8310
-8212
-6623
-3028
609
3936
6869
7613
5388
2875
2504
2465
1498
1036
2102
2970
2797
2339
1711
-413
-3628
-6097
-6896
-6718
-5913
-4459
-2537
-225
2463
4823
5665
5034
3736
2283
436
-1369
-2710
-3510
-3572
-2633
-1077
187
914
1298
1336
635
-690
-1935
-2398
-2123
-1475
-342
1363
2977
3679
3574
2920
1716
180
-836
-924
-385
810
2585
4530
4311
912
-3810
-6526
-7559
-8795
-9367
-7445
-3600
417
4983
8647
9321
7071
5350
4590
3068
722
-415
-86
594
1583
2916
3007
511
-3065
-5789
-7415
-8618
-8802
-7504
-4756
-913
3560
7037
8198
7060
4893
2669
602
-1523
-3197
-3484
-2365
-594
1024
1850
1437
365
-736
-2027
-3613
-4384
-3761
-2180
-173
2225
4450
5741
5729
4792
3259
1180
-919
-2206
-1937
-637
1442
3426
3191
-145
-3827
-5509
-7007
-9553
-10856
-8841
-5080
-519
4796
8850
9676
8823
8689
7849
4722
1033
-691
-981
-971
-293
1194
1786
368
-1910
-3884
-5865
-8271
-10031
-9861
-7483
-3418
1291
5358
7730
8337
7687
6000
3318
138
-2371
-3266
-2323
-384
1398
2324
2543
1955
201
-2524
-4979
-6154
-5941
-4413
-1646
1874
5041
7176
8057
7692
5852
3175
564
-1153
-1972
-1491
-435
-882
-3053
-4630
-4458
-4988
-6880
-8286
-7761
-6171
-3071
1273
4698
5915
6956
9031
9842
7977
5003
2754
981
-361
-595
-62
-384
-1726
-2827
-3325
-4391
-6305
-7931
-8226
-7068
-4604
-1432
1119
2591
3722
4996
5469
4559
2891
1655
1207
1209
1390
1632
1762
1475
1019
388
-919
-2872
-4145
-4063
-3423
-2692
-1095
1446
3756
4868
5277
5571
5310
4323
3138
2638
1780
-721
-4318
-6486
-6910
-7368
-8134
-7843
-6337
-4735
-2408
608
2518
2483
2979
5164
6719
6108
5027
4744
4277
3140
2193
1378
-224
-2081
-2887
-2970
-3569
-4657
-5461
-5666
-5308
-4020
-2508
-1550
-800
694
2321
2968
2636
2049
1618
1394
1567
1762
1772
1724
2118
2476
2034
745
-510
-1119
-1282
-1076
-681
-42
605
1485
2259
2492
2249
2067
2367
2782
3163
2227
-44
-2708
-3971
-4662
-5650
-6680
-6783
-5961
-4298
-1816
60
644
853
2268
3869
4478
4104
3788
3542
3452
3318
2718
1185
-522
-1754
-2690
-3702
-4450
-4681
-4483
-3603
-1789
122
683
179
-76
276
286
-174
-491
-223
528
1638
2497
2477
1579
680
229
-140
-931
-1540
-997
549
2076
2992
3654
3986
3780
3036
2290
1633
996
400
479
1042
545
-1541
-3637
-4255
-4536
-5087
-5045
-3915
-2827
-1537
611
2517
2515
1489
1305
1549
1007
64
5
598
1099
1641
2507
2650
1353
-689
-2198
-3289
-4515
-5739
-5842
-4474
-2545
-832
771
2340
3139
3155
2960
2604
1630
550
35
-121
-227
-146
114
-34
-525
-922
-1098
-1383
-1513
-940
285
1558
2659
3705
4418
4737
4709
4559
3998
3318
2552
1165
-1176
-3524
-4952
-5904
-6555
-6426
-5296
-3831
-1887
650
2818
3559
3472
3461
3144
2022
691
-121
-515
-685
-512
18
307
25
-641
-1409
-2395
-3560
-4403
-4753
-4854
-4536
-3222
-1116
735
1955
2928
3837
4105
3596
2724
1809
959
490
702
977
729
160
-169
-534
-1158
-1484
-1325
-1086
-897
-14
1371
2472
2807
2973
3305
3660
3768
2876
873
-1408
-2574
-3084
-3670
-4210
-3953
-3107
-1753
56
1612
2172
2264
2773
3209
2740
1571
528
-216
-759
-1031
-924
-817
-923
-1174
-1385
-1818
-2686
-3952
-5162
-5452
-4761
-3635
-2282
-285
1976
3672
4630
4669
3796
2390
1258
241
-662
-1347
-1272
-416
666
1266
1434
1724
1891
1646
1112
605
234
269
690
1156
1589
2124
2536
2187
800
-1001
-2506
-3609
-4714
-5312
-4925
-3593
-2014
-157
1699
3103
3950
4501
4512
3751
2721
1905
1245
548
46
-160
-237
-561
-1226
-2124
-3201
-4506
-5785
-6759
-7068
-6309
-4367
-2024
209
2401
4505
5698
5765
5137
4109
2617
980
-331
-1187
-1744
-1913
-1474
-646
116
537
934
1166
900
243
-2
539
1319
1923
2616
3761
4579
3928
1762
-686
-2581
-4192
-5415
-5834
-5257
-4006
-1938
431
2075
2558
2593
2527
1919
740
-268
-548
-342
202
1112
2198
2794
2614
1662
19
-1956
-3689
-5003
-5830
-5693
-4482
-2655
-745
937
2005
2357
2173
1585
672
-240
-575
-101
784
1628
2508
3485
4162
3988
3048
1547
-214
-1838
-2822
-3209
-2999
-2112
-454
1421
2990
3615
2962
1202
-924
-2759
-4036
-4523
-4205
-2987
-932
1717
3839
4826
4718
3942
2511
712
-1000
-2230
-2868
-2753
-1952
-825
12
282
-117
-859
-1884
-3133
-4143
-4250
-3451
-2175
-285
1811
3445
4125
4310
3870
2600
677
-900
-1652
-1799
-1714
-1142
44
1412
2301
2630
2467
1822
951
284
66
85
399
1026
1854
2436
2437
1463
-307
-2299
-4000
-5365
-6098
-5971
-5134
-3621
-1333
1154
3013
4081
4663
4703
4009
2924
1909
1124
461
205
427
542
-89
-1018
-1763
-2819
-4546
-5910
-5950
-5229
-4231
-2551
-199
1831
3182
4140
4545
3854
2288
912
152
-389
-752
-264
1041
2230
2791
3005
2777
1788
373
-747
-1333
-1488
-1027
27
1290
2301
2595
2026
728
-922
-2705
-4080
-4678
-4537
-3789
-2328
-500
971
1829
2214
2132
1513
552
-409
-1005
-1052
-589
211
1162
1779
1973
1722
884
-666
-2360
-3675
-4502
-4575
-3767
-2385
-737
1133
2709
3463
3310
2524
1388
177
-814
-1219
-755
419
1827
3032
3847
3995
3418
2128
548
-1035
-2198
-2696
-2349
-1353
-125
854
1349
1413
1035
161
-1059
-2186
-2871
-2809
-1998
-888
92
1020
1905
2462
2264
1449
324
-688
-1486
-1943
-2204
-2274
-2049
-1423
-830
-591
-603
-566
-557
-722
-887
-803
-484
-96
384
1007
1420
1468
1361
1238
846
251
-58
245
892
1386
1776
2288
2695
2438
1784
1193
625
-163
-701
-503
57
163
-135
-406
-705
-1429
-2165
-2620
-2936
-3089
-2525
-1243
6
909
1602
2215
2310
1811
1016
277
-444
-1057
-1221
-863
-431
-233
-177
-262
-636
-1236
-1841
-2248
-2302
-1833
-921
162
1101
1776
2154
2107
1504
516
-353
-723
-412
342
1136
1911
2744
3322
3190
2396
1307
217
-549
-798
-656
-421
-344
-370
-245
-156
-593
-1424
-1996
-2154
-2103
-1703
-890
-74
543
1143
1802
2062
1644
658
-353
-1228
-1991
-2618
-2900
-2797
-2402
-1744
-1052
-538
-334
-245
-237
-189
-100
125
582
1237
1949
2586
3046
3128
2773
2143
1410
600
-183
-711
-831
-646
-309
212
770
1071
978
842
738
421
-121
-622
-794
-775
-570
-273
108
311
259
151
100
-168
-781
-1212
-1170
-884
-722
-552
-269
-27
-118
-539
-1058
-1574
-2007
-2195
-2049
-1657
-1104
-411
244
752
966
884
570
201
-172
-427
-502
-399
-186
178
705
1309
1715
1820
1805
1891
2012
2057
2142
2308
2511
2582
2490
2099
1479
520
-690
-1909
-2846
-3363
-3423
-3065
-2508
-1868
-1155
-382
219
518
509
456
571
748
845
840
742
432
50
-380
-1043
-1893
-2598
-2886
-2883
-2746
-2545
-2147
-1568
-885
-238
384
921
1358
1783
2194
2482
2659
2761
2724
2414
1960
1412
868
293
-194
-460
-441
-263
-70
175
458
662
397
-234
-734
-735
-533
-268
227
870
1407
1774
2007
1675
800
-143
-779
-1286
-1821
-2234
-2379
-2209
-1920
-1727
-1656
-1658
-1662
-1642
-1652
-1614
-1354
-873
-366
115
673
1180
1472
1460
1168
727
388
189
8
-56
183
595
981
1314
1552
1597
1527
1483
1429
1364
1372
1485
1537
1426
871
11
-782
-1229
-1576
-1824
-1772
-1389
-735
154
973
1250
1141
977
762
162
-736
-1536
-1936
-2016
-1899
-1594
-1157
-785
-576
-608
-963
-1479
-1803
-1824
-1666
-1277
-581
332
1166
1657
1690
1365
913
524
233
11
-43
217
785
1362
1751
1923
1951
1772
1450
1025
568
141
-83
-143
-226
-262
-33
412
690
771
799
802
617
343
112
-70
-213
-213
-81
-53
-321
-720
-1105
-1613
-2344
-2933
-3042
-2732
-2276
-1690
-977
-276
133
261
149
-196
-634
-910
-869
-675
-361
155
784
1283
1509
1580
1490
1259
1043
1039
1208
1439
1755
2183
2469
2306
1776
1099
282
-734
-1647
-2074
-2060
-1762
-1213
-349
530
1098
1302
1286
1081
688
269
4
-111
-106
21
223
292
67
-385
-847
-1293
-1784
-2221
-2370
-2144
-1766
-1419
-1122
-870
-729
-760
-864
-970
-981
-781
-276
406
992
1452
1818
2077
2017
1643
1124
678
342
222
316
540
771
980
1089
978
594
97
-367
-629
-683
-453
14
695
1377
1869
1996
1745
1087
153
-819
-1657
-2208
-2420
-2286
-1915
-1309
-662
-176
30
60
-67
-230
-330
-272
-76
194
453
693
843
776
479
88
-312
-714
-1001
-1133
-1123
-1014
-804
-546
-287
-101
61
254
532
854
1175
1393
1430
1340
1156
862
486
100
-196
-294
-145
195
589
880
970
826
465
-90
-776
-1412
-1828
-1923
-1690
-1181
-513
126
570
743
681
419
-61
-627
-1009
-1070
-882
-553
-126
358
815
1104
1113
866
481
134
-73
-117
-47
157
485
901
1178
1154
805
349
-88
-477
-867
-1153
-1215
-1031
-731
-457
-291
-206
-157
-93
-34
84
232
445
661
849
890
765
481
152
-132
-335
-477
-565
-583
-568
-540
-597
-747
-983
-1141
-1136
-942
-674
-357
77
637
1094
1303
1264
1120
935
759
611
558
646
822
1055
1235
1262
991
496
-115
-704
-1236
-1567
-1657
-1479
-1086
-528
17
399
511
421
236
-21
-317
-521
-501
-355
-186
-21
134
155
-18
-297
-593
-880
-1028
-988
-764
-442
-17
453
848
1063
1065
943
699
326
-79
-311
-382
-381
-289
-96
129
289
495
664
705
594
530
561
614
549
445
355
306
251
249
237
147
-5
-49
-43
-108
-310
-503
-634
-800
-1042
-1233
-1347
-1480
-1585
-1491
-1191
-873
-572
-159
359
784
1045
1196
1322
1300
1158
952
799
592
329
60
-70
-185
-337
-500
-603
-621
-587
-448
-231
58
370
746
1131
1438
1539
1410
1102
692
225
-257
-667
-926
-942
-765
-516
-293
-163
-110
-167
-333
-605
-837
-931
-837
-636
-438
-313
-265
-294
-409
-595
-752
-798
-687
-378
97
594
951
1126
1120
938
599
210
-128
-326
-333
-107
327
784
1145
1374
1504
1445
1189
746
281
-125
-356
-439
-403
-280
-117
47
147
112
-82
-357
-633
-836
-952
-944
-830
-617
-377
-189
-95
-137
-299
-528
-749
-928
-1031
-1030
-853
-482
-26
353
583
706
747
676
509
253
9
-157
-124
5
123
166
225
292
327
305
292
382
557
800
998
1144
1111
982
751
503
212
-8
-96
-53
22
96
170
199
106
-71
-262
-454
-623
-734
-772
-760
-779
-827
-883
-909
-961
-1025
-1051
-983
-815
-533
-188
112
320
452
525
523
424
231
45
-20
65
222
377
494
588
608
579
451
294
137
137
274
498
651
743
773
726
527
213
-66
-212
-254
-245
-163
-37
54
73
45
-21
-134
-281
-396
-473
-483
-481
-458
-439
-422
-440
-504
-612
-742
-816
-796
-714
-566
-322
-28
228
394
470
400
232
24
-104
-159
-126
-14
205
454
661
761
778
693
525
354
240
193
194
244
308
340
302
218
77
-49
-146
-104
140
529
865
1059
1122
1011
687
182
-402
-944
-1340
-1514
-1421
-1127
-788
-553
-422
-363
-413
-629
-911
-1071
-1014
-731
-279
259
718
1025
1126
997
608
68
-458
-820
-976
-887
-531
10
554
931
1117
1103
868
451
-25
-417
-602
-520
-260
79
406
719
972
1024
828
515
275
134
65
57
187
386
559
616
528
289
-53
-411
-706
-875
-916
-801
-595
-330
-97
79
95
-40
-294
-543
-731
-861
-936
-943
-829
-622
-327
-92
35
55
98
150
188
194
226
340
491
619
701
729
657
491
267
40
-186
-402
-552
-598
-523
-341
-57
286
643
933
1105
1123
995
774
494
216
-1
-86
-55
49
134
195
186
112
-24
-188
-357
-517
-633
-672
-624
-531
-430
-367
-364
-419
-502
-586
-692
-769
-767
-639
-445
-253
-68
104
235
292
305
291
243
172
138
162
205
208
194
215
258
256
216
175
187
248
355
473
563
587
536
433
275
63
-148
-276
-288
-210
-70
128
343
519
595
581
490
335
156
-1
-120
-200
-252
-267
-270
-326
-435
-582
-724
-876
-1010
-1068
-998
-826
-601
-326
-59
146
229
216
140
57
-6
-4
91
244
400
541
650
690
629
488
329
214
171
178
231
298
368
387
320
138
-125
-402
-600
-692
-657
-502
-221
133
470
672
674
514
243
-78
-396
-595
-610
-437
-155
151
396
518
446
200
-145
-489
-768
-909
-859
-641
-337
-54
115
167
106
-33
-210
-357
-417
-337
-123
173
461
684
803
831
790
692
565
424
323
260
252
258
277
273
236
161
79
10
-84
-190
-312
-409
-501
-601
-713
-792
-805
-740
-594
-379
-134
92
276
396
407
307
114
-80
-229
-313
-335
-289
-178
-65
19
28
-20
-134
-277
-398
-438
-368
-202
47
328
596
800
916
932
850
693
518
379
287
231
199
198
207
187
134
57
-15
-72
-124
-163
-182
-164
-113
-53
-29
-55
-129
-222
-328
-431
-528
-582
-579
-514
-387
-238
-90
-4
19
-22
-86
-148
-186
-193
-146
-29
119
220
196
63
-146
-354
-528
-636
-638
-502
-238
108
456
717
854
888
826
690
513
354
278
284
348
443
568
687
722
623
410
134
-163
-457
-715
-861
-857
-729
-537
-330
-146
-23
-4
-95
-233
-356
-412
-378
-240
-30
215
426
557
554
421
184
-90
-326
-488
-519
-438
-260
-50
151
281
310
206
2
-218
-402
-495
-488
-369
-157
86
290
402
422
351
219
62
-61
-89
-10
161
366
557
676
689
574
355
63
-230
-454
-562
-554
-469
-359
-261
-184
-156
-180
-236
-286
-308
-278
-224
-132
-32
71
143
196
241
290
330
351
355
360
371
363
336
266
181
69
-47
-150
-210
-223
-194
-142
-75
-2
58
89
81
43
-17
-71
-96
-97
-89
-90
-111
-143
-187
-238
-282
-286
-240
-146
-25
106
230
325
362
327
228
90
-56
-190
-292
-361
-382
-371
-340
-306
-259
-191
-95
11
120
224
324
402
436
426
371
292
209
152
129
152
195
247
297
311
272
162
1
-158
-273
-315
-288
-205
-97
2
40
-18
-166
-372
-566
-699
-731
-638
-420
-125
188
433
590
632
569
407
193
-4
-137
-179
-160
-81
27
144
212
210
138
17
-114
-239
-314
-310
-231
-102
35
157
234
251
191
66
-71
-183
-236
-230
-159
-33
138
307
434
492
475
388
243
61
-128
-280
-382
-419
-414
-383
-336
-290
-258
-259
-273
-277
-242
-176
-87
20
142
259
335
364
363
356
335
305
264
229
207
187
160
137
111
74
15
-63
-149
-229
-295
-337
-325
-262
-151
-26
92
178
215
188
103
-21
-151
-260
-326
-336
-296
-209
-113
-25
35
55
35
-5
-41
-50
-27
26
107
206
307
370
393
367
302
212
94
-26
-128
-187
-204
-181
-119
-29
84
175
233
242
208
152
97
47
22
28
59
105
135
128
66
-33
-175
-335
-484
-583
-604
-541
-425
-282
-125
8
89
99
43
-45
-132
-196
-226
-205
-128
-22
85
169
213
225
206
150
77
18
-11
-3
32
88
165
271
384
480
536
538
487
385
246
93
-31
-97
-106
-78
-35
-1
18
5
-50
-138
-228
-295
-324
-310
-263
-196
-125
-74
-66
-91
-142
-198
-241
-256
-249
-211
-150
-89
-31
-1
4
-6
-25
-45
-48
-26
22
83
136
175
192
181
149
104
73
58
70
116
186
270
328
345
322
263
179
81
-6
-67
-88
-88
-61
-34
-11
-16
-51
-107
-173
-230
-271
-277
-266
-239
-213
-192
-185
-206
-250
-294
-315
-308
-270
-196
-85
46
155
225
252
238
202
153
128
137
196
285
387
469
499
471
372
247
103
-24
-100
-87
11
146
283
368
391
326
168
-54
-264
-418
-489
-468
-369
-213
-42
88
140
112
12
-129
-280
-393
-449
-443
-379
-278
-163
-70
-31
-43
-104
-183
-264
-328
-328
-259
-117
55
212
323
372
358
279
159
42
-18
-4
66
167
295
414
501
520
469
380
288
200
130
98
107
146
178
180
136
56
-64
-218
-374
-494
-549
-530
-439
-319
-181
-65
-2
-11
-80
-192
-298
-363
-379
-331
-219
-67
80
183
194
139
34
-91
-196
-252
-230
-134
13
159
278
342
348
300
218
134
75
72
109
169
241
309
360
375
340
256
156
57
-25
-76
-93
-78
-43
-10
13
8
-25
-90
-172
-242
-286
-298
-275
-224
-161
-103
-70
-65
-83
-117
-160
-183
-176
-136
-77
-16
34
70
85
73
51
20
-8
-30
-29
-10
35
83
111
130
146
157
165
175
197
225
248
246
215
166
105
49
2
-13
-8
18
45
54
29
-31
-120
-223
-312
-369
-369
-310
-206
-99
-16
21
11
-48
-145
-236
-294
-284
-200
-65
102
260
369
400
354
238
79
-66
-182
-229
-202
-106
37
202
335
394
376
288
161
19
-97
-172
-172
-103
1
115
211
266
257
186
66
-67
-178
-243
-257
-219
-143
-54
19
52
24
-59
-179
-295
-373
-385
-329
-216
-73
53
130
126
55
-62
-188
-276
-296
-232
-99
78
243
361
406
378
282
160
42
-45
-77
-54
8
93
179
237
261
247
200
122
43
-19
-49
-27
22
88
153
196
194
144
39
-103
-236
-335
-372
-347
-273
-171
-64
10
29
5
-50
-112
-169
-204
-213
-178
-119
-60
0
62
112
132
131
97
59
17
-24
-43
-38
-9
32
86
128
148
132
89
33
-24
-66
-80
-53
10
76
142
199
234
226
165
74
-23
-98
-149
-161
-132
-65
11
78
123
127
90
25
-45
-115
-167
-196
-189
-145
-80
-26
22
60
73
54
6
-43
-82
-96
-88
-46
27
112
174
194
175
130
63
-2
-55
-73
-48
2
62
116
151
152
120
63
2
-50
-73
-77
-53
-18
16
34
15
-22
-77
-130
-160
-169
-158
-122
-70
-28
-8
-24
-68
-121
-175
-218
-246
-224
-161
-76
4
59
86
78
42
-17
-66
-78
-49
12
106
213
302
347
331
267
175
82
4
-42
-34
10
79
145
203
228
209
142
45
-41
-99
-113
-97
-51
9
61
78
62
23
-30
-88
-152
-195
-201
-169
-119
-78
-56
-52
-79
-129
-192
-247
-280
-270
-226
-152
-62
3
32
25
-3
-32
-49
-46
-9
50
132
210
270
298
286
235
174
120
95
105
137
189
232
259
256
220
158
79
-5
-84
-125
-135
-122
-88
-52
-11
21
22
-8
-55
-106
-151
-184
-207
-204
-172
-126
-94
-69
-53
-45
-48
-80
-122
-150
-154
-146
-144
-129
-89
-37
16
50
70
96
119
123
114
100
78
62
51
55
80
113
151
181
191
181
152
113
62
14
-24
-44
-46
-35
-17
8
25
28
13
-14
-50
-79
-91
-76
-50
-30
-29
-38
-68
-119
-179
-229
-241
-221
-169
-109
-45
-4
3
-16
-51
-84
-111
-119
-104
-74
-30
24
76
117
145
157
176
198
215
225
221
217
204
185
157
127
95
66
51
45
50
67
86
94
85
52
4
-41
-78
-107
-130
-137
-135
-126
-119
-121
-125
-125
-120
-114
-109
-98
-86
-66
-39
-19
2
20
30
31
18
-3
-19
-24
-25
-19
-13
6
18
19
2
-12
-16
-15
-8
8
43
80
109
127
133
124
110
82
70
84
110
136
149
148
136
116
78
28
-27
-59
-83
-96
-100
-98
-83
-78
-97
-131
-166
-200
-235
-263
-266
-236
-189
-142
-100
-66
-51
-57
-77
-94
-89
-62
-24
38
113
171
202
202
176
133
91
54
38
57
97
139
185
225
233
216
173
117
62
18
-7
-9
7
28
46
63
71
50
12
-42
-93
-137
-161
-154
-120
-73
-27
17
45
45
2
-72
-150
-220
-259
-263
-226
-168
-107
-60
-33
-15
-12
-17
-22
-17
-3
25
62
94
115
125
125
116
98
77
59
51
55
62
66
72
74
65
56
46
26
15
6
0
-4
7
10
8
-5
-31
-47
-55
-52
-33
-2
30
53
54
42
19
-13
-50
-85
-103
-99
-87
-72
-52
-33
-18
-11
-15
-22
-24
-16
-3
16
40
69
98
114
112
98
93
87
79
66
55
58
64
62
50
38
32
14
-3
-21
-39
-52
-71
-87
-104
-111
-105
-101
-99
-96
-87
-73
-62
-56
-44
-32
-20
-20
-31
-44
-52
-55
-53
-42
-15
18
41
48
36
19
-3
-34
-72
-92
-78
-41
5
48
86
113
118
97
74
49
31
25
37
70
103
133
146
143
119
79
42
12
-6
-22
-23
-13
-3
-2
-17
-40
-68
-100
-127
-129
-110
-81
-47
-16
1
2
-4
-22
-46
-64
-81
-82
-77
-63
-41
-14
11
18
26
31
32
21
2
-13
-26
-33
-29
-12
16
34
49
57
56
56
58
58
57
60
59
65
68
69
76
91
101
105
92
69
38
-5
-39
-58
-65
-58
-41
-10
12
15
4
-11
-31
-60
-99
-128
-130
-120
-93
-57
-11
28
54
58
37
2
-37
-61
-63
-41
-3
48
93
128
143
132
101
62
24
-1
-11
-11
0
17
29
30
15
-8
-18
-15
-18
-28
-39
-47
-56
-69
-83
-93
-82
-60
-41
-27
-6
8
18
11
10
14
11
9
12
10
1
0
3
6
4
4
5
16
16
2
-18
-29
-36
-44
-47
-41
-18
-9
-18
-30
-29
-29
-36
-34
-26
-10
21
48
62
65
57
46
24
-11
-37
-51
-55
-43
-22
7
40
57
49
38
25
19
12
0
-5
-1
4
1
5
5
-7
-24
-24
-4
14
30
36
37
40
41
24
-4
-11
-15
-7
1
10
25
41
35
17
6
-12
-19
-27
-29
-21
6
20
11
-4
-16
-31
-51
-60
-58
-48
-35
-21
-8
0
3
2
-6
-11
-21
-31
-28
-9
14
39
60
76
80
72
54
33
15
-7
-6
6
12
13
17
23
28
27
18
6
0
-11
-24
-33
-38
-32
-18
-9
-4
7
4
-6
-21
-34
-29
-9
16
34
52
64
69
52
24
-4
-24
-30
-31
-17
-3
9
21
35
34
26
13
-3
-16
-24
-23
-29
-31
-24
-15
1
7
12
10
-5
-20
-45
-60
-61
-61
-46
-33
-23
-17
-19
-14
-9
-11
-27
-38
-30
-12
-8
-9
-2
9
18
26
36
48
51
45
41
24
0
-23
-41
-50
-40
-32
-14
13
34
47
49
38
9
-16
-30
-28
-30
-28
-14
10
43
59
73
76
68
61
56
46
29
15
3
-1
-4
-5
-1
3
1
-3
-14
-24
-43
-54
-58
-58
-40
-20
-13
-1
3
-4
-2
-4
-8
-20
-27
-22
-15
-4
-5
-1
-2
-2
-1
3
0
3
8
10
18
19
22
29
40
42
36
26
16
6
6
8
14
24
45
63
57
37
19
2
-16
-32
-46
-29
-24
-18
-15
-14
-17
-33
-40
-43
-32
-16
0
16
33
32
27
35
33
22
16
0
-12
-17
-19
-25
-22
-12
-9
-5
-11
-19
-34
-52
-77
-104
-126
-122
-101
-75
-46
-17
13
32
24
8
-15
-33
-35
-35
-23
15
54
73
92
91
77
50
17
-7
-20
-10
15
45
66
78
77
61
26
-17
-49
-56
-49
-35
-6
37
73
97
89
65
39
16
-16
-45
-60
-52
-24
14
50
70
68
52
32
10
-8
-23
-23
-14
3
18
25
30
14
-7
-19
-28
-32
-37
-34
-22
-5
4
-3
-22
-37
-55
-67
-76
-71
-65
-55
-33
-18
-9
0
-4
-14
-12
-14
-11
1
13
32
56
76
73
61
51
35
21
10
23
54
76
89
95
93
70
29
-2
-23
-29
-38
-43
-36
-24
-18
-12
-14
-25
-32
-46
-48
-47
-48
-49
-42
-22
-10
-2
0
2
0
9
16
15
4
-5
3
8
4
-18
-25
-13
10
20
20
24
8
-15
-41
-54
-52
-42
-39
-14
26
47
47
46
34
20
8
3
1
10
23
23
25
30
43
43
30
-6
-33
-49
-63
-79
-87
-70
-46
-18
-2
2
-10
-26
-47
-77
-85
-77
-43
-11
19
45
65
76
57
22
-10
-21
-16
-5
8
24
40
50
53
45
27
7
-3
-11
-11
-13
-10
-5
-2
11
21
29
44
49
43
38
23
16
13
9
-2
4
19
28
29
12
-6
-15
-21
-31
-38
-39
-34
-28
-23
-14
-10
-15
-26
-38
-42
-35
-22
-14
2
24
44
54
37
21
4
-9
-20
-20
-12
0
24
33
29
17
-1
-12
-18
-24
-30
-34
-22
-5
-1
-2
-2
-1
-7
-22
-26
-11
0
17
40
60
75
68
52
40
31
13
1
-2
4
12
24
32
25
22
12
-6
-26
-38
-38
-25
-6
12
33
41
39
35
14
-10
-33
-50
-56
-64
-64
-47
-20
6
33
45
39
17
0
-18
-34
-49
-58
-54
-40
-29
-21
0
16
28
37
49
46
43
37
31
13
-12
-21
-26
-25
-27
-25
-17
-14
-10
-10
-9
-10
-4
9
16
16
9
21
26
16
-5
-13
-21
-16
-12
-9
6
19
22
22
15
6
0
-11
-27
-34
-28
-23
-23
-28
-17
-12
-20
-29
-28
-22
-12
5
24
48
64
69
58
43
18
-13
-27
-30
-18
5
25
40
50
51
37
15
-3
-9
-19
-26
-29
-29
-16
-11
-4
-4
-8
-28
-41
-47
-55
-64
-68
-62
-50
-31
-19
5
19
15
11
10
0
3
20
42
48
49
57
50
37
17
9
1
4
6
19
24
23
15
8
15
10
11
-9
-28
-32
-31
-22
-29
-35
-27
-10
-1
5
8
10
13
2
-1
8
16
26
25
28
37
30
19
-3
-7
-10
-7
2
14
36
43
43
33
17
-16
-39
-47
-52
-47
-39
-14
10
17
10
13
-4
-23
-43
-54
-47
-31
-14
1
19
27
17
5
-8
-21
-18
-22
-15
-4
11
25
41
46
37
28
15
6
-14
-29
-48
-50
-35
-20
-6
5
26
39
39
24
4
-14
-29
-34
-25
-4
19
51
71
77
75
53
22
2
-24
-31
-11
7
23
44
51
45
28
-4
-33
-48
-57
-63
-52
-43
-26
-23
-16
-17
-36
-40
-41
-42
-39
-27
-19
-10
-9
-6
0
7
5
2
6
13
29
40
46
46
42
38
44
39
28
26
22
27
32
27
13
10
6
7
11
14
24
33
45
45
39
30
18
1
-14
-28
-39
-48
-38
-16
-4
10
-8
-28
-32
-39
-60
-64
-67
-50
-29
-15
-12
-16
-20
-17
-3
18
35
35
36
26
24
14
8
-3
-5
-4
3
15
17
6
-17
-40
-60
-75
-86
-102
-113
-92
-66
-31
-6
14
36
61
67
55
35
3
-33
-49
-36
-29
-6
18
47
54
42
20
5
-6
-25
-38
-41
-16
16
26
18
26
32
24
-3
-33
-34
-19
1
18
25
43
57
55
46
40
31
25
23
15
15
25
43
52
32
14
-4
-23
-47
-55
-49
-38
-13
0
16
23
20
17
16
12
11
15
15
25
29
38
28
22
9
-10
-22
-31
-27
-30
-16
-1
13
24
25
17
8
-5
-16
-31
-39
-28
-4
19
41
49
59
60
53
37
3
-18
-32
-40
-44
-38
-24
7
25
30
27
6
-18
-40
-55
-70
-74
-69
-57
-50
-52
-49
-40
-36
-32
-27
-16
-1
-6
-19
-33
-43
-40
-35
-24
-12
7
25
35
41
47
56
58
53
40
43
42
32
29
24
12
7
7
1
4
-2
-5
-12
-1
6
21
39
44
42
44
38
17
6
-6
-5
-1
8
14
23
20
16
6
-9
-36
-39
-19
-7
0
-10
-12
-12
-15
-35
-47
-46
-41
-34
-23
-10
2
12
18
25
16
15
16
21
23
29
30
30
30
1
-21
-28
-25
-26
-10
8
26
32
29
18
-5
-30
-50
-65
-53
-31
-22
-8
-6
9
11
9
-7
-16
-14
-16
-14
7
24
40
38
38
42
30
7
-22
-29
-28
-18
-15
0
19
39
43
47
31
4
-4
-19
-40
-51
-46
-37
-17
-5
-12
-17
-16
-25
-33
-34
-48
-49
-40
-31
-13
8
16
20
13
13
4
-4
-5
-4
-20
-29
-14
2
16
16
27
37
34
24
4
-5
-4
-5
-4
17
41
41
31
12
8
-3
-37
-60
-65
-44
-16
5
31
53
65
68
53
35
20
2
-6
-15
-11
0
8
15
18
37
49
45
37
15
-3
-8
-6
4
16
22
23
21
23
14
2
-11
-12
-6
-10
-15
-18
-24
-25
-24
-26
-18
-21
-21
-25
-31
-39
-49
-38
-21
-11
0
13
22
23
5
-22
-43
-58
-72
-67
-53
-35
-11
5
19
35
54
53
45
33
30
20
18
19
15
17
28
33
37
52
53
55
57
51
37
28
21
15
16
0
-13
-20
-20
-23
-30
-28
-32
-34
-37
-27
-25
-28
-21
-16
-13
-10
-27
-46
-56
-50
-27
-9
4
9
13
20
21
15
8
15
16
30
53
62
65
61
51
39
19
-8
-29
-42
-52
-62
-63
-57
-43
-33
-16
1
12
7
-9
-16
-21
-20
-32
-36
-30
-25
-12
-7
11
28
46
37
24
6
-14
-22
-33
-33
-36
-15
-9
-3
-16
-33
-45
-52
-50
-34
-13
5
32
52
44
20
4
0
15
13
19
37
57
64
56
27
4
-21
-41
-50
-52
-37
-9
31
52
41
19
8
0
0
-15
-25
-21
1
26
30
25
33
45
42
25
23
20
14
-1
5
22
34
42
55
51
34
0
-38
-46
-35
-24
-21
5
39
75
83
65
22
-1
-17
-35
-30
-4
7
25
52
60
69
52
28
12
6
-15
-27
-30
-29
-17
0
12
20
15
-9
-19
-21
-28
-40
-47
-50
-49
-42
-39
-41
-37
-48
-53
-50
-48
-51
-38
-31
-31
-25
-36
-46
-54
-58
-40
-33
-25
-18
-19
-17
-24
-18
-8
-2
2
16
30
41
32
31
37
33
13
4
12
-2
-5
-15
-19
-19
-21
-25
-26
-20
-2
12
12
13
19
26
24
27
27
28
27
41
49
60
44
28
19
20
26
3
5
14
17
11
12
3
7
14
8
-2
-18
-32
-51
-60
-80
-91
-72
-45
-26
-15
8
29
49
59
54
41
36
48