-2
-4
-3
5
12
8
-1
0
4
6
2
-8
-14
-6
8
8
-1
-1
10
11
10
-2
-5
6
11
-1
-7
5
6
7
6
-4
-9
5
7
-3
-3
-3
-8
-5
9
9
-1
-7
-4
3
1
-3
-7
-8
-3
3
-5
-14
-9
0
-3
-9
-8
-8
-1
5
-1
0
3
2
6
9
9
2
1
3
3
2
-3
-11
-12
-8
2
5
1
-6
2
11
-1
2
10
12
9
9
-1
0
7
6
1
-10
-9
-4
1
-1
-2
-7
-10
-9
-10
-8
-5
-5
-3
-8
-17
-6
14
6
-15
-12
9
14
2
-5
-3
5
8
3
0
5
5
2
4
3
2
0
7
11
5
4
9
14
12
2
-6
-1
7
1
-10
-9
-6
-3
5
-3
-24
-27
-10
-3
-13
-24
-32
-22
7
15
-4
-13
2
17
17
5
-3
12
23
26
20
17
20
19
17
22
28
18
5
1
13
20
11
4
4
6
3
-7
-20
-24
-15
-29
-29
-4
-7
-38
-53
-41
-23
-8
-22
-37
-37
-19
-18
-31
-24
-1
9
14
14
6
21
30
33
32
23
12
19
-7
-62
-76
-47
-42
-46
-32
-17
0
13
15
-4
9
47
63
72
77
82
59
71
103
160
178
158
114
81
74
63
50
11
-9
-48
-75
-71
-45
-44
-47
-51
-65
-62
-33
-25
-51
-45
21
33
-10
-35
6
15
-2
-32
-58
-63
-31
13
-19
-89
-109
-100
-161
-212
-192
-148
-163
-189
-195
-185
-143
-53
-11
-72
-84
-19
53
99
143
165
163
180
236
269
291
252
195
171
187
183
119
41
61
126
63
-45
-128
-105
-68
-53
-123
-208
-194
-124
-73
-65
-76
-106
-105
-46
8
13
73
146
154
146
146
122
73
62
44
-26
-93
-44
0
-44
-77
-52
-76
-147
-169
-154
-124
-86
-48
-63
-3
94
105
85
90
90
79
97
86
6
24
104
163
125
72
67
95
144
119
17
-105
-77
8
22
-50
-124
-143
-111
-15
40
-33
-142
-110
-32
-38
-118
-152
-124
-69
-45
-37
-44
-65
-34
19
-28
-98
-96
-47
31
97
105
93
88
77
98
111
58
-8
0
44
3
-70
-94
-70
-56
-55
-37
-31
12
18
3
-6
38
124
188
210
170
177
182
165
109
64
54
8
-39
-53
-75
-151
-206
-212
-183
-124
-109
-122
-104
-56
-39
-27
-14
7
2
18
50
71
105
143
135
129
121
40
-30
-66
-77
-96
-134
-158
-150
-165
-151
-125
-149
-238
-244
-113
39
51
-21
58
153
179
186
293
245
195
294
384
307
193
192
209
250
287
236
15
-67
43
132
62
-110
-167
-45
67
-23
-209
-300
-274
-236
-258
-308
-283
-133
-23
-33
-75
-89
-74
-89
-106
-101
-118
-95
-23
97
102
92
174
261
233
147
160
291
378
282
139
185
316
326
203
120
204
347
377
199
-30
-56
87
58
-186
-336
-356
-264
-163
-67
-179
-340
-585
-637
-574
-539
-873
-1223
-1572
-3009
-4229
-2482
1137
771
-2977
-5076
-2659
1596
4274
1617
-3391
-3580
2175
6818
5654
1409
-1048
1485
6538
9176
6550
1565
-2458
-1518
4136
8606
4102
-4729
-8168
-3752
2385
5036
4
-9478
-11595
-3531
3581
2103
-3752
-9257
-8301
-9
6373
2642
-3454
-4016
-526
3507
6565
5185
748
-483
2253
4920
5714
4701
1411
-838
108
2149
2249
842
-1814
-3831
-3358
-1553
-1094
-1968
-3435
-4939
-4403
-2291
-1140
-1542
-1992
-2580
-2433
-105
1271
-534
-1995
-32
1458
662
151
117
80
1008
2201
508
-766
71
1349
1126
1420
1072
173
655
2659
3240
2254
2048
2920
3541
3846
4146
1098
-2699
-591
6059
4985
-2774
-6803
-3724
297
3495
1496
-6885
-10732
-3322
3921
1406
-3644
-6696
-6377
-702
6051
3324
-3620
-3852
869
3982
5843
4913
161
-1556
2727
6113
4961
2562
-194
-1511
545
2954
1269
-1784
-3505
-3484
-2279
-1202
-2578
-4251
-4136
-3702
-3411
-2506
-2043
-2300
-1323
-1848
-3696
-1861
3770
3870
-867
-3128
-652
2803
5468
3316
-2701
-4312
693
4974
3378
-790
-4391
-3225
2040
5800
2728
-2066
-2589
1464
5240
6386
4460
1580
805
3341
4767
1953
-258
2208
3698
-321
-3135
-1680
-71
466
1067
-3324
-8782
-5793
1734
1527
-3552
-6277
-6416
-2352
5016
5238
-3173
-5953
146
5167
5687
4352
68
-2286
2550
8061
5927
996
-816
-80
1877
3471
1376
-2760
-4031
-2479
-1495
-2301
-4341
-5598
-4810
-3575
-4024
-4283
-4088
-5515
-5534
-1636
1332
-1669
-3944
-2441
900
3047
4048
466
-2549
228
4968
4920
1873
-194
-624
2304
5999
6226
2231
121
2016
5259
5952
5058
3759
2879
2704
4092
2560
-1487
-1250
4277
3396
-4702
-8121
-4012
-323
1241
-327
-8616
-13006
-4335
4951
937
-6415
-8370
-6296
417
8455
5576
-4310
-4804
3182
7559
8087
6701
1161
-1981
3960
10205
7841
2122
-1479
-2006
1220
4859
1881
-4639
-6912
-4538
-2735
-2852
-4791
-7313
-7753
-5890
-5054
-6780
-7418
-4226
-886
-2630
-5636
-4138
874
3991
3627
-351
-2682
1147
7082
6813
2137
-657
543
4447
7787
6621
1831
-239
2701
6412
6554
4854
3181
3071
4084
5937
3356
-3214
-5575
2151
7737
79
-10841
-10652
-2507
3247
3794
-5346
-16081
-12355
3781
7765
-2599
-10777
-10247
-3465
8002
11732
120
-8844
-1487
8905
10522
8302
3467
-2270
278
10089
11622
4449
-1042
-1362
178
3820
4319
-1414
-6581
-5556
-2902
-3110
-4586
-6594
-7843
-7195
-7184
-9682
-9323
-3566
-777
-5509
-9490
-6438
792
5731
4191
-3581
-5840
2205
10560
8611
1619
-1963
905
7843
11849
7770
191
-559
5639
9792
7619
4298
2835
3229
5390
8253
4634
-5366
-9685
486
10419
2914
-12497
-15690
-6263
4008
7910
-2634
-19213
-18156
2615
12510
1688
-11403
-14430
-7217
8284
15844
2671
-11322
-4881
8773
12114
9895
5008
-2889
-2528
9404
13846
5628
-1076
-698
290
3166
5580
857
-6081
-5998
-2403
-2991
-4145
-5173
-6712
-8652
-10285
-10732
-6118
-84
-3894
-11732
-11718
-2709
4570
5740
-1973
-9273
-4299
8652
12418
3771
-4064
-2493
6131
12118
9792
1768
-1998
2782
9434
9170
4506
2135
3393
5450
7975
8650
5453
-3314
-10002
-4142
10518
10670
-8084
-20589
-11988
3761
10842
4073
-14488
-23952
-7735
13757
10413
-7960
-16834
-11828
1703
15347
11583
-6600
-11704
1858
11517
11418
9026
1928
-5622
696
13229
12541
3092
-1710
-2175
-137
6088
7303
-1694
-8731
-6092
-2169
-2350
-3679
-6366
-12016
-14556
-8856
-702
-1885
-10360
-14295
-8489
532
5720
1571
-8111
-8592
2986
12029
8065
-544
-3989
1817
10779
12950
5373
-1189
1206
7979
9741
6755
3765
3301
4441
6618
7990
7313
6149
39
-9240
-9057
7404
14196
-2993
-21671
-17059
-1054
9802
8788
-8852
-27102
-18081
9991
15927
-2062
-16871
-17028
-5960
13358
19225
482
-15520
-6062
9530
15056
13873
5274
-8344
-5753
12803
19547
7964
-3366
-5384
-1801
7469
10935
639
-11277
-9111
-1134
521
-2632
-8667
-15086
-14216
-3697
837
-7068
-14497
-11685
-3466
2678
2905
-4555
-8716
-1828
7830
8097
2228
-1587
-255
5822
11104
8593
1727
379
6105
8804
6324
3510
3895
4141
5276
6765
6511
4820
5811
7142
-1313
-11528
-5770
12724
11399
-10345
-22796
-12234
3329
13159
6322
-18059
-30911
-8076
18462
12571
-9474
-20549
-16629
1162
22050
16289
-11013
-19458
-102
15117
16804
10625
-3369
-13354
1479
21620
17711
-744
-8182
-4615
3312
11311
7550
-7611
-13690
-3586
3374
-426
-8691
-14000
-12841
-3756
-156
-7927
-14844
-10364
-1542
2707
-902
-7567
-7046
1789
8076
4741
-666
-1452
3507
8488
9525
5201
1921
3357
8146
8404
5174
3224
4806
5614
5559
6436
6868
5556
3817
7114
5325
-6050
-12847
3040
15382
1278
-19662
-18324
-4252
7856
11864
-4709
-28334
-23283
8580
18551
370
-16984
-19739
-9844
13984
24095
1102
-21742
-9717
11562
17045
13213
3622
-11465
-8018
15336
22326
5098
-7940
-5562
-330
7251
10095
-860
-13566
-8910
1812
471
-8530
-12189
-8810
-4615
-4797
-8371
-10736
-7273
-1122
1084
-4958
-7816
-1444
5333
4450
872
-165
1031
5842
8731
5685
1671
3565
6953
6303
4419
3958
4006
3563
4815
5323
4348
4575
6019
5904
5586
7743
1336
-11022
-8773
12578
16331
-7677
-24506
-13172
4585
13784
8604
-15042
-32183
-11541
19845
15332
-10717
-22367
-16677
-1008
19626
17336
-11010
-22965
-1532
15816
14191
7949
-1759
-12620
-2098
19853
19241
-182
-8202
-3214
2903
9784
9617
-3982
-13928
-5402
4135
1218
-6258
-10886
-13680
-8920
577
-431
-11538
-14713
-6173
1480
2647
-1036
-6677
-6618
3201
10233
5346
-2059
-867
3905
7151
8601
6527
698
-37
5823
7965
4836
3403
3718
1461
2277
7045
8195
3965
1677
4653
3771
-3521
-7168
3225
11423
935
-15004
-14037
-1000
9115
9709
-5412
-23239
-17702
8908
16711
-938
-18039
-18845
-6798
13454
19110
-2607
-22006
-9370
11827
16081
9414
-553
-12025
-6427
16003
21796
3476
-9659
-4464
3632
9911
10228
-776
-12285
-5992
5636
2256
-9645
-12008
-5370
-1683
-4782
-10420
-12162
-6260
1935
1376
-8581
-11417
-1890
6567
4781
-1284
-4379
-1676
6455
10071
4284
-1494
1246
6353
6829
5112
3443
2258
3129
6036
6485
3961
3460
4629
5740
6022
8099
4212
-6404
-10219
5025
17520
3477
-18380
-18199
-456
11630
11290
-5878
-25789
-20452
8727
18628
-1021
-19712
-20100
-7885
11687
18724
-1389
-21592
-10634
10353
14992
9596
1720
-9509
-7664
12732
21089
6636
-6317
-3712
1715
7745
11285
3007
-9690
-7648
2581
1979
-5898
-8629
-7610
-7263
-6049
-5589
-8484
-8783
-3774
-1109
-4848
-6270
-2013
1225
1717
1096
-201
-563
3736
6822
4331
2093
3697
4901
4046
4566
4999
3759
3640
4905
5026
3786
4970
5465
4878
4576
8024
6674
-4727
-12440
710
18361
8827
-15699
-22010
-5601
10483
15343
-670
-26051
-27246
3971
22138
5398
-18041
-23503
-12681
9865
22885
4823
-21340
-16624
6470
17003
14681
4542
-11740
-13376
10745
25566
11725
-7119
-8616
-1272
9872
16189
4951
-12882
-11382
3562
5241
-4387
-9367
-9093
-9216
-5994
-3448
-7775
-10722
-5583
-2126
-5596
-5948
-1486
505
-237
236
454
1134
4332
6075
3419
2608
5405
7141
4886
4116
5148
6391
6143
5830
4419
4260
5886
7126
6005
4734
6225
2558
-7393
-9194
7148
15041
-2525
-21647
-16174
512
11103
8580
-10986
-29820
-17143
13494
17402
-5030
-21354
-19845
-4655
17570
20152
-6190
-23442
-6754
14425
17986
10931
-2325
-14806
-3365
21414
22351
439
-10174
-3754
5285
12722
10888
-4436
-13728
-2676
6949
1093
-7168
-9115
-10320
-8295
-2770
-4003
-10220
-10270
-5267
-3527
-3228
-1965
-2389
-3432
-835
2587
3028
2208
2432
1994
2944
6446
8086
4912
2543
3747
5564
7046
7226
4545
982
2590
6809
8055
5516
3535
4591
3525
-3753
-8467
2017
12809
2492
-17062
-18172
-3129
9507
10025
-6060
-25774
-20529
7806
18052
-305
-18209
-19304
-7655
12274
20093
-357
-20960
-10016
11232
16009
10561
1891
-10557
-7401
14212
22051
5446
-7739
-4648
2137
9156
11679
1106
-12046
-7624
4004
3995
-3732
-8910
-11624
-9766
-2047
-596
-8403
-13162
-8335
-1948
412
-1209
-4879
-5851
-715
5030
5113
1350
-377
1130
4961
8254
7615
3413
1660
4130
6934
7270
5995
3399
1363
2661
6026
6488
4228
3152
4058
4757
637
-6228
-5706
6376
9710
-5106
-18645
-11979
2701
10617
3649
-14660
-24181
-7239
13841
9924
-8560
-18019
-14266
98
16543
12383
-10711
-17998
-104
14128
13413
6579
-3950
-10945
2242
19563
14838
-2908
-6976
-201
6314
9843
6109
-5122
-8956
-276
4295
-522
-6115
-8456
-9428
-5495
-1951
-5916
-11130
-8431
-3039
-1930
-3573
-4496
-3571
-500
2164
1780
96
422
2941
4693
5035
4480
4279
4263
5076
5680
5757
5171
4543
3671
3409
3985
5197
5012
3726
2630
4356
5554
-121
-8741
-5118
8460
8244
-8675
-18179
-9435
3198
9155
1494
-15911
-21615
-2724
13688
6272
-9945
-16199
-11689
3184
16869
8360
-12533
-13043
4382
13375
11184
5746
-4325
-8393
6049
18931
10596
-3771
-4851
251
5521
9491
5035
-6742
-8682
271
3382
-1691
-6327
-9449
-11145
-5684
-195
-5060
-11944
-9809
-3515
-1185
-1013
-3008
-5501
-2790
3743
4851
222
-855
2621
5478
5670
5030
3508
3058
5606
7232
5022
2780
3969
4990
3924
3218
4117
4091
3150
2980
4561
4598
-1479
-8918
-4659
7908
7520
-8624
-18081
-10241
3330
9747
1141
-16355
-20626
-1776
13482
6450
-9788
-16730
-11144
5329
17682
7408
-12377
-11859
4803
13501
11500
5065
-5265
-7672
7237
18840
9902
-3835
-4797
621
6311
9484
3720
-7456
-7907
952
3394
-2208
-6870
-9315
-10056
-5357
-1250
-5415
-10876
-9069
-4118
-1845
-672
-2209
-4482
-1862
3394
3649
1114
2035
3552
3440
4296
5791
4760
3993
5742
5386
2569
3100
6311
4721
867
906
3707
3988
3042
2389
2207
2474
-685
-6646
-5486
5242
6860
-6695
-16741
-10019
2676
9105
1882
-13872
-18939
-2472
12588
7079
-8077
-15242
-10436
4857
17021
7641
-11463
-11483
4521
12415
10368
4869
-4422
-7556
6170
17532
9258
-3778
-4527
520
5366
8665
3665
-7231
-7894
1237
3531
-2748
-6835
-7555
-8229
-5508
-1952
-4387
-9044
-8294
-4402
-2262
-466
-616
-3114
-3054
1654
4515
3115
1925
2004
2494
4117
6361
5550
3284
3481
4483
3845
3514
4681
3580
1082
840
3019
3676
2856
1993
1310
2034
802
-4559
-7000
1672
7364
-2158
-14048
-11333
-302
7437
4803
-7910
-17351
-7302
9045
9299
-3478
-12382
-11617
-252
13979
11085
-7067
-12733
683
10164
9744
6191
-1488
-8129
1623
15294
11086
-2261
-4132
664
3623
6363
5044
-3810
-7493
-864
2598
-2228
-5325
-4836
-7053
-7994
-4233
-2140
-5699
-7931
-6548
-4050
-1059
1165
-1423
-4190
-1836
3197
4563
3449
1714
823
2651
6367
6992
3634
1797
2987
4127
4156
4615
3521
942
448
2882
4096
2685
1409
1011
2144
2542
-1954
-7644
-3032
6905
3846
-9532
-13786
-5080
4681
7697
-1086
-14535
-14024
2683
11081
2609
-8569
-12165
-6707
7649
15075
2241
-11974
-6092
6803
10345
8903
3429
-6477
-5358
9908
15184
3933
-4195
-1975
1238
4979
7312
711
-7895
-5736
1087
830
-2706
-4765
-8237
-10103
-4753
81
-4023
-9589
-8487
-3711
-209
1306
-1462
-4547
-2003
3626
4885
2626
1525
1886
3355
5563
6080
3752
2409
3784
4198
2859
2906
3805
2109
231
1088
2895
2266
1189
876
1503
2459
-21
-6402
-6574
3774
7784
-3490
-14244
-9605
2057
9359
4329
-9649
-16555
-3971
10192
8009
-3852
-11421
-10546
1071
14257
9575
-7377
-10673
1182
8733
9830
7000
-2720
-9150
2130
14739
9872
-1869
-4118
-1351
2579
7143
4762
-5149
-8488
-1378
2747
-484
-4863
-7873
-9306
-5034
293
-2436
-9120
-9299
-3295
1164
1475
-1812
-4458
-2071
3620
5496
2465
-124
968
4086
6041
5124
2551
1744
3689
4756
3223
1710
2183
2305
1321
856
1550
1746
1175
1317
1887
2433
274
-4670
-6072
1754
7515
114
-11424
-10748
-300
8352
6051
-6060
-14766
-6851
7510
9152
-761
-9749
-11048
-2492
10886
11105
-3367
-10878
-2321
6477
8965
7498
-250
-8569
-2048
11444
11389
774
-3860
-2100
979
5615
6018
-1938
-7714
-2756
2208
-63
-4375
-6472
-7797
-5611
-1390
-2644
-7850
-8285
-3153
359
150
-2120
-3209
-1395
2759
4224
1880
17
1802
4264
4547
3640
3028
2975
3495
3686
2707
2057
2873
2938
1142
168
1749
2962
2208
1353
1289
1783
556
-2917
-4375
1207
5301
-714
-9658
-8590
-229
6041
3766
-5852
-12562
-5567
6428
7105
-1928
-9185
-9380
-1660
9492
9081
-3662
-9624
-1324
6531
8250
6485
-355
-7245
-1087
10731
10285
623
-3502
-1861
1437
5801
5648
-1899
-6512
-2069
1543
-616
-3958
-6018
-7411
-4661
-1229
-3505
-8003
-6821
-1766
474
-1130
-3625
-3262
357
3738
2772
-313
-762
2480
5316
4724
2171
1280
3154
4917
4080
2113
1609
2428
2604
2007
1426
1867
2567
2696
1816
1837
2331
-509
-4896
-2436
5163
4110
-6098
-11027
-4909
3301
6058
-292
-10740
-12230
-158
9028
4067
-7197
-12193
-6856
5627
11824
2477
-9327
-6995
3650
9122
8455
2558
-5429
-4624
6670
11876
5083
-1850
-2588
-443
4159
7072
1817
-5604
-4458
491
664
-2481
-5106
-6912
-5929
-2684
-2704
-6002
-7115
-4089
-1076
-840
-2620
-2876
-734
2042
2653
1499
205
1052
3690
5291
3887
1853
2235
4180
4875
3750
2441
1844
1912
2259
2536
2258
1588
1580
2173
2763
2237
-1033
-5160
-3171
4443
5219
-4511
-11756
-6929
2602
6930
1121
-9472
-13092
-3330
7501
6960
-3498
-13010
-11337
2696
13666
6106
-8625
-10227
282
8914
11173
4939
-6219
-7789
4984
13365
7160
-1532
-3595
-1822
3508
8612
4076
-5624
-6250
385
2008
-1861
-5015
-6071
-5292
-3402
-3729
-5869
-5081
-1840
-1338
-3990
-4062
-386
2338
1574
-101
-618
606
3598
5526
3734
812
1499
4480
5563
3931
2384
1871
2548
3367
3238
1961
1602
2194
2711
2786
3423
1973
-3305
-6373
-524
6666
2800
-7988
-12031
-5248
4532
7658
-1400
-13229
-12550
173
8327
4947
-5432
-13866
-10279
5977
14925
3955
-10336
-9452
1495
10845
12651
2907
-9537
-6934
8098
13750
5236
-3605
-5150
-940
6045
8072
656
-6916
-5219
375
1499
-1835
-5653
-7003
-4741
-1720
-1972
-4931
-5885
-2871
245
-880
-2878
-1963
460
1733
2402
1492
-308
828
4335
5045
2669
1648
2246
2775
3465
4207
2864
964
1615
3399
3362
2499
2734
2720
2493
2397
-838
-5511
-2785
5782
5008
-6269
-12163
-5574
3948
7155
189
-10890
-12939
-1541
8303
5546
-5178
-12429
-9199
3801
12275
4774
-7754
-8498
425
7761
10117
4587
-5767
-7373
4198
11613
6116
-1921
-4300
-2605
3136
7901
3030
-5905
-6117
-89
1087
-2522
-4866
-5066
-4619
-3124
-2243
-3502
-3900
-1532
-352
-2375
-2377
422
1771
1005
702
303
835
3535
4646
2041
521
2575
4026
3255
2528
2126
1268
2162
3895
3504
1600
1991
3286
3550
3087
211
-5089
-4453
4203
6666
-2959
-11186
-7671
805
6620
3806
-6985
-14234
-6388
6254
8554
-609
-11019
-12465
-796
12242
9678
-4522
-11283
-4034
6852
12044
6365
-5223
-9105
1028
10510
8249
-10
-4938
-4758
1017
7009
4403
-3930
-6420
-2323
-17
-1177
-3026
-4286
-4408
-2738
-2233
-3494
-2859
460
1114
-2276
-3838
-424
3275
3366
992
-1272
-1123
2705
6503
5109
421
-1281
1406
4306
4928
3099
58
-1399
1442
5366
5274
1804
86
1876
2885
-329
-3957
-1127
4096
2221
-5940
-9396
-4316
4172
6886
-632
-11253
-10976
576
9014
5369
-6032
-13012
-6741
8163
12757
1515
-10074
-7734
2310
9797
8735
-347
-8670
-4701
6322
9586
3131
-3862
-5794
-2198
4549
5811
-1067
-7182
-5037
-661
-275
-2757
-4206
-4049
-2597
-1589
-2655
-3313
-565
2513
580
-2743
-1853
2203
4348
3860
759
-2276
-380
5823
7731
2519
-1964
-379
3460
5002
3884
751
-1883
-223
4177
5027
1918
383
1846
1020
-2725
-3243
1770
4353
-486
-7577
-8451
-2181
5842
6143
-3274
-11817
-7772
3800
9663
4205
-7024
-12336
-3829
10186
11962
308
-9217
-6739
2392
9991
8542
-1698
-9842
-5188
5216
8765
2855
-5212
-8406
-3274
4561
4981
-2475
-7750
-5571
-1505
-373
-2172
-4322
-4927
-2783
-517
-650
-1759
-722
1285
1629
554
343
1598
3300
4234
3209
1230
996
3591
5376
3885
1177
734
2081
3307
3312
1809
-62
-174
2283
3738
2572
607
-1322
-3925
-3010
2761
4477
-2742
-9610
-7419
-250
5096
3373
-4624
-10686
-5908
3959
8273
2977
-6437
-10195
-1308
10858
10461
-741
-7393
-3899
3536
9722
7885
-2391
-9224
-2760
5937
5849
86
-4565
-7212
-4329
2425
3347
-3565
-8013
-5585
-2787
-2532
-2500
-2378
-3758
-4189
-2719
-1073
99
2177
2432
-285
-1205
2315
5656
5433
3086
352
364
4669
8238
5184
57
-449
2883
5161
4820
1768
-1426
-778
3007
4405
2015
4
-1085
-3497
-4489
-67
3594
-49
-6883
-8638
-4871
1666
5362
666
-8084
-9378
-1342
6328
7179
186
-8290
-7644
4755
13136
7519
-3279
-6179
-1320
6651
10953
5240
-5987
-8167
575
6999
4507
-1969
-7337
-8197
-2428
3036
484
-6292
-8713
-7335
-4674
-1220
267
-3380
-7243
-5863
-727
3199
3564
386
-2711
-1237
3790
6784
5345
2061
341
2000
5769
7615
5191
1474
425
2542
4874
5043
2484
2
-67
2222
3707
3318
1240
-2529
-6097
-4238
2380
3928
-3430
-10818
-9393
-1563
5179
3668
-4670
-10492
-6154
2812
7671
4097
-4519
-9158
-1763
10058
11827
2923
-4361
-3605
2647
9719
9771
734
-7251
-3948
3935
6271
1853
-4313
-8206
-5737
107
1302
-3681
-8198
-8738
-6521
-2902
-841
-2712
-6028
-5867
-2344
1361
2338
818
-1083
-599
2102
4504
4616
3213
2257
2628
4173
5532
5210
3430
2798
3632
4107
3180
2476
2467
2653
2676
2633
2422
609
-2992
-4520
-393
3251
-435
-8115
-10018
-4832
2229
3769
-2128
-9344
-8896
-1243
5613
5500
-1753
-8445
-5568
5585
11407
6559
-1666
-4080
-322
7111
10946
5834
-3533
-5442
372
5319
4668
8
-5799
-7963
-4119
475
-36
-4739
-8653
-9411
-6344
-1585
37
-3641
-7356
-5741
-802
2618
2859
554
-1763
-576
3497
5585
4255
2423
2015
2821
4684
5895
4749
2579
2095
2939
3862
4276
3658
1948
1499
3100
3140
-760
-3880
-1239
3057
2083
-4133
-8484
-6289
658
4221
66
-7558
-10013
-4661
4018
6625
-558
-9159
-7404
2893
9705
7182
-385
-5257
-2682
6136
11273
6483
-2353
-4474
209
5454
5844
676
-6175
-7072
-1927
900
-2319
-6392
-6974
-5502
-4138
-3606
-3675
-4212
-3986
-2423
-1296
-1739
-988
1805
2839
1168
489
2240
4605
6089
5102
1990
821
3565
6066
4851
1725
102
1125
3665
4865
3408
297
-3176
-4630
-1088
3988
2914
-4008
-8562
-5979
855
5652
3004
-4624
-8519
-4017
3951
7729
3158
-5531
-8027
-99
8556
8210
1217
-4460
-4575
1447
8238
7126
-1176
-6074
-3179
1893
4500
2993
-2553
-6987
-5057
-434
896
-939
-3610
-6154
-6353
-3154
110
59
-2377
-4185
-3708
-982
2267
3245
1112
-1163
-590
2378
5074
5255
2799
442
1067
3725
5318
4222
1521
-429
455
2841
4147
2312
-2612
-6553
-3818
2696
3522
-3234
-9292
-8469
-1794
4393
3516
-3554
-8078
-4453
3609
8483
5322
-2544
-5539
1006
9084
9897
3835
-1961
-2707
2635
8268
6936
-1002
-5998
-3655
1212
2883
11
-5736
-9123
-5772
-387
2
-4023
-6844
-6501
-3387
-187
301
-1739
-2867
-1836
569
2730
3317
2384
1697
2256
3631
4731
4474
3051
1931
2309
3342
3598
2431
1197
999
1365
1204
1064
-251
-3695
-6114
-3388
496
-326
-5073
-8192
-6896
-1761
2652
1401
-4201
-7191
-3697
3051
6819
3730
-2631
-3895
2640
9243
9035
3810
-467
-383
4000
7769
5990
304
-2865
-1955
435
1556
55
-3723
-6106
-5112
-3073
-2745
-3717
-4791
-5242
-4697
-3270
-1570
-623
-700
-1169
-772
434
2505
4219
4454
3296
2946
3776
5232
6340
6267
4138
2099
2362
4308
4852
3389
776
-2449
-4868
-3681
-519
-735
-5402
-9876
-9996
-5784
-911
-597
-4746
-8203
-6932
-2011
3218
4019
-337
-3941
-1237
5059
8773
7638
3354
-43
1507
6725
8912
4856
-428
-1797
181
2236
2230
-1172
-5091
-5092
-2497
-1971
-3127
-3947
-4845
-4876
-2915
-1519
-2022
-2122
-1088
-164
721
1878
2700
3296
3652
3806
3844
4496
5244
5234
4280
3838
4098
4234
4021
2613
-1000
-3794
-2181
792
-7
-4411
-8332
-8263
-3574
598
-1239
-6869
-9313
-6127
-319
2774
35
-5014
-5340
150
5241
5228
1808
-735
46
3259
5636
4391
999
-662
400
1994
2324
1096
-1085
-2091
-1226
-269
-834
-1746
-2210
-1928
-1506
-1582
-1985
-1137
398
806
80
-150
720
2563
4185
3620
1596
1360
3709
5383
4711
3033
2404
2545
2140
481
-910
-783
41
-932
-3810
-5987
-4901
-1887
-417
-2155
-5330
-6446
-3578
979
2163
-974
-4048
-2786
1362
4538
4124
1073
-1391
-226
2766
3342
1101
-979
-1741
-1492
-735
-897
-2241
-2894
-2555
-2470
-2497
-1967
-1146
-605
-619
-984
-518
1263
3052
3423
2658
2351
3191
4755
5710
5453
4011
3192
3877
5151
5101
3652
1746
-122
-1518
-1923
-1430
-1692
-3350
-5913
-7439
-6567
-3540
-1799
-3262
-6051
-6531
-3813
154
2029
251
-2279
-1625
1962
4841
5174
3361
1079
853
3337
5418
4007
627
-1842
-2035
-611
558
-935
-3916
-5034
-4013
-2888
-2078
-1730
-2924
-3901
-2662
-393
711
1225
1420
1147
1457
3093
4699
5026
4712
4109
3599
3818
5179
5713
4555
2581
562
-1086
-944
850
860
-2336
-6018
-6647
-4083
-794
-315
-3081
-6128
-5787
-2076
1631
1779
-1056
-3108
-1869
1565
4155
3845
1183
-1067
-687
1509
2843
1428
-1361
-3178
-3136
-2191
-1255
-1390
-2924
-4536
-4336
-2188
-225
-74
-1096
-1533
-663
1456
3697
4238
3168
2725
3891
5545
6657
6429
5002
3828
3853
4645
4927
3829
990
-1881
-3142
-2465
-1793
-2896
-6086
-8754
-8518
-5848
-3939
-4245
-5326
-5399
-4031
-1458
1298
2151
1374
1241
2674
4295
5874
6826
5874
3652
2896
3636
3919
2812
646
-2132
-3609
-2852
-1921
-3017
-5265
-6542
-6033
-4380
-3275
-3659
-4450
-3934
-2028
79
1231
1289
1618
3234
5119
5879
5807
5766
6037
6482
6755
6189
5167
4104
2531
419
-830
-828
-1115
-2891
-5376
-6900
-6564
-4949
-3768
-4102
-5648
-6451
-4819
-1550
455
90
-1146
-1339
364
3317
5036
3629
1254
1097
2927
4016
3143
899
-1247
-1612
-482
-16
-1271
-2968
-3546
-2711
-1638
-1489
-1890
-1921
-1493
-475
919
1692
1723
2316
3345
3926
4146
4494
4810
5062
5164
4699
3923
3221
2147
584
-787
-1463
-1948
-2827
-4256
-5637
-6151
-5438
-4332
-3828
-4564
-5321
-4545
-2128
-185
100
-447
-380
640
2440
3960
3761
2148
1178
1905
2992
3011
1417
-742
-1831
-1170
-182
-245
-1864
-3588
-3534
-1568
-181
-490
-1587
-2118
-1249
996
2557
1949
877
1355
3240
4914
5418
4529
3485
3530
4531
4886
3981
1897
-408
-1683
-1196
-707
-1616
-3832
-6035
-6662
-5261
-3622
-3483
-4150
-4589
-3746
-1621
709
1591
1762
1743
2047
2666
3389
3325
2546
1463
500
-46
-378
-1042
-2049
-2942
-3281
-3007
-2788
-3182
-3433
-2742
-1545
-641
-49
45
87
850
2487
3690
3942
3626
3524
4158
5266
5753
5185
4266
3689
3526
3012
1525
-324
-1122
-1029
-1458
-2885
-4518
-5202
-4466
-3126
-2715
-3214
-3573
-3194
-1984
-585
30
-53
97
388
469
455
510
336
29
-448
-995
-1326
-1115
-763
-992
-1869
-2387
-1754
-709
-342
-685
-751
-83
1160
2167
2418
2040
2014
2826
3685
3564
2999
2951
3220
3180
2876
2528
2192
2089
2045
1502
472
-460
-1283
-2282
-3296
-3817
-3986
-4079
-4460
-4697
-4333
-3104
-1635
-344
201
118
372
1605
2904
3217
2760
2068
1652
1651
1725
1224
362
-481
-1100
-1565
-2037
-2598
-2914
-2847
-2875
-3209
-3463
-3112
-2306
-1564
-1264
-989
-484
215
1073
1745
2105
2510
3387
4065
4221
4137
4180
4315
4541
4610
4091
3237
2335
1390
308
-602
-1096
-1342
-2088
-3511
-4443
-3945
-2734
-1703
-1194
-1453
-2011
-1589
-283
432
163
-494
-1141
-1806
-2027
-1728
-1309
-1394
-1779
-2200
-2387
-2191
-1555
-939
-628
-459
-405
-236
311
1064
1564
1923
2215
2358
2433
2695
2935
3103
3486
3834
3655
2936
2383
2359
2774
2892
2213
1028
34
-769
-1530
-2168
-2544
-2696
-2854
-3350
-3973
-3954
-2982
-1534
-413
-337
-894
-810
100
730
852
738
330
-246
-427
-450
-692
-842
-715
-875
-1368
-1594
-1284
-869
-691
-657
-614
-554
-381
-112
69
225
613
913
821
656
846
1290
1717
2051
2165
2012
1873
2071
2366
2431
2257
1826
996
177
-125
-7
13
-154
-443
-612
-426
150
680
945
1042
1165
1108
761
295
1
-256
-754
-1446
-2161
-2814
-3315
-3714
-4206
-4672
-4727
-4261
-3735
-3443
-3378
-3165
-2552
-1592
-702
26
734
1436
2064
2714
3393
3847
4253
4734
4922
4563
4278
4341
4241
3741
3169
2806
2337
1755
800
-503
-1807
-2459
-2712
-2996
-3221
-3148
-3058
-2990
-2475
-1557
-784
-359
-6
194
330
588
789
628
542
884
1104
824
469
129
-462
-1085
-1412
-1594
-1635
-1480
-1508
-2035
-2446
-2315
-1940
-1720
-1521
-1294
-1082
-850
-507
-173
271
962
1685
2145
2388
2675
2941
3144
3306
3460
3513
3368
2877
2005
1011
251
-172
-450
-651
-735
-861
-1116
-1231
-996
-723
-649
-609
-535
-709
-972
-933
-830
-981
-1089
-829
-577
-535
-590
-663
-794
-753
-571
-461
-476
-439
-425
-595
-833
-1042
-1088
-891
-647
-660
-738
-644
-343
18
283
445
703
1258
1768
1956
1970
2149
2357
2342
2032
1615
1244
997
775
466
130
-41
74
130
-200
-569
-402
-93
-184
-408
-467
-725
-1079
-1144
-1143
-1410
-1402
-963
-754
-880
-786
-568
-528
-314
86
173
-30
67
292
315
141
-27
-222
-300
-333
-498
-688
-582
-310
-252
-386
-464
-220
329
828
961
990
1133
1208
1017
913
931
893
829
926
929
755
802
1087
1067
625
286
203
149
39
-87
-389
-756
-1004
-1328
-1804
-2067
-1955
-1843
-1827
-1731
-1617
-1569
-1320
-882
-613
-474
-214
120
400
718
1017
1184
1375
1684
1829
1793
1827
1986
2000
1773
1370
962
799
804
700
366
45
-361
-950
-1563
-1941
-2149
-2299
-2316
-2247
-2105
-1778
-1155
-547
-147
181
593
983
1276
1540
1710
1789
1891
1967
1777
1484
1372
1234
782
231
-263
-843
-1389
-1681
-1932
-2306
-2461
-2345
-2308
-2321
-2110
-1855
-1646
-1202
-616
-285
-17
588
1331
1892
2298
2544
2632
2820
3081
2995
2551
2208
1939
1481
851
272
-307
-795
-1100
-1371
-1779
-2114
-2161
-2057
-1975
-1982
-1959
-1819
-1446
-957
-545
-296
-21
466
1041
1371
1434
1551
1729
1711
1479
1297
1127
831
540
363
123
-239
-543
-775
-998
-1124
-1182
-1353
-1536
-1484
-1279
-1154
-1028
-767
-372
108
543
710
759
956
1205
1251
1183
1149
1114
1169
1283
1154
776
589
556
265
-189
-473
-705
-988
-1149
-1265
-1508
-1549
-1208
-958
-1002
-956
-759
-679
-592
-367
-235
-205
7
290
344
326
440
526
512
519
495
418
530
830
1026
1057
1076
1083
1082
1193
1288
1152
945
914
879
612
223
-63
-206
-253
-323
-600
-1024
-1256
-1217
-1221
-1480
-1767
-1788
-1613
-1465
-1435
-1456
-1405
-1131
-663
-309
-204
-29
480
1050
1323
1322
1255
1293
1492
1657
1433
934
705
841
868
526
79
-187
-280
-361
-652
-1155
-1486
-1423
-1244
-1247
-1250
-1011
-649
-304
26
302
452
597
838
1082
1210
1311
1429
1503
1553
1640
1647
1408
1103
962
908
662
265
-74
-339
-605
-861
-1114
-1403
-1577
-1526
-1464
-1634
-1846
-1812
-1613
-1492
-1427
-1318
-1173
-989
-758
-588
-548
-444
-99
328
579
700
862
1090
1287
1346
1271
1255
1461
1723
1736
1530
1420
1449
1370
1062
690
443
328
158
-214
-622
-816
-799
-863
-1099
-1331
-1421
-1415
-1408
-1414
-1403
-1269
-990
-668
-468
-378
-239
49
382
601
655
649
729
944
1143
1106
912
840
967
1005
766
395
100
-55
-103
-198
-471
-755
-751
-530
-494
-720
-906
-812
-552
-317
-241
-261
-134
235
580
657
627
753
989
1056
916
706
591
578
551
442
246
52
-76
-142
-273
-540
-782
-832
-805
-901
-1072
-1104
-935
-723
-618
-619
-568
-385
-218
-232
-308
-268
-132
-21
5
-11
9
106
209
210
72
-49
-8
121
155
66
94
342
658
890
1004
1014
1100
1371
1500
1284
1116
1288
1401
1191
974
853
594
301
175
-57
-486
-734
-808
-1057
-1334
-1389
-1441
-1582
-1530
-1355
-1383
-1422
-1226
-1041
-993
-819
-546
-442
-354
-57
194
177
115
220
349
327
195
88
101
160
149
49
-64
-53
104
233
193
159
354
630
733
738
798
891
1016
1144
1143
1057
1094
1183
1091
884
718
557
388
274
94
-197
-387
-424
-571
-840
-1001
-1062
-1110
-1075
-1032
-1121
-1152
-972
-798
-788
-733
-541
-342
-131
106
211
216
335
489
467
360
304
216
112
65
-61
-320
-463
-394
-373
-490
-571
-571
-520
-343
-166
-171
-166
112
474
647
715
822
979
1210
1453
1475
1298
1231
1320
1315
1152
925
673
484
393
193
-209
-537
-672
-845
-1129
-1319
-1411
-1557
-1697
-1719
-1675
-1577
-1410
-1283
-1219
-1035
-678
-371
-215
-77
150
447
725
871
875
907
1080
1287
1402
1399
1292
1185
1179
1158
935
621
427
340
276
220
83
-204
-455
-481
-456
-596
-782
-815
-710
-573
-519
-571
-581
-414
-191
-119
-169
-171
-32
140
164
30
-75
-13
104
115
28
-125
-293
-323
-211
-210
-420
-586
-484
-263
-170
-238
-333
-289
-52
193
185
-2
35
422
734
654
410
421
699
895
778
497
317
363
531
561
333
21
-64
65
139
11
-227
-417
-388
-122
44
-110
-306
-230
-43
54
113
120
30
5
118
112
-66
-168
-192
-323
-470
-473
-475
-626
-810
-945
-989
-879
-736
-802
-959
-837
-469
-200
-153
-140
-7
277
639
868
886
904
1150
1465
1548
1410
1299
1314
1338
1238
966
621
402
350
215
-146
-488
-603
-686
-925
-1182
-1286
-1262
-1169
-1120
-1176
-1146
-888
-589
-459
-369
-196
-7
188
411
552
575
655
787
822
786
809
771
565
336
212
139
33
-127
-350
-530
-543
-462
-509
-723
-821
-638
-407
-402
-471
-334
-31
171
232
298
399
547
738
841
719
539
553
706
729
512
258
171
214
203
45
-224
-455
-476
-348
-310
-425
-534
-534
-488
-381
-237
-253
-386
-365
-141
14
11
-61
-120
-107
12
116
57
-80
-110
-33
-1
-7
16
31
-23
-34
115
294
342
284
237
234
362
587
660
503
401
510
591
478
292
159
41
-54
-114
-242
-464
-631
-638
-627
-729
-849
-879
-883
-903
-821
-606
-427
-363
-322
-215
18
308
453
398
381
559
756
798
729
673
676
687
612
487
420
338
124
-111
-184
-184
-243
-328
-403
-494
-473
-310
-235
-326
-343
-176
22
123
161
259
396
495
511
495
491
481
443
362
239
90
-38
-147
-251
-364
-488
-634
-724
-712
-685
-683
-687
-685
-616
-402
-163
-100
-107
38
255
379
447
518
520
463
440
447
439
428
336
95
-96
-83
-61
-177
-292
-326
-364
-372
-272
-195
-241
-285
-227
-115
25
132
146
151
306
512
578
546
511
472
478
557
542
348
148
92
72
2
-77
-217
-435
-595
-607
-627
-702
-682
-580
-580
-649
-576
-378
-219
-146
-85
6
128
281
407
491
574
644
648
633
659
686
654
566
429
280
198
157
44
-141
-298
-421
-570
-710
-780
-829
-863
-850
-793
-750
-648
-473
-348
-276
-101
192
377
445
567
748
861
920
997
1023
921
774
684
625
536
361
110
-133
-293
-382
-480
-660
-846
-918
-869
-827
-878
-953
-945
-781
-500
-268
-197
-166
-4
264
484
635
765
840
876
907
919
884
833
738
552
347
204
88
-57
-220
-385
-552
-686
-732
-749
-750
-709
-659
-636
-598
-488
-320
-133
2
55
122
289
475
561
537
522
566
607
572
460
360
352
338
188
-15
-121
-161
-255
-402
-525
-562
-534
-533
-585
-592
-479
-328
-242
-201
-120
48
243
328
278
272
421
550
516
429
429
461
435
333
202
97
40
6
-58
-153
-244
-285
-276
-286
-351
-379
-298
-236
-288
-318
-234
-118
-18
76
108
87
139
246
271
264
268
199
101
128
174
31
-127
-138
-134
-198
-263
-325
-401
-396
-307
-266
-278
-211
-74
6
41
112
211
304
386
415
390
441
576
616
492
357
327
375
406
297
39
-137
-102
-58
-199
-404
-489
-469
-438
-442
-516
-606
-587
-495
-435
-349
-174
-66
-118
-138
25
208
260
254
256
241
269
342
332
222
156
134
56
1
32
49
-27
-108
-132
-125
-82
11
59
-10
-62
19
162
222
199
187
227
283
289
274
256
244
251
236
143
46
50
80
3
-180
-317
-297
-186
-150
-274
-454
-520
-392
-183
-139
-300
-404
-284
-70
41
-18
-144
-142
32
152
60
-104
-144
-25
108
91
-67
-183
-128
5
75
43
-14
1
111
226
248
246
298
391
448
445
405
380
400
404
384
328
223
97
23
16
-29
-141
-251
-312
-354
-407
-452
-455
-424
-419
-442
-414
-314
-208
-166
-166
-134
-31
77
130
132
131
166
191
156
83
52
77
88
6
-148
-264
-251
-147
-101
-158
-248
-274
-195
-21
124
163
183
252
364
480
589
678
707
662
588
545
572
584
440
191
-7
-86
-126
-216
-430
-684
-785
-714
-668
-775
-912
-946
-836
-613
-391
-290
-310
-296
-94
226
468
525
476
483
594
719
750
678
557
447
362
256
141
75
10
-157
-371
-479
-430
-340
-365
-514
-616
-518
-268
-74
-56
-114
-68
164
409
480
447
473
543
587
593
568
509
428
342
236
126
12
-85
-186
-347
-516
-578
-568
-597
-656
-671
-650
-648
-624
-548
-452
-352
-288
-261
-210
-47
173
269
204
152
281
499
597
502
353
334
485
646
610
424
314
360
462
496
382
204
148
179
126
-15
-112
-173
-247
-294
-338
-424
-510
-536
-551
-577
-564
-511
-497
-492
-426
-320
-220
-140
-60
7
84
181
259
317
392
442
435
411
416
408
346
273
209
144
73
10
-86
-227
-335
-337
-320
-375
-447
-470
-428
-305
-150
-92
-98
-11
209
405
495
528
550
629
776
867
768
592
549
615
559
352
119
-57
-123
-102
-180
-453
-719
-774
-706
-683
-747
-877
-960
-883
-693
-599
-633
-624
-492
-329
-195
-72
21
74
132
267
465
598
552
415
404
556
710
712
558
391
392
520
557
412
211
107
135
221
216
47
-121
-91
1
-62
-211
-267
-235
-253
-336
-423
-458
-418
-329
-314
-369
-352
-228
-101
-72
-131
-179
-107
90
251
217
79
57
222
394
365
156
-46
-64
80
184
83
-165
-318
-260
-125
-73
-148
-282
-329
-205
-39
11
-65
-135
-76
101
289
359
284
187
233
426
579
551
395
283
284
327
328
215
0
-157
-162
-163
-263
-409
-537
-608
-582
-507
-505
-574
-629
-596
-420
-180
-63
-89
-103
32
283
470
449
326
323
475
583
542
435
354
308
278
248
193
116
34
-68
-153
-146
-85
-105
-208
-239
-162
-64
-39
-62
-66
-5
103
186
173
106
98
138
163
151
113
37
-45
-84
-108
-141
-170
-252
-363
-397
-341
-309
-350
-401
-407
-317
-194
-142
-155
-123
-18
85
151
198
219
215
285
393
417
339
249
201
182
200
190
89
-26
-39
-9
-38
-99
-167
-230
-197
-83
-49
-106
-108
-1
124
186
186
156
174
276
352
317
214
163
188
221
170
23
-125
-192
-206
-237
-319
-442
-535
-548
-482
-423
-445
-511
-501
-370
-214
-123
-70
3
98
207
329
409
447
512
585
582
517
495
509
465
342
220
144
101
38
-106
-271
-351
-309
-257
-325
-482
-534
-389
-215
-180
-252
-270
-145
43
145
122
74
119
253
338
271
125
75
121
155
101
-33
-189
-244
-194
-186
-266
-346
-340
-298
-256
-218
-164
-88
3
72
126
219
329
420
465
478
495
530
545
517
467
386
283
202
160
111
-7
-183
-317
-341
-302
-307
-398
-520
-565
-510
-410
-366
-392
-405
-361
-242
-95
-2
4
11
85
190
262
249
181
120
139
233
264
144
23
28
97
102
35
-41
-77
-48
-9
-18
-72
-76
-24
36
90
108
82
82
145
193
176
143
155
187
191
176
162
157
135
103
75
64
78
80
16
-86
-113
-69
-27
-52
-138
-248
-290
-244
-198
-241
-329
-380
-379
-331
-289
-289
-316
-293
-248
-225
-211
-164
-112
-48
42
103
122
148
210
242
244
281
333
313
276
279
275
260
277
274
168
76
108
168
126
12
-53
-22
69
116
46
-59
-56
64
156
118
-4
-68
-15
81
94
-28
-170
-197
-129
-84
-142
-251
-313
-304
-289
-305
-329
-325
-281
-242
-233
-223
-161
-83
-42
-21
33
112
195
249
246
194
172
227
308
303
184
67
58
144
212
147
-39
-113
10
112
35
-86
-86
26
152
192
123
89
203
346
328
185
119
167
203
146
20
-108
-175
-185
-210
-288
-404
-489
-522
-512
-510
-508
-504
-498
-432
-295
-138
-47
-15
43
176
347
477
514
487
510
608
683
626
488
411
413
395
283
110
-46
-143
-185
-237
-346
-486
-561
-544
-489
-446
-437
-417
-341
-226
-134
-69
28
146
221
260
306
362
390
370
335
279
203
129
26
-97
-195
-230
-266
-362
-482
-542
-514
-431
-372
-403
-438
-366
-193
-16
99
141
201
325
477
596
636
634
630
662
691
651
547
457
395
333
220
80
-35
-143
-232
-299
-368
-446
-488
-497
-508
-501
-439
-366
-311
-258
-212
-171
-115
-36
27
61
76
97
121
128
103
46
-15
-41
-35
-54
-112
-181
-216
-177
-123
-146
-214
-201
-83
36
53
1
-7
101
270
373
371
325
341
417
483
479
411
364
359
340
282
221
160
95
47
18
-36
-104
-168
-205
-209
-216
-262
-322
-332
-294
-238
-228
-257
-286
-250
-181
-146
-163
-187
-168
-115
-71
-68
-89
-92
-56
-15
-8
-23
-41
-41
3
53
58
23
-9
2
71
135
134
69
27
43
111
152
130
68
45
84
136
148
118
106
118
135
136
176
217
198
124
54
60
102
104
10
-127
-184
-125
-74
-129
-247
-325
-297
-212
-165
-215
-281
-255
-149
-57
-32
-53
-64
3
116
180
195
208
196
178
208
264
282
224
134
55
31
64
80
21
-82
-159
-171
-134
-89
-82
-115
-114
-55
6
28
44
70
109
153
172
152
127
124
117
108
72
-6
-90
-127
-153
-223
-323
-408
-429
-404
-396
-416
-424
-375
-279
-185
-121
-62
19
125
223
282
336
433
554
623
622
571
536
553
572
516
364
188
101
103
71
-75
-255
-374
-389
-376
-406
-474
-515
-497
-448
-376
-307
-248
-193
-115
-20
95
191
243
258
276
305
321
312
259
182
114
56
-33
-116
-171
-211
-256
-322
-418
-492
-470
-395
-349
-380
-398
-332
-172
-8
77
84
106
226
386
471
450
393
396
466
502
440
321
254
254
267
229
123
5
-45
-40
-30
-66
-147
-200
-197
-175
-176
-182
-204
-217
-196
-159
-147
-173
-198
-175
-109
-57
-69
-121
-138
-104
-68
-57
-71
-100
-108
-66
-11
36
76
111
127
152
214
280
304
279
251
248
250
244
212
149
94
54
0
-71
-99
-89
-89
-116
-140
-137
-113
-82
-65
-42
9
70
77
61
93
152
194
185
121
50
29
29
-18
-107
-203
-261
-269
-272
-304
-359
-412
-430
-406
-384
-373
-357
-300
-212
-120
-14
100
198
263
326
404
497
559
561
533
503
493
493
439
337
226
132
61
-1
-89
-194
-275
-331
-357
-353
-339
-338
-327
-281
-211
-137
-90
-56
-7
77
169
214
212
212
249
283
257
166
93
90
110
64
-68
-217
-276
-218
-180
-237
-356
-431
-419
-334
-248
-215
-222
-211
-144
-34
106
203
187
135
177
287
364
363
295
192
153
225
293
237
66
-54
-37
32
30
-74
-181
-214
-155
-90
-95
-155
-180
-137
-63
-11
-14
-33
-38
-9
13
18
1
-24
-45
-51
-46
-33
-31
-64
-108
-111
-78
-57
-58
-74
-77
-37
38
92
81
65
111
190
253
271
236
203
223
278
287
234
180
150
143
132
91
9
-87
-131
-142
-160
-193
-235
-259
-239
-200
-190
-188
-155
-87
-31
-37
-58
-10
95
160
166
154
148
185
242
237
161
83
50
55
44
-25
-131
-227
-268
-266
-274
-339
-433
-469
-418
-335
-288
-281
-258
-176
-61
31
96
146
215
306
362
373
382
427
453
428
379
344
341
308
199
58
4
45
53
-31
-140
-217
-216
-142
-123
-226
-354
-358
-261
-158
-142
-169
-175
-113
0
90
103
60
58
122
208
228
183
129
138
206
241
173
75
28
42
33
-24
-105
-167
-184
-181
-173
-165
-171
-197
-203
-190
-162
-124
-91
-111
-153
-128
-28
29
-14
-69
-53
10
45
25
-25
-39
3
54
50
2
-21
19
76
85
52
42
68
100
96
66
61
79
87
91
105
139
170
167
146
126
129
135
130
99
60
39
17
-3
-25
-36
-51
-86
-109
-109
-95
-63
-36
-30
-29
5
33
28
13
23
46
46
21
-25
-31
-4
18
-11
-69
-110
-120
-107
-117
-146
-184
-219
-222
-176
-132
-146
-180
-173
-101
-3
69
76
61
75
142
232
291
300
271
248
255
292
299
229
123
51
34
40
6
-65
-133
-161
-154
-134
-134
-147
-155
-181
-195
-174
-150
-141
-129
-102
-61
-4
36
31
26
45
83
100
97
68
42
46
50
25
-22
-59
-83
-87
-91
-123
-165
-183
-167
-144
-153
-165
-149
-106
-35
27
47
87
166
239
267
274
298
335
358
350
313
277
268
260
221
145
71
26
-18
-75
-138
-184
-228
-264
-277
-295
-314
-320
-317
-320
-317
-293
-231
-165
-112
-64
-28
8
54
97
107
112
130
149
170
178
167
146
120
112
94
43
-9
-34
-27
-22
-39
-50
-46
-50
-76
-85
-56
-18
-16
-18
-3
33
83
128
131
116
128
143
138
115
111
103
101
117
121
103
64
22
19
45
30
-42
-128
-166
-141
-111
-121
-152
-152
-110
-64
-33
-45
-71
-66
-17
34
51
39
25
35
63
76
56
32
5
-9
-14
-16
-40
-66
-87
-89
-48
-21
-35
-66
-60
-38
-11
9
-5
-34
-33
15
47
46
52
73
74
67
78
84
67
35
20
10
1
-14
-38
-62
-78
-104
-143
-162
-151
-135
-124
-118
-112
-77
-23
26
19
-8
11
94
146
118
42
24
96
172
163
67
2
33
127
147
64
-35
-49
14
64
34
-39
-77
-47
19
41
4
-31
-18
27
72
88
77
61
50
53
74
85
39
-13
-11
-10
-38
-71
-104
-122
-126
-132
-147
-151
-170
-180
-150
-133
-135
-124
-90
-51
10
40
25
25
54
80
84
107
135
127
86
68
95
118
102
42
-31
-53
-26
-12
-38
-83
-125
-90
-10
21
8
3
30
81
125
140
131
116
125
163
197
179
132
93
71
72
76
35
-39
-89
-90
-87
-118
-167
-207
-228
-229
-187
-144
-142
-163
-158
-127
-91
-33
-6
-6
6
68
139
175
190
183
170
159
164
167
155
114
47
-6
-32
-48
-78
-115
-142
-162
-163
-139
-127
-152
-176
-140
-61
-4
-2
-14
-13
49
114
121
93
78
126
179
184
136
101
98
91
64
35
-3
-53
-67
-53
-75
-132
-156
-138
-120
-119
-136
-147
-130
-90
-55
-60
-40
17
59
67
75
86
104
123
126
102
84
84
100
102
95
73
44
25
33
54
61
41
-26
-63
-58
5
35
-19
-87
-84
-36
-21
-48
-86
-104
-71
-22
-32
-79
-103
-83
-47
-24
-40
-81
-98
-71
-55
-46
-47
-44
-41
-12
31
35
16
11
30
64
83
71
55
99
161
182
165
126
96
92
102
79
19
-35
-40
-26
-19
-26
-46
-74
-86
-86
-73
-85
-106
-118
-99
-50
-7
20
12
5
29
77
101
72
19
29
68
70
46
32
18
5
-20
-44
-40
-46
-84
-126
-107
-66
-48
-67
-79
-57
-22
18
40
53
61
74
96
119
132
133
128
114
132
158
152
121
91
53
6
-9
-8
-30
-76
-91
-79
-78
-93
-126
-151
-148
-121
-97
-91
-124
-146
-94
-12
14
-16
-43
-8
59
96
80
40
25
36
50
22
-37
-80
-79
-52
-36
-60
-89
-78
-35
-6
-12
-40
-17
46
46
-9
-30
19
71
79
63
64
86
119
125
96
51
22
46
62
23
-31
-18
30
46
13
-39
-52
-21
10
2
-28
-42
-5
49
84
71
37
33
50
76
66
36
8
-12
-16
-20
-48
-84
-121
-111
-72
-85
-116
-123
-123
-121
-88
-50
-37
-38
0
44
82
90
74
107
173
198
131
66
77
129
131
60
-36
-45
4
-10
-74
-116
-119
-132
-150
-144
-123
-121
-130
-114
-69
-32
16
24
-5
25
88
110
97
90
98
135
155
127
75
53
100
134
59
-51
-79
-46
-25
-64
-141
-186
-166
-129
-130
-146
-130
-87
-52
-33
-5
20
33
42
40
56
80
93
98
94
98
118
126
110
74
27
35
48
-2
-90
-139
-122
-78
-78
-117
-128
-95
-51
-20
-16
-34
-38
-16
32
55
44
39
60
108
124
96
64
86
112
91
33
-17
-4
13
7
-13
0
36
90
78
-1
-43
-31
-19
-27
-61
-99
-78
-8
40
7
-25
-28
-26
-29
-38
-67
-67
-43
-37
-46
-28
-13
-10
-11
-43
-59
-38
-21
-30
-24
9
23
35
71
116
124
114
119
115
141
136
84
33
26
37
35
26
-12
-52
-59
-57
-71
-82
-69
-56
-70
-68
-55
-37
-34
-59
-59
-32
-13
-24
-38
-32
-14
4
4
-4
1
15
19
10
-11
-32
-49
-53
-61
-70
-42
-26
-63
-108
-104
-56
-5
-7
-40
-21
45
71
53
33
35
81
131
128
82
54
65
104
98
26
-52
-55
-5
11
-1
-34
-51
-29
13
24
-9
-66
-64
-7
21
-21
-62
-37
14
49
68
67
55
79
91
59
13
-18
-12
12
17
15
10
-6
-2
-6
-36
-48
-26
-7
-39
-65
-64
-32
3
7
-21
-32
-22
-6
6
-8
-51
-58
-8
23
4
-25
-14
21
50
25
-2
7
35
36
28
34
45
60
60
67
82
88
56
27
20
31
40
15
-10
-11
12
36
35
15
-2
9
24
26
14
-15
-26
-29
-46
-50
-32
-22
-32
-27
-49
-92
-90
-61
-75
-78
-66
-45
9
62
59
6
-20
1
49
44
-17
-45
-21
35
68
37
-13
-13
14
23
17
-14
-35
-23
3
-1
-24
-34
-1
22
-14
-50
-35
-11
-23
-52
-48
-8
-2
-18
-30
-8
38
53
39
5
-19
-15
3
-14
-37
-51
-46
-14
1
-27
-64
-48
-22
-22
-53
-67
-35
30
49
36
38
45
47
24
14
11
16
18
27
33
38
36
34
24
13
8
-15
-18
9
31
33
40
57
79
82
64
12
-16
-12
5
12
18
21
30
66
115
108
41
4
-2
-3
-55
-112
-136
-103
-52
-29
-43
-57
-45
-23
-25
-55
-89
-87
-52
-50
-43
-11
23
45
43
39
50
44
30
24
15
12
41
51
27
13
27
46
43
23
-5
-11
-5
-4
10
4
-18
-40
-37
1
50
55
33
37
58
72
65
59
35
24
20
14
20
15
-13
-19
-1
-6
-18
-23
-40
-63
-65
-58
-54
-46
-42
-36
0
19
2
-31
-46
-25
-15
-43
-55
-38
-38
-38
-40
-40
-28
-1
4
6
18
19
1
-16
-7
-2
22
37
25
2
46
93
68
21
1
28
43
-1
-71
-79
-21
13
-14
-22
-9
16
38
29
2
-18
-19
-15
-18
-13
-12
17
53
57
61
54
25
-1
5
5
-12
-17
-12
2
11
15
3
-13
-28
-30
-33
-35
-58
-90
-71
-54
-44
-26
-12
-19
-6
23
27
-6
-31
-9
11
5
-8
2
26
67
73
40
21
35
39
-6
-68
-72
-30
24
55
56
35
5
30
75
68
-6
-48
-20
13
19
-16
-53
-36
3
-6
-12
-11
4
45
38
-1
-16
1
22
32
11
-21
-21
9
25
-7
-49
-32
35
61
20
-16
-8
41
48
-29
-79
-54
15
23
1
-25
-26
19
33
-2
-44
-49
-26
21
42
25
4
27
59
71
59
13
-34
-20
16
-14
-49
-54
-52
-27
2
-3
-7
0
-5
-10
-22
-52
-70
-50
-21
-11
-3
5
27
40
42
5
-17
-18
11
28
10
22
26
34
23
-9
-47
-61
-64
-74
-74
-57