4
7
9
15
16
9
3
3
3
0
-6
-11
-6
-4
-2
-5
-9
-8
-4
-6
-9
-6
-4
-3
-2
0
5
8
7
3
4
4
4
3
1
2
3
5
11
10
5
7
7
3
-2
-1
-3
-4
0
-1
-5
-1
2
0
-2
1
-2
-6
-8
-5
-1
0
-2
-4
3
5
4
0
2
7
10
2
0
6
6
-1
-6
-7
-9
-5
-2
-5
-8
-1
2
1
-1
-3
-5
-3
-1
-10
-11
-9
-9
-7
-6
-8
-6
0
-4
-4
-5
-6
-5
-6
-6
-4
-4
-7
-9
-3
6
2
0
-1
4
5
5
-2
-9
-4
-1
-6
-11
-4
3
3
-2
-3
5
14
8
-5
-4
7
7
-6
-6
3
6
4
2
6
10
11
8
3
-5
-5
1
-3
-7
-5
1
2
3
2
-1
0
1
-3
-6
-3
0
2
2
3
6
13
9
7
7
8
9
3
2
7
11
5
5
7
13
10
1
4
9
6
-1
-4
-7
-5
2
0
-6
-2
2
-4
-9
-7
-6
-3
-4
-6
-3
1
4
4
1
-5
-1
4
5
-6
-6
4
6
0
-8
-5
1
4
-1
-2
2
2
2
-1
0
1
-3
-6
-3
0
2
-3
-3
-2
1
1
-3
-3
2
4
5
6
3
1
3
8
0
-4
-3
0
-3
-6
-6
-4
-3
-4
-5
-7
-1
2
0
-1
-2
3
4
0
-6
-3
-3
-5
-5
-7
-6
-3
-6
-8
0
6
3
0
3
2
1
1
-5
-8
-2
1
-3
-3
3
9
11
6
1
5
11
9
3
-1
0
7
8
5
7
4
10
11
5
0
-2
-1
-4
-5
-6
2
3
2
-3
-1
3
1
-10
-14
-8
1
4
-6
-11
-2
13
11
-6
-17
-1
12
4
-11
-12
6
20
8
-7
-6
6
12
7
0
-5
4
12
5
-4
0
6
7
0
-3
-2
5
8
-2
-9
-9
2
7
4
-9
-7
2
6
5
-4
-5
1
14
4
-10
1
15
3
-1
-4
-8
4
6
-9
-17
-9
-2
3
-9
-18
-10
-2
-12
-17
-4
0
-1
-3
-13
-16
0
7
1
4
12
-3
-7
11
17
10
0
-9
-6
11
12
12
10
9
7
11
6
11
11
3
0
1
2
7
7
-3
-8
-10
7
13
1
-10
-6
-10
-13
-11
-6
-4
-4
-15
-11
4
5
-14
-23
4
19
-1
-27
-16
8
24
4
-21
-21
7
14
2
-9
-1
11
-5
-19
-15
3
-1
-5
-7
-3
4
8
-5
-13
3
16
11
-6
-12
-8
9
23
16
-7
-11
6
25
25
9
-16
-21
10
29
21
-3
-13
-2
23
30
14
-7
8
30
22
15
14
13
8
2
-11
-9
1
-9
-31
-31
-28
-23
-37
-53
-70
-36
5
-5
-59
-100
-67
18
61
-1
-56
-57
17
86
68
-7
-4
62
83
49
9
44
62
48
56
38
2
-23
3
47
63
35
-28
-32
27
93
113
114
82
38
11
46
88
48
-28
-58
-14
25
18
-82
-140
-91
-4
1
-76
-174
-237
-154
-78
-62
-145
-174
-126
-56
-46
-90
-65
23
95
49
-15
-23
81
149
134
108
116
165
177
133
104
124
64
37
55
82
95
76
40
-45
-43
-63
-83
-118
-87
-106
-115
-64
15
84
64
93
52
19
-54
-63
-63
-52
-40
-74
-86
-116
-103
-141
-220
-340
-416
-389
-360
-357
-369
-329
-301
-290
-222
-125
-4
44
132
185
299
378
432
516
554
642
697
804
799
722
642
597
549
470
344
211
149
52
-46
-130
-195
-273
-365
-461
-571
-636
-635
-593
-561
-556
-529
-545
-516
-405
-265
-213
-249
-233
-196
-105
-38
-80
-59
40
87
130
153
109
198
247
275
266
295
279
238
249
238
353
363
335
211
197
173
155
162
38
-48
-109
-97
-106
-33
-126
-169
-137
-174
-197
-169
-162
-173
-74
-79
-21
28
135
95
94
143
136
98
58
76
34
73
33
10
-33
53
149
158
97
16
2
99
203
79
-41
-38
-24
-31
-105
-172
-199
-125
-238
-360
-376
-267
-217
-294
-287
-258
-166
-208
-272
-304
-197
-64
-63
-34
16
77
84
132
143
166
254
332
398
497
535
473
574
651
606
516
431
410
433
421
143
17
29
62
-83
-275
-345
-415
-366
-378
-414
-507
-441
-431
-451
-507
-585
-510
-448
-307
-261
-231
-281
-101
27
51
-44
-192
-107
65
148
-100
-159
125
508
565
313
240
377
645
508
339
187
207
155
78
-26
-110
-9
114
696
-417
-2874
-3229
-87
1993
-462
-4716
-5066
209
4307
1474
-4038
-3915
1648
5069
2422
-1451
-754
2708
4382
3088
1640
2303
3826
3972
3490
3567
2300
154
262
2371
2558
-891
-5031
-4533
76
2048
-2477
-7476
-6952
-2301
389
-1942
-5739
-6411
-3153
-443
-369
-2316
-3267
-2116
-147
1148
853
-59
-772
478
1777
2211
1813
1573
1670
1939
2386
3114
4042
3629
2116
1444
2579
4776
5169
4189
2703
-1022
-3556
702
7534
5469
-4176
-11284
-6781
5399
9432
-2367
-14249
-11417
810
6958
1150
-8608
-10175
-2676
3383
3403
-272
-2641
-2048
1224
3367
3745
3672
2390
531
335
2798
3517
3041
-1330
-7451
-7023
1285
5751
-2461
-14285
-14892
-1414
8031
324
-13315
-14197
-729
11085
7467
-3365
-6042
3327
11742
12406
7633
6825
10306
8660
3215
3620
12674
15479
4908
-9635
-9397
6283
15454
3407
-15806
-19294
-5935
6319
2835
-11835
-20429
-14040
-2492
1762
-2482
-8053
-9368
-4314
2489
5245
3531
899
494
2561
6762
8515
6861
4011
2970
3073
3670
3742
-711
-3989
-3223
-3239
-7669
-10025
-6431
-2476
-4931
-12069
-11677
-1710
5588
1976
-6123
-5829
5728
14244
9432
1341
3459
12389
19834
17164
3853
-4138
6033
21292
17838
-1762
-15953
-8705
9957
14858
-3956
-23141
-19531
-1008
7119
-3307
-18410
-20234
-8836
138
-947
-6630
-8596
-5536
620
3328
2802
3611
5266
4546
3899
6648
7814
7431
6568
4688
1614
2342
5261
4541
-806
-7942
-8293
-3075
-1607
-7741
-13917
-12612
-5345
-1805
-8449
-12242
-5338
3005
3023
-1452
-1860
4072
9981
9098
5875
6279
11415
16295
17901
11064
-13
-1177
12370
21288
9457
-11189
-17837
-2705
15961
10387
-15435
-27714
-12434
6475
5563
-10251
-22309
-17494
-3897
2990
-2116
-8879
-9601
-4171
2900
4830
3433
2865
3540
3955
6890
9193
7289
6403
6976
5599
3290
4944
5945
3253
508
-4259
-9012
-7124
-1613
-2435
-9457
-15327
-13403
-4588
-433
-6191
-12024
-10320
-2591
5096
4722
87
-1343
3347
9279
13198
12251
9577
10575
16058
19469
10084
-1160
2787
17585
18556
395
-17206
-13684
8290
16616
-3378
-27248
-24456
-3347
7017
-3075
-20640
-25145
-13828
358
1542
-6869
-12395
-8953
163
6407
6754
3682
2998
4741
8326
11604
10701
7924
7386
8702
6912
5809
6648
5212
1936
-1940
-7078
-10763
-6329
-128
-3842
-16814
-22633
-12462
2002
2126
-12112
-22593
-13833
6319
13745
1328
-12063
-6759
10498
20467
15299
5969
5010
14268
25473
25087
9733
-3770
2824
19749
22003
2862
-17543
-15579
5939
16631
-2326
-26604
-26159
-6111
4736
-4617
-20979
-25527
-14190
-1585
-839
-9074
-11749
-6053
1425
4999
5035
4749
5901
8463
9451
10703
10801
10149
9713
9578
7241
5717
6886
6546
1347
-6752
-9477
-6298
-2775
-6278
-15038
-19829
-13476
-3803
-4891
-13470
-16905
-11239
-2681
892
-773
-3684
-2015
3405
9878
12063
11848
11896
13145
16556
21413
23316
13803
2093
3421
17427
21398
5177
-13883
-15127
2438
13705
662
-22521
-27308
-11362
1787
-2810
-18013
-25255
-17444
-5308
-1818
-6541
-9701
-7646
-1323
4168
5557
6073
7506
8325
8034
11376
13928
12709
9891
8478
7681
7275
8025
3053
-3828
-6778
-4742
-5951
-10208
-12977
-13382
-12345
-12632
-12674
-12882
-11769
-9616
-8550
-8111
-5010
564
2451
2339
4291
8737
12865
16225
17149
15979
16680
20991
24797
17415
4626
3012
16192
21982
6874
-14538
-18321
-346
13597
615
-25032
-31429
-14055
1123
-3376
-18965
-27069
-19677
-6431
-641
-5522
-10003
-8067
-1254
4321
6603
7748
9188
10015
9606
11959
14436
13926
11463
10146
7456
4222
3224
2368
-39
-3462
-8140
-13442
-13403
-7724
-6258
-14062
-21693
-17880
-7716
-3545
-8561
-14853
-12808
-2263
7893
6761
-29
-79
9733
18256
20003
17025
14087
16355
22519
25572
17069
6250
5321
14611
17278
4236
-12099
-13476
163
7289
-5297
-24172
-26350
-11763
-1990
-9217
-23033
-26001
-15821
-5672
-5462
-11667
-12514
-6030
1900
5320
4396
4753
8808
13002
13326
12768
12482
12371
13225
13463
9200
2443
1705
5111
4352
-4598
-13775
-14607
-6245
-1206
-10564
-24760
-24486
-8322
1807
-7867
-22213
-19555
-2224
9884
6039
-4575
-4707
9711
22371
20791
12722
12792
20958
27163
27218
18041
4602
2439
16926
25527
10152
-14562
-21238
-4214
12441
4380
-21152
-32617
-17309
204
-2881
-18294
-27579
-21509
-8535
-1752
-6710
-11114
-7308
-647
3991
5600
6791
8427
11628
11484
10146
11340
13739
13510
9756
3921
-195
4093
8043
900
-11324
-13207
-5459
-1457
-7256
-16480
-18369
-11264
-3680
-5172
-12690
-13843
-6139
1836
3463
2736
2975
5388
10113
15397
17091
15870
16337
18944
18999
11295
4150
7531
17987
16177
-2058
-16793
-10227
8168
10287
-9453
-27960
-23249
-4784
1943
-9694
-24098
-24246
-13137
-3146
-2943
-8139
-9923
-6186
535
4927
6499
6294
6973
7354
8031
10777
12683
11779
7754
3459
701
3204
6463
2313
-6416
-9249
-4366
-2434
-5943
-10564
-11064
-9032
-6858
-7268
-8743
-7273
-3223
-813
-742
1574
6046
8565
9074
10669
12779
14754
16783
18548
14408
5423
2237
10513
19192
11725
-7159
-16544
-4153
12284
7857
-14232
-27181
-16768
-226
1268
-11948
-22969
-20453
-9846
-2613
-4394
-8451
-8985
-5350
-471
2960
5196
6215
6009
4340
6010
9887
9768
6767
5606
4531
1102
1025
3483
2488
-2334
-6159
-6600
-3763
-524
-2948
-10083
-12977
-6445
203
-2075
-7823
-7380
-675
6195
8557
5259
1923
6876
15590
17262
12349
11124
14652
12439
4043
840
9018
16012
7143
-11398
-17114
-1630
13016
4059
-18266
-26289
-12096
3183
1191
-13589
-22748
-17309
-5760
203
-3251
-8140
-8676
-3669
1769
4587
5308
4502
3442
3179
6405
9014
6980
2353
53
1280
3530
4235
-430
-5960
-4899
1053
1473
-5361
-9934
-5993
9
-793
-6299
-9024
-5146
2136
5639
2156
-699
4061
10378
11149
9395
9848
11451
14124
16329
10044
-1591
-1661
11145
16717
3868
-13748
-16816
-1400
13134
4128
-18577
-25664
-9868
4893
2124
-11070
-19889
-15904
-4593
2958
-253
-6195
-7382
-3306
2214
5890
6808
4287
2308
2133
5239
7991
5529
569
-1533
-534
656
1582
-898
-5628
-5973
-1382
253
-3640
-7854
-6611
-3071
-1354
-2646
-5306
-5484
-1419
3852
4643
3905
4417
6945
8607
10595
12331
11920
10270
11656
13198
5709
-2653
865
11559
10827
-3865
-16722
-12919
4350
10676
-5502
-23524
-19547
-1679
5330
-3340
-15678
-17671
-8666
1562
2360
-3875
-6252
-2892
2554
4945
5233
4574
4846
5262
4443
5126
5189
3016
410
619
27
-1734
-2232
-3030
-3704
-2908
-2399
-5958
-7201
-3895
-1002
-3799
-6764
-5939
-3112
-289
1148
1188
815
4291
7826
8559
7347
9398
11836
11552
10434
12092
12219
4069
-2718
940
10804
9609
-4206
-16278
-11423
4946
8546
-6928
-21548
-16181
-1588
3562
-4359
-14425
-15205
-7461
543
931
-2702
-4719
-2986
1433
4800
5925
5066
4626
3587
3830
5741
4933
783
-780
684
60
-1049
-2098
-4305
-5559
-2227
-958
-4801
-8132
-5818
-1656
-1380
-3376
-5951
-5364
-1051
4359
4152
1453
3122
7664
9343
8192
9534
11130
11339
11017
12849
10347
2249
-1773
4179
11950
6995
-7933
-17199
-7258
8591
7311
-11117
-22698
-13665
1710
4708
-6184
-16764
-15606
-5630
2143
1069
-4101
-6409
-3570
1740
5077
5715
4624
3024
1751
2977
5763
5440
755
-2900
-2367
86
1792
-554
-6299
-8268
-2563
1576
-2648
-8389
-7937
-2572
414
-941
-5127
-6417
-1232
5315
5302
1184
2311
6794
8897
8589
9051
8996
9459
11469
13204
10447
2566
-2366
2142
12006
10482
-5145
-17410
-9606
7726
10157
-5674
-20228
-15699
151
6675
-3121
-15123
-15122
-6182
1455
1064
-4142
-7037
-3756
1695
3242
2736
3075
3553
2341
2102
3087
3268
1918
-501
-2210
-1826
609
626
-3354
-6508
-4205
-223
-1370
-5408
-6485
-3682
-1348
-1469
-2704
-4146
-2807
976
3613
2852
3047
4497
5030
6267
9099
9930
7989
8084
9959
11912
9172
1131
-3483
4451
14236
7197
-9937
-15542
-2896
10482
7139
-10163
-20441
-10343
4971
4885
-8258
-16277
-12525
-3611
1765
-786
-6631
-7687
-2026
3004
3579
2101
1305
1731
3022
4155
3546
1614
34
-312
301
1144
866
-1523
-4298
-3760
91
997
-3915
-7937
-5001
-296
-214
-3540
-6100
-4843
65
4131
2902
104
1180
5067
7633
8200
7555
6713
7719
10314
12451
10352
2664
-2694
3322
13240
10162
-5002
-13668
-5417
8301
8500
-6484
-18258
-12122
1826
3744
-7022
-15260
-12701
-5428
-1179
-3145
-6707
-5952
-1825
434
-68
768
2835
4062
2842
1465
1952
4679
5774
2018
-2722
-3089
2299
6025
1956
-7199
-9059
-859
5257
538
-8390
-10383
-4567
2492
2276
-4842
-8592
-2674
5169
5813
2190
534
2616
6583
9609
9202
7418
7837
10549
12469
8913
1221
-692
7686
13765
5416
-9022
-11723
293
10249
3221
-12924
-18163
-7435
3039
-49
-11080
-16626
-12238
-4509
-1456
-4562
-8033
-6914
-2477
1250
1992
1500
1538
2814
3838
4690
4832
4613
4402
2748
156
-502
3388
5381
155
-7421
-7662
-789
3441
12
-8165
-12149
-6507
2436
3097
-5327
-9815
-4660
4034
7251
4099
-522
-261
6530
11947
11068
6970
7064
10715
14848
12629
3496
-1579
5869
15581
9739
-6031
-13392
-4009
8035
6431
-8387
-19470
-13565
-1287
1046
-8251
-15941
-15663
-9140
-2760
-2458
-6694
-8605
-4857
-179
2258
2873
2975
3133
3988
5269
5824
5810
6318
4984
1885
681
2840
4508
1814
-3598
-6599
-3918
-2
-635
-5882
-10664
-8990
-2708
493
-3175
-7939
-6670
-81
5116
4099
627
85
4664
9876
10831
8466
7660
10544
14573
15542
8818
765
2571
12992
15247
2554
-11490
-10801
2572
9738
-713
-17554
-20711
-8512
1241
-3113
-14304
-19189
-14236
-5782
-1932
-4790
-8645
-7945
-2961
1811
4137
4564
4158
3995
4895
7386
9103
8934
6604
3797
2479
3046
5012
4352
-142
-5911
-6519
-2816
-685
-3504
-9458
-12736
-9438
-2245
-437
-6153
-10400
-6368
1838
5442
2911
-601
682
6745
11773
11753
8955
8952
12069
15600
16057
10650
3553
3788
11303
12507
2363
-9039
-9714
-803
4607
-3347
-17235
-19430
-9135
-2167
-7220
-15463
-17585
-12838
-6057
-3517
-6524
-8668
-4975
574
2964
3596
4795
6113
7108
8232
9007
8944
9307
9304
6597
2271
1100
4216
5306
-758
-8375
-9359
-3845
-588
-4888
-13098
-15232
-7745
-794
-2776
-9817
-10362
-3528
2703
3124
942
935
4328
9605
11786
10595
9803
12227
15051
16538
16210
10899
3665
3056
10877
13034
2258
-11070
-12590
-2548
3769
-3480
-17557
-21515
-12659
-4139
-6600
-14424
-17352
-13930
-8158
-4419
-4147
-5050
-3451
-372
2050
4649
8187
9836
8622
7089
8272
10913
12324
10191
4872
1046
1419
4527
3850
-2803
-9854
-9555
-4313
-3147
-7868
-12872
-12733
-8027
-4004
-4560
-7748
-8106
-4044
775
3356
3834
4049
5182
8408
11619
13161
13032
13027
14136
15705
16303
12136
5389
2351
6823
9938
3224
-9067
-14533
-7657
608
-2401
-15517
-22652
-16447
-6315
-4794
-11814
-17696
-15895
-7824
-1299
-1133
-4202
-3899
745
5276
7576
8816
9448
9079
8776
9520
10427
10639
9830
6148
1350
-271
1845
2469
-1701
-7704
-10836
-9005
-6019
-6085
-9479
-12704
-12011
-7539
-3281
-3517
-6275
-6328
-1913
3686
6358
6005
4692
6318
10662
13807
13903
12906
12840
13343
14479
14449
9718
2760
1005
5599
6630
-1727
-11833
-13484
-6265
-1624
-6969
-17307
-19770
-12399
-6001
-7452
-12863
-13976
-10403
-5026
-2178
-1401
-1141
342
3073
5563
8033
9940
10636
8749
7762
9239
10843
9850
7388
3963
407
130
2494
1386
-5440
-10596
-9573
-5832
-5893
-9804
-12528
-10993
-7007
-5403
-6464
-6790
-3971
-951
126
1306
3896
6463
7198
7500
8807
11514
13573
13260
11354
10881
13080
14553
10315
1553
-2327
2753
7793
1985
-10593
-16921
-10544
-609
-1230
-12818
-21171
-16376
-6323
-2355
-6842
-12733
-13297
-7334
1
2450
379
-1246
893
4952
8440
10077
9517
7851
7186
8642
9999
9156
5985
3305
1876
1607
1304
-144
-3376
-7055
-8343
-7680
-6456
-6572
-8656
-11245
-10376
-5880
-3167
-4375
-6449
-5354
-926
3783
5159
3295
2589
5525
9774
11556
10717
9149
8907
10958
12834
11879
9832
6982
1929
-849
2882
6079
40
-10469
-14186
-7934
-362
-1990
-11993
-18735
-13736
-4278
-2139
-7968
-12483
-10312
-4926
-1028
-545
-825
233
2574
3681
4224
6798
10274
10303
6548
4581
6599
9607
9725
6441
157
-3601
-457
5090
2830
-7008
-13450
-9816
-1470
9
-7608
-15271
-13001
-3822
768
-3544
-8978
-7525
-1196
3613
4092
2692
2908
5125
7870
9361
9992
10289
10049
9721
10350
12466
12238
6862
413
214
5691
6591
-1479
-11251
-11820
-3695
1130
-5028
-15526
-17541
-10435
-3832
-4711
-10359
-13680
-11405
-5161
-704
-134
-1566
-1747
57
3418
7735
10230
9376
6492
5960
8405
11271
11072
8362
4548
1669
1914
3205
2694
-1521
-6172
-8766
-7202
-4772
-5467
-8672
-11697
-10734
-7236
-4472
-5268
-7114
-6489
-3401
638
2778
3188
2284
3574
7085
10270
11126
9933
9053
9881
12781
14226
12279
6332
1079
1624
6497
7079
-1243
-10878
-11549
-3578
630
-5673
-15470
-17757
-11068
-4601
-5697
-11868
-14276
-10105
-4195
-1423
-2066
-2468
-447
3382
5819
6826
8306
10030
10239
9231
9366
10128
10604
10241
8327
3203
-584
1209
4340
1335
-7309
-12727
-10111
-3562
-3112
-10413
-17255
-14779
-5687
-1755
-6520
-11847
-9691
-2705
2652
2891
109
72
4467
9252
10389
9977
10128
10927
11920
13054
13371
12894
10620
5039
680
2769
7201
3665
-6536
-13124
-9680
-2389
-1997
-10480
-18460
-16406
-8545
-4756
-8265
-12587
-12291
-7966
-3080
-280
389
296
1704
4360
7544
10672
12278
11094
8855
8845
11102
12981
11812
7965
3103
-73
238
2217
1110
-5397
-12239
-13224
-8509
-5101
-7900
-14261
-16930
-12315
-5616
-4063
-7378
-9448
-6819
-1579
2840
4429
3992
4233
6731
10405
12717
12973
12043
11602
12227
13291
14170
12846
7212
613
50
4669
5610
-2230
-12395
-14673
-7492
-1507
-6155
-16548
-19993
-12928
-5033
-4565
-10007
-13240
-9771
-2568
1814
1289
222
2113
5864
8374
9685
10797
11461
10926
10107
10033
10433
10105
8327
5028
-81
-2601
-652
1137
-3562
-11310
-14478
-10725
-5750
-7008
-13367
-16887
-12419
-5191
-3526
-7535
-9507
-5592
174
3077
3153
3091
5286
8561
10643
10696
10870
12216
12843
11880
10957
11325
11542
9545
3917
-1419
-812
3656
2662
-6373
-14174
-12449
-4828
-2607
-8982
-16192
-15553
-8877
-4042
-5043
-8544
-8852
-5299
-870
1550
2775
3730
4707
5514
6750
9248
11569
11609
8762
6298
6762
9030
8882
5207
105
-2742
-2710
-1604
-2326
-6472
-11006
-12423
-10163
-7811
-7532
-9986
-12510
-10799
-5838
-2511
-3309
-4820
-3801
-28
4505
6537
5962
5197
7307
10005
11295
11172
10505
9819
9438
9934
9879
9310
5744
279
-2672
427
3533
-922
-9707
-13408
-7986
-1807
-3137
-10968
-15493
-11225
-3701
-1341
-5346
-8689
-6917
-1797
2108
2740
1849
2012
3990
5793
6961
8155
8665
7340
5483
5632
6948
7051
4793
1815
-715
-2170
-2495
-2060
-2744
-5871
-9813
-11052
-7917
-4104
-4658
-9539
-12280
-8420
-1825
341
-3010
-5849
-3559
1982
5828
5662
3776
3534
5990
8648
9496
8885
8027
7565
7674
8422
9091
8470
4505
-851
-2246
1685
4247
-382
-8268
-11270
-6256
-72
-1206
-8725
-13131
-9222
-2904
-883
-3807
-7005
-6871
-3252
712
1948
1448
1065
1888
3116
4989
6675
6916
5714
4436
4546
5191
5460
4358
2931
1049
-1797
-3467
-2232
-257
-2489
-7797
-11067
-8117
-2521
-1795
-7622
-12840
-9522
-1301
1962
-2698
-7356
-5338
1409
6364
5307
1257
462
4962
9295
9226
6550
5614
6992
8890
9706
8849
7273
4854
2017
472
2338
4085
995
-5442
-8587
-5022
-331
-1085
-7164
-11571
-9811
-4326
-1353
-3754
-7948
-9051
-5518
-715
1537
215
-1526
-701
2237
5030
6177
5652
4389
4274
5442
6343
5737
4777
4204
3308
283
-2907
-2101
1543
1592
-5275
-12247
-10878
-1937
2464
-4897
-14902
-14120
-3146
4091
-65
-8699
-10071
-2207
6229
6789
1023
-1875
2197
8447
10317
7936
5810
6725
9187
10387
9795
8848
7447
4230
1439
2311
5064
3618
-2492
-7656
-6798
-2154
-828
-5747
-11539
-11482
-7166
-4396
-5540
-8156
-9266
-7440
-3873
-1456
-1071
-1147
-314
995
2757
4841
6486
6631
5843
5326
5826
7073
7809
6964
4538
1619
-270
-24
1421
1144
-2857
-8212
-10191
-6370
-1717
-2725
-9423
-13637
-9590
-1938
418
-4498
-9187
-7152
141
5333
4360
754
217
4524
9224
10559
8752
7550
8376
9973
10918
11078
10419
7021
2517
1141
4363
5964
1250
-6609
-9827
-5876
-1239
-3356
-10813
-14724
-11288
-5914
-5078
-8464
-11180
-9774
-5347
-1749
-1391
-2311
-1329
1691
4198
5313
6308
7308
7698
7601
7759
8036
8179
7908
6391
3960
1351
375
1049
872
-2527
-7228
-9025
-7189
-4449
-5333
-9920
-12804
-9956
-4826
-3602
-6110
-7771
-5737
-1275
2233
2751
1547
2486
5815
8958
9771
9247
9240
10166
11381
11410
10572
9769
8998
6253
2645
1541
2844
2126
-2522
-7679
-9140
-6548
-4845
-7600
-12237
-13424
-10591
-7470
-6792
-8262
-9223
-7803
-4308
-1000
508
719
1372
3168
5426
7619
9102
8978
7794
7444
8378
8850
7878
5891
4164
2451
768
-886
-1969
-2603
-4370
-7518
-10242
-9587
-6957
-6118
-8952
-11948
-10401
-5589
-2329
-3164
-5097
-4260
113
4679
5930
4830
4631
7061
9948
11324
10683
9809
9782
10232
10152
9379
8060
4821
1473
532
1880
837
-3794
-8218
-9001
-6652
-5738
-8263
-12048
-12382
-9245
-6613
-6746
-7972
-7476
-5312
-2606
-585
527
1508
3004
4651
5573
6598
8088
8836
8152
7009
6847
7049
6891
5800
4156
2009
-885
-2504
-1585
-523
-3298
-8746
-11732
-9015
-3779
-3521
-9380
-13507
-9584
-2039
742
-2815
-6497
-4531
1739
6424
6036
3414
3306
6399
9414
9959
8904
7990
7785
7810
7833
7808
7464
5295
1177
-1778
-1072
896
-430
-5313
-9911
-9807
-6012
-4096
-7131
-11013
-10866
-7488
-4505
-3854
-4817
-5413
-3790
-678
1541
2175
2635
3553
4424
5219
6304
7388
7540
6656
5273
4736
5054
5425
4458
2422
144
-1594
-1870
-1964
-2660
-4620
-6575
-7949
-7488
-5388
-4246
-5482
-7599
-6808
-3425
-640
-659
-1887
-1710
772
4104
5357
4520
3745
4822
6660
7659
7199
6123
5675
6021
6392
5696
4745
3193
726
-1393
-985
550
-905
-5301
-8501
-7055
-3640
-3062
-6285
-9373
-8411
-4633
-2122
-2946
-4745
-4460
-2087
384
1308
1127
1304
2491
3816
4163
4403
4829
5224
4679
4047
3857
3916
3810
3044
1916
44
-958
-782
-527
-1914
-4293
-5486
-5029
-3560
-3411
-4863
-6116
-4958
-2673
-1965
-2647
-2758
-1478
-50
1158
1808
2040
2336
3215
4193
4835
5043
4823
4646
4928
5516
5681
5029
4292
3598
2048
329
72
1124
487
-2698
-5851
-5674
-2975
-2068
-4225
-7079
-7318
-5152
-2743
-2417
-4015
-4940
-4016
-1756
-5
661
357
324
1227
2557
3952
4606
4400
3554
3474
4333
5061
4683
3457
2624
2171
1307
-57
-818
-925
-1328
-2864
-4945
-5488
-4040
-2796
-3854
-5783
-6330
-4754
-2457
-1421
-2134
-3073
-2203
62
2281
3009
2604
2055
2888
5044
6581
6338
4933
4437
5301
6915
7597
5358
1334
-504
1856
4074
1824
-3473
-6742
-5103
-1697
-1294
-5137
-8609
-8042
-4871
-2868
-3476
-5152
-5855
-4436
-2116
-452
70
123
417
1294
2734
4308
5338
5103
4075
3838
4820
5769
5574
4621
2862
812
489
2016
2352
-700
-4557
-5752
-3643
-1501
-2788
-6672
-8727
-6268
-2698
-2349
-4902
-6021
-3873
-838
600
65
-350
823
2908
3926
3851
4259
5294
5675
5277
5235
6069
6676
6369
4660
2189
892
1783
2935
1026
-2876
-5581
-4773
-2359
-1786
-4341
-7520
-7775
-5410
-3031
-2910
-4446
-5652
-4846
-2050
506
1046
74
-33
1567
3620
4971
5162
4626
3996
4408
5362
5681
5055
3893
2856
1768
975
59
-479
-1017
-2315
-4549
-6184
-5188
-3070
-3045
-6255
-8497
-6431
-2234
-685
-2943
-5291
-4186
-41
3123
2785
849
546
2824
5372
6275
5331
4243
4348
5390
6346
6427
5680
3322
838
258
2058
2608
-165
-4297
-5963
-3864
-1259
-1792
-5435
-7637
-6127
-3134
-2041
-3148
-4535
-4445
-2538
-325
581
399
570
1425
2306
3111
4161
4714
4312
3510
3581
4267
4740
4269
2884
1215
299
348
10
-888
-2061
-3211
-4613
-5018
-3905
-2745
-3498
-5657
-6220
-4196
-1584
-1135
-2632
-3821
-2638
444
2532
2148
804
976
2714
4527
5079
4234
3307
3497
4714
5397
5145
4159
2278
513
516
2142
2158
-623
-3840
-4274
-1958
-212
-1496
-4719
-6082
-4168
-1500
-1156
-2820
-4081
-3484
-1582
53
199
-412
-308
817
1730
2152
2660
3019
2791
2379
2770
3275
3389
2779
1974
978
488
377
-175
-842
-1301
-1849
-3148
-3687
-2819
-1731
-2297
-4150
-4748
-3316
-1288
-946
-2320
-3395
-2221
397
1657
1046
75
350
1722
3307
3726
2861
2236
2866
4168
4792
4629
3456
1708
1005
2115
3371
2047
-886
-2764
-1861
170
498
-1701
-4209
-4105
-2167
-954
-1843
-3318
-3896
-3061
-1647
-827
-1120
-1527
-1168
-292
473
1152
1692
1675
1470
1763
2576
2935
2789
2383
1978
1481
1332
1303
851
104
-523
-945
-1573
-1995
-1930
-1656
-2074
-3141
-3776
-3369
-2134
-1555
-2231
-3443
-3076
-1123
446
336
-616
-569
621
2365
3061
2587
2081
2953
4420
4935
4602
3549
2684
2663
3762
3821
1994
-163
-795
133
681
-262
-2319
-3467
-2937
-1953
-2187
-3447
-4201
-3953
-3310
-2806
-2652
-2711
-2390
-1512
-836
-519
256
1337
1906
1909
2123
2620
3219
3669
3585
2825
2120
2117
2374
2235
1421
210
-1006
-1390
-847
-592
-1749
-3878
-4768
-3663
-2170
-2347
-4165
-5304
-4210
-1702
-526
-1294
-2373
-1834
184
2099
2711
2142
1868
2838
4631
5674
5706
5127
3927
3214
3975
5439
4803
2131
-338
-628
801
1333
-385
-3306
-4418
-3587
-2757
-3243
-4346
-5057
-5275
-4664
-3743
-3064
-2876
-2678
-2187
-1514
-201
1315
2245
2071
1937
2749
3967
4645
4356
3733
3120
3121
3320
2996
1877
773
212
-352
-1174
-1861
-2115
-2687
-3869
-4749
-4687
-3976
-3650
-4265
-5075
-4513
-2428
-939
-1229
-1989
-1196
1091
3078
3338
2538
2630
4482
6467
6755
5801
4739
4375
4829
5664
5230
3045
803
5
506
597
-710
-2892
-4328
-4341
-3938
-4109
-4876
-5544
-5839
-5498
-4538
-3601
-3179
-3059
-2497
-1580
-280
1119
2119
2388
2614
3309
4185
4820
4868
4464
3732
3342
3243
3073
2310
1313
305
-754
-1593
-1811
-1748
-2630
-4274
-5445
-5181
-4171
-3589
-4278
-5354
-5034
-2926
-832
-330
-1024
-1117
474
2973
4435
4021
3176
3774
5789
7097
6796
5219
3950
3993
5089
5228
3195
608
-608
-204
52
-1013
-3095
-4693
-4784
-4149
-4155
-4975
-5670
-5695
-5217
-4333
-3490
-3035
-2690
-2026
-944
176
1298
2067
2539
2947
3516
4126
4404
4502
4170
3725
3177
2831
2504
1937
1060
-74
-900
-1671
-1982
-2060
-2561
-3958
-5011
-4666
-3710
-3275
-3875
-4523
-4085
-2195
-353
18
-510
-363
1256
3235
4204
3912
3439
3941
5288
6498
6118
4327
3037
3549
4726
4190
1843
-482
-945
-185
-184
-1848
-4023
-4897
-4298
-3503
-3801
-4977
-5783
-5418
-4139
-3004
-2725
-2943
-2623
-1365
-9
947
1479
1796
2125
2853
3787
4029
3780
3452
3393
3241
3032
2564
1791
1071
441
-119
-929
-1519
-1919
-2281
-2968
-3597
-3768
-3435
-3119
-3313
-3548
-3186
-2002
-826
-254
-269
-50
888
2373
3288
3262
2957
3396
4438
5316
5154
3681
2601
2996
4187
3729
1649
-463
-742
144
169
-1399
-3402
-4141
-3633
-2789
-2976
-4025
-4966
-4885
-3906
-2680
-2252
-2657
-2766
-1793
-404
566
1051
1153
1289
1840
2813
3367
3211
2610
2336
2437
2736
2755
2015
896
264
342
167
-469
-1212
-1925
-2499
-2532
-2162
-2150
-2639
-3053
-2939
-2123
-1047
-435
-702
-937
-226
1173
2191
2294
1988
1997
2832
4042
4679
3919
2472
2075
3081
3952
3100
1088
-395
-153
747
478
-1177
-2713
-3163
-2830
-2460
-2660
-3478
-4212
-4212
-3623
-2939
-2515
-2475
-2541
-2144
-1124
-50
554
595
595
1121
2044
2617
2339
1899
1875
2164
2340
2237
1726
1041
764
845
581
-66
-665
-1107
-1443
-1447
-1343
-1611
-2055
-2184
-1870
-1290
-644
-436
-582
-529
169
1106
1811
1792
1460
1585
2481
3475
3683
2718
1643
1834
3011
3223
1771
164
-71
638
768
-141
-1535
-2304
-2087
-1654
-2043
-2924
-3306
-3262
-3110
-2934
-2630
-2576
-2556
-2259
-1749
-1109
-419
146
92
77
600
1487
1824
1531
1222
1153
1572
1999
1953
1179
748
907
1088
897
433
-67
-569
-598
-479
-623
-1067
-1253
-1171
-989
-667
-385
-365
-371
-121
269
652
1064
1220
1170
1338
1914
2513
2326
1599
1183
1864
2629
2184
753
-205
319
1217
1063
-485
-1844
-1876
-939
-485
-1347
-2769
-3376
-2698
-1725
-1587
-2367
-2987
-2633
-1669
-976
-862
-967
-908
-410
222
584
443
401
674
1056
1206
1165
1058
964
1098
1204
1197
897
584
386
393
423
291
-51
-478
-511
-314
-59
0
-88
-410
-402
126
658
675
276
191
624
1441
1803
1594
843
443
942
2012
2134
888
-419
-388
801
1465
684
-860
-1532
-987
-105
-98
-998
-2039
-2316
-1803
-1157
-1135
-1693
-2133
-2059
-1545
-973
-610
-771
-1133
-1200
-626
196
346
-381
-938
-292
859
1145
337
-397
19
1129
1569
799
-69
79
979
1350
902
267
160
534
1060
1146
796
507
551
877
1109
1101
797
608
571
862
1067
1049
579
73
12
488
745
170
-759
-1068
-531
0
-161
-866
-1318
-1156
-611
-361
-571
-980
-1094
-939
-645
-445
-486
-694
-830
-682
-441
-218
-143
-315
-536
-517
-391
-527
-784
-841
-748
-708
-865
-1020
-975
-592
-191
-164
-530
-610
-14
702
824
517
512
941
1501
1958
2172
2019
1771
1919
2382
2702
2387
1766
1364
1596
1914
1766
1128
251
-273
-290
158
-59
-1003
-2123
-2246
-1625
-1061
-1429
-2272
-2580
-2015
-1140
-877
-1117
-1428
-1176
-607
52
213
86
56
459
779
710
513
524
727
588
154
-306
-359
-124
-127
-814
-1688
-1836
-1283
-894
-1240
-2000
-2290
-1764
-822
-399
-695
-1107
-755
327
1313
1684
1546
1581
2040
2817
3450
3606
3228
2700
2750
3203
3427
2800
2069
1588
1169
703
488
288
-543
-1541
-2234
-2290
-2138
-2141
-2771
-3463
-3514
-2800
-2157
-2142
-2352
-2196
-1649
-981
-325
-39
115
424
954
1244
1443
1733
2012
1741
1175
944
1120
1252
954
102
-850
-1036
-609
-601
-1375
-2218
-2532
-2333
-1965
-1804
-2064
-2312
-2061
-1345
-553
94
536
713
1087
1860
2722
3237
3339
3202
3161
3538
4012
3978
3565
3017
2340
1890
1906
1816
811
-472
-1336
-1504
-1465
-1740
-2665
-3585
-3778
-3327
-2952
-3051
-3336
-3372
-2934
-2257
-1611
-1253
-962
-529
-38
449
981
1645
2018
1781
1396
1562
2339
2632
1915
753
398
887
1236
599
-697
-1503
-1298
-880
-1213
-2095
-2697
-2556
-1965
-1618
-1714
-1790
-1364
-610
47
495
833
1296
1776
2214
2589
2935
3255
3486
3599
3282
2970
2833
3002
2778
1983
852
211
216
125
-559
-1688
-2474
-2711
-2497
-2519
-2967
-3594
-3775
-3485
-3017
-2666
-2540
-2465
-2137
-1450
-736
-134
48
140
494
1354
1930
1863
1499
1588
2116
2396
2102
1437
1054
1093
1291
965
184
-496
-675
-666
-784
-1093
-1453
-1606
-1426
-1163
-1056
-928
-699
-456
-292
112
593
962
1167
1427
1790
1884
1877
2040
2387
2416
2056
1703
1548
1690
1598
1166
346
-276
-484
-555
-721
-1292
-1886
-2381
-2440
-2242
-2165
-2504
-2913
-2844
-2479
-2009
-1913
-2113
-2099
-1394
-519
-318
-613
-429
535
1326
1272
884
1020
1675
2218
2141
1755
1454
1631
1877
1865
1435
1052
867
796
693
467
240
-40
-274
-513
-501
-418
-496
-804
-904
-584
-289
-375
-874
-1178
-700
392
889
161
-683
-150
1430
2317
1591
242
-91
1018
2246
2009
558
-578
-440
451
849
177
-1116
-1906
-1777
-1253
-1219
-1836
-2590
-2998
-2810
-2220
-1764
-1980
-2465
-2468
-1702
-734
-254
-293
-306
182
1019
1752
2064
2098
2203
2500
2840
3008
2947
2659
2422
2323
2253
1945
1455
998
622
200
-325
-742
-965
-1274
-1795
-2164
-2126
-1893
-1842
-2027
-2125
-1795
-1135
-672
-602
-643
-236
540
1201
1363
1268
1359
1821
2247
2205
1774
1333
1171
1094
861
259
-447
-932
-1063
-1172
-1661
-2312
-2626
-2540
-2407
-2538
-2859
-2914
-2460
-1838
-1536
-1483
-1183
-425
488
1017
1201
1467
2041
2772
3179
3202
3091
3217
3358
3359
3150
2682
2263
1958
1703
937
99
-384
-438
-677
-1775
-3213
-3415
-1919
-1013
-2175
-4083
-4148
-1915
141
-332
-2370
-2934
-1072
1263
1729
364
-651
79
1727
2501
1969
1109
823
1126
1493
1390
897
418
109
-161
-313
-392
-611
-976
-1249
-1410
-1599
-1658
-1452
-1225
-1275
-1362
-1251
-911
-358
190
334
164
345
961
1557
1860
1875
1769
1843
2252
2562
2261
1748
1586
1754
1645
1230
722
461
338
139
-293
-875
-1223
-1266
-1249
-1579
-2106
-2517
-2509
-2250
-2061
-2186
-2420
-2397
-1996
-1453
-1139
-1057
-1044
-752
-147
565
889
888
962
1357
1764
1981
2028
1903
1718
1684
1747
1654
1376
1177
965
625
241
54
-59
-221
-521
-1024
-1387
-1306
-908
-799
-1053
-1260
-1123
-774
-349
-106
-102
-95
220
710
1238
1600
1678
1542
1590
1857
2075
1960
1609
1151
798
590
359
-120
-782
-1418
-1880
-2093
-2243
-2536
-3011
-3291
-3268
-3078
-2956
-2814
-2597
-2248
-1814
-1328
-851
-290
363
917
1331
1720
2280
2877
3273
3325
3320
3417
3562
3504
3167
2638
2152
1887
1626
1107
304
-411
-861
-1058
-1449
-2100
-2682
-2729
-2484
-2456
-2678
-2656
-2177
-1601
-1196
-997
-739
-161
651
1211
1349
1425
1709
2088
2298
2227
1827
1412
1266
1245
885
185
-389
-769
-1071
-1454
-1892
-2324
-2503
-2569
-2756
-2969
-2848
-2447
-2082
-1867
-1658
-1230
-618
84
684
1068
1372
1814
2424
3013
3307
3315
3252
3311
3412
3343
2944
2410
2079
1752
1197
548
81
-340
-827
-1379
-1873
-2173
-2281
-2389
-2637
-2809
-2763
-2492
-2214
-1935
-1720
-1444
-1195
-821
-286
247
425
462
688
1124
1502
1579
1364
1154
1292
1472
1272
771
477
353
195
-106
-442
-786
-923
-906
-1008
-1300
-1465
-1329
-1131
-994
-889
-687
-504
-197
111
433
682
957
1199
1400
1674
1894
1928
1853
1934
2029
1973
1698
1448
1295
1198
912
403
-60
-291
-414
-791
-1278
-1691
-1857
-1940
-2067
-2336
-2600
-2586
-2341
-2105
-2101
-2036
-1792
-1357
-942
-640
-433
-140
351
816
1105
1234
1381
1579
1872
2107
2138
1899
1689
1678
1772
1685
1353
872
500
416
343
23
-499
-784
-829
-790
-927
-1150
-1307
-1241
-1057
-963
-906
-847
-638
-300
119
384
471
565
808
1144
1365
1383
1231
1127
1113
1018
797
551
328
-34
-443
-738
-878
-1043
-1335
-1703
-1986
-2045
-1891
-1799
-1926
-2073
-1946
-1532
-1070
-817
-744
-532
-43
526
884
1074
1288
1704
2153
2375
2360
2276
2377
2507
2434
2026
1589
1370
1272
1004
429
-206
-590
-657
-779
-1188
-1706
-1943
-1880
-1763
-1771
-1863
-1853
-1631
-1236
-918
-731
-598
-406
-127
274
619
705
703
839
1173
1418
1399
1160
975
1012
1085
923
488
114
-47
-98
-281
-593
-863
-1008
-1061
-1135
-1173
-1191
-1158
-1078
-941
-784
-608
-402
-205
46
316
603
776
967
1208
1419
1463
1478
1593
1679
1567
1304
1143
1105
1080
802
342
-69
-214
-300
-504
-925
-1398
-1726
-1846
-1874
-1977
-2149
-2313
-2330
-2085
-1635
-1302
-1193
-1105
-773
-198
381
763
896
1010
1369
1930
2303
2311
2176
2144
2241
2303
2126
1689
1251
1052
888
515
-48
-515
-788
-951
-1197
-1555
-1832
-1959
-1917
-1862
-1793
-1697
-1497
-1241
-986
-662
-223
207
467
654
947
1346
1690
1743
1563
1389
1360
1373
1099
596
147
-51
-259
-589
-1016
-1369
-1526
-1590
-1743
-1924
-1897
-1744
-1588
-1459
-1250
-968
-597
-211
148
516
930
1291
1529
1755
2047
2321
2415
2347
2252
2209
2193
2059
1721
1256
874
589
259
-162
-600
-995
-1328
-1545
-1734
-1906
-2036
-2067
-2027
-1939
-1790
-1638
-1465
-1231
-921
-680
-498
-303
-44
254
470
539
525
621
807
913
834
672
590
613
648
566
396
235
146
83
26
-7
-45
-99
-156
-162
-78
57
167
168
146
279
526
712
735
689
629
691
832
882
691
462
396
475
507
321
8
-210
-162
-106
-301
-652
-831
-770
-719
-871
-1136
-1274
-1176
-1062
-1117
-1306
-1380
-1258
-1066
-987
-1043
-1041
-886
-631
-436
-338
-248
-31
269
535
679
740
847
1068
1321
1452
1440
1394
1432
1560
1665
1643
1476
1263
1159
1165
1120
871
561
372
312
179
-83
-382
-565
-610
-653
-823
-1060
-1132
-1031
-913
-945
-1018
-995
-849
-701
-610
-573
-571
-569
-511
-405
-361
-396
-415
-357
-274
-256
-300
-344
-333
-280
-291
-367
-397
-328
-243
-230
-253
-259
-185
-65
28
131
246
367
509
706
934
1107
1248
1341
1442
1565
1703
1735
1687
1613
1538
1491
1430
1304
1023
736
513
345
124
-165
-508
-846
-1101
-1249
-1369
-1600
-1863
-2039
-2069
-2054
-2070
-2101
-2057
-1904
-1668
-1407
-1185
-936
-621
-277
-18
231
452
698
903
1064
1110
1105
1160
1231
1243
1114
944
783
728
664
562
347
155
42
25
16
-64
-163
-237
-185
-74
24
53
145
319
482
593
717
857
956
1009
1010
977
928
884
729
488
244
70
-144
-430
-747
-1011
-1221
-1405
-1603
-1796
-1875
-1865
-1869
-1911
-1874
-1702
-1450
-1227
-1046
-869
-581
-239
57
251
431
655
894
1103
1219
1305
1402
1510
1546
1509
1408
1322
1271
1198
1027
780
594
497
448
322
89
-142
-219
-137
-105
-234
-429
-511
-440
-344
-336
-434
-495
-455
-349
-283
-223
-170
-179
-242
-240
-158
-84
-138
-258
-318
-242
-132
-167
-347
-457
-355
-233
-257
-405
-481
-433
-314
-278
-360
-418
-353
-214
-132
-118
-125
-54
98
205
208
234
392
589
673
642
653
772
961
1065
1018
905
916
1034
1072
953
743
564
453
360
200
-33
-298
-514
-634
-704
-828
-1001
-1161
-1262
-1301
-1279
-1235
-1242
-1240
-1156
-984
-791
-559
-341
-207
-88
134
454
703
806
804
843
973
1148
1215
1093
922
831
841
792
610
319
74
-47
-127
-267
-489
-659
-750
-797
-840
-830
-780
-758
-743
-665
-473
-259
-134
-110
-55
155
428
582
567
551
635
792
891
834
689
588
564
525
390
194
-28
-213
-357
-459
-610
-790
-961
-1065
-1056
-988
-943
-993
-959
-785
-488
-269
-146
-32
167
446
699
858
941
1030
1150
1283
1363
1377
1292
1143
1048
1024
909
634
331
87
-87
-253
-483
-767
-1014
-1134
-1203
-1291
-1390
-1437
-1426
-1346
-1228
-1081
-905
-701
-470
-237
5
249
499
696
821
936
1058
1131
1154
1117
1002
874
807
739
561
341
132
-36
-174
-300
-464
-658
-788
-845
-849
-862
-837
-814
-777
-673
-488
-288
-153
-29
120
317
515
665
720
750
836
935
932
801
687
664
640
491
252
43
-62
-124
-275
-520
-754
-837
-812
-820
-916
-1033
-1042
-931
-768
-650
-600
-557
-423
-168
114
275
333
405
593
850
1028
1007
922
943
1044
1080
975
808
670
647
606
454
217
48
-17
-113
-324
-580
-728
-739
-726
-830
-973
-1038
-923
-771
-702
-702
-658
-492
-295
-166
-92
30
211
393
500
555
577
638
716
745
673
544
440
359
272
146
-30
-245
-422
-513
-565
-664
-798
-922
-970
-925
-828
-752
-719
-687
-577
-331
-65
135
254
398
593
848
1093
1224
1265
1283
1349
1388
1390
1320
1170
965
786
646
472
237
-28
-268
-495
-645
-772
-924
-1123
-1254
-1271
-1195
-1119
-1120
-1118
-985
-715
-486
-358
-290
-122
129
376
475
496
561
686
761
706
619
563
537
416
228
40
-77
-196
-372
-603
-792
-864
-852
-871
-974
-1017
-919
-712
-508
-388
-309
-135
170
472
650
773
930
1134
1311
1433
1459
1465
1486
1481
1389
1220
1051
907
733
471
185
-37
-193
-350
-572
-823
-1013
-1108
-1135
-1172
-1246
-1310
-1269
-1138
-1000
-904
-841
-742
-562
-347
-199
-81
68
215
306
366
421
484
517
494
423
357
328
294
212
118
33
-49
-114
-156
-195
-274
-332
-325
-262
-228
-215
-179
-110
-10
80
155
259
388
478
501
541
635
752
783
730
663
638
646
608
498
369
289
188
31
-118
-213
-283
-388
-555
-720
-798
-774
-765
-862
-987
-1016
-917
-772
-710
-730
-704
-547
-336
-196
-140
-85
24
157
279
369
427
472
539
592
613
648
705
688
593
539
555
563
505
392
265
218
268
264
127
-41
-87
-37
-4
-63
-151
-187
-175
-152
-128
-113
-108
-112
-141
-161
-123
-27
-1
-79
-165
-126
-14
52
-22
-169
-234
-173
-107
-170
-315
-413
-390
-343
-350
-416
-499
-541
-504
-424
-367
-363
-393
-369
-238
-54
68
104
115
200
356
529
646
679
660
681
800
934
968
877
782
756
797
783
647
454
308
225
145
34
-115
-256
-389
-473
-514
-546
-624
-717
-761
-721
-625
-586
-622
-663
-588
-438
-345
-352
-364
-281
-143
-70
-107
-143
-71
50
59
-44
-91
-9
108
112
-14
-128
-90
66
142
45
-69
-45
112
224
228
179
193
302
446
533
525
484
472
539
630
655
567
458
421
468
479
392
245
128
93
69
1
-115
-213
-282
-325
-365
-417
-467
-511
-546
-552
-532
-529
-550
-561
-560
-525
-472
-446
-452
-451
-404
-328
-244
-207
-177
-115
-18
64
126
191
240
295
359
448
516
550
550
549
583
602
576
515
456
394
312
237
173
124
58
-43
-155
-204
-171
-162
-238
-348
-387
-329
-213
-153
-194
-233
-161
-6
144
204
169
133
197
332
396
314
176
134
175
170
52
-109
-204
-241
-292
-404
-538
-616
-614
-600
-608
-604
-583
-521
-415
-279
-179
-119
-33
115
291
419
477
538
672
797
817
751
709
719
710
626
441
267
163
96
-18
-201
-383
-521
-593
-646
-691
-750
-812
-827
-766
-646
-505
-396
-343
-266
-71
200
387
433
443
548
717
824
799
711
658
658
614
485
330
200
109
-8
-160
-313
-409
-469
-540
-639
-725
-727
-667
-618
-620
-582
-464
-304
-180
-91
4
144
302
426
484
519
588
656
670
628
575
529
483
395
257
104
-14
-116
-219
-346
-482
-582
-625
-656
-683
-697
-678
-613
-534
-467
-393
-271
-104
49
132
197
321
487
607
645
630
644
714
758
708
604
506
457
417
331
181
35
-67
-142
-235
-343
-426
-487
-514
-533
-533
-526
-511
-469
-390
-317
-256
-176
-73
14
96
170
228
271
302
316
310
311
304
281
230
168
107
86
68
22
-37
-98
-125
-116
-121
-183
-245
-254
-210
-180
-195
-211
-168
-82
-5
21
18
52
117
152
129
119
162
212
214
154
106
141
207
187
79
-17
-29
20
33
-37
-148
-194
-160
-112
-129
-212
-275
-266
-219
-225
-296
-348
-335
-294
-270
-265
-249
-210
-153
-105
-58
7
73
134
180
220
273
343
406
429
438
468
512
530
516
479
458
453
419
326
226
155
103
50
-31
-122
-203
-257
-325
-387
-417
-419
-427
-457
-480
-454
-374
-300
-271
-261
-202
-86
22
62
49
55
109
177
201
167
108
77
104
130
84
-30
-125
-140
-110
-110
-171
-252
-262
-204
-136
-108
-96
-75
-23
58
161
252
288
306
355
445
529
551
513
470
467
497
478
383
265
190
139
68
-47
-178
-275
-336
-392
-462
-519
-557
-575
-585
-575
-544
-511
-480
-437
-375
-286
-204
-135
-58
32
120
195
248
298
352
387
384
364
351
363
355
296
229
194
177
132
55
-41
-108
-140
-158
-200
-254
-284
-267
-238
-234
-221
-200
-161
-129
-99
-61
3
74
109
116
146
218
260
247
207
192
203
199
162
94
34
0
-22
-55
-90
-119
-169
-212
-228
-216
-211
-239
-295
-316
-261
-168
-104
-96
-79
-8
111
232
315
340
362
431
519
564
558
523
493
480
466
412
322
216
126
55
-25
-130
-235
-311
-385
-464
-532
-579
-617
-636
-640
-626
-590
-530
-493
-475
-417
-292
-165
-99
-68
-2
127
265
344
348
358
421
495
504
460
413
389
365
324
246
164
102
57
8
-43
-103
-145
-159
-160
-170
-190
-201
-184
-133
-73
-16
25
55
87
156
239
286
275
263
283
317
314
256
183
143
139
116
40
-64
-154
-217
-270
-358
-466
-538
-585
-625
-648
-651
-634
-610
-575
-524
-440
-336
-252
-171
-77
41
166
266
342
414
501
568
596
612
646
654
615
552
498
482
446
348
211
113
62
19
-69
-196
-286
-308
-303
-327
-376
-393
-347
-266
-200
-174
-134
-44
69
157
216
264
316
366
400
413
409
388
357
316
254
174
93
9
-80
-187
-301
-405
-484
-547
-614
-674
-725
-751
-757
-743
-716
-676
-634
-564
-451
-338
-242
-146
-27
101
216
305
377
457
533
583
601
612
618
614
591
551
500
451
396
322
237
160
112
60
-1
-65
-98
-105
-102
-109
-128
-123
-95
-61
-34
1
23
49
80
133
183
213
221
213
207
226
238
201
120
41
4
-16
-62
-163
-274
-342
-360
-397
-470
-551
-592
-584
-573
-584
-609
-584
-514
-431
-377
-345
-276
-166
-39
56
114
167
254
364
454
493
499
519
568
608
595
551
499
471
441
370
274
185
119
41
-60
-165
-243
-287
-320
-364
-418
-451
-450
-416
-372
-340
-307
-254
-165
-51
53
132
188
263
345
427
488
515
510
488
477
464
420
326
221
140
68
-16
-119
-238
-331
-400
-455
-501
-533
-558
-563
-541
-501
-440
-389
-336
-269
-155
-39
50
121
211
328
430
485
501
520
548
563
525
439
363
319
262
161
35
-79
-155
-218
-324
-442
-523
-559
-577
-584
-593
-604
-575
-494
-403
-337
-285
-208
-89
47
137
185
245
337
444
512
521
513
526
537
532
483
402
320
251
182
107
25
-49
-120
-196
-250
-286
-314
-349
-375
-365
-333
-287
-229
-157
-88
-8
79
163
256
342
405
457
510
537
528
514
503
478
433
351
258
170
88
-10
-124
-251
-365
-450
-523
-616
-708
-772
-798
-795
-803
-808
-789
-716
-624
-539
-472
-400
-297
-168
-61
16
93
175
264
341
393
415
429
446
441
415
376
333
291
259
219
170
121
94
96
96
75
56
69
103
144
168
168
173
206
275
344
374
381
396
439
467
464
435
400
373
350
300
216
120
17
-71
-156
-245
-356
-461
-542
-598
-645
-693
-737
-752
-740
-731
-720
-691
-635
-555
-459
-383
-304
-200
-70
44
118
176
256
356
424
447
461
513
568
581
538
478
457
442
389
301
210
140
105
46
-34
-92
-133
-165
-200
-226
-244
-250
-255
-262
-257
-229
-179
-141
-108
-83
-39
13
54
71
91
114
138
145
137
129
116
99
68
34
-4
-29
-61
-107
-161
-181
-165
-157
-171
-183
-163
-107
-56
-25
-1
34
90
161
227
286
327
367
419
475
506
503
475
463
463
442
381
290
209
144
84
-9
-101
-210
-301
-385
-459
-538
-620
-686
-725
-742
-745
-722
-699
-666
-623
-558
-494
-436
-372
-301
-208
-121
-48
24
101
165
210
251
290
319
331
331
336
335
330
320
289
268
258
254
218
182
167
164
148
126
95
89
126
152
169
180
207
244
289
311
327
338
350
357
333
291
256
224
186
133
73
22
-24
-73
-131
-183
-247
-310
-366
-406
-451
-488
-511
-523
-518
-510
-489
-470
-452
-433
-388
-320
-263
-220
-181
-131
-72
-16
35
86
120
153
187
214
236
241
232
220
220
223
200
161
139
123
110
83
40
6
-8
-19
-38
-57
-79
-79
-72
-66
-62
-35
1
21
30
47
105
165
200
196
189
203
245
280
280
244
206
198
221
218
146
73
19
-1
-18
-71
-131
-156
-153
-175
-206
-230
-227
-206
-181
-160
-129
-74
-32
8
77
162
217
249
274
312
356
389
391
371
350
338
323
272
195
121
55
-18
-115
-218
-315
-394
-467
-549
-610
-655
-673
-707
-743
-758
-726
-669
-623
-589
-542
-447
-350
-262
-200
-133
-47
48
132
190
240
283
343
403
434
439
423
416
426
425
397
358
339
314
288
257
226
203
187
164
136
128
127
130
120
107
107
138
173
182
187
199
228
256
252
224
204
198
194
179
145
96
69
45
1
-69
-138
-186
-223
-270
-322
-359
-384
-378
-384
-417
-451
-449
-412
-386
-378
-367
-330
-271
-235
-208
-174
-135
-84
-48
-13
30
76
94
99
108
126
136
124
84
57
62
72
59
11
-22
-25
-18
-21
-31
-27
-8
16
37
54
76
109
130
151
196
250
283
287
297
318
347
342
306
275
268
276
262
214
148
95
56
21
-40
-112
-161
-180
-216
-270
-314
-328
-316
-319
-350
-342
-312
-279
-274
-277
-255
-200
-144
-121
-93
-52
9
48
64
60
64
73
81
86
79
79
66
56
44
24
13
-3
-21
-37
-42
-53
-61
-64
-46
-22
-23
-18
6
40
69
82
86
104
139
152
160
167
195
223
229
215
199
199
200
190
169
156
144
132
126
113
80
44
-6
-34
-52
-85
-157
-206
-230
-226
-226
-245
-259
-261
-231
-209
-178
-165
-155
-145
-110
-53
-11
4
20
68
130
175
188
203
231
259
263
255
249
249
245
213
170
133
118
91
41
1
-25
-72
-119
-149
-170
-180
-204
-222
-226
-209
-185
-164
-156
-146
-134
-113
-98
-82
-64
-64
-69
-67
-54
-45
-49
-79
-96
-96
-102
-137
-160
-169
-168
-174
-190
-196
-185
-154
-132
-124
-110
-65
-1
61
92
117
175
258
309
331
351
379
415
450
458
440
430
432
429
390
338
282
241
197
148
88
36
0
-36
-68
-98
-132
-156
-175
-183
-187
-200
-216
-213
-183
-163
-166
-183
-172
-134
-100
-110
-134
-134
-120
-94
-103
-155
-195
-195
-180
-203
-252
-281
-262
-241
-255
-274
-268
-238
-211
-197
-181
-150
-99
-57
-21
26
82
153
206
238
260
308
356
379
372
367
388
402
389
344
304
284
266
220
154
101
67
39
-10
-61
-107
-136
-153
-179
-203
-212
-206
-202
-185
-182
-173
-148
-111
-71
-43
-32
3
54
101
121
132
141
144
152
128
107
91
92
71
23
-12
-32
-47
-95
-154
-198
-198
-195
-218
-252
-261
-241
-214
-206
-201
-172
-121
-63
-19
22
65
115
165
215
244
276
310
327
316
296
283
278
257
211
168
146
130
94
36
-19
-49
-75
-119
-164
-198
-209
-196
-187
-183
-190
-170
-136
-92
-72
-74
-57
-22
18
35
47
63
82
101
104
112
104
81
50
14
-6
-25
-43
-76
-104
-133
-144
-141
-149
-161
-169
-152
-129
-102
-87
-65
-13
34
72
101
132
165
197
209
214
223
216
208
188
159
125
96
57
13
-33
-84
-124
-161
-190
-221
-250
-259
-271
-284
-292
-293
-277
-250
-217
-186
-134
-75
-25
28
83
134
172
203
242
282
303
313
317
307
293
269
250
221
180
142
106
85
65
26
-16
-40
-37
-38
-46
-52
-61
-40
-12
6
5
8
23
46
65
64
77
91
107
96
76
72
77
53
15
-30
-76
-114
-155
-204
-258
-304
-331
-345
-357
-362
-384
-402
-407
-401
-386
-349
-305
-263
-211
-152
-84
-22
27
64
100
158
205
237
257
286
329
362
371
372
380
375
354
320
287
256
233
199
158
112
87
64
38
12
-23
-57
-73
-78
-98
-120
-141
-142
-129
-121
-130
-120
-105
-87
-87
-89
-83
-72
-65
-64
-55
-45
-26
-31
-44
-51
-48
-63
-84
-102
-104
-112
-118
-129
-134
-134
-139
-139
-121
-96
-77
-70
-51
-9
23
41
63
101
133
151
158
185
205
215
221
230
248
256
256
253
249
223
202
186
167
142
113
69
46
38
7
-30
-56
-57
-57
-78
-125
-140
-124
-116
-129
-139
-134
-112
-91
-89
-100
-93
-76
-76
-89
-118
-116
-95
-78
-89
-110
-104
-74
-44
-55
-87
-104
-81
-61
-52
-63
-68
-40
-3
26
27
24
43
80
115
132
120
111
120
137
141
139
140
143
143
125
121
113
97
57
23
-11
-25
-54
-96
-133
-147
-143
-150
-158
-163
-145
-128
-120
-118
-105
-82
-62
-41
-15
12
53
74
80
90
107
119
120
124
135
135
130
124
110
92
66
31
18
12
-17
-50
-81
-77
-75
-71
-84
-97
-94
-63
-35
-23
-13
-4
27
48
59
61
82
98
95
93
110
125
112
96
71
63
56
40
19
-6
-24
-53
-67
-95
-137
-153
-138
-137
-168
-185
-184
-162
-154
-170
-166
-133
-99
-80
-63
-31
17
50
71
88
91
99
98
100
106
118
119
120
134
130
132
121
91
52
24
7
-14
-32
-41
-53
-66
-63
-62
-67
-76
-95
-103
-103
-112
-100
-91
-68
-45
-12
18
28
30
31
37
41
35
7
1
8
26
30
29
13
13
34
39
12
-18
-24
-21
-5
-5
-6
2
0
2
17
9
1
-2
14
20
13
18
42
79
95
94
92
115
123
111
79
59
65
72
56
33
30
34
35
13
-13
-32
-45
-70
-94
-108
-110
-96
-94
-102
-115
-97
-97
-110
-122
-116
-97
-77
-69
-61
-37
-9
13
20
22
25
40
45
43
39
47
68
89
97
107
108
99
83
62
30
-4
-18
-15
-3
-5
-7
5
23
24
23
30
36
25
18
16
21
25
37
43
52
60
66
58
45
40
16
-9
-28
-37
-49
-59
-62
-60
-65
-64
-63
-66
-56
-59
-65
-56
-41
-30
-5
16
21
49
86
108
109
104
105
129
136
123
100
75
66
51
23
-21
-42
-57
-71
-89
-111
-115
-128
-147
-162
-163
-171
-172
-167
-153
-143
-137
-128
-108
-89
-79
-58
-24
21
45
59
59
72
91
102
87
85
105
118
117
120
103
77
70
52
30
14
17
0
-8
-13
5
7
-14
-30
-39
-34
-22
-21
-34
-33
-33
-10
-5
-14
-18
-17
-9
-1
-2
16
31
28
26
27
34
35
27
11
7
4
-16
-23
-23
-16
-17
-32
-52
-61
-76
-93
-104
-95
-87
-83
-80
-62
-34
-16
-21
-30
-25
-20
-5
-9
-4
8
22
33
49
70
74
90
106
117
111
99
107
128
127
92
64
65
75
72
39
15
18
25
14
-7
-21
-20
2
-4
-29
-41
-24
0
4
-6
4
29
47
55
42
30
39
51
60
56
53
64
73
51
19
9
6
-6
-42
-67
-67
-45
-57
-84
-99
-99
-84
-84
-102
-109
-99
-82
-62
-47
-40
-41
-15
15
28
29
30
25
37
55
33
10
-5
1
4
-12
-36
-50
-40
-32
-42
-67
-79
-99
-99
-91
-99
-89
-66
-42
-20
24
43
58
82
109
130
153
152
143
145
138
140
140
124
101
87
82
71
37
10
-17
-43
-74
-95
-105
-121
-132
-142
-139
-139
-136
-145
-140
-118
-110
-92
-73
-50
-37
-8
26
52
69
74
76
79
81
75
77
63
61
63
52
51
44
32
11
7
-12
-17
-30
-38
-32
-24
-20