-1
0
0
0
-1
0
0
1
0
-1
-1
-1
-1
-1
0
-2
-1
-1
0
0
0
0
1
1
-1
-2
-3
-1
-1
-1
-1
0
0
-1
1
1
1
-1
0
0
1
1
-2
0
1
1
0
0
-1
0
-1
-1
-1
-1
0
-1
-1
-1
0
-1
0
-1
-1
-1
-1
0
-1
0
0
0
0
0
0
-1
0
0
0
0
1
2
3
2
2
2
2
1
1
1
0
0
0
0
1
0
0
0
0
0
0
1
1
0
1
2
0
1
0
0
0
0
-1
0
1
0
-1
0
0
0
1
-2
-1
0
-2
-1
0
0
2
2
1
2
2
0
2
0
1
1
1
0
2
1
0
0
-1
-3
0
1
0
1
0
1
1
0
-2
0
-2
-2
-1
0
1
1
0
0
-1
-1
0
1
0
1
0
-1
-1
-1
1
-1
-1
-2
-1
0
-1
-3
-2
-2
0
0
0
0
2
2
1
0
-1
-2
-2
-2
-3
-2
-1
2
1
-1
0
1
0
-1
-2
-2
-1
-2
-2
-1
-1
0
-1
0
-1
-2
-2
-2
-1
-1
-3
0
0
1
1
0
1
1
1
2
2
1
2
1
1
1
2
2
1
2
1
2
4
3
3
2
2
1
1
0
0
-1
-1
0
-1
-1
0
0
0
0
-1
1
1
1
1
1
1
0
0
0
0
0
1
0
1
1
0
1
1
0
-1
0
-1
0
0
1
0
1
1
0
0
-1
0
1
-1
-1
-1
0
1
0
-1
0
-1
0
-2
-2
-1
-1
0
1
-1
0
1
0
0
0
-3
-2
-1
-1
-1
-2
0
1
2
3
1
0
-1
1
-2
-1
-2
0
1
1
-1
-1
2
1
1
-1
-1
-1
0
-1
-2
0
2
2
0
-2
-1
0
-1
-3
-4
-2
-1
2
2
1
2
3
3
0
-1
-1
-1
-1
-1
-2
-1
0
2
1
3
2
0
0
0
0
-1
1
0
0
-1
2
3
3
0
-1
-1
-1
1
-4
-4
-2
0
0
0
-1
0
1
0
0
-3
-2
-1
-1
0
0
2
0
1
-2
-1
0
1
1
-1
-2
1
2
0
0
0
-1
1
4
1
0
1
2
2
2
1
0
-1
0
-1
-3
-1
-1
-1
0
-1
-2
2
-1
-3
-3
-2
0
0
-3
-2
1
2
4
4
1
3
5
3
0
1
1
2
3
0
1
2
1
0
0
-1
-2
-2
-3
-4
-5
-4
-4
-4
-4
-2
-2
-1
0
-3
-3
-1
1
2
2
-1
-3
2
4
3
2
2
5
5
5
3
1
0
0
-2
-8
-9
-9
-5
-5
-8
-9
-7
-8
-6
-7
-9
-6
-4
-5
-7
-2
1
1
-7
-11
-11
-11
-16
-19
-16
-15
-11
-8
-12
-17
-17
-13
-15
-34
-47
-43
-36
-31
-31
-23
-17
-13
-17
-18
-17
-9
1
2
3
8
20
23
13
14
26
31
31
36
46
51
41
42
58
60
46
33
37
50
49
38
32
31
25
13
6
6
-3
-13
5
14
-6
-29
-22
-2
-9
-23
-17
-3
9
24
33
30
21
33
41
26
18
19
15
25
38
46
29
23
23
26
-11
-44
-19
-10
5
22
45
45
63
95
101
104
95
83
65
60
53
43
11
-5
-11
-18
-21
0
-2
-18
-18
6
38
28
31
33
34
10
8
-19
-76
-107
-136
-155
-151
-124
-106
-110
-102
-72
-71
-74
-67
-46
-60
-71
-46
-13
5
-1
-30
-65
-66
-83
-136
-177
-181
-139
-83
-69
-28
20
34
-2
-58
-77
-83
-82
-92
-83
-14
70
143
185
211
254
299
277
222
167
117
48
-50
-93
-77
-39
-40
-61
-74
-64
-30
-16
-79
-126
-146
-116
-87
-80
-90
-60
-9
40
122
151
164
160
171
143
139
152
122
90
47
43
20
4
-16
-40
-49
-18
-5
-76
-148
-172
-199
-247
-200
-100
-52
-48
-15
24
-4
-47
-42
-68
-110
-112
-85
-64
13
104
184
183
124
84
48
-3
-70
-134
-155
-95
-21
-9
-52
-44
-1
2
-4
25
69
81
74
87
101
89
100
119
68
4
30
115
163
133
120
135
199
235
186
134
131
149
143
153
188
222
246
228
161
146
180
203
152
57
6
-25
-83
-152
-169
-151
-169
-128
-135
-188
-233
-224
-213
-245
-254
-186
-177
-262
-338
-295
-275
-297
-295
-241
-176
-102
-18
20
8
-63
-63
-76
-98
-75
-36
25
83
86
47
94
171
193
124
53
83
132
112
86
101
40
-44
13
18
-78
-85
-38
-67
-108
-148
-102
-80
-50
37
159
131
104
144
107
88
74
-12
-103
-21
29
-57
-165
-231
-166
-176
-208
-193
-159
-218
-66
83
73
92
210
263
252
371
501
636
622
601
602
489
455
573
655
506
352
222
182
376
371
175
-275
-353
-442
-212
-331
-354
-911
-2454
-2550
-714
361
-1193
-2072
-3187
-3096
-585
1799
193
-2219
-2083
29
2325
2887
1482
-525
-82
3071
4956
3394
1164
1118
2640
4840
4745
769
-2867
-1296
3122
3300
-1146
-4928
-4766
-2051
1020
443
-4567
-7118
-3696
265
379
-1343
-3222
-3559
-353
3393
2937
-456
-815
1303
3534
4178
3370
838
564
2224
1100
-1843
-1692
775
-991
-4131
-5347
-3687
-1744
-189
-2582
-6337
-5171
456
3296
565
-2811
-2552
1952
6480
7219
3658
537
3199
8884
11246
5914
-2462
-3794
5588
11477
4191
-5819
-8036
-3738
2798
5349
-3485
-13688
-10844
-720
1838
-2623
-7183
-9419
-5662
2927
5640
-994
-5815
-2789
2890
6509
5867
1191
-1201
2724
7012
6071
3301
1611
1385
2083
2599
505
-1034
-743
-1318
-3122
-6338
-7696
-3462
1863
-3952
-12018
-10201
-2476
1661
1647
-3338
-8864
-4617
6376
10612
3704
-3096
-2079
5307
12643
12811
4554
-2060
2457
11767
14525
8367
628
-2808
-679
3941
6324
916
-7294
-9165
-5142
-3109
-2773
-3034
-6815
-11285
-9156
-2899
-771
-1921
-4327
-7859
-6147
3761
8659
2532
-2755
-1029
3799
9006
10086
3920
-579
2881
7072
6830
4831
2399
-327
-160
1195
257
-1070
-1554
-3724
-8031
-8830
-6305
-3891
-4594
-7040
-9794
-9741
-4719
36
-137
-4005
-4934
-2201
3276
6847
5987
1607
-201
3815
9924
11696
7828
3231
2524
6857
11782
11591
6399
2282
131
-931
801
4530
1688
-6292
-10298
-8500
-5533
-1465
-458
-8347
-15485
-10979
-1248
1732
-1422
-7241
-10638
-4549
7402
10643
2183
-4446
-1462
6723
12514
11142
3542
-766
3610
9377
9295
5424
1063
-1177
280
2176
71
-2173
-3446
-7467
-10746
-8285
-5139
-6485
-7658
-9303
-11125
-9029
-2684
-635
-3202
-5151
-3638
324
4815
6663
3886
741
2683
8022
10433
8678
6088
4653
5859
9402
11012
8818
5297
5521
6363
1788
-4800
-2742
3525
730
-6973
-10719
-10515
-7417
914
955
-11705
-18795
-8918
1948
2591
-2846
-10068
-11616
542
14500
10856
-2841
-5772
3026
12162
15252
9406
-383
-544
9239
13589
8018
2067
-388
-427
1817
2327
-3338
-8270
-8818
-8916
-9808
-8625
-8018
-10004
-10867
-10133
-8112
-6159
-3635
-3152
-3320
-2640
936
4199
5370
5063
5205
6226
8002
9923
9615
8036
7397
8521
9075
8770
7715
6593
5795
6853
5136
-3259
-10580
-4632
4626
745
-10368
-15005
-13071
-6501
3001
949
-13779
-19797
-7406
4752
5049
-1910
-9138
-9079
3939
16969
11885
-2363
-4915
4799
12977
14163
7677
-1027
-585
8150
11081
5283
225
-1950
-2091
-73
-1667
-8757
-10488
-5444
-6687
-12898
-12946
-8458
-6899
-6151
-7059
-10099
-8716
-422
4403
713
-3006
-638
4633
9041
10832
7176
2252
4676
11942
14018
8904
4167
3415
6898
10205
9006
3536
377
3441
3770
-3085
-8685
-3005
1851
-2733
-9877
-11966
-10637
-4367
3788
-1111
-14433
-15334
-1994
4924
2463
-2180
-7509
-6690
6202
15465
6718
-3933
-1717
5791
10291
11666
6405
-1638
134
8240
9136
3953
696
-1376
-2547
533
-637
-8443
-10580
-4896
-5564
-10859
-10005
-7774
-8364
-6757
-3950
-6809
-8559
-3409
2310
1248
-1295
-190
2302
5197
8571
8409
3914
3006
7726
10569
8611
5882
5262
5264
7075
8124
6442
3550
4457
6401
435
-9907
-9678
3666
6942
-5094
-15535
-14295
-7925
2855
8112
-5205
-21827
-16030
3791
10730
2872
-7489
-13092
-6283
12695
20730
4593
-11136
-5285
9509
16476
13530
2389
-6824
-188
12795
12278
2425
-2663
-2977
-1945
-247
-3390
-8835
-8055
-5562
-9390
-13405
-10325
-5641
-4870
-7197
-9598
-9967
-5182
2375
3912
-2432
-5863
-205
7496
10291
7844
2619
549
6292
13500
12476
5587
2305
4984
9259
11212
8331
3211
1121
6569
9719
-898
-14925
-9407
7289
7402
-6785
-16403
-15612
-6792
8315
9809
-10212
-25840
-12927
9146
13132
1831
-10833
-15500
-2444
20408
21455
-1997
-14919
-2598
13850
18938
11807
-2956
-8837
4243
16072
9844
-1932
-4840
-4407
-3690
-2312
-5210
-10479
-9807
-6836
-10841
-13641
-8773
-3811
-5426
-7918
-8829
-8020
-2783
4031
3311
-3562
-3692
4037
9700
9758
7128
3197
2813
8854
13392
10526
5442
3989
5286
8455
10533
7919
1885
2108
5863
565
-10525
-7807
4325
3828
-6949
-12770
-12563
-8510
4132
9311
-6686
-22955
-13292
6696
11714
3170
-8613
-15017
-3752
18907
21512
-253
-13631
-2872
13525
19526
12502
-2805
-8907
3760
16508
10968
-1698
-7261
-7167
-3238
1308
-2122
-12145
-15313
-11666
-8695
-6934
-5472
-8670
-12891
-10059
-3019
-257
-2195
-3400
-3255
-781
4839
9120
6535
2632
4325
9047
11101
9848
6865
4799
6746
9032
7341
4317
5023
6166
5106
4640
2459
-5596
-10956
-2440
6503
-217
-11701
-12006
-7969
-4340
3667
4586
-9883
-18749
-6232
7823
7444
-373
-7949
-10333
1504
18113
15322
-3244
-9808
2290
14226
15530
7873
-3064
-5180
6127
14133
7276
-4108
-8455
-4891
1033
-68
-8624
-12685
-9810
-7788
-8595
-8942
-8522
-7659
-6715
-6792
-6917
-5660
-2143
667
134
-1487
799
5433
8049
8576
7502
5192
5414
9888
12047
8771
5137
4032
5137
7738
9412
5960
1676
2822
2785
-5983
-11621
-916
6808
-3325
-14581
-12920
-8675
-2168
6377
319
-17434
-18626
-300
11019
6261
-4026
-11120
-7353
9875
22023
11429
-6816
-7129
7805
18515
16045
4912
-4941
-1527
9977
13380
4348
-7083
-11057
-5408
2089
-1947
-10983
-14341
-11537
-9203
-7115
-8034
-10442
-10005
-7470
-6254
-5718
-3864
-1979
-28
1583
2710
3528
5853
8959
10702
9135
6658
7078
9857
11021
9365
6156
3157
3875
7443
8324
4285
1689
174
-5191
-10924
-4783
4495
-487
-12975
-15151
-10315
-4829
4083
4267
-11212
-19563
-5438
9503
9372
1384
-7158
-9490
3921
20747
16962
-1120
-6849
3465
14078
16181
9023
-2228
-4375
5066
9659
3471
-3416
-6561
-8075
-5193
-3227
-7676
-11065
-9325
-9641
-11898
-9474
-6034
-5833
-6790
-6781
-6626
-4462
734
4046
2491
127
2219
6455
9565
10283
8577
5259
5239
8693
10396
7911
4990
3112
2783
4356
5499
4028
2110
2709
-556
-9267
-11730
610
7629
-3133
-15416
-14037
-7195
1644
8608
148
-16914
-15491
3599
12907
6430
-3253
-9173
-5412
10744
20520
8554
-6985
-4548
7557
13846
12183
3696
-5424
-2378
7680
8038
-723
-6080
-6432
-4674
-2799
-5172
-9405
-9336
-6642
-7901
-10460
-9519
-5992
-4571
-5327
-6553
-6634
-3892
1558
4708
2470
-362
1329
6140
9379
9605
6841
3429
4287
8635
10246
6913
3674
2266
3761
5442
5653
3431
2978
3355
-3634
-13339
-7854
10050
8556
-9891
-18247
-11034
-2562
8356
9722
-9175
-23980
-9154
13106
14099
958
-9945
-11773
1121
20447
19202
-3394
-13913
185
14839
15835
7409
-4050
-7584
4821
14057
5214
-6245
-7099
-4648
-2194
-429
-6493
-12588
-9010
-4576
-7878
-10402
-7923
-5780
-5970
-6407
-6356
-5920
-3204
1174
2385
220
493
4411
6813
7016
7298
6898
6364
7383
8455
6775
5621
6168
6051
4498
3538
3820
4402
6041
3543
-6062
-13968
-5428
7973
4304
-10708
-16708
-11932
-2978
8030
6000
-11697
-20157
-4959
10552
10088
1148
-7448
-8710
4276
19395
14797
-2018
-6970
3227
12823
14191
7211
-2542
-3648
5705
10685
3882
-4446
-6941
-6134
-3134
-1873
-7435
-13469
-10883
-6570
-7778
-9509
-8705
-8285
-7158
-4342
-3686
-5342
-4390
366
3478
2939
2708
4429
5720
7227
9175
9012
6780
6104
6490
6466
6505
6756
4335
1676
1806
4156
4710
4477
2144
-5921
-12944
-6913
5922
4701
-7742
-15018
-11876
-3360
8293
8340
-8072
-18972
-6989
9563
11890
3677
-6185
-9989
659
17551
17408
679
-9119
-1658
10328
15434
9628
-3113
-7702
2168
11459
7164
-2090
-7011
-8495
-5063
-253
-2893
-11012
-11588
-8578
-8715
-7988
-4874
-6131
-9054
-7129
-4037
-3045
-2070
-137
-929
-1531
2163
6948
6862
4365
4670
6369
8059
8886
7214
3608
3859
7422
6962
3120
1873
3617
4376
4893
4910
-402
-9400
-10193
1194
7011
-1690
-11080
-11501
-7669
1041
9166
1626
-14058
-13961
774
9314
7364
178
-8557
-8602
7034
19493
10214
-5993
-6627
4232
12412
13351
5136
-6050
-4420
7747
10985
2599
-4167
-5045
-4826
-3926
-3435
-4804
-8049
-9812
-10804
-11413
-8348
-2559
-3049
-10360
-12129
-5090
1636
2061
-1486
-5277
-4052
3910
10907
8477
833
-661
5957
12114
11144
5228
737
2390
8176
9660
4769
373
2007
5368
6631
5333
417
-7472
-9256
336
7688
950
-9699
-11076
-6802
85
7532
3629
-11670
-16109
-2338
9522
7987
-1052
-9938
-9866
5016
18307
10399
-6913
-8902
3438
12801
13211
5035
-5436
-4605
7654
11827
3138
-3815
-3843
-2547
-2241
-3864
-7442
-8014
-6549
-8050
-12115
-11035
-5177
-2302
-6491
-10236
-8052
-2674
1272
1402
-2602
-5271
-264
7948
9881
4840
471
1759
7591
12244
10145
2982
-358
4536
10574
9685
3890
245
1788
5961
9103
5359
-5732
-12515
-4127
8496
6879
-6185
-14410
-11380
-1124
8752
5576
-10302
-18440
-6843
7576
8885
179
-9305
-11589
465
16156
13735
-2939
-9519
95
11382
15126
8521
-3538
-5519
6257
13077
5593
-2649
-3711
-2396
-545
-718
-6903
-11885
-7947
-4404
-8432
-12371
-10495
-6907
-4774
-5110
-7854
-8441
-3902
1214
911
-2023
-1965
1789
5981
7602
5354
2112
3198
8314
11186
7537
2103
2311
7655
10732
7154
1553
-222
3821
8064
8171
1894
-7951
-11300
-719
10540
4459
-10459
-15016
-7698
1041
6869
3170
-10360
-17302
-5580
8346
7551
-1499
-7798
-8377
934
14976
14451
-1177
-8251
1507
12241
14016
8013
-1365
-4001
4532
10690
5437
-2180
-3826
-3158
-2982
-3515
-6979
-10768
-9794
-6751
-8605
-12274
-11434
-7159
-4517
-5147
-7718
-8572
-4345
1929
3448
-181
-2353
436
5414
8817
7846
3660
1918
5479
9354
9259
6198
3366
3248
6376
8376
5508
1074
1200
4332
5694
4017
-1691
-8805
-7196
4173
7613
-3115
-13028
-10980
-2294
6245
6514
-5398
-16488
-10056
5516
10331
2352
-7062
-9550
-920
13354
16171
3059
-7707
-2531
10154
15762
9904
-1190
-5589
1365
9457
7550
-1000
-6703
-6562
-3262
-1499
-4559
-10067
-12356
-10847
-8741
-7808
-7852
-8747
-8883
-7380
-5145
-3061
-1154
-383
-384
297
2046
3482
4418
5374
5871
4991
4542
6019
7528
7380
6345
4884
3736
4564
6141
4795
1371
143
2310
3711
3251
1643
-3498
-9206
-4917
5726
4642
-6750
-11499
-6628
-610
5241
5179
-5712
-13879
-4488
8855
8592
286
-4682
-5060
2016
14071
14340
-169
-8048
1148
11509
11842
5145
-3631
-6694
1565
9134
3170
-7042
-8670
-5068
-2687
-2699
-6573
-12340
-12544
-7037
-3882
-6596
-9263
-8157
-5514
-3022
-922
-841
-1962
-407
2658
3637
2840
2960
3786
4828
6165
6084
4103
3022
5000
6972
5683
2543
1307
2574
3992
3694
1511
-1172
-983
2162
4910
2697
-4405
-9595
-4196
6367
6416
-4101
-10619
-6836
1155
8099
6456
-4456
-11563
-3953
7671
9706
2468
-5432
-6678
1893
12740
11758
-645
-8128
-2212
7497
10422
4353
-5713
-8666
-449
6963
2955
-5658
-9060
-6583
-2126
-606
-4062
-8873
-10087
-7283
-2958
-1829
-4798
-7173
-5682
-2039
995
1220
-671
-887
1423
3483
3724
2918
2357
3056
4243
4034
2873
2750
3496
3569
3137
2644
1669
952
1949
2698
1160
-837
479
3153
4048
3158
-503
-5650
-3861
5804
7904
-1164
-7812
-4869
844
6576
7512
-1052
-10332
-5886
6044
8874
1534
-5871
-7548
-1804
8604
10497
-1118
-10567
-4885
5989
8829
2661
-6348
-9113
-1075
6917
3143
-6152
-8238
-3705
505
705
-2656
-6526
-7430
-4403
-924
-1288
-4668
-5171
-3257
-1930
-538
883
0
-830
659
2147
2301
2250
1765
972
1461
2683
2434
1364
1468
2455
2576
1671
926
1279
2595
3095
1752
51
1881
5577
6914
4816
259
-4153
-1185
8074
9184
-406
-7296
-4691
1725
7367
6600
-2845
-10903
-6270
4109
6096
-687
-7361
-9175
-4361
5164
8110
-1025
-9736
-6299
2950
7342
3902
-4050
-8035
-2136
5617
4561
-1971
-4677
-2731
219
1623
-277
-3120
-3840
-4015
-4550
-2485
-152
-1627
-4770
-5602
-3185
993
2926
-70
-3917
-3260
1522
4517
2338
-1887
-2744
386
3644
3629
826
-842
764
3411
3967
2629
1488
2084
4255
5509
4610
3830
5334
7555
6019
-550
-3772
3434
10265
4949
-4837
-7559
-3481
4078
8452
681
-12381
-12814
-676
6529
1467
-8126
-12961
-8290
3849
10185
1449
-10683
-9241
2334
9854
7258
-2234
-8834
-3269
7759
9220
1231
-4739
-3874
1233
5395
3303
-3328
-6710
-4207
-965
-799
-2575
-4159
-5023
-4386
-2513
-1404
-1546
-1706
-2073
-2571
-1466
883
1609
-123
-1884
-1671
481
2627
3136
1419
-205
754
4036
5870
4635
2457
2303
4634
7474
8447
6614
4889
3677
1626
620
4590
6793
1666
-4945
-5687
-2755
1601
4167
-1231
-11178
-12097
-2511
3524
-379
-7961
-11972
-8359
2284
8374
1357
-8768
-7327
2702
9416
7292
-597
-5598
-460
8202
8621
2121
-1824
-1170
1759
4355
3135
-1901
-4414
-2649
-2309
-4073
-3505
-2018
-4433
-6955
-6032
-3766
-2177
-906
-2577
-5825
-4699
879
3303
62
-3606
-3329
38
3947
4887
1800
-850
1609
6680
8170
5615
3039
3577
6622
9754
9477
6052
4746
6293
4458
-754
-99
5264
4004
-4159
-8564
-6583
-1997
2617
396
-10413
-16046
-6918
3292
1185
-7776
-12558
-9434
446
8713
4881
-5745
-7506
1971
10499
10371
3276
-3372
-1151
7581
10903
5356
-473
-1641
340
3411
3819
-447
-5038
-5358
-4252
-4165
-3963
-4519
-7026
-8137
-6242
-4937
-4480
-3331
-2994
-4467
-3978
-848
1391
844
-295
-623
173
2422
5081
5586
3772
3050
4878
7137
7730
7016
5762
5460
6777
8527
8216
6872
5223
1433
-3199
-1557
4620
3475
-5598
-11214
-8994
-3517
1782
223
-9961
-16224
-8489
2107
2571
-4698
-10712
-9881
-361
9934
8372
-2410
-6379
1518
10720
12410
6060
-1885
-1677
6815
11145
6061
-578
-2447
-736
2395
2667
-1922
-6569
-6106
-3916
-5120
-7361
-6770
-5571
-6861
-7735
-7093
-5679
-2966
-714
-2936
-5443
-2406
3055
4492
2105
-375
-276
3510
8183
8352
3806
1647
4764
8640
8905
6522
3653
3344
6534
9357
7126
2905
2212
2034
-1604
-3784
-376
824
-3794
-8533
-9204
-7256
-2014
1664
-3937
-13379
-11801
-842
4624
246
-6505
-9037
-2997
8689
12029
2261
-5544
-441
9040
12456
8059
118
-2935
3541
10231
7390
-341
-3637
-2045
687
1613
-1427
-6041
-7259
-5446
-5512
-6948
-6621
-5552
-6341
-7252
-6743
-5330
-3000
-817
-1372
-3319
-2027
2094
4802
4173
2111
833
2488
6750
9231
6444
2093
2161
5936
8693
7917
4197
966
2173
6574
7942
4752
884
-2196
-4755
-3391
1706
1499
-5881
-11016
-9165
-4823
87
1934
-4591
-12893
-9491
1766
6127
969
-5697
-7765
-1593
9629
12469
2656
-5513
-863
8688
12161
7451
-609
-3596
2701
9271
6204
-1456
-4483
-2706
-4
1028
-2077
-6664
-7229
-4919
-4976
-6960
-6945
-5397
-5183
-6138
-6331
-5017
-2141
342
-590
-2845
-1250
3216
5408
4364
2602
1460
2694
6272
8415
5699
2071
2170
5320
7320
6373
2680
12
1968
6263
6702
2695
-222
-1365
-3093
-3268
461
525
-5407
-9190
-6874
-4133
-1062
1724
-1899
-9497
-8344
1070
5581
1706
-3803
-6135
-2284
7542
11909
3503
-5535
-1881
7395
10496
6585
56
-3619
660
7424
6007
-1415
-4946
-3131
-797
-199
-2073
-5209
-6797
-5864
-4884
-5488
-5894
-4954
-4567
-5291
-4818
-3140
-1317
24
38
-769
307
3024
4809
4301
2897
2105
2966
5094
6305
4884
2268
1824
3351
5005
4577
2082
85
1646
5068
5499
3031
227
-2540
-4436
-1146
2987
-217
-7158
-8323
-4856
-1152
2340
1385
-5778
-9407
-2771
4451
3540
-1663
-5253
-4838
1688
9179
6986
-2253
-4815
1957
8035
7870
2801
-2844
-2294
4441
7156
1707
-3558
-3411
-1206
70
-701
-3438
-5532
-4848
-3697
-4691
-6377
-5672
-3461
-3320
-4473
-4426
-2893
-495
1564
550
-1653
-399
3457
5192
3793
1584
783
2460
5344
5827
2831
64
1264
4312
5323
3270
468
107
3390
6337
4807
1750
-142
-2178
-2947
837
3049
-1346
-6349
-6370
-4017
-606
3033
791
-6990
-9192
-1631
4979
3156
-3024
-7084
-4844
3963
9950
4349
-4945
-4585
3632
9201
7569
1010
-3860
-675
6653
7387
721
-4139
-2910
221
1195
-874
-4269
-5501
-4280
-3692
-4753
-5373
-4899
-3994
-3850
-4194
-3284
-1362
-349
-395
-465
-184
1120
2950
3493
2106
697
1326
3205
3954
2984
1608
1117
2284
4207
4126
2112
1192
2615
4426
5167
4852
2094
-2860
-4296
1622
6020
1158
-6496
-7997
-4499
911
4608
234
-9267
-10347
-866
5577
2388
-4367
-8290
-5631
4070
10141
3468
-6240
-4804
4143
9427
7681
1250
-3882
-614
7304
8383
1466
-3741
-2808
570
2031
-324
-4594
-5957
-3688
-2665
-4827
-6165
-4519
-3019
-3976
-5290
-4201
-1379
485
-227
-2019
-2175
563
3911
4234
999
-1479
437
4282
5378
2715
-355
-285
3273
6594
5515
1384
-180
3248
7067
6927
4226
1044
-2439
-2738
2780
6135
409
-7126
-7686
-3689
730
3455
-410
-9256
-10985
-2049
5052
2386
-4660
-8980
-6491
3371
10426
4338
-6171
-5528
4137
10295
8453
1611
-3564
-458
7240
8498
2311
-2632
-2455
-124
1438
113
-3710
-5837
-4709
-4024
-5225
-5169
-3821
-3730
-4969
-5169
-3899
-1603
456
302
-1840
-2124
751
3284
3284
1796
167
184
3002
5543
4075
746
277
3031
5436
5512
3724
1704
2144
5439
7707
4250
-2830
-5436
708
6860
3364
-5639
-9637
-5825
1392
5222
-375
-10197
-11209
-1395
5730
2463
-5365
-9259
-5323
4418
9513
2673
-6390
-4834
4348
9945
7850
650
-4070
229
8103
8083
1112
-3089
-1847
1002
2397
297
-4319
-6024
-3778
-2875
-4673
-5015
-3845
-3924
-4562
-4055
-3025
-1987
-797
-508
-1344
-1207
1030
2845
1920
-40
-161
1828
3472
3036
890
-188
1274
3763
4454
2983
1681
2500
5107
6433
5475
2673
-803
-2624
758
5091
2929
-3790
-6889
-4761
-610
3115
1896
-5463
-10632
-5342
3607
4845
-1939
-8320
-7925
548
9141
6409
-4187
-7704
-76
8516
10002
3674
-3952
-3244
5478
9940
4435
-2474
-3514
-251
2788
2187
-2671
-6325
-4608
-2542
-4294
-5412
-3396
-2825
-4275
-4377
-3424
-2426
-153
1064
-1461
-3191
89
3892
3056
129
-1048
83
2892
5066
2971
-1389
-1463
3220
5852
4079
1625
1294
2899
6438
7967
2387
-5572
-4375
4804
7620
127
-7459
-7902
-2851
4339
5849
-2788
-11323
-7338
2736
5693
685
-5630
-8213
-3015
6652
8092
-1148
-7385
-2659
5058
7929
4718
-1746
-3849
2530
8415
5204
-1381
-2773
16
2428
2089
-1731
-5411
-4128
-997
-2040
-5225
-5538
-3574
-2198
-1928
-2433
-3093
-2528
-478
778
-11
-708
170
1117
1193
1022
997
954
1089
1217
1176
1166
1466
1689
1703
2021
2831
3634
3807
3981
3233
38
-2684
217
4677
3051
-2605
-5738
-4416
418
5280
2996
-5416
-8946
-2164
5612
4935
-2277
-7699
-5713
2921
8878
3655
-6226
-7364
1022
8206
6945
-921
-6237
-2174
6341
8239
2033
-4179
-3916
1172
4599
1695
-4622
-6757
-3701
-1023
-1326
-2472
-4138
-4759
-2678
-43
-61
-1149
-1190
-788
-460
587
1749
1194
-114
-277
606
1374
1875
1416
122
-298
842
1845
1936
1964
2361
2374
3009
4181
2081
-3028
-3114
3094
5038
-570
-5509
-4969
-1153
4238
5570
-1526
-8775
-4633
5158
7218
612
-5828
-6305
148
8243
7162
-3166
-8649
-2203
6084
6992
1119
-5174
-5154
1937
7127
4005
-2541
-4722
-1519
2719
3039
-1235
-5141
-5065
-2516
-1031
-1518
-2929
-3507
-2687
-791
447
-43
-566
218
802
732
1065
1493
1269
1141
1068
626
291
561
814
416
223
253
82
241
1902
3117
2645
2188
1259
-2300
-3768
1458
5112
283
-5917
-5902
-2097
2938
6070
1726
-6758
-6708
3008
8918
4778
-2583
-5916
-2606
6217
10385
2494
-7542
-6116
2921
7698
4394
-3140
-7529
-3302
4634
5698
-789
-6070
-5149
-717
2314
747
-3721
-6352
-4700
-1249
139
-1497
-3076
-2654
-1259
468
2165
2537
1562
950
1313
2427
3410
3350
2034
634
408
1317
1809
1122
-107
-1076
-1048
31
944
867
593
1131
1001
-2040
-4859
-2019
3093
1950
-4217
-7529
-5129
580
5667
3652
-4827
-7986
491
9371
8023
443
-4499
-2641
5781
12396
7010
-4428
-6672
1482
8037
6567
-1030
-7680
-5790
2623
5851
-139
-6378
-6439
-2795
109
220
-3297
-7080
-6463
-2694
-880
-1547
-2142
-2790
-2789
-446
2461
2659
1703
1777
2489
3189
4432
4780
3249
1842
2144
2498
1976
1674
1102
-331
-1213
-432
396
568
244
-140
-667
-2313
-4395
-3046
1156
733
-4566
-7397
-5093
-1176
2554
2402
-3124
-6815
-1419
6635
7558
2519
-1838
-1812
4224
11889
10257
74
-4796
841
7520
8036
2155
-5520
-6952
140
5558
1669
-5426
-7748
-5585
-2296
-532
-3357
-8200
-8690
-4668
-1947
-1589
-2154
-3375
-3475
-278
3141
3217
1765
1763
2763
3794
5367
6178
4893
3246
3383
3881
4044
3920
2749
207
-877
263
1572
1443
396
-1275
-4399
-6659
-4234
1062
617
-5751
-9964
-7799
-2611
2349
2229
-4422
-9282
-4073
5476
8152
3078
-2673
-2916
3578
11733
11481
2650
-2926
1325
8066
9783
4911
-2535
-4715
1024
5531
1870
-4360
-6299
-4748
-2601
-1707
-5679
-10667
-8812
-2831
-2840
-6213
-6356
-4194
-1691
1298
1366
-1878
-1597
3973
7565
4828
1623
2425
5562
8333
8451
3927
75
2926
7791
6624
1481
-1215
219
3048
4610
1085
-7336
-10886
-2909
4929
-260
-10662
-13122
-7758
-918
3194
-1027
-10528
-11407
29
8396
5035
-2017
-4439
-1182
7050
13164
8300
-1574
-2184
5908
10842
8867
2624
-3391
-2693
4755
7642
1164
-6046
-6407
-2804
-680
-2696
-7174
-9202
-6813
-3961
-4005
-5397
-5436
-3649
-1886
-1149
-882
-128
1376
2784
2738
2357
3605
5847
6752
5342
3376
3659
5770
6505
4718
2275
1366
2675
4766
5006
732
-6096
-7520
-814
3752
-1414
-9700
-12247
-7992
-567
3224
-2586
-11786
-11149
-304
6859
3828
-3042
-6392
-2445
7763
13200
6009
-3537
-2310
6131
11154
8986
1636
-4124
-1303
6369
7191
80
-5424
-4758
-1929
-703
-2611
-6428
-7638
-4599
-2210
-4077
-6008
-4186
-1229
-734
-1590
-2006
-992
1724
3828
2509
252
1479
5021
6364
4723
2690
2078
3317
5434
5407
2645
812
2322
4648
3137
-2551
-5903
-1734
3403
1182
-6092
-10310
-8015
-862
4087
-248
-9685
-11119
-1630
6721
5175
-2342
-7151
-3829
6225
11540
5087
-3775
-2962
4258
9021
7963
1831
-4101
-2448
4478
5924
-72
-5532
-5616
-2651
-107
-1055
-5713
-8524
-5289
-1028
-1658
-3932
-3385
-1545
106
1768
1417
-506
553
4040
4828
2740
1850
2687
3827
4638
4198
2148
1155
2714
3668
2191
1039
1810
1047
-2642
-5065
-2632
868
291
-4068
-8001
-7902
-2458
3677
2408
-5681
-9743
-3661
5006
6972
1484
-4841
-4882
3575
11544
8911
-861
-4965
332
7857
9743
3772
-4313
-5232
1625
5994
2190
-4505
-7448
-6046
-2493
-719
-3056
-6802
-7205
-4898
-2455
-871
-732
-2183
-2440
-2
2478
3001
2989
3270
3300
4098
5594
5862
4675
4166
4042
3679
3714
4012
2993
1705
1807
719
-3345
-5474
-2248
-57
-3230
-7573
-9251
-8136
-3427
929
-1910
-8781
-8667
-622
5211
3878
-677
-3446
-986
6800
11306
6094
-1461
-959
5162
9128
7813
2183
-3138
-1622
4664
5869
120
-5205
-6505
-5117
-1931
-427
-3903
-8680
-8969
-5555
-2112
-612
-1580
-4347
-4999
-1019
4112
5029
2436
517
1638
5021
7996
7623
4434
2293
3695
6562
7242
5113
2658
1940
1177
-1212
-2586
-687
165
-2850
-6863
-8716
-7481
-3095
-311
-4042
-10154
-9979
-3096
2586
1977
-2593
-5433
-2426
5372
9448
5146
-782
-428
4221
8218
8161
3454
-1528
-1189
2673
4016
1491
-2189
-4488
-4213
-1367
518
-1580
-5107
-5447
-3371
-1466
-546
-1245
-3224
-3212
-407
1689
1447
959
1630
2267
2822
3744
4490
4213
4022
3897
3294
3375
4838
5389
2028
-3044
-4306
142
3435
372
-6178
-9427
-6623
28
3245
-1596
-8854
-9034
-1796
4324
3581
-2462
-6972
-4355
4124
8634
4122
-3107
-4027
1066
6698
7280
1590
-4379
-3069
3206
4767
-228
-5240
-5186
-1832
1107
-329
-4706
-6152
-2127
1762
1087
-1773
-2345
220
3437
4299
1732
-582
1321
5418
5972
3075
557
805
3170
5461
4664
1234
-266
1746
2188
-1204
-2963
-1079
-260
-2013
-4287
-6635
-6401
-1508
1953
-2301
-8297
-6871
11
4211
3033
-1178
-4372
-1167
6610
8977
2801
-2647
-1320
3239
5975
4303
-1350
-5531
-3052
1991
2174
-2077
-5304
-5725
-3631
-368
53
-3293
-5509
-3607
-436
1177
776
-479
-795
1259
3958
4621
3383
2667
3333
4545
5330
4913
3965
3458
3643
3769
3686
2225
-1147
-3985
-2868
-56
-529
-3963
-7011
-7839
-5335
-392
895
-3587
-7661
-5493
152
3889
3027
-939
-3334
253
6320
7563
3409
-358
-731
1709
4700
4162
-327
-3594
-2433
-717
-707
-1658
-3258
-5526
-5509
-3219
-1725
-2077
-2363
-2519
-2651
-1122
1824
3128
2329
2026
2657
3392
4527
5812
5157
3291
2759
3982
4730
4615
3738
1901
-1023
-2947
-2239
-271
-772
-3987
-6964
-7662
-5496
-1614
-29
-3065
-6426
-5128
-325
3251
3384
744
-1585
369
5832
8278
4905
646
267
2773
4857
3639
-851
-4095
-2372
488
-335
-3422
-5503
-5623
-3721
-1850
-2725
-4867
-4684
-2277
-549
-493
-697
-10
1398
2999
3755
3425
3520
4907
5795
5436
5056
5041
4803
4775
4401
1790
-1753
-2436
-441
-43
-2665
-6259
-8555
-7865
-4076
-1515
-3894
-8018
-7940
-3311
1555
2805
45
-2670
-312
5877
9285
6773
2374
1041
3816
7329
7144
1817
-3837
-3355
1387
2614
-1222
-5275
-7374
-5937
-1769
-388
-4022
-6649
-5083
-1768
621
1334
216
-694
1033
4317
5459
4173
3449
4021
4951
5725
5703
4542
3778
3160
920
-1798
-1563
375
-189
-3852
-7609
-8664
-5430
-666
-681
-5933
-9313
-6201
-58
3067
834
-3283
-3699
993
6090
6561
2915
-358
-109
3255
5845
4440
604
-1512
-1013
626
1792
933
-1925
-3948
-3149
-1091
-132
-1029
-3068
-4117
-2344
747
1876
755
-185
189
1484
3340
4511
3776
2493
2839
4459
5549
4933
2086
-1077
-900
2148
2775
-650
-4681
-6334
-4881
-1289
232
-3082
-7530
-7553
-3392
382
543
-2131
-4320
-2737
2033
5266
3776
5
-1794
-131
2982
4015
1690
-1249
-1984
-683
951
1471
173
-1788
-2467
-1574
-359
197
-158
-1050
-1318
-350
1382
2625
2453
1445
1347
2577
3982
4477
4065
3424
3351
3440
2430
239
-1047
-313
376
-1047
-3920
-5965
-5601
-2907
-801
-1939
-4957
-5812
-3170
465
1992
480
-1880
-1773
1385
4363
4248
1623
-999
-1201
707
2165
1236
-893
-2608
-2797
-1595
-319
-31
-824
-2331
-3047
-1499
842
1344
-206
-1572
-1003
1566
4058
4215
2093
752
1978
4581
5839
4724
2509
1594
1776
1443
421
-208
-528
-1184
-2286
-3592
-4216
-3310
-1523
-1294
-2926
-3926
-2686
-440
1353
1571
-119
-1334
228
2805
3223
1460
-367
-1001
-298
371
-414
-2318
-3371
-2927
-2147
-2097
-2518
-2485
-2229
-1609
-795
-184
36
811
1647
1955
2564
3770
4385
4237
4409
4609
4592
4717
4771
3911
2748
1693
273
-1121
-1440
-1448
-2547
-4311
-5691
-6191
-5330
-3579
-2908
-4045
-4829
-3534
-1101
724
1480
1338
1263
2289
3526
3677
2951
2329
2108
2150
1571
283
-690
-840
-830
-1341
-2409
-3205
-3094
-2377
-1943
-2421
-3194
-2758
-1294
-248
226
358
186
842
2880
4535
4638
4167
4049
4665
5547
5025
2576
742
1252
2431
2021
-258
-2987
-4060
-2355
-17
-348
-3330
-5359
-4127
-1078
592
-804
-3338
-3515
-928
1316
737
-2039
-4007
-2487
583
924
-1717
-3447
-2328
69
1351
637
-810
-1045
500
2118
2119
945
577
1259
1970
2115
1883
1537
1765
2592
3119
2896
2587
2741
2627
1409
-301
-780
-38
237
-941
-2821
-4181
-3721
-1679
-486
-1618
-3250
-3096
-1121
1132
1886
656
-692
112
2429
3532
2360
264
-718
55
1178
979
-461
-1672
-1689
-995
-840
-1465
-2247
-2449
-1962
-1442
-1785
-2297
-1879
-769
-355
-645
-809
-109
1331
2809
3201
2701
2735
3263
3353
2928
2818
2549
1963
1237
371
-839
-1196
-421
-191
-1243
-2270
-2316
-1601
-394
35
-934
-1902
-1401
-185
429
30
-1205
-1931
-1362
-257
-172
-952
-1292
-501
467
725
503
256
426
1072
1385
991
848
1188
1066
460
258
531
807
1009
1066
758
654
1014
592
-817
-1552
-891
-195
-309
-1431
-2817
-2891
-1184
395
251
-920
-1476
-747
578
1537
1490
436
-539
-303
783
1105
234
-1099
-1960
-1725
-496
273
-271
-1032
-877
16
927
1528
1694
1415
1256
1693
2412
2461
1741
1106
1094
1316
1256
956
548
367
451
-124
-1874
-3327
-3020
-1976
-1835
-2775
-3918
-4257
-2861
-532
719
184
-487
185
1864
3282
3587
2608
1279
1171
2101
2518
1629
-119
-1908
-2370
-1590
-1106
-1809
-2678
-2939
-2481
-1673
-884
-675
-820
-672
-61
449
1081
1884
2324
2179
2186
2810
3603
4091
4227
4158
3425
2048
757
502
793
561
-609
-2304
-3976
-4195
-2717
-1626
-2274
-3319
-3639
-3079
-1777
-728
-1175
-2192
-2309
-1510
-848
-726
-1264
-1980
-1973
-959
-53
15
187
1193
2286
2732
3137
3551
3805
4024
4291
3943
3377
2996
2695
2182
1590
1039
684
350
-175
-588
-1124
-2192
-3703
-4327
-3950
-3320
-3350
-3873
-4625
-4296
-2374
-235
731
848
974
1587
3102
4469
4516
3536
2964
2918
2701
1886
626
-798
-1910
-2394
-2804
-3638
-4375
-4157
-3662
-3553
-3469
-3026
-2524
-1641
-419
270
357
893
1829
2536
2997
3858
4745
5147
5106
5048
4586
3514
2626
2274
1661
701
70
-1041
-2608
-2963
-2052
-1659
-2047
-2659
-3280
-3250
-2228
-1415
-1798
-2663
-2746
-2098
-1660
-1735
-1855
-1881
-1631
-919
-103
236
854
1905
2589
2611
2866
3283
3602
3635
3171
2329
1682
1467
1206
977
590
226
-221
-183
-141
-579
-1930
-3120
-3256
-2460
-1963
-2253
-2971
-3243
-2185
-398
952
1510
1574
1256
1616
2589
3069
2660
2010
1050
124
-259
-561
-1258
-2047
-2608
-3067
-3222
-2821
-2045
-1513
-1243
-826
-224
388
1148
2057
2504
2432
2319
2511
2764
3096
3399
3421
2884
2245
1783
1244
129
-1165
-2107
-2708
-2924
-2833
-3101
-4046
-4072
-2787
-1126
-222
26
-338
-255
594
1769
2080
1540
815
437
324
314
168
-673
-1479
-1734
-1466
-1333
-1174
-1206
-1206
-1046
-548
-23
329
453
569
778
1284
1859
2135
2264
2702
3375
3889
4137
3555
2091
506
-97
-69
-168
-950
-2082
-3268
-3631
-2705
-1257
-844
-1363
-1709
-1506
-927
-177
80
-714
-1478
-1277
-749
-931
-1352
-1530
-1453
-1173
-579
-191
-4
448
1176
1342
1166
1334
1732
1732
1330
1037
935
1095
1310
1477
1374
1447
1910
2592
2675
1927
534
-1097
-1727
-770
323
-322
-2086
-3429
-3044
-1109
701
755
-605
-1711
-1406
-42
699
183
-1001
-1697
-1500
-722
-558
-1122
-1649
-1452
-668
115
398
291
495
1102
1759
1778
1232
562
365
519
648
412
-121
-561
-474
267
939
1060
761
602
622
628
332
-14
9
476
1012
1247
942
512
538
1045
1449
1299
408
-675
-1213
-1103
-1108
-1655
-2306
-2698
-2842
-2732
-2456
-2388
-2273
-1732
-1057
-768
-524
0
539
737
887
1148
1304
1449
1817
2108
2133
2293
2464
2291
1873
1621
1334
702
-130
-590
-743
-972
-1179
-1312
-1346
-1008
-278
43
-77
-126
164
472
652
440
-35
-424
-355
-149
-235
-591
-750
-724
-690
-597
-497
-485
-502
-375
-245
-217
-222
-93
-52
-172
-300
-170
160
508
594
613
798
1020
1043
796
429
26
-295
-623
-854
-994
-1036
-1000
-909
-812
-620
-48
603
985
890
602
478
794
1102
1105
632
-8
-398
-127
399
618
459
351
494
680
793
814
766
528
355
37
-368
-673
-573
-393
-310
-387
-647
-866
-795
-544
-788
-1434
-1786
-1435
-1055
-936
-1033
-1160
-1123
-542
150
356
258
419
930
1228
1176
1001
902
742
701
618
304
-26
-192
-425
-619
-478
-121
191
181
-58
-216
-44
399
898
960
660
538
687
1029
1548
1879
1594
1110
947
913
741
385
-43
-582
-945
-999
-1023
-1345
-1598
-1434
-1219
-1376
-1683
-1743
-1602
-1383
-1259
-1389
-1683
-1565
-1101
-806
-907
-778
-198
533
979
1117
1251
1610
2173
2489
2342
1923
1781
1905
1859
1479
1052
819
684
527
171
-270
-651
-854
-985
-1167
-1341
-1356
-1215
-1036
-810
-602
-422
-177
311
662
619
385
384
583
652
365
-104
-350
-370
-471
-898
-1421
-1694
-1527
-1243
-1179
-1344
-1429
-1202
-693
-114
273
542
793
1238
1709
2028
2163
2300
2448
2458
2280
1848
1337
832
430
-26
-432
-775
-1004
-1290
-1574
-1682
-1474
-1200
-1112
-1237
-1376
-1250
-937
-672
-587
-544
-433
-226
14
275
476
585
579
481
409
538
792
869
625
277
164
256
441
457
266
0
12
189
292
264
202
105
-100
-281
-417
-474
-572
-541
-428
-320
-239
60
373
515
571
658
636
595
562
300
-168
-493
-464
-422
-614
-921
-988
-806
-477
-300
-476
-696
-563
-198
-94
-270
-477
-459
-271
25
271
547
916
1194
1128
1029
1308
1782
1846
1429
892
516
389
327
61
-428
-625
-489
-423
-718
-841
-721
-601
-687
-771
-884
-980
-914
-787
-920
-1163
-1059
-767
-618
-607
-435
-197
98
463
742
730
700
861
900
613
375
457
622
622
488
310
232
433
793
820
410
36
14
167
307
308
111
-161
-279
-151
30
148
217
287
184
-42
-181
-114
32
59
-178
-540
-724
-604
-413
-557
-994
-1285
-1094
-701
-503
-674
-892
-776
-332
25
60
-14
69
284
413
443
559
803
1004
1024
832
679
777
940
841
525
366
407
436
277
87
-77
-127
-64
9
-127
-451
-648
-645
-493
-350
-251
-331
-411
-388
-216
-84
-68
-126
-133
-101
-102
-133
-174
-114
58
167
100
34
101
217
227
102
27
115
259
275
103
-78
-84
62
68
-119
-314
-345
-289
-257
-233
-186
-104
0
117
81
-73
-101
113
272
163
-41
-148
-76
119
283
269
146
159
341
382
233
152
197
130
-36
-182
-239
-223
-213
-285
-363
-269
-41
94
-57
-197
-144
9
41
-41
-215
-304
-239
-137
-167
-245
-173
9
129
72
75
230
484
659
633
507
529
723
866
828
638
506
487
430
205
-14
-116
-164
-264
-483
-741
-979
-1132
-1193
-1176
-1187
-1145
-1025
-904
-752
-445
-115
110
326
533
640
689
837
961
1003
921
805
705
650
521
232
-106
-293
-308
-423
-612
-726
-839
-1029
-1043
-859
-739
-764
-769
-684
-537
-314
-64
197
496
885
1205
1290
1306
1448
1708
1833
1730
1508
1372
1285
1119
866
559
244
-48
-329
-651
-922
-1029
-1082
-1364
-1861
-2071
-1783
-1431
-1450
-1712
-1772
-1433
-861
-467
-428
-408
-4
613
971
904
762
938
1354
1537
1233
673
366
532
859
826
283
-308
-426
-88
97
-243
-815
-953
-563
-88
-46
-393
-637
-354
251
619
474
127
34
387
874
965
597
268
319
512
554
353
60
-184
-239
-246
-402
-631
-631
-482
-502
-601
-610
-572
-537
-425
-377
-485
-590
-464
-189
-11
4
-14
-9
140
482
734
635
366
310
542
835
873
607
336
343
543
564
233
-183
-266
-40
30
-215
-441
-374
-219
-235
-375
-456
-330
-21
183
3
-350
-377
-16
258
99
-269
-451
-281
39
157
-163
-627
-764
-556
-326
-317
-487
-592
-513
-328
-46
261
446
441
391
523
891
1190
1166
911
739
876
1177
1224
839
376
194
283
346
146
-282
-599
-639
-527
-522
-712
-928
-924
-672
-511
-612
-847
-853
-594
-321
-311
-466
-550
-341
88
344
165
-76
32
334
465
428
371
325
308
331
358
368
399
385
253
11
-88
28
93
-112
-410
-580
-614
-512
-339
-363
-583
-621
-336
-16
147
263
381
436
536
793
1058
1143
1147
1073
931
860
941
910
628
266
-53
-320
-491
-552
-762
-1188
-1519
-1512
-1298
-1127
-1081
-1142
-1103
-847
-448
-147
-28
12
161
428
685
811
795
782
850
868
750
693
758
739
496
225
128
173
162
-7
-250
-423
-427
-351
-391
-585
-709
-703
-620
-556
-554
-604
-575
-451
-338
-287
-252
-161
-16
105
168
246
401
612
764
818
809
833
918
1013
950
736
601
577
453
194
-67
-304
-518
-649
-784
-979
-1045
-871
-747
-872
-970
-766
-402
-162
-125
-163
-49
287
624
686
583
590
697
757
777
756
636
433
213
7
-79
-48
-114
-377
-638
-658
-467
-342
-415
-610
-754
-670
-430
-255
-260
-345
-388
-285
-73
73
46
-30
-21
66
221
424
544
535
525
641
784
878
933
850
629
511
588
616
459
220
8
-174
-233
-196
-310
-610
-805
-795
-768
-754
-682
-666
-791
-790
-501
-152
8
29
60
160
407
703
766
552
415
464
462
393
337
144
-184
-384
-391
-384
-425
-524
-694
-770
-592
-318
-235
-299
-292
-178
-11
163
233
180
188
252
251
266
364
356
254
253
302
331
392
447
333
145
149
278
290
182
97
19
23
165
227
66
-91
-77
-6
28
-15
-155
-338
-406
-347
-311
-393
-506
-545
-456
-258
-120
-144
-175
4
227
298
273
259
252
298
340
222
13
-52
11
-10
-163
-274
-301
-331
-281
-169
-187
-320
-340
-200
-41
60
76
-29
-102
69
362
465
341
210
213
367
518
465
240
67
71
157
163
50
-84
-169
-170
-121
-134
-183
-149
-97
-98
-106
-81
-23
63
119
51
-75
-132
-52
43
14
-146
-265
-205
-26
92
44
-44
-38
89
214
205
127
116
153
140
57
8
49
65
-84
-261
-275
-133
-35
-131
-323
-413
-310
-135
-111
-274
-374
-219
46
164
131
88
154
352
521
462
285
248
350
369
249
74
-72
-105
-58
-81
-223
-348
-376
-358
-311
-242
-233
-267
-229
-119
13
127
180
139
107
183
277
262
198
172
109
23
17
64
14
-67
-94
-112
-108
-8
85
42
-26
34
219
365
378
300
294
396
515
536
408
195
58
69
42
-138
-360
-467
-539
-605
-585
-561
-631
-683
-630
-594
-526
-330
-147
-168
-214
-88
101
254
417
470
283
179
361
540
436
190
-17
-99
-19
74
-26
-229
-260
-146
-75
-37
34
80
101
216
386
446
454
523
593
555
498
494
453
336
243
201
89
-83
-205
-236
-255
-324
-427
-511
-530
-502
-464
-492
-566
-598
-536
-454
-416
-380
-351
-350
-298
-161
-86
-119
-122
-59
3
59
117
153
188
268
351
387
442
579
671
632
613
661
672
642
593
450
275
194
174
83
-112
-293
-365
-351
-353
-426
-551
-597
-485
-319
-273
-355
-375
-213
14
60
-92
-214
-151
-15
27
-55
-226
-343
-261
-94
-112
-317
-444
-378
-190
-5
56
15
27
222
508
683
696
688
730
842
980
1008
883
677
511
431
368
198
-95
-397
-534
-534
-574
-737
-915
-940
-806
-658
-650
-695
-625
-385
-122
-8
-27
-6
202
453
500
329
207
292
421
385
159
-87
-166
-82
-67
-275
-539
-595
-434
-275
-260
-366
-388
-195
135
326
289
250
414
699
874
858
719
665
762
867
809
615
435
376
378
316
170
-2
-151
-266
-359
-452
-548
-687
-859
-993
-1039
-1037
-1021
-1024
-1048
-997
-845
-655
-498
-340
-167
-15
125
321
571
736
783
791
815
856
937
981
842
530
286
305
400
276
-75
-421
-536
-390
-189
-240
-551
-737
-546
-166
40
-12
-133
-125
124
471
634
518
359
371
511
597
553
361
109
-12
8
-32
-253
-478
-573
-566
-574
-615
-657
-623
-496
-378
-353
-330
-171
58
186
171
168
257
419
527
487
304
178
230
338
317
167
-6
-103
-52
68
63
-113
-230
-191
-118
-96
-85
-119
-221
-276
-153
16
3
-135
-212
-141
42
180
74
-202
-256
36
310
246
-19
-179
-105
204
477
413
83
-50
178
496
627
493
202
6
111
330
304
20
-235
-314
-262
-196
-219
-340
-406
-352
-303
-341
-333
-232
-188
-234
-271
-274
-214
-57
51
-49
-197
-175
-39
49
61
-25
-180
-206
-19
147
107
-13
-79
-21
147
319
326
202
148
262
446
541
513
392
311
368
460
421
285
150
66
36
-19
-160
-324
-347
-274
-281
-427
-552
-474
-246
-119
-230
-419
-406
-131
132
127
-84
-178
8
287
343
184
54
76
194
276
211
47
-53
-56
-81
-136
-143
-149
-224
-267
-215
-162
-116
-31
41
56
100
202
320
411
477
510
491
449
428
450
464
382
194
12
-80
-101
-148
-303
-539
-705
-737
-716
-743
-816
-874
-858
-728
-545
-406
-338
-233
-60
117
273
414
503
550
634
735
750
711
689
652
547
466
447
374
236
95
-8
-50
-53
-115
-300
-439
-380
-232
-211
-296
-374
-339
-128
102
154
34
-9
108
269
335
291
154
36
80
220
246
128
30
-16
-54
-76
-83
-177
-317
-404
-466
-542
-572
-545
-517
-548
-596
-588
-454
-210
-33
-9
-21
85
334
612
728
649
519
551
726
830
728
506
304
226
273
281
107
-155
-315
-328
-284
-295
-410
-529
-544
-482
-437
-410
-365
-319
-252
-126
4
71
150
271
317
271
254
259
193
75
-35
-123
-175
-186
-180
-243
-306
-218
-81
-36
-17
45
100
171
274
325
293
290
383
433
351
228
205
209
160
72
-30
-150
-248
-267
-253
-294
-359
-369
-350
-305
-231
-142
-60
46
127
165
212
340
437
407
346
320
283
242
226
130
-35
-163
-195
-252
-352
-463
-576
-618
-543
-458
-500
-555
-451
-240
-114
-103
-83
34
213
368
416
349
324
486
647
600
449
374
384
410
405
319
158
52
78
172
182
84
-36
-81
-47
-12
-60
-196
-328
-356
-271
-223
-288
-401
-383
-241
-137
-186
-293
-310
-200
-62
-12
-74
-122
-24
169
322
341
276
221
236
281
266
197
131
49
-60
-112
-100
-96
-116
-199
-338
-427
-386
-301
-299
-358
-395
-390
-320
-154
-4
16
-35
-1
127
312
437
385
251
283
503
637
553
376
311
405
550
550
330
62
13
134
136
-59
-313
-480
-518
-478
-479
-574
-693
-731
-658
-548
-432
-311
-243
-221
-117
114
325
404
403
408
488
633
755
699
523
422
473
534
441
195
-47
-135
-117
-152
-352
-606
-684
-581
-522
-597
-684
-646
-433
-167
-57
-75
-9
230
475
581
565
522
524
549
546
448
312
186
42
-99
-170
-177
-244
-365
-459
-484
-445
-355
-312
-366
-409
-318
-139
-16
9
21
101
229
339
341
284
272
300
273
183
122
129
159
147
73
-18
-38
40
78
17
-90
-154
-98
33
96
-1
-170
-212
-79
49
15
-148
-271
-253
-117
-32
-88
-225
-287
-203
-84
-41
-66
-80
-69
-17
79
178
220
220
233
291
392
472
447
324
235
244
279
217
47
-105
-172
-211
-270
-346
-436
-514
-512
-484
-474
-462
-403
-289
-210
-185
-136
-11
117
209
240
256
309
385
424
408
373
359
362
346
275
175
116
105
55
-68
-192
-231
-188
-153
-177
-236
-272
-205
-62
34
30
5
28
101
196
267
276
239
193
167
172
182
117
-13
-165
-226
-192
-169
-242
-374
-448
-401
-280
-213
-235
-294
-270
-156
-73
-89
-88
5
107
125
93
104
171
230
215
125
33
52
149
191
97
-18
-26
54
116
110
60
27
44
95
120
107
128
175
179
150
153
187
181
114
20
-26
-10
-6
-99
-237
-325
-324
-300
-349
-441
-516
-497
-427
-368
-314
-238
-177
-111
4
123
197
233
261
330
411
430
394
377
402
432
433
363
272
243
233
175
94
18
-24
-41
-70
-158
-246
-241
-180
-177
-253
-300
-260
-187
-142
-140
-148
-133
-69
-25
-58
-90
-16
100
134
98
75
117
228
314
268
120
21
67
158
127
-35
-200
-266
-193
-94
-118
-273
-349
-255
-115
-82
-129
-156
-117
-26
56
70
54
97
177
238
260
268
274
286
304
326
301
231
168
129
78
-16
-128
-212
-264
-329
-415
-508
-559
-514
-450
-423
-431
-400
-284
-104
55
126
125
164
291
435
516
503
432
389
445
519
516
403
275
225
231
188
78
-52
-155
-190
-225
-317
-408
-419
-379
-338
-326
-331
-298
-239
-189
-155
-107
-56
-6
15
10
-9
17
87
116
56
-59
-121
-85
-17
-38
-135
-240
-213
-55
66
52
11
38
161
291
319
297
323
380
418
406
359
315
303
284
183
31
-60
-43
-47
-135
-257
-316
-283
-221
-248
-344
-384
-303
-181
-147
-184
-176
-92
4
44
34
11
29
104
148
98
29
29
82
119
80
-1
-61
-45
-9
-3
-34
-74
-73
-29
32
76
86
86
108
167
202
195
216
269
272
209
145
132
156
168
116
-2
-103
-129
-106
-125
-194
-305
-376
-364
-317
-303
-363
-428
-443
-400
-325
-256
-216
-214
-218
-146
22
166
208
198
213
296
413
488
467
383
361
426
487
459
367
305
292
281
213
101
2
-36
-59
-117
-193
-231
-235
-239
-251
-275
-304
-299
-258
-208
-171
-155
-128
-79
-19
68
147
146
95
75
103
127
108
66
4
-55
-81
-63
-54
-90
-174
-243
-242
-209
-175
-155
-171
-200
-119
56
169
152
150
218
304
351
357
330
311
318
314
304
278
225
109
-10
-59
-52
-98
-220
-351
-408
-374
-317
-324
-398
-439
-386
-301
-274
-270
-250
-214
-126
-14
43
74
135
194
201
228
301
310
254
200
182
203
230
211
84
-22
16
105
116
50
0
-31
-18
5
0
-18
-58
-77
-82
-65
-43
-36
-41
-45
-34
-1
60
79
40
-5
-21
17
48
4
-76
-102
-63
-34
-45
-69
-66
-59
-62
-87
-130
-124
-53
-1
-44
-101
-91
-10
65
85
45
-5
19
88
132
126
104
90
104
165
193
174
126
94
86
103
106
66
1
-42
-62
-62
-59
-86
-111
-133
-157
-181
-166
-147
-130
-109
-91
-92
-79
-29
32
65
53
30
51
108
137
107
51
36
59
73
39
-3
-28
-19
-14
-31
-63
-62
-38
-14
18
13
-5
-1
16
45
84
96
81
60
76
129
159
135
61
21
33
47
2
-67
-88
-75
-68
-90
-109
-98
-51
-28
-55
-99
-108
-35
27
-14
-88
-82
1
69
74
27
-20
0
65
65
-2
-44
-42
-23
5
-18
-76
-93
-53
-24
-49
-81
-95
-90
-69
-46
-39
-50
-57
-22
28
42
34
36
60
96
118
130
137
136
146
145
143
153
139
88
32
26
57
70
8
-95
-126
-67
-9
-17
-91
-147
-92
13
36
-53
-111
-64
1
24
1
-76
-133
-99
-39
-37
-97
-148
-150
-111
-71
-48
-41
-33
-44
-19
39
87
131
142
117
108
145
171
163
120
86
65
58
57
44
10
-24
-29
-46
-85
-142
-169
-158
-145
-162
-189
-185
-130
-46
-5
5
8
45
111
167
180
167
154
175
194
152
86
51
55
23
-45
-91
-113
-106
-97
-123
-168
-179
-152
-114
-80
-65
-83
-77
-34
41
93
79
47
53
89
107
73
7
-12
11
46
52
12
-29
-30
-1
18
-7
-50
-64
-29
6
23
27
51
83
88
73
66
96
124
82
11
27
98
109
59
2
-5
30
30
-11
-44
-37
8
63
25
-51
-47
36
100
75
0
-57
-37
2
-14
-78
-134
-115
-60
-55
-77
-89
-80
-56
-32
-41
-62
-61
-40
-31
-45
-24
15
37
27
23
43
75
108
121
117
115
114
138
135
125
110
72
45
21
-2
-39
-64
-63
-59
-84
-121
-116
-92
-68
-58
-83
-132
-124
-61
-46
-87
-108
-90
-61
-20
-14
-42
-25
41
75
66
43
37
47
51
39
10
-23
-37
-20
-3
-10
-20
-12
-16
2
42
54
27
11
20
29
35
29
26
21
27
13
20
47
79
68
14
-36
-58
-18
15
-6
-69
-133
-143
-103
-67
-77
-124
-174
-180
-149
-126
-134
-163
-176
-162
-102
-30
7
13
38
95
149
190
206
242
272
270
253
256
274
284
265
204
159
136
129
117
65
-2
-52
-63
-65
-78
-113
-171
-209
-182
-141
-168
-215
-244
-196
-113
-83
-109
-111
-67
0
61
94
85
87
146
202
193
153
145
167
193
166
78
18
13
13
-19
-58
-94
-108
-116
-120
-132
-159
-190
-194
-171
-132
-85
-65
-68
-53
-2
82
129
105
67
70
118
176
161
113
96
128
179
157
76
8
-9
-7
-22
-99
-192
-237
-210
-194
-200
-205
-213
-211
-184
-126
-56
-1
13
47
143
258
304
274
239
267
329
346
275
174
137
154
144
78
2
-66
-92
-98
-138
-216
-255
-235
-220
-242
-268
-274
-231
-168
-147
-173
-182
-144
-76
-23
-23
-25
25
82
103
104
98
109
134
158
123
76
57
31
21
-14
-50
-52
-27
-48
-75
-66
-16
30
51
28
6
17
48
54
42
31
12
44
75
90
79
79
68
72
51
14
-4
-8
-28
-78
-112
-106
-70
-65
-83
-99
-74
-21
1
-3
21
51
60
68
79
82
98
105
66
12
9
36
25
-21
-73
-103
-96
-69
-62
-94
-104
-87
-50
-49
-66
-64
-43
-3
41
81
95
113
122
128
136