0
0
0
-1
1
-1
1
0
-1
-1
0
1
0
-1
0
1
0
0
0
0
2
0
0
1
0
0
-1
0
0
1
-1
0
1
-1
0
1
1
1
0
-1
0
1
0
-1
-1
0
1
-1
0
0
-1
1
0
1
0
-1
-2
0
1
0
-1
-1
-1
1
1
0
1
-1
0
0
0
-1
-1
-1
0
0
1
1
1
2
2
2
0
2
-1
0
0
-1
-1
-1
-1
1
1
0
0
0
1
1
0
0
0
1
0
0
-1
0
-1
0
0
0
1
1
1
0
0
0
-1
-1
1
0
-1
0
0
-1
0
0
2
1
-1
0
0
0
0
0
-1
0
0
1
1
0
0
0
0
1
0
-1
0
0
0
1
0
-1
-1
1
0
0
0
-2
-1
-1
0
0
-1
-1
0
1
0
1
0
1
1
0
0
1
0
0
0
-1
-1
-1
-1
-1
-1
0
0
1
0
1
0
0
0
0
0
-1
-1
0
-1
0
-1
-1
-1
0
-1
0
0
-1
1
1
0
1
1
0
1
1
0
0
0
-1
0
0
0
-1
-1
0
1
2
2
1
-1
1
1
0
1
-1
-1
-1
0
-2
-1
-1
-1
0
-1
-2
0
1
0
1
1
0
0
0
0
-1
-1
0
0
-1
-2
-1
1
1
0
-1
-1
1
1
0
1
0
1
1
0
-1
0
-1
-1
-2
0
0
0
0
1
1
2
1
-1
0
0
0
1
1
0
0
-1
1
1
0
-1
0
1
1
-2
0
2
1
1
-1
-1
-2
0
0
-3
-3
1
1
1
0
-1
0
3
1
0
-1
0
1
1
0
-2
1
2
2
1
-1
0
2
0
-2
-2
1
2
1
-1
-1
0
1
2
-1
-3
-1
-1
-1
-1
-2
-1
1
0
-1
1
2
3
2
2
1
0
3
2
0
0
0
-1
0
0
0
0
0
-2
0
0
-1
0
-3
-1
0
1
-1
-1
0
-1
-2
-3
0
-1
-1
-2
0
1
0
0
-2
1
0
1
1
0
0
0
-1
1
1
0
0
0
0
1
1
0
1
0
1
1
2
0
0
-1
0
1
-2
-1
-1
-1
0
2
-2
0
1
-1
1
1
-2
0
1
-1
0
-3
-1
1
2
1
-1
-4
2
2
1
0
0
2
2
1
2
4
5
6
5
2
4
6
9
12
6
5
7
13
7
4
1
1
7
4
0
0
5
4
11
2
0
-1
4
7
8
1
-3
9
9
7
1
3
2
11
16
10
4
16
15
4
2
-10
-16
-19
-20
-25
-35
-40
-30
-20
-14
-4
-14
-25
-30
-28
-19
-24
-17
7
3
-6
8
20
8
-21
-23
-4
2
-3
11
8
-5
-7
-2
-5
-35
-34
-41
-43
-29
-3
-8
0
17
13
39
64
77
65
81
102
107
107
120
122
105
95
84
78
63
51
-1
-72
-109
-89
-92
-130
-149
-136
-112
-122
-100
-85
-110
-98
-16
-6
-30
-14
52
39
-40
3
89
74
5
26
16
-20
-15
5
40
38
29
0
-27
-63
-25
2
-46
-46
11
76
46
40
74
74
64
135
183
152
97
64
61
73
83
36
19
-2
17
-17
-50
-89
-123
-67
-53
-93
-136
-108
-101
-121
-89
-69
-83
-110
-97
-45
-20
-14
-45
-28
-36
-20
-39
10
116
97
92
66
84
112
177
114
65
100
157
172
67
19
40
74
4
-66
-93
-53
2
-39
-134
-173
-139
-113
-132
-174
-94
-14
7
-33
-79
-123
-96
-54
-74
-70
-59
-39
-53
-40
-24
8
34
17
-12
-73
-52
27
55
18
25
136
153
134
111
109
74
116
205
228
194
64
55
44
63
64
30
2
-35
-68
-98
-105
-122
-58
-6
-45
-8
30
14
-2
-24
-43
-23
85
120
28
-39
34
82
57
-10
-50
-1
23
-29
-25
-58
-126
-115
-133
-196
-234
-169
-98
-98
-112
-63
36
84
58
76
77
71
85
30
-31
18
154
213
190
153
129
180
196
233
166
50
51
170
225
88
-11
-28
-3
3
48
30
2
-18
-37
-58
-66
-101
-181
-192
-181
-58
0
33
42
37
-69
-109
-81
-223
-357
-420
-289
-221
-128
-110
-107
-78
-65
-26
-98
-157
-144
15
6
-26
-10
100
154
97
76
148
216
230
230
148
86
100
75
-66
-105
-70
-17
-18
68
160
250
257
101
-25
-26
69
120
193
151
120
64
99
117
152
117
57
97
179
311
241
238
70
-9
-33
21
-31
-127
-55
106
239
-126
-262
-117
285
239
-39
-378
-63
569
454
-234
-842
-254
274
569
-357
-584
-845
45
-1168
-4734
-5367
-75
3785
-594
-6613
-8334
-1640
6435
5803
-4664
-9407
-2553
7140
8400
223
-7197
-4271
4791
9365
6290
-178
-1297
3961
7665
6624
4884
4052
3087
2227
-481
-976
2401
4137
-1264
-7910
-8896
-3128
3628
1766
-7680
-12458
-6181
2262
4246
-1151
-7484
-6783
120
5396
4604
912
-1322
849
4200
5475
4976
3717
2181
1535
2500
2643
2878
938
-1148
-3531
-2889
-3005
-5370
-6686
-4030
-2213
-6609
-10004
-10313
-4482
1006
-721
-9349
-9666
-264
8989
8767
509
-4338
2831
13581
16520
11307
3822
5455
13716
17512
9357
-1983
-4325
6313
12837
2378
-10878
-15523
-7828
4336
2786
-15705
-22630
-10649
334
1173
-7084
-16826
-12932
928
6918
2567
-3548
-3758
4533
10442
8146
6009
6631
7425
9399
8983
6176
5859
6507
4251
1472
-1108
-1198
653
-1431
-6676
-8339
-8805
-9876
-9161
-8193
-9251
-10191
-10437
-10260
-7303
-2980
-1591
-3547
-3346
1104
6256
8891
7859
5557
6484
11458
14955
13932
10892
9148
10855
12756
13184
6686
-4333
-6663
5511
10075
-3098
-17543
-21455
-11285
3588
457
-20986
-27864
-13105
1520
4251
-6475
-18938
-13533
4485
12644
6711
-1485
-1105
8585
14728
12707
10025
9123
9352
11230
10213
7281
6793
6458
3142
-575
-3875
-3248
-1171
-4827
-10394
-12967
-14402
-14405
-9961
-8361
-11454
-14782
-15080
-9965
-2268
1347
-1954
-5304
-1860
7999
13620
11093
6680
6516
11144
17919
18013
13043
9921
11307
12954
15172
12106
-118
-9060
-2427
9513
4507
-12874
-25327
-21410
-4865
4720
-10583
-30554
-26145
-6075
5744
1575
-13976
-20790
-6286
12679
14350
3402
-2866
3637
14795
17999
14397
9993
8755
11690
13493
9924
6443
6078
4692
1655
-2794
-5746
-4003
-3155
-9444
-16430
-18693
-15982
-9849
-7557
-14842
-22014
-17714
-5646
1849
-1483
-8142
-6532
4159
14364
14333
6340
3837
11839
19965
19736
14452
10334
12156
16180
15737
12018
10946
6768
-3498
-8279
-429
5734
-3073
-19403
-27877
-19120
-1552
905
-18156
-32390
-22212
-1930
7432
-1969
-17285
-17275
917
16125
13286
2315
-27
8917
17138
18266
14679
10861
11004
13418
11951
8140
7165
6548
3360
-1539
-6036
-6245
-3031
-6583
-15474
-20224
-17873
-13234
-10445
-14161
-20889
-19517
-10289
-2140
-2650
-7399
-6882
2222
10903
12453
8262
5731
10876
19412
20051
15036
12337
14321
16620
16405
12733
10989
13763
8080
-7227
-12214
2321
9928
-4816
-25587
-31303
-15302
4297
2086
-21392
-32499
-16648
4216
9482
-4238
-19297
-15967
5176
18696
11534
-1803
-2027
9608
17024
17036
12335
7224
7420
12215
11779
7150
5554
4123
1337
-1441
-4127
-4624
-3498
-6483
-12273
-14576
-15111
-14061
-10336
-9500
-13676
-16772
-13498
-5885
215
-805
-4977
-3926
3511
11638
12704
6686
3099
8578
16194
17294
12120
7812
9048
13766
14218
10635
7250
8168
9520
528
-13198
-9776
8289
7280
-14091
-30165
-25309
-4435
10625
-2635
-28398
-28248
-3584
12454
8132
-10111
-20469
-8527
14547
20217
6060
-5742
-441
12786
16533
13636
7922
3799
5931
11035
8604
4449
5166
2832
-1634
-3674
-3672
-2784
-1660
-7076
-13148
-12293
-8348
-7320
-10119
-14154
-12863
-6199
-4275
-7358
-8866
-4496
3270
6293
931
-2042
4451
12350
13499
7557
1161
3985
13257
16338
9274
1634
1858
8606
12365
7324
782
-479
4527
5859
-4572
-15216
-7813
6643
1637
-16060
-25294
-15706
3850
10996
-8446
-28030
-17381
7501
17137
5463
-12404
-15627
2518
21458
17782
768
-6125
4176
14344
14603
9689
3882
1194
5170
8978
4746
1153
1031
-1318
-4555
-5011
-4393
-3461
-5351
-11931
-13357
-7997
-5935
-8842
-10506
-10684
-7358
-2863
-3929
-5982
-2428
2582
4006
3053
1290
3772
9103
9794
6833
4698
4819
7780
10894
7524
2467
2396
4757
6650
5991
2590
-1416
-2184
2697
6281
-2647
-15571
-10097
3855
3346
-7583
-16326
-15641
-1947
11378
1714
-16192
-14656
1425
12435
8508
-3390
-10810
-2194
12631
15225
3412
-4417
1960
8457
9521
7940
3740
-685
2654
6542
3144
217
-267
-1639
-3242
-3319
-3912
-3439
-4244
-8749
-12069
-9729
-3958
-1042
-5564
-12809
-11752
-1904
5705
2731
-6236
-8655
1028
10934
9453
610
-3758
1078
9873
12359
5038
-1105
2153
8488
8344
4166
2242
4555
6519
4481
939
2702
6273
693
-9332
-8177
3624
6659
-3728
-16100
-15858
-1959
9855
2405
-15390
-17786
-2294
11061
7042
-6859
-13593
-5060
9855
12623
1949
-5726
294
8303
10056
7824
3695
1136
3554
7007
4920
2423
1802
654
-1449
-2214
-1680
-2088
-4226
-8102
-9583
-8022
-5805
-5438
-7586
-10122
-9356
-4340
-1196
-2287
-3989
-3256
-40
3179
4073
1642
1051
3207
5790
6064
4813
4336
5299
6351
6007
5231
4734
5242
6280
5387
4399
4304
5251
5942
465
-9138
-7058
8094
9641
-7501
-20352
-15053
1433
12203
1848
-20280
-22658
-1173
15639
9162
-10627
-19077
-7967
11523
16858
3853
-10020
-5279
9156
13763
9969
4282
-291
852
8413
9529
4057
1249
359
-1290
-1547
-113
-705
-3337
-8151
-11045
-9338
-6302
-5034
-6806
-11162
-13647
-8699
-1744
-297
-3733
-7421
-5467
1686
6858
3857
-1003
-1134
3805
9253
9173
4876
2443
5507
8587
8766
5977
4436
5959
7594
6226
4643
5249
6744
6204
-2113
-9979
-3587
9914
6147
-11326
-21169
-13425
4453
11801
-4339
-24522
-19000
3785
15038
4578
-13660
-18060
-3591
14811
15633
288
-10232
-1077
12477
14201
9247
3627
-53
3718
11279
9048
1742
276
1173
-400
-1934
-1871
-2499
-5139
-9785
-12368
-9738
-6118
-6037
-10221
-14530
-12731
-4462
480
-3608
-8808
-7018
1199
6961
4393
-1616
-1856
4467
9981
9885
4310
1672
6096
10926
9402
5123
3169
4901
8555
8594
3793
1757
4536
7162
5166
-3297
-10182
-4047
8178
4526
-11526
-20164
-11262
4789
8771
-6234
-21199
-14472
4138
13260
3358
-12385
-14631
-160
14355
12544
-633
-7967
940
11902
12474
7243
2585
621
4582
9801
6686
855
-14
383
-1471
-2593
-2588
-2941
-5412
-9527
-11199
-8984
-6223
-5881
-8217
-12197
-11315
-4599
509
-1523
-6301
-6295
-301
6255
6111
1160
-1896
1729
8370
10455
5950
1459
3341
7690
8878
6062
3340
3610
5944
6874
4918
3394
3549
4614
5723
1863
-6812
-7742
3218
8007
-3017
-15040
-15311
-3421
8005
4832
-11702
-19190
-6562
9776
10976
-4143
-15019
-9962
5859
14294
7369
-5887
-7002
5126
12219
9611
3933
440
642
5905
8215
3876
-215
-1192
-1120
-1691
-1952
-2043
-3584
-7792
-10665
-8044
-4587
-5471
-8747
-10847
-9275
-4814
-1128
-2795
-6227
-5089
579
4430
2393
-444
-71
3553
5880
6297
4537
3161
4643
6987
6668
4774
4972
5825
5827
5398
4812
4872
5790
6333
5230
596
-5472
-3883
5638
7557
-4142
-15144
-13112
-113
9142
1850
-14602
-17975
-3459
10280
7852
-7261
-15718
-8280
6639
12051
3937
-6960
-5828
5133
10640
8040
3345
532
1023
5940
8053
4379
373
-868
-638
-365
-260
-1363
-4510
-8490
-7993
-4196
-4558
-9173
-10403
-7503
-4798
-4632
-6204
-6397
-3737
-340
313
-1148
-2021
505
3669
3561
1971
2451
5145
6193
5403
4159
4921
6634
6884
5434
4399
5525
6563
6649
5555
4701
5419
4069
-2166
-4709
2622
7723
-570
-12275
-13688
-3001
7151
3439
-11342
-18130
-7204
7387
8511
-5626
-15753
-10348
4133
10969
4607
-6341
-6896
3804
10334
8147
3200
699
1645
6494
8188
4200
624
496
1054
320
-452
-1397
-3806
-6856
-6422
-4223
-5477
-9043
-9418
-6788
-4671
-5063
-6605
-6653
-3934
-535
18
-2185
-3157
-269
3029
3619
1916
1462
4127
6794
6289
4323
4629
6370
7462
6663
5213
5100
6404
7609
6760
4616
4656
5005
145
-3746
1072
6245
-6
-10127
-12742
-5280
3837
2925
-9193
-17311
-9501
3914
6905
-4317
-14129
-11181
1108
9049
5226
-4371
-6260
2407
8828
8163
4846
2297
1704
5286
7943
5361
1973
1340
1119
-30
-690
-1122
-2726
-5512
-6385
-5723
-6251
-8364
-8017
-6292
-5933
-7134
-7371
-5223
-2344
-1218
-2838
-3373
-1723
1435
3180
2303
742
2238
6413
7454
5530
4231
5630
7349
7948
7018
5616
5944
6945
7347
6332
5549
6048
3803
-2344
-3755
3527
6574
-2342
-12810
-13203
-2893
5720
708
-13550
-17869
-6468
6276
5444
-7561
-15371
-8895
4416
9431
2899
-6065
-4856
4475
9573
7801
3911
1433
2417
6747
8081
4875
1909
875
622
226
-93
-1192
-4031
-6698
-6029
-3905
-6349
-10485
-9663
-4528
-3337
-7631
-10290
-6663
-249
1663
-2140
-6599
-3948
3962
7618
2724
-2501
384
7580
10351
6311
2061
2845
7907
10382
7450
3640
4205
7226
8475
6768
4396
4196
2935
-1114
-2605
2551
4722
-2643
-11958
-11476
-1383
4950
-1480
-13397
-14953
-4372
5841
3241
-8765
-14039
-5817
5834
7508
-125
-6353
-2636
5863
9045
5718
1510
917
4257
7770
6600
2720
859
1438
1597
442
-823
-1514
-3076
-5999
-6275
-4115
-4519
-7743
-8433
-6802
-5035
-4084
-4810
-5954
-4595
-1286
-97
-1087
-2175
-755
1758
3125
2943
2183
2389
4157
6017
5392
4663
5304
5776
5983
6934
6939
5418
5742
7221
7879
5691
336
-2931
1589
7741
3361
-7904
-13216
-5581
5222
4198
-8867
-17226
-10158
2458
6030
-4313
-15378
-13064
365
8393
2732
-7367
-7841
2095
9146
7271
1875
-630
2253
8190
9422
4243
873
2585
4470
3309
994
-222
-160
-1257
-4411
-5837
-4345
-3057
-5075
-9071
-10582
-6205
-1017
-3083
-9038
-9747
-3493
1886
1023
-4425
-6693
-1818
5070
6084
603
-2378
2043
8307
8464
4700
3047
5297
8846
9966
7640
5183
6462
8924
9044
7035
2889
-1354
-2
5775
5256
-3906
-11476
-9207
-144
3456
-4157
-14226
-14007
-4724
2832
-437
-11069
-14870
-6531
3962
4722
-2271
-7136
-2470
5824
8586
5543
1931
1797
5917
9840
7862
3654
2928
4483
4725
3204
1148
164
-135
-1676
-4046
-5835
-6748
-5981
-5273
-7469
-10765
-10105
-5939
-3359
-5106
-8379
-7815
-2951
1187
171
-3459
-4003
748
6059
6380
2805
1530
4903
9127
9910
7445
5599
7188
9955
10141
7958
6426
6971
8281
7479
1460
-3875
-973
5814
3337
-7905
-14854
-9653
748
2262
-7781
-17340
-14323
-2792
4079
-2076
-12913
-13993
-3344
6482
5819
-1936
-5454
395
7900
9969
7517
4232
3063
6423
10056
8810
5051
3372
3416
2972
1945
890
-6
-2211
-4624
-5707
-7240
-8755
-7541
-5971
-8968
-12803
-11730
-6369
-3125
-5173
-8474
-7896
-2870
2495
3176
-1741
-3894
1999
8965
8836
4425
2897
6179
10673
11628
8528
5518
6897
10037
10375
7386
5237
5214
6307
5645
-270
-5723
-3289
3449
709
-9693
-15580
-10009
-513
748
-8365
-17082
-13083
-1474
4663
-2097
-11302
-10933
-729
8194
7464
264
-3401
2005
9281
11583
8699
4313
2561
6021
9930
8310
3796
1390
1029
781
594
-38
-2313
-5554
-6907
-6030
-6775
-9563
-9764
-7685
-7801
-9659
-9971
-8196
-4583
-1794
-3293
-6174
-3774
2926
6346
3162
-903
1123
7268
10721
8459
4233
3364
7723
11399
9391
4812
3925
6319
8087
6876
3844
2132
2690
4227
1124
-5667
-7717
-891
3113
-4071
-13514
-13495
-4014
2960
-881
-11355
-14381
-5528
5285
5179
-5106
-11062
-4520
6818
10406
4642
-2379
-1331
6176
11098
9386
4370
762
2108
6605
7643
3726
-211
-1452
-980
-128
-415
-2367
-5348
-7261
-6610
-4644
-5639
-8549
-9101
-7363
-5717
-5120
-5743
-6671
-4372
-620
357
-1322
-1238
1886
4948
4979
2854
2666
4918
7535
7410
4809
3088
5082
7486
6716
4295
3092
3645
5118
5461
3380
1272
1800
2952
-961
-6399
-5077
2099
2542
-6061
-13042
-9610
534
4766
-2627
-12518
-11083
-124
7463
2537
-7653
-9873
-867
8622
8414
508
-4140
494
7414
9059
5646
1447
-305
2750
6380
4959
700
-1046
-540
-385
-567
-1150
-2557
-4615
-5386
-4452
-3845
-5216
-6658
-6255
-5486
-4785
-4221
-4673
-5446
-3179
-101
-410
-1946
-734
2281
3809
3377
2076
2317
4166
6038
5603
3156
2621
5342
6947
5107
3354
3575
4509
5519
5049
2903
1648
3375
3779
-1870
-6762
-3045
4310
1986
-7920
-13511
-7835
2359
4340
-4920
-14065
-10251
1798
7864
324
-9823
-9384
1024
8916
6901
-816
-4127
1120
8020
9359
5190
456
124
4353
6777
4290
934
-274
-627
-193
205
-770
-2864
-4362
-4646
-4232
-3949
-4960
-6406
-6822
-5890
-4796
-4736
-5525
-5598
-3128
-610
-944
-2145
-721
2713
4521
3423
1628
2771
5616
6912
5598
3494
3472
6060
7802
5886
3434
3118
4693
5745
4360
1947
986
2655
1870
-3463
-7077
-2739
2963
-791
-10167
-13851
-6327
2906
2365
-7678
-13718
-7367
4111
7649
-843
-9365
-6732
4120
10476
6958
-953
-2990
3026
9311
9640
4935
-34
-130
4584
7028
3830
-439
-2193
-1973
-728
-241
-1765
-4448
-6032
-5462
-4007
-4008
-5751
-7118
-7050
-5744
-4085
-3823
-5185
-5293
-1982
1131
678
-750
711
3989
5568
4636
3068
3447
5606
7203
6004
3206
2782
5576
7236
4989
2128
1664
3201
4373
3332
704
-560
1014
149
-4755
-6691
-1473
2132
-3307
-11247
-11449
-2608
4054
321
-8935
-10967
-2734
6905
6687
-2945
-8595
-2609
7487
10093
4340
-2280
-1516
5053
9325
7346
2204
-1100
812
5102
5307
1283
-2108
-2880
-1953
-734
-1180
-3331
-5377
-5980
-4767
-3464
-4277
-5946
-6550
-6276
-5351
-3295
-2693
-4269
-4617
-1395
1707
1823
1141
1792
3292
4668
5699
4991
3713
4162
5948
5733
3810
3376
4726
5008
3770
2548
1821
2207
3072
2686
502
-208
217
-2569
-6117
-4101
1291
38
-7405
-11905
-6983
2014
3788
-3785
-10504
-6936
2818
8430
3039
-5996
-6559
2614
10022
8269
920
-2998
1081
7558
9145
4982
-138
-1295
2563
5563
3173
-1232
-3309
-2990
-1640
-1175
-2814
-5118
-6115
-5667
-4382
-4265
-5671
-6382
-5918
-5703
-4938
-3038
-2559
-3408
-2458
313
1876
2342
3096
3721
3801
4544
5873
5940
4796
4375
4746
4420
4142
4450
3932
2516
2179
2089
1566
1399
1563
639
-348
10
-2061
-5991
-5568
246
1520
-4936
-10916
-8738
-28
5030
410
-7986
-8288
297
8379
6804
-1961
-6506
-846
8060
10204
4349
-1917
-1155
4739
8393
6744
1887
-1995
-877
3170
3866
124
-3354
-4518
-3653
-2155
-2141
-4068
-6065
-6465
-5338
-3788
-4164
-5915
-6170
-4606
-3133
-2580
-2593
-2955
-1225
1995
3051
1622
1680
4147
5946
5510
3819
3391
4350
5430
4956
2753
1191
2442
4199
2954
771
162
830
1432
1592
575
-530
-41
-1712
-5436
-4984
1055
2326
-4450
-10355
-7477
1328
5613
624
-7227
-7283
943
8753
6618
-2551
-6413
-16
7790
8701
3472
-1612
-1149
3685
7053
5817
1589
-1890
-1029
1931
2429
226
-2311
-4551
-4694
-2288
-1195
-3280
-5927
-6369
-4782
-3024
-3242
-4761
-5676
-4844
-2781
-1293
-1644
-2526
-1414
1144
2896
2640
2121
2713
4130
4991
4497
3359
3028
3739
4068
3202
1961
1716
2416
2693
2066
1075
634
1035
1791
1484
878
172
-2949
-5545
-2645
2800
1129
-6216
-10190
-5121
3323
4841
-1888
-7922
-5340
2777
8223
3809
-4572
-5492
2254
8182
6725
1398
-1806
270
4636
6617
4364
362
-1368
683
2561
1425
-635
-2156
-3435
-3476
-2369
-2011
-3448
-5317
-5851
-4446
-3347
-4223
-5330
-5256
-4100
-2603
-1853
-2961
-3099
-88
2603
2079
927
1932
3739
5112
4974
3207
1846
3112
5291
4842
2183
903
2225
3369
3017
2127
1253
616
1535
2500
2024
541
-2343
-4912
-2869
2321
1467
-5528
-9871
-5541
2137
3834
-2073
-7536
-5262
1997
6951
3285
-4271
-5308
2062
7830
6325
1163
-1639
787
5339
6684
3702
235
-411
1832
3102
1456
-932
-2044
-2660
-2581
-2235
-2866
-3915
-4643
-5152
-4918
-4067
-4370
-5003
-4838
-4577
-3892
-2103
-1483
-2542
-1976
809
2717
2486
1903
2379
3707
4908
4885
3340
2032
2899
4633
4254
2428
1567
2004
2628
3009
2493
1313
1113
1903
2519
874
-2983
-4636
-898
2703
-869
-7814
-9404
-2968
3493
1933
-5348
-8484
-3462
4304
6623
341
-6416
-4361
4158
8539
5406
-145
-1744
1810
6418
7453
4014
-282
-547
2709
4074
1943
-617
-2500
-3498
-2344
-934
-2135
-4777
-5664
-4782
-3801
-4616
-6020
-5805
-4216
-3219
-3497
-4315
-3847
-752
1749
1069
-569
218
2976
5258
4851
2411
1179
3165
5738
5470
2686
1249
2341
4015
4386
3199
1290
647
2607
4033
3119
-346
-3923
-4224
543
3893
-926
-9085
-10276
-2248
4323
1631
-6145
-8972
-4152
3632
6163
9
-6483
-4176
3581
7120
4661
542
-621
2158
5988
6859
4073
1065
1357
3491
3611
1950
456
-1114
-2179
-1646
-1401
-2758
-4090
-4621
-4800
-4939
-5417
-6096
-5821
-4638
-4205
-5108
-5379
-3151
-411
137
-984
-1014
915
3693
4713
3080
1274
2377
5275
6166
4252
2440
2760
4136
5005
4330
2721
1904
2917
3386
2706
684
-2162
-3450
-730
2004
-998
-6914
-8748
-3592
1583
349
-5323
-7676
-4462
1396
4101
-49
-5609
-4256
2700
6607
4659
450
-954
1868
6293
7765
4881
831
593
3874
5546
3635
767
-1268
-1968
-1012
-137
-1366
-3932
-5575
-5406
-4570
-4773
-5475
-5527
-5500
-5789
-5004
-3704
-2980
-2042
-825
-810
-929
943
3391
3807
2612
2110
2939
4527
5841
5508
3470
2319
3829
5670
5099
3141
2268
2330
2999
2953
-400
-4327
-2772
2131
1252
-5386
-9647
-6235
197
1693
-3308
-8080
-6864
-751
4011
1637
-4399
-5409
68
4957
5189
2123
-3
1199
4411
6393
5847
3334
1563
2578
3975
3295
1809
779
-775
-1671
-1279
-1151
-2582
-3928
-4647
-5871
-6590
-5319
-3199
-3679
-6159
-7311
-4619
-865
615
-817
-2931
-2250
2232
5656
3481
83
512
3958
6154
5593
2892
1533
3151
5524
5436
2960
1489
2581
4374
3360
-773
-3997
-2205
2110
1613
-4568
-8905
-5723
212
1282
-3035
-6963
-6088
-921
3280
1428
-3528
-4398
-45
4109
4721
2480
501
963
3709
5849
5316
2754
1349
2192
3383
3279
1823
-260
-1621
-1214
-792
-1527
-2964
-4035
-4797
-5066
-5015
-4714
-4139
-4070
-4768
-4842
-2940
-596
111
-862
-1332
154
2648
3988
3163
1602
1700
3693
5227
4574
3070
2494
3018
3606
3662
2867
1944
1970
1081
-1670
-2982
-220
1624
-1568
-6597
-7220
-3057
405
-608
-4183
-5773
-3703
823
2714
-206
-3358
-1597
2187
3799
3196
2025
1424
2272
4119
4771
3661
2180
2237
2713
2406
1739
1230
-123
-1919
-2321
-1660
-1530
-3096
-5365
-6290
-4487
-2269
-2656
-5191
-6196
-3694
-255
473
-1499
-2412
-481
2545
3786
2772
1446
2280
4450
5311
4178
3360
3728
4244
3858
2881
2144
2300
2679
490
-3186
-3887
-576
573
-3124
-7705
-7867
-3884
-492
-1433
-5164
-6470
-3365
1195
2150
-406
-2308
-763
2479
4805
4406
2537
2019
3468
4797
4930
4143
2894
2333
2432
2208
1021
-81
-750
-1333
-2196
-3037
-3880
-4429
-3953
-3485
-4445
-5676
-4928
-2624
-1265
-2020
-3182
-2448
207
2589
2802
1258
791
2800
5325
5877
4291
2623
3069
5105
5735
4148
2240
1850
2444
1844
-456
-2129
-1469
-856
-2532
-5745
-6786
-4729
-2777
-3771
-5909
-6506
-4977
-2037
-426
-1530
-2873
-1275
1696
3418
3306
2991
3131
3776
4751
5518
4985
3981
4059
3904
2345
1056
1226
1020
-276
-2147
-3633
-3873
-2831
-2360
-3889
-6250
-6527
-3910
-1663
-2212
-3961
-3917
-1669
1298
2528
1486
521
1987
4864
6167
5187
3760
3847
4980
5740
5223
4147
2764
1253
333
651
1072
-56
-2775
-5406
-5526
-3745
-2806
-4201
-6161
-6979
-5475
-2851
-1643
-2932
-4134
-3227
-768
1185
1639
1349
945
1393
2968
4878
4922
3927
3296
3220
3322
3734
3424
1768
138
-615
-617
-533
-682
-1817
-3506
-4182
-3128
-2069
-2549
-3408
-3508
-2606
-1234
-214
-449
-661
473
2002
2737
2879
3206
3582
4310
4911
5001
3936
2551
2054
2806
3151
1707
-899
-2534
-1914
-784
-1059
-2823
-4593
-5189
-3748
-2286
-2900
-4651
-4911
-3564
-1790
-853
-1009
-1503
-1073
309
1659
1793
1175
1113
1720
2230
2111
1697
1322
1157
765
672
751
490
-200
-670
-785
-520
-212
-397
-833
-896
-378
432
707
466
547
1296
1823
1958
2061
2344
2588
2418
2328
2117
1245
139
309
771
151
-1309
-2361
-2583
-1964
-1214
-1463
-2497
-3149
-2489
-1388
-780
-950
-1265
-1509
-848
601
1476
920
133
284
1061
1824
1727
769
-48
16
139
-105
-654
-1428
-2087
-2117
-1786
-1692
-2158
-2663
-2359
-1357
-822
-787
-633
20
1097
1913
1961
1888
2737
3880
4235
3549
2917
3491
4741
4937
3698
1951
766
807
1750
1643
-577
-3320
-4015
-2531
-1418
-2278
-4121
-5018
-4411
-2679
-1768
-2666
-3810
-3087
-1282
-176
81
186
442
870
1677
2245
2194
2050
2273
2145
1546
1312
1445
842
-288
-678
-266
-441
-1352
-2068
-2270
-2084
-1718
-1714
-2232
-2043
-1084
-403
-412
25
1023
1921
2190
2190
2367
3037
3946
4096
3520
2572
1792
1566
2327
2451
770
-1584
-2510
-1789
-916
-1136
-2559
-4134
-4247
-2236
-568
-1270
-2727
-2594
-1333
301
1381
914
-404
-137
1492
2376
1798
941
693
794
878
587
-274
-1188
-1102
-740
-1363
-2480
-2686
-2135
-1629
-1715
-2244
-2370
-1290
314
1019
593
356
1557
3378
4037
3397
3004
3678
4740
5008
4092
2877
2135
2032
2071
1423
-187
-1950
-2927
-2920
-2688
-3340
-4468
-4792
-5106
-5363
-4149
-2264
-2169
-3311
-3707
-1879
1192
2634
1488
293
958
3188
4995
4032
1845
1558
2930
3377
2883
1676
545
-59
-47
-528
-1076
-1600
-2037
-2536
-2843
-2688
-2073
-1592
-1812
-1928
-1573
-538
597
1146
724
649
1636
2862
3345
3115
2798
2603
2557
2650
2679
2061
854
-41
-305
-234
-468
-1002
-1730
-2173
-2109
-1658
-1646
-2209
-2510
-2233
-1836
-1562
-1428
-1448
-1382
-1168
-994
-869
-692
-656
-522
-193
90
-235
-577
-344
456
843
452
-175
-73
893
1779
1763
1052
774
1427
2630
3382
3082
2173
1800
2386
3131
3258
2592
1577
1002
1210
1392
537
-786
-1589
-1773
-2120
-2905
-3763
-4053
-3842
-3628
-3639
-3650
-3316
-2833
-2550
-2032
-906
202
537
348
782
2213
3293
3073
2566
2475
2480
2501
2248
1571
897
408
-238
-864
-1254
-1584
-1887
-2365
-2880
-2846
-2200
-1683
-1717
-1765
-1337
-454
359
1060
1463
1536
1779
2751
3693
3839
3572
3338
3243
3369
3510
2903
1915
1283
1029
429
-390
-1015
-1487
-1960
-2400
-2602
-2812
-2919
-2990
-2999
-3099
-2894
-2467
-2149
-2006
-1841
-1537
-1240
-886
-648
-355
-197
-221
-328
-102
339
583
435
168
181
541
1022
1321
1234
1046
1273
1800
2242
2517
2611
2325
2155
2388
2728
2704
2276
1673
1323
1271
1030
536
-208
-951
-1287
-1333
-1827
-2558
-2925
-3002
-2906
-2782
-2645
-2521
-2273
-1884
-1158
-585
-376
-119
146
408
1070
1658
1295
776
868
1173
1174
912
364
-234
-530
-524
-516
-756
-1162
-1585
-1826
-1684
-1096
-841
-1185
-1378
-907
-169
510
1001
1072
1202
1622
2145
2656
3114
3106
2823
2785
2981
3107
2953
2316
1487
1047
981
753
164
-680
-1385
-1592
-1453
-1448
-1941
-2530
-2665
-2259
-2091
-2348
-2631
-2662
-2516
-2246
-1930
-1758
-1739
-1858
-1747
-1243
-650
-388
-422
-481
-195
620
1277
1210
857
1089
1684
2113
2171
1964
1788
1954
2277
2314
2067
1864
1881
1924
1823
1607
1471
1178
801
467
194
-145
-414
-893
-1554
-1740
-1536
-1513
-1863
-2094
-2082
-1776
-1348
-911
-914
-1204
-998
-322
77
80
119
67
-4
118
390
384
117
-136
-309
-420
-317
-98
-312
-802
-895
-579
-429
-501
-543
-628
-585
-282
-26
-62
90
578
833
755
856
1329
1688
1964
2157
2028
1668
1835
2310
2248
1663
1183
885
740
951
943
319
-446
-550
-288
-143
-315
-771
-1354
-1511
-1129
-1029
-1591
-2264
-2521
-2475
-2190
-2071
-2549
-3123
-2854
-2131
-1899
-2026
-2007
-1688
-1003
-133
244
154
456
1297
2038
2329
2345
2278
2490
3039
3462
3268
2707
2403
2549
2741
2475
1725
986
672
585
369
-140
-916
-1600
-1739
-1546
-1637
-2004
-2177
-2087
-1782
-1344
-954
-869
-730
-297
264
589
707
775
931
1057
981
773
618
519
292
-12
-342
-705
-1036
-1164
-1266
-1594
-1983
-2116
-2025
-1798
-1603
-1651
-1830
-1576
-887
-312
-119
-63
209
724
1442
2011
2117
1931
2078
2636
3060
3019
2532
1970
1821
2076
1980
1261
395
-16
4
87
-144
-644
-1224
-1356
-956
-603
-814
-1276
-1412
-1061
-570
-400
-595
-903
-944
-643
-342
-455
-766
-978
-1021
-891
-688
-752
-1033
-1201
-1104
-897
-720
-670
-708
-700
-533
-172
166
321
412
573
756
1062
1459
1618
1565
1654
1927
2028
1942
1812
1681
1437
1208
1042
709
304
91
-56
-417
-704
-819
-955
-1053
-1003
-1032
-1133
-1070
-861
-670
-630
-601
-462
-254
-136
-53
-14
15
117
205
167
110
111
78
63
10
-142
-331
-313
-251
-364
-635
-773
-722
-649
-652
-721
-829
-849
-639
-369
-272
-207
1
339
681
928
969
981
1289
1671
1678
1402
1332
1427
1518
1531
1292
740
418
624
863
519
-157
-577
-633
-499
-427
-750
-1447
-1706
-1358
-977
-1080
-1377
-1610
-1568
-1153
-578
-403
-660
-696
-323
82
313
531
508
212
89
361
585
482
230
-92
-375
-361
-41
113
-167
-592
-607
-116
466
690
568
360
435
968
1610
1760
1349
1081
1246
1562
1608
1390
864
383
300
414
169
-402
-877
-1200
-1357
-1453
-1619
-1977
-2227
-2190
-1983
-1815
-1682
-1504
-1316
-1056
-646
-131
379
734
883
1034
1399
1861
2152
2126
1759
1410
1361
1506
1366
783
43
-380
-522
-619
-855
-1344
-1947
-2127
-1860
-1710
-1828
-1902
-1778
-1479
-1000
-505
-138
123
504
1057
1539
1900
2328
2672
2758
2880
3123
3107
2831
2602
2289
1709
1139
772
261
-461
-1077
-1540
-2095
-2569
-2794
-3052
-3328
-3352
-3275
-3279
-3014
-2523
-2159
-1805
-1286
-818
-403
162
778
1174
1390
1620
1920
2145
2353
2428
2272
2110
2090
1984
1677
1318
919
573
317
46
-388
-839
-1120
-1224
-1319
-1501
-1579
-1514
-1402
-1258
-1128
-1058
-844
-415
-74
15
28
187
495
894
1156
1176
1062
1091
1304
1509
1563
1469
1285
1035
931
939
860
590
255
-167
-512
-602
-658
-962
-1419
-1731
-1866
-1806
-1721
-1796
-2007
-2011
-1675
-1260
-984
-920
-844
-583
-144
258
539
655
785
1070
1396
1609
1687
1633
1593
1702
1772
1649
1403
1143
886
738
590
304
-110
-493
-767
-881
-973
-1106
-1325
-1514
-1525
-1364
-1218
-1145
-1080
-1044
-938
-612
-252
-110
-47
81
221
416
737
902
841
797
905
1024
1127
1166
1028
831
774
804
703
501
335
153
-100
-280
-336
-482
-714
-856
-924
-1011
-1027
-918
-823
-841
-884
-774
-542
-266
-51
63
95
219
455
699
878
945
901
860
932
1042
1069
915
661
508
469
379
208
-50
-422
-772
-836
-759
-867
-1186
-1451
-1507
-1366
-1109
-972
-1032
-1105
-926
-532
-165
4
0
63
330
699
921
958
873
870
1058
1224
1154
1041
1034
968
849
776
644
410
305
270
93
-184
-282
-264
-307
-388
-444
-531
-578
-436
-261
-285
-406
-325
-95
96
236
287
172
69
213
372
334
147
-51
-227
-253
-180
-302
-611
-815
-793
-767
-799
-881
-993
-1055
-889
-580
-482
-580
-555
-277
-3
225
427
475
436
596
899
995
892
817
817
834
879
844
631
422
385
398
275
86
-79
-231
-256
-147
-167
-355
-372
-215
-119
-82
16
59
86
231
364
321
267
365
421
323
187
115
45
15
-16
-191
-479
-609
-523
-477
-592
-777
-954
-1013
-841
-596
-605
-839
-1001
-892
-532
-220
-229
-411
-419
-169
223
507
458
245
293
658
991
1096
975
788
800
1078
1279
1150
857
667
684
808
834
631
296
89
133
233
127
-173
-447
-555
-495
-464
-620
-874
-990
-931
-845
-828
-865
-891
-843
-700
-498
-364
-308
-200
-24
101
206
360
495
520
495
523
572
633
649
526
332
268
277
179
20
-126
-315
-473
-469
-457
-591
-740
-735
-676
-634
-513
-361
-259
-165
-6
172
394
656
835
879
906
1012
1191
1338
1291
1077
909
859
786
625
396
68
-252
-416
-507
-734
-1046
-1230
-1344
-1479
-1529
-1481
-1520
-1583
-1460
-1236
-1105
-940
-648
-356
-141
80
338
600
869
1090
1214
1261
1350
1461
1525
1485
1319
1114
989
927
775
510
210
-46
-197
-289
-416
-633
-824
-896
-868
-833
-804
-823
-863
-792
-554
-306
-229
-266
-231
-27
237
415
379
223
207
413
552
452
225
62
22
88
132
3
-247
-412
-377
-270
-193
-255
-432
-527
-347
-88
-16
-112
-159
-58
156
345
379
307
302
431
551
572
530
506
471
466
457
423
350
256
145
89
112
107
2
-110
-87
-23
-37
-102
-151
-192
-104
32
-33
-234
-239
-90
-52
-147
-258
-375
-457
-409
-391
-557
-718
-691
-656
-736
-780
-718
-685
-654
-558
-486
-447
-300
-56
48
73
241
470
612
742
911
960
961
1064
1206
1237
1168
1062
934
845
812
753
525
205
6
-21
-91
-302
-529
-678
-786
-806
-763
-795
-870
-833
-735
-692
-608
-435
-287
-231
-142
-18
89
231
374
410
352
315
340
422
456
308
83
-1
28
-30
-160
-273
-422
-555
-552
-496
-530
-579
-589
-634
-579
-353
-171
-217
-250
-84
168
360
478
519
530
706
922
929
793
801
874
841
737
651
523
378
340
290
97
-130
-232
-279
-358
-445
-560
-698
-753
-670
-603
-660
-715
-682
-601
-509
-415
-378
-392
-321
-148
-25
-15
-1
100
201
275
335
332
285
375
566
612
474
422
534
592
553
504
465
362
316
325
299
184
36
-68
-130
-155
-217
-311
-429
-475
-469
-444
-459
-494
-503
-482
-406
-314
-250
-237
-191
-109
25
169
235
187
186
303
406
418
362
249
141
180
253
152
-81
-215
-233
-254
-300
-369
-491
-602
-569
-440
-354
-365
-370
-289
-112
96
184
169
238
448
604
612
591
624
687
754
739
598
464
453
472
385
218
54
-80
-137
-134
-216
-423
-579
-570
-523
-530
-573
-617
-624
-524
-377
-292
-289
-255
-138
2
91
105
105
128
177
216
220
158
84
62
65
7
-63
-95
-142
-213
-207
-137
-132
-145
-110
-47
25
142
238
260
295
405
492
531
582
599
530
491
534
548
462
318
175
47
-35
-86
-176
-367
-569
-669
-668
-637
-601
-651
-781
-823
-639
-374
-232
-216
-245
-204
28
386
560
482
350
353
499
716
772
512
196
125
249
298
161
-142
-439
-485
-316
-247
-404
-587
-668
-599
-359
-144
-178
-317
-251
42
344
488
452
369
458
736
922
792
548
494
596
624
489
247
7
-96
-67
-131
-414
-701
-786
-725
-682
-762
-941
-1037
-906
-674
-571
-600
-618
-475
-189
83
160
129
212
444
664
740
702
641
687
813
834
670
500
443
403
310
190
26
-166
-290
-300
-324
-418
-485
-522
-542
-458
-263
-164
-222
-223
-47
173
324
403
351
277
412
645
647
444
338
329
294
258
178
-54
-286
-299
-277
-426
-604
-654
-682
-703
-641
-596
-643
-629
-450
-280
-221
-141
2
116
255
460
551
499
520
661
721
656
580
502
418
391
349
197
40
-18
-78
-175
-252
-330
-393
-367
-321
-375
-425
-353
-233
-135
-69
-84
-150
-51
202
317
197
64
79
220
372
344
105
-122
-78
106
106
-123
-341
-389
-314
-233
-257
-374
-466
-440
-322
-199
-145
-184
-228
-129
101
240
202
145
219
386
489
481
410
364
411
507
491
343
244
270
281
216
136
67
0
-41
-61
-90
-127
-164
-219
-270
-270
-227
-183
-216
-307
-331
-225
-119
-133
-225
-277
-227
-100
-36
-142
-258
-201
-56
-12
-74
-129
-118
-47
28
48
8
9
80
137
135
137
190
255
273
223
170
190
266
268
158
61
71
118
102
28
-39
-38
-4
-25
-93
-100
-56
-39
-67
-78
-63
-39
-13
-22
-51
-36
14
-10
-80
-86
-32
-22
-74
-129
-168
-145
-57
-48
-172
-256
-189
-83
-63
-97
-123
-126
-79
1
76
92
67
45
78
172
250
246
177
155
216
265
239
191
176
164
151
140
103
60
84
134
73
-42
-46
74
130
69
-22
-69
-24
95
136
-20
-176
-120
16
-4
-133
-240
-280
-241
-169
-227
-399
-446
-308
-225
-289
-348
-314
-224
-125
-58
-67
-57
74
246
296
266
301
422
518
551
505
428
434
513
494
334
191
140
85
26
-66
-248
-421
-446
-407
-470
-590
-673
-667
-574
-429
-384
-454
-443
-252
-34
89
135
157
214
374
561
623
565
525
530
496
476
451
348
165
14
-61
-108
-183
-300
-451
-577
-608
-568
-554
-584
-609
-573
-463
-316
-160
-57
-1
84
283
475
555
560
605
695
767
777
720
631
554
528
476
314
102
-14
-75
-182
-336
-471
-577
-627
-627
-664
-734
-739
-655
-588
-543
-469
-355
-243
-138
-40
61
196
334
415
439
484
570
631
664
652
571
483
484
498
398
220
86
23
-40
-120
-231
-360
-464
-493
-485
-514
-571
-588
-559
-507
-438
-357
-314
-292
-201
-37
62
45
83
239
371
380
346
337
399
534
553
376
235
311
428
379
196
30
-36
24
72
-68
-296
-391
-327
-268
-306
-403
-459
-448
-389
-307
-240
-206
-201
-183
-92
70
216
270
236
209
295
489
600
510
333
285
394
477
380
148
-21
-39
-7
-79
-257
-410
-473
-481
-516
-575
-589
-560
-569
-589
-530
-377
-237
-180
-170
-118
37
253
406
398
359
441
592
686
715
663
527
434
490
556
452
218
30
-50
-13
24
-109
-368
-516
-456
-333
-325
-440
-540
-534
-424
-280
-210
-240
-275
-199
-30
98
119
122
155
218
297
347
323
268
269
289
266
213
195
166
100
46
21
-20
-46
-68
-132
-225
-237
-190
-159
-176
-221
-242
-187
-69
-11
-25
-42
-9
64
178
246
217
164
207
305
351
319
249
189
170
199
177
79
-17
-59
-109
-154
-176
-239
-362
-407
-371
-369
-406
-430
-439
-429
-333
-222
-228
-272
-216
-84
32
111
124
78
116
298
447
403
267
240
332
419
407
265
88
57
168
214
73
-117
-181
-128
-62
-86
-189
-282
-252
-145
-79
-78
-95
-79
-7
101
145
141
167
217
225
211
221
238
226
174
102
39
22
16
-39
-161
-275
-317
-295
-296
-369
-458
-473
-402
-333
-325
-342
-300
-199
-97
-40
-3
56
165
291
332
322
369
482
536
508
480
464
450
443
434
353
230
140
105
75
14
-71
-167
-234
-249
-251
-290
-317
-330
-368
-403
-344
-274
-288
-329
-326
-251
-169
-142
-183
-201
-122
-20
-10
-54
-35
21
76
129
126
90
112
173
190
157
118
102
116
128
104
51
24
44
64
38
3
1
15
20
19
19
23
48
77
84
104
148
163
158
181
217
231
214
189
169
171
203
186
92
-7
-37
-34
-59
-112
-211
-333
-383
-323
-278
-335
-428
-484
-455
-324
-209
-252
-337
-296
-131
13
55
18
8
112
249
300
272
277
315
341
357
359
351
349
327
256
209
208
199
131
27
-46
-83
-98
-116
-176
-271
-318
-296
-290
-316
-308
-275
-286
-303
-260
-162
-70
-59
-119
-137
-13
147
177
82
29
107
252
309
224
116
131
226
262
184
96
89
129
120
40
-23
-5
22
-27
-127
-156
-89
-23
-62
-135
-136
-57
24
43
-1
-32
31
130
171
119
84
122
187
217
197
129
72
71
102
54
-75
-169
-187
-174
-202
-271
-354
-375
-332
-294
-325
-390
-384
-315
-222
-179
-195
-193
-97
36
103
107
111
178
276
339
348
339
348
374
396
397
351
278
228
208
177
138
100
39
-31
-43
-16
-23
-79
-124
-135
-121
-70
-23
-60
-137
-117
3
77
31
-73
-113
-33
66
52
-85
-184
-146
-38
-22
-133
-249
-258
-194
-145
-187
-293
-337
-271
-175
-161
-209
-214
-150
-87
-35
17
37
34
78
143
178
190
206
185
139
154
227
231
136
61
70
124
153
113
36
9
67
147
151
99
88
111
123
157
189
147
62
54
119
140
75
-4
-58
-75
-58
-51
-120
-184
-198
-214
-208
-175
-179
-215
-205
-176
-152
-103
-32
-16
-48
-29
63
136
145
130
133
121
122
174
194
121
44
25
24
22
1
-53
-125
-143
-116
-96
-107
-128
-131
-112
-66
-16
10
13
11
30
86
132
120
87
72
60
60
73
45
-18
-61
-66
-80
-102
-126
-150
-177
-188
-192
-169
-116
-85
-69
-46
5
61
132
181
196
211
253
296
324
341
324
306
310
316
284
207
118
70
40
-21
-107
-198
-256
-257
-260
-311
-365
-350
-298
-259
-241
-238
-226
-160
-58
3
-6
-10
66
157
173
137
102
101
129
154
80
-46
-94
-33
-14
-99
-218
-276
-235
-167
-169
-265
-337
-280
-144
-82
-117
-132
-60
58
156
199
206
228
302
379
406
397
391
387
377
360
329
286
241
188
115
50
13
-27
-84
-140
-182
-208
-233
-246
-248
-236
-242
-257
-268
-222
-147
-124
-136
-135
-88
-26
25
12
-27
-32
10
33
14
-11
-23
-27
-21
-18
-39
-63
-57
-68
-95
-87
-67
-68
-73
-61
-32
-10
22
51
76
99
139
151
129
228
315
262
194
224
289
296
202
94
83
138
162
98
7
-26
13
61
53
13
-24
-31
-8
35
49
29
-5
-27
-27
-2
3
-37
-102
-146
-150
-133
-163
-225
-276
-281
-245
-222
-250
-296
-282
-228
-184
-177
-190
-172
-102
-43
-27
-17
13
69
113
118
120
154
191
196
177
163
165
184
187
151
93
54
51
73
67
20
-34
-42
-17
3
-17
-44
-57
-50
-43
-29
-13
-17
-39
-57
-47
0
34
6
-35
-46
-5
61
86
39
-12
12
95
141
106
32
-1
28
68
58
3
-58
-76
-48
-30
-68
-128
-159
-154
-128
-111
-131
-165
-164
-116
-54
-18
-29
-42
0
86
132
126
121
147
200
264
284
257
230
236
265
264
217
157
108
71
38
-12
-47
-97
-168
-218
-226
-230
-246
-284
-328
-328
-276
-211
-180
-189
-180
-101
-4
46
59
65
99
161
193
186
183
194
219
231
209
181
187
185
150
100
58
48
46
23
-43
-112
-132
-96
-64
-92
-163
-209
-175
-106
-76
-116
-172
-158
-69
-2
-8
-55
-65
-2
76
92
65
51
76
130
160
141
100
100
126
136
102
43
16
14
6
-35
-93
-148
-169
-164
-175
-218
-260
-266
-245
-232
-235
-231
-204
-169
-131
-91
-47
-2
25
56
97
152
194
201
191
201
227
248
231
189
159
155
156
117
54
-8
-40
-43
-66
-117
-164
-200
-211
-194
-183
-183
-187
-190
-170
-101
-18
30
42
67
134
225
298
317
300
282
314
377
413
369
282
237
257
266
209
98
-5
-59
-81
-105
-169
-255
-319
-332
-327
-329
-366
-413
-440
-420
-366
-321
-308
-302
-249
-139
-27
27
30
46
114
209
254
233
220
239
275
287
251
200
185
176
153
92
31
8
-8
-31
-61
-79
-90
-90
-83
-84
-73
-71
-72
-43
-11
6
16
40
72
124
169
194
185
174
188
214
228
186
123
89
81
63
15
-58
-115
-140
-162
-190
-219
-259
-286
-284
-273
-265
-270
-280
-270
-218
-159
-119
-108
-85
-34
28
92
122
137
153
197
237
257
261
248
242
249
257
233
184
139
109
80
35
-19
-75
-120
-143
-169
-208
-235
-243
-225
-210
-245
-267
-213
-152
-138
-161
-158
-104
-24
26
20
7
33
100
166
185
151
128
148
180
198
181
137
104
96
93
75
33
-17
-59
-82
-87
-88
-115
-148
-162
-147
-115
-109
-127
-125
-90
-33
0
2
6
48
121
159
166
157
169
206
238
231
205
175
161
156
140
108
55
10
-16
-35
-56
-99
-152
-186
-191
-186
-181
-205
-227
-209
-160
-136
-139
-136
-103
-42
-6
11
32
76
117
135
143
163
186
192
183
174
168
166
155
124
102
83
57
23
-16
-53
-73
-93
-116
-142
-156
-161
-150
-131
-133
-132
-120
-91
-68
-44
-33
-23
-11
14
43
50
47
38
49
72
88
88
56
18
2
19
24
-11
-60
-83
-66
-38
-39
-55
-63
-62
-37
-18
-23
-16
5
13
22
24
23
32
44
31
15
15
14
20
14
-6
-35
-38
-28
-41
-61
-66
-56
-31
-18
-20
-25
-22
-5
29
60
64
50
48
77
143
168
132
103
109
149
162
108
19
-18
-17
-11
-20
-61
-120
-140
-122
-106
-132
-179
-194
-173
-131
-124
-129
-122
-77
-43
-30
-16
3
36
58
69
87
128
139
133
132
149
157
156
131
87
66
64
57
29
-8
-35
-48
-52
-48
-55
-83
-101
-96
-70
-51
-73
-95
-67
-16
12
10
4
13
57
100
112
97
78
72
95
114
112
79
41
30
44
59
38
-9
-37
-25
-5
-17
-52
-70
-48
-19
-20
-44
-69
-61
-36
-23
-36
-64
-72
-45
-29
-28
-44
-53
-35
-28
-32
-41
-35
-28
-14
-21
-16
-8
7
21
15
8
12
37
26
6
-14
-24
-21
-29
-47
-51
-50
-56
-67
-62
-56
-55
-53
-49
-39
-21
-6
-6
-4
-7
22
64
86
87
85
117
172
197
165
135
145
170
168
125
88
81
92
64
14
-9
-23
-42
-79
-114
-148
-139
-133
-143
-151
-163
-157
-120
-86
-77
-76
-61
-28
9
34
29
26
35
54
80
110
111
97
79
77
92
101
78
30
-17
-34
-30
-26
-42
-80
-108
-105
-85
-74
-82
-105
-112
-77
-36
-16
-13
-14
10
56
91
96
100
103
126
148
147
133
115
101
110
100
74
48
24
12
5
-19
-49
-75
-105
-110
-108
-119
-141
-150
-144
-123
-127
-138
-129
-111
-88
-77
-56
-18
13
23
29
34
54
68
65
45
30
31
54
67
66
47
37
24
12
15
1
-2
-9
-12
-9
14
12
-13
-31
-38
-10
2
-13
-38
-29
-4
32
39
22
20
32
42
30
21
24
42
43
24
6
22
36
12
-17
-22
-5
16
19
0
-8
9
24
15
3
-4
-11
-10
-7
6
5
-12
-24
10
33
24
8
7
24
30
18
9
17
21
25
28
14
7
29
38
18
-21
-40
-39
-30
-33
-52
-61
-52
-20
-6
-19
-54
-53
-38
-33
-36
-39
-34
-32
3
32
39
23
11
18
39
40
10
7
5
8
10
13
1
8
18
12
17
21
14
-3
-26
-37
-7
-16
-31
-36
-28
-1
10
0
-1
7
17
35
48
45
35
49
81
86
63
41
30
26
15
-6
-34
-49
-53
-61
-67
-63
-47
-54
-69
-71
-59
-39
-42
-83
-89
-46
-6
-11
-36
-48
-23
21
38
16
-4
7
14
46
60
47
16
5
1
11
3
-18
-27
-24
-28
-35
-27
-20
-25
-30
-9
15
23
22
29
39
47
38
32
36
49
53
53
36
11
17
39
38
26
1
-3
7
14
14
13
3
-12
-10
-4
8
-1
-7
-15
-12
-20
-21
-40
-43
-11
8
4
-4
0
24
34
14
-4
12
28
17
2
-8
-10
-12
-13
-4
6
5
2
3
27
37
15
-25
-41
-30
-26
-26
-33
-40
-33
-26
-19
2
-1
-23
-27
-7
1
-19
-24
-9
4
14
3
2
22
25
19
16
14
18
35
38
33
15
19
48
66
43
21
6
-9
1
6
9
-6
-24
-25
-10
-2
-16
-36
-37
-20
-20
-29
-37
-25
1
17
28
24
45