0
-1
-1
0
-2
0
-2
-3
-3
-5
-6
-5
-6
-7
-4
-3
-3
-5
-6
-9
-7
-3
-8
-14
-10
-1
3
2
-3
-4
4
10
7
0
3
9
11
12
9
8
8
14
16
16
16
12
11
14
15
9
10
11
7
6
13
9
3
2
4
4
7
4
-4
-5
-1
0
-5
-10
-15
-21
-25
-25
-25
-27
-31
-34
-31
-25
-21
-25
-28
-23
-14
-7
-9
-12
-1
9
9
12
17
20
25
29
25
25
37
34
25
25
31
37
36
25
13
20
28
23
10
-6
-9
-2
-5
-15
-20
-21
-27
-26
-22
-20
-28
-28
-22
-18
-11
-9
-6
-1
2
2
4
12
13
10
0
1
14
13
-3
-11
5
12
6
-9
-8
3
6
-1
-6
-8
-18
-19
-15
-10
-7
-10
-14
-10
5
11
8
6
7
10
11
10
12
9
10
13
13
17
16
-1
-4
11
11
-3
-9
-15
-20
-12
-11
-20
-27
-26
-26
-21
-15
-30
-41
-32
-22
-36
-27
-21
-27
-20
-5
2
1
11
14
9
23
52
56
46
39
39
50
63
51
26
23
37
34
25
19
10
2
4
-2
-11
-16
-25
-38
-44
-32
-24
-21
-29
-26
-9
8
5
-1
-6
-5
14
23
9
-7
3
10
6
0
-11
-21
-19
-13
-20
-22
-20
-31
-39
-26
-14
-4
-4
-22
-14
21
43
33
36
36
47
68
78
55
38
53
76
88
72
51
25
24
16
-4
-27
-39
-32
-23
-34
-77
-86
-77
-72
-77
-103
-127
-113
-71
-96
-141
-121
-52
-35
-56
-62
-19
46
71
31
7
27
60
45
9
-9
19
56
26
-31
-50
-23
3
-3
-52
-47
2
56
79
64
40
44
87
133
180
162
146
161
171
146
125
92
38
4
-17
-53
-100
-103
-101
-89
-68
-20
13
20
40
23
-64
-117
-107
-56
4
-6
-1
97
183
188
194
160
93
71
32
-41
-103
-89
-27
37
33
43
58
45
33
3
-34
-61
-44
-68
-122
-153
-123
-121
-96
-80
-76
-85
-127
-139
-190
-256
-269
-169
-85
-71
-73
-47
-8
15
45
42
9
22
115
167
128
108
128
156
172
129
64
-6
-35
-56
-70
-137
-165
-83
-54
-113
-123
-93
-42
6
-20
-104
-70
-5
14
-48
-109
-50
98
209
204
113
59
140
155
71
-11
-33
-29
31
104
75
-9
-18
78
101
8
-24
71
180
189
116
67
112
212
253
187
138
195
291
213
29
-71
-78
-123
-157
-136
-152
-123
-92
-67
-84
-113
-208
-176
-26
12
-143
-209
-17
199
101
-125
-17
247
270
107
-53
-164
94
449
402
-77
-249
-24
294
114
-119
-217
59
63
246
56
31
-40
224
-113
-2146
-2809
412
3183
-917
-4702
-2850
1009
1885
940
-2558
-5489
-1915
3533
2125
-3497
-4146
-1050
1090
2005
1362
-653
-542
3158
3815
1624
1933
4552
3842
2505
3820
4291
1682
-255
1469
3162
2174
-796
-2879
-2941
-400
1807
-1041
-6589
-6978
-1516
1412
-985
-4597
-5756
-3249
1504
3270
-703
-3725
-1090
3117
3850
2398
1076
842
2053
3545
3509
2200
1317
899
636
808
1070
386
-1295
-2276
-2093
-1455
-1791
-2699
-3479
-3555
-2776
-2987
-4525
-4349
-1074
-618
-3776
-4817
-2043
299
501
-605
-2879
-2191
2163
4563
1622
-379
2333
4935
4831
3864
3843
3924
5679
6616
5138
3939
6295
6241
-336
-4127
2017
7860
1337
-7883
-8350
-2825
1789
2524
-5384
-15096
-10101
3186
4089
-6020
-9745
-6253
-897
4683
4359
-2718
-4327
3077
6746
4471
3776
4814
3402
2703
4729
6435
5984
3039
-432
-1020
2034
3707
924
-4470
-7224
-3873
392
-1192
-6813
-8598
-6261
-2607
-1166
-3840
-7451
-5460
-287
-989
-5586
-5285
863
3273
204
-3314
-2439
2331
6612
4476
-2202
-2886
4121
9654
6654
194
-1768
3052
9002
8893
3561
140
3494
8053
8067
840
-6585
-4259
6846
7993
-5341
-12648
-6001
1325
1971
-1109
-10300
-14885
-3713
7047
230
-9506
-7014
-2202
1471
5612
3830
-3248
-1423
6007
6434
4603
6151
5468
1965
3355
6777
7280
4988
879
-2082
177
4015
2218
-2841
-6578
-6366
-2571
-175
-4368
-9396
-8248
-4554
-2680
-3101
-5470
-8382
-5801
-566
-623
-4590
-3823
372
951
119
535
993
1334
3213
2878
514
1312
4513
5579
3447
1996
1961
4291
6787
6408
3285
2072
5274
7651
6815
1461
-5208
-5365
5594
10919
-2606
-14855
-9194
2184
4245
1033
-9148
-17719
-7550
9547
5582
-10347
-10854
-2925
2057
5838
5145
-3906
-4862
5424
8309
3795
4076
5903
2591
2480
6095
6949
5006
2021
-1377
-1086
3434
3670
-1003
-5878
-7347
-4198
438
-1955
-9304
-10161
-5441
-2794
-3823
-6654
-8980
-6601
-2864
-3135
-3714
-1741
-1061
-1509
6
2002
2592
3428
2989
1493
2678
6655
7470
4865
3472
4116
5740
8179
8003
4599
2915
6103
8150
7082
3652
-3371
-8068
-721
10494
2568
-14330
-15720
-3378
2599
2076
-5090
-18453
-16924
3372
11003
-4900
-13401
-6787
-265
5702
9513
1455
-7108
1412
10601
8282
5743
6926
3061
1260
7126
9786
6358
2121
-1085
-1721
3183
5234
-523
-6815
-8385
-5583
-1654
-1964
-9119
-12244
-7858
-4626
-6450
-9069
-9592
-7268
-2045
-2935
-7481
-5283
3167
4585
-357
-2051
1333
6782
9647
6463
492
2467
10436
12050
5932
2302
5221
8504
9214
7175
4537
5055
7680
7422
260
-8225
-7376
5254
9251
-7779
-20746
-11062
3324
3103
-3231
-13603
-20483
-7478
11932
5646
-13947
-12415
-541
4653
8029
8033
-3260
-5944
7531
13169
6815
4818
5301
645
3150
11116
9538
1357
-2123
-1467
913
4880
2019
-6425
-9917
-5992
-2299
-2434
-7190
-12464
-11018
-7702
-8408
-7557
-3624
-6603
-10927
-6699
-488
918
1768
198
-4494
-746
9931
11256
2713
470
5604
9529
10960
9872
4385
2259
8347
11391
6017
3706
7356
8253
5450
5588
3261
-6256
-9713
1996
9531
-5313
-19449
-13794
-1535
1683
675
-9856
-23100
-13072
11140
10477
-10599
-14095
-3627
3117
9234
11421
-704
-7915
4615
13637
9014
5797
5791
426
609
9341
11233
3601
-2939
-4001
-1068
4515
4023
-4572
-11098
-8882
-2243
-412
-6203
-15057
-15953
-7776
-1595
-5422
-12447
-10959
-4856
-422
-1021
-2874
-3492
777
5200
3807
1847
4615
8864
7247
5420
6835
9615
9776
7893
5900
4925
7584
9216
7793
4698
5843
8035
7807
736
-10572
-9976
6201
12032
-9900
-25554
-13863
3823
6136
-1585
-17837
-27021
-5793
18692
7143
-18557
-15263
1184
8461
10755
6461
-5334
-3790
11555
12779
4547
5843
8242
1705
809
8173
9585
4977
-1493
-6414
-4046
5333
4985
-6455
-13980
-10611
-2591
949
-5868
-20879
-23157
-6126
8182
-2565
-20385
-19102
-2136
10611
7280
-6603
-13960
191
17631
14313
-1355
-3710
7555
13726
12015
6993
5091
6501
10466
8894
4357
5180
9429
8029
2413
4086
9271
8457
-4572
-16621
-9059
12572
12053
-17295
-30908
-11652
10195
9850
-5954
-26851
-26352
5427
24819
1467
-24076
-12890
6608
13316
11957
2856
-8756
-304
16126
12295
3100
6485
7570
-512
1675
10247
9140
1228
-5571
-8051
-1514
7793
2284
-12155
-16051
-7587
458
-480
-12839
-23373
-15915
-811
301
-9456
-14260
-10702
-1602
5373
2800
-4420
-3091
4545
8379
7065
5692
5896
6325
7398
8429
10471
11093
8133
3880
4460
9466
10696
6422
1573
2570
7549
11628
5986
-12053
-20892
-1246
20639
3476
-28151
-27488
-1222
12357
6907
-11479
-31121
-18813
18005
22941
-10893
-23109
-3372
10072
12024
11097
480
-7964
5132
15203
7684
4889
10329
3444
-5455
3358
13358
8577
-3341
-10320
-8046
3621
9157
-3117
-17338
-15256
-2545
3886
-3495
-19556
-24744
-9047
6791
340
-16799
-18880
-4483
8958
7762
-4520
-10595
19
13869
12180
796
-1319
7697
12989
8660
3997
6127
11212
10278
3839
843
6720
12169
7776
-1154
-1567
7736
14080
5583
-16171
-22646
1707
22322
2438
-28982
-25695
1622
15064
7538
-13394
-30768
-13796
21898
21040
-13263
-21908
-868
11462
11862
9145
-1648
-7248
6236
14002
5681
4167
9466
1729
-6455
3019
13006
7628
-4776
-11707
-7698
5212
9303
-4447
-17696
-13557
-414
5136
-3079
-18154
-20447
-4769
6028
-3201
-14276
-11560
-2394
4221
3867
-3221
-5894
3344
9869
4506
208
5126
9057
6365
3861
4771
7763
9711
6777
1031
1809
9040
10112
3028
-1487
2804
8413
8932
1765
-11553
-15704
1289
17409
797
-25708
-22011
1926
10881
3562
-11001
-24849
-14132
15646
18604
-9792
-18536
-962
8976
8992
9919
2666
-5783
3175
12757
7991
5438
9023
1539
-6670
2882
13813
7778
-5766
-11565
-6669
4936
8089
-5031
-17731
-13506
-501
4346
-3431
-17252
-21093
-7625
6697
1870
-13356
-16778
-5344
7451
8737
-1414
-9763
-2711
11044
13065
3654
-1249
3542
8569
8597
6184
5450
5880
5559
3971
3786
6631
8082
4613
-502
835
7639
10554
3973
-9293
-15983
-3977
15182
8421
-19921
-27491
-4960
12322
7435
-7682
-22747
-18767
8427
21840
-1118
-20004
-7270
8500
10434
9293
4339
-4947
-219
11434
9775
4122
6653
3666
-5586
-830
11573
9986
-3406
-11260
-7653
2760
8159
-1648
-15232
-15046
-2913
4218
-828
-12475
-18403
-10301
1882
2772
-7327
-12797
-8330
1096
6657
3058
-4652
-4444
4969
10253
7325
2871
2541
4340
6891
8601
7176
4466
3114
4441
5886
6650
5540
2737
1112
2610
6374
6589
3446
-2043
-8702
-9924
1423
10569
-3241
-21427
-16549
1911
7453
1555
-10021
-20446
-10836
13423
15290
-8057
-15156
-945
9032
10605
9658
404
-6580
4064
14012
8480
1703
2763
534
-1304
5055
8499
1103
-7048
-6979
-2234
2373
995
-7024
-12651
-8937
-1328
548
-5184
-11809
-11898
-5967
-798
-814
-5604
-9105
-5740
1926
5293
1682
-2206
-947
4893
9122
7779
2803
981
5082
9594
8839
3432
780
3695
7618
6579
2181
379
2288
5037
4597
1833
168
2699
5242
-2061
-13682
-9297
9383
9159
-13062
-21851
-6613
7371
8135
-1497
-18603
-19046
7567
22200
-6
-17919
-5557
8427
9880
8881
1902
-7859
1067
14876
7576
-4295
1316
6990
178
-2492
2208
3105
-54
-3136
-6867
-5167
2247
1822
-7628
-11802
-6360
-175
944
-4865
-11255
-9808
-2543
1238
-1521
-6638
-7648
-1020
4955
3277
-1888
-1387
3546
7066
5891
2107
1458
5904
9680
5531
12
1782
7558
7367
2172
-545
906
4851
6263
1963
-3894
-895
7715
8908
-279
-11679
-13122
707
14914
3931
-20203
-20659
1631
13580
5675
-8543
-18995
-10424
13194
17999
-4437
-15278
-1618
8361
7525
6070
1374
-4295
1716
7691
3037
1819
6518
1100
-7789
-1868
8101
6154
-3220
-9556
-8593
698
7462
-551
-12918
-12787
-2122
4573
871
-9212
-13179
-6080
1063
343
-3691
-5988
-5820
-834
3845
2619
38
1273
2183
2150
5758
8401
4968
1071
3169
6448
6518
4591
2079
391
1873
4596
3261
37
-550
601
1073
2389
3885
2111
-102
-2870
-7597
-5789
7059
9745
-8491
-19046
-5671
10033
9989
317
-13885
-16527
5238
22851
5750
-17436
-10642
6199
10508
8120
660
-10469
-5107
11855
10330
-3872
-4872
1751
468
-193
2840
850
-2881
-2624
-2610
-2958
754
1655
-4189
-8763
-5850
484
2843
-2504
-9555
-6994
931
1656
-3315
-4527
-3061
-1723
1057
2140
231
377
2833
2271
1920
5459
6316
1727
-13
4182
5753
2567
-72
19
721
1728
1569
-1041
-1676
1282
2278
-618
-759
3012
4343
3092
-303
-6523
-6215
7539
14077
-2342
-16751
-7089
9542
12123
4001
-9708
-15964
32
18236
7446
-13324
-10309
1969
3528
3329
3313
-5018
-7640
2138
4498
-1356
505
3007
-4729
-5988
4447
7510
-338
-5182
-3879
-492
4567
4348
-3495
-8046
-3104
3135
3363
-1399
-6761
-6112
249
2124
-3119
-5575
-2647
-1522
-1675
164
1007
36
544
994
520
3389
6312
2617
-2381
267
5114
3797
-497
-2222
-821
1877
2809
-326
-2557
619
3421
1082
-960
2329
5871
5441
2879
-1837
-5312
1747
13832
8492
-10501
-13054
3569
13143
7120
-4418
-14846
-10346
10133
15429
-6842
-19348
-5341
5345
2469
-163
-3931
-9647
-2747
6781
1555
-4405
1431
2737
-4005
-1021
7511
6066
-974
-3182
-1049
4010
7681
2000
-6492
-4862
3281
5162
-464
-6192
-6355
-700
2495
-2610
-8382
-5445
606
722
-3212
-4673
-1528
2802
3165
-1133
-2858
1910
6326
3498
-2349
-2594
2699
5679
1648
-4195
-3755
2470
5594
1013
-3725
-1401
4181
5328
2177
535
3390
7733
7781
112
-7223
-549
14205
12021
-7677
-15235
-1525
11664
10046
-2811
-17561
-15001
7181
15682
-5137
-20523
-9851
2540
3332
1097
-4486
-10259
-2063
8277
2246
-4311
3309
6416
-1939
-1665
7552
8765
2802
-1053
-2179
1574
8759
6994
-4329
-8994
-1318
6291
3872
-5243
-10622
-5360
2417
788
-7086
-9040
-3841
893
664
-3847
-5414
-125
4824
1336
-3393
-1011
3695
3909
836
-1695
-1638
1982
3862
354
-2659
-213
2996
2526
1364
1073
1594
3204
5055
4486
3683
5336
7473
4230
-3178
-2657
8626
12828
-1172
-13004
-6922
5329
8725
1559
-13509
-19526
-2160
13802
654
-18467
-13993
-1784
1628
3064
-520
-10687
-7319
8026
7739
-2853
-56
6280
1471
396
7973
7774
1530
1371
2772
1420
4002
6105
74
-5213
-1721
2963
1735
-2550
-6206
-5873
-1787
-481
-4498
-6986
-4673
-1937
-1229
-2244
-3591
-2270
1215
854
-2590
-1889
2049
2378
-172
-1066
-417
1289
3139
1751
-1155
118
3854
3522
1469
2157
3808
3750
4381
5134
4589
5313
7460
6860
555
-4548
93
10443
8012
-7782
-14496
-4290
6159
5448
-4468
-17707
-16901
2805
12129
-5372
-19615
-10233
1387
3831
3021
-2747
-9325
-941
10195
5063
-1444
4099
6184
455
2822
9100
7180
2622
1207
67
2329
7928
5205
-4351
-6415
-113
3609
1078
-4678
-9280
-6529
-268
-447
-6672
-9176
-5770
-1605
-904
-4267
-6040
-2221
1642
-843
-3673
-801
2907
2581
469
-812
85
4287
6411
2048
-1675
1841
6431
5516
3233
2410
2226
3747
7189
6736
2533
2032
5810
7193
1727
-5618
-4605
5964
8433
-5511
-15954
-8379
4028
5609
-3610
-16296
-16717
417
10659
-2652
-15590
-9070
558
3621
5150
1206
-6657
-1655
9430
7242
1154
4492
5475
477
3775
10266
7018
1499
1512
1480
2000
5932
4203
-4067
-6492
-1232
1589
-886
-5365
-8867
-6928
-1866
-2394
-7773
-8795
-5338
-3019
-2931
-4351
-5370
-2483
1532
309
-2439
48
3956
3557
1903
2008
2548
4078
5736
4108
1379
2593
5181
4556
2966
2974
2760
2276
2804
3489
2780
2193
1817
2524
2310
-2882
-7297
-764
7554
-237
-13092
-11798
-1131
4204
2244
-8012
-17405
-8067
9669
7129
-8704
-10619
-2823
2250
7739
7561
-3913
-7027
5917
11003
4381
3541
5178
357
1742
10615
9410
569
-1154
1852
2462
3724
2942
-3021
-6143
-2739
-477
-2638
-5271
-7372
-7362
-5244
-5122
-6962
-6128
-4533
-5656
-5499
-2811
-1358
-825
399
-289
-1246
2546
6847
5181
1364
2123
5242
6855
6100
3249
1193
3133
5230
3182
719
1792
2416
387
-690
961
2100
1472
-192
-992
1408
1354
-5402
-7829
2213
6524
-4621
-12448
-6589
1227
5294
3059
-10099
-16224
1068
14827
2382
-10937
-5786
706
4689
10184
4479
-8415
-2703
11595
8567
510
3593
4648
33
3740
8835
4044
-941
306
525
83
2557
1185
-4669
-6769
-4148
-2166
-2367
-5346
-9326
-8597
-4495
-3200
-4974
-6141
-6362
-4230
-485
341
-1816
-985
2412
2857
1932
3819
5604
4319
3593
4633
4385
3728
4187
3232
883
1002
1555
215
-220
1102
-654
-3230
-1694
1377
963
-573
-810
-416
1999
1477
-5168
-6383
4730
8167
-4314
-11286
-3300
5232
7312
2219
-10441
-12752
5534
15219
-162
-11747
-4024
2640
5272
8522
1583
-9094
-628
11599
5254
-1476
4152
3902
-2285
2828
8471
2324
-2653
-269
-390
-585
3051
609
-7177
-7669
-2287
-569
-2685
-6406
-9393
-6549
-1233
-1405
-5080
-5876
-4329
-1292
1881
1042
-2137
-176
4601
4366
1891
3059
4626
3865
3813
3622
1555
1214
3054
1979
-948
-1212
-385
-754
-498
-253
-2756
-3630
-487
1840
0
-573
725
2318
3825
457
-5940
-1788
10343
6774
-7851
-9063
2198
7660
6595
-932
-12464
-8475
10732
11816
-6816
-11074
-888
2054
3978
6887
-2499
-10052
2347
10701
1767
-1782
3707
894
-1976
5126
6152
-1352
-2266
1123
-591
-20
2985
-1266
-6878
-4428
-221
-484
-2648
-6137
-7432
-2719
849
-2240
-5157
-4195
-2481
533
2675
-587
-3356
1162
5190
2573
381
1770
2175
2679
4340
1827
-2303
-253
3570
1006
-2865
-2104
-471
-639
-440
-973
-2793
-1483
1892
1715
-287
2087
5017
5006
2808
-2128
-4358
5242
13999
2596
-12383
-7471
6668
10361
4649
-7773
-16690
-4064
15583
8291
-12953
-12937
-1216
2648
5752
4941
-8413
-11197
5686
11136
253
-1443
2895
-1356
-37
9305
6626
-3408
-2154
3006
1979
2829
3881
-2531
-6585
-983
3257
148
-4234
-6628
-5349
-486
810
-4068
-7089
-4727
-1482
132
-628
-3391
-3203
1204
2660
-137
-538
1565
1587
1344
2257
1134
-532
887
1924
-120
-1294
-12
-102
-824
233
1195
36
-283
1101
2226
2908
3814
3640
2885
4538
4299
-1497
-3255
6005
10242
-1100
-10867
-5262
4802
7781
1530
-11186
-15354
173
12797
1728
-13559
-11105
-2234
3847
7365
392
-11774
-5927
10180
9228
-909
-508
2611
1353
5446
8906
1975
-2371
3578
5543
863
1162
3096
-863
-3626
-1197
-486
-2477
-3379
-5003
-7272
-5962
-2100
-2140
-6228
-8158
-4550
-163
-68
-2751
-3384
-759
2156
2720
881
-162
2356
4957
3059
-334
954
4238
4119
1240
-757
-499
2347
5111
2642
-2633
-2285
3788
6184
2703
13
725
3508
4245
-1190
-6149
842
9476
1623
-11519
-9390
2628
7838
2508
-10193
-16507
-2772
13593
5503
-12817
-12725
-1433
5470
8085
2109
-10395
-6556
11089
12195
-555
-1778
4054
3343
4909
8453
3108
-2011
3414
5930
200
-505
3004
-94
-4795
-3689
-1795
-2351
-3537
-6444
-9528
-7260
-1433
-587
-6527
-11161
-7069
1536
3856
-2377
-7007
-2961
4755
7544
3296
-1915
-553
6215
8495
3572
-542
1533
5205
4944
1473
-385
1640
4214
2760
-1293
-1844
2467
4792
1733
-1876
187
4144
568
-7238
-4494
6501
5577
-7291
-12697
-4748
5189
7968
-2248
-16751
-12895
8175
13938
-2653
-13479
-7904
1685
10273
10207
-4293
-11873
2864
14353
6686
-215
1859
1559
2811
9201
7207
-1200
-517
3844
1056
-388
2755
185
-5148
-4399
-2322
-2871
-2438
-4171
-9962
-10368
-3361
-37
-4441
-9028
-8305
-2675
3076
2326
-3709
-5003
1571
7139
5836
1651
77
2548
6667
7422
3462
337
2189
5109
4328
1438
355
1040
1656
1173
439
92
948
1681
1208
559
-1491
-5917
-5637
3494
6536
-4860
-14021
-7460
3793
7540
971
-11604
-14841
1148
14327
4453
-10168
-8663
-588
5874
10792
4431
-8824
-4936
10199
10372
1489
1412
2437
-148
4436
9247
2864
-2816
1089
2021
-1207
1026
2733
-3174
-6403
-2740
-698
-2142
-4240
-7828
-8909
-3895
-289
-3744
-7944
-6831
-1845
2474
1234
-3759
-3498
3234
6601
3375
606
1451
4250
6874
5852
1094
473
5242
6458
2478
59
1027
1817
2424
1615
-529
-1042
1916
2925
659
-1364
-4149
-6769
-1786
6346
964
-11859
-12266
-956
6013
4218
-4982
-13947
-8113
8758
11568
-2260
-9955
-5711
1332
9515
10907
-2070
-10203
1396
11450
6952
2043
940
-2902
-108
9385
7675
-3144
-4177
1543
1359
466
1692
-2181
-6873
-3241
977
-1529
-5136
-6887
-7463
-3791
866
-1602
-7464
-7764
-1742
3983
3218
-3202
-5355
1355
7684
5788
484
-964
2025
6661
7901
3327
-273
2438
5376
4071
2512
2222
1340
1471
2491
2072
1308
2069
2639
-611
-6716
-7353
1853
7154
-2678
-14459
-11562
1
7085
3645
-9179
-17282
-5171
12450
9457
-6234
-10568
-4313
3811
11877
9111
-5961
-9232
4985
11931
6088
2160
-239
-4109
1117
9848
5599
-4821
-4892
-275
841
2114
1741
-4585
-7491
-2030
1290
-1583
-4537
-6170
-6201
-2017
1213
-1713
-5357
-4173
-601
1955
2026
-567
-1955
1224
4694
3402
556
900
2766
3672
3473
1971
667
1786
3792
3301
906
39
1642
3702
3754
2377
832
1741
3643
285
-6640
-4332
6006
5331
-7398
-13166
-5487
4132
6851
-1564
-14304
-12707
4678
12491
1038
-9910
-8727
-1098
8804
11950
-60
-10672
-2091
9603
7992
2608
603
-3065
-1908
6542
7730
-1533
-5390
-1539
-495
-586
1455
-1109
-7009
-5501
312
-251
-5298
-6635
-3761
-913
-333
-2425
-4480
-2371
2980
4407
-367
-3550
600
6534
6074
994
-1601
711
4765
6239
2840
-1806
-1070
3717
5014
1278
-1271
-179
2065
3133
2745
893
818
3166
997
-5950
-4821
5425
6402
-5177
-11903
-6157
3003
7927
2222
-11447
-14250
1512
12712
4807
-6904
-9048
-4362
5812
13110
4504
-9388
-6749
5442
9074
5768
1462
-4535
-4863
4073
8385
1228
-4961
-3960
-1847
60
2158
-608
-6409
-6510
-2571
-2438
-4644
-3816
-2701
-3895
-4164
-1740
553
1441
754
-983
-889
2716
5684
3974
630
714
3450
4850
4098
2380
1336
1993
3339
2724
985
844
2001
1671
339
930
2651
2993
103
-5119
-7093
121
7493
1543
-11054
-12270
-1711
6973
6096
-3663
-12918
-8246
6788
11791
2197
-6763
-7025
-710
9186
12600
2244
-7861
-3453
5871
8200
5926
1042
-5861
-5109
3858
7067
377
-5249
-5890
-4317
-447
2280
-1854
-8083
-7892
-4284
-2697
-1823
-1558
-4378
-6592
-3650
1318
3316
1298
-1936
-2144
2374
6380
5456
1980
402
1572
4363
6013
4180
1564
1721
3039
2781
2691
3143
2327
847
1353
2383
2791
2458
-1543
-8122
-6503
3802
5632
-5984
-14464
-9509
542
6440
2445
-9236
-14332
-2264
11017
8509
-2225
-6579
-4065
4065
13169
11109
-914
-4838
2599
8246
8733
6496
-353
-6364
-1539
6624
4617
-3426
-6611
-5727
-4100
-1029
-831
-6218
-10238
-8387
-5094
-3127
-2215
-3883
-6586
-5684
-328
4179
3374
-606
-1721
1925
6199
6685
3521
596
1006
4272
6472
4707
1716
1734
3258
3484
2858
2385
1882
2203
2584
2184
2177
1116
-3608
-6043
196
5373
-650
-10079
-10545
-3811
3211
3684
-4939
-13478
-8461
3859
7694
1772
-5027
-7883
-2272
9413
12437
2469
-4798
-900
5626
9667
9741
2891
-4782
-1287
7095
6846
196
-3219
-3941
-3348
-458
-153
-5419
-9444
-7341
-4966
-5402
-5210
-4045
-5575
-6986
-3683
934
1457
-415
-802
354
2759
5699
5661
1914
463
4220
7061
5214
2642
2347
3025
3819
3893
2473
1579
2925
3899
2852
342
-3391
-5444
-629
5242
1704
-7810
-10245
-4230
2821
4646
-1240
-10036
-10014
32
7119
4512
-2657
-8008
-6465
4285
12281
6400
-4602
-5793
732
7433
10034
4658
-5322
-6004
3714
8766
3669
-2809
-5340
-3630
1524
3166
-3237
-9286
-6489
-976
-1112
-5008
-6711
-4776
-985
731
-1655
-3969
-1625
2482
3152
794
-641
887
3469
4046
2806
2354
3184
3350
2724
2664
3228
3026
1978
1436
2237
4076
3773
-1519
-6420
-2071
6125
4646
-5314
-10585
-6283
2182
6665
1197
-9148
-10234
351
8224
5610
-1351
-5880
-5106
3019
9737
5647
-3054
-4022
-177
2954
5337
4349
-2224
-6128
-2012
2467
2265
26
-2872
-6589
-5508
110
2195
-2044
-5386
-4852
-2725
-330
1418
54
-2944
-2711
745
3249
2882
1501
174
52
1778
3849
3430
1272
364
1376
2446
2556
1980
1069
576
1225
1725
1559
1153
-1208
-5124
-4414
1708
3667
-2115
-7673
-6582
-1012
4417
3996
-2674
-7432
-3066
4817
8067
4999
-1134
-4648
276
8699
9561
2804
-2323
-2825
27
4800
5924
-306
-6667
-6064
-2040
450
203
-3511
-8691
-8417
-2481
1207
-1323
-5000
-5661
-3367
373
2775
1360
-1256
-372
2696
3990
3504
3617
3707
3225
3384
4245
4166
3517
3334
2470
834
615
2045
2357
1188
-472
-3334
-6292
-4931
-428
-88
-5383
-9652
-8284
-3091
1489
835
-4643
-7865
-3747
2680
5216
3630
528
-1611
1236
7361
9468
5573
1785
1089
2524
5303
6743
3497
-1413
-2138
139
1012
-525
-2484
-4237
-4637
-4065
-3450
-3624
-4035
-4482
-4294
-3643
-3265
-2416
-857
75
-152
508
1908
2611
3301
5071
5274
3533
3421
5569
6485
5849
4870
3896
3466
3327
1382
-1332
-1582
-511
-1105
-3978
-6889
-7410
-4428
-2012
-3851
-7840
-8404
-5254
-1457
165
-1693
-5034
-4207
992
4362
3465
1171
-344
-5
3380
5970
4285
1017
121
691
2008
3463
2648
-678
-2513
-1041
926
1091
-55
-1457
-2313
-1472
473
1726
1182
-225
-908
276
2317
3263
2236
577
449
2354
3825
2891
1078
1127
2463
1915
-926
-2765
-1568
164
-336
-3215
-5615
-4917
-1689
-151
-1844
-3876
-3708
-2056
92
1874
1428
-648
-1001
1198
3142
3571
2577
475
-740
499
1791
985
-782
-2217
-3162
-2679
-1687
-2237
-3597
-3836
-3769
-3552
-2193
-969
-1250
-1269
-99
862
1761
3422
4213
3397
3217
4627
5680
5389
5073
4787
4209
4295
4983
4786
3449
1505
-578
-1178
-276
-179
-2112
-5259
-7137
-5794
-2769
-2337
-4634
-6610
-6153
-3616
-258
605
-2062
-4331
-2169
1863
3594
2366
31
-1307
679
3955
3941
930
-821
-358
810
1902
1072
-1536
-2676
-679
768
-224
-1978
-2171
-1336
-265
205
-304
-790
80
1556
1844
1595
1641
2099
2584
3374
3408
2655
2235
3109
3502
1788
-554
-1122
-102
453
-108
-2016
-3948
-3957
-1999
-920
-1551
-2791
-3396
-2557
-79
1398
361
-1209
-726
796
2129
2614
1696
101
241
1488
1266
-7
-569
-1054
-2064
-2273
-1817
-1886
-2406
-2827
-3347
-3217
-2054
-1177
-1426
-1639
-1162
-108
1497
2763
2636
2084
2810
4294
5294
5357
4652
3763
3911
4968
5146
3855
1842
296
-42
597
86
-1976
-4015
-4658
-4485
-4058
-4257
-4993
-5642
-5386
-4531
-3171
-1858
-1283
-1610
-1513
74
2060
2642
1969
1732
2283
3060
3299
2920
2177
1755
1373
672
-152
-429
-430
-899
-1841
-2288
-2017
-1669
-1560
-1487
-1413
-1379
-1017
27
1200
1383
1052
1362
2460
3270
3437
3000
2757
3253
3912
3561
1885
263
-76
737
757
-859
-3370
-4845
-4009
-1624
-599
-2436
-5022
-5275
-2575
815
1857
-194
-2785
-2541
445
3233
3178
592
-2055
-1939
796
2864
1846
-880
-2484
-1927
-42
1371
833
-1112
-2313
-1557
92
1232
1190
226
-568
134
1774
2536
1969
1240
1040
1427
2153
2600
2193
1481
1169
937
388
305
1009
1135
-66
-1564
-1899
-855
216
-103
-1437
-2390
-2195
-1051
-71
-217
-1104
-1729
-1555
-812
-98
-41
-466
-1265
-1891
-1493
-223
333
-592
-1674
-1684
-800
-152
-14
-477
-1069
-1045
-131
501
359
148
386
646
945
1522
2007
2005
1821
1753
1737
2150
2808
2751
1847
1409
1840
2288
2277
1895
1145
191
-110
210
68
-946
-1844
-2076
-1785
-1375
-1442
-2176
-2778
-2349
-1526
-1364
-1930
-2151
-1804
-1165
-732
-812
-1325
-1282
-397
267
-120
-722
-615
-91
197
249
261
115
44
152
352
424
595
517
239
273
909
1350
1282
959
855
1174
1751
2007
1612
1237
1386
1912
2068
1907
1410
1121
1162
1326
846
129
-329
-488
-647
-670
-736
-1256
-1856
-1722
-1036
-986
-1555
-1805
-1544
-1373
-1137
-869
-1150
-1771
-1491
-595
-454
-1102
-1271
-1029
-1103
-1138
-783
-857
-1409
-1180
-230
83
-266
6
677
726
578
980
1449
1486
1626
1979
2066
2003
2362
2693
2428
1995
2061
2202
1888
1573
1446
1169
741
532
258
-323
-837
-865
-808
-1144
-1629
-1878
-1887
-1671
-1455
-1626
-1852
-1706
-1531
-1566
-1301
-958
-1069
-1290
-1019
-695
-656
-507
-162
-173
-416
-350
-105
-167
-118
160
145
-184
129
699
696
421
631
919
804
873
1119
1069
848
1336
1739
1470
1006
1302
1628
1560
1346
1190
855
753
1114
1085
473
58
320
301
-148
-523
-601
-824
-915
-939
-1269
-1686
-1565
-1345
-1660
-2109
-2113
-1897
-1815
-1806
-1788
-1712
-1498
-1151
-914
-772
-665
-426
-80
327
507
550
799
1216
1359
1177
1185
1425
1579
1556
1442
1228
1134
1272
1291
1010
788
717
572
436
584
556
201
52
375
437
81
67
469
526
242
226
310
196
209
275
-100
-563
-486
-286
-627
-1107
-1224
-1264
-1469
-1558
-1569
-1779
-1923
-1734
-1563
-1573
-1418
-1106
-952
-854
-577
-256
1
313
508
396
343
713
1143
1136
897
826
961
1030
1010
971
952
905
772
675
727
874
834
744
713
652
521
658
1035
1128
804
675
926
1054
857
665
423
106
-54
-102
-419
-808
-932
-992
-1336
-1722
-1810
-1853
-2077
-2285
-2388
-2525
-2421
-2049
-1846
-1999
-1870
-1272
-643
-343
-84
184
412
765
1289
1552
1579
1818
2211
2328
2209
2212
2323
2309
2099
1755
1282
963
995
963
351
-363
-596
-483
-538
-802
-1237
-1555
-1416
-981
-951
-1240
-1237
-760
-339
-282
-337
-127
376
841
866
562
639
1249
1533
1083
594
542
649
571
258
-337
-814
-792
-680
-1176
-1809
-1778
-1459
-1680
-2158
-2164
-1819
-1569
-1403
-1342
-1421
-1131
-269
316
182
198
874
1525
1660
1625
1803
2104
2402
2550
2358
2106
2160
2330
2072
1534
1191
1008
729
391
9
-497
-809
-804
-897
-1363
-1678
-1562
-1430
-1536
-1626
-1550
-1505
-1444
-1241
-1037
-957
-769
-462
-368
-414
-221
104
157
50
81
231
250
221
178
132
142
309
337
96
-16
283
626
535
229
278
735
964
728
450
480
729
876
733
395
225
355
550
341
-260
-553
-209
9
-446
-955
-860
-429
-299
-499
-641
-492
-179
120
218
132
264
717
1006
854
673
738
815
729
546
310
56
-67
-205
-604
-1041
-1104
-1106
-1487
-1860
-1759
-1609
-1806
-1874
-1454
-1042
-913
-680
-228
87
304
716
1138
1302
1460
1856
2095
1937
1849
2140
2370
2107
1605
1287
1152
939
533
60
-320
-485
-612
-930
-1418
-1630
-1438
-1251
-1381
-1603
-1558
-1238
-907
-811
-801
-622
-228
172
300
286
381
650
806
792
729
706
716
680
499
203
25
-52
-216
-487
-645
-744
-930
-1047
-909
-785
-960
-1097
-919
-615
-441
-261
-2
219
503
960
1222
1131
1198
1613
1858
1653
1379
1335
1384
1313
1085
683
285
138
76
-321
-913
-1180
-1130
-1219
-1491
-1667
-1642
-1514
-1366
-1270
-1185
-936
-580
-360
-254
11
382
594
682
866
1069
1119
1095
1061
944
802
717
557
247
36
-18
-134
-408
-650
-766
-809
-817
-800
-839
-909
-818
-547
-324
-269
-194
9
318
580
648
610
727
1046
1242
1140
969
1007
1218
1315
1118
700
438
531
600
165
-501
-693
-413
-423
-971
-1453
-1381
-1026
-934
-1245
-1607
-1564
-1086
-695
-841
-1118
-828
-112
206
-55
-136
346
861
895
672
593
719
932
1061
883
487
378
668
760
333
-68
33
274
181
-116
-274
-227
-64
72
-69
-373
-356
45
239
-58
-301
-101
246
278
69
-61
17
217
325
183
-60
-30
235
326
116
-26
78
207
146
-38
-176
-216
-183
-191
-364
-614
-674
-564
-593
-806
-903
-824
-788
-814
-741
-648
-623
-487
-166
28
-6
121
504
731
701
813
1113
1241
1185
1212
1285
1234
1124
1052
855
602
503
432
112
-240
-306
-326
-576
-878
-951
-960
-990
-995
-990
-1020
-892
-585
-469
-570
-448
-37
120
34
128
399
469
422
509
581
518
457
477
408
301
280
227
-3
-155
-117
-178
-428
-576
-530
-518
-566
-600
-670
-702
-494
-241
-305
-484
-280
132
264
180
270
510
705
894
1062
1076
1041
1188
1341
1270
1104
1042
983
814
615
449
273
66
-171
-485
-818
-1039
-1189
-1361
-1499
-1610
-1744
-1796
-1649
-1493
-1478
-1386
-1095
-808
-621
-364
-29
224
438
713
918
945
1060
1358
1496
1354
1213
1232
1258
1226
1102
834
565
484
485
325
48
-113
-150
-246
-416
-505
-509
-542
-575
-547
-516
-514
-449
-349
-315
-315
-244
-122
-73
-50
-15
38
78
132
183
178
142
60
-30
-70
-14
1
-154
-402
-499
-403
-371
-509
-646
-703
-711
-604
-513
-591
-695
-576
-323
-204
-251
-223
0
221
291
281
380
586
720
684
677
835
985
995
943
955
998
1031
1005
901
810
833
917
827
593
435
396
369
291
108
-223
-503
-526
-509
-747
-1031
-1101
-1119
-1270
-1443
-1509
-1454
-1284
-1172
-1282
-1383
-1118
-665
-490
-530
-380
-20
257
359
415
549
821
1086
1027
742
731
1058
1163
832
518
460
460
376
265
82
-118
-175
-142
-188
-292
-270
-171
-133
-153
-137
-70
73
276
367
286
259
475
711
668
473
451
516
465
377
319
175
-30
-123
-146
-272
-478
-659
-816
-912
-883
-800
-873
-1058
-1020
-724
-551
-619
-630
-481
-280
-61
104
34
-49
226
624
592
304
352
648
705
489
366
393
426
371
220
39
5
175
205
-65
-223
-5
170
59
-9
93
168
236
374
363
259
369
521
379
160
204
276
128
-68
-202
-340
-423
-425
-567
-868
-996
-863
-808
-987
-1047
-832
-645
-687
-724
-528
-212
-10
44
99
145
287
667
978
846
606
762
1106
1230
1148
926
636
588
851
902
489
91
73
146
13
-133
-256
-414
-496
-451
-530
-738
-711
-464
-428
-632
-713
-517
-186
-37
-147
-208
3
199
195
172
243
236
146
137
179
141
83
56
-78
-212
-234
-216
-286
-303
-283
-375
-454
-334
-96
-22
-88
-194
-167
98
477
530
179
-50
258
783
877
491
113
214
663
859
471
-35
-24
375
497
185
-94
-116
-52
40
147
37
-287
-373
-107
113
21
-269
-480
-402
-76
44
-287
-683
-701
-454
-353
-479
-639
-759
-818
-720
-574
-585
-595
-462
-378
-351
-195
25
87
106
245
441
565
639
752
887
987
991
973
949
906
914
919
748
509
477
475
274
136
143
-83
-478
-587
-502
-565
-699
-787
-908
-914
-698
-547
-626
-683
-556
-395
-275
-152
-11
128
272
375
416
484
603
669
562
380
366
529
506
180
-120
-200
-169
-126
-235
-539
-675
-497
-401
-551
-675
-578
-379
-267
-302
-279
-70
121
188
193
202
317
603
758
608
464
555
689
724
640
374
220
416
557
257
-54
8
119
5
-127
-224
-366
-355
-183
-293
-654
-662
-334
-280
-507
-553
-467
-436
-404
-425
-567
-456
-113
-134
-408
-336
19
207
250
194
89
265
717
853
571
483
721
875
835
779
708
635
623
573
356
113
5
-38
-147
-332
-493
-573
-614
-690
-765
-789
-789
-784
-779
-770
-642
-390
-290
-399
-297
88
291
166
127
314
499
564
491
365
345
419
389
264
156
29
-72
-68
-136
-387
-506
-391
-372
-528
-619
-586
-499
-303
-148
-182
-191
29
313
446
451
476
663
915
953
788
753
923
1039
924
673
503
499
465
249
-53
-229
-281
-408
-644
-798
-749
-713
-864
-1046
-984
-727
-543
-564
-656
-609
-286
105
166
-61
-70
295
568
450
179
120
317
500
366
-32
-249
-72
170
87
-267
-521
-422
-103
18
-199
-393
-235
70
236
208
91
109
424
715
607
343
381
640
713
519
232
141
322
458
214
-163
-250
-92
-52
-271
-551
-616
-408
-241
-383
-612
-556
-320
-198
-257
-364
-309
-38
187
142
18
103
324
453
405
266
213
346
462
308
59
62
206
92
-175
-224
-130
-177
-325
-422
-486
-430
-317
-386
-573
-483
-160
-27
-116
-130
78
328
485
484
452
560
776
864
748
626
600
645
634
435
136
15
47
-82
-408
-641
-713
-735
-760
-864
-1031
-989
-720
-648
-792
-699
-349
-151
-125
-49
105
317
618
756
574
527
852
1036
760
508
552
600
483
308
80
-143
-132
-50
-273
-638
-669
-463
-444
-605
-663
-590
-455
-256
-129
-224
-253
52
360
301
146
206
395
536
493
274
125
295
469
287
-73
-219
-97
51
-10
-290
-477
-334
-140
-208
-383
-384
-233
-98
-56
-111
-99
56
233
240
119
67
195
340
295
141
90
152
184
202
174
35
-45
66
131
1
-128
-70
47
74
17
-63
-97
8
166
126
-93
-138
59
169
89
7
6
9
23
17
-19
-70
-123
-185
-211
-185
-183
-248
-318
-317
-253
-223
-233
-192
-109
-42
-17
0
23
101
261
385
322
208
274
431
485
406
229
66
121
306
240
-56
-185
-100
-73
-172
-295
-362
-311
-213
-223
-291
-260
-140
-67
-129
-206
-90
127
169
78
61
130
229
351
315
77
23
257
335
80
-79
-12
58
107
81
-136
-290
-75
136
-32
-275
-223
-51
-8
-55
-134
-123
7
51
-83
-127
30
134
17
-145
-142
32
176
89
-134
-170
42
194
94
-105
-114
58
173
76
-84
-84
104
233
132
-17
34
194
188
55
-19
-37
-60
-86
-132
-215
-229
-190
-262
-380
-314
-161
-243
-399
-298
-116
-105
-120
-16
51
97
258
376
309
280
401
421
364
444
527
381
223
268
305
183
58
-4
-89
-130
-146
-262
-389
-347
-263
-340
-442
-386
-275
-216
-186
-181
-188
-56
144
191
159
194
256
268
299
308
244
180
196
145
5
-23
45
4
-146
-233
-246
-220
-197
-224
-305
-285
-190
-180
-212
-145
-12
59
50
-12
-2
152
281
214
87
41
86
213
312
168
-77
-82
119
195
68
-96
-154
-47
46
-25
-171
-156
-25
69
21
-137
-176
16
234
185
-43
-122
65
302
329
122
-69
-6
206
309
196
-31
-159
-56
139
157
-30
-252
-293
-90
97
-22
-298
-325
-97
13
-98
-191
-153
-81
21
58
-68
-135
66
292
197
-9
-16
167
298
255
81
-29
87
267
256
69
-21
31
95
59
-66
-189
-186
-92
-120
-271
-343
-257
-220
-297
-347
-322
-285
-268
-257
-235
-164
-75
-11
35
115
188
228
321
425
410
358
450
548
490
408
426
416
291
144
61
11
-16
-109
-365
-586
-537
-393
-486
-705
-761
-643
-482
-360
-337
-398
-388
-195
75
227
212
209
348
554
725
789
724
600
559
635
711
651
439
200
78
105
172
50
-314
-578
-513
-359
-425
-639
-804
-806
-655
-522
-573
-649
-510
-314
-264
-204
-7
147
167
193
314
475
618
637
507
426
558
676
573
396
275
220
193
164
47
-108
-234
-359
-390
-305
-306
-480
-622
-592
-426
-246
-247
-444
-460
-128
168
116
-7
83
318
531
624
520
402
588
859
798
505
423
499
467
327
173
-13
-131
-104
-171
-429
-613
-570
-550
-680
-769
-758
-748
-704
-600
-549
-548
-445
-307
-270
-240
-73
104
140
116
155
356
630
725
538
370
527
842
892
580
236
193
433
592
377
-84
-335
-172
71
-37
-413
-620
-492
-290
-279
-435
-499
-354
-210
-192
-184
-98
-33
-23
21
159
325
381
285
175
288
522
497
219
77
196
248
142
-8
-149
-242
-225
-212
-354
-500
-496
-403
-397
-445
-436
-345
-226
-146
-117
-71
26
105
166
247
307
332
369
372
327
384
496
426
224
164
260
272
188
44
-154
-207
26
155
-133
-433
-338
-64
53
-26
-253
-416
-216
169
192
-152
-341
-128
160
192
-10
-196
-190
-2
153
59
-161
-205
-48
54
11
-43
-55
-68
-51
27
75
66
49
15
36
182
273
139
-36
-23
174
339
256
-39
-193
-7
243
202
-83
-285
-243
-32
90
-47
-306
-363
-170
18
-9
-166
-215
-103
29
71
74
60
20
20
117
220
211
116
10
-11
107
228
127
-138
-252
-132
-23
-75
-223
-383
-433
-270
-74
-144
-365
-366
-125
88
124
17
-76
29
287
414
331
251
297
384
448
442
333
204
197
273
256
117
4
-26
-55
-95
-133
-168
-221
-229
-193
-186
-235
-232
-141
-113
-165
-164
-68
-1
18
23
6
20
125
187
43
-83
16
127
82
14
-24
-83
-47
86
84
-99
-197
-103
-5
-4
-52
-136
-159
-22
139
119
-17
-55
32
147
203
178
69
2
87
215
219
136
49
-5
33
131
140
-14
-158
-157
-58
-16
-96
-210
-254
-166
-71
-101
-179
-204
-193
-124
-28
-18
-110
-132
-43
13
44
76
20
-69
17
156
153
62
32
37
83
169
134
-40
-106
40
110
-3
-101
-77
-5
103
126
15
-67
43
198
203
112
80
160
215
206
193
190
128
51
49
82
42
-49
-116
-157
-170
-126
-116
-216
-306
-278
-205
-207
-230
-263
-264
-167
-63
-108
-190
-89
71
91
13
-9
75
214
267
167
50
78
227
297
189
27
-16
71
136
66
-71
-101
-9
55
12
-71
-56
36
68
-19
-70
37
146
110
-9
-28
61
168
149
-24
-141
-42
102
53
-124
-235
-201
-93
-47
-140
-269
-274
-164
-73
-63
-99
-118
-67
45
116
116
106
123
173
258
296
214
118
140
192
139
43
-6
-52
-109
-138
-156
-193
-231
-260
-326
-355
-257
-145
-186
-246
-162
-13
61
98
130
159
251
366
372
301
322
423
418
295
223
225
216
130
0
-107
-154
-160
-207
-323
-423
-409
-367
-377
-398
-382
-336
-283
-230
-175
-104
3
92
104
121
247
394
422
366
335
403
489
483
359
222
186
219
187
49
-78
-114
-119
-158
-241
-310
-315
-283
-304
-383
-387
-264
-145
-161
-220
-171
-40
80
137
100
52
144
296
310
215
157
146
143
180
175
58
-85
-75
9
3
-80
-193
-259
-181
-33
-43
-172
-220
-107
39
96
46
9
54
173
251
229
181
182
212
215
238
229
149
52
62
103
53
-44
-110
-147
-184
-178
-205
-298
-347
-302
-252
-248
-234
-229
-229
-178
-97
-89
-119
-76
1
66
96
99
98
144
208
208
142
80
89
134
132
62
-13
-24
11
19
-44
-129
-151
-105
-54
-94
-185
-186
-65
38
10
-29
-1
67
168
253
188
62
119
278
283
158
82
84
115
158
114
-16
-58
-8
4
-44
-79
-102
-120
-127
-125
-119
-101
-102
-115
-98
-66
-60
-64
-43
-16
11
44
42
-13
-46
2
72
48
-48
-104
-73
0
43
-13
-122
-152
-38
74
46
-51
-63
19
91
131
128
92
61
89
136
157
152
126
70
56
121
171
99
-38
-93
-36
37
38
-77
-227
-212
-34
51
-100
-265
-218
-57
5
-38
-100
-124
-51
80
132
59
-5
45
147
210
183
83
-2
35
148
138
-21
-137
-92
-11
-26
-113
-189
-201
-120
-43
-94
-196
-160
-16
35
-24
-45
32
125
167
143
104
139
226
210
62
15
131
184
71
-45
-36
11
28
-16
-130
-205
-150
-63
-96
-178
-155
-75
-59
-63
-30
-19
-12
17
33
46
84
100
61
46
95
128
101
48
3
1
37
32
-46
-128
-123
-59
-33
-78
-167
-206
-135
-15
-12
-125
-156
-58
38
65
43
4
15
90
145
116
64
56
95
103
58
44
90
132
108
57
4
-4
43
71
-9
-101
-57
43
38
-31
-69
-91
-78
-5
8
-119
-184
-100
-15
-24
-43
-50
-75
-62
15
37
-6
-32
-21
0
43
85
80
76
87
100
115
144
134
92
68
50
49
87
116
43
-76
-73
2
-8
-75
-121
-159
-171
-85
-21
-72
-116
-55
31
60
52
-8
-40
80
237
174
-7
-2
170
219
114
8
-27
6
82
66
-90
-200
-168
-132
-153
-156
-167
-259
-286
-156
-67
-113
-179
-167
-76
58
119
50
6
102
256
298
239
184
195
276
311
217
89
83
131
114
23
-57
-104
-97
-103
-153
-221
-236
-208
-191
-157
-130
-135
-155
-101
-23
11
-17
-33
-8
51
112
121
84
63
115
157
121
53
25
63
107
55
-48
-85
-37
-18
-77
-139
-140
-81
-55
-100
-146
-127
-66
-14
-24
-62
-49
10
96
126
97
58
64
109
129
93
52
71
100
58
-8
3
32
22
-20
-74
-110
-50
33
9
-75
-100
-37
60
88
8
-63
-26
71
101
59
11
25
82
98
70
25
13
23
-5
-65
-66
-5
22
-47
-115
-77
28
90
28
-98
-93
88
206
109
-27
-15
91
172
160
59
-57
-62
13
59
7
-79
-147
-147
-75
-22
-31
-117
-214
-215
-76
64
19
-145
-179
-36
95
103
18
-60
-41
62
152
138
35
-42
-16
75
124
64
-46
-82
-20
37
12
-92
-150
-98
-21
-28
-83
-71
2
59
43
46
99
124
84
90
163
170
111
64
66
108
159
122
0
-45
18
63
-17
-145
-209
-186
-152
-150
-195
-252
-255
-174
-79
-74
-133
-148
-88
-21
39
68
47
11
60
158
197
179
147
127
141
187
204
132
25
3
44
34
-38
-101
-109
-102
-102
-115
-142
-180
-188
-161
-105
-42
-51
-79
-16
125
191
143
84
114
212
283
241
136
99
165
219
178
74
2
29
95
57
-98
-172
-101
-56
-150
-235
-196
-141
-148
-176
-207
-234
-180
-91
-95
-134
-85
-2
15
15
53
103
103
82
82
111
162
184
143
96
125
190
188
90
7
30
97
86
-14
-87
-70
-16
-19
-81
-148
-173
-153
-114
-103
-144
-203
-196
-100
-2
-25
-115
-102
9
95
80
19
-6
55
190
255
160
76
137
257
267
169
47
2
75
147
88
-73
-164
-121
-30
-38
-168
-314
-319
-207
-135
-176
-276
-289
-174
-82
-96
-98
-40
15
36
58
85
126
182
201
155
138
209
257
228
157
133
132
148
136
89
24
-6
-12
-39
-39
-29
-63
-151
-154
-92
-85
-126
-141
-148
-130
-61
19
23
-14
-17
46
123
156
143
96
74
112
194
214
147
64
23
46
80
40
-29
-71
-95
-107
-94
-103
-152
-197
-204
-177
-110
-90
-151
-219
-186
-29
48
-47
-128
-54
72
165
177
107
50
111
241
274
182
98
97
145
158
102
13
-35
-18
2
-35
-70
-94
-119
-142
-145
-104
-85
-125
-183
-160
-69
-2
-16
-64
-47
54
119
80
29
44
64
55
61
84
58
33
51
63
29
0
-23
-77
-117
-109
-79
-89
-130
-153
-120
-29
26
-41
-131
-78
47
93
37
-40
-40
78
192
158
25
-5
97
168
138
49
-41
-13
95
107
12
-55
-35
7
58
64
-4
-87
-60
40
68
-16
-109
-112
-44
22
16
-44
-83
-57
13
52
16
-35
-31
3
15
40
36
-1
-20
14
63
65
9
-53
-60
7
69
45
-27
-42
30
72
18
-52
-49
10
40
0
-62
-59
9
43
-23
-97
-63
17
42
1
-49
-60
2
66
48
-17
-31
8
52
54
7
-33
-20
14
9
-14
-20
7
33
27
19
22
39
54
54
42
41
75
65
23
13
45
38
0
-14
8
18
12
-10
-49
-41
18
37
-28
-99
-74
25
36
-55
-141
-119
-34
-5
-59
-101
-42
36
53
5
-26
9
62
28
-59
-81
-3
45
13
-25
-27
12
61
51
-30
-59
5
35
-25
-58
-35
12
55
45
-47
-88
-27
37
24
-50
-91
-23
70
84
48
11
13
77
115
44
-21
27
73
45
39
48
24
31
80
55
-27
-54
-19
17
29
-27
-94
-98
-21
53
11
-83
-133
-92
-19
-7
-86
-149
-124
-76
-54
-37
-44
-67
-47
-4
-2
-8
20
56
75
91
97
97
118
106
80
76
95
81
32
-11
-3
43
40
2
-27
-41
-31
4
-19
-95
-108
-39
15
-2
-54
-59
-20
40
91
51
-41
-52
43
95
68
12
-3
22
64
103
75
12
4
26
16
-4
-13
-49
-100
-87
-19
5
-34
-68
-61
-15
10
-21
-67
-43
9
9
-21
-10
47
85
56
1
-3
41
72
7
-58
-41
23
38
10
-32
-49
-5
16
-21
-76
-81
-37
-18
-35
-32
-9
1
3
23
44
21
-11
-17
-4
22
36
14
3
16
53
59
22
-21
-25
3
6
-21
-47
-31
3
0
-17
-24
-25
-7
-14
-33
-31
4
26
24
2
-3
13
49
42
-14
-47
-22
30
45
-8
-61
-29
41
39
-27
-48
0
43
39
12
-14
21
68
61
0
-42
-8
45
23
-38
-28
22
50
35
-2
-17
15
50
31
-14
-11
30
63
28
-25
-50
6
58
50
10
-6
16
36
40
4
-13
-22
-25
3
43
25
-32
-55
-34
-21
-23
-1
-18
-80
-84
13
76
8
-83
-70
40
97
53
-43
-91
-12
106
60
-72
-75
31
60
36
13
-39
-47
8
44
-15
-49
-16
4
-29
-62
-72
-51
-9
-9
-39
-57
-4
59
72
24
-15
-3
33
49
60
77
49
35
53
57
36
9
-43
-88
-74
-47
-63
-119
-128
-72
-26
-26
-59
-114
-114
-31
23
-9
-55
-35
35
73
58
24
29
71
113
97
35
9
11
-5
-23
-14
-25
-33
-9
9
-11
-39
-20
-10
-34
-38
-33
-29
-37
-12
27
21
14
54
100
94
43
3
48
125
107
29
16
65
110
99
25
-20
-5
37
16
-49
-74
-19
50
16
-62
-83
-26
36
22
-78
-109
-16
77
39
-52
-58
-5
33
46
16
-35
-40
-29
-12
0
16
-8
-45
-48
3
59
39
-42
-64
-22
36
40
-33
-88
-49
57
105
34
-40
-28
26
75
83
47
16
46
62
38
21
4
-3
28
10
-49
-45
18
30
-28
-69
-63
-39
-26
-33
-78
-99
-65
-28
-52
-99
-99
-42
-8
-29
-43
-40
-3
68
84
18
-9
82
176
154
74
34
80
138
141
68
-10
-23
-11
-10
-18
-12
-56
-118
-79
14
11
-81
-131
-108
-40
-17
-80
-143
-109
-27
11
-13
-68
-61
21
66
22
-19
7
48
91
111