-4
-3
0
-1
-2
-3
-1
2
3
2
2
1
-3
-4
-3
-4
-4
-1
2
2
2
3
4
3
0
0
-1
-2
-3
-2
-2
-2
1
2
1
-1
-1
-3
-2
-2
-3
-3
-3
-3
-4
-5
-5
-4
-4
-4
-2
-1
-1
-3
-4
-3
-1
-4
-8
-9
-7
-5
-4
-5
-7
-6
-8
-6
-4
-3
-3
-4
-4
-3
-1
3
2
0
-4
-5
-3
-2
-1
0
3
3
1
1
0
-1
-2
-3
-2
-1
3
4
7
6
5
2
-1
-1
2
2
1
3
8
9
8
8
13
15
12
6
5
11
13
11
5
2
2
4
7
6
7
7
9
10
7
4
2
6
6
2
-3
-4
-1
1
3
1
0
0
0
0
-3
-3
-3
-3
-3
-2
0
0
-1
-2
-5
-6
-8
-11
-10
-8
-3
-2
-2
1
4
4
4
2
-2
-3
-1
-2
-4
-1
5
5
4
2
3
2
-2
-4
-2
-3
-6
-8
-6
-4
-4
-7
-8
-11
-11
-9
-8
-7
-9
-13
-14
-14
-13
-11
-6
-4
-2
2
7
7
3
2
3
4
2
0
2
7
6
4
4
8
8
5
5
5
3
-3
-5
-8
-5
-2
0
1
4
11
15
13
7
1
2
3
-2
-5
-5
-3
1
1
-2
-5
-3
1
0
-2
2
5
4
3
1
0
0
-4
-8
-10
-8
-8
-9
-9
-9
-6
0
2
0
-3
-4
-1
0
-2
-5
-5
-3
-1
3
1
-4
-8
-9
-10
-11
-3
10
20
28
31
37
42
44
39
32
30
25
22
14
7
5
6
3
-1
3
6
4
3
6
5
-8
-20
-21
-15
-10
-8
-10
-6
-1
-1
-5
-3
-3
-9
-17
-18
-12
-13
-15
-15
-13
-12
-16
-20
-17
-10
-4
1
11
22
22
21
19
12
1
-2
1
4
2
1
1
1
3
0
-5
-7
0
-1
-8
-15
-26
-31
-29
-27
-27
-28
-26
-7
11
6
3
20
25
15
17
24
13
5
7
5
8
21
20
5
8
21
10
-1
1
-1
-6
3
3
-2
4
8
2
-3
-3
-21
-29
-20
-22
-28
-18
-14
-23
-19
-14
-19
-16
-15
-31
-29
-14
-16
-24
-17
-20
-25
-20
-19
-25
-21
-19
-23
-1
17
11
15
35
43
46
59
53
30
29
27
12
5
0
-14
-13
2
-2
-19
-14
3
1
0
13
17
18
38
56
60
63
64
58
52
42
25
2
-14
-24
-33
-35
-33
-32
-38
-52
-60
-61
-67
-69
-54
-35
-14
23
49
71
84
86
86
80
53
27
17
15
9
-7
-10
9
25
10
-18
-19
-19
-29
-38
-47
-49
-38
-27
-24
-16
-1
12
13
9
-2
3
1
-17
-13
-4
-13
-4
16
13
16
38
47
43
53
40
9
13
12
-10
-25
-35
-28
-24
-25
-19
-8
-1
-16
-44
-73
-107
-141
-169
-183
-187
-188
-186
-164
-119
-58
-26
0
43
83
142
135
82
68
82
93
94
69
17
17
81
74
88
175
201
177
179
265
283
216
187
209
184
116
70
10
-55
-44
23
31
-9
-32
28
58
-5
-83
-98
-145
-246
-389
-430
-434
-523
-588
-665
-720
-707
-639
-545
-430
-296
-105
65
191
299
482
625
688
717
716
723
682
697
663
417
202
251
239
35
-104
-195
-214
-126
-152
-307
-419
-422
-369
-325
-263
-124
-1
129
343
407
429
431
268
221
262
163
-87
-306
-309
-189
-176
-275
-420
-491
-320
-246
-424
-567
-505
-406
-397
-399
-414
-340
-144
72
155
210
437
636
761
993
1214
1256
1114
998
921
752
503
129
-267
-262
-54
-92
-232
-160
140
335
350
107
-75
123
98
-367
-637
-771
-921
-866
-877
-1148
-1386
-1220
-1198
-1270
-1133
-1132
-1042
-837
-529
-162
322
617
683
904
1272
1433
1397
1220
874
714
623
415
-25
-368
-658
-794
-622
-435
-334
-241
-42
179
343
560
718
378
114
185
173
-84
-477
-808
-1053
-935
-530
-535
-881
-836
-407
-44
265
540
538
537
1091
1625
1550
1453
1483
1452
1417
1352
1198
712
233
-28
-228
-353
-561
-838
-979
-590
6
36
-225
-38
153
100
64
-51
-220
-198
-1
47
7
77
187
-15
-315
-455
-739
-1251
-1717
-1739
-1576
-1637
-1682
-1440
-1120
-861
-390
49
128
343
764
1127
1349
1409
1256
1158
1217
1163
734
280
106
20
-107
-224
-289
-319
-299
34
185
-43
209
500
462
406
389
130
-61
-168
-434
-687
-538
-218
9
431
879
1299
1705
1847
1644
1171
450
-92
-669
-1527
-2279
-2576
-2643
-2479
-2164
-1860
-1279
-664
-408
-755
-1009
-1110
-1571
-2416
-3263
-3376
-2568
-1414
-350
1335
3531
5860
8066
9446
9676
8977
7872
6373
4210
1570
-1018
-3518
-5366
-6166
-6584
-6928
-7141
-6978
-6014
-4567
-3536
-3107
-2426
-1233
-169
676
1600
2247
2931
4171
5254
5828
6384
6904
6525
5844
5276
4114
2309
553
-1022
-2684
-4270
-5580
-6593
-7280
-7632
-8002
-8033
-7993
-8226
-7753
-7613
-8197
-7208
-4944
-3059
-416
3188
6667
11019
15702
18756
20648
21992
21130
18841
16884
11884
3948
-1268
-5626
-12142
-15587
-15789
-18628
-19674
-15381
-12835
-12456
-8789
-6178
-7058
-4368
-261
-550
-301
3254
4959
6936
11900
13915
12984
15131
16679
14191
12870
11389
5446
578
-802
-4559
-9563
-11272
-13260
-15748
-14427
-13164
-14519
-14564
-13442
-13211
-11941
-10026
-9286
-7595
-3541
1065
5842
11436
16449
20770
25328
28669
29430
28572
25879
21291
16245
9931
2046
-5229
-11934
-18240
-22033
-23968
-26137
-26397
-23683
-20599
-17478
-12765
-8327
-5873
-2608
1658
4328
6539
9513
11662
13979
17729
20214
21015
22047
21757
19065
16540
13093
6408
-450
-5601
-11373
-16920
-19992
-22436
-24714
-24212
-22329
-22015
-20086
-16036
-14222
-12962
-9221
-5904
-3596
1085
6548
10731
15593
21042
25869
29548
31940
32498
31610
29152
23852
17027
9221
-469
-9351
-15736
-22175
-27630
-29696
-31074
-31325
-27485
-22885
-20147
-15518
-9342
-5620
-1298
5421
9234
10484
14206
17953
19441
21742
23523
22245
21489
21907
19568
15520
11965
6218
-1279
-6204
-10646
-17379
-22733
-25047
-27170
-27916
-25242
-22327
-19824
-14932
-9520
-6207
-2189
2640
4632
5255
7547
9142
9409
11181
13016
13229
14810
18042
19642
19950
20331
19599
17678
15233
10921
5151
-280
-6819
-14157
-18911
-22174
-26463
-28748
-27532
-26110
-23604
-17942
-12411
-8253
-2395
4083
8488
12829
17050
18270
18321
19644
19465
17501
16484
15144
12067
9838
8593
5946
2523
-770
-4844
-8863
-11407
-14464
-18887
-21891
-22474
-22404
-21318
-18364
-14971
-11328
-6012
-782
2643
6229
9347
9591
9290
9993
9467
8266
8279
8077
7915
10006
12598
13592
14619
16073
16049
14969
13079
9198
4199
-1537
-8926
-15267
-18903
-22578
-26049
-25994
-24149
-21752
-16126
-9351
-5615
-1713
4572
8617
10507
13157
13866
12153
12413
13443
11887
10677
11614
10939
8915
8768
7939
4656
1704
-1250
-5982
-9547
-11521
-15477
-19366
-19677
-19292
-19012
-15946
-12208
-9743
-5486
-709
1110
3512
6936
6376
4852
6359
6251
4518
5968
7612
7073
9285
13531
14954
15767
17811
17900
16151
14581
11341
6160
395
-6867
-13707
-17481
-20969
-25336
-26399
-24854
-23442
-18894
-11839
-7981
-5054
1198
6455
8760
11813
13896
12798
12855
15133
15113
13867
14445
13726
11203
10690
10146
6136
1667
-1601
-5982
-9865
-11705
-14979
-19443
-20404
-19218
-19010
-17138
-13324
-11649
-10002
-4837
-172
1071
2609
4887
5496
6401
8737
9613
9193
10477
12893
14755
16533
17647
17311
17215
17197
15178
11986
8734
3153
-4754
-10906
-15031
-20317
-25652
-28020
-28536
-28246
-24401
-17953
-13363
-9571
-2888
4229
8623
12195
15449
16156
15800
16865
17441
16430
15535
14712
13068
11897
11122
8723
4842
920
-3420
-7765
-10709
-13829
-18450
-21728
-21876
-21459
-20832
-17947
-14876
-13573
-9968
-3936
-734
1197
4947
6964
7700
11233
13961
13142
13743
16164
16451
16813
18672
18113
15892
15599
14693
11445
9109
6053
-1306
-8672
-12384
-16952
-23380
-27084
-28967
-31322
-29953
-23659
-18310
-15019
-9094
-655
6054
10988
15771
18797
19196
19425
20398
20066
18181
16335
14538
12498
11078
9364
6208
2655
-888
-5352
-9379
-12069
-15784
-20745
-23305
-23143
-22978
-22254
-19930
-17050
-13996
-9912
-4811
152
3842
6747
10505
14419
16600
17625
18648
19116
18552
18150
17939
16883
15076
13181
11382
9861
8012
5302
1149
-5089
-11286
-15303
-19427
-25016
-29103
-31079
-32100
-29369
-22683
-17193
-13078
-5199
4629
11303
17102
23193
25137
23811
24186
24451
21465
17429
14071
10520
7905
6685
4671
1402
-1521
-4551
-7825
-10183
-13043
-18289
-23156
-24841
-25528
-26290
-25298
-22985
-20600
-16053
-8933
-2236
3304
8733
13641
18345
22858
24705
23708
22808
22000
19555
16801
14760
11813
8557
7084
6790
5708
4608
3223
-995
-7032
-11120
-14690
-20980
-26881
-29906
-32059
-32036
-26840
-20205
-15437
-8363
2617
12024
18387
24561
28652
28338
26879
25785
22220
16583
11636
7269
3260
1137
-81
-2129
-4138
-5578
-7534
-9272
-10541
-13813
-19030
-22185
-22675
-23239
-23826
-22826
-20204
-16270
-10621
-3593
3129
8501
13219
18455
23136
25099
24314
22782
20873
17870
14411
11209
7993
4785
2900
2860
3678
4241
4715
4396
1231
-3882
-7821
-11918
-18707
-25466
-29120
-30917
-30522
-25475
-18526
-12946
-5289
6141
15466
20914
25891
28695
26776
23881
21695
16883
10322
5731
2323
-1106
-2382
-1981
-2638
-3912
-4497
-5297
-6543
-8170
-11596
-16604
-19850
-20585
-21362
-22626
-21903
-18813
-14942
-9295
-1419
5017
8994
14147
20064
22940
22941
22169
20295
17189
14024
10871
7188
4214
2376
1369
2073
3868
4806
5808
6969
4325
-1544
-5537
-9227
-16559
-23710
-26979
-29251
-29820
-24929
-17507
-11723
-4491
5916
14754
20542
25468
27630
25336
21894
19093
14839
9252
4616
1059
-2027
-3245
-2569
-2277
-3241
-4065
-4347
-5231
-7026
-9733
-13625
-17366
-19041
-19959
-21274
-21289
-19213
-15979
-10794
-3567
2778
7682
13241
18658
21625
22629
22242
19825
16425
13392
10139
6493
3729
1857
761
1626
3629
5111
6596
7954
6183
1359
-2503
-5925
-12656
-20386
-24862
-27864
-29923
-26836
-19762
-13947
-7793
2503
12739
19083
24179
27953
26480
21796
18224
14019
7540
2080
-1172
-4165
-5574
-4005
-2085
-1865
-1676
-1083
-1537
-3139
-5733
-10051
-14782
-17567
-19035
-21045
-22229
-20570
-17124
-12609
-5908
1447
6743
11582
17345
21096
21472
20521
18470
14820
11091
7930
4543
1880
630
207
1201
4085
6566
8230
10910
11776
7130
1641
-852
-5848
-15004
-21439
-24454
-28433
-29485
-23564
-16807
-12443
-4505
6946
14654
19321
24471
25882
21563
16836
13272
7428
925
-2968
-5257
-6936
-5645
-2092
200
1379
3159
3821
2434
628
-2616
-8549
-13773
-16219
-18908
-22173
-22264
-19779
-17342
-12500
-4577
1627
5922
11786
16946
18316
18050
17277
14274
10415
7707
4840
1750
776
1275
2189
4925
8377
10299
12776
16246
15013
8390
3171
-280
-7695
-16840
-22091
-25950
-30436
-29713
-22835
-17319
-13298
-4663
5938
12243
16721
21591
21977
17373
13800
11206
6220
1151
-1262
-2867
-3601
-1202
2635
4451
5138
6023
5632
3982
1698
-2986
-9713
-14573
-17343
-20853
-23381
-22076
-20113
-18299
-12314
-4133
706
4842
11028
14880
15370
16181
16109
12966
10080
8646
6097
3605
3729
4247
4935
7832
10938
12496
14620
17033
14828
8118
2721
-1489
-9192
-17996
-23156
-27364
-31880
-31086
-24443
-19174
-15651
-7599
2737
8732
13200
18981
20254
15841
13006
12417
8961
4342
2673
1803
557
2472
6385
7608
6838
7000
6603
4384
1302
-3420
-10048
-15362
-18656
-22186
-24718
-24231
-22674
-20427
-14737
-7322
-2207
2067
7714
12246
14333
15680
15638
13628
11895
10880
8953
7071
6684
6506
6998
9746
12556
13514
14987
17446
16035
9635
3755
-362
-7511
-16722
-22270
-25827
-30781
-32246
-26914
-21299
-18507
-11936
-1708
4778
9155
15760
19250
16499
14164
14177
11920
7921
6142
5204
3542
4037
7004
8447
7915
7528
6958
4925
1795
-2273
-8114
-14204
-18634
-22112
-25523
-26391
-24946
-23361
-19545
-12305
-6307
-2204
3547
9296
12325
14355
15953
15471
14151
13619
12498
10569
9711
9407
9198
10686
12581
13081
14175
16187
16286
12522
6516
777
-4973
-12273
-19230
-24316
-28798
-32301
-31011
-25366
-21100
-17547
-9252
223
5669
11013
17483
19077
16463
15787
15979
13297
10188
9036
7442
5944
7174
9284
8852
7393
6247
4212
1291
-1746
-6411
-12754
-17826
-20829
-23999
-26226
-25611
-24230
-22287
-16931
-10088
-5419
-735
5603
10692
13438
15914
17522
17120
16198
15476
13665
11684
10471
9444
9084
9936
10607
10781
11595
12673
12378
8733
2485
-2806
-7384
-14507
-21987
-25821
-28831
-32277
-30744
-24112
-19721
-16172
-7079
2490
7019
12146
19262
21046
18226
17810
18279
15547
12386
11135
9070
6536
6467
7642
6588
3933
1709
-224
-2697
-5549
-9296
-14007
-17960
-20097
-21603
-22878
-22533
-21355
-19455
-15000
-8704
-4286
-492
5528
11285
14181
16507
18969
19214
17607
16505
15125
12387
9639
8035
7031
6469
6554
7169
7893
8523
9243
7798
2931
-2245
-6026
-11703
-18983
-23520
-26514
-30487
-30719
-24814
-19587
-16354
-8307
2068
7614
12432
20174
23540
20771
19357
19587
16542
12126
9779
7136
3566
2383
3458
3249
1475
-394
-1904
-3184
-4785
-7954
-12462
-16282
-18564
-20147
-21380
-21576
-20865
-19102
-14923
-8522
-3095
864
6101
12113
15971
18302
20070
20123
18388
16639
14907
12110
9171
7102
5733
5035
5227
5634
6166
6923
7746
7370
3790
-1369
-5343
-9926
-16865
-22242
-24951
-28642
-30969
-26646
-19934
-16461
-10794
-183
7606
11839
18535
24079
22848
19974
19726
17890
12844
8815
6369
3110
473
585
1366
468
-1017
-2095
-3011
-4089
-6191
-9889
-13936
-16882
-18681
-20149
-20668
-20104
-18935
-15859
-9799
-3631
592
5195
10898
15402
18071
20074
20545
19016
17155
15389
12797
9759
6844
4404
3478
3531
3061
3108
4406
5201
5180
4507
1251
-3862
-8188
-12633
-18362
-22606
-25059
-27852
-27705
-21749
-15345
-11006
-3428
6304
12074
16289
22454
25356
22070
18618
17278
14068
8816
5213
2754
-294
-2287
-1435
-189
-1226
-3032
-3685
-4116
-5638
-8018
-11282
-14670
-16876
-17740
-18092
-17261
-15840
-14287
-10330
-3839
1037
3984
8183
12495
14819
16553
18096
17341
15325
14136
12847
10252
7524
5151
3328
2537
1924
1078
1334
2044
2382
3345
2757
-1328
-5234
-7173
-11047
-16317
-18663
-20279
-23312
-21934
-15111
-10467
-7564
-175
7910
11701
15658
20984
21595
17508
14801
13429
9672
4858
1906
-374
-3114
-3918
-2407
-1452
-2304
-3066
-2656
-2567
-3874
-6073
-8541
-10979
-12718
-13776
-14123
-13561
-12619
-11085
-7311
-2168
1437
4008
7669
11030
12331
13339
14126
13155
11360
10248
8800
6747
4981
3394
2249
2047
1767
1178
1706
2874
3285
3910
3474
227
-3169
-4674
-7626
-12144
-14501
-16312
-19172
-18381
-13195
-10082
-8362
-2479
4460
7719
11410
16632
17361
13716
12114
11728
8316
4025
1856
-60
-2433
-2633
-735
133
-348
-257
290
74
-953
-2868
-5861
-8787
-10870
-12649
-14087
-14128
-13622
-12866
-9727
-4541
-875
1700
5510
9001
10342
11313
12344
11407
9490
8510
7460
5757
4553
3933
3506
3705
4201
4534
5215
5929
6371
6722
5197
1084
-2353
-4438
-8218
-12646
-14870
-17128
-19991
-18567
-13617
-11219
-9373
-3492
2503
5507
9741
14528
14330
11335
10730
10642
7681
4516
3170
1534
-285
388
2657
3218
2375
2135
2367
1652
30
-2382
-5825
-9494
-12014
-13460
-14727
-15682
-15748
-14367
-11058
-6626
-3184
-491
2844
6251
8752
10606
11469
11241
10832
10468
9642
8484
7215
5825
5214
5373
5313
5215
5898
6426
7155
7782
5570
1298
-1588
-4176
-9271
-14017
-16571
-19993
-23184
-20965
-16280
-14475
-11398
-4009
2089
5716
11090
15781
15227
12996
12886
11987
8689
6028
4527
2326
928
2061
3855
4126
3518
3200
3042
2152
64
-3166
-7171
-11000
-13929
-15733
-16805
-17519
-17552
-15474
-11436
-7179
-3607
-147
3519
6746
9339
11306
12303
12411
11892
11196
10383
9174
7487
6080
5578
5387
5222
5378
6097
6685
7394
7041
4004
374
-2248
-6060
-11473
-15333
-17974
-21558
-23010
-19710
-16243
-14261
-9153
-1588
3104
6884
12685
16175
14808
13287
13229
11310
7914
6135
4961
2446
1060
2664
4350
3964
3238
3066
2360
922
-888
-3984
-8188
-11755
-13940
-15551
-16112
-16162
-16404
-14859
-10339
-6129
-3483
-63
3725
6187
8618
11578
12701
11941
11742
11692
10542
9053
7529
5866
5135
5391
5202
5165
5953
6535
6878
6371
3421
-343
-3018
-6623
-11873
-15628
-18156
-21462
-22695
-19633
-16328
-14123
-9053
-2058
2713
7119
12740
15839
14996
13906
13704
12286
9621
7444
5694
3680
2682
3480
4309
3747
2678
2008
1302
-17
-2072
-5409
-9201
-12119
-14188
-15946
-16911
-17021
-16837
-15121
-11154
-6646
-3237
142
4264
8055
10952
13078
14008
13712
12961
12131
10863
8931
6768
5526
5307
5149
4944
5252
5710
5962
6523
5483
1616
-2195
-4566
-8391
-13625
-16841
-19206
-22394
-22640
-18614
-15323
-13254
-7594
-133
4520
8684
14465
17352
15782
14705
15020
13233
9756
7468
5678
3314
2028
2735
3193
2220
1174
873
386
-984
-3245
-6246
-9410
-12245
-14625
-16369
-16947
-17088
-17060
-14977
-10258
-6145
-3094
1220
5913
8929
11445
14039
14720
13654
13002
12458
10806
8884
7118
5504
4819
4616
4084
3999
4490
4360
4507
4115
1270
-2251
-4454
-7535
-12071
-15165
-17530
-20626
-21500
-18310
-15349
-13080
-7609
-681
3884
8667
14734
17825
16999
16367
16155
14035
10653
8046
5434
2352
631
933
1149
274
-384
-329
-443
-1428
-3000
-5452
-8660
-12055
-14502
-15993
-17176
-18225
-17787
-15012
-10793
-6524
-2059
2649
6916
10433
13491
15462
15477
14446
13336
11952
9991
7952
5902
4506
3795
3385
3500
4066
4250
4225
5180
4332
538
-2615
-4637
-8499
-13274
-15735
-18036
-21123
-20826
-16722
-13566
-11111
-5206
1617
5761
10097
15581
18048
16603
15460
15008
12922
9694
7131
4683
1739
196
783
1267
157
-1069
-1265
-1475
-2597
-4705
-7699
-10952
-13623
-15563
-16898
-17221
-17163
-16265
-12867
-7498
-3032
647
5149
9334
11972
14232
15884
15399
13825
12728
11539
9533
7330
5088
3585
2802
2219
1935
2409
2825
3044
3735
2678
-538
-3122
-5142
-9235
-13558
-15710
-18000
-20569
-19001
-14601
-12093
-9007
-2101
4256
7791
12509
17543
18332
16209
15212
14163
11083
7411
4941
2110
-628
-1153
36
4
-1021
-1322
-1256
-1803
-3155
-5323
-8592
-11711
-13866
-15466
-16644
-16408
-15563
-13786
-9560
-4205
-338
3151
7639
11001
12676
14468
15265
13976
12301
11493
9904
7434
5440
3768
2426
1825
1716
1649
2129
2719
3518
3787
1679
-1306
-3461
-6107
-10560
-14147
-16080
-18502
-19790
-16872
-12873
-10411
-6105
1063
6149
9749
14667
18147
17263
15234
14382
12334
8740
5594
3145
187
-1714
-1291
-456
-1009
-1650
-1632
-1651
-2535
-3956
-6208
-9286
-12105
-13855
-15083
-15566
-15287
-14248
-11514
-6746
-1878
1771
5482
9368
12258
13973
14955
14517
12987
11310
9755
7780
5510
3474
2219
1535
1456
1592
2119
2920
3530
4276
3100
-2
-2720
-4845
-8678
-12935
-15343
-17218
-19085
-18058
-13911
-10597
-7656
-1815
4712
8566
12276
16614
17942
15782
14111
12986
10032
6116
3655
1313
-1501
-2633
-1734
-1302
-1861
-2009
-1690
-1929
-2892
-4268
-6585
-9567
-12437
-14376
-15163
-15066
-14754
-13112
-9114
-3938
620
4999
9301
12462
14313
15627
15797
13908
11269
8935
6458
3711
1543
236
-167
-198
540
1814
3406
4671
5840
4975
1686
-1258
-3454
-7332
-12339
-15365
-17231
-19007
-18136
-13849
-10217
-7219
-1420
5589
9524
12725
16586
18107
15902
13543
11910
9072
5113
2343
422
-1899
-3328
-2403
-1180
-1681
-2157
-1756
-1748
-3058
-4708
-6659
-9244
-12407
-14420
-14782
-14158
-13800
-12233
-8177
-2854
1526
5489
9702
12610
13706
14709
15015
12922
9679
7540
5696
2824
395
-219
-69
-277
436
2199
4134
4940
6029
5547
2397
-1158
-3611
-7120
-12043
-15373
-17049
-18307
-17500
-13462
-9244
-5762
-630
5783
9987
13009
16030
17096
15036
12529
10647
8175
4603
1666
-125
-1645
-2774
-2255
-1106
-1219
-1721
-1658
-1704
-3089
-4967
-6704
-9039
-11923
-13683
-13990
-13416
-12665
-11072
-7605
-2564
1682
4779
8192
11344
12621
12859
13098
11815
8806
6591
5539
3446
726
-221
408
771
1120
2353
4208
5126
5710
5790
3382
-277
-3229
-6250
-10368
-13471
-15554
-17213
-17061
-13542
-9256
-6254
-2175
3949
8453
11064
14001
15730
14151
11545
10060
8036
4778
2049
637
-920
-2099
-1694
-360
-197
-788
-1103
-1145
-2019
-3811
-5927
-8033
-10574
-12512
-13190
-12756
-12080
-11094
-8439
-3980
191
2848
5961
9298
11020
11331
11833
11384
9010
6566
5461
3902
1456
16
312
701
1149
2325
4043
5407
5978
6330
4474
1163
-1828
-4777
-8778
-12356
-14502
-16088
-16623
-14191
-10069
-7119
-3682
2235
7241
9392
11944
14643
14122
11114
9577
8150
5131
2034
835
-397
-1835
-1909
-428
51
-526
-839
-863
-1412
-3076
-4968
-6963
-8926
-10890
-12086
-12122
-11341
-10665
-8938
-5341
-1395
1188
4060
7813
10215
10664
11222
11495
9761
7333
5979
4477
1794
-108
-182
330
724
1754
3313
4988
6230
7131
5867
2609
-400
-3258
-7215
-11150
-13586
-15582
-16713
-15119
-11067
-7785
-4502
656
5856
8391
10844
13723
13808
10692
8425
7313
5023
1927
273
-478
-1696
-1751
14
1092
374
-181
-103
-420
-2033
-4155
-6141
-8060
-10165
-11492
-11433
-10554
-10203
-9211
-6089
-2036
492
2859
6151
8545
9202
9970
10767
9516
7171
5925
5161
3201
1290
858
1281
1427
2104
3490
4795
5541
6447
5988
3000
17
-2403
-5832
-10135
-12794
-14531
-16118
-15826
-12593
-9220
-6410
-1953
3543
6843
9108
12154
13724
11952
9384
8001
6228
3453
1193
161
-1109
-1793
-654
961
836
316
261
210
-1043
-3001
-5211
-7414
-9854
-11632
-12132
-11696
-11204
-10389
-7605
-3245
206
2645
5917
8906
10100
10404
10941
10154
7644
5519
4721
3075
1036
558
1497
1913
2593
4061
5669
6155
6759
6382
3289
-321
-3080
-6301
-10539
-13221
-14880
-16346
-15938
-12268
-8747
-6212
-2081
3546
6686
8790
11593
13027
11104
8755
7752
6158
3384
1369
682
-256
-847
-5
1526
1524
919
436
355
-957
-2934
-5232
-7455
-9742
-11430
-12058
-11744
-11402
-10593
-8005
-3867
-384
1969
4969
7861
9275
9668
10295
9682
7533
5494
4636
3519
1912
1150
1812
2675
3316
4424
6229
6970
7172
6720
4062
463
-2653
-5897
-10055
-13061
-15001
-16509
-16330
-13030
-9559
-7121
-3226
2395
5888
8065
11095
12759
10991
8811
8264
6652
3757
1865
1359
295
-413
541
2109
1889
1187
980
835
-747
-2967
-5208
-7651
-10244
-11822
-12528
-12785
-12274
-10995
-8484
-4600
-701
1888
4602
7792
9565
9837
10184
9919
7921
5640
4887
3970
2212
1361
2171
2926
3574
4586
6113
7118
7507
6726
3965
837
-2335
-6023
-10050
-12868
-15140
-16888
-16551
-13318
-10035
-7501
-3497
2062
5662
7805
10824
12796
11226
8879
8209
6874
4081
1960
1547
625
-271
535
2247
2159
1375
1146
960
-547
-2758
-4920
-7371
-9973
-11815
-12578
-12590
-12205
-11124
-8761
-5046
-1296
1407
4238
7226
8987
9485
10003
9689
7917
5859
4937
3896
2425
1802
2403
3155
3828
4933
6371
7330
7699
7071
4286
958
-2144
-5710
-9937
-13035
-15097
-16987
-17005
-14039
-10541
-8043
-4491
1032
4992
7091
10008
12326
11422
9043
8369
7504
5210
2981
2371
1761
1030
1336
2801
2901
2040
1335
948
-476
-2789
-5046
-7360
-10089
-12342
-12928
-12825
-12444
-11546
-9222
-5765
-1982
1064
3690
6333
8435
9150
9389
9188
7767
5761
4803
4114
2944
2214
3004
3931
4755
5776
6862
7506
7862
7463
4284
512
-2394
-5697
-10198
-13406
-15003
-16737
-17207
-14232
-10457
-8100
-5023
450
4659
6586
9143
11693
11360
9049
8225
7775
5849
3592
3083
2598
1690
1777
3186
3185
2043
1041
590
-609
-2657
-5011
-7450
-9773
-11715
-12541
-12572
-12195
-11575
-9651
-6286
-2507
51
2531
5505
7829
8591
9067
9278
8278
6445
5551
5015
3692
2704
3153
3937
4411
5141
6097
6934
7255
7238
4819
1306
-1683
-4678
-8866
-12530
-14363
-16113
-17211
-15279
-11541
-8892
-6095
-761
4099
6200
8610
11659
12137
9462
8112
7729
5961
3286
2360
2076
1235
1137
2767
3448
2432
1517
1278
394
-1891
-4361
-6870
-9539
-11777
-12878
-13130
-12487
-11506
-9678
-6382
-1924
1093
3176
6028
8538
8941
8716
8894
8008
5765
4508
4311
3314
2395
3054
4284
5016
5594
6548
7374
7551
7237
4660
997
-2124
-5377
-9330
-12570
-14441
-16140
-16983
-15014
-11264
-8471
-5662
-679
4053
6012
8117
10962
11494
9027
7567
7230
5683
3353
2601
2526
1673
1475
3002
3837
2827
1786
1280
170
-2193
-4558
-6895
-9605
-12239
-13345
-13068
-12469
-11556
-9597
-6212
-2050
1158
3658
6222
8285
8867
8984
8970
8071
6148
4747
4245
3484
2701
3349
4416
5103
5717
6853
7784
7858
7322
4393
646
-2529
-5700
-9957
-13462
-15277
-16861
-17552
-15157
-11402
-8627
-5466
-108
4346
6427
8751
11412
11512
9138
8014
7536
5908
3736
3233
2797
1911
1845
3579
3915
2548
1374
1017
-217
-2756
-5284
-7628
-10338
-12802
-13532
-13418
-12827
-11950
-9646
-5918
-1736
1259
3905
6749
8786
9085
9382
9575
8485
6249
5086
4517
3448
2737
3272
4007
4429
5277
6607
7375
7333
6666
3816
420
-2659
-5781
-10104
-13362
-15025
-16463
-16996
-14441
-10663
-8065
-4880
616
5017
6898
9181
11681
11484
8913
7784
7241
5403
3085
2520
2171
1355
1417
3189
3745
2458
1372
1237
75
-2622
-5204
-7554
-10394
-12734
-13343
-13060
-12582
-11471
-8870
-5122
-1206
1664
4204
6675
8315
8577
8701
8583
7337
5420
4611
4183
3366
2918
3600
4321
4837
5576
6704
7119
6861
6210
3419
-93
-2961
-5832
-9787
-12934
-14415
-15502
-16004
-13636
-9969
-7479
-4613
635
4874
6586
8610
11144
11066
8482
7483
7190
5371
3019
2600
2349
1297
1174
2886
3336
2058
1037
891
-393
-2809
-5055
-7211
-9832
-12039
-12538
-12045
-11564
-10841
-8395
-4929
-1518
920
3370
5801
7387
7863
8301
8417
7458
5921
5288
4798
3992
3349
3753
4188
4426
4926
5752
6347
6202
5849
3492
329
-2377
-5014
-8776
-12008
-13866
-15136
-15866
-14176
-10739
-7960
-5115
-236
4316
6601
8784
11224
11603
9323
7932
7344
5740
3327
2386
1996
1161
728
2204
2957
1979
1014
900
-58
-2513
-4611
-6599
-9241
-11711
-12406
-12141
-11660
-10791
-8659
-5552
-1984
971
3413
5612
7355
8176
8491
8454
7466
5855
4937
4393
3589
2885
3116
3724
4115
4702
5441
6172
6222
5991
3784
632
-1962
-4597
-8176
-11511
-13403
-14741
-15365
-13681
-10413
-7699
-4819
-181
4371
6553
8515
10861
11395
8982
7438
7032
5538
2955
2063
2041
1119
475
1713
2685
1824
678
448
-285
-2531
-4603
-6287
-8570
-11152
-12096
-11772
-11149
-10523
-8499
-5355
-1780
1074
3683
6082
7751
8315
8557
8450
7461
5580
4465
3863
2862
2122
2523
3242
3647
4253
5353
6229
6354
6275
3996
845
-1783
-4250
-8100
-11426
-13217
-14594
-15349
-13379
-9889
-7309
-4648
92
4588
6776
8706
10777
10961
8463
6964
6456
5011
2489
1701
1648
989
564
1929
2802
1876
617
369
-240
-2426
-4465
-6108
-8295
-10662
-11517
-11082
-10457
-9900
-8106
-4828
-1141
1357
3742
6162
7660
7866
8052
8217
6880
4785
3861
3523
2375
1598
2099
2954
3282
3973
5261
6082
6091
5922
3781
663
-1936
-4391
-7870
-11168
-12812
-13859
-14104
-12211
-9034
-6548
-3850
571
4663
6524
8245
10333
10289
7836
6528
6139
4664
2349
1625
1585
897
508
1784
2498
1384
250
97
-527
-2524
-4331
-5905
-7919
-10061
-10741
-10445
-9998
-9379
-7511
-4452
-1035
1470
3667
6024
7596
7815
7865
7920
6682
4678
3596
3204
2068
1351
1812
2595
3085
3911
5127
5842
6115
5941
3614
695
-1738
-4391
-8052
-11132
-12747
-13927
-14135
-12025
-8765
-6367
-3487
1037
4993
6969
8840
10643
10331
7940
6505
5864
4151
1784
1003
871
244
174
1606
2278
1399
497
409
-251
-2351
-4232
-6004
-8153
-10284
-10963
-10462
-9918
-9229
-7272
-3891
-475
1866
4248
6501
7667
7835
8033
7847
6292
4401
3509
2946
1858
1367
2002
2814
3243
4010
5243
5859
6058
5562
2954
70
-2308
-4921
-8473
-11434
-13073
-14062
-13807
-11320
-8192
-5857
-2796
1896
5534
7309
9094
10666
9978
7575
6302
5453
3653
1569
1052
843
184
329
1817
2337
1339
440
408
-504
-2684
-4587
-6028
-8313
-10459
-10767
-10098
-9563
-8807
-6719
-3559
-348
2157
4578
6616
7704
7836
8000
7744
6263
4337
3402
2622
1443
1058
1865
2433
2704
3584
4930
5515
5905
5267
2690
-78
-2217
-4724
-8354
-10970
-12584
-13668
-13264
-10607
-7735
-5552
-2274
2336
5488
7239
9229
10702
9572
7165
5949
5037
3046
1146
606
104
-543
-23
1485
1795
1048
558
535
-425
-2192
-3896
-5584
-7741
-9675
-10138
-9462
-9043
-8458
-6429
-3217
-311
1944
4535
6765
7564
7653
8092
7792
5945
4041
3251
2236
833
495
1287
1770
2002
3091
4678
5399
5840
5252
3010
431
-1871
-4430
-7804
-10452
-12193
-13336
-12769
-10144
-7443
-5326
-2122
2131
5043
7052
9123
10204
8802
6828
5900
4956
2918
1211
540
-164
-702
118
1491
1493
853
731
855
-287
-1907
-3414
-5264
-7647
-9423
-9757
-9387
-9169
-8406
-6272
-2952
12
2290
4747
6791
7538
7710
8065
7301
5190
3438
2837
1927
640
439
1189
1769
2391
3506
4827
5530
5903
5040
2701
191
-2125
-4850
-8066
-10474
-12170
-12995
-12123
-9504
-7043
-4931
-1579
2419
4993
6852
8882
9661
8172
6435
5736
4743
2713
1146
559
-106
-569
268
1457
1380
815
814
825
-363
-1932
-3458
-5247
-7448
-9067
-9500
-9183
-8770
-7994
-5922
-2680
209
2342
4686
6626
7362
7434
7637
6832
4858
3253
2688
1625
390
358
1146
1600
2008
3298
4663
5391
5763
4850
2585
278
-2012
-4752
-7814
-10170
-11894
-12641
-11555
-9128
-6879
-4611
-1010
2668
4973
6927
8965
9454
7846
6378
5585
4215
2369
1213
414
-496
-722
394
1417
1241
881
966
830
-270
-1722
-3135
-5025
-7170
-8677
-9185
-8943
-8678
-7964
-5976
-2894
-278
1869
4347
6274
6974
7196
7532
6762
4888
3571
2812
1616
500
509
1051
1322
1791
3029
4406
5050
5367
4772
2872
553
-1656
-4116
-6950
-9374
-11093
-11858
-11108
-9002
-6783
-4561
-1376
2138
4499
6435
8428
9080
7731
6359
5525
4189
2422
1259
399
-507
-758
115
1011
1011
746
599
397
-525
-1796
-3188
-4953
-6915
-8208
-8647
-8528
-8125
-7307
-5516
-2748
-114
1997
4173
6074
6809
6926
7155
6590
4866
3323
2622
1655
548
351
930
1261
1626
2644
3915
4519
4769
4304
2588
531
-1365
-3628
-6285
-8479
-10012
-10880
-10406
-8558
-6581
-4604
-1715
1716
4067
5869
7801
8776
7823
6418
5528
4320
2446
1065
324
-386
-833
-194
860
1097
822
736
609
-240
-1620
-3101
-4667
-6525
-8104
-8803
-8544
-8163
-7476
-5716
-2922
-362
1792
4048
5964
6644
6641
6915
6469
4690
3041
2425
1693
608
365
1101
1467
1813
2775
3898
4335
4610
4513
2988
838
-1083
-3089
-5616
-7756
-9287
-10390
-10432
-8864
-6824
-4944
-2471
736
3262
5130
7052
8277
7772
6447
5480
4345
2652
1313
636
11
-519
-128
939
1360
1073
798
662
-93
-1354
-2720
-4010
-5668
-7383
-8106
-7844
-7620
-7341
-5928
-3501
-1320
491
2641
4507
5274
5546
6207
6211
4928
3631
3291
2756
1673
1168
1645
1800
1574
2030
3035
3480
3529
3769
3073
1296
-396
-1794
-3731
-6078
-7899
-9098
-9750
-9205
-7697
-6049
-4202
-1384
1542
3766
5773
7506
7921
7091
6154
5207
3749
2095
1062
380
-268
-477
202
878
964
727
685
404
-530
-1814
-2875
-4346
-6136
-7160
-7340
-7273
-7256
-6328
-4393
-2401
-797
1012
3025
4298
4792
5453
5886
5259
4223
3851
3409
2372
1552
1555
1570
1174
1366
2182
2655
2743
3239
3478
2229
581
-442
-1822
-4180
-6285
-7450
-8585
-9299
-8453
-6745
-5387
-3497
-460
2147
3903
5736
7425
7491
6402
5609
4829
3315
1824
1025
364
-511
-628
99
505
301
335
515
23
-948
-1765
-2689
-4269
-5915
-6691
-6811
-7040
-6823
-5543
-3788
-2342
-614
1624
3471
4401
5142
5882
5870
5141
4493
3999
2996
1780
1222
1158
882
860
1397
1967
2252
2642
3284
3002
1586
331
-786
-2510
-4577
-6038
-7235
-8451
-8736
-7535
-5998
-4581
-2467
199
2352
4099
6031
7256
6889
5921
5367
4468
2971
1694
911
147
-663
-633
-9
267
92
221
386
-69
-942
-1700
-2584
-4096
-5519
-6216
-6502
-6699
-6452
-5458
-4066
-2579
-670
1332
2894
3959
4918
5566
5618
5241
4712
3993
3047
2121
1464
1104
967
1032
1312
1713
2229
2639
2999
2799
1691
413
-908
-2514
-4239
-5664
-6978
-8219
-8316
-7162
-5840
-4547
-2454
65
1937
3676
5566
6673
6301
5638
5232
4399
3011
1945
1358
571
-316
-347
262
492
259
323
522
47
-828
-1513
-2304
-3731
-5297
-6074
-6366
-6810
-6664
-5741
-4636
-3368
-1401
705
2282
3466
4537
5373
5727
5679
5212
4522
3691
2626
1540
1034
766
461
450
1033
1618
1963
2623
3162
2419
1001
-66
-1286
-3180
-4947
-6247
-7603
-8404
-7666
-6181
-4871
-3106
-738
1407
3251
5101
6305
6285
5733
5208
4359
3263
2361
1542
545
-202
-193
139
228
313
467
351
52
-292
-876
-1965
-3262
-4407
-5401
-6090
-6278
-6225
-5954
-4937
-3271
-1630
-23
1689
3062
3960
4787
5357
5225
4639
4110
3336
2262
1397
870
407
43
206
707
1192
1664
2307
2799
2437
1489
692
-380
-2076
-3708
-4839
-5997
-6968
-6717
-5673
-4600
-3238
-1273
684
2200
3708
4997
5371
4988
4501
3942
3184
2213
1312
500
-85
-359
-234
35
315
386
511
718
522
-112
-901
-1803
-3115
-4419
-5133
-5461
-5968
-6064
-5173
-3817
-2531
-1117
510
1954
3067
3963
4590
4745
4403
3814
3233
2466
1478
627
186
15
0
209
839
1596
2215
2590
3091
3152
2291
1063
17
-1347
-3112
-4534
-5424
-6248
-6670
-5914
-4694
-3539
-2077
-139
1349
2592
3893
4814
4653
4254
3916
3329
2320
1524
866
201
-255
-131
267
549
730
948
1129
942
332
-527
-1514
-3025
-4511
-5440
-5929
-6523
-6484
-5490
-4174
-2970
-1290
743
2328
3267
4118
4850
4860
4313
3780
3182
2137
1127
696
543
243
210
765
1515
1869
2269
2821
3128
2576
1690
779
-468
-2174
-3475
-4417
-5427
-6243
-6039
-5234
-4340
-3139
-1467
75
1288
2592
3747
4285
4241
4093
3641
2867
2130
1676
1000
348
30
91
123
327
478
345
111
17
-333
-1149
-2111
-3130
-4195
-4853
-5128
-5330
-5203
-4506
-3388
-2063
-568
841
2084
3128
3911
4237
4314
4162
3587
2789
2080
1400
767
466
443
388
435
894
1467
1786
1929
2087
1836
1078
215
-618
-1794
-2971
-3806
-4326
-4792
-4729
-4076
-3118
-2170
-942
338
1434
2461
3317
3667
3617
3450
3028
2322
1635
1148
631
98
-255
-330
-183
10
-35
-129
-228
-367
-752
-1248
-1951
-2818
-3663
-4010
-4150
-4380
-4366
-3587
-2536
-1594
-494
879
1968
2635
3326
3895
3867
3412
3113
2661
1860
1058
842
699
346
260
699
1059
1129
1316
1739
1738
1195
683
300
-515
-1611
-2290
-2723
-3352
-3763
-3513
-3005
-2546
-1819
-764
150
935
1764
2432
2724
2766
2599
2269
1753
1245
779
447
150
-121
-208
-71
53
-2
-143
-334
-584
-956
-1470
-2046
-2574
-3036
-3352
-3405
-3298
-3138
-2654
-1855
-1019
-377
414
1316
1990
2332
2606
2838
2812
2521
2205
1923
1585
1222
1023
999
912
861
1010
1197
1153
1125
1192
1048
570
121
-281
-896
-1597
-2131
-2547
-2893
-3001
-2842
-2485
-1976
-1292
-456
364
1094
1692
2148
2357
2286
2075
1717
1256
820
512
242
-27
-125
-8
0
-155
-212
-296
-663
-1146
-1472
-1854
-2382
-2668
-2628
-2684
-2755
-2409
-1815
-1355
-989
-343
400
884
1261
1789
2132
2135
2126
2304
2207
1734
1470
1481
1280
887
774
872
820
713
826
1000
986
841
750
598
176
-352
-824
-1278
-1848
-2255
-2389
-2393
-2348
-1987
-1359
-716
-114
556
1132
1509
1729
1751
1564
1210
874
519
201
-78
-209
-210
-154
-93
-33
-10
-113
-319
-646
-1072
-1554
-1931
-2134
-2361
-2539
-2412
-2050
-1700
-1263
-669
-108
336
826
1300
1528
1637
1732
1744
1622
1482
1333
1196
1094
1036
941
907
980
1033
1025
1065
1136
1131
971
756
584
269
-194
-665
-1004
-1343
-1636
-1768
-1767
-1725
-1513
-1109
-645
-292
83
498
829
986
1023
989
851
660
461
277
42
-144
-169
-143
-227
-296
-246
-249
-425
-640
-831
-1119
-1434
-1606
-1680
-1848
-1940
-1752
-1440
-1178
-889
-450
9
365
709
1068
1296
1397
1482
1527
1411
1260
1195
1109
884
774
780
773
766
866
982
1007
1038
1117
1046
737
477
265
-135
-617
-904
-1077
-1345
-1517
-1402
-1210
-1067
-816
-396
-22
236
510
777
902
856
715
617
466
147
-173
-330
-468
-621
-625
-521
-529
-524
-370
-283
-446
-613
-700
-888
-1186
-1362
-1450
-1595
-1619
-1382
-1067
-836
-454
88
557
864
1214
1531
1639
1590
1521
1397
1170
919
719
538
389
333
408
542
662
785
960
1111
1101
963
796
543
168
-212
-531
-851
-1155
-1327
-1314
-1250
-1133
-852
-496
-185
125
499
741
778
761
742
519
175
-75
-308
-608
-828
-848
-808
-767
-639
-436
-296
-196
-135
-151
-302
-511
-719
-942
-1171
-1315
-1359
-1305
-1079
-748
-381
59
556
941
1213
1456
1606
1534
1329
1147
931
628
357
236
162
101
199
434
625
778
995
1166
1168
1056
915
668
302
-67
-362
-650
-934
-1096
-1089
-1030
-919
-706
-409
-134
95
305
444
453
353
196
-10
-272
-514
-710
-839
-894
-881
-765
-597
-406
-208
-48
55
95
50
-85
-257
-448
-652
-845
-932
-914
-843
-655
-348
-17
301
654
946
1074
1132
1153
1050
814
564
353
155
-37
-135
-125
-62
69
242
472
671
830
969
1043
995
862
732
554
302
51
-115
-273
-416
-502
-530
-494
-401
-299
-236
-150
-58
-56
-161
-249
-350
-507
-658
-748
-801
-851
-809
-686
-561
-444
-291
-95
51
74
78
105
36
-112
-212
-254
-335
-400
-333
-157
-33
92
283
473
544
532
546
509
355
173
90
1
-173
-250
-165
-74
-50
84
331
479
539
684
859
886
836
848
839
723
600
536
402
192
67
-27
-185
-341
-397
-420
-489
-529
-504
-521
-569
-555
-524
-547
-557
-501
-452
-459
-447
-384
-330
-309
-265
-167
-91
-66
-39
9
-6
-75
-80
-55
-93
-127
-44
74
103
120
195
240
178
87
60
5
-136
-206
-157
-146
-172
-82
108
216
269
407
562
592
567
623
703
675
621
666
713
683
651
665
607
468
342
235
41
-212
-393
-522
-668
-827
-898
-902
-880
-831
-722
-571
-432
-306
-184
-84
-73
-115
-135
-140
-186
-228
-189
-119
-81
-23
56
110
132
155
165
153
130
77
20
-25
-80
-192
-278
-286
-314
-364
-344
-265
-215
-155
-29
104
172
228
342
432
431
415
492
591
608
634
755
877
913
951
997
951
841
719
565
332
51
-201
-410
-643
-864
-1018
-1089
-1114
-1119
-1048
-915
-757
-591
-427
-279
-165
-100
-99
-129
-108
-103
-130
-81
38
115
182
332
437
433
424
472
417
249
125
30
-132
-320
-420
-496
-593
-632
-560
-497
-466
-344
-166
-51
37
167
286
333
353
391
414
430
495
587
659
777
951
1098
1156
1183
1205
1152
972
734
480
154
-206
-514
-788
-1082
-1298
-1358
-1352
-1374
-1320
-1113
-891
-736
-574
-341
-174
-113
-53
14
21
-11
9
80
139
190
311
487
609
655
713
756
695
529
356
167
-98
-389
-612
-788
-961
-1049
-1008
-904
-773
-568
-281
-15
173
370
555
630
622
601
568
525
504
519
583
710
877
1056
1211
1301
1340
1312
1158
876
527
124
-319
-749
-1130
-1458
-1686
-1765
-1754
-1673
-1502
-1245
-947
-675
-429
-194
-16
79
128
157
139
98
101
155
221
304
461
649
792
900
992
1008
919
772
554
262
-82
-425
-744
-1022
-1226
-1342
-1344
-1237
-1056
-816
-533
-242
41
274
449
578
649
679
673
662
663
689
758
859
971
1083
1184
1244
1230
1143
983
729
410
57
-328
-724
-1067
-1337
-1537
-1662
-1683
-1603
-1456
-1261
-1022
-744
-477
-270
-79
105
220
270
308
374
438
484
553
664
779
871
948
1000
985
897
793
614
333
8
-294
-596
-927
-1217
-1396
-1492
-1523
-1456
-1282
-1063
-829
-508
-175
91
311
550
768
890
949
1007
1076
1096
1092
1095
1105
1077
1025
985
910
751
555
378
157
-143
-457
-718
-952
-1188
-1368
-1448
-1469
-1445
-1337
-1142
-913
-684
-419
-138
97
279
420
521
587
624
659
680
695
732
783
839
866
866
833
773
659
454
190
-100
-402
-717
-1023
-1292
-1469
-1559
-1562
-1474
-1313
-1088
-809
-487
-189
70
311
526
682
786
864
924
977
1001
1023
1051
1068
1043
991
950
864
701
506
292
43
-246
-540
-812
-1063
-1267
-1388
-1416
-1389
-1310
-1134
-882
-637
-413
-171
70
252
364
457
510
528
557
602
647
694
768
873
947
965
954
900
773
581
338
36
-279
-584
-863
-1114
-1313
-1417
-1440
-1404
-1296
-1110
-888
-659
-401
-126
104
290
460
614
721
786
848
892
915
928
943
937
903
859
809
724
592
430
251
47
-191
-431
-663
-870
-1050
-1159
-1212
-1218
-1163
-1045
-885
-708
-516
-318
-119
54
194
311
415
487
545
621
694
746
792
837
861
837
769
676
546
367
156
-48
-251
-471
-664
-793
-904
-1007
-1051
-1029
-987
-941
-836
-674
-500
-330
-119
119
326
508
696
857
938
979
1008
993
910
818
743
647
524
432
356
263
158
69
-29
-174
-335
-492
-646
-824
-970
-1051
-1093
-1112
-1050
-911
-769
-608
-405
-186
-7
145
301
446
553
635
723
787
803
806
793
720
594
454
312
135
-65
-235
-364
-483
-574
-614
-632
-646
-627
-581
-546
-520
-462
-365
-264
-157
-18
150
315
471
621
750
832
881
911
880
788
684
569
420
256
116
4
-107
-205
-261
-316
-387
-437
-466
-512
-576
-604
-601
-606
-614
-576
-501
-428
-350
-243
-113
-4
94
215
333
422
500
579
642
651
626
582
492
352
185
28
-130
-283
-404
-467
-490
-485
-453
-391
-317
-260
-215
-184
-168
-172
-169
-157
-135
-99
-31
71
171
280
403
517
597
654
684
665
601
505
388
246
92
-41
-145
-244
-319
-349
-347
-336
-318
-277
-237
-212
-200
-195
-208
-234
-260
-262
-255
-254
-223
-146
-51
37
143
257
353
427
474
480
438
370
282
163
27
-104
-204
-274
-324
-341
-318
-267
-199
-125
-58
-6
20
30
24
-16
-65
-99
-117
-130
-127
-93
-40
20
93
157
207
248
272
269
249
212
155
102
57
7
-28
-39
-41
-24
7
37
59
78
83
61
22
-39
-108
-177
-235
-280
-310
-309
-281
-233
-170
-98
-31
32
82
112
117
107
89
65
45
27
13
16
38
64
94
129
157
185
199
190
165
130
82
27
-31
-84
-130
-156
-172
-176
-163
-143
-119
-98
-80
-68
-61
-56
-54
-55
-46
-31
-10
24
64
116
175
235
281
314
340
346
330
296
247
184
115
39
-44
-123
-187
-251
-299
-326
-341
-344
-332
-306
-274
-235
-203
-176
-144
-111
-90
-77
-57
-45
-27
-2
22
57
102
153
202
243
266
275
273
255
217
169
123
75
40
3
-23
-46
-66
-84
-104
-124
-149
-166
-185
-197
-205
-217
-214
-196
-167
-128
-83
-22
47
120
194
259
324
379
418
432
431
408
360
297
218
128
38
-48
-126
-182
-226
-253
-264
-260
-248
-238
-226
-213
-205
-198
-196
-193
-183
-168
-148
-122
-85
-40
8
56
103
146
180
200
208
208
193
175
152
127
98
70
40
8
-27
-68
-102
-131
-162
-188
-201
-209
-207
-198
-185
-163
-132
-100
-64
-19
27
73
122
170
216
256
288
314
329
331
315
284
245
197
137
72
11
-46
-96
-135
-165
-185
-191
-192
-189
-178
-172
-166
-161
-159
-156
-154
-144
-126
-105
-69
-26
16
66
113
151
185
210
218
216
209
184
153
117
75
30
-10
-50
-86
-111
-130
-145
-153
-158
-161
-162
-163
-164
-165
-164
-160
-151
-130
-98
-58
-5
59
123
188
245
286
312
316
297
260
213
155
93
33
-18
-62
-97
-123
-139
-149
-149
-155
-156
-150
-151
-154
-153
-152
-148
-135
-115
-88
-46
1
46
98
146
185
220
245
254
255
239
207
173
129
82
38
0
-35
-61
-80
-97
-109
-118
-131
-147
-162
-184
-204
-218
-229
-231
-214
-188
-145
-85
-14
64
141
207
258
300
316
308
284
240
188
124
58
2
-44
-79
-98
-105
-103
-97
-99
-98
-99
-106
-122
-137
-150
-159
-162
-158
-139
-107
-62
-9
50
111
165
209
247
268
270
260
236
201
158
107
58
13
-27
-58
-80
-89
-94
-94
-91
-87
-87
-99
-114
-132
-153
-172
-183
-182
-165
-137
-93
-39
26
93
150
206
248
271
276
260
226
174
107
38
-33
-101
-149
-183
-194
-192
-183
-161
-132
-104
-85
-71
-64
-61
-62
-68
-70
-66
-59
-42
-17
13
44
75
109
141
162
170
170
168
155
131
104
72
38
7
-24
-54
-71
-81
-83
-74
-58
-46
-27
-14
-11
-14
-25
-45
-63
-76
-88
-92
-80
-53
-16
27
69
114
152
175
180
168
146
109
60
7
-41
-83
-114
-130
-137
-127
-106
-84
-58
-27
-13
-1
7
0
-8
-20
-34
-46
-49
-47
-33
-10
16
39
68
88
101
105
95
81
61
41
18
-3
-21
-31
-33
-31
-28
-26
-11
4
15
17
15
15
14
6
-7
-13
-19
-19
-23
-24
-23
-18
-6
6
21
37
53
64
73
71
56
38
14
-17
-47
-72
-94
-103
-101
-97
-79
-55
-30
-11
7
21
28
31
31
29
31
36
39
43
50
52
46
40
32
20
10
4
-3
-6
-8
-21
-27
-37
-48
-62
-72
-76
-78
-76
-67
-50
-31
-10
4
17
28
28
21
9
5
-2
-1
6
24
43
59
79
87
92
91
76
61
45
16
-17
-45
-70
-91
-110
-118
-118
-108
-85
-70
-50
-22
-4
8
21
29
29
38
39
35
39
40
42
51
58
63
64
73
77
77
78
69
59
48
25
-3
-25
-47
-66
-85
-101
-109
-106
-96
-82
-56
-27
-3
21
34
43
43
34
26
15
10
8
13
30
49
65
82
92
97
87
65
44
18
-14
-48
-77
-100
-114
-125
-134
-128
-115
-104
-85
-67
-44
-28
-9
5
19
34
41
52
63
65
65
64
59
52
47
40
33
31
29
30
28
22
15
10
2
-10
-27
-37
-40
-41
-40
-32
-18
-3
13
25
29
30
29
18
11
-1
-14
-19
-19
-19
-10
-1
9
23
29
34
35
28
16
2
-11
-23
-37
-48
-50
-45
-41
-32
-28
-17
-5
1
5
9
12
14
17
6
-4
-11
-16
-17
-12
-12
4
18
27
29
29
22
15
5
-9
-20
-30
-37
-40
-42
-40
-35
-24
-12
-3
5
13
22
20
19
14
12
9
3
-2
-6
-6
-5
-3
-1
1
9
21
30
38
38
45
45
39
25
10
-5
-15
-28
-36
-42
-40
-35
-24
-12
-7
0
5
14
14
14
19
31
43
49
49
49
50
48
34
21
7
-7
-18
-24
-29
-24
-17
-9
2
4
7
6
-3
-18
-37
-59
-75
-87
-98
-96
-82
-62
-37
-13
12
34
52
54
53
46
37
26
14