5
8
5
7
6
-1
-10
-7
-3
0
0
-5
-2
5
8
1
-1
2
5
3
2
1
4
2
3
5
3
-2
-2
1
1
-2
-7
-2
1
0
-1
-1
-1
1
-3
-6
-3
-2
-2
-8
-10
-7
-5
-3
-9
-11
-8
-7
-5
-1
-4
-4
-5
-1
-4
-8
-10
-10
-6
-3
0
-2
8
11
7
-2
-1
0
-1
-6
-9
-6
1
5
0
2
3
9
6
-2
-4
1
4
3
1
0
2
2
8
0
-9
-6
-4
-7
-7
-10
-7
1
1
0
-1
0
-1
3
1
1
2
6
10
4
-3
-12
-12
-11
-8
-7
-2
3
5
7
8
9
9
3
-1
0
4
7
4
2
2
5
3
-2
-4
-1
5
10
6
5
11
13
16
12
9
8
2
-1
-4
-2
-4
-7
-10
-1
2
2
5
3
0
-3
1
3
-1
-7
-4
3
8
8
-3
-2
5
5
0
-1
1
1
2
3
7
5
3
-1
-4
-3
-8
-7
1
0
4
4
7
8
5
-1
-5
-4
-8
-15
-17
-20
-25
-17
-10
1
-2
-4
-3
-2
-7
-17
-22
-26
-17
-10
-11
-8
7
15
19
16
11
7
9
0
-15
-12
-5
-3
-2
2
8
11
8
3
6
9
14
10
4
2
13
18
6
-4
-3
3
-1
-16
-27
-18
-11
-17
-21
-16
-17
-16
-9
-5
1
7
6
11
18
21
16
22
27
19
14
9
8
0
-6
-19
-13
-16
-12
-13
-5
0
3
-3
-4
2
1
-1
-3
2
11
31
34
35
41
40
17
5
-9
-30
-37
-30
-13
-16
-14
-6
16
10
2
-10
-16
-23
-19
-16
-20
-13
1
18
31
40
33
29
25
20
9
13
5
5
7
12
-2
-1
-2
-4
-16
-28
-11
-1
9
2
8
14
20
9
-7
-6
-16
-24
-27
-15
-18
-9
5
10
7
14
13
-8
-16
-28
-37
-40
-21
-16
0
17
30
33
36
26
13
-2
-16
-22
-12
-7
-2
16
31
31
22
14
-3
-20
-32
-41
-35
-28
-17
-6
13
22
26
28
14
-4
-22
-28
-47
-49
-55
-39
-23
12
31
30
28
27
29
17
14
-9
6
17
38
35
35
27
15
-9
-29
-33
-35
-33
-10
11
32
47
38
14
-14
-20
-28
-23
-12
6
25
43
52
38
30
15
-30
-61
-52
-39
-27
-11
12
27
39
15
-23
-51
-62
-87
-138
-127
-101
-76
-76
-58
-38
-35
-44
-51
-34
15
40
67
112
137
142
145
104
64
33
-18
-98
-154
-146
-114
-65
-19
19
68
134
134
95
92
83
50
5
-16
-4
25
84
84
132
215
207
164
161
128
82
38
-25
-51
-22
16
11
6
25
40
63
61
16
-47
-59
-29
-12
-19
-28
-1
19
35
11
-49
-86
-85
-116
-184
-180
-195
-194
-161
-117
-71
-41
11
-26
-84
-144
-189
-211
-207
-180
-212
-203
-157
-104
-56
-47
-50
-24
-25
-83
-135
-107
-50
17
76
136
179
227
239
174
142
70
3
-5
47
88
141
202
183
178
133
53
-122
-234
-252
-235
-217
-202
-147
-97
-31
30
96
120
159
180
159
127
139
212
313
388
417
449
491
444
373
268
192
116
-17
-78
-83
-39
-65
-72
-73
-68
-26
-12
2
18
21
-118
-284
-363
-330
-314
-317
-253
-141
14
100
80
9
-82
-204
-323
-409
-463
-364
-241
-159
-99
8
112
119
77
39
45
60
65
86
111
177
230
298
375
436
401
352
398
396
327
212
204
212
299
380
340
300
159
70
-170
-237
-961
-2335
-2769
-1367
-1189
-2613
-2203
243
1025
-749
-2385
-2752
-1981
-1980
-2618
-1869
1147
4031
6637
9078
10089
9894
9353
7538
3757
78
-2486
-3619
-4436
-7041
-10065
-9738
-8339
-10570
-12549
-9808
-5359
-2243
2706
8816
13085
15666
17739
16538
12191
7175
2501
-2163
-5163
-6840
-8246
-8402
-6961
-6916
-8439
-9243
-9125
-9289
-7826
-3936
511
4692
9167
12805
14140
13751
10801
5069
-710
-3799
-6837
-10396
-11587
-9439
-7090
-5497
-4037
-3075
-2348
-1378
-1
1336
3304
5648
8846
12449
14788
14535
12954
11051
8104
4159
145
-2685
-4753
-8553
-14059
-16560
-15238
-16721
-20198
-17563
-8731
-2120
3238
11408
19274
22558
24015
23389
17931
9739
3596
-1011
-5105
-7887
-9337
-10287
-9873
-9497
-11795
-15207
-16025
-14910
-12979
-8149
-717
6093
11937
17885
20892
19377
15475
10782
4390
-1455
-5490
-9909
-13946
-13453
-10634
-10862
-11348
-8605
-5017
-2655
1042
5154
9065
13364
17030
17623
16818
14274
9944
5659
3169
-252
-2903
-3146
-4515
-10311
-15090
-15401
-17236
-22515
-23577
-16348
-8053
-674
8612
18954
25312
28699
28521
23074
13804
5671
-1043
-6245
-9234
-10004
-10177
-9117
-8314
-10035
-14388
-17125
-17734
-16557
-13090
-5598
2778
10988
17974
21132
19970
18347
14996
5373
-4201
-6794
-6028
-8835
-11021
-9767
-6488
-4729
-4781
-6694
-6406
-3066
1418
5498
9837
12995
15174
16743
16070
11075
5310
2013
754
-723
-3298
-7173
-9643
-9359
-11558
-17528
-20411
-17117
-13790
-9670
-653
9666
16001
21390
26175
24782
17815
10970
4860
-2030
-6771
-7764
-7819
-7857
-6625
-6306
-8972
-12179
-14299
-16129
-16013
-12921
-8705
-3195
5434
12883
15788
16222
15915
13001
8640
3800
-1365
-4485
-4706
-4755
-5426
-4573
-3777
-3832
-3527
-2574
-2329
-1175
1369
4210
6845
8685
9631
9347
8527
7161
6456
4105
-487
-4165
-3697
-4124
-8658
-12305
-11120
-9340
-9556
-7773
-3145
829
3836
8746
12629
12316
9873
8943
7901
5373
2547
596
-1299
-2470
-3425
-5528
-8672
-10657
-11602
-11809
-10706
-7997
-5926
-4741
-2278
2016
4695
3533
1168
1739
4719
5941
4356
3522
5069
6337
5192
2670
-864
-4386
-5954
-5199
-4959
-4729
-2296
2729
7521
10427
10817
10508
10571
10910
9467
7887
7599
2892
-8200
-15079
-12653
-16324
-28623
-30569
-16653
-7137
-4196
5575
19676
24006
24187
26026
22047
9047
-237
-1796
-2683
-5513
-5298
-3244
-2488
-3262
-6081
-13066
-20220
-22871
-21623
-18000
-10866
-2621
4430
12305
19394
19795
14826
10089
5995
2168
278
-1031
-2621
-1257
1593
657
-2982
-6227
-9976
-12359
-10622
-7386
-4218
1884
9674
15226
17831
18140
14905
10607
7719
6080
4376
5851
8006
2834
-7434
-10141
-9247
-18312
-30921
-29654
-18487
-12853
-7362
6554
20177
24790
27219
28279
21847
9554
1653
-1295
-3795
-6168
-4812
-1994
-705
-2330
-6600
-13632
-19977
-23205
-23361
-20793
-14030
-4147
5722
13474
18904
21748
20651
15334
9072
5263
2670
-807
-3410
-3414
-3167
-4761
-7153
-9549
-12114
-13000
-10525
-6016
-1303
3957
9963
14915
16847
15403
11885
8172
5883
4523
4258
6323
8740
5186
-2819
-6647
-8271
-18097
-30468
-31092
-22590
-16850
-10095
4244
18321
24354
27309
28968
23392
11476
2302
-1524
-4040
-5797
-4257
-870
962
70
-3739
-10363
-17863
-23877
-26487
-23935
-16816
-8161
921
11503
21014
25242
23681
19080
13493
8322
3298
-2111
-6262
-7050
-6438
-6852
-8180
-9538
-11148
-11070
-8458
-4995
-1698
2995
8657
13034
14691
13745
11343
8655
6436
4528
3986
6432
10154
8000
-632
-6119
-6235
-13396
-27517
-32228
-24168
-17438
-12821
-842
14116
21561
24678
27621
24706
13670
3466
-680
-2655
-5250
-5165
-1884
1178
1566
-782
-6389
-14189
-21085
-24426
-23604
-19293
-12626
-3948
6742
16910
23036
23677
20421
15478
10742
5596
-653
-6119
-7789
-6897
-6598
-7627
-8792
-9403
-8758
-6950
-4921
-2551
1344
6272
10201
12136
12261
10767
8387
6540
5233
4506
5079
8822
11457
6660
-2624
-6128
-7680
-18044
-30649
-30669
-21540
-15376
-8752
4074
17096
23306
26338
26332
20313
9253
969
-3030
-5180
-6827
-4709
-380
3013
2888
-65
-6086
-12964
-18794
-22699
-23730
-19591
-11358
-2336
6579
15547
22176
23298
19902
14670
9604
3997
-2069
-7306
-9291
-8982
-8374
-8449
-8546
-8241
-6637
-4112
-1729
311
3155
6634
9538
11118
11146
9513
7314
5966
5234
4864
4940
6847
8583
5370
-2749
-8072
-10018
-17032
-27844
-29340
-20485
-13048
-7149
4371
17291
23027
24625
25020
20218
9496
814
-3044
-5543
-7315
-5167
-907
1686
1734
-299
-5281
-12087
-17765
-20762
-21424
-18364
-10806
-961
7790
15116
20799
22604
19153
13384
7737
2200
-3808
-8522
-10527
-9807
-8730
-8480
-8251
-6733
-4978
-3430
-1484
1388
4336
7532
10173
11918
12171
10993
8601
6519
4952
3767
3251
4389
6411
4954
-1734
-8291
-10249
-14574
-24431
-29651
-22939
-14229
-8423
1016
14758
22990
24945
25298
22730
13468
2785
-3343
-5994
-7913
-6909
-2585
1397
2459
1179
-2800
-9136
-15761
-20168
-21492
-18828
-12848
-4807
4669
13830
19341
20426
18825
14713
8673
2471
-2979
-7564
-9212
-8291
-7375
-7259
-6399
-5432
-4865
-3984
-2419
-374
2732
6378
9369
11425
12391
11363
8914
6550
4739
2891
1857
2282
4844
6487
2890
-5057
-9679
-11477
-18254
-27983
-28127
-19002
-11228
-4369
8088
20537
25048
25441
25043
19152
7288
-2119
-5866
-7553
-7883
-4523
278
2939
2888
474
-5022
-12463
-18884
-22078
-20671
-14987
-7907
-303
9024
17501
20431
18504
14855
9730
3511
-1552
-5425
-8199
-8204
-5763
-4143
-3882
-4165
-4773
-4783
-3545
-2262
-773
2979
8076
11553
12724
12573
11108
8390
5046
1915
-468
-1305
-185
2727
4757
1731
-4797
-8524
-9861
-16379
-25108
-25100
-16154
-8856
-2207
9045
20330
24130
24225
22735
16312
5054
-3329
-6806
-8032
-7832
-4486
-244
2344
2598
401
-5243
-12387
-17727
-19522
-17540
-11839
-4888
1718
9262
16859
19191
15422
10101
5566
963
-3097
-6059
-7611
-6214
-2716
-775
-1350
-2282
-3573
-4374
-3775
-2584
-1499
2225
7723
11513
12546
12282
10186
6729
3061
-527
-3682
-4261
-2127
1202
4148
3711
-863
-4903
-6367
-11477
-20298
-22964
-16064
-8779
-3074
6336
17341
21985
21993
20448
14908
4298
-4256
-7556
-8461
-8570
-5575
-747
3051
4314
2523
-2894
-9563
-14384
-16104
-15160
-11078
-5221
799
7361
13789
15863
12432
7619
3747
-20
-3376
-5111
-5669
-4364
-1146
1488
1241
-484
-2650
-4032
-3916
-3162
-2555
343
5578
10015
11523
11129
8507
4568
913
-1952
-4860
-6053
-3910
833
5999
8325
5577
661
-2115
-6112
-14679
-21405
-19046
-12607
-7265
453
11263
17836
18607
17806
14643
6486
-2347
-6695
-8041
-8133
-5350
245
4764
6350
5219
1729
-3850
-9388
-13471
-14946
-13423
-9084
-3343
2777
7726
10507
10758
8831
4932
671
-2195
-3427
-3620
-2643
-423
1693
2475
1747
32
-2322
-4123
-4940
-4370
-2436
1312
5475
8318
8851
7865
5631
2637
-929
-4009
-5115
-3251
906
5767
10255
10993
6970
1832
-1572
-8427
-18486
-23460
-19060
-13046
-7753
185
10020
15418
16852
16106
11943
3839
-2912
-5321
-5094
-4083
-1074
3668
7636
8846
6750
1670
-4855
-10564
-14297
-15508
-14259
-10732
-5280
1004
5883
8494
9050
7198
3518
668
-407
-1116
-1355
-135
1931
3616
4127
2547
-633
-3670
-5349
-5973
-5430
-3292
282
3985
6708
7788
7028
4481
1583
-755
-2345
-2654
-190
4176
8884
12217
11618
6071
279
-3914
-11364
-21490
-24962
-19841
-14311
-9495
-677
9522
14549
15776
15503
12079
5509
416
-1704
-2407
-1681
1819
6205
8704
8353
5376
357
-5535
-11346
-16256
-18389
-16612
-12196
-6858
-741
5204
8821
9404
8243
6085
3235
871
-107
-69
855
2655
4002
3786
2286
-165
-3366
-6006
-7371
-7359
-5618
-2095
1563
4789
7091
7781
6573
4739
2596
577
-94
1280
3763
6672
9859
10102
5575
-362
-4122
-10153
-19705
-25159
-21786
-16618
-12384
-4550
6323
13350
16455
18224
17014
11193
4899
1246
-637
-1474
-120
2900
5493
6399
5005
1069
-4759
-10916
-16181
-18945
-18244
-14874
-9752
-2825
4333
9299
11320
10987
8814
5862
3297
1246
-15
126
1477
2736
3191
2111
-641
-4007
-6499
-8063
-8631
-7345
-3626
1084
5211
8281
9836
9113
6796
4213
1487
-727
-966
1245
4217
7638
9633
7294
1401
-3321
-8245
-16736
-24450
-24287
-19015
-13667
-6278
4690
13939
18404
20261
19561
14376
6802
1170
-1710
-2973
-2394
394
3681
5630
5157
1967
-3498
-9707
-15317
-18750
-18648
-15213
-10076
-3897
3062
9252
12432
12139
9610
6719
4233
1901
-154
-918
111
1786
2448
1426
-999
-3879
-6237
-7627
-8171
-7325
-4279
537
5203
8400
9756
9109
6821
4054
1434
-921
-1889
-265
3070
6492
9263
9086
4505
-1656
-6387
-12723
-21106
-25158
-21390
-15230
-8544
1033
11703
17972
20315
20453
17057
9465
2039
-2349
-4267
-4464
-2177
1549
4795
6228
5024
797
-5373
-11661
-16551
-18660
-17322
-13487
-7879
-609
6706
11574
13240
12078
8988
5489
2458
-347
-2366
-2287
-710
1006
1974
1486
-808
-3366
-5271
-6712
-7572
-6592
-3461
924
5093
8015
9036
8390
6656
4320
1533
-944
-1642
-63
2846
5963
8082
6566
1741
-2811
-6468
-13169
-20673
-22071
-17044
-11581
-5284
4182
13090
17254
18783
18449
13872
6092
-78
-3122
-4425
-3883
-870
2898
5414
5875
3806
-1040
-7448
-13383
-17320
-18125
-15412
-10373
-4109
2872
9104
12491
12566
9999
5904
1749
-1168
-2925
-3399
-1899
799
3083
4156
3410
705
-2688
-5495
-7700
-8741
-7567
-4142
318
4738
8073
9371
8827
7322
4912
1838
-452
-685
725
2793
5317
7062
5151
376
-3385
-6864
-13445
-19703
-19275
-14453
-10107
-4458
4533
12177
15716
17077
16431
11873
5567
983
-1587
-3217
-2978
-560
2320
4036
3908
1566
-2816
-7911
-12430
-15228
-15548
-13247
-8959
-3124
3274
8730
11575
11419
9030
5522
1853
-1193
-3216
-3915
-2861
-269
2452
3840
3484
1704
-900
-3628
-6223
-8031
-7845
-5439
-1596
2687
6206
8034
8847
8812
7187
4020
1255
58
479
1799
3746
5282
4252
672
-2336
-4740
-10490
-17265
-18699
-15010
-11601
-6811
1192
8886
13023
16067
17320
14281
8115
3140
-162
-2578
-3430
-1922
373
2286
3254
2400
-982
-5744
-10321
-13729
-15144
-14018
-10671
-5460
1226
7565
11338
12010
10576
7629
3754
-72
-3027
-4683
-4225
-1642
1532
3518
3653
2041
-388
-3101
-6179
-8848
-9259
-7066
-2950
2127
6687
9255
10473
10632
8863
5081
1461
-630
-1078
-230
1874
4498
4961
2232
-1038
-3192
-8185
-15697
-19558
-17197
-13741
-9523
-1874
7239
13054
16772
18967
17197
10890
4437
130
-2857
-4681
-3915
-1335
1285
3061
3285
1036
-3343
-8144
-12391
-15056
-14977
-12037
-7300
-1138
5530
10516
12420
11882
9360
5201
859
-2423
-4451
-4651
-2530
532
2766
3534
2685
391
-2557
-5759
-8445
-9235
-7497
-3862
1066
6051
9375
10904
11077
9436
5886
1973
-733
-1777
-1331
278
2903
4862
3606
160
-2542
-6113
-12935
-18490
-18028
-14617
-11212
-5025
4325
11898
16118
18516
18156
13371
6828
1738
-2015
-4876
-5236
-3000
-101
2095
3021
1932
-1321
-5581
-9909
-13383
-14648
-13086
-9318
-3754
2570
7809
10890
11923
10636
7295
3408
-9
-2776
-3911
-2903
-1007
732
1772
1477
62
-1722
-4112
-6624
-7462
-6105
-3218
762
4881
7731
9365
10082
8937
5977
2462
-365
-1933
-1791
-562
1410
3405
3374
769
-1766
-4186
-9602
-15778
-16992
-13968
-11087
-6813
1177
9301
14085
16919
17708
14360
8121
2809
-1163
-4638
-6336
-4937
-1989
865
2921
3371
1339
-2225
-6127
-9872
-12543
-12895
-10921
-6900
-1156
4728
8753
10759
10970
9069
5621
1897
-1776
-4503
-4946
-3411
-1401
365
1459
1495
919
-325
-2576
-4763
-5236
-3931
-1272
2066
4997
6899
8180
8300
6587
3524
371
-2221
-3274
-2590
-633
1747
3141
2160
393
-873
-4339
-10650
-14647
-13793
-11681
-8918
-2763
5207
10813
14381
16655
15478
10050
3912
-731
-4318
-6733
-6135
-3083
543
3655
5534
4893
1731
-2693
-7429
-11684
-13944
-13342
-10116
-4803
1675
7343
10657
11405
10026
6738
2037
-2705
-5979
-6882
-5419
-2297
1115
3662
4932
4999
3613
637
-3052
-5595
-6189
-4995
-2354
1204
4287
6503
7763
7509
5301
1959
-1251
-3281
-3427
-2143
220
3093
4460
3016
1427
-31
-4770
-11654
-14378
-12861
-11244
-8185
-1069
6366
10780
13972
15797
13116
7059
1843
-1709
-4702
-5771
-3784
-424
2708
5309
6104
3890
-426
-5278
-9968
-13425
-14319
-12471
-8342
-2354
4036
8710
10768
10694
8525
4480
54
-3333
-5267
-5298
-3034
312
3154
4801
5087
3760
1199
-2244
-5487
-7191
-6812
-4927
-1551
2291
5131
6752
7618
6802
3833
352
-2053
-3088
-2570
-580
2403
4985
5355
3721
1993
-991
-7280
-13482
-14911
-13248
-11442
-7170
516
7568
11885
14798
15158
11343
5699
1449
-1820
-4553
-4997
-2452
1003
3878
5610
5253
2310
-1938
-6495
-10900
-13919
-14033
-11261
-6473
-506
5281
9291
10774
10002
7527
3564
-890
-4153
-5318
-4479
-1899
1383
3769
4795
4750
3299
195
-3444
-6411
-7719
-6957
-4404
-953
2525
5274
7024
7500
6145
3025
-162
-1994
-2481
-1799
211
3324
5764
5570
3396
1202
-2458
-9026
-14325
-14657
-13018
-11133
-5866
2291
8533
12136
14517
14026
9770
4690
776
-2533
-4854
-4364
-1363
2018
4573
5827
4833
1705
-2439
-7057
-11609
-14191
-13453
-9995
-4866
872
6129
9809
11176
9717
6345
2245
-1825
-4884
-5541
-3923
-1254
1636
4131
5341
5025
3199
-80
-3869
-6519
-7416
-6660
-4501
-1339
1987
4865
6531
6577
5047
2618
143
-1492
-1919
-1253
469
3494
6402
6182
3148
527
-2042
-7618
-13291
-14535
-12938
-11187
-6490
1197
7184
10080
12467
13207
10296
5627
1963
-1055
-3178
-2757
-136
2250
3845
4896
4381
1675
-2285
-6767
-11037
-13300
-12559
-9771
-5712
-673
4425
8204
10029
9426
6508
2768
-468
-3070
-4610
-4029
-1853
651
2917
4480
4583
3332
958
-2231
-5109
-6513
-6714
-5803
-3298
-68
2516
4500
5845
5616
3998
2025
522
-415
-350
642
2677
5258
6385
4269
1210
-857
-4595
-10833
-14664
-13763
-11906
-9413
-3489
3798
8197
11065
13518
13107
9140
4996
1921
-787
-2375
-1533
369
1937
3167
3719
2329
-930
-4978
-9043
-12149
-13059
-11653
-8581
-4207
1079
6060
9395
10318
8998
6289
3037
-278
-2859
-3861
-3123
-1403
663
2436
3273
2871
1405
-1126
-4027
-6123
-6981
-6862
-5275
-2195
1063
3575
5535
6599
5997
4377
2572
1138
202
359
1440
3382
5444
5563
2644
-424
-2368
-6375
-12429
-15122
-13281
-10939
-7786
-1396
5476
9425
12298
14566
13544
9183
4941
1782
-1061
-2765
-2206
-688
617
1778
2261
805
-2317
-5948
-9297
-11676
-12012
-10314
-7005
-2370
2950
7543
10188
10490
9034
6441
2908
-815
-3489
-4521
-4096
-2547
-489
1098
1854
1866
770
-1527
-4156
-6112
-6927
-6394
-4342
-1140
2150
4772
6671
7648
6986
5074
2894
1013
-353
-333
718
2345
4238
4514
1868
-875
-2481
-6453
-12347
-14483
-12336
-10198
-6996
-380
6430
10317
13295
15312
13548
8592
4132
632
-2702
-4561
-3691
-1791
-60
1591
2414
1051
-1900
-5279
-8540
-10911
-11156
-9289
-5846
-1102
4188
8570
10991
11172
9241
5757
1709
-2122
-5158
-6589
-5934
-3819
-1402
665
2005
2248
1305
-809
-3502
-5579
-6280
-5587
-3468
-290
2751
5109
6836
7555
6597
4541
2221
353
-688
-471
618
2388
4198
4050
1519
-825
-2589
-6890
-12232
-13708
-11506
-9486
-6139
210
6469
10138
13107
14600
12312
7512
3600
438
-2755
-4587
-3834
-1935
-28
1604
2230
943
-1484
-4261
-6963
-8975
-9290
-7948
-5087
-954
3642
7272
9062
8839
7150
4545
1152
-2539
-5333
-6329
-5553
-3520
-1124
708
1720
2163
1654
-148
-2817
-4867
-5526
-4788
-2981
-234
2491
4858
6916
7932
6848
4585
2341
318
-1167
-1312
-398
1128
3317
3976
1965
-303
-1758
-5861
-11391
-13378
-11722
-10222
-7105
-520
6334
10600
13843
15436
13363
8631
4106
-147
-4260
-6431
-5423
-2986
-411
2022
3617
3185
1129
-1969
-5645
-8960
-10421
-9731
-7018
-2738
2124
6239
8905
9634
8276
5155
1042
-3168
-6211
-7245
-6381
-4189
-1270
1460
3220
3956
3322
893
-2322
-4594
-5508
-5229
-3512
-523
2700
5550
7655
8349
6940
4248
1423
-841
-2326
-2467
-1444
740
3374
3985
1882
-77
-1709
-6315
-11758
-13052
-11214
-9653
-5788
1464
8032
11657
14406
15287
12288
6882
2124
-2042
-5656
-6907
-5069
-2103
792
3309
4517
3578
1000
-2635
-6748
-9888
-10831
-9660
-6623
-2052
2945
7023
9470
9683
7634
4069
-106
-4170
-6999
-7649
-6307
-3765
-599
2298
4211
4891
3922
1236
-1833
-3951
-5047
-4989
-3257
-285
2683
5205
7060
7334
5587
2904
432
-1587
-2781
-2624
-1127
1522
3971
3882
1934
621
-1555
-6877
-11621
-12073
-10698
-9052
-4325
2706
7987
11382
14205
14303
10458
5299
961
-2917
-5850
-6162
-4120
-1347
1483
3913
4679
3273
314
-3540
-7448
-9976
-10459
-9051
-5808
-1132
3729
7458
9231
8764
6359
2648
-1396
-4802
-6829
-7019
-5244
-2124
1285
3899
5196
5048
3476
731
-2330
-4701
-5845
-5400
-3061
186
3037
5145
6686
6742
5165
2741
245
-1959
-2798
-2079
-343
2104
3993
3390
1563
540
-2036
-7497
-11445
-11154
-9891
-8163
-3425
3068
7583
10796
13384
13179
9290
4685
859
-2590
-5164
-5313
-3678
-1392
1153
3398
3878
2391
-450
-3859
-7081
-9110
-9625
-8455
-5379
-846
3697
7077
8590
7997
5822
2855
-733
-4316
-6397
-6207
-4460
-1738
1251
3496
4538
4633
3291
467
-2640
-4879
-5866
-5225
-3030
-203
2505
4946
6711
6948
5539
3075
467
-1568
-2292
-1794
-312
1995
3676
2907
1328
525
-2346
-8071
-11745
-11284
-10164
-8308
-3078
3560
8012
11479
14287
13735
9386
4619
740
-2962
-5714
-5823
-3966
-1414
1406
3712
4010
2275
-699
-4264
-7721
-9902
-10384
-8846
-5191
-188
4575
8027
9589
9038
6698
3195
-889
-4608
-6745
-6740
-4926
-2100
757
2910
4173
4329
2874
48
-2905
-4907
-5574
-4683
-2388
392
3013
5462
7247
7202
5397
2816
240
-1753
-2494
-2179
-943
1468
3536
2943
1176
189
-2412
-7693
-11226
-10891
-9758
-7928
-2829
3823
8360
11590
14080
13580
9547
4924
822
-3241
-6145
-6213
-4307
-1873
784
3092
3680
2338
-390
-3965
-7486
-9626
-9860
-8237
-4740
-14
4609
8156
10049
9503
6671
2795
-1171
-4885
-7402
-7798
-6209
-3300
157
2931
4437
4794
3764
1258
-1638
-3996
-5338
-4979
-2799
88
2850
5349
7089
7150
5578
2984
45
-2464
-3624
-3310
-1778
868
3358
3385
1839
1094
-700
-5846
-10443
-10793
-9492
-8077
-3803
2776
7658
10858
13678
13938
10175
5172
925
-2996
-6226
-6916
-5262
-2578
425
3131
4147
3153
768
-2517
-6041
-8565
-9374
-8363
-5321
-850
3645
7066
8907
8614
6387
2984
-997
-4891
-7380
-7738
-6175
-3284
127
2890
4682
5542
4912
2424
-864
-3548
-4949
-4858
-3282
-890
1576
3915
5836
6328
4877
2159
-481
-2475
-3452
-3071
-1402
1199
3786
4388
3240
2238
204
-4778
-9450
-10364
-9654
-8595
-4625
1770
6808
10339
13192
13415
9867
5066
671
-3522
-6885
-7536
-5531
-2358
1047
4046
5522
4899
2552
-1066
-5180
-8507
-10038
-9479
-6658
-2306
2315
6187
8616
8823
6947
3669
-552
-4777
-7373
-7672
-6175
-3302
312
3485
5671
6658
5669
2697
-893
-3824
-5678
-5950
-4564
-2179
553
3344
5515
5972
4468
1930
-468
-2359
-3265
-2701
-762
2137
4893
5400
4086
2848
284
-5357
-10247
-11168
-10491
-9272
-4787
2005
7231
10754
13437
13255
9273
4179
-245
-4284
-7239
-7254
-4605
-1020
2566
5502
6554
5282
2280
-1934
-6508
-9904
-11109
-10061
-6845
-2083
2953
7070
9553
9578
7131
3359
-835
-5065
-7887
-8044
-6164
-3143
728
4224
6259
6911
5897
2733
-1200
-4276
-6210
-6663
-5261
-2851
-76
2960
5375
5908
4731
2626
364
-1584
-2528
-2182
-620
2070
4588
4712
3337
2463
113
-5321
-9654
-10115
-9626
-8681
-4314
1990
6383
9593
12340
12188
8457
4072
295
-3415
-6102
-6002
-3733
-855
2090
4541
5290
4043
1338
-2402
-6370
-9185
-10088
-8964
-5821
-1372
3144
6849
9059
8971
6642
3167
-762
-4744
-7292
-7447
-5830
-3142
364
3498
5403
6136
5215
2384
-1038
-3791
-5686
-6093
-4718
-2549
-116
2750
5150
5764
4738
2817
613
-1166
-1925
-1771
-467
2113
4259
3985
2859
2319
-311
-5700
-9317
-9498
-9379
-8449
-4022
1909
6023
9370
12072
11768
8283
4373
673
-3141
-5857
-5893
-4028
-1428
1409
3800
4626
3674
1242
-2220
-5828
-8466
-9500
-8570
-5603
-1366
3069
6675
8600
8548
6872
3650
-579
-4391
-6558
-6981
-5814
-3200
75
2853
4778
5512
4427
1646
-1454
-3988
-5662
-5890
-4383
-2000
581
3317
5539
6045
4915
2911
689
-1208
-1933
-1520
-129
2200
3844
3397
2462
1802
-1494
-6839
-9741
-9544
-9308
-7651
-2686
3089
7070
10531
12722
11578
7668
3669
-150
-3893
-6263
-6009
-3939
-979
2130
4267
4553
3227
586
-3008
-6575
-8962
-9600
-8084
-4520
74
4470
7787
9206
8552
6442
2983
-1617
-5627
-7460
-7385
-5927
-3010
362
2988
4842
5631
4331
1329
-1818
-4299
-5767
-5614
-3930
-1514
1211
4083
6214
6549
5186
2962
541
-1434
-2230
-1938
-579
1572
2668
2212
2053
1440
-2387
-7037
-8609
-8486
-8665
-6412
-1199
3661
7239
10800
12515
10658
6913
3295
-529
-4387
-6451
-6059
-4164
-1422
1546
3449
3714
2677
372
-2842
-5793
-7666
-8159
-6608
-3147
966
4646
7486
8688
7835
5451
2085
-2109
-5924
-7733
-7460
-5807
-2984
241
2926
4922
5773
4481
1528
-1498
-3959
-5377
-5078
-3423
-1355
1225
4309
6343
6273
4747
2735
318
-1584
-2230
-1706
-442
963
1410
1600
1938
258
-3915
-6889
-7479
-8035
-7685
-4174
639
4380
8090
11332
11634
8956
5668
2113
-2000
-5316
-6304
-5524
-3612
-767
2071
3562
3571
2281
-316
-3429
-6021
-7580
-7512
-5377
-1883
1963
5556
7912
8191
6911
4423
482
-3873
-6674
-7614
-7173
-5097
-1833
1317
3878
5604
5500
3502
662
-2232
-4552
-5424
-4723
-2913
-442
2455
5100
6586
6134
4325
2034
2
-1540
-2100
-1363
-77
233
339
1447
1236
-2099
-5369
-6145
-6814
-7452
-5272
-1051
2276
5668
9502
11258
9696
7001
3935
189
-3468
-5280
-5473
-4549
-2445
380
2412
3069
2469
586
-2154
-4647
-6420
-7185
-6240
-3584
-8
3735
6818
8068
7392
5562
2700
-1325
-5037
-7023
-7379
-6346
-3667
-414
2390
4541
5537
4505
2237
-424
-3174
-5114
-5148
-3848
-1903
762
3710
5808
6384
5588
3742
1410
-625
-1822
-1841
-945
-586
-837
-37
792
-1163
-4351
-5582
-6015
-7015
-5897
-2045
1497
4368
8039
10890
10694
8445
5671
2193
-1700
-4306
-5082
-4879
-3767
-1473
933
2212
2117
783
-1523
-3867
-5622
-6640
-6429
-4488
-1174
2654
6013
7922
8057
6687
3977
275
-3322
-5967
-7351
-7019
-4751
-1664
1213
3488
4737
4333
2648
248
-2444
-4650
-5237
-4133
-2024
555
3322
5550
6549
6233
4692
2327
-130
-1683
-1856
-1386
-1711
-1919
-698
-61
-2089
-4365
-5015
-5890
-6799
-5022
-1378
1535
4553
8337
10735
10404
8668
6078
2419
-1393
-3715
-4651
-4755
-3881
-2041
-122
1205
1361
-21
-2271
-4226
-5612
-6264
-5673
-3774
-798
2979
6493
8322
8258
6828
4177
574
-2906
-5480
-6984
-6926
-4978
-2146
505
2683
3936
3666
2300
415
-1864
-3831
-4381
-3510
-1876
536
3220
5243
6018
5856
4743
2911
728
-906
-1335
-1536
-2492
-2736
-1587
-1909
-4080
-5066
-4667
-5544
-5842
-3249
215
2431
5233
8469
9853
9104
7779
5546
2118
-1081
-2746
-3559
-3870
-3335
-2198
-1241
-532
-469
-1587
-3374
-4718
-5377
-5228
-4044
-2066
425
3445
6175
7537
7424
6135
3623
475
-2149
-3965
-5245
-5518
-4291
-2209
-167
1480
2289
2001
1100
-1
-1310
-2473
-2715
-2074
-786
1194
3356
4594
4844
4699
4077
2847
1289
205
-410
-1542
-2843
-2831
-2583
-4305
-6123
-5788
-5200
-5626
-4335
-976
1871
4077
6881
8929
8900
7844
6474
4136
1112
-1114
-2185
-2698
-2774
-2318
-1873
-1646
-1657
-2241
-3521
-4736
-5455
-5493
-4472
-2509
-227
2281
4901
6699
7211
6759
5239
2482
-345
-2305
-3657
-4521
-4289
-3252
-1847
-232
1129
1306
681
-76
-832
-1716
-2100
-1798
-981
297
2066
3666
4413
4429
4079
3451
2442
1479
855
-223
-2133
-3036
-2851
-4123
-6578
-6979
-5851
-5715
-4988
-1877
1436
3624
6215
8552
8786
7692
6650
4977
2361
183
-845
-1383
-1679
-1564
-1534
-1995
-2592
-3360
-4668
-5964
-6458
-6182
-5075
-3008
-458
2069
4561
6364
6867
6384
5269
3244
793
-1080
-2219
-2900
-2884
-2235
-1437
-682
4
95
-527
-1371
-1864
-2089
-1957
-1250
-124
1161
2633
3928
4289
3943
3499
3096
2219
1467
1303
635
-1285
-2414
-2414
-4091
-7060
-7762
-6704
-6736
-5959
-2506
1137
3431
6253
8918
9218
7801
6569
4984
2561
526
-298
-621
-768
-643
-707
-1408
-2480
-3854
-5534
-6958
-7620
-7383
-5914
-3336
-536
2080
4665
6622
7145
6463
5074
2979
668
-909
-1687
-2060
-1807
-987
-273
199
511
28
-1300
-2471
-3014
-3230
-2863
-1754
-291
1448
3507
5018
5229
4513
3657
2961
2066
1209
399
-997
-2330
-2145
-2329
-4916
-7155
-6657
-6080
-6466
-4940
-1637
813
3217
6549
8620
8236
7228
6304
4636
2469
1068
277
-321
-392
-38
-338
-1447
-2818
-4389
-6002
-7140
-7737
-7667
-6146
-3309
-139
2678
4885
6125
6541
6149
4576
2104
-69
-1334
-1866
-1610
-694
111
541
1100
1445
653
-1054
-2533
-3378
-3674
-3154
-1945
-518
1246
3538
5245
5545
4853
4099
2978
1890
1059
-490
-2867
-3540
-2859
-3998
-6270
-6402
-5495
-5690
-4798
-1904
358
1711
4311
6906
7357
6565
5898
4666
2836
1730
1424
917
454
562
558
-71
-1231
-3121
-5410
-6940
-7516
-7761
-7153
-5148
-2365
686
3668
5465
5736
5453
4595
2643
421
-1061
-1867
-1861
-752
647
1578
2248
2632
2068
655
-936
-2378
-3481
-3742
-3045
-1716
48
2147
3874
4754
5106
5102
4219
2800
1336
-915
-3198
-3874
-4223
-6200
-7254
-5777
-4423
-4382
-2954
-348
1299
2567
4518
5461
4776
4228
4171
3346
1951
1447
1601
1726
1869
1979
1358
171
-1232
-2897
-4751
-6264
-7237
-7378
-6278
-4256
-1958
482
2650
3869
4405
4491
3478
1433
-293
-1124
-1505
-1200
-130
903
1748
2813
3413
2685
1210
-219
-1387
-2189
-2488
-2371
-1698
-222
1559
2905
3546
3968
4097
3971
3337
1387
-1515
-3096
-3607
-5511
-7630
-7270
-5814
-5167
-3423
-255
1844
2798
4358
5455
4757
3545
2859
1978
850
587
1034
1331
1553
1938
1849
1068
-64
-1587
-3422
-4876
-5581
-5718
-5146
-3852
-2213
-432
1365
2602
2799
2371
1772
883
-159
-701
-758
-566
184
1269
1968
2337
2475
1916
998
299
-318
-856
-858
-392
399
1386
2161
2521
2673
2659
2516
2261
1031
-1165
-2438
-2509
-3801
-6078
-6581
-5471
-4913
-4005
-1572
651
1805
3490
5251
5108
3735
2829
2047
921
245
350
515
668
1043
1213
640
-410
-1618
-2776
-3616
-4013
-4016
-3359
-2045
-636
654
1814
2294
1801
1151
441
-804
-2033
-2220
-1784
-1152
76
1448
2104
2413
2745
2214
840
-290
-668
-732
-462
304
1448
2694
3853
4475
4192
3271
2516
1912
176
-2583
-4084
-4079
-4888
-6279
-6081
-4911
-4345
-3043
-434
1432
2121
3351
4636
4459
3420
2663
1777
674
196
379
395
294
355
279
-321
-1266
-2475
-3651
-4335
-4384
-3939
-2820
-1154
636
2426
3786
4000
3229
2261
894
-967
-2516
-2964
-2750
-2089
-881
661
1700
2220
2365
1788
436
-610
-943
-1102
-959
257
1988
3325
4409
5278
5302
4558
3720
2046
-928
-3337
-3945
-4973
-6777
-6903
-5171
-4225
-3338
-1076
1089
1763
2690
3902
3862
2834
2341
1943
1150
605
762
860
655
354
-95
-925
-1949
-3118
-4253
-4842
-4728
-4094
-2882
-1224
297
1765
3165
3698
3272
2761
1996
563
-645
-985
-1108
-1230
-790
35
574
771
782
459
-220
-691
-730
-675
-421
615
2088
3115
3807
4508
4627
4099
3254
1340
-1303
-2813
-3589
-5273
-6387
-5385
-4048
-3298
-1475
1085
2326
2753
3532
3659
2489
1350
780
141
-343
138
973
1369
1435
1275
389
-1054
-2633
-4278
-5565
-5945
-5558
-4482
-2503
-290
1449
2935
3938
3695
2808
1981
862
-401
-814
-577
-305
191
988
1439
1390
1066
385
-568
-1222
-1268
-979
-446
471
1727
2899
3699
4064
3920
3304
1985
-151
-2139
-3140
-4291
-5743
-5790
-4284
-3082
-1875
325
2394
3293
3950
4489
3906
2566
1578
781
-251
-891
-698
-329
-180
-96
-138
-549
-1257
-2160
-3243
-4199
-4682
-4445
-3452
-2030
-618
864
2321
3155
3235
2851
1883
537
-366
-594
-703
-730
-335
356
903
1083
915
511
206
161
295
542
1020
1751
2444
3033
3352
3276
2776
1744
-196
-2101
-3157
-4394
-6110
-6322
-4822
-3554
-2352
58
2513
3710
4601
5334
4639
2896
1755
1145
227
-496
-332
177
448
427
-66
-1186
-2494
-3678
-4675
-5256
-5187
-4465
-3025
-1069
814
2153
2919
3185
3060
2627
1833
774
-36
-251
-195
-212
-227
-279
-552
-833
-930
-1089
-1159
-714
292
1445
2625
3614
4174
4238
4021
3514
2273
97
-2005
-3000
-3675
-4791
-5342
-4543
-3426
-2306
-764
821
1632
2323
3200
3484
2850
2238
1847
1415
1073
1116
1105
853
572
201
-620
-1863
-3218
-4395
-5103
-5338
-5003
-3876
-2286
-884
611
2315
3306
3269
3138
3065
2379
1468
1141
989
534
233
180
-205
-943
-1474
-1787
-2055
-2161
-1815
-988
227
1497
2665
3630
4269
4560
4221
2514
120
-1476
-2653
-4531
-5756
-5087
-3690
-2413
-405
1892
3155
3632
3920
3398
1798
209
-820
-1451
-1567
-799
360
1412
2242
2585
2042
660
-1228
-3343
-5110
-6108
-6330
-5706
-4229
-2235
-24
2090
3351
3639
3595
3300
2381
1242
632
493
646
1120
1715
1937
1811
1517
1100
342
-590
-1264
-1502
-1410
-1021
-314
508
1136
824
-315
-1127
-1512
-2741
-4143
-3962
-2646
-1398
378
2711
4227
4914
5669
5635
3937
1697
74
-1298
-2482
-2876
-2516
-1981
-1267
-450
-81
-450
-1304
-2342
-3243
-3643
-3668
-3329
-2228
-384
1369
2685
3464
3512
2892
1980
711
-799
-1967
-2360
-2032
-1218
-223
756
1735
2575
3043
2948
2386
1710
1422
1313
1237
1251
1461
1685
1565
423
-1355
-2786
-4291
-6391
-7646
-7077
-5774
-4085
-1250
2056
4527
6434
7924
7976
6386
4490
2747
790
-994
-1775
-1838
-1706
-1347
-950
-1048
-1750
-2822
-4023
-5134
-5905
-6072
-5284
-3679
-1631
717
3284
5360
6290
6286
5695
4345
2350
422
-1143
-2411
-2972
-2662
-1870
-875
445
1691
2377
2524
2358
1949
1409
878
358
-302
-1151
-1612
-1575
-1992
-2964
-3295
-2710
-2095
-1476
-360
817
1757
2823
3705
3516
2622
1912
1364
497
-422
-878
-926
-773
-569
-438
-689
-1235
-1870
-2436
-2990
-3518
-3701
-3194
-2187
-986
472
1891
2790
3254
3532
3193
2198
1157
352
-359
-702
-481
-11
428
942
1514
1850
1777
1511
1123
692
302
231
164
-418
-1434
-1918
-2070
-2920
-4044
-4089
-3424
-2849
-1702
315
2140
3428
4740
5446
4873
3614
2355
801
-789
-1703
-1818
-1555
-1072
-525
-157
-250
-953
-2297
-3798
-4820
-5289
-5280
-4384
-2562
-354
2107
4434
5709
5779
5287
4006
1865
-249
-1743
-2728
-2781
-1706
-111
1617
3324
4519
4765
4143
2835
1116
-600
-1946
-2831
-3482
-3593
-2989
-2293
-2164
-2005
-1538
-1434
-1614
-1242
-409
298
1239
2511
3370
3507
3388
3026
2067
774
-411
-1286
-1872
-2084
-1960
-1661
-1380
-1211
-1117
-1169
-1540
-1885
-1838
-1572
-1270
-405
709
1429
1927
2516
2555
1841
938
216
-386
-814
-871
-465
425
1508
2587
3387
3662
3400
2892
2125
1002
-490
-2181
-3391
-3751
-3894
-4255
-4054
-3088
-1982
-876
567
1715
2315
2876
3449
3238
2353
1495
751
-70
-730
-1049
-1284
-1527
-1670
-1800
-2254
-3042
-3586
-3666
-3571
-3240
-2176
-590
935
2447
4018
5076
5287
4820
3862
2321
672
-676
-1543
-2018
-1774
-816
470
1560
2244
2560
2338
1529
426
-589
-1460
-2253
-2743
-2614
-2048
-1742
-1640
-1143
-578
-407
-261
301
810
1258
2022
2740
2784
2434
2161
1547
416
-823
-1727
-2327
-2658
-2724
-2600
-2397
-2189
-1972
-1829
-1784
-1876
-1976
-1719
-1005
-143
627
1516
2479
3243
3592
3578
3056
2211
1397
863
471
378
595
1211
1987
2709
2987
2814
2239
1385
-36
-2015
-3747
-4746
-5459
-5946
-5548
-4324
-2814
-1009
1018
2716
3698
4304
4454
3960
2898
1832
785
-178
-782
-927
-929
-1239
-1772
-2404
-2938
-3567
-4200
-4574
-4248
-3247
-1794
-65
1594
2893
3826
4275
3769
2580
1360
307
-568
-892
-642
136
1203
2315
3110
3505
3373
2831
2028
1084
282
-497
-1249
-1770
-1869
-2112
-2496
-2644
-2627
-2757
-2603
-1880
-963
-93
1012
2151
2863
3088
3043
2576
1651
545
-422
-1086
-1536
-1796
-1885
-2008
-2145
-2197
-2414
-3004
-3348
-3153
-2624
-1901
-838
462
1764
2788
3387
3482
3006
2122
1361
916
634
577
1025
1754
2436
3051
3497
3325
2558
1373
-94
-1547
-2669
-3687
-4450
-4276
-3282
-2202
-1081
283
1391
2022
2295
2218
1575
820
330
-25
-486
-758
-715
-736
-1036
-1558
-2139
-2794
-3287
-3355
-2964
-2277
-1295
56
1485
2560
3174
3341
3016
2193
1271
410
-281
-815
-843
-413
211
744
1156
1256
989
655
326
-34
-566
-1136
-1478
-1286
-954
-818
-610
-22
607
1185
1879
2541
2931
3219
3379
2962
2013
966
-135
-1377
-2485
-3173
-3505
-3519
-3395
-3114
-2850
-2658
-2586
-2306
-1899
-1433
-792
91
1059
1945
2596
2775
2538
2066
1408
681
64
-302
-213
282
964
1621
2156
2363
2381
2165
1625
740
-355
-1299
-1980
-2543
-3190
-3449
-3266
-2819
-2283
-1362
-294
660
1567
2501
3133
3310
3219
2932
2429
1754
1079
460
-331
-1182
-1730
-2012
-2460
-2740
-2579
-2210
-1878
-1360
-761
-263
99
493
763
692
395
277
264
75
-161
-136
86
328
564
812
1016
1205
1498
1698
1502
893
379
1
-544
-1269
-1653
-1649
-1484
-1038
-164
688
1182
1531
1786
1679
1071
226
-632
-1270
-1709
-1785
-1686
-1549
-1396
-1016
-693
-605
-671
-594
-388
-50
462
1138
1816
2330
2810
2998
2711
2036
1232
319
-484
-1169
-1568
-1647
-1477
-1180
-730
-292
-12
71
-232
-841
-1408
-1779
-2234
-2507
-2279
-1516
-496
760
2103
3279
4100
4569
4473
3733
2524
1058
-300
-1529
-2568
-3280
-3703
-3836
-3611
-3222
-2948
-2572
-1922
-998
-48
903
1813
2690
3314
3702
3747
3329
2598
1828
1050
211
-454
-800
-796
-683
-487
-270
-55
41
94
-42
-528
-1150
-1632
-1880
-2103
-2081
-1709
-1066
-354
594
1551
2211
2457
2475
2232
1710
947
202
-463
-1118
-1709
-1973
-2104
-2305
-2467
-2407
-2184
-1820
-1290
-703
-127
524
1302
1985
2312
2369
2358
2314
2074
1575
1002
486
53
-206
-274
-328
-357
-203
120
443
635
538
244
-50
-328
-685
-1088
-1412
-1555
-1301
-759
-98
424
818
1147
1383
1338
855
180
-489
-963
-1373
-1720
-2001
-2144
-2037
-1698
-1320
-1066
-762
-332
194
738
1192
1508
1749
1949
2054
1962
1667
1227
862
590
385
107
-193
-457
-556
-522
-412
-345
-366
-375
-400
-331
-305
-424
-649
-612
-370
-37
252
589
977
1406
1690
1779
1562
1160
637
105
-502
-1165
-1831
-2304
-2525
-2584
-2536
-2396
-2071
-1529
-811
-165
391
839
1214
1437
1489
1337
1136
890
716
595
575
565
667
834
1031
1107
1072
1005
950
767
345
-250
-801
-1201
-1494
-1634
-1564
-1327
-891
-235
449
991
1246
1305
1211
1014
610
138
-375
-776
-1068
-1252
-1423
-1591
-1677
-1573
-1323
-1016
-638
-161
361
895
1339
1603
1629
1437
1125
746
339
-91
-446
-633
-646
-543
-329
-49
214
411
621
771
736
518
225
-12
-186
-371
-443
-275
50
385
737
1014
1132
1053
835
482
5
-526
-982
-1344
-1703
-1979
-2061
-1996
-1879
-1699
-1398
-978
-504
10
573
1103
1539
1866
2099
2154
2014
1684
1309
858
400
-79
-483
-862
-1097
-1163
-1036
-881
-695
-379
1
289
361
314
244
228
163
80
73
188
469
871
1146
1081
931
865
702
263
-282
-737
-1046
-1270
-1539
-1745
-1915
-2035
-2093
-1923
-1754
-1465
-949
-146
680
1466
2153
2689
2911
2813
2469
1905
1179
371
-324
-900
-1281
-1457
-1320
-1040
-679
-222
295
631
664
512
275
34
-276
-530
-676
-654
-427
-70
321
604
836
897
816
531
188
-157
-521
-855
-1039
-1085
-1104
-1062
-996
-970
-954
-907
-726
-455
-148
233
717
1180
1497
1698
1746
1664
1471
1207
882
552
247
100
26
-23
-92
-83
-94
-128
-302
-598
-919
-1163
-1290
-1297
-1209
-1004
-610
-95
427
847
1101
1177
1125
927
612
124
-383
-818
-1068
-1269
-1369
-1434
-1421
-1321
-1160
-987
-797
-555
-228
183
573
890
1189
1482
1726
1863
1894
1829
1705
1518
1285
1008
698
404
164
-21
-155
-250
-358
-532
-738
-931
-1065
-1178
-1240
-1224
-1069
-790
-440
-73
275
521
646
674
591
406
151
-166
-452
-687
-863
-1035
-1230
-1424
-1563
-1607
-1568
-1424
-1185
-840
-415
83
589
1064
1474
1796
2032
2170
2179
2086
1904
1647
1324
972
620
341
167
57
-27
-75
-101
-113
-161
-281
-472
-653
-777
-803
-739
-589
-373
-104
140
297
305
162
-102
-463
-832
-1165
-1370
-1436
-1368
-1254
-1112
-963
-839
-740
-681
-633
-534
-336
-15
363
770
1142
1458
1668
1747
1632
1372
1017
634
308
62
-80
-112
-4
188
414
566
600
518
407
279
150
42
7
94
320
583
781
838
756
519
169
-311
-836
-1311
-1639
-1807
-1833
-1749
-1615
-1436
-1303
-1231
-1235
-1231
-1168
-967
-652
-232
272
823
1362
1793
2037
2077
1930
1654
1292
890
489
153
-84
-229
-298
-354
-421
-502
-556
-569
-493
-377
-192
50
376
702
965
1100
1135
1105
1024
836
542
228
-31
-192
-324
-510
-758
-952
-1089
-1191
-1348
-1526
-1640
-1566
-1350
-1082
-852
-608
-319
3
297
465
545
618
739
858
966
1000
1009
1037
1048
1003
857
647
385
148
-101
-344
-557
-671
-659
-528
-319
-96
129
368
600
770
841
777
644
498
360
168
-71
-322
-531
-646
-726
-823
-941
-1020
-1043
-985
-907
-818
-707
-510
-263
-13
208
359
485
593
625
551
390
207
59
-57
-138
-198
-176
-53
135
329
482
599
678
745
734
648
511
372
249
148
51
-33
-74
-78
-62
-83
-131
-188
-222
-244
-269
-318
-349
-356
-319
-296
-286
-295
-287
-265
-255
-271
-314
-346
-356
-334
-286
-198
-97
36
177
286
351
348
262
137
-11
-156
-274
-333
-311
-185
34
295
543
727
851
892
858
736
556
370
238
154
96
50
9
-15
-53
-160
-344
-557
-729
-827
-823
-734
-549
-270
54
356
574
665
611
438
165
-144
-445
-682
-841
-903
-849
-699
-496
-291
-111
46
218
382
522
631
728
811
885
901
823
656
418
150
-110
-323
-505
-618
-669
-640
-540
-416
-308
-237
-172
-105
-19
65
148
252
391
542
654
694
653
564
431
250
10
-255
-493
-683
-812
-904
-956
-943
-854
-712
-533
-335
-131
85
291
472
611
705
755
773
770
746
703
623
507
375
229
76
-73
-208
-306
-342
-338
-303
-238
-143
-37
59
131
157
148
92
-30
-186
-348
-499
-618
-688
-696
-618
-476
-325
-180
-52
50
113
134
135
153
196
255
319
376
423
429
360
247
83
-83
-244
-381
-459
-454
-381
-255
-85
102
304
467
572
614
611
560
475
362
270
222
204
184
177
164
146
89
-44
-215
-382
-522
-628
-694
-726
-724
-690
-642
-591
-512
-434
-338
-234
-113
17
157
270
331
355
359
359
353
331
292
267
304
358
378
347
269
189
121
39
-71
-161
-186
-137
-55
36
95
130
164
202
226
229
208
180
176
196
182
114
-1
-122
-224
-299
-372
-439
-468
-448
-372
-316
-293
-304
-319
-299
-260
-244
-245
-237
-202
-159
-124
-123
-146
-146
-106
-47
27
124
226
379
539
669
751
799
799
756
668
538
405
275
151
-11
-178
-313
-391
-434
-459
-451
-383
-229
-53
84
174
226
239
212
129
-1
-141
-259
-342
-380
-394
-398
-381
-345
-290
-236
-206
-195
-172
-127
-59
11
67
113
168
222
239
205
123
26
-48
-96
-116
-117
-68
38
187
336
440
490
502
487
430
310
156
31
-49
-84
-110
-130
-136
-103
-56
-15
23
55
84
110
135
133
102
50
-23
-95
-161
-251
-359
-470
-580
-669
-729
-768
-781
-743
-625
-425
-160
105
357
590
789
925
970
939
857
754
619
469
336
209
82
-25
-120
-211
-315
-423
-512
-555
-573
-588
-548
-423
-234
-40
138
276
396
458
441
350
201
30
-123
-237
-305
-325
-301
-232
-145
-51
10
38
31
-7
-57
-111
-165
-233
-274
-263
-205
-122
-34
68
187
319
421
479
499
489
460
419
386
328
266
215
182
145
83
-9
-107
-172
-213
-246
-275
-275
-240
-158
-62
23
91
122
107
51
-22
-110
-212
-330
-418
-433
-388
-322
-274
-232
-162
-94
-63
-77
-126
-169
-152
-84
-10
52
131
229
334
389
347
257
167
114
56
2
-12
43
165
304
419
472
484
442
346
191
20
-147
-271
-339
-352
-299
-239
-169
-111
-84
-100
-121
-159
-193
-200
-184
-158
-119
-62
-18
9
15
2
-20
-23
-17
-13
1
37
70
91
100
77
40
-1
-49
-102
-136
-148
-139
-122
-96
-53
6
57
99
150
213
284
346
398
431
445
437
398
337
246
135
28
-80
-193
-289
-385
-453
-473
-476
-464
-434
-378
-315
-238
-159
-97
-27
56
112
122
115
90
50
13
-43
-106
-115
-50
58
170
302
421
519
569
532
417
273
126
-26
-166
-263
-321
-345
-335
-303
-267
-249
-228
-192
-143
-90
-32
46
171
296
367
408
466
483
404
272
134
-23
-184
-320
-436
-496
-466
-379
-303
-227
-153
-94
-65
-83
-153
-198
-140
-82
-62
34
218
390
499
569
582
539
452
317
128
-28
-143
-240
-302
-321
-320
-303
-232
-208
-212
-199
-158
-146
-169
-161
-102
-27
45
141
241
358
463
490
443
364
268
138
-22
-174
-302
-358
-336
-289
-253
-193
-105
-48
-54
-117
-183
-230
-253
-244
-160
-6
162
315
461
565
566
466
318
151
1
-136
-225
-230
-162
-44
56
127
146
122
46
-64
-197
-329
-420
-445
-391
-303
-210
-116
14
145
220
231
221
214
218
206
176
158
139
117
125
120
54
-36
-81
-93
-104
-120
-160
-163
-106
-46
-53
-68
-35
-6
-19
-49
-72
-96
-104
-104
-106
-76
-9
46
117
224
315
340
344
352
319
236
137
42
-55
-142
-219
-273
-290
-290
-274
-263
-241
-195
-137
-80
-19
14
50
110
163
198
222
240
245
252
243
192
107
21
-65
-147
-216
-273
-313
-306
-268
-236
-216
-174
-109
-58
-41
-11
39
92
122
141
152
175
188
177
172
168
159
125
101
67
41
-7
-54
-94
-110
-123
-144
-158
-160
-136
-83
-32
-12
14
41
55
44
47
47
58
78
110
127
140
151
133
98
41
-22
-91
-147
-205
-244
-247
-221
-185
-150
-101
-48
9
50
59
61
71
78
63
50
63
80
91
95
102
114
131
142
153
146
137
132
110
70
20
-8
-28
-57
-92
-123
-131
-131
-171
-235
-279
-296
-294
-267
-209
-118
12
148
267
353
393
400
366
299
200
93
-7
-88
-156
-216
-258
-295
-322
-338
-340
-349
-341
-292
-205
-107
5
151
288
396
482
514
503
478
416
286
146
45
-49
-122
-179
-225
-237
-232
-229
-224
-206
-187
-171
-124
-46
52
132
208
250
254
248
220
170
91
12
-25
-38
-45
-59
-75
-99
-107
-97
-120
-178
-235
-259
-263
-264
-281
-294
-259
-176
-92
-12
56
136
233
307
317
297
276
240
191
151
119
66
43
37
-10
-65
-63
-63
-117
-149
-102
-34
11
48
103
172
213
202
161
110
60
23
-2
-48
-84
-69
-39
-32
-25
-27
-48
-53
-50
-87
-121
-96
-83
-88
-70
-51
-57
-66
-67
-87
-128
-156
-156
-150
-127
-76
-33
21
88
119
120
117
112
68
-4
-55
-69
-60
-55
-19
31
88
122
166
191
179
155
173
190
148
118
137
165
141
109
61
4
-61
-107
-146
-199
-216
-181
-130
-107
-71
-33
-37
-72
-94
-107
-150
-190
-191
-150
-102
-67
-36
10
55
79
80
74
86
113
132
134
140
143
170
189
151
70
-5
-63
-126
-198
-262
-272
-201
-94
13
122
232
302
332
330
270
176
90
15
-71
-99
-77
-69
-68
-43
-16
-40
-84
-121
-182
-224
-213
-198
-188
-134
-76
-55
-21
-1
-22
-58
-56
-74
-91
-51
6
50
100
171
222
230
192
126
40
-21
-36
-63
-63
19
152
245
278
294
264
183
54
-90
-229
-303
-296
-271
-228
-130
3
83
103
113
99
44
-15
-64
-86
-72
-21
38
71
93
113
108
55
-18
-110
-211
-264
-288
-310
-315
-269
-183
-102
-12
67
119
155
189
204
186
170
169
150
137
153
194
197
191
198
170
115
50
-41
-155
-215
-237
-250
-260
-233
-165
-75
5
66
114
151
179
165
137
111
80
50
40
24
12
4
-20
-53
-80
-118
-176
-252
-284
-256
-226
-194
-121
-20
72
159
208
223
212
182
142
103
72
50
53
76
90
92
90
78
44
-21
-83
-128
-148
-158
-152
-118
-62
-16
42
86
85
57
34
-3
-81
-134
-148
-158
-143
-71
-5
39
95
160
182
157
122
66
12
-28
-73
-109
-109
-102
-116
-103
-58
-23
-11
8
28
34
34
19
-14
-29
-34
-36
-37
-34
-20
-15
26
67
84
78
101
129
133
125
105
87
70
56
17
-14
-45
-77
-108
-127
-129
-130
-105
-70
-50
-33
3
47
63
61
60
69
76
72
54
34
23
12
-19
-60
-84
-78
-81
-91
-64
-33
-27
-10
17
4
-14
-11
-34
-65
-80
-74
-69
-41
1
42
89
138
172
175
162
137
98
49
1
-40
-62
-61
-51
-51
-46
-41
-39
-47
-60
-72
-64
-17
40
78
114
173
215
208
171
130
76
19
-15
-41
-82
-127
-120
-102
-109
-132
-142
-149
-160
-158
-140
-108
-84
-44
8
47
74
97
105
103
98
78
30
-10
-20
-25
-22
-29
-42
-27
20
32
19
35
80
97
94
83
57
34
10
-30
-90
-114
-118
-123
-113
-82
-48
-15
21
58
86
89
92
73
43
3
-31
-47
-58
-50
-34
1
27
65
75
55
22
-5
-53
-129
-179
-207
-209
-178
-109
-24
58
132
212
252
239
215
179
133
78
56
40
17
23
43
34
0
-21
-49
-108
-138
-136
-122
-107
-58
27
91
137
169
158
109
66
1
-83
-150
-171
-170
-139
-86
-38
0
36
34
16
-6
-48
-91
-102
-87
-79
-46
15
55
56
54
57
39
7
8
16
37
65
106
137
157
148
103
34
-12
-58
-127
-160
-139
-106
-76
-19
40
78
83
73
35
-4
-47
-57
-43
-40
-20
12
40
49
42
14
-39
-78
-90
-102
-91
-50
-26
-7
30
36
14
-16
-31
-52
-60
-41
-13
20
47
82
104
107
98
73
42
3
-23
-44
-51
-45
-29
7
40
65
87
88
61
40
20
-25
-64
-90
-103
-95
-83
-72
-52
-24
-6
-3
0
8
16
16
6
12
34
48
55
40
14
-4
-25
-66
-119
-145
-146
-117
-66
1
68
134
193
220
211
163
96
27
-25
-72
-93
-85
-55
-14
43
81
95
96
74
33
-30
-87
-130
-167
-165
-117
-66
-22