0
0
0
0
-1
0
0
1
1
2
1
2
2
2
1
2
1
1
1
2
2
2
2
3
3
4
3
2
3
2
2
2
2
2
3
3
4
3
4
4
3
4
4
3
3
2
3
3
3
2
3
2
3
1
0
0
-2
-3
-4
-5
-6
-6
-6
-5
-4
-4
-4
-3
-5
-3
-4
-4
-3
-3
-2
-2
-1
1
1
1
1
1
1
0
0
1
0
0
-1
0
-1
-1
-2
-3
-4
-5
-6
-6
-7
-7
-8
-7
-7
-8
-7
-9
-9
-9
-10
-10
-9
-9
-7
-5
-4
-3
-1
-1
-1
-1
-1
-2
-2
-2
-3
-3
-4
-3
-5
-4
-6
-5
-5
-4
-3
-1
0
1
1
2
2
2
2
1
1
0
0
0
1
2
3
5
7
10
11
12
12
12
11
10
10
8
7
7
6
8
7
9
9
10
10
10
8
7
4
1
0
-1
-1
-1
0
2
3
3
4
4
3
1
-1
-2
-3
-3
-3
-2
0
2
3
4
3
2
0
-2
-4
-7
-8
-8
-7
-6
-4
-3
-3
-1
-2
-2
-1
-2
-2
-2
0
1
4
3
4
5
4
3
3
3
1
1
1
1
2
1
1
1
1
0
-2
-2
-4
-4
-3
-3
-2
-2
-2
-3
-4
-5
-6
-8
-9
-10
-11
-9
-8
-8
-8
-7
-7
-7
-8
-8
-8
-8
-8
-7
-7
-7
-7
-8
-7
-7
-7
-5
-3
-1
2
5
7
8
8
6
7
6
6
6
6
7
9
10
10
11
9
8
6
4
1
0
-1
-1
-1
1
2
4
4
4
4
3
3
2
1
2
2
3
6
7
6
7
6
6
5
5
7
9
11
13
14
15
13
13
12
11
10
9
10
11
11
12
12
11
10
9
6
4
2
0
0
-1
-1
-1
-1
-1
-3
-3
-5
-7
-9
-12
-14
-17
-16
-18
-17
-16
-15
-13
-12
-11
-10
-11
-12
-12
-13
-14
-13
-13
-12
-12
-11
-10
-9
-8
-8
-7
-6
-4
-3
-1
1
2
4
6
5
5
4
2
-2
-3
-3
-3
-2
0
4
7
11
12
13
12
10
6
3
0
-1
-2
-1
2
3
4
4
4
1
-1
-3
-5
-6
-5
-4
-2
0
0
0
-2
-3
-6
-7
-9
-11
-10
-9
-7
-4
-3
0
1
2
1
0
0
-1
-2
-3
-2
-2
-1
0
1
1
1
0
-1
-2
-4
-5
-6
-6
-5
-3
-2
-1
1
3
5
6
6
7
7
6
7
7
7
9
10
11
12
14
15
16
17
17
14
12
9
5
1
-2
-3
-4
-4
-3
-1
2
5
7
8
9
9
8
7
5
3
3
2
2
4
5
7
10
13
13
14
15
12
10
8
6
4
3
5
7
8
10
11
11
9
4
1
-5
-10
-13
-17
-19
-17
-17
-17
-13
-11
-12
-11
-11
-13
-15
-16
-15
-14
-12
-9
-7
-3
-3
-4
-4
-5
-7
-8
-7
-4
-2
-1
0
1
3
0
-5
-5
-5
-5
-6
-4
-3
-2
1
0
-1
-3
-5
-8
-8
-8
-9
-6
-1
3
5
5
6
4
1
-5
-11
-14
-17
-17
-16
-13
-8
-3
-1
3
6
6
5
3
4
4
2
-1
0
1
-2
-5
-5
-8
-9
-9
-10
-9
-6
-6
-6
-2
0
0
-1
0
1
3
2
1
4
5
8
10
11
10
13
15
16
15
14
14
16
15
13
9
9
9
7
5
6
6
8
11
14
16
18
21
20
20
18
15
12
11
11
13
13
14
16
16
13
11
7
-1
-5
-9
-15
-19
-19
-20
-17
-11
-10
-10
-6
-4
-6
-9
-12
-15
-16
-17
-16
-15
-12
-9
-3
2
3
3
3
3
2
-1
-4
-5
-2
0
0
1
5
6
7
5
-1
-3
-2
-4
-10
-13
-13
-13
-11
-10
-8
-8
-12
-11
-7
-4
-6
-8
-2
7
8
11
16
15
7
5
7
7
5
5
13
21
25
28
32
23
11
5
-7
-27
-39
-45
-59
-64
-55
-43
-34
-25
-24
-22
-22
-31
-42
-52
-61
-65
-65
-66
-58
-43
-32
-14
3
10
20
33
49
65
75
75
93
107
90
65
65
65
52
36
20
30
39
56
97
112
100
122
160
159
144
123
89
64
53
4
-45
-60
-71
-83
-72
-66
-85
-84
-76
-87
-110
-136
-160
-184
-238
-279
-265
-252
-267
-271
-246
-195
-122
-72
-63
-44
14
61
66
76
86
79
102
152
151
125
132
134
142
151
134
128
167
195
252
330
351
330
369
402
352
282
217
150
89
54
19
-34
-71
-86
-119
-147
-169
-167
-203
-265
-273
-240
-266
-322
-289
-257
-256
-190
-111
-100
-23
74
75
86
138
99
43
67
18
-124
-186
-169
-212
-286
-311
-264
-191
-139
-96
-75
-79
-60
-59
-130
-204
-262
-249
-172
-136
-100
38
166
218
321
431
488
540
540
473
507
531
383
311
360
299
229
248
216
148
137
110
18
-97
-215
-287
-346
-461
-608
-667
-613
-579
-592
-523
-388
-303
-182
9
122
184
243
276
267
238
190
125
83
57
86
141
182
243
322
351
318
292
240
137
8
-86
-141
-170
-184
-206
-160
-51
35
56
86
111
87
50
-7
-160
-321
-345
-295
-299
-323
-253
-173
-118
-14
16
-60
-63
-53
-111
-142
-167
-237
-142
21
53
79
182
289
332
360
337
243
170
152
127
108
106
103
135
196
175
117
114
91
29
9
-10
-132
-206
-157
-129
-193
-207
-109
-81
-80
-76
-38
65
100
112
224
260
113
36
74
84
155
209
139
131
185
221
187
63
-64
-82
-51
-110
-266
-423
-486
-485
-479
-555
-621
-611
-604
-516
-390
-310
-294
-174
-109
-110
-63
-68
-110
-9
169
341
591
793
775
815
843
625
297
110
66
0
-29
-110
-102
-7
48
29
82
176
194
300
298
122
-53
-114
-167
-305
-328
-112
205
381
496
769
1035
1108
1053
720
281
-37
-276
-468
-706
-928
-986
-653
-400
-56
279
479
368
311
-67
-565
-793
-2494
-4953
-4925
-3758
-4812
-5231
-3675
-2339
-249
3122
3966
3927
5943
6689
5108
4928
3911
612
-768
-480
-1655
-2108
-1124
-783
920
4092
4836
3991
4651
4464
2755
1421
-488
-3539
-4831
-4780
-5111
-4882
-4042
-3467
-1772
462
952
434
553
370
-109
-372
-1082
-1942
-1767
-1154
-549
284
754
715
1182
1580
1102
170
-1091
-2593
-3861
-4766
-5888
-6534
-6263
-5112
-3248
-1025
1045
3853
7505
10675
12762
14399
15465
15348
14329
13085
10999
6262
284
-3701
-6336
-10649
-14593
-16441
-17215
-16245
-12606
-10089
-8577
-5043
-1410
-140
1940
3780
2213
1076
3169
4384
4491
6212
7897
9119
12130
14104
12020
9217
7126
2737
-3272
-8214
-13702
-19049
-21211
-20845
-20107
-17893
-14219
-9985
-4645
704
3337
4227
5531
6300
6333
6743
7532
9208
13233
17969
21996
25861
29878
32366
30666
23207
13497
5075
-3804
-14091
-22756
-28776
-32223
-31439
-27598
-23875
-18519
-9931
-1718
4540
9882
11719
9911
9000
8916
6327
3365
2602
3291
6106
11092
14617
15721
17039
17478
14641
9579
2766
-6421
-14982
-19995
-23552
-26315
-26498
-23511
-18382
-11002
-3516
2291
5786
6599
6521
7744
6656
1634
-1824
-1499
683
4151
7493
8879
12335
17475
19077
17221
15179
10742
5370
1598
-2017
-5881
-6197
-5382
-7085
-7677
-4298
-2812
-5953
-8838
-10504
-13137
-14439
-13471
-14373
-14242
-8192
-820
3088
8255
14276
15905
15862
17514
15816
10570
6954
3990
-158
-1524
-988
-2781
-3801
-1443
-502
-1760
-1716
-2727
-6706
-8802
-8401
-10431
-13244
-12378
-9609
-7520
-4438
-734
1991
4431
7166
8219
7917
7394
6170
4362
3593
2822
1108
322
1155
1691
1640
2510
3750
4692
5548
6637
7463
8843
9949
8060
3221
-290
-2103
-6015
-11778
-16031
-18398
-18605
-15514
-11687
-9079
-4847
1449
6134
9531
12089
10865
6822
5109
4544
1521
-1996
-2986
-2012
847
5040
7545
7941
8825
9514
7825
4481
-293
-6866
-12271
-13989
-14804
-16533
-16238
-12810
-8563
-3786
1172
3854
4260
5001
5702
4457
1979
-548
-2505
-2546
-948
275
1544
4175
7229
9837
12240
13385
12880
12284
11979
11087
10218
8461
3517
-2314
-4743
-6410
-11190
-16645
-19731
-20812
-19343
-15486
-12845
-11162
-6350
490
5194
8395
10349
9207
7252
8057
8545
5851
2926
2808
4667
7594
9994
9616
7824
7641
7371
3882
-1433
-6922
-12712
-16512
-16685
-16761
-18070
-16656
-11962
-7071
-2551
1136
2419
3031
4275
4467
2987
1350
-594
-1224
608
2640
3362
5174
7894
10414
12859
14565
14278
13292
12470
11650
11273
9930
4521
-2821
-6356
-7390
-11477
-17566
-21404
-22912
-21666
-16730
-12601
-11467
-7537
324
5972
8911
11501
11188
8253
8342
10150
8230
4425
3471
4912
7701
10797
10792
7872
6942
6969
3813
-1581
-7021
-13229
-17932
-18156
-16962
-17968
-18304
-14463
-8147
-2853
401
2052
2912
4025
5326
4971
2215
-399
-571
950
2609
3830
4734
6938
10932
13978
15093
15615
14759
12565
11560
11367
8698
2020
-5343
-8873
-9619
-12967
-18588
-21850
-21862
-19476
-14222
-10137
-9305
-5959
1839
6976
8695
10445
10343
7610
8011
10118
8337
4736
4179
5822
8295
10575
9782
6664
5344
4939
2028
-2837
-8450
-14389
-18053
-17528
-15754
-16776
-17719
-13547
-6151
-1574
457
1980
2909
4294
6392
5320
1464
-117
648
1462
3064
4423
4440
6909
11706
14150
14882
15807
14236
11898
11790
11123
7258
1115
-6077
-10149
-10159
-12951
-19585
-22512
-21186
-19198
-14385
-9410
-8740
-5998
2493
8231
9559
11333
11090
8243
8452
10337
7930
3890
2768
4182
6865
9195
8291
5600
4512
4293
2007
-2641
-8706
-14593
-18165
-17967
-16289
-17270
-18419
-13707
-5874
-1492
950
3793
5013
5745
8000
7240
3116
1242
1679
1761
3381
5079
4846
7032
12187
14821
15124
15714
14146
11878
11398
10664
6260
-1251
-8805
-11038
-10406
-14836
-21678
-23067
-21139
-18426
-12418
-8604
-8859
-3997
5616
9572
10561
12783
11275
7607
9107
10602
6334
1824
1615
3120
5675
7827
6569
3736
3178
3506
1620
-3397
-9745
-15070
-17241
-16404
-15977
-18228
-18168
-12256
-5514
-1966
834
3401
4762
7430
9912
7715
4089
3844
4512
4560
5194
5147
5241
8207
11797
12775
12997
13158
12138
11194
11211
10334
5569
-2654
-8265
-8047
-10136
-17887
-23208
-23164
-22424
-18533
-12158
-10610
-9271
-157
8650
10843
13394
15137
11353
8405
10727
9421
2924
-1114
-34
2228
4731
5813
4710
3475
4025
4319
1708
-4287
-10778
-15032
-16697
-17119
-18290
-19834
-17667
-11143
-5517
-2102
2188
5553
7237
10266
12139
9169
6470
6657
5967
4550
4861
4438
4497
7413
10074
10257
11487
12190
11575
11771
13143
10282
2278
-4537
-5941
-7959
-15313
-22240
-24275
-24044
-21960
-15525
-11464
-10386
-3678
7062
11482
12890
15069
13253
8615
8441
8514
3194
-2410
-2492
325
3428
5961
6149
5304
5692
6342
4677
-557
-7731
-13844
-16531
-16918
-18513
-21536
-20549
-14389
-7992
-3645
560
4375
7483
11406
13990
12232
9165
7864
6697
5036
3425
1330
653
2842
5466
7066
9080
11001
12114
14054
16139
17081
12963
3869
-3465
-4326
-8822
-19850
-27468
-28206
-28125
-24121
-15660
-11801
-8804
2280
13556
16344
17792
18326
13244
7240
6452
3670
-3668
-8899
-6992
-2134
2977
6655
8963
9574
10273
11025
8711
819
-8829
-15818
-19330
-20538
-22555
-25522
-23406
-14865
-7012
-1683
4305
8550
10966
15343
17643
13019
8293
6752
4046
790
-270
-2222
-2986
540
5172
7847
10988
13539
15307
17770
19823
19373
13642
3068
-4965
-6400
-11844
-23466
-30692
-30313
-28788
-22901
-14054
-9956
-5515
6247
16235
18651
19712
17944
10935
5079
4177
404
-7059
-11143
-7759
-1621
4361
8876
11470
11895
12156
12400
8983
-569
-11343
-18665
-22239
-23927
-25841
-27155
-23342
-14540
-5895
1109
7777
11569
13903
17792
18660
12997
7879
5491
2061
-1045
-1537
-2503
-2640
1515
7114
10290
12904
15358
16837
18115
18594
17267
11092
262
-7933
-9470
-14255
-24360
-30353
-29237
-26871
-20940
-12157
-7524
-3353
6465
15078
17209
18106
16113
9329
3431
2815
689
-5097
-8702
-5476
909
6812
11075
13336
12823
11452
11087
7547
-2335
-13493
-20268
-23366
-25528
-27156
-26758
-22111
-14404
-6282
1342
8318
11714
13922
16790
16819
11878
7817
5289
1810
-982
-450
117
536
3685
8798
12533
14820
16307
17185
17451
16488
15246
10004
-579
-9174
-10616
-14627
-23571
-29152
-28074
-26193
-21031
-12663
-7600
-3734
4476
12304
14829
16079
14419
8445
2776
2158
1026
-3206
-6548
-4007
2184
8171
12320
14422
13744
11692
10504
6944
-2039
-12886
-20196
-24164
-26449
-27242
-26131
-22562
-16122
-7829
473
7568
11272
13078
15355
16112
12582
8555
5382
1899
-488
378
1288
1670
4598
9739
13658
16146
17975
18715
18493
17006
15856
10880
274
-9231
-11506
-15230
-23639
-29333
-28775
-27055
-22284
-13449
-7720
-4300
2735
10809
13712
14537
12888
7638
1531
499
548
-2607
-6288
-3699
3095
9223
13252
15977
15578
12859
10903
7732
-738
-11546
-19522
-24177
-26694
-26907
-25734
-22773
-16835
-8604
-234
7295
11460
12521
14024
15335
12485
7610
4246
997
-1743
-1183
727
1503
4231
9913
14989
17873
19867
20478
20160
18622
17067
11308
-259
-9889
-12115
-15653
-24311
-29471
-28459
-25997
-21299
-12016
-6862
-4326
2301
10156
11780
11736
10487
5356
-844
-1089
714
-1684
-5020
-1597
6210
11783
14759
17254
16732
12597
9445
6771
-1365
-12766
-20624
-23961
-25757
-26228
-25378
-21951
-15804
-8220
-753
6392
10070
10602
12221
13897
10523
5344
3388
1526
-1412
-873
2208
3599
5732
11178
16463
19104
20260
21122
20722
18649
16438
11911
1947
-8143
-12490
-15499
-22358
-28501
-29662
-27939
-23806
-16203
-10719
-7230
-1506
5645
9255
11145
10926
6901
1918
1512
3086
1644
-831
1030
6567
11769
15421
17817
16905
13038
9604
6655
-167
-10145
-18577
-23526
-26259
-26723
-25640
-23297
-18835
-11979
-4289
3235
7956
9540
11156
13118
11429
7638
5391
3279
214
365
3059
4659
6487
11124
16152
19587
21754
22745
22074
19923
17976
13710
4032
-7142
-13317
-17227
-23875
-30303
-32390
-31362
-27759
-20089
-13442
-9036
-3386
3898
8518
11310
12075
9343
4621
3271
4709
4406
2381
3290
7791
12592
16240
18982
18560
14236
9642
6256
-133
-9721
-19208
-25594
-28979
-29483
-28538
-25944
-21387
-14626
-6405
2281
8221
10461
12624
14721
13535
10015
7527
4610
1404
873
3171
4808
6811
10892
15989
19698
22134
22984
22638
20150
17298
13750
5380
-6222
-13916
-17570
-23496
-29754
-32407
-31692
-29511
-22582
-15279
-10298
-5376
1626
7122
10866
12831
11615
7900
5576
6398
6903
5365
4419
7035
11306
14717
17061
17421
14053
8834
5131
590
-7640
-17381
-25039
-29199
-29929
-29041
-27184
-23222
-17027
-9064
283
7885
10967
12304
14985
15418
12335
9162
6467
2850
1230
2983
5223
6827
9635
14045
18544
21339
21965
21370
19470
16162
12946
6503
-4114
-13528
-17518
-21792
-27294
-30922
-30908
-29138
-23596
-16146
-10561
-6226
-646
5346
9912
12789
12591
9940
7336
7615
8889
8080
6232
7242
10609
13406
15370
15928
12987
7610
3678
-72
-6767
-15805
-23869
-28587
-29797
-29272
-27685
-24212
-19000
-11776
-2366
6203
10384
12170
14951
16567
14905
11944
9184
5800
3422
3927
5977
7030
8398
12088
16709
19317
19919
19675
18375
15007
11755
6654
-2621
-12690
-17879
-21047
-25660
-29985
-30667
-28501
-24017
-16962
-10497
-5621
-1075
4747
9807
12971
13318
11539
8616
7716
8823
8668
6732
6565
8921
11691
13846
14617
12399
7815
3469
-301
-5807
-13889
-22435
-27891
-29494
-29246
-27936
-24573
-19436
-12507
-3396
5668
11101
13553
15790
17552
16664
13582
10062
6565
3660
3007
4493
5682
6852
10050
14799
18030
19341
19328
18206
15077
11871
7348
-967
-11112
-17644
-20841
-24714
-28882
-30198
-28169
-24456
-17664
-10428
-5263
-1546
3980
9370
12403
12821
11593
8691
6804
7501
8030
6496
5675
7780
10941
13105
14030
12929
9072
4098
72
-4528
-12004
-20841
-26749
-28770
-28836
-27564
-24335
-19411
-12763
-4089
4979
11252
14123
15936
17599
17223
14058
10120
6594
3475
1938
2953
4346
5562
8503
13439
17223
18904
19411
18876
16081
12601
8758
1267
-8776
-16170
-19518
-23314
-27586
-29327
-27682
-24604
-18529
-11159
-5901
-2302
2771
8143
11183
11999
11152
8520
6172
6487
7277
6275
5170
6742
9848
12127
13179
12844
9930
4957
745
-3165
-9633
-18315
-24828
-27558
-28096
-27270
-24533
-20195
-14255
-6179
2894
9943
13416
15399
17533
17807
14770
10893
7713
4246
1726
2192
3694
4465
6913
11842
15905
17863
18758
18847
16702
13213
9722
3483
-6149
-14487
-18552
-21832
-26143
-28908
-27821
-24880
-19594
-12396
-6335
-2413
2006
7418
11165
12312
11415
9073
6470
5814
6172
5553
4432
5263
8093
10726
12314
12681
10735
6459
2181
-1728
-7477
-15549
-22511
-26234
-27718
-27262
-24592
-20421
-15050
-7674
1282
9035
13553
15680
17086
17487
15258
11183
7448
4082
1138
775
2513
4058
6153
10463
14928
17363
18536
18697
16776
13066
9510
4155
-4469
-13060
-17736
-20667
-24360
-27233
-26655
-23826
-19520
-13252
-7079
-2730
935
5499
9356
10987
10480
8856
6607
5485
5717
5806
5147
5540
7656
10127
11768
12230
10738
7055
2653
-1318
-6494
-13319
-19975
-24431
-26231
-25818
-23767
-20212
-15126
-8435
-440
7132
12306
14728
16305
17049
15319
11603
8086
4732
1603
465
1789
3212
5005
8680
13157
16158
17663
18104
17003
13974
10519
6070
-1594
-10240
-15898
-18803
-22238
-25657
-26146
-23782
-20253
-14803
-8732
-4260
-852
3474
7491
9385
9432
8479
6422
4794
4799
5327
5047
4994
6710
9434
11415
12205
11502
8507
4018
-64
-4426
-11070
-18581
-23443
-25353
-25524
-23953
-20398
-15352
-8845
-819
7028
12432
15097
16509
17078
15346
11327
7163
3705
467
-1230
-97
2077
4105
7447
12497
16438
18198
18480
17715
14896
11148
6944
58
-8776
-15305
-18138
-20811
-23941
-25019
-22881
-19634
-14593
-8772
-4213
-1295
2060
5572
7704
8014
7029
5097
3577
3749
4677
5073
5386
6828
9199
11405
12631
11983
9010
4655
582
-3814
-9672
-16453
-21735
-24188
-24195
-22486
-19397
-15043
-9272
-2149
5225
10660
13180
14296
14970
13935
10746
7041
3988
1242
-360
561
2651
4303
6792
11111
15087
16702
16907
16516
14404
10812
7558
2682
-5082
-12254
-15555
-17584
-20627
-22695
-21745
-19460
-16010
-10825
-6000
-3072
-618
2684
5524
6807
6659
5444
3923
3640
4601
5429
5531
6053
7746
9977
11517
11490
9421
5932
2259
-1398
-6388
-12640
-18085
-21405
-22674
-21935
-19688
-16254
-11410
-4919
2151
7903
11481
13279
14192
13756
11274
7635
4577
1866
-272
-181
1879
3554
5469
9367
13670
15570
15938
15964
14509
10977
7916
4492
-2121
-9637
-13611
-15158
-17953
-20710
-20717
-18835
-16548
-12437
-7692
-4444
-2505
435
3794
5654
5879
5396
4479
3821
4183
5094
5459
5488
6506
8683
10438
10786
9779
7557
4189
515
-3390
-8369
-14311
-18829
-20563
-20554
-19634
-17210
-12965
-7490
-1229
4885
9296
11457
12695
13015
11277
8010
4910
2220
-99
-771
626
2331
4052
7274
11542
14381
15479
15813
15146
12735
9726
7052
1938
-5398
-10905
-13107
-15417
-18595
-20164
-19149
-17479
-14520
-10103
-6368
-4294
-2043
1410
4138
5010
5009
4847
4257
4089
5097
6257
6139
6184
7927
9961
10404
9618
8247
5454
1562
-1933
-5723
-11126
-16483
-19272
-19653
-19381
-18073
-14537
-9574
-4201
1562
7033
10476
11710
12298
11869
9256
5801
3181
950
-763
-554
1380
3289
5771
9754
13529
15404
16076
16004
14469
11334
8259
4277
-2358
-9064
-12619
-14598
-17537
-19946
-19695
-17982
-15817
-11903
-7532
-4761
-2885
161
3457
4965
5187
5224
4785
4110
4623
5901
6176
5780
6883
8970
9839
9469
8780
6583
2725
-992
-4338
-8998
-14874
-18954
-20111
-19921
-18969
-15865
-11194
-6022
-315
6035
10509
11994
12447
12434
10425
6856
3771
1269
-1003
-1501
378
2684
5001
8472
12536
15280
16289
16247
15061
12047
8591
4839
-967
-7797
-12414
-14604
-16976
-19308
-19530
-17894
-15881
-12371
-7928
-4449
-2451
34
3111
4997
5389
5284
4817
4003
3964
5027
5808
5764
6459
8320
9681
9836
9106
7177
3721
-258
-3952
-8401
-13854
-18137
-19764
-19649
-18463
-15639
-11095
-5783
-207
5485
9809
11849
12213
11667
9664
6315
2898
301
-1617
-2138
-647
1895
4679
8229
12410
15376
16442
16435
15330
12413
8810
4981
-591
-7235
-11832
-13942
-16093
-18391
-18734
-17054
-15087
-12156
-8184
-4880
-3066
-1072
1710
3686
4179
4196
4092
3661
3831
5023
6098
6152
6602
8401
9944
9974
8989
7237
4238
347
-3328
-7299
-12316
-16681
-18480
-18353
-17456
-15187
-11050
-6157
-1267
4109
8629
10825
11187
10953
9507
6518
3319
833
-1127
-2000
-850
1449
3932
6999
10843
14098
15516
15716
15120
12995
9693
6451
1896
-4366
-9634
-12167
-14165
-17007
-18539
-17646
-16162
-14197
-10747
-7155
-5038
-3195
-35
2887
3993
4264
4584
4527
4359
5007
5929
5965
5960
7300
8941
9268
8671
7551
5241
1727
-1845
-5513
-10355
-15090
-17407
-17663
-17286
-15545
-11637
-6678
-1764
3433
8144
10739
11441
11291
9954
6864
3234
465
-1405
-2595
-2017
332
3130
6183
10132
13921
15760
15950
15529
13847
10500
6925
2561
-3382
-9075
-12092
-13846
-16283
-18137
-17482
-15738
-13761
-10635
-7060
-4724
-3189
-601
2225
3502
3549
3624
3670
3638
4185
5260
5763
5954
7163
8932
9687
9176
7919
5727
2287
-1466
-5291
-9947
-14480
-17077
-17609
-16933
-15042
-11410
-6552
-1513
3387
7716
10494
11309
10765
9343
6705
3180
245
-1521
-2482
-2149
-26
2797
5782
9405
13053
15041
15311
14850
13329
10387
7049
2860
-2866
-8330
-11237
-12897
-15296
-17283
-16839
-15105
-13158
-10407
-7157
-4927
-3459
-1085
1488
2756
2915
3005
3053
3269
3993
5040
5703
6167
7151
8648
9594
9382
7966
5654
2634
-769
-4305
-8577
-12904
-15721
-16529
-16044
-14288
-11420
-7541
-3007
1919
6139
8692
9841
9799
8786
6687
3942
1314
-758
-1953
-1613
304
2602
5035
8316
11874
14085
14744
14581
13374
10795
7944
4285
-1092
-6558
-10043
-12149
-14650
-16763
-16951
-15878
-14257
-11480
-8126
-5580
-3738
-1250
1429
3062
3611
3660
3475
3325
3793
4511
4964
5361
6271
7513
8578
8919
7964
5877
3190
278
-3290
-7455
-11506
-14475
-15916
-15741
-14213
-11690
-8122
-3679
1137
5270
8219
9741
9965
9044
7179
4573
1776
-447
-1863
-1900
-451
1659
4128
7323
10862
13220
14114
14159
13308
11023
8341
5095
185
-5091
-8709
-10792
-13148
-15431
-16068
-15295
-14120
-11904
-8906
-6369
-4647
-2561
164
2154
3050
3365
3329
3315
3797
4571
4987
5182
5755
6819
7863
8178
7430
5819
3661
1039
-2029
-5651
-9441
-12455
-14038
-14353
-13650
-11778
-8760
-5026
-975
2950
6080
8018
8703
8385
7106
4982
2638
677
-724
-1312
-552
1184
3242
5709
8736
11273
12453
12795
12659
11271
9053
6725
3110
-1749
-5946
-8413
-10698
-13454
-15317
-15522
-14938
-13458
-10885
-8047
-5895
-3826
-975
1728
3367
4025
4203
4041
4022
4379
4742
4764
4886
5603
6791
7609
7518
6642
5052
2768
-18
-3311
-7136
-10813
-13170
-14132
-14187
-13130
-10587
-6907
-2888
1083
4675
7292
8466
8459
7498
5454
2855
648
-815
-1666
-1327
385
2656
5224
8405
11434
13068
13562
13374
12206
9901
7309
3740
-1156
-5686
-8498
-10617
-13210
-15138
-15380
-14638
-13281
-10850
-8149
-6140
-4352
-1868
586
2186
3005
3377
3405
3650
4222
4871
5183
5492
6288
7420
8190
8182
7461
5949
3681
1034
-2205
-6123
-9814
-12450
-13806
-14305
-13695
-11585
-8255
-4420
-553
3133
6078
7592
7915
7441
5862
3409
1232
-163
-1069
-1008
520
2665
5032
8006
11041
13009
13590
13400
12425
10328
7634
4056
-598
-5235
-8603
-10868
-13240
-15332
-15818
-15052
-13493
-11176
-8411
-6092
-4196
-1923
542
2324
3153
3408
3443
3599
3980
4583
4943
5230
5934
7117
8048
8176
7521
6282
4299
1656
-1446
-5079
-8766
-11646
-13394
-13952
-13426
-11764
-8860
-5248
-1349
2328
5266
7018
7612
7261
6010
3997
1902
274
-715
-693
501
2326
4447
7087
9877
11851
12763
12833
12063
10237
8004
5166
1086
-3457
-6991
-9444
-11828
-14055
-15143
-15007
-14153
-12175
-9541
-7098
-5259
-3040
-419
1672
2863
3516
3680
3547
3737
4321
4701
4677
5155
6290
7333
7743
7610
6827
5091
2772
29
-3388
-7169
-10377
-12373
-13422
-13482
-12155
-9446
-6095
-2490
1182
4376
6370
7132
7062
6083
4109
1941
398
-586
-914
18
1921
4071
6473
9257
11572
12612
12691
12073
10467
8213
5731
2231
-2177
-5997
-8371
-10327
-12570
-14148
-14349
-13766
-12449
-10305
-7934
-6100
-4321
-1859
587
2193
3167
3864
4022
4088
4638
5250
5118
5028
5751
6677
7028
7035
6567
5200
3128
870
-1858
-5322
-8641
-10916
-12286
-12958
-12407
-10375
-7588
-4675
-1381
1964
4389
5608
6157
5945
4682
2992
1759
862
188
492
1940
3738
5525
7741
10062
11367
11692
11605
10774
8945
6874
4320
582
-3570
-6548
-8647
-11094
-13399
-14340
-14311
-13822
-12210
-9773
-7572
-5758
-3292
-522
1666
3211
4308
4685
4641
4948
5436
5342
4962
5270
6067
6561
6766
6787
6033
4343
2309
-111
-3343
-6841
-9561
-11423
-12780
-13058
-11666
-9157
-6342
-3240
197
3157
5037
6032
6282
5423
3764
2356
1363
527
318
1366
3042
4814
6938
9326
10954
11501
11518
10937
9366
7208
4935
1677
-2352
-5695
-7873
-9997
-12281
-13692
-13945
-13779
-12805
-10792
-8604
-6810
-4764
-1992
558
2470
4008
5001
5213
5359
5847
5964
5438
5210
5671
6104
6183
6255
5970
4785
3046
1011
-1699
-4991
-7952
-10035
-11632
-12633
-12157
-10176
-7603
-4827
-1594
1618
3961
5429
6321
6119
4788
3300
2220
1209
435
752
1951
3403
5145
7398
9453
10499
10866
10832
9995
8244
6294
3750
81
-3758
-6434
-8606
-11023
-13062
-13903
-14015
-13609
-12055
-9865
-7851
-5906
-3302
-519
1792
3617
4989
5549
5633
5867
6104
5714
5142
5177
5535
5671
5787
5828
5178
3737
2065
91
-2862
-6156
-8598
-10362
-11882
-12370
-11217
-9117
-6735
-3705
-299
2480
4425
5910
6557
5877
4522
3376
2189
919
406
1089
2211
3445
5398
7775
9413
10293
10817
10576
9314
7579
5668
2551
-1468
-4920
-7351
-9753
-12097
-13635
-14142
-14133
-13123
-11014
-8728
-6702
-4355
-1440
1238
3332
4974
5929
5965
5815
5880
5692
4957
4505
4678
5014
5255
5597
5636
4807
3313
1613
-628
-3721
-6808
-9213
-11100
-12368
-12203
-10701
-8686
-6207
-2891
524
3095
4948
6298
6581
5764
4630
3501
2128
947
794
1514
2422
3820
5974
8073
9446
10303
10680
10164
8709
6913
4527
905
-3031
-6229
-8749
-11233
-13286
-14273
-14449
-13991
-12289
-9749
-7333
-5128
-2462
470
2798
4522
5737
6050
5666
5413
5365
4876
4233
4226
4748
5163
5534
5972
5732
4493
2765
686
-2138
-5349
-8160
-10351
-12038
-12564
-11549
-9626
-7304
-4448
-1088
1975
4176
5679
6309
5874
4776
3651
2484
1297
650
986
1988
3421
5316
7391
9104
10212
10724
10489
9361
7549
5389
2377
-1291
-4733
-7426
-9804
-11927
-13311
-13781
-13702
-12765
-10807
-8581
-6410
-4039
-1325
1157
3277
4985
5914
5946
5777
5775
5490
4819
4468
4654
4866
5079
5510
5546
4677
3236
1650
-623
-3686
-6567
-8806
-10762
-12047
-11903
-10562
-8753
-6423
-3314
-193
2383
4441
5818
6076
5530
4698
3671
2457
1513
1171
1510
2418
3858
5660
7385
8780
9755
10166
9724
8459
6722
4547
1397
-2161
-5283
-7887
-10232
-12086
-13171
-13550
-13204
-11854
-9760
-7639
-5367
-2822
-180
2033
4025
5546
6104
5892
5766
5746
5219
4522
4381
4571
4588
4730
5104
4875
3785
2243
416
-1973
-4795
-7383
-9457
-11058
-11736
-11084
-9504
-7518
-5090
-2119
751
3012
4657
5564
5509
4759
3857
2959
2016
1372
1372
2108
3295
4834
6603
8200
9223
9713
9703
8910
7267
5252
2844
-298
-3574
-6315
-8555
-10498
-11916
-12559
-12575
-11965
-10442
-8450
-6463
-4365
-1966
317
2286
4076
5359
5713
5613
5669
5585
5112
4714
4690
4702
4668
4821
4928
4382
3163
1607
-224
-2595
-5223
-7553
-9356
-10617
-10966
-10271
-8783
-6853
-4435
-1662
929
2988
4453
5281
5245
4550
3674
2831
1957
1364
1450
2240
3421
4926
6648
8205
9172
9586
9388
8438
6683
4488
1854
-1382
-4650
-7378
-9487
-11149
-12228
-12565
-12185
-11165
-9381
-7280
-5160
-3079
-929
1091
2888
4352
5211
5386
5307
5294
5191
4945
4757
4770
4858
4935
5017
4901
4167
2771
916
-1121
-3482
-5976
-8126
-9600
-10544
-10539
-9438
-7636
-5659
-3335
-623
1802
3453
4528
5043
4660
3807
3025
2326
1567
1187
1668
2817
4184
5695
7357
8627
9166
9158
8626
7179
4976
2707
307
-2639
-5621
-7812
-9282
-10450
-11261
-11330
-10908
-10080
-8628
-6743
-4934
-3219
-1269
829
2677
4186
5276
5758
5812
5887
5938
5594
5112
4904
4823
4560
4367
4096
3205
1679
36
-1719
-3911
-6202
-7962
-9183
-9928
-9764
-8652
-7036
-5241
-2926
-318
1824
3250
4241
4693
4391
3657
2943
2224
1504
1271
1923
3046
4270
5669
7213
8304
8703
8587
7864
6252
4068
2036
-96
-2796
-5437
-7255
-8449
-9412
-10034
-10096
-9878
-9287
-8035
-6415
-4913
-3366
-1532
416
2212
3880
5119
5646
5762
6018
6153
5806
5250
4976
4723
4301
3952
3583
2621
937
-658
-2169
-4136
-6254
-7744
-8691
-9239
-9005
-7832
-6346
-4730
-2621
-351
1446
2628
3435
3722
3484
2987
2553
2097
1721
1888
2821
3977
5099
6323
7544
8192
8191
7793
6704
4920
2902
1098
-814
-3059
-5081
-6466
-7472
-8230
-8662
-8851
-8844
-8519
-7618
-6462
-5217
-3814
-2144
-319
1559
3366
4741
5544
6050
6428
6525
6224
5691
5168
4633
4006
3406
2752
1802
510
-889
-2333
-3967
-5558
-6815
-7732
-8300
-8263
-7553
-6359
-4873
-3111
-1204
537
1909
2918
3446
3539
3301
2974
2640
2434
2542
3106
3969
4976
6012
6890
7458
7511
6983
5909
4362
2504
614
-1189
-3053
-4898
-6281
-7079
-7577
-8016
-8185
-8008
-7629
-7048
-6110
-4933
-3699
-2324
-650
1177
2876
4351
5481
6124
6503
6754
6567
5955
5258
4557
3696
2797
2100
1265
-68
-1384
-2544
-3850
-5220
-6235
-6993
-7554
-7596
-6891
-5824
-4603
-3087
-1426
181
1539
2485
2896
3036
2986
2836
2718
2768
2957
3512
4483
5509
6301
6943
7271
7038
6247
5115
3579
1705
-190
-1695
-3098
-4555
-5683
-6234
-6581
-6963
-7098
-7001
-6965
-6882
-6247
-5364
-4431
-3275
-1630
187
2026
3845
5395
6380
6965
7291
7209
6569
5572
4531
3410
2236
1228
425
-512
-1718
-2779
-3623
-4497
-5393
-6097
-6607
-6874
-6572
-5661
-4577
-3510
-2090
-433
1048
2080
2812
3200
3222
3133
3228
3301
3301
3597
4374
5233
5882
6410
6687
6377
5593
4607
3207
1329
-519
-1884
-3079
-4365
-5295
-5731
-5990
-6177
-6120
-6011
-6072
-6103
-5667
-5037
-4310
-3319
-1892
-242
1532
3406
5069
6190
6786
7126
7053
6400
5341
4177
2899
1587
564
-176
-1057
-2077
-2896
-3491
-4160
-4895
-5454
-5858
-6096
-5895
-5205
-4329
-3348
-2106
-589
750
1763
2540
3074
3270
3278
3338
3412
3481
3773
4350
4917
5387
5757
5875
5517
4743
3743
2433
821
-779
-2064
-3031
-3797
-4408
-4778
-4898
-4777
-4585
-4536
-4710
-4870
-4843
-4617
-4185
-3505
-2467
-1105
570
2405
4149
5477
6338
6756
6770
6238
5240
3959
2566
1210
65
-820
-1567
-2334
-2924
-3313
-3694
-4142
-4575
-4863
-4970
-4894
-4586
-3970
-3147
-2148
-1048
147
1183
1977
2558
3002
3233
3293
3385
3576
3813
4150
4599
4932
5053
4988
4666
3917
2833
1574
245
-1126
-2272
-3034
-3354
-3541
-3600
-3466
-3121
-2902
-2936
-3159
-3556
-4027
-4367
-4303
-3958
-3220
-2046
-384
1429
3246
4868
6055
6585
6543
6052
5067
3667
2209
860
-330
-1266
-1779
-2065
-2351
-2586
-2731
-2960
-3368
-3752
-4040
-4297
-4470
-4253
-3672
-2913
-2001
-887
291
1342
2254
2995
3412
3505
3554
3657
3651
3627
3745
3882
3875
3828
3724
3280
2450
1564
668
-368
-1404
-2101
-2503
-2733
-2776
-2586
-2388
-2315
-2291
-2350
-2664
-3181
-3568
-3752
-3700
-3288
-2338
-1085
294
1804
3394
4658
5357
5565
5392
4725
3693
2539
1389
229
-710
-1276
-1624
-1983
-2248
-2357
-2494
-2772
-3074
-3304
-3528
-3691
-3629
-3327
-2879
-2260
-1402
-458
453
1320
2132
2673
2952
3169
3342
3362
3298
3291
3270
3158
3060
2910
2500
1850
1245
621
-100
-843
-1325
-1629
-1817
-1740
-1487
-1321
-1327
-1294
-1321
-1609
-2115
-2521
-2901
-3156
-3024
-2416
-1615
-699
496
1780
2891
3668
4152
4179
3828
3230
2481
1533
597
-159
-750
-1229
-1543
-1671
-1796
-1981
-2149
-2278
-2501
-2758
-2943
-3018
-2997
-2749
-2275
-1658
-929
-73
823
1607
2231
2645
2887
2913
2811
2618
2388
2094
1876
1769
1646
1474
1283
1081
789
433
114
-227
-571
-835
-897
-863
-745
-668
-591
-596
-628
-797
-1056
-1406
-1679
-1830
-1821
-1591
-1171
-619
25
770
1458
1988
2262
2368
2246
1945
1510
1001
416
-113
-545
-874
-1211
-1470
-1665
-1774
-1880
-1974
-2093
-2183
-2125
-1955
-1799
-1622
-1217
-684
-142
376
905
1318
1644
1893
2025
1974
1800
1648
1497
1336
1176
1054
954
841
747
628
505
305
105
-44
-122
-204
-211
-120
45
130
148
144
68
-104
-342
-574
-883
-1144
-1321
-1332
-1282
-1082
-756
-336
18
414
836
1116
1176
1163
1089
869
543
231
-167
-601
-921
-1064
-1243
-1437
-1524
-1481
-1392
-1294
-1174
-1137
-1004
-747
-384
-120
155
457
805
1048
1229
1265
1165
937
736
573
403
209
134
183
318
464
692
857
918
958
1018
948
737
594
513
423
294
321
325
342
330
407
348
170
-117
-440
-861
-1261
-1567
-1806
-1941
-1911
-1610
-1231
-747
-262
252
600
904
1000
896
589
294
-30
-430
-819
-1034
-1109
-1063
-917
-718
-553
-379
-88
195
305
327
446
551
575
559
535
372
134
-26
-119
-325
-551
-606
-512
-398
-230
92
439
731
1047
1365
1511
1460
1412
1340
1150
896
766
684
657
762
948
1082
1101
1113
929
513
-62
-649
-1367
-2085
-2620
-2865
-2914
-2759
-2324
-1702
-1027
-377
239
623
755
766
664
380
9
-254
-447
-624
-613
-422
-216
-37
256
499
642
707
820
803
670
490
391
228
-38
-307
-569
-844
-1090
-1202
-1276
-1349
-1292
-1002
-590
-201
269
768
1234
1514
1773
1895
1860
1639
1497
1336
1201
1126
1224
1359
1475
1597
1682
1565
1217
769
165
-589
-1405
-2041
-2584
-2990
-3152
-2971
-2665
-2262
-1684
-1040
-547
-195
148
354
359
304
263
173
15
43
147
280
361
567
767
881
913
977
939
732
500
299
21
-340
-628
-923
-1256
-1568
-1678
-1775
-1885
-1894
-1634
-1277
-890
-385
247
814
1265
1758
2133
2242
2176
2138
2026
1796
1641
1634
1615
1561
1655
1782
1704
1481
1176
764
119
-531
-1174
-1784
-2394
-2750
-2895
-2889
-2721
-2335
-1872
-1435
-941
-473
-107
76
229
304
328
327
403
455
501
658
905
1056
1096
1119
1126
998
768
481
133
-289
-659
-968
-1273
-1620
-1852
-1955
-2032
-2091
-2072
-1878
-1648
-1307
-872
-328
176
748
1316
1829
2136
2388
2559
2568
2473
2360
2255
2046
1867
1699
1617
1405
1231
953
707
332
-29
-502
-951
-1384
-1784
-2116
-2329
-2376
-2354
-2175
-1886
-1536
-1232
-866
-512
-237
-50
164
356
491
612
797
984
1128
1207
1286
1261
1165
942
695
302
-86
-504
-829
-1164
-1440
-1656
-1744
-1785
-1850
-1864
-1822
-1727
-1636
-1434
-1166
-860
-466
63
633
1148
1648
2109
2478
2709
2841
2825
2673
2430
2120
1751
1347
1005
667
395
160
48
-83
-169
-285
-394
-599
-800
-1017
-1199
-1437
-1613
-1697
-1729
-1679
-1514
-1283
-1042
-670
-302
82
378
735
978
1152
1209
1253
1186
1069
872
635
357
51
-204
-479
-721
-1009
-1180
-1356
-1479
-1624
-1686
-1761
-1750
-1656
-1503
-1304
-1050
-709
-353
72
483
901
1229
1550
1804
2020
2182
2273
2273
2199
2114
1958
1727
1404
1075
735
439
157
-99
-325
-479
-591
-698
-794
-866
-908
-977
-1041
-1147
-1201
-1212
-1182
-1160
-1063
-905
-653
-370
-16
318
637
889
1120
1273
1324
1256
1101
863
565
219
-136
-527
-878
-1179
-1388
-1554
-1638
-1678
-1651
-1567
-1405
-1251
-1110
-943
-730
-535
-338
-71
229
546
870
1222
1579
1909
2183
2332
2398
2375
2244
1948
1552
1098
643
211
-150
-438
-660
-766
-769
-694
-664
-596
-571
-508
-584
-661
-801
-860
-952
-984
-955
-831
-653
-402
-41
297
600
836
1073
1183
1186
1114
976
743
451
176
-131
-467
-795
-1060
-1302
-1462
-1551
-1585
-1581
-1511
-1354
-1154
-953
-774
-583
-396
-208
-13
213
439
686
986
1321
1652
1942
2186
2306
2357
2263
2042
1616
1146
623
118
-378
-759
-1014
-1175
-1211
-1115
-909
-735
-542
-371
-210
-199
-218
-272
-357
-490
-540
-541
-477
-377
-142
142
408
628
825
956
984
910
787
573
264
-55
-305
-588
-894
-1147
-1326
-1478
-1553
-1520
-1444
-1386
-1254
-1019
-744
-534
-319
-126
58
202
380
540
690
842
1054
1328
1592
1824
2001
2129
2145
2050
1778
1384
873
335
-206
-691
-1102
-1380
-1500
-1499
-1344
-1106
-787
-526
-259
-61
95
106
84
10
-66
-142
-137
-70
21
210
456
695
826
941
979
920
741
532
244
-133
-492
-755
-988
-1248
-1464
-1589
-1642
-1640
-1564
-1457
-1330
-1183
-936
-645
-364
-135
81
278
473
645
792
914
1052
1199
1391
1600
1771
1880
1930
1908
1752
1479
1070
584
28
-461
-934
-1297
-1574
-1657
-1626
-1449
-1214
-898
-597
-297
-43
138
247
276
309
281
321
325
409
484
676
822
955
1023
1063
1005
877
692
415
69
-316
-663
-975
-1240
-1484
-1680
-1795
-1807
-1750
-1640
-1506
-1350
-1140
-854
-535
-255
-20
216
450
651
797
932
1054
1188
1345
1496
1634
1754
1817
1804
1686
1468
1131
693
186
-341
-823
-1253
-1558
-1764
-1791
-1713
-1497
-1244
-925
-598
-258
1
189
355
462
549
581
677
733
834
939
1090
1167
1223
1219
1187
1049
847
574
235
-151
-556
-917
-1244
-1546
-1788
-1914
-1962
-1932
-1820
-1629
-1431
-1188
-896
-544
-257
6
232
454
577
676
778
880
964
1097
1270
1450
1613
1729
1789
1723
1533
1237
831
329
-224
-750
-1218
-1561
-1788
-1870
-1826
-1632
-1363
-1051
-743
-417
-123
111
289
444
563
662
776
900
1034
1156
1290
1386
1438
1426
1364
1239
1030
764
419
22
-415
-796
-1151
-1513
-1824
-2014
-2094
-2114
-2032
-1867
-1650
-1388
-1064
-704
-359
-43
241
482
641
734
804
872
920
981
1098
1253
1403
1533
1647
1660
1543
1305
989
557
42
-513
-1008
-1423
-1701
-1878
-1900
-1779
-1533
-1219
-887
-557
-246
25
216
357
471
562
653
769
922
1106
1310
1482
1623
1710
1729
1640
1468
1199
842
388
-82
-551
-1000
-1413
-1770
-2023
-2177
-2230
-2185
-2051
-1860
-1624
-1336
-998
-655
-313
7
318
553
722
832
918
979
1035
1122
1229
1338
1450
1578
1657
1612
1429
1152
801
330
-214
-770
-1262
-1659
-1909
-2018
-1991
-1840
-1576
-1246
-921
-631
-371
-162
-22
115
261
427
591
805
1060
1331
1602
1812
1923
1944
1902
1754
1495
1151
765
330
-84
-484
-851
-1225
-1530
-1774
-1953
-2064
-2116
-2105
-2035
-1865
-1610
-1291
-913
-508
-85
331
690
954
1145
1262
1333
1369
1404
1437
1449
1484
1530
1553
1486
1314
1059
714
244
-283
-797
-1284
-1714
-2005
-2134
-2121
-1987
-1735
-1445
-1134
-841
-547
-328
-147
12
219
422
611
854
1134
1431
1658
1870
2004
2055
1977
1825
1584
1254
848
412
-8
-425
-788
-1114
-1408
-1662
-1828
-1938
-2009
-2046
-2015
-1898
-1684
-1396
-1061
-689
-279
153
533
821
1074
1296
1462
1563
1617
1637
1629
1600
1552
1455
1287
1064
790
451
38
-374
-797
-1185
-1511
-1729
-1853
-1875
-1809
-1667
-1486
-1278
-1025
-775
-549
-336
-75
185
404
632
913
1195
1436
1626
1805
1933
1967
1918
1801
1572
1236
854
456
38
-383
-774
-1105
-1377
-1589
-1733
-1833
-1902
-1911
-1850
-1744
-1602
-1402
-1135
-842
-494
-135
212
538
882
1211
1507
1715
1849
1946
1975
1951
1838
1656
1401
1127
809
435
28
-363
-733
-1058
-1327
-1531
-1675
-1742
-1730
-1657
-1556
-1431
-1260
-1063
-862
-636
-366
-96
174
494
865
1212
1500
1746
1935
2022
2009
1900
1690
1374
996
617
247
-127
-479
-777
-1039
-1266
-1473
-1626
-1739
-1797
-1827
-1792
-1694
-1513
-1293
-1042
-748
-417
-90
217
536
846
1128
1366
1586
1762
1873
1917
1922
1849
1681
1433
1136
767
368
-43
-446
-814
-1120
-1339
-1478
-1547
-1565
-1508
-1409
-1302
-1220
-1100
-935
-757
-543
-296
-30
259
627
995
1326
1588
1776
1871
1880
1813
1653
1407
1095
777
455
146
-161
-441
-726
-992
-1223
-1426
-1585
-1708
-1781
-1792
-1722
-1592
-1407
-1160
-866
-577
-298
-24
251
499
726
940
1152
1347
1524
1685
1788
1825
1781
1655
1434
1117
725
285
-170
-601
-965
-1246
-1439
-1548
-1556
-1480
-1370
-1245
-1118
-999
-893
-781
-654
-513
-352
-147
126
439
770
1087
1366
1593
1752
1830
1802
1681
1470
1198
891
575
253
-79
-386
-624
-806
-957
-1087
-1193
-1259
-1308
-1341
-1370
-1368
-1309
-1183
-1004
-781
-516
-218
103
395
673
929
1148
1307
1404
1467
1482
1453
1362
1219
1014
767
492
188
-146
-481
-773
-1015
-1214
-1364
-1430
-1422
-1355
-1261
-1127
-979
-834
-694
-546
-383
-212
-6
231
494
761
1030
1265
1458
1576
1624
1602
1501
1304
1057
790
503
216
-61
-302
-500
-648
-778
-891
-982
-1050
-1118
-1183
-1206
-1181
-1110
-1014
-861
-665
-447
-208
21
240
462
686
888
1060
1194
1290
1333
1325
1267
1153
965
736
498
249
-23
-285
-512
-712
-865
-976
-1039
-1076
-1068
-1037
-986
-923
-841
-730
-612
-458
-284
-97
104
326
529
691
836
971
1063
1092
1071
1008
914
785
623
433
226
23
-156
-301
-433
-566
-679
-747
-778
-807
-851
-870
-850
-803
-738
-645
-516
-365
-185
10
214
417
602
749
865
962
1017
998
929
850
752
631
481
313
146
-10
-167
-325
-482
-617
-724
-802
-858
-885
-878
-855
-814
-747
-647
-526
-376
-198
-6
190
388
562
706
827
910
949
936
895
822
730
618
495
362
243
129
10
-104
-222
-340
-453
-559
-668
-752
-807
-838
-836
-788
-701
-572
-412
-245
-62
110
270
407
511
583
636
666
671
649
612
568
506
428
324
206
80
-44
-155
-256
-355
-445
-514
-566
-603
-640
-671
-682
-660
-611
-534
-413
-255
-78
117
312
485
621
722
776
780
738
676
600
509
422
336
258
188
119
48
-41
-139
-242
-357
-476
-578
-675
-744
-779
-790
-758
-683
-572
-439
-286
-109
66
232
384
511
606
667
701
701
667
599
513
407
305
210
117
30
-49
-112
-164
-205
-258
-327
-397
-459
-521
-579
-611
-619
-597
-528
-418
-267
-89
85
249
407
537
604
628
625
606
568
521
468
413
368
323
260
179
92
-1
-104
-217
-321
-419
-505
-581
-636
-661
-662
-637
-602
-534
-437
-318
-195
-61
77
209
343
457
540
591
623
625
596
528
428
322
225
133
42
-36
-95
-133
-169
-203
-242
-274
-304
-344
-384
-424
-451
-458
-438
-394
-317
-212
-82
67
206
328
417
482
507
494
456
404
352
302
262
233
206
170
139
104
51
-17
-107
-202
-284
-353
-423
-477
-502
-506
-484
-442
-394
-335
-252
-151
-46
51
141
234
322
388
429
444
441
410
360
304
243
178
119
78
46
15
-16
-46
-72
-112
-162
-211
-257
-307
-356
-388
-401
-392
-357
-301
-217
-119
-20
71
151
228
276
292
296
291
287
279
256
241
235
225
210
186
155
113
53
-11
-71
-129
-192
-249
-298
-336
-358
-370
-374
-368
-343
-304
-247
-174
-96
-15
71
155
232
296
335
356
361
350
325
293
257
216
178
143
108
73
35
-3
-40
-80
-131
-185
-235
-279
-315
-341
-349
-333
-295
-248
-182
-113
-46
15
69
115
147
166
179
188
203
216
222
226
220
206
190
169
139
96
51
10
-35
-87
-142
-196
-244
-286
-316
-329
-328
-305
-268
-213
-141
-64
11
82
142
182
212
229
237
233
219
209
203
200
201
201
197
180
150
105
48
-7
-65
-124
-173
-212
-238
-250
-249
-240
-215
-185
-156
-117
-83
-58
-39
-16
5
24
44
69
94
123
144
159
176
188
187
183
172
151
121
85
40
-12
-66
-113
-151
-186
-213
-225
-218
-202
-184
-165
-139
-104
-69
-43
-22
-5
12
34
56
76
98
121
144
158
169
180
182
169
141
108
76
50
14
-19
-35
-47
-60
-77
-86
-93
-104
-117
-122
-119
-114
-106
-97
-73
-41
-13
4
20
40
56
64
64
58
58
63
72
78
86
100
113
113
98
79
53
17
-17
-54
-89
-115
-131
-136
-129
-112
-96
-82
-65
-48
-39
-37
-39
-42
-44
-39
-28
-17
-5
16
36
61
81
87
84
85
86
84
76
73
71
69
63
54
48
38
22
7
-5
-19
-37
-55
-69
-70
-69
-72
-71
-57
-43
-30
-18
-8
5
13
23
33
47
62
75
84
92
94
87
75
58
35
7
-16
-29
-38
-48
-58
-63
-61
-64
-80
-104
-121
-130
-136
-138
-134
-120
-98
-72
-40
-8
23
50
72
87
95
94
98
101
100
101
102
108
116
110
103
94
79
55
27
-3
-33
-62
-89
-110
-118
-119
-123
-116
-97
-78
-61
-51
-42
-32
-25
-21
-13
7
28
54
84
113
135
143
145
139
122
93
59
31
7
-15
-38
-56
-68
-77
-85
-92
-102
-115
-126
-134
-135
-139
-133
-115
-88
-53
-17
17
53
83
100
115
123
127
121
117
114
113
116
112
107
96
86
72
40
5
-29
-61
-87
-111
-129
-131
-121
-109
-97
-86
-77
-70
-61
-52
-41
-23
-3
23
52
78
99
116
127
129
122
110
92
72
54
32
11
-5
-24
-41
-55
-67
-81
-93
-105
-111
-112
-116
-110
-97
-78
-52
-31
-6
17
40
51
57
63
73
82
89
97
105
110
110
101
88
71
48
23
2
-17
-40
-56
-62
-70
-81
-93
-99
-101
-102
-102
-100
-89
-71
-53
-24
8
26
36
44
48
45
40
39
44
56
65
64
57
55
50
31
7
-17
-33
-43
-48
-56
-60
-59
-54
-52
-50
-46
-44
-33
-15
3
18
32
42
47
54
59
58
62
69
74
78
79
74
63
49
27
8
-10
-30
-45
-51
-55
-60
-58
-52
-45
-42
-45
-49
-50
-51
-57
-57
-46
-32
-16
10
34
55
64
66
65
61
51
34
18
13
11
10
10
10
8
6
-1
-14
-28
-42
-52
-54
-60
-66
-64
-53
-33
-16
-2
9
17
23
26
24
23
26
31
40
50
59
68
71
66
57
48
33
17
3
-5
-10
-15
-18
-26
-29
-34
-41
-45
-51
-51
-47
-42
-40
-34
-26
-16
-9
0
9
15
18
20
25
34
39
38
39
39
32
22
11
1
-11
-19
-25
-28
-27
-30
-36
-44
-49
-54
-54
-50
-43
-27
-14
-7
-2
11
24
32
33
38
46
50
55
56
59
60
54
46
40
35
27
16
5
-11
-25
-34
-45
-52
-55
-58
-55
-54
-54
-53
-45
-34
-22
-8
2
7
15
18
23
30
40
48
55
58
56
52
40
26
12
1
-13
-25
-23
-19
-19
-24
-32
-40
-48
-57
-63
-65
-60
-48
-30
-12
2
11
22
33
35
31
32
40
47
51
53
54
58
57
51
41
31
21
8
1
-6
-20
-27
-29
-33
-37
-44
-46
-42
-43
-45
-46
-42
-33
-21
-11
1
12
24
30
34
39
40
40
45
46
47
50
48
43
37
27
15
4
-5
-18
-33
-41
-48
-50
-56
-62
-58
-54
-52
-47
-43
-36
-31
-29
-25
-18
-9
-1
15
28
38
46
49
52
49
41
34
31
27
18
10
6
5
4
-1
-15
-23
-29
-33
-37
-35
-37
-33
-24
-18
-10
-8
-5
0
7
12
17
24
29
35
41
47
53
54
47
40
31
25
12
0
-5
-8
-7
-9
-16
-26
-39
-49
-58
-62
-65
-60
-48
-37
-25
-19
-15
-10
-6
3
13
17
21
30
34
35
30
30
31
35
31
21
16
12
6
-3
-9
-17
-19
-18
-18
-21
-28
-29
-24
-18
-17
-15
-11
-1
9
12
15
26
37
39
38
38
37
38
38
28
18
16
17
15
11
7
-2
-6
-17
-25
-30
-34
-36
-34
-28
-25
-22
-21
-18
-17
-17
-17
-8
2
11
17
23
30
30
27
24
21
22
20
18
19
18
9
-1
-13
-19
-27
-32
-31
-32
-32
-30
-28
-31
-32
-31
-25
-21
-17
-13
-5
5
11
14
20
30
32
30
29
26
25
25
23
22
21
21
15
7
2
-4
-16
-30
-39
-37
-33
-33
-31
-29
-22
-20
-19
-19
-18
-15
-10
-1
4
8
13
20
27
30
30
32
31
30
29
29
26
20
10
11
9
2
-3
-7
-9
-16
-23
-30
-29
-30
-31
-30
-23
-14
-6
-4
-1
0
-1
0
3
7
11
20
30
34
32
26
24
24
16
4
-2
-3
-1
-6
-9
-9
-10
-12
-18
-20
-20
-24
-24
-24
-23
-20
-13
-2
1
4
11
13
22
22
22
23
23
24
26
28
29
25
24
27
22
18
16
11
2
-5
-10
-12
-13
-16
-15
-13
-16
-21
-27
-27
-32
-35
-32
-26
-17
-13
-7
-1
7
5
0
-4
-5
-3
2
8
11
18
19
20
16
10
1
-4
-6
-12
-11
-12
-14
-16
-20
-19
-16
-16
-18
-19
-17
-19
-15
-14
-13
-5
6
16
14
14
12
14
18
18
16
19
27
31
30
20
15
12
10
10
6
3
8
8
5
2
-5
-6
-7
-7
-8
-9
-9
-7
-3
-1
-1
-4
-4
-9
-12
-9
-3
2
7
7
7
8
1
3
5
0
-4
-2
2
5
3
1
4
5
2
-6
-1
0
-3
-10
-15
-10
-9
-7
-4
-6
-8
-6
-6
-6
-8
-12
-9
-5
-4
-6
0
10
10
4
11
21
30
28
21
19
20
18
16
14
21
28
26
22
14
9
7
1
-12
-14
-6
-3
-7
-10
-10
-7
-8
-23
-35
-30
-20
-21
-19
-10
-7
-1
-1
-6
-9
-11
-6
-3
-7
-7
-5
1
0
-11
-4
5
2
-10
-17
-11
-3
-4
-13
-11