-5
-4
-4
-4
-3
-4
-3
-2
-1
-1
0
1
1
1
2
2
3
2
3
3
3
4
3
2
3
3
2
2
2
1
1
0
0
0
-2
-2
-2
-3
-3
-2
-3
-3
-3
-2
-2
-2
-1
0
0
0
-1
1
1
1
1
1
2
2
2
3
3
3
3
4
4
4
4
4
4
4
5
4
5
5
4
4
4
3
3
3
3
2
2
1
1
2
2
1
2
1
2
1
2
1
1
1
1
0
0
0
-1
-1
-2
-2
-1
-2
-2
-2
-2
-3
-3
-3
-3
-4
-4
-4
-5
-4
-4
-3
-3
-3
-3
-3
-2
-1
-1
0
0
0
1
1
2
2
2
3
2
2
3
2
3
3
3
3
2
3
2
3
2
3
3
2
2
2
1
2
1
1
1
0
0
1
-1
0
-1
-1
-1
-1
-1
-2
-2
-2
-3
-3
-3
-4
-4
-3
-3
-3
-3
-3
-3
-3
-2
-2
-2
-2
0
0
-1
-1
0
0
0
0
0
0
-1
-1
-1
-1
-2
-2
-3
-4
-3
-3
-3
-5
-4
-5
-3
-3
-3
-3
-3
-1
0
-1
0
1
0
0
3
5
5
2
3
3
6
7
3
0
1
5
5
1
-2
-3
0
3
2
-1
-3
-2
2
2
1
-2
-5
-3
2
4
1
-3
-3
1
5
5
0
-6
-4
6
4
-2
-1
-1
-2
4
7
0
-2
0
-3
-2
6
2
-4
-2
0
1
6
4
-3
-1
7
7
2
1
-1
1
6
4
-2
-5
0
3
7
7
-1
-1
9
10
5
5
5
-4
-2
8
6
-2
-1
-2
-5
-2
2
0
-5
-13
-16
-3
1
-11
-18
-13
-7
-2
-5
-20
-24
-10
-2
-12
-17
-11
-4
-2
-1
-2
3
8
3
-1
9
17
8
-4
-7
5
19
23
5
-14
-6
17
26
11
-8
-12
-3
4
5
1
-6
-11
-9
1
4
-4
-15
-13
-2
1
-7
-16
-6
10
8
-3
3
16
13
3
10
30
36
19
-2
4
31
35
20
10
5
4
25
35
7
-17
-4
12
5
-9
-16
-23
-16
-3
-9
-29
-34
-21
-17
-26
-31
-26
-15
-5
-6
-13
-11
1
4
-7
-9
2
8
8
3
-4
2
16
17
1
-8
3
24
18
-15
-18
18
33
10
-7
-1
21
46
38
4
2
37
52
39
33
33
29
33
46
42
19
4
14
27
17
-4
-7
-15
-27
-30
-45
-66
-76
-61
-57
-83
-116
-104
-58
-45
-83
-99
-68
-51
-62
-55
-38
-31
-20
-7
-7
-11
24
59
51
24
18
50
86
68
19
10
60
104
98
51
29
77
87
22
-70
-65
13
28
-36
-54
-16
-10
1
10
10
-27
-33
-22
-29
-32
-2
-8
-33
-11
27
49
117
171
138
51
38
134
179
96
-24
-8
7
-34
-20
-19
-116
-179
-84
-66
-191
-265
-199
-177
-177
-162
-186
-155
-62
-4
-44
-65
-47
19
68
54
29
68
94
112
155
142
27
-16
85
179
164
152
165
164
107
34
41
79
58
-8
-24
-33
-28
19
94
57
-63
-108
-30
-9
-33
-60
-76
-4
127
129
-33
-110
14
55
-15
-14
4
27
130
144
-154
-250
62
277
81
-120
-6
77
163
48
-210
-218
23
76
-122
-209
-186
-34
-15
-103
-103
-24
100
107
48
-10
114
265
210
167
129
137
135
267
223
21
-140
-88
34
-47
-63
-70
-149
-188
-139
-154
-182
-115
-124
-124
-152
-163
-105
-83
-19
-90
-97
-102
-111
-113
31
155
71
-33
-44
-18
-141
-265
-411
-363
-241
-166
-248
-235
63
147
-121
-331
-148
54
-56
-37
21
-35
46
222
228
208
445
482
443
432
303
217
287
420
239
101
198
360
409
315
242
170
81
17
22
71
24
-12
-20
32
-5
-157
-164
-85
-66
-114
-88
-371
-537
-395
-350
-633
-688
-575
-606
-562
-469
-466
-383
-212
-296
-464
-471
-421
-268
49
142
63
61
190
341
464
365
211
443
721
529
253
476
691
507
450
619
582
385
442
461
335
201
215
159
22
-247
-692
-803
-259
51
-466
-1061
-869
-215
-61
-485
-819
-402
231
629
479
113
111
704
1056
863
465
485
635
1035
1057
577
384
1048
1859
-42
-3286
-2226
3618
4061
-2880
-6806
-2540
2627
3345
-512
-6648
-7289
596
5940
183
-6812
-5342
-161
2722
2279
-949
-4288
-1372
3620
3448
107
306
1852
1424
1781
3281
3423
1549
994
1101
2138
3572
3259
-145
-1808
1377
3647
1266
-1936
-1683
-341
-185
-933
-2629
-3806
-2990
-1169
-2041
-3924
-4397
-3220
-2708
-2903
-3389
-3544
-2676
-1409
-879
-1979
-2489
-1217
382
21
-564
354
1738
2410
2804
3410
3496
3721
4730
5704
6002
6287
6552
6210
6006
6672
6612
5942
5596
7081
4282
-5612
-9728
3781
13435
-3139
-21295
-14469
914
3862
563
-12145
-27015
-15458
12043
8741
-16579
-18956
-5252
2071
8608
9404
-6273
-10639
8742
17503
7062
3718
7012
2630
3396
11457
10107
1635
-1214
-2283
-2882
2497
3439
-8652
-20061
-15126
-2675
-615
-12292
-22934
-19433
-6459
1440
-2985
-13156
-13763
1245
14363
8966
-1202
3234
15540
19970
16799
13506
16064
23346
26479
16895
3013
1903
17430
27667
8827
-19165
-18546
5091
12247
-1402
-19096
-30994
-23397
900
6081
-18460
-32525
-18812
-3711
497
-320
-10635
-18404
-2874
15149
10287
-218
2478
6118
8681
15999
16483
7727
5116
9842
11059
11831
10942
4077
-2046
1153
3776
1191
-3483
-6956
-11459
-15431
-12560
-2789
-1981
-20679
-29870
-14280
3472
-872
-13112
-21715
-17664
2451
16116
645
-19185
-8181
13204
16848
8419
2960
1588
9469
20580
16764
6976
10699
19344
13701
7559
13534
20900
18167
7476
-7690
-12930
6022
23350
6691
-26254
-28359
-1621
13218
3591
-16135
-31442
-24868
4256
15710
-9214
-30303
-18261
1559
8554
7131
-2299
-12168
-3271
14588
16344
8072
6079
4855
3849
12437
20657
13383
1173
-1095
4336
10182
11095
1614
-10115
-10500
-1342
2448
-6424
-18667
-19577
-8494
-3970
-11562
-19612
-18400
-11240
-2867
-3276
-13384
-15394
-1581
8474
2582
-3982
-1353
4949
10579
12861
7947
2930
7603
14273
13538
9723
9015
8644
9152
11853
12179
9226
8451
10593
8157
-1786
-10086
-2937
12525
8839
-15393
-26440
-10457
6965
7347
-7450
-27680
-29492
-1504
19162
80
-26223
-21938
-1718
11448
13507
771
-15318
-6554
17070
20950
8113
2832
3348
4938
14241
19895
9638
-2033
-254
5437
7936
7025
-443
-10038
-9759
-2375
-2233
-10418
-16878
-15519
-10623
-9372
-13281
-16799
-14886
-9221
-5194
-7311
-11354
-8247
1044
5023
425
-2144
1979
8319
11007
10081
7415
7480
10086
12112
12367
12011
9309
6654
8437
12493
12018
9098
8032
9501
9207
498
-11570
-7079
13600
13153
-15622
-31238
-12982
6955
8312
-4783
-25594
-30369
-2609
20911
2767
-25284
-22378
-2549
11055
14676
2005
-16861
-9165
16818
21767
7099
1023
2339
4119
13478
19783
9226
-3066
-616
6286
8743
7293
-341
-9056
-7628
-79
-1378
-10151
-15512
-12607
-7334
-8099
-13881
-16379
-11520
-6742
-5598
-8823
-11548
-7498
1617
4108
-1712
-2953
2659
8287
9453
8763
6765
7459
10673
11400
9602
10100
10513
6974
5972
10287
11740
7295
4771
6938
9472
4818
-8547
-15104
1557
17485
199
-28188
-25157
-893
10456
4058
-14687
-32478
-19146
16262
19645
-13479
-27509
-10298
7923
15972
12220
-8900
-17535
6491
25268
13139
122
2568
3316
6613
16624
14491
-370
-3624
2987
4767
5257
4370
-5355
-12349
-5986
-1851
-8242
-11397
-9099
-12007
-15157
-10066
-5576
-9061
-11957
-9936
-7056
-3788
245
-1095
-4962
-1295
7209
8174
3504
3975
8837
10967
10283
8841
6816
7737
11680
11096
5025
4563
10181
10655
4112
2337
6141
8330
6096
-2778
-14486
-10979
11092
14133
-14131
-31741
-13311
7665
8313
-3520
-21711
-29187
-4475
22901
8285
-21795
-20044
299
11644
14414
6433
-11038
-8793
12766
19973
9126
3280
1087
-617
9277
17912
8575
-4097
-3165
608
3519
7090
1151
-11798
-16002
-10919
-5115
692
-4560
-22198
-25737
-7237
6685
-875
-15114
-21758
-10849
8902
11652
-6130
-14052
332
12165
11574
6365
3312
4100
11883
15377
8519
5323
11127
12826
5265
3137
8468
12104
8362
3369
1945
7944
12730
-845
-20291
-10326
18686
12884
-21231
-30587
-6056
10502
8127
-6274
-28234
-27791
8028
26662
-4470
-29518
-13849
6594
11625
12330
510
-16599
-4798
19740
17244
1360
1036
2353
189
9829
17029
5139
-6403
-2068
3147
5548
6837
-998
-12774
-9432
2317
11
-12791
-17005
-7975
-1263
-6318
-14178
-12720
-4993
-226
-1518
-8515
-10534
296
10420
3199
-6377
-39
9867
9401
5417
4891
4823
7966
11491
7919
2370
5290
9502
5819
1698
3600
5453
3782
2148
3050
4241
5188
3298
-4618
-12851
-6004
12223
10566
-14501
-25398
-6275
10585
8346
-3225
-18394
-23094
295
23811
6936
-21989
-17713
4001
12030
10779
2856
-12409
-9684
12289
18250
2497
-4144
27
1372
5585
11036
4726
-4880
-3163
1408
2335
3932
937
-7833
-10219
-5950
-5075
-4141
-2143
-9104
-16540
-10192
1174
1026
-5968
-11013
-9552
-15
8403
3674
-6572
-4712
6021
11438
7960
2671
1895
6785
11380
8658
3586
3451
6559
6120
3798
2709
3020
3585
3445
1864
1122
4221
6396
4424
-2243
-9848
-9612
5883
16441
-1186
-24456
-17173
7678
14563
3607
-12529
-24072
-11790
18206
20319
-11925
-25652
-6718
10301
12206
7611
-7652
-17147
279
19536
11045
-4724
-4932
-1232
2876
10818
9558
-3463
-7230
364
4188
4154
2704
-5173
-11548
-6818
-1394
-2930
-4581
-7056
-12744
-11072
-880
2178
-5496
-10837
-7886
-688
5171
4107
-2905
-5504
2109
10791
10347
2846
-416
5015
11350
10109
3660
565
3444
7699
7072
1897
-1492
2001
6585
4976
-701
-751
4854
8516
5424
-4719
-13445
-5809
15221
16030
-10576
-25860
-7768
13316
13740
387
-18069
-24597
-1418
24707
10980
-20199
-21274
-1299
9671
10619
3059
-14100
-15077
6261
16421
3669
-4909
-2914
-2066
3194
11098
6819
-4437
-4462
1090
3692
5985
3937
-6191
-11229
-3936
1869
12
-4729
-9923
-12375
-5375
3088
-429
-9881
-11102
-3434
2850
3061
-1587
-5152
-1727
5814
8336
3461
319
3327
7874
7465
3704
1509
3804
6971
4995
-349
-509
5424
7898
2735
-2173
-671
6116
9945
6649
-1001
-7090
-7349
2540
15715
9189
-13996
-20723
-499
14577
9894
-3497
-17737
-20349
1976
22558
6420
-20750
-19355
-1408
8626
10929
1640
-17103
-15353
7970
16354
2289
-5766
-4432
-2732
5301
13141
5531
-6741
-4478
2738
6006
7200
2348
-8811
-10491
181
5272
51
-7818
-12023
-9223
447
4579
-4134
-13528
-10910
583
6399
1059
-7664
-7314
1807
8304
6040
-611
-2054
3314
8793
6037
426
914
5872
5986
1228
115
4263
7095
4668
626
-42
3666
8964
8489
2748
-576
-706
-2671
389
11409
8945
-10083
-16766
-1044
9344
6585
-769
-14199
-21979
-2165
20519
6861
-20199
-20357
-3856
6947
11057
1748
-18260
-16686
7941
17487
3498
-6029
-5296
-1519
8230
14912
5298
-6702
-3520
5196
8609
7425
70
-8102
-4812
3528
1562
-4726
-5282
-5616
-7224
-5011
-2112
-4505
-6824
-6509
-5407
-3216
135
-24
-3686
-3565
921
4563
3762
1428
721
2615
5125
5530
4184
2450
2745
4158
5353
4573
3399
2851
3230
3977
4930
5794
5643
5779
2671
-4739
-6569
6701
15870
869
-18223
-13339
4508
11136
5566
-9469
-23959
-13945
14334
17114
-10709
-24207
-11317
3844
9997
7190
-9716
-19700
-3130
16333
11769
-2227
-5866
-3199
4870
14490
11764
-2461
-6455
2586
9416
8642
2700
-5441
-6600
1720
4464
-3210
-7691
-5205
-4493
-5630
-4665
-5247
-7151
-5893
-3949
-5043
-5000
-1328
26
-2432
-2859
513
3234
3227
2435
1685
2102
3961
5253
4281
3319
3479
3008
3152
5491
6529
3533
1562
3725
5941
6201
5856
5640
2830
-3095
-5813
3016
13224
4360
-14253
-15882
-581
8383
5976
-5630
-20672
-18763
5631
16708
-3623
-20760
-14076
-1477
6192
9716
-1468
-16820
-8753
11872
14113
2886
-1521
-2200
722
11368
15435
3733
-4876
395
5878
7025
6191
-222
-8309
-3641
5158
7
-10100
-8354
-1969
-4074
-7282
-7881
-8269
-6306
-733
-2164
-9187
-6640
3075
4169
-2997
-3783
1448
4960
5100
2876
174
1777
7332
7407
2734
1027
3905
5392
5136
4432
3120
2318
3390
4552
4837
5254
5812
3654
-3014
-7465
498
12587
6143
-13505
-17532
-2237
8457
6528
-4120
-18815
-19628
3103
17598
-194
-20337
-14920
-748
5913
8241
1091
-13275
-10625
8591
15501
5245
-2253
-3076
-86
9459
15052
5229
-5932
-2215
6763
8870
4953
-1932
-6457
-1562
5185
99
-9378
-8364
-1362
-1503
-6490
-9000
-8209
-4343
180
-1830
-8849
-7623
2002
5122
-1853
-5756
-694
5003
5397
1587
-984
1538
7212
7104
1317
-640
3836
6769
5053
2645
1699
2614
5489
6423
3772
2476
5428
7460
2364
-6296
-6442
5976
11912
-1899
-17245
-12262
3237
9741
2722
-13323
-22617
-8116
13853
9021
-14353
-19715
-6253
4730
8035
4054
-9192
-12486
3804
15076
6787
-1664
-307
1257
5280
11682
8576
-1328
-1298
5096
5973
4300
2604
-1930
-3617
1404
2108
-4863
-8428
-5368
-3032
-3829
-5808
-8857
-9164
-3819
402
-3162
-8039
-5364
659
1764
-955
-1520
380
1845
2427
3051
3620
3978
3796
2966
2479
4444
6967
6264
2154
1130
4976
8408
6265
2518
2400
5816
8861
4311
-6791
-9438
5352
14146
-1200
-18976
-13876
2189
8723
2779
-13071
-24048
-10067
13054
8873
-14512
-19150
-6015
3516
6705
4633
-7116
-11048
3296
13388
6715
843
2054
884
3667
11699
10387
327
-1205
4115
5468
4863
3510
-1867
-4666
98
2245
-2643
-7154
-7953
-6408
-2787
-2545
-8732
-11875
-6283
-149
-1199
-5784
-6928
-2783
2021
2087
-698
-1136
1506
3463
4111
3992
3800
4018
4449
3775
3695
5893
6951
4077
1564
3548
6524
6010
3478
2484
3479
6033
5178
-3618
-10430
-453
12600
3276
-16283
-16533
-1210
6910
3780
-8286
-21325
-14635
8436
12026
-9008
-17967
-6985
1969
4851
6206
-1953
-9737
80
11510
7274
1889
4768
2492
-251
7734
12684
4342
-1940
1383
3846
4555
5098
316
-5924
-3132
2558
563
-4664
-7696
-8520
-5334
-238
-3419
-11447
-11134
-3140
706
-1866
-5296
-6045
-2436
3071
3983
-339
-2287
1304
4782
5100
4029
3152
2526
3694
5433
5645
4530
3751
3140
3141
4383
4882
3615
2423
2940
3667
4990
3405
-4672
-9870
457
11476
1196
-16013
-14430
-802
5389
2851
-7105
-18657
-13167
7159
11150
-6469
-14984
-6752
1257
5074
7112
55
-7885
-1481
8743
8610
4979
4180
-49
-1058
7324
12541
5290
-2602
-2145
2073
6011
6046
-744
-7154
-4107
2501
1902
-3694
-7924
-9189
-6602
-1272
-1225
-8485
-11808
-6112
79
21
-2822
-5363
-4588
1189
5906
2466
-2807
-147
5909
6641
3542
1956
2814
5454
7553
4726
530
2498
8129
6891
341
-1149
3663
6539
4417
966
143
1112
-1149
-5475
-2842
4768
1801
-10456
-13672
-4563
3274
3447
-4236
-15659
-14571
3184
12315
-1062
-13764
-9331
571
7130
9388
1489
-9363
-3982
10749
12419
3671
416
868
1767
7515
11291
3951
-3882
-1088
4285
4583
2441
-1187
-5179
-3606
1298
252
-5330
-7186
-5734
-5701
-5529
-4333
-4995
-7014
-6153
-3461
-2072
-1368
-620
-1382
-1915
863
3917
3558
2104
2768
3813
4008
4521
5249
5077
4421
3216
1820
2873
5831
5087
47
-2386
1005
5079
4514
25
-3350
-390
3501
-1212
-8989
-4370
5582
1572
-10483
-11543
-3216
3082
4678
-2531
-14770
-11658
7149
12373
-3020
-11833
-5361
2865
7989
8579
-954
-8360
687
11227
8067
2035
1902
417
578
7163
8905
655
-4354
-724
2581
2916
1797
-2475
-6140
-3199
675
-1657
-5503
-5770
-5585
-6669
-5321
-2447
-2766
-5652
-5669
-2709
-275
1070
1265
-745
-1992
1579
5990
5325
1817
1222
3139
4756
5741
5274
2602
1048
2580
3531
2196
1858
1834
-481
-1788
1518
3869
976
-2179
-354
2522
-364
-6678
-6192
2937
6341
-3281
-12729
-8668
2776
8810
2989
-10406
-14980
-837
13658
6993
-8751
-10713
-1414
6570
9466
4184
-6673
-6634
5691
11195
4449
-473
-597
-473
3073
7745
4320
-3038
-2900
1225
2186
1845
822
-3158
-5148
-1801
428
-1515
-3625
-5253
-7280
-5109
243
-306
-6623
-7600
-1871
1778
1109
-541
-2358
-1999
2689
5763
2420
-855
1565
4459
3620
2547
2656
2162
2132
2754
1387
-211
1682
3337
381
-2590
-382
2866
2317
113
-237
1497
1639
-2750
-6286
-205
7862
2375
-10010
-10352
495
7745
5887
-3967
-13674
-8200
8574
11528
-3353
-11608
-5335
2508
6447
6413
-1809
-8788
-1291
9019
6775
232
92
89
-183
4648
7612
1808
-3605
-1410
2194
3574
3070
-985
-5701
-3508
2307
2052
-3376
-6655
-5806
-3138
-660
-1732
-5584
-6462
-2320
489
-1029
-2091
-854
-346
-287
1561
2280
943
1076
3005
2870
1187
1574
3272
3265
1547
282
217
1533
3137
2218
-866
-1625
1513
3837
2715
636
386
2090
2045
-2203
-4897
1233
7185
706
-9582
-7890
1950
6786
3345
-5860
-12673
-5624
8200
7785
-5685
-10687
-4315
2135
5736
5205
-2829
-7772
-68
7723
5544
1861
993
-1899
-700
7555
9347
314
-4684
-297
3933
4465
2469
-2649
-5297
-378
3608
-999
-6181
-4941
-2364
-2768
-3655
-4285
-5074
-3706
-1111
-1934
-4406
-2594
1307
1232
-1102
-1189
583
2759
4453
2923
-873
-499
4587
6630
2556
-1110
-225
2238
3371
2997
931
-1444
-757
2768
4384
2243
-288
562
2652
593
-4245
-2902
4554
4890
-4547
-9924
-4142
3856
5918
138
-9630
-11301
588
9823
2403
-8941
-8821
-1703
4311
7050
2366
-6588
-5612
4672
8854
4147
165
-1463
-807
4882
8995
3831
-3000
-1775
2521
3851
3215
511
-3714
-3348
1089
1150
-3198
-4810
-3661
-4090
-4207
-2654
-2964
-5149
-4651
-2457
-2335
-2138
-199
-211
-1938
-642
2277
2643
1762
1660
1227
1380
3622
4706
2436
574
1343
2089
1788
2383
2405
446
-621
1588
3571
2677
1136
1146
2419
1338
-2939
-4190
2572
6835
-870
-10214
-7765
1420
6159
2919
-6854
-13449
-5060
8728
6950
-6624
-10821
-4168
2619
6467
4893
-4166
-7805
1840
9821
5755
-49
-361
537
3218
7438
5968
-484
-1993
1827
3672
2935
1239
-2192
-3713
-465
1430
-2255
-5329
-4245
-3669
-4655
-3939
-3225
-5094
-5484
-2820
-2058
-3100
-1394
222
-1408
-1073
2470
2803
553
1507
3506
2560
2103
3746
3865
2426
2353
2090
1040
2313
4292
2231
-1184
71
3516
3934
1912
1070
833
-1419
-3877
-1158
4608
3028
-5726
-10030
-5038
2543
6114
632
-11021
-13040
781
10738
2215
-9699
-9288
-1939
4650
7879
2465
-7232
-5173
6369
9619
3219
-431
-282
480
4592
8228
4020
-2507
-1376
3341
3998
1893
-332
-2679
-2525
469
357
-3403
-4842
-3487
-3513
-4278
-3705
-3766
-4548
-3677
-2139
-2568
-2678
-555
390
-894
-424
1924
2229
1418
2232
3205
2766
2356
2732
3163
3781
3328
958
-167
2459
4911
2583
-1138
-1008
2493
4609
3333
539
-2362
-4571
-2784
3700
5317
-3262
-10658
-6866
1108
4414
2061
-5793
-12383
-5996
7011
7012
-4787
-9520
-4459
1154
5355
6074
-1333
-7114
-369
8461
6929
1629
220
-442
906
6377
7940
1214
-3542
14
4434
3940
699
-2298
-3032
-519
1128
-1547
-4272
-3605
-2886
-4303
-4749
-3461
-2904
-3585
-4061
-3614
-2040
350
635
-1720
-2210
1439
4113
2421
53
669
3375
4817
3306
754
1113
3875
4436
1721
-250
1095
3200
3282
1247
24
1321
3756
3247
-1892
-6438
-2943
5583
5446
-5119
-11555
-5751
3223
5871
10
-10204
-12462
-574
9816
3614
-8045
-9034
-2554
3725
7214
3448
-5650
-5941
4133
9392
4774
-15
-849
378
4193
7049
3674
-1524
-1249
2119
3251
2300
-160
-2844
-2356
791
652
-2916
-4313
-2844
-2370
-3634
-4222
-3878
-2993
-2326
-2751
-3851
-2630
678
1313
-1301
-1923
875
2906
2602
1651
736
1077
3206
4358
2462
900
1763
2703
2446
2458
2313
1088
641
2074
3428
2932
1493
-789
-3725
-3252
2722
5693
-1525
-9606
-7268
669
4277
1901
-5026
-11070
-6449
5225
6980
-2898
-8395
-4720
332
4233
5517
-214
-6246
-1767
6625
6996
2451
430
-290
441
4606
6476
1661
-2787
-774
2869
3172
1232
-1128
-2788
-1767
466
29
-2710
-4173
-3671
-3161
-2797
-2520
-3089
-4223
-3633
-1643
-522
-738
-1040
-1146
-250
1826
2546
766
-110
1981
4031
3094
980
729
2845
4403
2868
-68
215
3651
5045
2229
-599
545
4237
4857
-1148
-7255
-3530
5860
5804
-4543
-10851
-6062
2646
6284
230
-10156
-11285
299
8201
1746
-7691
-7679
-1639
3523
5184
1347
-4286
-3144
3399
5932
3460
1356
249
-118
2569
5644
3655
-1024
-1802
968
2586
1857
76
-1833
-2290
-848
173
-1023
-3361
-4766
-3743
-1134
-254
-2699
-5190
-4153
-636
1430
72
-2620
-2613
812
3697
2729
-292
-933
1774
4315
3470
819
102
1949
3315
2493
1004
752
1730
2811
2731
1903
1734
2422
1577
-1647
-3602
-610
3457
1452
-4652
-6545
-2493
1901
2784
-934
-6651
-7080
-94
4722
900
-4609
-4928
-1850
1925
4678
2399
-3080
-3430
1846
4881
3396
1104
-909
-1413
1830
5026
2544
-2199
-2271
959
1889
437
-1020
-1903
-1776
-522
-891
-3442
-4279
-2061
-614
-2042
-3630
-3496
-1863
382
1093
-1399
-3257
-453
3531
3347
473
-526
1039
3222
3915
2377
657
1332
2715
2337
1507
2108
2237
1036
738
2215
3423
3130
2008
-456
-3159
-2391
2557
4107
-1658
-7418
-5512
494
3640
1471
-4534
-8280
-3919
3723
4113
-1762
-5069
-3688
-518
3415
4798
361
-4322
-2424
2815
4860
3281
83
-2786
-1734
2925
4893
963
-3486
-3138
281
1915
591
-1745
-3133
-2469
-943
-1315
-3392
-3451
-1312
-773
-2773
-3795
-1712
1371
1729
-1133
-2774
97
3976
3841
836
-418
1164
3479
4101
2444
718
1486
3084
2846
1905
1980
1700
657
902
2397
2812
1630
425
-973
-2500
-2025
1279
2215
-2016
-6442
-5587
-1076
2721
2120
-3786
-8310
-4229
3824
5035
-17
-3848
-3769
-286
5411
6825
534
-4420
-1155
4115
5159
3588
296
-3237
-1689
3640
3943
-1379
-4129
-2262
-517
-453
-1098
-2799
-4484
-4429
-3336
-2587
-1953
-2535
-4015
-4173
-1893
342
862
-182
-1412
-846
2044
4607
3362
499
497
3506
5322
4650
2915
1652
2110
3978
4481
2531
941
1583
2427
2209
1608
1338
372
-2070
-4342
-2807
1389
897
-4824
-7842
-4615
-720
1202
-98
-5088
-8054
-2525
4236
2906
-1543
-2447
-1450
972
6014
6856
1258
-1624
2058
5177
5134
4467
1729
-1596
-169
3974
3103
-1445
-3433
-2405
-1430
-1394
-2744
-5958
-7246
-4580
-2113
-4018
-6335
-5842
-3644
-1470
-435
-2182
-3603
-760
2871
2887
1231
1417
2555
4124
5557
5169
3384
3682
5416
5133
3751
3631
3478
2505
2644
2985
2123
1054
1538
1074
-2263
-5527
-3239
1406
-12
-6194
-8928
-6062
-1803
1643
-257
-7019
-9675
-2482
4672
3834
-1083
-4465
-4188
1888
9514
7906
-472
-2852
2602
7216
8329
5752
-557
-3253
2237
7137
3644
-2121
-3801
-2620
-1234
-1617
-5049
-7606
-5302
-3224
-5861
-8455
-5985
-2342
-1890
-3774
-5057
-3500
818
3606
1317
-1769
-17
4746
6556
4701
2766
3302
5608
7247
5999
3541
3345
5503
5823
4031
2910
2957
2172
-78
-2434
-2683
318
1151
-3009
-7708
-6783
-3030
-161
-988
-5718
-9489
-6031
653
1491
-1709
-3720
-3860
-2055
3752
6755
2527
-1554
612
4068
5651
6662
4307
-350
-310
4481
5668
2279
-906
-2325
-2573
-1448
-1028
-2939
-4654
-4943
-5220
-5626
-4105
-2436
-3095
-4954
-4939
-3028
-361
1403
449
-1671
-819
3027
5109
4010
2829
3454
4244
4477
4982
5047
3916
2764
2826
3212
3739
3569
299
-4047
-3243
2398
3474
-2153
-7456
-6757
-2117
2684
1977
-5121
-9848
-4788
2951
3560
-403
-3599
-4428
-1126
5446
6343
450
-2554
173
2346
3464
4980
2724
-2057
-1915
2123
2576
147
-880
-2027
-3571
-2231
150
-1278
-3643
-3486
-3038
-3109
-1211
-108
-2215
-3199
-1218
-49
-121
1187
1837
776
901
2772
3334
3259
3790
3027
1268
2391
4895
4144
1688
1240
1936
1173
-763
-2607
-2067
-129
-346
-3638
-6315
-5698
-2031
1356
-638
-6108
-7175
-1814
2515
2690
643
-2232
-3164
2229
8721
7024
1033
37
2574
4249
6523
6513
862
-3338
-166
2817
189
-2675
-3036
-4114
-4935
-3601
-3321
-4669
-4275
-3568
-5194
-5190
-1588
222
-1355
-1851
-463
769
2660
4579
3812
2234
3399
5468
5527
5019
5131
4520
3593
3793
3882
3204
2017
-712
-3958
-3072
542
98
-4763
-8265
-7788
-4457
-612
-1428
-6982
-9693
-5120
119
1151
-387
-2665
-4218
-785
5887
7355
3134
397
1487
3999
7466
8195
3485
-712
1422
4739
3993
1680
-222
-2122
-2296
-622
-1230
-3387
-3270
-2501
-4363
-5491
-3562
-1951
-2300
-2656
-2933
-3052
-556
2928
3040
595
371
2720
5062
6017
5113
3070
2787
4964
5303
2186
-4
1433
2531
892
-1576
-3421
-4288
-2562
-250
-2145
-6468
-7123
-4122
-2255
-2044
-2608
-4392
-5342
-2111
2043
2108
-97
-794
-406
953
3917
5079
1901
-1336
-547
2138
3468
2895
554
-1948
-1547
1239
2243
617
-1047
-1924
-1921
-97
1760
818
-1034
-629
865
1448
1802
2090
1796
1624
2201
2508
2668
3150
2934
1830
900
-264
-1557
-677
1325
222
-3302
-5026
-4295
-2494
-279
-515
-4365
-6699
-3947
-199
805
87
-1719
-3656
-1985
2914
4789
2412
260
-147
581
3477
5550
2434
-2140
-1977
436
783
269
-728
-3245
-4192
-1767
-476
-1971
-2722
-2120
-2466
-2264
-219
1208
745
568
1150
1763
2947
4477
4116
2805
3006
4207
4676
4677
4094
2881
2142
1110
-567
-506
1431
657
-2813
-5060
-4767
-3076
-802
-1063
-4961
-7267
-4427
-591
84
-925
-2249
-3331
-1700
2216
3435
1252
34
359
709
1909
3078
1598
-580
-402
460
195
-280
-424
-940
-1398
-1602
-1789
-1570
-795
-646
-1524
-1832
-926
174
871
1286
1073
967
2042
3106
2881
2553
3131
3359
3009
2863
3114
2824
1316
-653
-944
447
806
-727
-2857
-4264
-3976
-1632
-242
-2138
-4712
-4450
-2224
-455
457
30
-1711
-2222
298
3051
3295
2095
825
43
933
3020
3071
780
-1099
-1346
-819
-204
-423
-1773
-2859
-2942
-2561
-2442
-1966
-1501
-1680
-2108
-1520
-114
1007
1802
2196
2055
2136
3182
4511
4823
4390
3989
3991
4057
3893
2769
933
-85
335
498
-1003
-2884
-4220
-4647
-3879
-2758
-3423
-5412
-6018
-4833
-3140
-1563
-932
-1958
-2609
-668
2069
3362
3456
2767
1590
1946
4247
5314
3567
1261
481
825
1409
1207
-468
-2416
-2665
-1697
-1674
-2742
-3287
-2912
-2403
-2049
-1722
-1308
-550
322
870
1152
1780
2730
3381
3503
3683
4085
4110
3563
2556
1537
1225
1647
1422
-79
-1809
-2532
-2128
-1431
-1689
-3164
-4537
-4396
-3017
-1782
-1697
-2398
-2818
-2009
-425
838
768
-152
-451
539
1731
1647
758
79
489
1123
1141
243
-323
-6
551
428
-269
-598
-293
353
629
448
265
756
1552
1875
1679
1607
1806
2238
2365
2146
1894
2035
1822
815
-373
-784
-429
-493
-1385
-2712
-3419
-3206
-2359
-2139
-2795
-3263
-3001
-2386
-1691
-741
-299
-458
-424
387
1285
1789
1826
1522
1222
1225
1429
1208
779
582
681
150
-840
-1335
-658
5
-531
-1790
-2197
-1394
-293
134
-437
-1036
-455
994
1650
1418
1368
1674
2113
2640
3134
3114
2811
2572
2362
1815
997
656
531
-125
-1240
-1753
-1928
-2092
-2037
-1928
-2355
-2814
-2499
-2080
-2007
-1790
-1118
-870
-1060
-1078
-753
-132
497
566
-218
-831
-585
431
1101
459
-1036
-1487
-367
641
418
-447
-600
-100
610
789
555
430
1152
2104
2032
1681
1835
2562
2811
2839
2395
2089
2175
2486
2136
945
90
-164
-244
-1118
-1827
-2256
-2498
-2931
-3029
-2833
-2601
-2373
-2313
-2163
-2038
-1254
-277
224
-100
234
1141
1210
687
683
1058
958
1057
726
-205
-881
-274
292
-160
-1051
-1565
-1461
-922
-77
-93
-879
-1103
-161
829
1468
1886
1524
985
1657
3182
3684
2799
1742
1572
2340
2812
1924
83
-777
10
603
-549
-2315
-2789
-2365
-1913
-1956
-2480
-3131
-2789
-1620
-901
-1118
-1361
-821
-389
-385
-251
443
645
392
64
36
364
797
662
-171
-686
-452
194
86
-562
-857
-474
-142
-4
126
3
34
492
1006
1082
1170
1364
1610
1946
2284
2198
1739
1599
1739
1740
1476
1130
494
73
199
117
-625
-1084
-839
-795
-1095
-1374
-1500
-1516
-1130
-793
-1033
-1460
-1458
-1207
-1232
-1397
-1436
-1213
-1059
-1058
-1231
-1257
-856
-283
-165
-555
-710
-400
215
602
508
318
623
1063
1342
1794
2181
1946
1655
2085
2546
2388
2081
1951
1499
942
977
1147
593
-247
-594
-751
-1036
-1196
-1384
-1853
-2132
-1667
-1146
-1259
-1683
-1552
-883
-406
-436
-604
-579
-276
275
489
104
-183
224
542
273
-124
-318
-388
-160
149
-72
-541
-594
-260
47
135
39
-48
236
798
1065
967
970
1201
1370
1524
1554
1261
887
767
580
336
320
85
-628
-1204
-1139
-842
-695
-1066
-1824
-2156
-1429
-408
-217
-701
-973
-500
404
1062
977
561
605
1134
1535
1402
1028
776
995
1303
935
80
-311
-140
-213
-709
-1283
-1671
-1684
-1280
-1168
-1780
-2348
-1946
-1144
-864
-1040
-1118
-808
-196
475
670
641
868
1578
2090
2158
1956
1887
1962
2008
1962
1690
1398
1072
692
266
58
-209
-708
-1184
-1438
-1650
-1902
-1949
-1911
-2007
-2158
-2228
-2147
-1657
-856
-577
-920
-849
179
1212
1527
1427
1453
1800
2470
2882
2553
1946
1877
2134
2114
1675
1240
836
272
-223
-460
-573
-873
-1226
-1770
-2192
-2114
-1619
-1539
-2028
-2406
-2148
-1641
-1347
-1188
-1123
-1057
-742
-239
-4
57
310
605
855
1028
1021
968
1321
1822
1695
1052
730
1134
1606
1460
796
237
299
928
1358
877
98
17
501
665
352
-67
-342
-317
-228
-359
-825
-1071
-886
-652
-838
-1210
-1413
-1305
-945
-817
-1146
-1551
-1342
-760
-352
-474
-796
-764
-177
481
535
163
82
651
1227
1288
912
757
971
1223
1171
777
431
423
625
520
68
-351
-435
-337
-353
-554
-910
-1093
-919
-624
-599
-717
-607
-296
85
324
368
401
698
1006
1079
1202
1548
1769
1516
1146
1113
1416
1458
872
84
-390
-409
-295
-597
-1688
-2624
-2382
-1615
-1732
-2710
-3233
-2794
-1951
-1513
-1623
-1760
-1166
-123
469
568
898
1595
2138
2333
2409
2567
2696
2738
2638
2359
1980
1764
1633
1316
747
112
-374
-649
-764
-1087
-1636
-2046
-2031
-1818
-1647
-1622
-1790
-1690
-1130
-484
-378
-445
-327
171
834
1271
1090
608
674
1231
1558
1132
510
139
109
196
124
-317
-927
-1188
-1178
-1120
-1080
-1026
-1236
-1578
-1486
-934
-470
-381
-341
-335
-106
602
1558
2034
1815
1555
1753
2271
2509
2299
1715
1223
1082
1127
857
107
-500
-635
-552
-809
-1253
-1579
-1746
-1718
-1533
-1505
-1938
-2149
-1668
-903
-600
-781
-797
-368
336
814
907
699
696
1125
1512
1447
1141
924
732
702
705
424
34
-43
-208
-642
-764
-488
-620
-1224
-1500
-1218
-843
-661
-674
-882
-877
-316
444
564
181
140
635
1103
1266
1167
838
644
988
1446
1288
774
616
749
744
606
365
40
-44
39
-153
-608
-785
-655
-679
-932
-1109
-1099
-1066
-1070
-1121
-1118
-989
-751
-607
-601
-589
-388
-135
48
169
225
254
355
664
893
853
680
703
844
930
880
707
549
628
845
697
247
27
110
-6
-215
-313
-500
-723
-603
-377
-502
-646
-395
-125
-160
-142
95
227
229
335
380
302
387
614
552
271
223
292
279
174
13
-276
-360
-246
-354
-681
-785
-697
-786
-957
-1005
-941
-792
-650
-766
-1015
-852
-220
199
100
-140
-112
302
922
1161
774
419
705
1248
1381
1089
815
715
777
904
884
672
549
495
307
203
271
204
-116
-339
-399
-515
-618
-557
-594
-862
-987
-853
-707
-646
-596
-659
-790
-683
-292
70
90
-181
-350
-85
393
609
349
9
1
319
644
544
62
-312
-160
150
124
-241
-601
-723
-653
-448
-345
-576
-1008
-1020
-461
74
87
-155
-161
318
1047
1349
1092
882
1194
1706
1927
1749
1478
1325
1325
1415
1356
853
166
-179
-163
-237
-625
-1270
-1768
-1810
-1593
-1626
-2018
-2394
-2405
-2020
-1584
-1460
-1634
-1547
-923
-185
97
117
275
641
1009
1202
1219
1293
1519
1620
1496
1399
1525
1667
1552
1152
764
688
831
860
540
2
-310
-102
172
-79
-631
-807
-550
-363
-492
-844
-1048
-777
-321
-448
-1013
-1010
-384
-61
-325
-641
-599
-256
85
27
-270
-218
248
499
198
-231
-158
411
585
-5
-575
-390
64
93
-233
-611
-803
-567
-156
-215
-644
-639
-164
36
-56
24
227
377
598
717
610
631
1019
1326
1189
1001
1095
1331
1467
1453
1174
793
720
928
940
524
52
-153
-105
-88
-338
-779
-1087
-1123
-1095
-1202
-1495
-1734
-1701
-1516
-1616
-1878
-1840
-1549
-1370
-1294
-1222
-1194
-923
-292
123
7
36
561
1094
1326
1412
1399
1424
1662
1922
1823
1514
1403
1431
1323
994
689
537
394
4
-468
-648
-567
-548
-831
-1141
-1171
-913
-705
-681
-681
-628
-454
-168
97
172
269
436
454
404
562
720
657
556
478
344
238
220
84
-164
-332
-468
-618
-648
-601
-667
-765
-685
-564
-471
-271
-83
-113
-126
69
304
450
515
448
414
614
820
746
517
391
313
263
171
24
-149
-215
-280
-454
-559
-447
-375
-539
-725
-699
-462
-244
-210
-338
-356
-60
386
507
218
3
256
689
710
295
-33
96
408
391
-33
-422
-393
-149
-136
-427
-670
-621
-425
-288
-362
-430
-278
-22
54
44
180
386
568
612
560
514
683
933
905
617
536
743
861
724
424
124
-8
112
158
-178
-645
-805
-667
-614
-758
-1005
-1224
-1207
-927
-723
-846
-1010
-897
-548
-227
-106
-122
-66
150
419
581
634
710
779
793
821
951
1041
936
714
600
549
504
468
293
-79
-366
-357
-235
-286
-496
-749
-861
-643
-268
-204
-497
-606
-363
-48
137
172
41
-16
210
446
373
189
212
273
221
174
137
58
-2
-32
-138
-194
-58
59
-28
-131
-21
112
137
186
269
317
325
352
336
339
376
324
148
46
73
57
-112
-324
-468
-566
-597
-636
-801
-1019
-1010
-776
-609
-684
-782
-646
-319
-25
92
111
154
363
635
817
804
759
814
883
893
812
671
485
349
219
38
-145
-277
-440
-643
-668
-509
-406
-546
-739
-677
-335
-55
-136
-333
-291
36
350
412
254
209
442
674
690
582
545
524
474
397
316
178
55
-24
-118
-233
-327
-360
-369
-439
-599
-642
-490
-373
-454
-542
-557
-489
-262
-47
-171
-407
-264
127
222
-12
-140
28
307
507
469
253
217
528
744
627
486
533
633
674
643
518
494
593
539
205
-15
80
160
-49
-366
-593
-642
-493
-439
-809
-1219
-1142
-830
-761
-908
-1011
-986
-726
-302
-144
-327
-348
11
438
657
646
545
603
946
1260
1195
861
744
909
1049
936
630
304
220
345
254
-190
-583
-577
-452
-555
-868
-1080
-1030
-801
-697
-816
-891
-686
-301
-80
-90
-153
32
413
613
545
442
525
688
806
735
506
362
441
494
245
-8
-57
-80
-193
-328
-477
-601
-560
-526
-680
-790
-606
-433
-521
-579
-361
-45
131
143
172
345
620
778
716
645
736
859
847
714
587
553
491
311
29
-152
-196
-269
-504
-785
-869
-755
-696
-814
-949
-914
-728
-571
-521
-466
-288
-89
18
150
381
513
464
487
657
679
518
445
486
454
376
273
98
-55
-60
-48
-174
-343
-359
-231
-139
-135
-174
-101
92
265
290
244
290
408
524
540
489
426
397
408
377
202
-41
-83
-21
-128
-428
-666
-686
-565
-490
-675
-965
-950
-631
-433
-534
-700
-684
-420
-107
11
-56
2
301
528
538
567
716
813
823
748
654
661
715
640
384
114
7
12
-68
-262
-450
-575
-643
-604
-561
-666
-761
-622
-395
-352
-410
-288
-37
158
262
274
279
456
761
844
646
523
616
730
675
437
170
55
131
125
-176
-544
-628
-506
-499
-716
-960
-984
-758
-537
-598
-758
-650
-280
-38
9
38
170
387
663
806
771
747
848
997
1042
914
696
586
620
594
364
58
-143
-222
-264
-375
-590
-772
-782
-712
-785
-871
-784
-648
-629
-574
-394
-245
-183
-87
18
103
272
414
344
226
331
490
427
242
167
170
169
204
163
-12
-133
-65
33
20
-44
-56
-21
34
118
201
242
212
206
252
301
314
283
233
155
124
119
87
15
-20
-58
-156
-266
-291
-305
-438
-537
-477
-352
-326
-354
-414
-408
-247
-40
9
-101
-168
-67
145
313
333
167
23
62
205
258
185
74
5
4
47
81
70
50
42
28
-56
-144
-139
5
161
131
-80
-176
91
497
632
364
61
124
508
741
517
57
-205
-16
314
288
-157
-517
-457
-207
-143
-390
-678
-704
-536
-470
-520
-541
-513
-441
-286
-153
-111
-39
60
74
70
164
331
390
283
138
147
345
489
396
180
57
133
303
345
157
-87
-103
99
265
201
58
-22
28
135
159
76
10
3
-14
-26
-3
-13
-133
-225
-215
-157
-196
-277
-323
-315
-299
-256
-189
-180
-190
-128
-19
28
52
110
167
219
320
402
363
225
199
318
348
166
-10
-29
4
-22
-125
-250
-363
-389
-350
-373
-462
-439
-310
-223
-165
-80
-2
43
146
313
444
462
435
483
599
679
610
467
368
347
363
270
78
-139
-277
-341
-394
-502
-638
-766
-826
-745
-614
-589
-650
-566
-337
-143
-56
-7
137
373
508
474
432
563
760
820
658
439
364
506
627
423
16
-205
-97
27
-66
-346
-542
-524
-371
-293
-334
-396
-419
-360
-257
-161
-89
-24
1
17
86
190
246
262
249
221
183
217
277
187
-27
-128
-39
70
20
-188
-376
-365
-220
-124
-226
-395
-413
-237
-38
2
-108
-173
-37
167
275
211
92
106
279
416
365
213
153
269
432
424
265
121
126
208
202
75
-68
-106
-85
-136
-285
-366
-284
-255
-401
-539
-487
-289
-152
-193
-333
-342
-141
97
136
22
13
139
265
302
268
213
226
290
286
212
187
234
243
175
68
-39
-76
-29
-83
-267
-367
-307
-224
-225
-307
-384
-326
-139
-44
-121
-166
-24
180
266
198
138
244
407
424
298
253
323
412
381
210
46
70
206
166
-105
-356
-353
-180
-131
-366
-631
-655
-464
-301
-314
-455
-528
-365
-103
31
-12
-71
-17
162
332
393
336
342
511
703
687
511
447
530
558
451
317
197
130
121
64
-89
-177
-143
-173
-376
-561
-530
-407
-436
-576
-620
-515
-360
-271
-285
-310
-222
-64
44
52
30
81
196
273
301
301
267
240
266
295
259
195
169
143
69
29
74
70
-73
-197
-156
-28
12
-104
-287
-322
-129
24
-78
-295
-312
-90
114
105
-63
-117
58
305
314
160
63
157
353
426
312
176
196
266
241
144
53
-60
-164
-186
-211
-303
-365
-437
-538
-577
-501
-462
-519
-562
-521
-447
-358
-255
-196
-132
5
176
306
404
491
572
653
739
825
839
786
779
818
786
652
514
421
358
268
118
-94
-264
-349
-399
-496
-637
-759
-794
-733
-710
-732
-741
-668
-565
-426
-310
-248
-190
-73
83
164
162
166
242
361
424
372
269
191
220
283
249
98
-43
-80
-78
-103
-183
-262
-276
-212
-174
-164
-123
-42
45
113
169
194
250
368
435
394
371
408
411
373
340
282
196
133
107
71
16
-39
-91
-147
-236
-328
-331
-242
-219
-316
-417
-399
-290
-200
-182
-256
-303
-242
-126
-68
-97
-166
-187
-133
-59
-27
-56
-85
-50
37
85
71
57
86
159
221
285
319
318
364
454
472
410
401
442
419
339
276
221
140
94
40
-101
-222
-224
-224
-346
-464
-473
-452
-478
-492
-497
-514
-466
-318
-218
-207
-159
-62
-4
63
156
183
181
219
294
320
327
313
278
240
259
267
175
78
17
-1
-19
-31
-96
-210
-230
-138
-74
-124
-190
-161
-84
2
44
52
62
148
238
218
154
177
235
213
146
82
19
8
21
-43
-182
-242
-167
-137
-213
-310
-312
-288
-282
-268
-225
-188
-151
-116
-116
-49
98
193
135
58
116
244
308
288
225
193
274
370
326
184
148
201
209
128
48
13
16
53
72
-27
-200
-232
-61
45
-90
-288
-319
-128
76
81
-112
-241
-143
39
102
-18
-152
-146
-17
60
39
-30
-68
-58
-42
-46
-101
-137
-143
-173
-255
-265
-173
-117
-200
-271
-172
-19
41
-8
-52
-1
167
324
325
222
163
273
468
530
360
161
160
274
317
207
12
-102
-73
-34
-86
-208
-301
-305
-277
-287
-299
-268
-217
-208
-225
-202
-135
-55
46
97
53
61
199
340
314
205
160
221
310
300
163
12
0
76
58
-79
-185
-196
-134
-104
-158
-210
-207
-176
-160
-171
-145
-59
15
11
-26
9
95
130
96
72
62
53
74
86
60
29
20
10
38
79
67
-22
-67
-20
37
55
39
26
31
94
137
147
139
125
98
102
125
129
99
50
-4
-59
-59
-9
-40
-222
-335
-248
-130
-158
-262
-332
-310
-162
-21
-58
-192
-150
47
182
143
53
44
173
346
364
203
77
166
315
302
141
-1
-36
14
24
-92
-248
-287
-236
-236
-327
-392
-350
-275
-252
-291
-262
-155
-49
-17
-11
24
110
211
253
261
299
368
371
306
254
287
312
227
70
13
82
108
-20
-184
-225
-207
-209
-272
-345
-362
-320
-258
-212
-161
-108
-45
36
158
272
293
261
317
472
525
434
325
329
405
386
226
52
-29
-42
-52
-157
-323
-461
-472
-410
-383
-450
-535
-509
-408
-329
-301
-258
-165
-80
-30
8
94
237
305
251
203
289
396
395
271
135
105
155
159
58
-77
-124
-99
-76
-97
-169
-223
-168
-92
-83
-104
-67
36
105
150
178
223
256
293
344
382
349
270
253
258
245
197
123
13
-101
-131
-110
-130
-239
-348
-392
-386
-329
-316
-410
-509
-481
-359
-251
-202
-247
-308
-216
-13
72
22
44
145
210
235
245
232
249
314
339
283
217
219
268
236
148
114
110
65
35
23
-22
-21
26
1
-88
-112
-54
-40
-55
-59
-80
-77
-46
-47
-86
-56
8
3
-59
-108
-116
-50
44
13
-111
-149
-60
30
27
-55
-146
-139
-52
-21
-61
-64
-24
0
1
-2
7
22
36
45
29
15
32
80
97
43
7
27
53
44
38
6
-57
-64
8
48
20
-34
-55
-19
21
50
63
43
12
40
73
85
86
76
44
53
99
113
75
15
-30
-54
-22
2
-44
-133
-186
-177
-135
-132
-187
-212
-164
-99
-59
-49
-57
-34
42
128
171
158
163
221
300
335
291
200
187
232
239
168
75
4
-59
-80
-102
-150
-220
-266
-321
-360
-315
-244
-267
-317
-286
-216
-140
-59
7
14
12
84
188
254
248
221
222
281
339
306
237
179
165
153
118
44
-63
-142
-149
-125
-154
-223
-270
-260
-228
-168
-118
-120
-128
-80
-2
81
132
125
120
133
153
175
195
179
149
108
37
29
71
33
-123
-227
-176
-110
-170
-276
-296
-236
-160
-147
-202
-198
-60
67
47
-23
-12
111
227
201
111
99
184
252
246
190
133
105
117
126
78
0
-25
-36
-43
-55
-79
-122
-128
-65
-27
-89
-142
-82
-26
-4
-15
-46
-69
-41
32
38
-37
-70
-10
66
69
30
15
53
108
118
87
88
152
198
179
127
96
114
151
119
-8
-96
-84
-57
-99
-161
-202
-223
-258
-273
-245
-238
-243
-223
-174
-120
-97
-90
-78
-8
61
87
110
159
236
260
263
269
281
283
256
183
100
78
66
-9
-141
-217
-200
-168
-206
-297
-354
-338
-260
-195
-210
-235
-189
-67
45
77
86
148
243
262
211
171
230
341
350
256
200
266
328
279
132
33
45
85
11
-140
-224
-198
-102
-105
-211
-288
-223
-151
-172
-226
-243
-202
-124
-75
-77
-44
16
47
41
78
118
100
62
58
62
58
93
87
25
-12
38
93
96
45
-45
-94
-42
47
15
-76
-86
-18
33
20
-30
-48
-19
5
-7
-29
-40
-2
65
42
-50
-62
30
103
52
-42
-70
-5
82
122
80
38
66
116
130
107
93
56
16
-24
-15
14
-13
-81
-109
-96
-58
-49
-115
-177
-180
-123
-90
-98
-135
-163
-121
-21
35
14
3
28
84
163
193
174
136
133
177
219
198
142
131
159
150
78
12
-17
-43
-84
-152
-212
-224
-193
-164
-185
-244
-257
-168
-81
-92
-128
-79
25
98
112
105
100
166
254
240
158
129
179
229
204
119
45
8
-11
-7
-52
-163
-222
-200
-189
-220
-259
-290
-246
-154
-127
-175
-149
-19
79
97
87
98
174
279
265
192
195
233
215
124
44
7
-4
-16
-63
-151
-207
-177
-141
-187
-261
-321
-292
-173
-122
-191
-286
-226
-49
107
115
37
61
195
327
335
282
241
279
344
345
265
194
205
214
187
98
4
-21
-49
-92
-122
-139
-180
-246
-273
-229
-159
-131
-166
-212
-206
-129
-63
-82
-120
-102
-55
14
61
77
49
46
73
79
62
52
50
23
23
77
120
82
60
92
125
94
43
-6
-16
18
52
43
9
17
59
82
58
35
22
17
6
-26
-56
-55
-34
-24
-16
-23
-42
-47
-45
-44
-36
-67
-61
-4
51
58
19
4
47
124
124
57
-11
-21
22
73
76
21
-52
-87
-30
31
-7
-147
-230
-162
-62
-46
-109
-176
-188
-135
-59
-45
-81
-94
-57
-18
40
105
110
90
96
130
159
182
175
135
115
113
117
105
61
-9
-52
-28
-14
-62
-147
-166
-111
-86
-139
-212
-239
-208
-137
-79
-106
-148
-93
13
81
114
124
154
213
250
254
225
224
239
217
171
164
188
143
60
16
34
28
-52
-169
-240
-235
-230
-271
-360
-405
-352
-234
-160
-177
-206
-159
-38
78
119
91
80
155
265
306
296
242
200
216
233
187
100
61
63
50
-10
-74
-118
-132
-120
-121
-165
-192
-188
-180
-172
-164
-147
-103
-67
-24
26
78
121
136
143
144
134
139
165
189
182
143
130
121
119
75
3
-61
-106
-130
-126
-94
-118
-201
-241
-174
-109
-129
-178
-174
-153
-95
-28
-14
-27
6
88
137
122
97
120
153
206
246
223
165
137
160
210
190
79
-11
-25
-3
3
-61
-174
-228
-160
-71
-55
-118
-197
-195
-91
-11
-68
-153
-148
-62
-11
-28
-64
-25
36
36
16
13
34
51
33
-26
-52
-29
2
-10
-40
-48
-20
16
25
8
-10
-9
6
19
38
49
55
54
52
87
139
150
132
100
77
73
69
67
47
-5
-53
-46
-2
14
-19
-62
-77
-47
15
35
-22
-83
-78
-23
-9
-34
-89
-107
-53
13
16
-33
-35
4
18
3
-3
2
31
56
31
4
10
19
8
-31
-53
-22
15
18
-2
-17
-10
55
88
66
13
-7
19
39
34
-10
-11
14
15
-1
17
41
48
33
-4
-3
16
29
19
8
6
22
23
-18
-30
-13
11
34
7
-43
-37
16
30
-12
-40
-49
-41
-41
-51
-48
-21
-31
-68
-76
-53
-31
-43
-51
-39
5
44
41
31
40
37
29
44
25
-13
-19
-5
-20
-31
-31
-27
-34
-67
-77
-82
-71
-66
-89
-93
-63
-28
-11
18
26
-6
-1
54
68
42
14
16
46
82
66
21
22
82
107
55
0
5
43
37
14
8
4
-17
-13
-12
-42
-60
-34
-27
-39
-31
6
43
72
75
49
43
58
86
70
25
17
48
76
63
27
-8
-11
9
22
4
-55
-111
-117
-72
-20
-39
-93
-125
-84
-20
-27
-95
-141
-114
-55
-1
-15
-50
-26
48
70
57
60
64
53
58
80
78
66
79
100
100
101
82
42
23
49
71
31
-36
-65
-27
29
18
-51
-69
-23
24
5
-69
-90
-56
-34
-65
-72
-28
43
82
30
-33
1
75
88
56
17
17
61
100
103
71
37
26
39
33
-26
-88
-107
-76
-76
-120
-144
-105
-34
-4
-27
-61
-62
-51
-53
-93
-123
-134
-130
-65
-11
-22
-40
10
74
65
22
28
88
119
89
63
101
176
184
115
52
56
94
90
33
-43
-81
-32
-2
-24
-92
-115
-65
-28
-74
-169
-194
-149
-77
-73
-75
-57
-11
34
54
75
97
107
96
97
105
124
143
118
49
20
26
25
26
-5
-76
-114
-77
-32
-44
-94
-130
-128
-89
-59
-70
-103
-89
-46
-23
6
48
70
70
69
93
117
71
32
61
116
155
135
77
47
87
95
43
-8
-30
-15
-11
-43
-87
-97
-66
-49
-54
-76
-74
-33
2
-13
-31
-29
-37
-25
-9
-7
-33
-58
-60
-55
-49
-41
-29
-18
-8
-13
-28
-25
-17
-18
-14
-18
-24
-8
12
35
37
47
54
43
54
87
87
78
76
62
45
67
80
32
6
36
80
71
21
-32
-47
-33
-40
-80
-117
-80
-31
-12
-29
-18
29
32
0
-7
25
40
25
4
13
37
63
64
41
-13
-38
-11
23
4
-35
-58
-54
-13
35
55
3
-67
-41
18
16
-22
-43
-34
-5
30
25
20
11
3
11
15
4
-23
-54
-91
-109
-102
-74
-57
-48
-43
-14
12
7
-5
9
11
6
26
65
94
103
98
107
134
126
103
64
39
82
114
81
14
-27
-12
14
-5
-68
-118
-83
-26
-53
-127
-150
-98
-58
-92
-142
-155
-112
-65
-53
-72
-77
-35
13
48
71
77
66
90
114
92
75
82
96
82
66
63
62
62
56
48
32
9
-36
-57
-25
8
-43
-109
-98
-39
-11
-37
-85
-105
-62
-20
-29
-78
-89
-38
-4
-16
-38
-42
-9
52
76
44
15
29
78
114
78
23
24
54
55
35
14
23
45
36
-15
-52
-12
8
-60
-126
-96
-37
-45
-103
-140
-111
-62
-63
-84
-63
-25
21
45
66
66
64
73
92
103
98
78
71
98
97
60
-2
-18
-8
2
-35
-97
-128
-106
-85
-110
-132
-110
-100
-106
-103
-102
-86
-36
18
39
70
139
205
240
234
191
146
139
114
109
123
120
135
145
136
109
85
60
29
-4
-47
-90
-115
-112
-121
-125
-122
-96
-70
-69
-69
-91
-93
-82
-65
-31
27
32
-9
3
66
106
52
2
-20
-39
-23
-36
-76
-114
-91
-20
38
16
-15
-8
18
27
-7
-55
-55
-7
22
8
-4
25
55
74
50
-5
-3
26
21
17
-14
-49
-23
43
35
-20
-44
-38
-14
-15
-36
-61
-37
-15
-16
-29
-21
-4
-20
-23
-7
9
17
50
52
45
31
28
47
66
53
13
2
17
50
24
-19
-38
-32
-27
-27
-31
-29
-34
-40
-10
12
-5
-41
-56
-60
-58
-67
-40
-6
-21
-40
-18
25
52
23
-17
-4
29
21
-35
-77
-50
26
61
7
-49
-10
58
71
29
-31
-40
1
47
51
31
40
50
51
25
9
5
5
-9
-26
-28
-17
-18
-42
-24
21
50
42
8
5
26
41
15
-11
26
58
36
17
38
60
40
16
0
19
25
-15
-45
-32
0
7
-24
-76
-83
-50
-25
-52
-90
-104
-60
-6
-21
-52
-41
-10
26
69
114
112
101
123
142
143
114
79
48
38
50
52
38
23
40
31
-5
-24
-39
-62
-79
-76
-87
-99
-105
-112
-122
-109
-76
-41
-19
-24
0
24
49
64
36
10
13
49
87
92
50
15
34
55
53
21
-37
-85
-68
-49
-65
-85
-88
-43
-16
-36
-119
-148
-103
-78
-113
-139
-106
-64
-23
-12
-10
-5
17
30
34
57
93
121
117
108
89
94
127
138
74
13
2
28
47
15
-36
-37
34
78
53
-10
-17
7
-6
-64
-94
-56
11
6
-30
-21
9
7
-44
-93
-115
-96
-71
-47
-62
-64
-25
25
39
35
55
57
45
57
62
38
-7
3
34
37
61
76
49
12
-11
12
71
49
-46
-97
-46
26
25
-24
-62
-53
-1
29
39
21
-2
0
37
98
97
56
35
50
50
33
16
34
47
12
-3
-23
-32
-33
-70
-79
-68
-93
-93
-64
-39
-40
-70
-80
-42
-30
-54
-34
18
41
38
32
45
84
125
113
48
26
64
106
106
69
54
80
96
76
30
-10
-38
-47
-58
-57
-58
-87
-99
-82
-71
-66
-72
-79
-41
-10
-43
-72
-59
-40
-6
-2
-34
-40
-7
21
2
-22
-4
18
20
7
-12
17
66
51
9
11
9
21
7
-11
-35
-43
-46
-42
-43
-43
-1
27
31
1
-7
2
5
5
4
-6
0
7
12
-7
-15
-2
3
7
-1
-31
-39
21
72
88
51
2
11
62
77
48
-6
-32
14
29
9
-12
-21
-2
29
29
16
25
54
72
48
-1
-31
-1
32
-7
-90
-111
-37
15
-20
-66
-67
-4
60
38
-37
-53
-18
-2
-10
-52
-107
-94
-38
-13
3
-3
2
21
31
34
36
51
26
-16
-29
6
30
22
1
4
44
80
76
3
-50
-72
-53
-33
-38
-54
-33
31
56
48
50
73
68
63
89
94
77
54
49
76
138
132
52
-9
-23
9
6
-57
-137
-125
-70
-57
-83
-88
-69
-70
-74
-93
-96
-105
-117
-114
-86
-62
-36
-3
14
38
56
34
11
13
27
54
74
69
56
76
105
116
99
45
25
23
31
32
12