0
0
-9
-26
-34
-24
-6
-9
-8
-1
11
18
13
7
9
11
0
1
-3
-4
-6
6
2
-1
-9
3
5
-10
-17
-11
-9
-18
-14
-13
-9
-4
-4
-7
-7
-10
-9
-1
-1
-6
0
12
8
3
8
1
13
15
7
1
8
6
-1
0
-13
-8
2
1
-10
-11
-9
-10
-12
-23
-26
-13
-4
-6
-10
2
6
11
16
9
8
19
27
17
12
19
20
16
13
12
8
15
12
8
9
9
5
5
6
1
2
3
3
-4
4
4
-2
-4
2
1
-8
-4
2
4
8
9
5
9
4
1
-3
-15
-11
-2
-7
-9
-6
-11
-5
-5
-12
-9
4
10
11
13
7
13
12
0
-5
0
-6
0
8
4
2
10
21
10
0
3
5
-6
-4
-3
-4
-3
12
9
0
2
1
-3
-8
-4
-14
-10
-2
3
-4
2
7
9
6
4
4
-7
-8
-4
-6
-18
-12
-1
-1
-9
-8
-9
-10
-12
-19
-29
-29
-19
-25
-30
-30
-20
-12
-8
-8
-7
2
16
7
-4
3
7
11
11
-1
2
27
25
6
1
13
12
5
-5
-16
-15
4
-13
-30
-25
-10
-7
-7
-5
-13
7
21
4
-19
2
13
3
-5
-1
6
18
25
15
15
27
40
36
23
15
29
27
9
-5
-4
1
-4
-11
-13
-10
-7
-6
-6
-20
-12
-3
1
-9
-3
13
12
18
14
16
25
22
6
11
10
1
-3
3
-5
-5
3
-10
-13
-6
-4
-12
-6
-7
-4
3
-3
-12
-7
2
-3
-5
-1
3
11
19
9
5
11
22
12
-3
-4
4
6
-6
-7
-1
5
9
12
3
2
11
6
-6
-14
-11
-11
-5
-15
-19
-9
-6
-15
-22
-27
-25
-28
-31
-31
-21
-7
-2
5
12
19
15
13
10
3
0
5
-6
-4
5
1
6
5
0
6
15
0
-2
5
5
-5
-14
-12
-13
-17
-20
-22
-20
-6
-2
-4
2
11
21
24
15
18
24
27
21
18
14
25
31
19
14
13
8
8
-6
-28
-26
-8
-22
-37
-33
-20
-23
-27
-33
-42
-34
-30
-32
-40
-25
-14
0
16
17
15
27
39
27
14
28
39
30
23
23
25
21
24
16
14
20
9
-11
-27
-41
-45
-39
-26
-11
-14
8
37
56
57
80
78
63
60
53
38
26
32
43
34
20
30
29
21
31
34
3
-22
-29
-58
-95
-137
-147
-155
-135
-110
-130
-155
-123
-79
-131
-164
-132
-82
-66
-32
23
50
65
49
67
78
76
53
51
48
12
26
38
69
60
48
40
53
90
99
69
41
29
36
63
101
124
130
129
116
141
146
149
118
92
72
63
80
65
35
-24
-57
-72
-94
-151
-204
-199
-188
-197
-189
-167
-103
-46
-26
-48
-40
-40
-100
-143
-150
-187
-226
-220
-202
-188
-114
-76
-99
-76
-4
13
-1
51
85
151
206
229
266
330
343
286
281
280
261
234
195
186
157
43
-47
-105
-98
-125
-211
-243
-237
-230
-279
-276
-250
-162
-119
-180
-147
-50
58
126
215
190
185
261
251
135
55
61
118
201
157
132
64
-43
-157
-223
-167
-76
-43
9
131
163
121
12
-85
-80
-101
-195
-187
-105
-89
-110
-95
-39
43
36
75
138
191
226
250
228
230
250
185
46
-2
17
34
35
33
51
-31
-51
-56
-88
-188
-257
-254
-268
-261
-296
-225
-119
-94
-79
-100
-85
-101
-123
-204
-327
-403
-462
-457
-375
-205
-127
-137
-83
0
83
66
66
118
180
201
244
332
257
257
354
475
458
402
389
348
291
291
349
253
226
262
264
197
169
287
288
89
-2
15
-77
-149
-149
-149
-191
-140
-63
-146
-261
-195
-47
-169
-353
-329
-298
-371
-372
-294
-368
-424
-264
-163
-222
-189
43
93
-100
-158
-43
27
-8
18
36
-5
66
262
150
-94
45
318
249
4
21
134
108
84
144
107
130
362
660
596
386
345
374
351
472
475
153
-41
128
350
152
-40
43
227
79
-99
29
51
10
-163
-202
-231
-14
296
183
-140
-93
214
48
-136
-205
-29
-541
-483
-1623
-4226
-3510
1177
2583
-3075
-7448
-6000
645
4691
692
-6321
-6693
-520
4671
5783
601
-4234
-1182
6192
8267
5721
2555
1588
4402
8364
7623
1287
-3491
-428
7590
7078
-2665
-10295
-6593
2270
6248
-774
-11758
-13328
-4788
4373
4339
-4521
-13027
-9245
2298
7948
4166
-2543
-5542
-1462
6855
9994
5701
341
-781
2223
6362
6646
2674
-765
-1129
-540
473
310
-1873
-4071
-3552
-3579
-7126
-9448
-6446
-706
-717
-7370
-13427
-9153
2334
7736
1479
-7791
-8025
1712
12854
13198
2885
-4509
60
11528
17355
13439
4816
4444
9293
6263
-892
3409
12648
7022
-7922
-15878
-9959
3772
10556
-1805
-21210
-23510
-9080
7202
9299
-6760
-24714
-19341
2162
13054
8067
-2317
-9393
-6025
8183
17058
12566
3434
-709
2046
9115
12405
8369
2992
503
-1062
-31
2749
1924
-2513
-5178
-6484
-7409
-6225
-4631
-5283
-6646
-6980
-11529
-14781
-7123
5787
6095
-6740
-16031
-9720
9628
19330
7602
-9989
-11075
3443
19175
20459
3020
-9638
-1816
15871
21585
14986
2468
787
8515
5354
-5764
-1196
13399
6336
-13280
-22640
-13837
3735
13631
-1132
-26412
-28315
-8621
11587
13201
-5510
-27391
-21355
6035
19937
12849
-183
-8156
-5747
10462
22050
16798
4409
-1047
1771
8953
13323
9204
1953
-2352
-3203
-1832
628
-430
-4379
-7101
-8549
-10996
-13417
-11935
-7231
-3979
-7586
-14811
-16240
-6482
5936
6839
-2664
-9506
-5251
6424
15750
12709
1355
-3326
3595
14570
18448
12258
4280
5591
12167
16293
16193
5697
-10647
-10043
10329
17207
-3830
-25528
-24549
-5231
10652
5088
-18752
-32481
-19225
4891
15049
133
-22918
-26225
-1704
20099
17856
1557
-8554
-4642
10695
23773
19552
5639
-1376
3837
12322
15836
9800
263
-3213
-885
890
-572
-3247
-6903
-8467
-8739
-9873
-13402
-16758
-14603
-7812
-3632
-10009
-18220
-16662
-1100
12452
8009
-7032
-11799
744
17105
23504
11475
-4225
-3701
12525
24769
21492
8770
678
6765
17820
22532
12888
-8280
-18610
-302
20165
7681
-22051
-32525
-15161
6961
10357
-9313
-30541
-26952
-3458
14731
8374
-14560
-27262
-11411
14639
21390
8305
-5427
-6522
5136
20423
22689
10189
-1103
342
9271
14594
10945
2011
-3154
-2521
-543
-127
-2261
-6939
-10362
-8934
-9957
-16757
-17847
-8608
-2670
-9108
-16713
-17123
-7146
6560
9792
-2238
-11339
-3302
11967
20590
13981
818
-3648
8255
21113
21437
9946
570
3393
13482
18546
14846
7162
-6224
-14550
-4574
14892
11147
-15054
-32558
-22759
156
10999
-771
-23880
-30484
-13719
9544
14702
-1972
-21526
-18611
5118
21325
16584
1892
-4945
137
13792
22153
16923
4833
-572
4291
11084
11596
4514
-1271
-2674
-2892
-3623
-2835
-4359
-8587
-10577
-12998
-17365
-15501
-5252
-3195
-13649
-20823
-13155
1040
7276
1832
-7396
-7053
4706
16824
15627
3913
-2275
5462
17477
19252
10668
2646
3934
10890
15332
13064
6495
3462
5073
-732
-11134
-7336
9051
5716
-18067
-31161
-18119
2020
8919
-3093
-24621
-29762
-10361
15199
16329
-4831
-22757
-14662
9443
23976
18427
2685
-5025
821
15284
22457
16887
4787
-1093
2756
9390
10304
4837
-288
-4341
-7058
-5929
-2354
-3722
-11124
-17664
-17469
-11522
-6223
-8309
-15352
-18444
-10175
996
1801
-5267
-6809
137
8101
12197
7624
899
2420
11674
16500
13193
6382
3226
7900
12909
12121
7423
4787
3903
6899
10810
2644
-14801
-17188
3297
13305
-5468
-28763
-27853
-6752
10748
7166
-15245
-29719
-18023
8455
21154
7378
-15623
-20366
810
22320
24181
9403
-3475
-4239
8354
22272
21989
8387
-3523
-2167
6374
11829
8151
131
-7184
-9552
-5459
-283
-2438
-13251
-20470
-17351
-9085
-6904
-12326
-18283
-16057
-5175
1127
-2952
-7788
-3468
4143
9365
8849
2947
1218
8266
15170
12869
7909
5557
8033
11310
11390
7224
4355
5115
7783
8683
6961
3120
-7425
-16600
-9429
10308
8420
-16561
-32675
-19256
3946
11717
-188
-20045
-25107
-9245
15748
20212
780
-19714
-13674
9847
23895
19046
5144
-3728
-1870
12008
22361
17728
2871
-4458
245
7479
8971
4240
-2330
-8202
-8584
-4406
-1989
-5776
-12750
-17780
-17705
-11489
-6162
-8304
-14822
-15243
-6480
1904
2331
-1836
-2443
1353
8116
12179
8092
1844
3477
10633
12854
10291
6263
4140
5061
8259
8373
5426
3539
4080
4084
4596
4005
-5817
-16800
-10062
9352
7666
-15420
-28939
-15877
4471
11844
1317
-17640
-23184
-6556
17898
19771
-731
-18694
-11223
10132
22854
17860
3154
-6324
-2587
12137
20852
14744
-65
-6723
-826
8317
9466
2416
-5110
-8841
-7029
-2456
-1928
-9746
-16397
-13472
-7423
-7875
-13191
-14592
-8770
-65
986
-6216
-9347
-706
10644
12261
3945
-4522
-1223
11256
18354
11425
402
-1550
6070
13424
11720
3420
-2403
1061
7524
8569
3868
1776
2574
-3875
-13159
-9071
7912
9317
-10321
-26694
-18474
2861
14054
4572
-15723
-22999
-8940
14257
19815
2674
-17693
-15342
5579
20810
17476
3392
-6040
-4642
7648
18085
15814
2381
-6110
-2070
6685
9416
4381
-2355
-6864
-6772
-3724
-2932
-7774
-11976
-9996
-7545
-10421
-14692
-11892
-3253
1333
-3559
-10036
-8222
1625
11405
10350
-1414
-8323
1591
15932
17492
7155
-1775
-507
8401
14799
10614
746
-3652
1954
8797
8172
2538
-243
2254
2094
-5636
-11952
-3959
8793
3937
-15830
-24869
-10112
9568
11947
-4334
-19276
-16536
1004
16915
13564
-5259
-17914
-6794
13003
19999
10636
-1059
-5275
475
11999
17157
10022
-1901
-4651
1659
7493
6189
1149
-3796
-7107
-8242
-6464
-4156
-4419
-8247
-13551
-16259
-12379
-3697
-548
-5790
-10931
-8543
-2244
3975
5811
1583
-2954
-745
6322
10467
9556
5207
2785
3699
6674
8477
8156
4379
241
852
4893
6199
3884
1993
1012
2475
2882
-3647
-11498
-4408
9504
5431
-13758
-20688
-6688
8208
10153
-667
-13944
-16535
-1218
16777
14464
-4644
-16606
-7852
8874
18242
12591
-577
-8185
-2156
10016
15713
10596
-349
-6142
-2382
5587
7301
3044
-3263
-7794
-9121
-6793
-3626
-3041
-5837
-11795
-15937
-13642
-4216
2290
-1557
-10201
-11601
-4806
3710
8574
4748
-3655
-4988
4210
11923
11397
5419
442
428
5746
10404
8628
2148
-1614
1203
6192
6983
3300
183
1227
5891
4782
-5521
-12795
-2288
11681
6642
-12910
-21409
-8541
9275
13031
-1501
-16924
-16831
281
16069
13208
-5545
-17816
-8078
10605
18158
9834
-1711
-7226
-2153
10185
17603
10539
-2828
-6336
420
7275
8206
3750
-4487
-10480
-8861
-2754
-227
-3971
-10995
-16087
-14331
-5950
-135
-3718
-10441
-10820
-5042
376
2602
1347
-435
-341
2202
5208
7222
6933
5320
4317
3555
4074
6323
7231
3908
1313
2214
3941
4192
4243
3250
1902
4064
4312
-3718
-11398
-3461
9837
7118
-10494
-20268
-10429
6535
12471
1128
-13743
-16365
-2624
13457
14235
-2032
-15691
-9187
8153
17059
10959
-256
-6653
-2183
9315
15923
10291
-858
-5030
-409
6515
7976
3271
-4440
-8422
-6065
-3459
-4939
-7416
-7410
-9637
-13110
-12910
-7380
-2371
-2596
-6683
-9624
-6967
184
7372
6478
-983
-4901
931
9593
12290
7569
744
-412
4156
9095
9044
4595
-542
-598
4059
6795
4382
943
624
3372
5801
448
-9555
-9418
5148
12013
-1907
-19125
-16354
1895
13378
7601
-8021
-16808
-9897
8330
17222
6092
-11641
-13391
1116
14027
14116
4155
-4801
-5246
4034
13198
13081
3262
-5086
-3618
3631
7115
3896
-1659
-6614
-7211
-4779
-3873
-6263
-7560
-8364
-11172
-12464
-9234
-3712
-1493
-3726
-8686
-9015
-2030
6424
7382
1219
-3605
-2226
5037
11606
11137
2401
-3259
346
8120
11128
7554
126
-4128
705
8208
8483
1615
-2703
-728
6096
7271
-3109
-13400
-5296
10807
8971
-9403
-19505
-8867
7518
13027
2089
-12983
-16279
-1957
14766
13983
-2309
-14009
-7796
6305
15036
11617
1028
-7055
-3569
8089
14895
9962
-1025
-6343
-2327
5522
7861
2453
-5354
-8733
-5974
-1422
-2270
-8645
-12498
-9347
-5490
-6940
-10115
-8838
-3670
-1658
-3704
-5483
-3301
1633
6560
5716
-891
-2627
4546
10876
8185
2361
-55
2404
7198
9489
5241
-1181
-1148
4402
7006
3597
-66
-403
2694
6191
2865
-7683
-10794
1898
12111
2818
-14398
-16769
-2422
11382
9909
-4609
-15462
-10826
4957
14922
8381
-7548
-13740
-2891
11433
14160
5485
-3540
-5476
957
9860
12330
5148
-3895
-5149
1101
6636
5193
-795
-5904
-6717
-4184
-1430
-3266
-9098
-11692
-8244
-4845
-6567
-9452
-9142
-4973
-1318
-1561
-4694
-4718
804
6585
6103
269
-1679
3262
9035
9093
4854
768
1206
6087
9050
5756
176
-803
2532
5209
4407
1798
123
1355
4691
2646
-6216
-9405
1753
10978
2332
-13312
-15052
-1967
9820
8980
-3556
-14520
-11450
4699
15467
8271
-7798
-13413
-3109
10821
14760
5982
-4771
-6627
1315
10221
12096
5270
-4226
-6226
960
7362
5061
-1577
-6251
-7374
-4746
-917
-1136
-6806
-12339
-11926
-6753
-2792
-4558
-8897
-10258
-5417
687
1655
-1921
-3338
456
5392
7012
3279
298
2587
7430
7753
4073
904
1455
5002
6710
3791
-473
-592
3037
5444
3999
772
-153
2789
3994
-1706
-7631
-1706
8807
6103
-8554
-14432
-4068
8039
9160
-190
-10626
-11844
859
14055
10230
-5765
-12851
-3942
7951
12083
6474
-3049
-7159
-526
8910
10626
4363
-2897
-4751
-268
5546
5255
-435
-5402
-6401
-4730
-1861
-1152
-4547
-9545
-11682
-9028
-4705
-2690
-5438
-9070
-9270
-3372
2459
2098
-1939
-2247
2157
5713
6304
3703
2121
2703
5134
5708
3999
2057
2708
4160
2657
965
1382
2722
2909
2714
1385
-80
2692
6307
1817
-7634
-6609
5845
10796
-44
-12941
-11169
2259
11870
6820
-6785
-13507
-5931
8698
13671
3168
-11065
-11221
1224
11434
9894
864
-6383
-5531
3214
10742
9175
53
-6038
-3460
3352
5877
2383
-3112
-6835
-6437
-2269
640
-2207
-7521
-10158
-8968
-5962
-3249
-3562
-6595
-8290
-5183
23
1860
97
-687
1286
3494
4718
4459
2945
1896
3064
4457
3767
2046
1953
2583
1605
314
1154
2227
1494
887
1300
1325
1825
5254
5737
-1549
-7952
-1379
10487
9857
-3163
-12374
-6663
6339
12515
4199
-9015
-12302
-1606
11311
11290
-1571
-12857
-9127
3329
10809
6542
-2835
-8131
-4380
4809
9767
5693
-3067
-6461
-2133
4082
4647
418
-4208
-6229
-4715
-737
1218
-2111
-6217
-7596
-6879
-5322
-2065
-787
-4127
-7615
-5602
351
3408
2323
-120
-757
963
4461
5470
1939
-1126
53
2803
2890
1398
-231
-966
-385
1368
2125
543
-750
622
3220
4224
4248
5508
4819
-98
-3321
3109
11792
8993
-3626
-10598
-3181
8552
11014
783
-10307
-10890
-129
10187
7431
-6111
-14868
-8192
4121
8729
2578
-5619
-8242
-3005
5332
8382
3274
-4288
-4815
839
5253
3882
471
-2543
-4171
-2287
1702
2318
-1996
-4806
-4998
-5506
-5258
-1834
68
-3555
-7145
-6160
-1459
2339
2853
-451
-3709
-2401
2450
4985
1394
-2828
-3099
-155
1750
1737
-152
-1777
-636
2032
3137
2016
1538
2777
4876
6281
6707
7690
6707
1867
-1752
4287
12820
9374
-4050
-10795
-3070
7435
8834
-833
-11338
-12569
-2305
7779
4594
-8487
-15774
-8797
2666
7160
1868
-5747
-8127
-2664
5736
8974
4042
-3180
-3360
2721
7040
5579
2193
-931
-2485
-11
3871
3057
-2141
-4588
-4169
-4757
-4939
-2782
-1924
-4926
-7183
-6723
-3692
-138
1208
-1589
-4931
-3953
1
2836
915
-2557
-3924
-1363
2165
3757
1984
-403
583
3469
5444
5384
4979
4498
5464
7587
8875
9243
7313
2017
-2401
2933
11776
9011
-5361
-13443
-6137
4709
6487
-2332
-12829
-15646
-6137
5659
4753
-8230
-16416
-10038
1635
7250
3882
-3311
-7312
-2571
7146
11420
6146
-1043
-1355
3824
7727
7333
4219
43
-1999
379
3540
2146
-1986
-4534
-5672
-6178
-4731
-2941
-4388
-7406
-8009
-6071
-3903
-2180
-1970
-3388
-3946
-2116
-398
-260
-410
-447
-334
824
2565
2951
2525
3071
4467
5387
5833
5934
5625
5833
7389
8634
7954
7354
6713
2299
-2792
528
8998
7174
-6071
-14829
-9077
1953
5279
-2472
-13641
-16718
-7703
4884
5982
-5354
-15265
-11090
1210
8959
6894
-328
-5221
-2540
6598
12798
9739
1873
-913
2491
6544
7583
5536
878
-3210
-2399
1164
1666
-1495
-4658
-7114
-8447
-6538
-3318
-3975
-8083
-9943
-7758
-4278
-2092
-2179
-3885
-4441
-2073
885
1424
62
-216
1352
3342
4171
3570
2935
4297
6822
7401
5883
4866
5238
6322
7747
8172
5969
4163
5151
3752
-2175
-3774
3554
6087
-3654
-13975
-11671
-2057
3163
-577
-10071
-15659
-10294
2700
7522
-964
-11713
-10783
-501
8376
9449
3562
-2791
-2877
4982
12292
11694
4521
-584
349
4595
7506
6346
1464
-3863
-4494
-974
1634
-276
-4385
-7705
-9060
-7996
-5371
-4063
-6008
-8871
-9668
-7187
-2647
462
-835
-4062
-4234
-543
3658
4829
2632
462
1733
4952
6525
5811
5086
5415
5753
5492
5192
5239
5468
5885
5542
3707
2408
4076
3614
-2486
-6722
-1190
4671
-582
-11201
-13404
-5530
2050
1901
-5735
-12414
-10398
432
8051
3356
-7265
-9575
-1092
7896
10132
5628
-554
-2311
3543
10502
10581
4399
-505
-308
2878
5311
4215
191
-3801
-4434
-2341
-356
-1386
-4723
-7682
-8496
-7230
-5326
-4379
-5720
-7808
-8275
-5406
-1428
372
-1005
-2544
-1619
1248
3989
4438
2881
1508
2736
5183
6161
5177
4402
4484
4494
4482
4665
4196
3342
3443
3707
2800
2314
3745
2434
-3803
-7162
-813
5798
996
-10026
-13328
-5725
3217
4785
-2764
-11398
-11059
-76
9303
6051
-4731
-9580
-3424
6192
11042
7310
-520
-4218
584
8070
10185
5588
-519
-2623
-121
3770
4696
1721
-3386
-6071
-4283
-675
42
-2772
-6166
-8049
-6603
-4311
-4436
-6300
-5523
-3245
-3650
-5417
-4117
1180
4131
1932
-1997
-2059
1954
6875
7875
2955
-1624
-134
5581
8375
6420
1744
-726
1371
5118
5736
3244
1416
1376
2137
3647
3685
-1321
-6304
-2371
5384
3029
-7253
-11428
-5131
2622
4473
-1122
-9172
-10201
-1023
8619
6561
-3713
-9659
-4687
4657
9904
7013
-652
-5272
-1620
6727
10378
6075
-1018
-3580
-785
3819
5514
2624
-2857
-5923
-3844
355
1700
-1521
-5769
-7758
-6196
-3495
-2504
-3924
-5489
-5669
-5037
-3203
-708
958
195
-1017
-927
831
3051
4192
3432
1340
931
2372
4113
4239
3618
2189
1174
1966
3560
3524
2275
2504
3072
2653
2819
3804
301
-4909
-2794
5016
4764
-4579
-10350
-6069
1709
4878
1086
-6981
-10255
-3996
5937
6827
-1484
-8600
-6384
1176
6887
6734
1079
-4497
-3591
3665
8663
6736
1078
-2231
-1454
2220
5348
4450
-355
-4436
-3745
-192
1838
142
-3618
-6477
-6217
-3957
-2758
-3399
-4209
-4651
-5345
-4976
-2265
767
1105
-882
-2411
-1566
1515
4489
4345
1294
-930
139
3209
5395
4949
2164
-103
676
3796
5505
4218
2323
2262
3168
4287
5153
1863
-3866
-3590
4101
5751
-2476
-9560
-6921
103
3970
1782
-5770
-10615
-6313
3819
6436
-505
-8109
-7598
-1134
5421
7123
2301
-3911
-4277
2460
8330
7882
2547
-1575
-1402
2373
5814
5301
822
-3655
-3762
-478
1931
519
-3056
-6063
-6548
-4643
-2713
-2760
-4303
-5334
-5577
-4762
-2535
-181
149
-1318
-2211
-1375
1059
3558
3996
1749
-348
299
2886
4954
4969
2936
544
1102
4339
5901
4051
2534
3373
3981
4148
4411
1272
-3922
-2771
4548
4723
-4135
-10036
-6145
590
3443
492
-6886
-10953
-5627
4332
5753
-1929
-8817
-7097
-313
5774
6821
2201
-3439
-3420
3152
8744
8154
3052
-797
-999
2174
5607
5834
1527
-3531
-4312
-999
2004
1148
-2582
-6490
-7086
-4625
-2863
-3454
-4571
-4902
-5675
-5719
-4048
-578
1409
-6
-2992
-3444
81
4453
5758
2127
-1728
-1476
2920
6682
6691
2700
-764
922
5373
6812
4537
2677
2700
3393
4657
4658
330
-4374
-1557
4879
2854
-5822
-9222
-4386
741
1922
-1581
-7778
-9850
-3497
4083
3044
-3514
-7328
-5047
344
5860
6700
1906
-3001
-1723
4380
8845
7880
2811
-1153
-516
3536
6180
4851
235
-3785
-3778
-253
1831
-50
-3821
-6426
-6654
-5098
-3129
-2947
-4251
-5822
-6200
-5369
-2593
473
903
-1521
-3160
-1599
1726
4500
4232
1503
-861
357
3591
5977
5326
2760
802
1955
4647
5697
4250
2621
2555
3328
4382
2460
-2043
-3756
1684
5076
-653
-8599
-8298
-1674
2501
1323
-4556
-9605
-8139
448
5550
1335
-6158
-7507
-2450
3755
7087
4788
-916
-3646
703
6986
8933
5248
186
-1485
1506
5155
5273
2104
-1622
-3500
-2371
435
866
-1906
-4913
-6006
-6160
-5023
-3013
-2600
-4711
-6361
-5858
-4038
-1334
839
436
-2090
-2650
-114
3332
4580
3141
611
-153
1890
4785
5671
4044
2093
1692
3044
4888
5426
3780
2158
2762
4535
2811
-1779
-3491
650
3964
393
-6523
-8728
-3824
1920
2441
-3140
-8650
-8607
-2062
4181
3314
-3538
-7599
-4106
2527
6514
5477
1114
-2590
-851
4908
8761
6622
1509
-1253
701
4320
5409
3184
-437
-2883
-2667
-165
935
-1088
-4283
-5584
-5674
-5391
-4119
-2883
-3729
-5690
-5872
-4673
-2574
-80
925
-1018
-2811
-1349
1988
4089
3470
1315
-353
581
3548
5467
4240
2095
1975
3023
4076
5087
4961
2832
2138
4003
2669
-1954
-2418
2576
3170
-2255
-6630
-5891
-2630
921
1483
-3716
-8767
-6843
129
3123
944
-3273
-5282
-3475
2240
6505
5042
309
-1777
696
4823
7625
6310
1862
-1533
332
4398
5832
3004
-948
-3346
-2518
260
1381
-1179
-5039
-6192
-5331
-4181
-3614
-3281
-4579
-5962
-5644
-3665
-1689
-367
-216
-1552
-1983
-158
2548
3027
1887
747
681
1536
3327
4304
3006
1647
2501
4087
4148
4068
4220
3659
2958
2082
-160
-1569
1289
3760
9
-6185
-6647
-2069
1037
452
-2659
-6340
-7298
-2637
2602
1926
-3066
-5177
-3192
119
3607
5374
2720
-1567
-1093
3669
7098
6531
3771
544
-485
2251
5813
5261
1110
-2212
-2462
-697
1013
623
-2587
-5645
-5918
-4350
-3502
-3416
-3897
-5097
-6058
-5129
-2535
-445
-156
-1433
-2369
-1373
1494
3439
2514
193
-480
1180
3429
4417
3283
1497
1259
3105
5112
5637
4305
2910
2732
1741
-517
-340
3158
3485
-1556
-6197
-5452
-1428
1802
1291
-3545
-8000
-6749
-716
2705
629
-3692
-5467
-3674
684
4355
4045
416
-1831
-55
3491
6001
5893
3358
412
328
2788
4684
3898
1442
-822
-1446
-496
342
-386
-2262
-3890
-4844
-5037
-4468
-3429
-3106
-3996
-5329
-5239
-3165
-591
361
-572
-1800
-1545
608
2836
3166
1390
-224
255
2771
4501
3863
2176
1696
2630
4314
5605
5336
3899
1519
-999
-1222
2467
4719
978
-5004
-6402
-3043
913
2232
-910
-6083
-7715
-3482
1179
1464
-1728
-4592
-4815
-1547
2971
4390
1663
-1435
-1440
1480
4920
5930
3640
775
359
2043
3849
4237
2426
-467
-1342
-4
947
89
-1538
-3336
-4465
-4059
-3237
-3290
-3823
-3930
-4334
-4399
-3109
-1313
-811
-1208
-1258
-750
409
1606
1873
928
469
1210
2280
2576
2504
2478
2616
3085
3822
4040
3921
3907
2105
-928
-1098
2602
3610
-305
-4490
-4789
-2240
1127
2160
-1462
-5823
-5512
-1078
1717
888
-2265
-4564
-3864
37
3515
3664
965
-1597
-1485
1606
4980
5205
2516
-177
-531
1449
4106
4360
1494
-1592
-1674
329
1666
811
-1454
-3772
-4493
-3288
-1916
-2003
-3249
-4190
-4160
-2855
-1285
-519
-911
-1308
-962
16
792
1064
1151
979
707
873
1570
1922
2065
2210
2273
2261
2711
3433
3572
1490
-1792
-2218
1486
3756
809
-3956
-5358
-2847
1055
3017
530
-4251
-5823
-2012
2577
3318
295
-3043
-4099
-1621
2766
5064
2797
-1193
-2474
-148
3246
4813
3249
-115
-2009
-617
2177
3272
1697
-782
-1986
-1320
267
1083
146
-2334
-4006
-3699
-2111
-982
-910
-2128
-3370
-2805
-722
838
839
196
-396
-237
754
1661
1169
74
-49
823
1207
1018
1032
1224
1483
2206
2844
2582
1286
-884
-2401
-1017
2062
2023
-2060
-5582
-4625
-706
2535
2371
-1037
-4478
-3810
904
4435
3059
-787
-2537
-1325
1612
4482
4796
1595
-1557
-998
1928
3656
3157
1123
-1467
-2417
-553
1614
1041
-1322
-2643
-2399
-1484
-417
-37
-1634
-3878
-3877
-1865
-731
-1344
-2020
-2022
-1149
437
1846
1672
657
689
2023
2784
2124
1192
663
633
1235
2016
1283
-171
-239
1178
1995
1718
1318
425
-1855
-3509
-1890
830
386
-2881
-5419
-5247
-2403
1369
2089
-1075
-3657
-2428
651
3046
3575
1576
-866
-357
2687
4693
4794
3663
1601
46
1165
3218
3199
1248
-605
-1807
-1839
-556
55
-1423
-3361
-3616
-2938
-2288
-1993
-2700
-4272
-4594
-2697
-920
-911
-1788
-1518
-196
1349
2410
2612
1814
1480
2899
4207
3490
1908
1431
1753
2513
3220
2441
372
-481
721
1801
1626
963
-808
-3816
-4913
-1945
784
-777
-4608
-6717
-5885
-2530
1101
1064
-2524
-4887
-2844
1238
3935
3658
1309
-655
354
3876
6561
6105
3631
1594
1259
2715
4492
4432
1768
-1024
-1930
-1038
-65
-112
-1857
-4221
-5209
-4215
-2901
-3377
-4934
-5682
-4675
-3195
-2120
-2126
-2320
-1311
719
2060
2093
2003
2366
3421
4394
4587
3730
2764
2630
3564
4513
4027
2464
1125
993
1697
2540
2134
-528
-4259
-5536
-2780
173
-908
-5263
-8304
-7443
-3481
146
67
-3361
-5954
-4309
185
3515
3278
783
-1015
149
3815
6947
6708
3913
1810
2158
4212
5825
5172
2355
-115
-505
518
1050
149
-1968
-3793
-3956
-3030
-3090
-4947
-6517
-6188
-4442
-3371
-3545
-4258
-3594
-1432
698
1285
732
595
1726
3602
4360
3771
2874
2980
3895
4829
4656
3653
2938
3000
3151
3033
2770
1766
-785
-3379
-3202
-769
-95
-2800
-6352
-7502
-5326
-1724
-526
-2931
-5727
-5447
-2450
615
1697
526
-1035
-831
1611
4290
5197
3965
2295
1855
3106
4824
5158
3432
1246
465
939
1646
1559
88
-1985
-2629
-1898
-2253
-3846
-4804
-4494
-3917
-3252
-3354
-4287
-4048
-1806
174
298
-296
-434
338
1884
3318
3299
2018
1218
2145
3818
4574
4193
3205
2264
2218
3367
4055
2589
-493
-2506
-1870
8
368
-1744
-4657
-5721
-3913
-1202
-529
-2375
-4448
-4457
-2177
468
1198
-222
-1627
-1124
979
2984
3446
2367
1049
943
2125
3303
3184
1907
676
120
330
841
791
-376
-1519
-1747
-2001
-2506
-2553
-2019
-1975
-2175
-2477
-2347
-1500
-141
612
438
-122
-277
510
1581
2059
1824
1450
1208
1521
2053
2337
2139
1917
1594
1339
1430
1583
691
-1198
-2078
-1086
108
-383
-2007
-3454
-3551
-1864
173
341
-1490
-2888
-2297
-108
1869
2268
995
-433
-408
1106
2818
3254
2229
616
-84
610
1671
1643
421
-1018
-1802
-1667
-1057
-1009
-2255
-3676
-3586
-2313
-1528
-1881
-2732
-3110
-1839
403
1454
730
21
604
2106
3453
3514
2539
1707
1931
2939
3916
3645
2356
1195
950
1434
2219
2069
701
-1142
-2546
-3086
-2266
-1136
-1675
-3772
-5288
-4790
-2888
-1002
-593
-1610
-2568
-1855
325
2158
2358
1570
1082
1376
2563
4066
4453
3339
1994
1366
1529
2229
2417
1262
-491
-1556
-1878
-2132
-2642
-3156
-3677
-3953
-4054
-4259
-4428
-3581
-2245
-1754
-1982
-1968
-1235
223
1925
2477
2066
1836
2553
3888
5157
5218
4358
3701
3474
3641
4104
3982
2769
1719
748
-717
-1755
-1371
-1126
-1972
-3175
-4204
-4921
-4645
-3559
-3035
-3273
-3453
-3218
-2722
-1535
-32
708
373
271
1145
2394
3189
3375
2915
2341
2341
2868
2911
2255
1150
241
-43
267
316
-771
-2349
-3077
-2359
-1574
-1564
-2386
-3441
-3897
-2918
-1228
-571
-1054
-1602
-1346
-320
1166
2224
2379
2022
1957
2517
3336
3929
4048
3664
3078
2506
1848
1171
988
1121
767
-311
-1513
-2255
-2160
-1540
-1287
-1670
-2329
-2866
-2740
-1744
-783
-599
-839
-1256
-1671
-1181
285
1238
631
-440
-888
-674
-83
593
563
-446
-1174
-946
-353
-170
-54
-23
-4
245
742
882
736
869
1130
1211
1214
1172
789
519
805
1193
1126
891
621
220
248
844
1161
772
219
-366
-1049
-1315
-927
-407
-408
-923
-1562
-1501
-776
42
559
714
166
-476
19
1189
1688
1445
1055
265
-152
594
1485
960
-328
-1375
-2062
-2160
-1515
-1163
-1903
-2923
-3340
-3052
-2320
-1355
-888
-1172
-1584
-1131
6
954
1280
1227
1065
1116
1764
2657
3062
2898
2580
2433
2553
2787
2694
2073
1411
1067
1042
1011
643
-655
-2131
-2462
-1591
-1090
-1551
-2309
-2733
-2543
-1520
-217
271
-148
-471
-153
500
1216
1802
1712
911
434
752
1015
695
112
-618
-1466
-1778
-1644
-1712
-2014
-2213
-2476
-2633
-2139
-1399
-938
-781
-591
-384
76
615
1086
1367
1587
1669
1765
1947
2146
2116
2016
2070
1972
1529
1032
1005
978
814
553
282
-521
-1403
-1639
-1214
-839
-876
-1239
-1782
-1775
-1074
-142
336
580
592
599
794
1244
1660
1803
1498
950
725
694
458
-27
-473
-1126
-1752
-2066
-2192
-2519
-2630
-2463
-2332
-2310
-2062
-1664
-1355
-901
-396
-85
-42
124
424
863
1455
2011
2175
2024
1982
2148
2497
2813
2788
2248
1695
1462
1422
1273
1028
363
-777
-1503
-1303
-978
-1184
-1524
-1930
-2319
-2193
-1387
-795
-656
-629
-549
-393
78
581
887
893
693
459
651
969
904
486
-6
-524
-873
-823
-769
-1048
-1432
-1484
-1257
-1074
-923
-725
-597
-532
-251
6
-19
93
515
811
892
1054
1073
976
1162
1462
1419
1107
934
795
858
1189
1404
1016
341
-221
-485
-265
305
416
-258
-1117
-1316
-902
-283
55
55
-159
-227
-111
106
296
310
31
-442
-787
-835
-671
-624
-946
-1383
-1596
-1470
-1271
-945
-794
-884
-1003
-732
-399
-205
-38
139
157
240
530
656
531
632
1024
1280
1245
1280
1432
1536
1553
1592
1512
1383
1496
1715
1594
1218
974
485
-311
-804
-664
-368
-404
-911
-1598
-1774
-1272
-728
-590
-717
-820
-925
-877
-798
-666
-610
-547
-631
-766
-903
-786
-532
-459
-621
-574
-278
-32
65
71
11
56
341
591
495
211
59
180
324
410
330
166
-42
24
273
515
637
626
481
335
478
757
997
1108
1113
946
817
923
1032
991
866
755
645
576
568
467
438
415
266
-174
-467
-560
-641
-889
-1170
-1523
-1871
-1943
-1906
-2066
-2256
-2105
-1855
-1850
-1924
-1780
-1383
-992
-735
-624
-439
-108
379
863
1077
1088
1123
1334
1552
1784
1846
1731
1558
1550
1555
1525
1471
1281
1015
843
705
509
508
605
373
-97
-345
-374
-440
-467
-486
-601
-646
-571
-530
-587
-436
-284
-215
-229
-113
-99
-129
-213
-333
-470
-455
-395
-545
-781
-927
-911
-838
-792
-871
-929
-837
-707
-637
-569
-553
-572
-420
-81
103
143
349
606
622
575
767
949
954
973
995
819
730
984
1243
1143
973
949
908
731
715
836
728
433
342
366
259
154
227
143
-71
-91
-11
-176
-395
-401
-455
-731
-1000
-1106
-1337
-1610
-1639
-1562
-1699
-1941
-1991
-1994
-1863
-1544
-1157
-1085
-1009
-743
-380
-99
339
801
1024
1117
1371
1703
1990
2282
2393
2228
2043
2002
1882
1686
1582
1427
1025
687
563
352
-37
-346
-583
-959
-1276
-1394
-1547
-1738
-1651
-1344
-1182
-1099
-841
-506
-265
42
499
835
912
956
1085
1110
945
824
765
568
224
-28
-290
-712
-1098
-1280
-1525
-1866
-1972
-1916
-2045
-2219
-2102
-1892
-1765
-1503
-1006
-600
-320
-4
338
639
1094
1639
2049
2282
2518
2724
2854
2981
3102
3080
2785
2368
1970
1665
1392
1075
635
41
-533
-947
-1143
-1284
-1445
-1735
-2128
-2392
-2350
-2087
-1903
-1774
-1760
-1792
-1737
-1372
-862
-421
-141
-6
3
64
323
605
736
747
678
485
336
371
393
246
83
-56
-253
-353
-265
-213
-273
-275
-228
-243
-162
76
254
341
485
643
737
892
1059
1125
1128
1124
1060
1018
1047
1023
943
879
757
510
359
322
235
139
100
-68
-367
-538
-585
-678
-747
-777
-898
-1137
-1263
-1253
-1232
-1250
-1258
-1304
-1375
-1386
-1280
-1103
-953
-859
-774
-626
-465
-297
-107
50
131
255
464
661
785
934
1113
1216
1276
1425
1545
1509
1480
1572
1607
1515
1435
1296
988
716
652
513
204
-74
-315
-698
-977
-987
-962
-1140
-1272
-1273
-1294
-1301
-1113
-890
-835
-764
-585
-397
-250
-3
216
273
286
422
503
468
416
370
230
82
-12
-116
-268
-434
-642
-865
-984
-999
-979
-936
-848
-754
-597
-392
-200
15
304
526
663
869
1152
1365
1591
1942
2152
2166
2183
2209
2040
1865
1824
1646
1180
739
401
-47
-497
-772
-1081
-1569
-1972
-2183
-2357
-2486
-2467
-2459
-2513
-2433
-2159
-1882
-1625
-1270
-874
-562
-238
163
523
777
1038
1299
1499
1642
1721
1642
1508
1411
1288
1045
792
589
355
86
-119
-315
-583
-830
-961
-983
-955
-918
-854
-727
-497
-165
256
571
731
873
1130
1406
1663
1841
1792
1569
1438
1414
1277
1082
896
553
53
-277
-407
-668
-1109
-1522
-1856
-2108
-2211
-2211
-2308
-2462
-2481
-2283
-1996
-1706
-1420
-1151
-918
-588
-51
484
829
1070
1322
1458
1580
1892
2233
2173
1915
1758
1636
1419
1297
1196
850
375
55
-146
-382
-471
-509
-723
-1010
-1048
-940
-855
-782
-672
-624
-506
-248
4
141
265
371
381
495
753
865
698
549
543
529
497
434
203
-180
-437
-515
-565
-644
-803
-1128
-1437
-1419
-1212
-1098
-1129
-1177
-1216
-1092
-719
-334
-159
-62
70
181
381
754
1040
1067
1061
1160
1245
1349
1482
1441
1228
1127
1136
986
790
729
621
345
107
-60
-292
-441
-443
-488
-673
-819
-934
-1013
-973
-868
-871
-932
-905
-842
-667
-375
-168
-249
-326
-229
-51
156
367
384
197
189
364
488
505
536
436
197
110
230
259
102
-67
-203
-294
-282
-250
-322
-380
-340
-288
-300
-241
-152
-107
-31
156
272
276
356
496
569
624
755
738
563
518
682
776
723
614
405
141
105
231
140
-172
-373
-451
-611
-720
-670
-695
-937
-1107
-1087
-1048
-1024
-941
-899
-940
-849
-592
-377
-308
-201
59
298
398
463
628
788
852
903
965
923
863
885
811
640
594
590
352
123
130
122
-74
-188
-172
-271
-357
-267
-231
-352
-334
-196
-216
-245
-105
-9
-18
110
256
169
80
197
295
255
304
294
28
-193
-137
-111
-248
-310
-384
-644
-843
-703
-566
-634
-713
-718
-755
-703
-471
-304
-298
-249
-108
-2
104
240
341
397
538
684
753
772
764
719
766
921
943
780
615
546
500
503
485
290
2
-128
-89
-26
-18
-114
-320
-430
-348
-160
-66
-161
-402
-514
-386
-197
-95
-166
-408
-633
-519
-208
-59
-200
-416
-542
-517
-350
-185
-180
-333
-503
-499
-253
30
111
25
-61
-65
127
391
423
230
219
346
352
356
485
507
344
311
389
365
329
414
388
240
259
338
245
134
188
190
81
24
-21
-128
-146
-71
-131
-300
-329
-263
-302
-347
-345
-397
-472
-423
-338
-346
-405
-432
-422
-375
-285
-267
-324
-373
-380
-307
-111
52
15
-85
-27
169
374
503
509
402
380
537
667
649
606
610
551
466
464
484
407
279
186
131
115
112
13
-195
-312
-215
-130
-191
-272
-312
-371
-348
-209
-154
-229
-274
-247
-229
-125
3
-32
-192
-257
-220
-164
-138
-212
-364
-458
-430
-393
-390
-436
-525
-537
-413
-297
-256
-173
-27
67
134
244
370
473
587
682
733
794
882
970
1056
1082
946
731
665
766
802
634
338
81
-11
58
41
-198
-516
-683
-713
-675
-648
-750
-930
-975
-803
-669
-652
-608
-493
-438
-353
-147
26
25
12
93
124
111
137
145
18
-72
-61
-85
-205
-278
-279
-316
-333
-253
-160
-175
-193
-139
-45
35
139
269
344
395
484
608
686
750
825
863
844
825
810
738
673
640
529
283
104
100
103
-6
-158
-329
-536
-615
-495
-436
-604
-794
-796
-671
-537
-407
-393
-542
-623
-417
-121
-38
-175
-300
-281
-117
89
108
-108
-274
-160
29
71
-23
-167
-269
-170
44
107
11
-18
20
21
133
365
466
389
382
436
483
641
833
759
513
463
571
614
608
534
285
48
88
218
146
-35
-206
-363
-431
-355
-320
-446
-584
-601
-518
-389
-307
-331
-383
-322
-181
-81
-82
-130
-148
-135
-96
-62
-83
-199
-269
-210
-138
-186
-255
-269
-260
-168
-24
5
-103
-103
30
152
246
328
305
226
311
515
623
607
544
430
369
520
687
597
346
192
169
219
253
172
-60
-290
-356
-279
-227
-309
-486
-618
-610
-503
-370
-298
-334
-420
-394
-254
-139
-141
-160
-161
-143
-75
0
-21
-85
-32
79
73
-34
-63
23
110
121
73
23
51
179
267
208
117
119
221
337
397
352
270
238
288
361
391
340
236
157
157
197
188
140
56
-44
-137
-164
-163
-178
-254
-363
-436
-414
-345
-304
-312
-373
-415
-360
-250
-242
-298
-304
-279
-259
-161
-67
-133
-213
-105
46
47
-7
-18
-18
49
197
244
135
69
178
316
353
303
254
250
323
424
447
387
340
342
374
429
426
321
224
218
228
178
110
22
-86
-114
-57
-58
-144
-202
-261
-325
-286
-179
-196
-302
-316
-284
-291
-225
-90
-112
-279
-335
-241
-148
-126
-184
-319
-399
-316
-191
-188
-276
-353
-357
-269
-153
-121
-162
-192
-167
-40
150
272
249
243
347
473
585
703
739
676
663
713
725
712
715
669
518
319
167
133
156
52
-223
-476
-551
-537
-565
-623
-691
-752
-777
-723
-615
-513
-417
-342
-279
-198
-42
128
198
211
275
362
376
377
379
365
337
320
210
17
-93
-105
-142
-304
-475
-591
-607
-550
-513
-561
-624
-557
-401
-241
-128
4
186
372
497
628
824
1014
1104
1104
1065
1066
1114
1095
921
672
501
370
201
-20
-251
-508
-692
-779
-880
-1054
-1195
-1244
-1259
-1218
-1097
-974
-925
-835
-648
-401
-124
130
260
297
427
714
980
1065
994
907
893
975
1027
891
633
432
338
280
183
-15
-268
-463
-527
-514
-561
-731
-870
-825
-670
-577
-548
-507
-426
-273
-73
50
112
244
396
440
487
613
668
596
540
536
465
385
334
220
4
-182
-280
-370
-476
-555
-646
-783
-868
-817
-687
-593
-589
-636
-591
-378
-96
76
156
220
287
427
623
733
713
705
731
736
735
712
584
463
477
477
342
172
72
4
-32
-55
-153
-314
-388
-335
-318
-368
-398
-395
-405
-366
-259
-202
-216
-196
-134
-103
-77
-21
7
-8
-16
-36
-72
-89
-68
-78
-115
-132
-126
-148
-175
-169
-165
-136
-70
-22
-53
-62
-29
20
67
116
115
70
60
91
123
151
207
235
218
196
205
240
303
357
314
190
109
154
237
262
212
135
69
64
144
230
237
140
29
19
124
199
153
31
-92
-149
-80
-12
-115
-318
-444
-463
-419
-343
-399
-622
-766
-667
-511
-468
-492
-534
-551
-449
-233
-69
15
84
127
183
360
608
695
592
514
575
695
773
745
584
408
363
385
326
172
24
-93
-185
-248
-277
-311
-356
-396
-426
-421
-351
-255
-251
-272
-191
-34
57
69
71
132
244
342
347
238
128
154
256
237
76
-77
-140
-181
-205
-227
-318
-479
-525
-443
-426
-503
-519
-481
-477
-420
-278
-225
-251
-162
21
153
240
325
360
407
544
667
677
677
702
667
607
618
618
509
360
271
217
152
69
-56
-210
-305
-305
-306
-388
-512
-550
-515
-477
-465
-465
-477
-454
-347
-235
-195
-159
-64
7
33
110
210
256
272
298
312
306
356
403
368
270
192
144
98
75
28
-85
-223
-272
-258
-241
-238
-263
-319
-365
-329
-254
-186
-120
-69
-55
-35
80
245
365
396
380
353
379
471
504
431
333
276
206
150
110
11
-130
-229
-284
-365
-437
-508
-575
-597
-553
-508
-523
-536
-480
-355
-206
-82
-48
-49
65
268
405
454
467
466
500
609
680
616
492
420
402
382
327
190
12
-84
-96
-151
-261
-344
-400
-441
-433
-397
-419
-460
-407
-305
-247
-216
-164
-103
-14
92
157
170
192
246
274
271
266
253
208
156
93
25
-12
-26
-67
-148
-242
-283
-237
-188
-232
-320
-321
-240
-167
-124
-114
-125
-79
43
127
149
170
206
239
290
369
400
364
308
301
336
345
294
212
125
76
91
117
50
-78
-138
-114
-81
-82
-117
-194
-237
-208
-143
-126
-160
-205
-221
-165
-74
-17
-43
-80
-48
50
132
133
90
76
107
144
172
146
61
-9
-20
-3
-23
-71
-147
-228
-279
-258
-200
-194
-263
-331
-301
-210
-110
-55
-61
-98
-38
97
185
202
210
239
273
317
353
361
321
255
222
226
207
129
29
-34
-81
-97
-118
-185
-284
-325
-317
-306
-281
-253
-260
-283
-215
-96
-15
12
34
41
87
210
278
223
191
244
274
255
219
163
97
74
52
-24
-99
-113
-125
-184
-221
-209
-202
-206
-201
-228
-230
-135
-29
-23
-50
-7
95
186
217
193
168
221
294
293
227
169
159
184
184
97
-9
-59
-52
-58
-142
-249
-291
-280
-288
-308
-305
-291
-256
-176
-133
-144
-111
-10
67
101
118
116
126
197
269
257
209
192
208
202
184
167
148
85
42
38
41
25
8
-2
-43
-59
-17
30
-5
-43
-43
-48
-36
10
24
-34
-81
-53
7
25
-11
-68
-96
-67
-24
-41
-105
-136
-112
-79
-84
-104
-130
-132
-113
-95
-78
-72
-79
-88
-56
-11
24
25
18
23
55
91
105
94
77
92
120
133
108
83
94
129
155
153
122
105
133
169
177
175
155
125
118
126
142
145
108
42
10
0
3
3
-33
-111
-174
-166
-134
-142
-212
-277
-290
-263
-247
-250
-274
-301
-297
-252
-222
-217
-206
-196
-184
-139
-68
-36
-38
-60
-36
36
114
113
56
31
67
150
198
169
85
53
130
241
260
210
174
175
226
305
337
286
226
222
237
232
195
135
49
-4
4
13
-17
-58
-97
-150
-163
-135
-139
-201
-246
-246
-232
-223
-214
-188
-176
-196
-217
-201
-145
-79
-54
-111
-150
-75
32
60
38
16
-2
40
132
155
81
43
102
150
151
134
108
98
141
182
133
47
38
80
91
73
54
31
20
39
62
48
23
5
0
-24
-24
-16
-39
-65
-76
-75
-86
-92
-113
-128
-125
-96
-90
-105
-109
-82
-50
-15
33
52
39
36
76
122
140
144
141
107
92
123
170
167
106
54
25
36
53
39
-18
-79
-121
-128
-113
-125
-146
-175
-202
-207
-161
-123
-112
-98
-84
-85
-55
16
74
98
87
64
77
145
178
155
97
39
15
45
64
-13
-104
-131
-136
-154
-159
-154
-160
-156
-171
-192
-165
-92
-47
-53
-61
-30
45
119
180
206
190
185
234
287
300
282
254
209
177
174
157
97
36
-11
-50
-87
-106
-119
-162
-211
-222
-192
-165
-137
-140
-175
-158
-59
35
63
43
28
43
97
159
160
109
67
65
64
45
26
-2
-46
-88
-118
-149
-174
-198
-221
-242
-250
-230
-207
-178
-133
-94
-54
-14
23
63
130
191
205
202
217
266
323
342
302
236
207
245
295
256
159
82
72
103
108
49
-28
-52
-24
7
-19
-66
-87
-69
-44
-44
-59
-81
-92
-92
-77
-64
-104
-166
-192
-172
-166
-154
-149
-203
-269
-266
-220
-209
-210
-227
-278
-302
-232
-152
-148
-169
-146
-121
-92
-20
74
113
105
95
137
224
300
323
295
284
299
340
358
317
266
251
248
231
216
190
141
119
107
74
29
3
-36
-66
-64
-62
-84
-131
-159
-167
-168
-163
-172
-209
-250
-260
-237
-199
-194
-208
-223
-227
-202
-162
-134
-133
-136
-119
-87
-35
19
45
40
50
86
153
216
240
210
172
210
275
287
219
160
130
154
195
202
125
36
5
22
48
47
14
-43
-53
-33
5
11
16
2
-9
2
22
18
-6
-2
-8
-33
-69
-78
-90
-110
-145
-193
-230
-234
-244
-269
-274
-263
-265
-245
-221
-204
-159
-108
-73
-37
22
95
180
252
302
335
378
435
471
479
460
447
420
368
310
248
182
113
45
-13
-69
-140
-231
-283
-297
-310
-341
-381
-413
-402
-334
-281
-269
-273
-228
-140
-44
7
30
39
56
102
143
148
134
127
99
65
81
113
93
30
-35
-65
-42
6
0
-63
-94
-58
-15
6
18
31
18
22
58
82
82
73
60
62
77
105
127
118
92
74
77
88
89
65
28
2
8
6
-18
-52
-72
-99
-143
-183
-202
-205
-200
-202
-242
-273
-261
-220
-190
-185
-193
-208
-193
-131
-77
-51
-45
-23
12
62
113
160
207
239
261
305
368
410
418
399
364
380
427
417
338
237
182
174
168
111
2
-91
-128
-117
-126
-183
-271
-332
-337
-320
-303
-322
-351
-341
-288
-242
-216
-177
-123
-56
-4
37
63
115
164
196
209
216
211
199
204
177
114
43
7
-36
-89
-140
-176
-224
-295
-325
-308
-292
-294
-278
-259
-222
-139
-50
11
66
125
198
284
349
386
401
412
431
451
441
409
357
297
233
146
67
16
-48
-152
-242
-306
-351
-351
-332
-360
-415
-431
-402
-341
-250
-202
-204
-178
-93
26
132
180
183
207
252
301
332
323
282
269
248
187
141
118
74
0
-71
-129
-169
-187
-202
-254
-294
-282
-268
-272
-262
-219
-183
-161
-122
-74
-15
47
118
145
155
208
271
276
262
267
248
214
187
170
144
110
66
19
-22
-35
-45
-90
-139
-156
-149
-127
-111
-114
-141
-149
-116
-57
-29
-37
-52
-46
-8
48
99
112
85
49
75
142
181
157
111
76
77
97
113
86
24
-32
-47
-22
-15
-35
-74
-101
-105
-73
-50
-66
-89
-89
-66
-39
-13
-17
-34
-34
-12
9
34
40
30
44
79
97
79
65
50
46
50
43
5
-26
-28
-39
-66
-96
-126
-154
-156
-167
-192
-196
-175
-163
-152
-117
-88
-59
-12
51
84
99
122
160
197
221
216
195
191
208
206
180
162
137
118
80
59
38
19
-11
-52
-105
-150
-158
-149
-151
-198
-225
-217
-162
-118
-129
-174
-167
-97
-26
-9
-23
-37
-4
37
66
64
44
42
36
19
1
-8
-44
-77
-117
-132
-122
-97
-87
-113
-140
-118
-58
-16
-16
-16
20
86
165
238
271
274
300
338
345
348
343
281
210
204
209
161
77
17
-13
-47
-73
-114
-189
-260
-272
-261
-245
-224
-229
-231
-192
-126
-80
-60
-38
1
32
45
62
86
112
140
157
170
160
119
87
105
125
83
18
-27
-44
-43
-26
-49
-110
-150
-129
-84
-75
-62
-38
-37
-50
-15
47
77
55
28
20
47
105
116
71
32
18
20
24
34
24
-12
-56
-75
-70
-56
-56
-94
-135
-132
-96
-77
-77
-82
-62
-25
7
6
-1
1
34
45
14
-22
-29
16
38
6
-36
-41
-30
-24
-33
-61
-62
-23
5
8
22
55
77
107
131
149
152
138
119
123
151
158
143
115
98
76
61
51
7
-43
-84
-114
-139
-164
-190
-213
-227
-245
-244
-237
-219
-203
-188
-157
-114
-66
-36
3
40
74
116
142
157
158
173
172
157
142
139
124
98
62
34
30
28
11
-34
-87
-132
-124
-104
-103
-127
-135
-101
-35
-22
-36
-31
-7
20
49
79
88
104
123
136
140
154
162
157
143
126
111
89
86
64
4
-41
-45
-46
-83
-117
-145
-163
-171
-165
-159
-168
-186
-175
-146
-122
-73
-26
-9
1
47
92
133
153
152
131
131
141
154
153
117
81
87
114
115
102
73
31
13
40
34
-16
-59
-81
-102
-102
-87
-79
-105
-126
-128
-123
-100
-94
-137
-178
-152
-84
-51
-60
-70
-55
-23
24
49
34
21
38
65
63
52
48
70
87
88
74
79
98
89
48
27
25
17
2
-28
-62
-82
-67
-68
-85
-94
-82
-82
-74
-52
-29
-9
-5
31
81
138
141
137
145
140
128
111
90
81
62
19
11
25
37
19
-17
-67
-79
-91
-112
-122
-137
-153
-157
-138
-133
-120
-105
-68
-47
-53
-55
-30
21
35
37
38
57
64
72
99
114
117
87
59
61
83
94
82
36
-7
-4
13
11
-9
-44
-66
-57
-38
-33
-40
-41
-48
-39
-30
-13
-19
-18
-10
27
54
52
54
45
42
50
68
47
43
59
51
12
-13
-4
9
7
-22
-49
-47
-25
-9
-26
-52
-52
-21
2
0
-17
-20
0
27
44