1
5
2
0
4
5
0
1
3
0
0
1
0
-1
2
4
1
1
3
3
3
1
1
-1
1
0
-2
-3
-2
0
0
-3
-5
-1
-2
-2
-3
-4
-3
-1
-2
-3
-2
-1
-1
0
-2
-3
-1
2
-2
-1
-1
-1
1
2
-2
-3
1
0
-3
-4
-3
-4
-1
-1
-1
-2
1
4
1
2
2
3
4
3
2
4
2
3
5
4
0
2
4
0
0
-2
-3
1
0
-3
-2
-1
1
-2
-1
1
-2
-3
0
1
-4
-3
-1
0
1
3
4
3
7
8
9
7
9
6
6
2
4
3
-1
-3
-4
-1
-2
-4
-3
-1
-2
1
-3
1
0
-1
0
0
-2
-4
-2
-3
-4
-6
-5
-5
-1
-2
-2
-2
4
9
5
5
8
11
8
5
5
1
-2
-1
-3
-7
-6
-7
-6
-3
-3
-3
-1
3
2
1
3
4
4
1
2
4
3
1
1
6
3
-2
2
6
0
-1
3
3
4
2
9
2
9
6
7
5
2
2
-6
-7
-6
-10
-15
-15
-18
-13
-10
-13
-16
-11
-7
-6
-7
-13
-13
-8
-8
-12
-12
-9
-5
-4
0
5
6
8
13
13
9
3
7
6
-1
-2
-3
0
2
-3
2
6
3
0
7
7
-2
0
6
6
5
8
5
10
13
13
7
13
14
14
14
17
13
13
14
8
4
-4
-8
-10
-15
-17
-17
-15
-11
-7
-2
-1
-2
-3
5
-1
-6
-11
-8
-12
-12
-15
-17
-17
-17
-23
-24
-24
-25
-22
-21
-14
-12
-5
0
5
10
15
19
24
29
31
38
40
41
35
37
34
30
26
18
11
5
5
-7
-11
-11
-9
-19
-14
-7
-10
-12
-6
-6
-10
-8
-5
3
-3
-2
9
15
8
8
8
14
7
7
8
11
9
9
10
12
13
7
7
9
14
10
10
12
15
15
12
5
4
4
-3
-6
-2
-2
1
11
13
17
19
25
14
0
-16
-33
-45
-66
-79
-94
-97
-92
-84
-95
-84
-71
-67
-57
-48
-47
-52
-34
-12
-15
-5
27
46
54
72
86
75
76
63
49
40
22
2
-1
8
20
50
72
70
100
126
118
104
80
43
21
12
-38
-71
-89
-83
-108
-103
-113
-113
-97
-75
-67
-63
-12
6
18
30
40
40
28
13
5
11
12
10
18
41
76
109
131
135
116
118
91
16
-62
-104
-164
-204
-211
-200
-148
-70
-12
70
167
193
205
223
194
93
37
0
-69
-129
-97
-39
-42
9
98
134
124
126
68
-42
-121
-197
-243
-273
-272
-213
-82
38
109
196
272
274
229
174
105
-18
-156
-236
-278
-295
-288
-208
-104
31
207
367
469
518
588
584
461
299
174
53
-139
-286
-365
-418
-458
-468
-421
-359
-295
-244
-198
-182
-155
-160
-180
-180
-166
-128
-70
60
158
233
335
459
491
437
403
347
240
141
62
4
-49
-39
2
18
23
32
1
-65
-110
-186
-223
-270
-253
-210
-144
-62
-3
42
51
19
-76
-169
-221
-302
-359
-363
-237
-113
26
154
279
360
387
387
290
200
80
10
-49
-70
-78
-47
14
116
168
139
127
83
-21
-158
-230
-330
-379
-377
-345
-360
-346
-232
-176
-137
-125
-52
-23
-74
-169
-292
-413
-583
-686
-804
-854
-826
-631
-380
-154
194
578
861
1178
1465
1527
1414
1511
1551
1302
1110
1153
1172
1055
1125
1237
1283
1218
1151
1018
833
508
92
-260
-589
-996
-1307
-1460
-1573
-1709
-1718
-1713
-1714
-1867
-2013
-2150
-2295
-2612
-2943
-3130
-3274
-3421
-3337
-3032
-2720
-2132
-1020
168
1079
2354
3989
5143
5773
6553
7211
7067
6593
6349
5640
4453
3404
2825
1970
1117
429
250
-68
-551
-1047
-1307
-1841
-2841
-3652
-4278
-5108
-6181
-6581
-6781
-6890
-6772
-5963
-5158
-4076
-2947
-1741
-598
539
871
1261
1672
1511
764
573
240
-414
-696
-376
-99
402
1619
2687
4143
5505
6917
7560
8516
8488
8095
6627
5710
3901
1820
-227
-1224
-2505
-3647
-3516
-3152
-2914
-2747
-1575
-1494
-1468
-2071
-2491
-3746
-4600
-6076
-6806
-7189
-7079
-6814
-5248
-3295
-1518
814
3332
5199
6455
7709
7873
7467
6528
5367
3665
2200
721
-449
-1004
-1292
-1590
-1480
-543
-716
-1521
-1827
-1769
-3934
-6038
-6896
-7920
-9620
-9951
-8586
-7467
-5533
-2786
1110
3763
6813
8932
11218
11667
11595
10943
10505
8311
6345
5715
4955
3398
2695
3613
3518
3159
3048
3155
1805
466
-1382
-3251
-5721
-8196
-10353
-11440
-12490
-13252
-12611
-11054
-9678
-7860
-4901
-2299
-472
1514
3670
4740
5243
5571
5709
5370
4740
4315
3967
3606
3075
3134
3441
2769
1970
2060
1657
-712
-1784
-2963
-4612
-6946
-7239
-8022
-8258
-7816
-5913
-4410
-2136
658
2729
5144
6919
8225
8631
9245
8235
7475
6510
5766
4085
3203
2753
2294
1924
1908
2033
2053
1906
1356
1026
120
-1429
-3021
-4365
-6195
-7856
-8838
-9617
-10248
-9940
-8854
-7508
-5867
-3944
-1792
438
2268
3627
4621
5101
5038
4756
4254
3170
2285
1506
1550
1018
469
226
942
-161
-1286
-1675
-2532
-4707
-5823
-5865
-6833
-7066
-5789
-3459
-2292
417
2992
5746
7227
8849
9509
10391
9461
8504
8014
7388
5623
4356
4339
3701
2561
2020
2287
1144
134
-769
-1422
-3032
-4785
-6335
-7298
-8952
-10348
-10895
-10856
-11048
-10495
-8841
-7085
-5531
-3409
-751
1410
3075
4612
6102
6754
6769
6814
6667
5821
4935
4478
4214
3154
2129
1641
1224
-720
-1931
-2935
-3998
-6085
-6585
-6372
-6056
-6246
-4542
-2116
-527
961
2949
5183
5467
5932
6662
7176
5678
5278
5321
5174
3926
3731
3998
3570
2682
2606
2542
1422
320
-419
-977
-2537
-4023
-5170
-6033
-7545
-8653
-8909
-9035
-9656
-9283
-7851
-6675
-5917
-4201
-1997
-435
837
2429
3977
4660
5053
5438
5802
5466
4606
3789
3398
2560
902
-403
-949
-1618
-3051
-3519
-3082
-3015
-2998
-1774
-174
835
2157
3742
5336
6147
7034
7442
7956
7317
6662
5820
5591
4095
2491
1637
1308
-169
-1301
-1502
-1809
-2922
-3289
-3079
-3835
-4732
-4934
-5249
-6372
-7056
-7457
-7507
-7692
-7455
-6768
-5343
-4110
-2875
-1083
758
1677
2583
3935
4252
4000
4076
4190
3292
2331
1573
1004
11
-1090
-2058
-2675
-2885
-3498
-3450
-2991
-2356
-2061
-398
876
1789
2569
4255
5016
5619
6506
7108
7183
7770
8431
7936
7868
7758
7016
5190
4576
3126
954
-895
-1591
-3428
-4889
-5238
-5571
-6539
-6757
-6506
-7056
-7358
-7196
-7299
-7535
-6918
-6482
-5803
-4623
-3450
-2543
-939
581
1370
2279
3522
3739
3614
3811
3402
1873
682
-103
-1696
-3818
-5019
-5282
-5756
-6002
-5265
-3513
-1918
-156
2235
4728
6045
7294
8870
9871
9536
9526
9979
10033
9495
9096
8911
8852
8068
6368
5047
4112
1875
-1011
-2333
-3640
-6518
-8223
-7974
-8990
-10731
-10277
-9737
-10639
-10795
-9498
-9224
-9049
-7667
-6084
-4689
-2845
-1067
551
2958
4430
5395
6649
7540
6779
6673
6873
4472
1210
235
-731
-5253
-7573
-7519
-8149
-9886
-8325
-6043
-4722
-3267
181
3277
4637
6244
7917
9824
10175
10021
10823
12617
11847
11249
12308
13170
11335
9487
8770
6877
3198
507
-1715
-4498
-7443
-9313
-9639
-9976
-11464
-11447
-9874
-9930
-10913
-9960
-8521
-9540
-9517
-7584
-6458
-6564
-4713
-2376
-754
832
2875
4941
6172
6982
7491
7692
5745
3783
2530
-25
-3855
-5889
-6401
-8089
-8889
-7513
-5339
-4252
-1545
1709
4130
5839
7807
9367
10412
10737
10847
11863
12380
12401
12130
12853
12613
11807
9640
8191
5738
3005
-796
-3159
-5487
-8584
-11073
-10824
-11511
-13527
-12734
-11518
-12215
-12673
-10614
-10362
-10552
-9310
-7590
-7053
-5237
-3206
-1751
721
3005
4243
6301
8463
8497
8493
8481
6769
4654
3076
-503
-3713
-4718
-5651
-8188
-7705
-6069
-5187
-3873
-264
974
2306
4585
6331
6318
7438
8414
8747
9839
11110
11944
12400
13163
12606
12773
11273
8195
5141
4293
37
-3821
-5336
-6381
-9878
-10415
-9562
-10398
-11897
-11287
-11009
-12322
-12351
-12031
-11669
-11533
-10365
-8978
-6151
-4419
-2674
185
3331
4551
5877
8169
8933
7459
6370
6548
4758
985
-1258
-1730
-3162
-5284
-5005
-3722
-3262
-2618
258
2563
3019
4136
6254
7275
6802
7383
8685
9312
8763
10399
12404
11945
10483
12075
12205
8182
5343
5127
1802
-3815
-4560
-5096
-9076
-11298
-9134
-9966
-11689
-10772
-10395
-12032
-12264
-11859
-12981
-12737
-12332
-12396
-10579
-6831
-5868
-3796
1361
4481
5391
9184
12297
11068
10240
10744
8888
5591
2715
-168
-2530
-3681
-5572
-6357
-5112
-4358
-4175
-799
1846
1427
3085
6315
6455
5631
7827
8623
7965
8609
10869
11024
10619
10329
11039
10712
7792
4843
4220
2090
-3253
-4447
-4225
-7688
-10935
-8130
-7953
-10662
-10276
-8384
-10390
-11724
-10346
-11130
-12345
-11866
-11006
-10230
-7323
-6046
-4476
-229
3003
3815
6941
10235
9217
8216
9532
8483
4407
2091
793
-1810
-3462
-4059
-4204
-3973
-2728
-1440
1242
3002
3236
4665
6915
6805
5800
7268
7807
6796
7057
9496
9743
8392
8474
10109
9211
5498
3696
3369
344
-4351
-4359
-4477
-8227
-9974
-6796
-6936
-9367
-8334
-6892
-8838
-10006
-8806
-9597
-10839
-10854
-9913
-8817
-6826
-6382
-4616
-762
1407
2151
5427
8007
6682
6696
8402
6848
2968
1598
640
-2080
-3540
-3720
-3762
-3450
-1791
-83
2536
4188
4990
6903
8942
8540
7816
9632
9667
8189
8470
10823
9929
8030
8064
9225
6955
2650
1082
325
-3365
-7818
-7178
-7355
-10760
-11523
-7418
-7471
-9685
-7714
-5737
-7912
-9228
-7375
-8188
-9830
-9550
-7836
-7034
-5439
-4425
-2386
1032
2680
3346
5975
7985
5983
5323
6523
4940
246
-1383
-1242
-3403
-4953
-4292
-2936
-2468
-303
2476
5109
5655
6889
9070
10281
9177
8639
10045
10032
8753
9042
11283
10232
8054
8464
9886
5957
1030
373
-574
-6549
-10220
-8650
-10317
-14354
-12626
-8394
-9828
-10622
-6999
-5746
-7957
-7655
-6138
-7602
-8660
-8278
-7188
-6224
-4961
-4565
-1506
2087
2824
3829
7707
8761
5922
6361
7544
3962
-1196
-1228
-2112
-5150
-6488
-4896
-4034
-3065
-588
2844
5354
6082
8084
11054
12136
10365
10925
13103
12316
10025
11321
13159
10194
7421
8537
8349
2116
-1896
-1827
-4255
-10806
-12134
-10214
-12662
-15506
-11893
-8383
-10427
-10141
-6438
-5741
-8093
-7185
-5792
-6738
-7744
-6782
-5118
-3903
-3315
-2297
1369
3603
3327
5057
8643
7200
4391
5978
6060
468
-2791
-1636
-3505
-6956
-6397
-4417
-4400
-3204
292
3198
4706
6184
8823
11453
11874
10984
12754
14667
13251
12175
14675
14975
10869
9310
10865
7445
38
-2294
-2741
-8120
-14156
-13273
-12670
-16684
-17272
-11872
-10651
-13074
-10206
-6552
-7669
-9067
-6250
-5751
-7206
-7053
-4730
-3543
-2320
-1388
601
3982
5156
5100
7462
9644
6467
5054
6635
4628
-1314
-2418
-1984
-5163
-7459
-5821
-4921
-5253
-2887
452
2685
3979
6084
8769
11059
11052
11174
13560
14639
12976
13537
16323
14531
10609
10888
11742
5658
-224
-865
-2868
-10124
-13238
-11692
-14088
-18232
-15837
-11837
-13741
-14189
-10275
-8680
-10713
-9500
-7157
-7726
-8317
-6765
-4760
-3332
-1835
-641
2514
5525
6066
7133
10549
10336
7174
7706
8201
3174
-1276
-1149
-2976
-6896
-7109
-5566
-5882
-5182
-1835
707
2518
4066
6187
8706
10196
9883
11257
13705
13480
13024
15334
16873
13780
12092
12920
11106
4683
1066
-726
-4794
-10900
-12919
-12972
-16003
-18635
-15853
-13006
-14925
-14247
-10341
-9350
-11441
-9306
-6918
-8052
-8809
-6082
-4128
-3532
-1961
185
2957
4990
6181
7988
10393
9116
7239
8510
7702
1974
-853
102
-2868
-6653
-5556
-4006
-5557
-4231
-197
1332
1625
4156
6802
7903
8740
9584
11373
12771
12823
13283
16008
16523
13620
12745
13979
10859
4109
1766
-31
-5743
-11684
-11737
-12867
-17217
-18274
-14007
-13213
-15645
-13226
-9761
-10735
-12453
-9312
-8649
-10544
-10423
-7084
-5975
-5228
-3040
-141
2790
4521
6390
8778
10459
8789
8721
9794
7518
2872
1917
1828
-1874
-3917
-2894
-2908
-4210
-2095
275
1080
1852
4259
6328
7436
8363
9418
11213
12103
12121
12849
14886
14274
11521
11281
11910
8156
2329
890
-652
-6357
-11136
-10353
-11763
-16545
-16049
-11735
-12859
-15307
-11681
-9376
-11926
-12263
-9086
-9886
-11708
-9958
-7356
-6881
-5410
-3090
-369
2699
4345
5789
8448
9627
7907
8252
9007
6077
2491
3021
2196
-1019
-1484
-69
-922
-1088
1242
2308
2361
3580
5335
6269
7486
8070
9190
11146
12044
11874
13435
15382
13147
10842
11585
10797
3998
-85
-725
-4629
-11701
-13141
-12202
-16016
-18607
-14503
-11684
-14806
-13357
-8913
-9149
-11792
-9434
-7978
-10268
-10596
-8036
-6859
-6534
-4068
-1877
1277
3907
5491
7569
10488
9949
8513
9919
8888
4374
2252
3072
22
-2703
-1663
-891
-2258
-803
1734
2078
2684
4446
6026
6853
8001
8480
10030
11671
12099
12261
14403
15008
12002
10912
11600
8345
1410
-843
-2203
-7628
-13568
-12810
-13045
-17258
-17393
-12199
-11960
-14577
-11053
-7761
-10009
-11541
-8308
-8622
-10816
-10029
-7351
-7010
-5813
-3451
-856
2172
4090
5510
8174
10200
8307
8117
9534
7140
2632
2850
2912
-841
-2201
-138
-556
-1786
470
2282
1905
2591
4664
5600
6475
7406
8510
10433
11854
11961
13186
15495
14533
11766
11748
11685
6405
961
-334
-3081
-9397
-13007
-12093
-14164
-17651
-16047
-11938
-13462
-14421
-10542
-8678
-11379
-11327
-8384
-9262
-10824
-9253
-6581
-6460
-5086
-2692
382
2606
3986
5810
8595
9391
7898
8862
9361
6560
3876
4998
3581
321
207
1643
144
-719
1205
1805
1259
1959
3793
4350
5278
6197
8063
9896
10904
11220
13277
14960
12760
10851
11733
10191
3115
-236
-941
-5697
-12834
-12940
-12198
-16618
-18021
-12618
-10753
-13952
-10840
-6584
-8039
-10796
-7820
-7624
-10486
-10655
-8278
-7947
-7477
-4952
-2546
701
3026
4698
7015
10145
9060
7975
9754
8840
4339
3690
4792
1451
-816
1151
1532
-773
434
2716
2146
1828
3793
4776
4956
5966
7094
8853
10299
10479
11209
13700
13754
10927
10526
11229
7146
1064
-171
-2240
-8367
-12822
-11856
-13304
-17000
-16088
-11657
-12043
-13589
-10017
-7542
-9810
-10980
-8206
-8692
-10854
-10271
-7258
-6943
-6234
-3552
-95
2124
3585
5902
8284
9209
8121
8678
9004
6987
4295
4706
3998
1418
747
1919
1245
165
1359
2204
1729
1700
3395
4105
4498
5471
7498
9089
9939
10698
12300
13688
12763
10913
10637
10058
5465
591
-730
-3239
-9253
-12649
-11583
-13702
-17214
-15022
-11156
-13165
-13513
-8890
-7922
-10934
-9934
-7188
-9387
-10780
-8605
-7031
-7585
-5593
-2968
-595
1970
4044
5908
8797
9730
8376
9696
10395
6880
4697
6198
4259
548
1333
2616
167
-448
2051
1810
350
1850
3254
3016
3750
5378
6642
8292
9263
10051
11890
13467
11600
10152
10963
9623
3618
469
-259
-4472
-10450
-11666
-11191
-14846
-16726
-13206
-10809
-13614
-11817
-7543
-7833
-10554
-8076
-6563
-9276
-10145
-7502
-6704
-7717
-5423
-2531
-289
1431
3991
6292
8532
8581
8519
9856
9084
6046
5499
6270
3693
1414
2801
3079
788
972
2889
1728
511
2039
2846
2285
2950
4866
6224
7473
8504
10309
11872
12696
11302
10489
10300
8087
2893
-26
-1790
-6006
-10952
-11920
-11877
-14995
-15954
-12294
-10730
-13023
-10766
-7193
-8393
-10447
-7846
-7214
-9930
-9936
-7092
-6885
-7126
-4346
-1505
447
2388
4881
7087
8721
8723
9131
9850
8569
6336
6146
5971
3288
1957
2921
2304
399
1072
1861
744
444
1791
2252
2259
3547
5261
6642
7831
9051
10320
11549
12007
10478
9379
9048
6964
2069
-553
-1840
-5535
-10357
-10800
-10539
-13977
-14866
-11147
-10250
-13032
-10283
-7092
-8745
-10562
-7221
-7129
-9834
-9205
-6539
-6990
-7156
-4308
-2232
-420
1525
3967
5977
8116
8158
8597
9795
8830
6204
6217
6426
3286
1793
3192
2534
60
963
2295
917
395
2190
2703
2500
3823
5434
6606
7751
8664
9634
10789
11013
9507
8566
8252
6058
1697
-510
-2001
-5423
-9503
-10275
-10365
-12926
-13902
-11148
-9980
-12083
-10170
-7151
-7886
-9722
-7003
-5976
-8155
-8185
-5395
-5307
-6120
-3783
-1325
-364
817
3461
5145
6398
7063
7732
8024
7539
6207
5732
5337
3542
2322
2778
2275
592
661
1490
670
23
1280
1945
1988
3169
5084
6167
7457
8735
9843
10652
11373
10324
8943
8527
6840
2538
-429
-1616
-5094
-9363
-10573
-10523
-13266
-14268
-11625
-10451
-11984
-10043
-6972
-7700
-8724
-6536
-5591
-7627
-7449
-5550
-5398
-5687
-3621
-1572
-313
1440
3538
5556
7133
7790
8012
8983
8373
6598
6040
5911
3606
1864
2469
1822
-268
-356
861
-91
-666
582
1518
1594
2740
4409
5449
6753
7781
8729
9493
10228
9778
8778
7864
6743
4324
736
-1460
-3430
-6461
-10047
-10463
-10896
-13080
-13334
-10519
-10304
-11491
-8795
-6828
-8149
-8470
-5503
-6096
-7671
-6293
-4237
-5013
-4205
-1577
-270
988
2968
4983
6133
7898
8107
8419
8980
8581
6699
6467
5943
3426
2204
2290
768
-1393
-834
-654
-1801
-1859
-142
472
1041
2579
4353
5682
7025
7896
9024
9930
10085
9287
8716
7742
5781
2949
203
-1902
-4552
-7537
-10146
-10274
-11610
-12916
-12303
-9870
-10769
-10409
-7784
-6856
-8359
-7201
-5083
-6575
-7115
-5223
-3788
-4816
-3013
-738
744
1767
3999
6023
7395
8244
8532
9674
9213
7802
6597
6695
4274
1894
1425
824
-1765
-2717
-1639
-2323
-3179
-1977
-65
135
1107
3006
4942
5784
6738
8033
9158
9306
9571
9469
8459
7165
5892
3272
234
-1401
-3676
-7359
-9284
-8867
-11070
-12582
-10538
-9112
-10941
-9458
-6533
-7313
-8413
-5958
-5030
-7326
-6532
-4288
-4590
-5135
-2440
-735
-121
1499
3914
5501
6621
7482
8144
8914
8225
6989
6601
5994
3394
1948
2017
403
-1954
-1702
-1231
-2800
-2900
-914
-229
-443
1370
3723
4505
5412
7092
8388
8598
9409
9887
8756
7364
6949
5190
1359
-863
-2094
-5111
-8795
-8901
-9216
-11537
-11634
-8682
-8736
-9753
-7133
-5289
-6786
-6922
-4474
-5206
-6811
-5598
-3920
-4824
-4167
-1706
-202
878
2640
4745
6385
7696
7537
8309
8850
7749
5855
5838
4637
1747
847
951
-1010
-3127
-2184
-2192
-3219
-2733
-1082
-883
-101
1844
3507
4280
5525
6812
8053
8794
9204
8770
8156
7634
6346
3846
811
-681
-2667
-5703
-8403
-8138
-9514
-11105
-9958
-7761
-8761
-8444
-5393
-4981
-6410
-5246
-3396
-5520
-6116
-4368
-3836
-5077
-3347
-1086
-397
934
3465
5512
6311
7544
8009
8890
8378
7095
5693
5202
3227
927
232
-699
-2633
-3708
-2669
-3182
-3608
-2618
-875
-451
721
2512
3921
5081
5959
7076
7853
8520
8419
7969
7353
6703
5455
2616
192
-1298
-3039
-6551
-8399
-8160
-9631
-10896
-9075
-7017
-8359
-7014
-4165
-4001
-5660
-3728
-2750
-5136
-5568
-3507
-3634
-5054
-2712
-628
17
1064
4199
5686
6298
7086
8035
8085
7159
5642
4602
3788
1517
-351
-863
-1564
-3796
-3968
-3026
-3410
-4140
-2287
-618
-416
600
3206
4642
5002
6568
8224
8650
8315
9304
9029
7753
6573
6138
3013
101
-866
-2424
-6358
-8266
-7300
-8928
-10362
-8622
-6352
-7862
-6659
-3933
-3894
-5627
-3960
-3115
-5443
-5704
-4080
-4076
-5163
-2765
-981
-21
1273
3892
5202
6239
6822
7046
7501
6517
4818
3717
3415
774
-831
-849
-1650
-3992
-3470
-2463
-3589
-3784
-1592
-560
-809
1134
3041
3887
4769
6565
7145
7676
7998
8552
8073
7263
6232
5596
3397
636
-421
-1484
-4863
-7223
-5938
-7215
-9343
-7810
-5015
-6881
-6368
-3054
-2831
-5157
-3315
-1838
-4535
-5089
-3042
-3310
-4928
-2540
-914
-787
251
2947
3954
4468
5395
5914
6154
5191
4016
3095
2648
356
-1122
-1232
-2107
-3986
-3883
-2977
-3926
-3925
-2221
-971
-853
813
2849
3995
4929
6315
7491
8027
8394
8873
8639
7653
6706
6025
3491
934
-303
-1696
-5186
-6897
-6363
-7653
-9168
-7359
-5529
-6819
-5610
-2911
-3141
-4721
-2825
-2329
-4554
-4735
-2985
-3584
-4303
-2004
-551
-205
1191
3638
4343
5050
5736
5913
5550
4696
3314
2180
1541
-400
-1746
-1971
-2466
-3854
-3608
-2985
-3490
-3387
-1766
-739
-527
947
2878
3955
4685
6053
7301
7979
8145
8850
8629
7766
6908
6443
3632
1004
323
-957
-4985
-6629
-5277
-6975
-8902
-6779
-4410
-6643
-5582
-2279
-2549
-5038
-2998
-1925
-4752
-5350
-3339
-3810
-5433
-3209
-1486
-1209
-777
1724
3155
3807
3745
4452
5190
4009
2430
2529
2462
-343
-1374
-488
-1405
-3691
-2762
-1696
-2927
-3002
-737
140
75
1695
3826
4660
5127
6526
7897
8221
7695
8507
8854
7471
5689
5937
3790
636
-356
-728
-4576
-6560
-4856
-6179
-8415
-6550
-3783
-6090
-5233
-2216
-2361
-4894
-2857
-2102
-4929
-5210
-3621
-4353
-5710
-3222
-2371
-2050
-1046
1236
1925
2938
3363
3647
4115
3407
2279
1967
2045
-210
-966
-368
-849
-2717
-1751
-917
-1813
-1754
77
726
644
2240
3715
4412
4983
6300
6992
7481
7405
7913
7960
6903
5547
5350
3662
715
-267
-898
-3880
-6126
-4821
-5560
-7543
-6407
-3724
-5031
-5162
-2413
-2159
-4334
-3538
-2170
-4511
-5541
-4113
-3940
-5616
-4182
-2501
-2262
-1828
138
1389
1738
2304
2877
3611
2780
2137
2052
2339
532
-182
403
-18
-1611
-1182
-189
-1295
-1401
193
1227
656
2016
3776
4598
4679
6003
7034
7210
6978
7714
7746
6281
5195
5140
3323
119
-369
-776
-3801
-6245
-4229
-4758
-6984
-5862
-2640
-4116
-4807
-1851
-1458
-4170
-3854
-2071
-4613
-5970
-4565
-4005
-5811
-4476
-2492
-1961
-1720
-57
1575
1736
1945
2421
3177
2031
1356
1429
1599
-89
-559
240
-129
-1381
-915
20
-751
-829
369
1345
1092
2055
3618
4592
4700
5848
7090
7461
7000
7968
8180
6660
5342
5672
3669
372
-38
-403
-3650
-5949
-4015
-4821
-6975
-5798
-2834
-4443
-4875
-2072
-1758
-4265
-3946
-2367
-4658
-5935
-4898
-4410
-6051
-4981
-3275
-2723
-2693
-1154
439
812
879
1433
2565
1713
1162
1518
2174
454
273
1238
993
-592
-21
915
-136
-459
791
1701
1230
2202
3737
4720
4798
5891
7075
7430
7022
7687
7824
6285
4941
5060
3312
181
-411
-486
-3317
-5521
-3932
-4259
-6209
-5179
-2417
-3645
-4090
-1651
-1251
-3585
-3537
-2380
-4410
-5913
-5352
-4919
-6297
-5541
-4264
-3321
-3156
-1968
-390
512
388
666
2194
1789
949
1265
2420
889
556
1659
1706
91
644
1720
771
156
1303
2299
1787
2453
3709
4745
4813
5702
6629
7188
6722
7080
7152
5908
4457
4175
2806
-84
-844
-1114
-3277
-5538
-4011
-4206
-5666
-4893
-2207
-3078
-3589
-1468
-1211
-3309
-3567
-2509
-4747
-6191
-5614
-5281
-6770
-6025
-4742
-4104
-3831
-2434
-1025
-227
208
877
2250
2232
1905
2273
3415
2252
1827
2551
2675
1016
1311
2027
1119
326
1562
2303
1692
2328
3830
4396
4274
5240
6026
6028
5604
6153
5732
4596
3607
3627
1712
-221
-576
-909
-3390
-4480
-3168
-3884
-5022
-3668
-1704
-3199
-2830
-1010
-1476
-3726
-3263
-3042
-5434
-6442
-5774
-5960
-7226
-5966
-4889
-4290
-4011
-2131
-852
-294
124
1459
2450
1834
2036
2983
3212
1849
2523
3120
2266
1300
2315
2106
926
999
2002
1858
1587
2594
3407
3668
3804
4759
5004
5073
4746
5507
5041
4113
3615
3826
2027
281
536
-205
-2676
-3637
-2146
-3508
-4613
-3237
-1604
-3219
-2742
-948
-1601
-3513
-3106
-2828
-5238
-6177
-5871
-6043
-7377
-6482
-5476
-4895
-4739
-3070
-1380
-991
-469
1129
2477
1688
2422
3755
3920
2643
3688
4335
3221
2378
3128
2799
1411
1483
2007
1815
1474
2268
2971
3246
3319
3960
4614
4505
4052
4812
4741
3498
2979
3646
1767
-52
417
201
-2873
-3540
-1714
-3126
-4835
-3017
-1135
-3295
-2807
-708
-1450
-3908
-2962
-2876
-5588
-6797
-6173
-6694
-8135
-7059
-6065
-5306
-5003
-3131
-1505
-320
-175
1346
3134
2922
2717
4138
5118
3425
3884
5059
4359
2444
3438
3558
1806
1139
2096
1876
1015
1652
2573
2692
2644
3351
4142
4075
3704
4290
4346
3438
2652
3171
1580
117
41
61
-2566
-3056
-1869
-2833
-4139
-2622
-1335
-3098
-2430
-1047
-1871
-3867
-2904
-3479
-5711
-6517
-6100
-7037
-7891
-6755
-6171
-5541
-4888
-3034
-1871
-627
-123
1534
2845
3008
3206
4659
5281
4195
4858
5580
4633
3270
4037
3286
1670
1232
1822
982
540
1311
1861
1890
2228
3177
3515
3691
3497
4168
3790
3084
2499
2807
1221
-104
293
23
-2158
-2593
-978
-2187
-3271
-1747
-464
-2421
-2014
-346
-1506
-3584
-3003
-3156
-5834
-6597
-6239
-7059
-8295
-7197
-6369
-5896
-5299
-3595
-2056
-991
-342
1200
2801
2856
3147
4574
5439
4369
4839
5687
4910
3398
3952
3537
1819
1137
1755
1203
383
906
1617
1712
1748
2578
3176
3339
3066
3780
3770
2965
2315
2835
1533
98
347
347
-1747
-2306
-866
-1880
-3046
-1707
-509
-2442
-2157
-697
-1741
-3846
-3253
-3472
-5914
-6588
-6179
-6945
-8044
-6893
-6237
-5666
-5046
-3482
-2143
-773
-205
1041
2744
3138
3288
4693
5859
4815
5161
6156
5559
3797
4211
3819
2035
1171
1729
1004
132
723
1352
1348
1433
2356
2796
3090
2926
3694
3644
3059
2547
3036
1952
436
737
729
-1246
-2287
-701
-1551
-3077
-2054
-377
-2228
-2600
-942
-1599
-4107
-3970
-3689
-6180
-7485
-6914
-7197
-8576
-7677
-6456
-5920
-5263
-3649
-1999
-806
5
998
2845
3518
3481
4540
6049
5502
4978
6182
6032
4159
3677
4114
2334
817
1309
1298
33
262
1282
1359
1236
2130
2704
2905
2973
3527
3707
3360
2997
3089
2792
1381
1206
1139
-47
-1694
-868
-1159
-2668
-2563
-1087
-2020
-3167
-1820
-1875
-3877
-4614
-3856
-5755
-7285
-7003
-6936
-8254
-7825
-6448
-6005
-5444
-3997
-2108
-1109
-64
989
2918
3555
3803
4697
6213
5700
5166
6104
5901
4040
3329
3699
1854
378
590
787
-571
-354
598
780
595
1522
2378
2461
2691
3465
4068
3541
3498
3853
3542
1952
1981
1977
392
-1259
-399
-790
-2653
-2456
-982
-2173
-3363
-1838
-1932
-4158
-4611
-3685
-5600
-7225
-6702
-6597
-8037
-7589
-6194
-5793
-5246
-3719
-1994
-829
368
1470
3259
4095
4356
5145
6475
6017
5253
5893
5601
3688
2817
2942
1162
-407
-108
-63
-1245
-1018
-6
209
191
1284
1949
2278
2664
3559
3974
3916
3997
4276
4140
2862
2659
2516
1414
-589
-265
-533
-2160
-2697
-1460
-2157
-3596
-2550
-2277
-4160
-5099
-4065
-5463
-7241
-6935
-6510
-7714
-7661
-6127
-5555
-5080
-3685
-1864
-768
397
1619
3096
4038
4304
4979
6084
5987
5101
5421
5434
3754
2519
2460
1129
-775
-873
-652
-1672
-1816
-791
-163
-285
817
1699
2293
2608
3461
4291
4412
4349
4452
5087
3750
3054
3106
2765
279
-215
404
-1189
-2725
-1712
-1165
-3480
-3233
-2110
-3422
-5571
-4629
-4753
-7142
-7514
-6509
-7028
-7984
-6348
-5309
-4842
-3887
-1971
-833
222
1296
2406
3554
3923
4324
5128
5820
4933
4871
5268
4375
2583
2363
1718
-332
-1207
-812
-1458
-2387
-1358
-590
-599
39
1582
1977
2481
3503
4585
4849
5059
5414
5638
5331
4228
4006
3535
2100
147
300
-603
-2491
-2925
-1971
-3324
-4617
-3397
-3524
-5580
-5934
-4800
-6502
-7814
-6897
-6476
-7724
-6941
-5234
-4894
-4167
-2479
-937
-166
1135
2029
3285
3910
4219
4626
5595
5267
4405
4829
4551
2816
1745
1816
93
-1374
-1173
-1123
-2216
-1759
-707
-494
-100
1414
2184
2613
3793
4786
5456
5741
6086
5963
6374
5220
4289
3957
3307
749
-179
83
-1904
-3622
-2715
-2460
-5080
-4658
-3263
-4751
-6781
-5333
-5332
-7719
-7565
-6203
-6917
-7798
-5708
-4687
-4530
-3449
-1403
-473
519
1723
2695
3663
4106
4328
4881
5365
4390
4014
4328
3300
1496
1195
708
-1199
-1837
-1256
-1823
-2396
-1185
-354
-247
891
2481
2896
3793
5062
5919
6136
6653
6634
6583
6186
4949
4155
3629
2044
-348
-469
-1280
-3396
-4176
-3086
-4420
-5864
-4484
-4171
-6316
-6525
-4948
-6406
-7738
-6446
-5770
-7095
-6319
-4345
-4040
-3576
-1966
-434
391
1554
2275
3425
4244
4263
4423
5374
5050
3775
4125
4021
2115
761
1088
-470
-2154
-1935
-1590
-2698
-2375
-990
-547
47
1491
2759
3464
4831
5595
6584
7145
7211
6913
7379
6370
4574
4440
3662
830
-977
-252
-2324
-4616
-4004
-3277
-5686
-5866
-3967
-5152
-6972
-5875
-5163
-7405
-7271
-5850
-6153
-6997
-5184
-4002
-3870
-3088
-1346
-137
612
1381
2454
3744
3790
3852
4773
5360
3989
3781
4310
3049
937
860
320
-1874
-2577
-1945
-2431
-3201
-1845
-713
-278
612
2557
3587
4469
5505
6754
7580
7408
7417
7776
7473
5267
4736
4460
2276
-713
-538
-1153
-4165
-4925
-3426
-4560
-6700
-4952
-4198
-6433
-6973
-5071
-6046
-7800
-6453
-5473
-6504
-6308
-4167
-3708
-3432
-2204
-497
380
1045
1802
3185
3982
3515
3936
5137
4699
3135
3671
3730
1500
62
489
-903
-2964
-2503
-1895
-2907
-2627
-661
78
467
2178
3832
4505
5555
6659
7567
7786
7842
7700
7850
6594
4853
4518
3531
771
-1219
-774
-2676
-4882
-4534
-3609
-5748
-6122
-4249
-4975
-6805
-6073
-5078
-7001
-7210
-5986
-5958
-6755
-5333
-4094
-3796
-2958
-1567
-297
602
1398
2079
3466
3742
3514
4176
4980
3793
3028
3640
2622
519
148
95
-1958
-2725
-1921
-2070
-2676
-1295
19
383
1461
3253
4230
5068
6399
7178
7931
8207
8136
7881
7791
6072
4641
4146
2502
-485
-1462
-1571
-3984
-5382
-4330
-4460
-6483
-5604
-4331
-5821
-6921
-5491
-5568
-7340
-6750
-5704
-6100
-6399
-4661
-3895
-3487
-2702
-1139
-45
615
1301
2431
3535
3252
3521
4379
4450
3092
3170
3271
1637
237
348
-421
-2252
-2197
-1536
-1959
-1978
-515
519
1005
2279
3831
4758
5775
6648
7679
8188
8184
7729
7928
7019
4898
4025
3377
942
-1730
-1496
-2543
-4962
-5307
-3918
-5387
-6659
-4988
-4681
-6735
-6711
-5069
-6196
-7265
-5998
-5143
-6064
-5420
-3776
-3328
-3187
-1941
-491
267
858
1758
3142
3598
3526
4156
5003
4193
3276
3610
2950
965
112
164
-1440
-2754
-2242
-1950
-2522
-1902
-348
229
1138
2694
4083
4862
6082
7071
7905
8249
7980
7820
7606
6244
4261
3760
2399
-368
-1984
-1690
-3433
-5373
-4623
-3982
-5742
-5922
-4198
-5062
-6590
-5658
-4816
-6516
-6614
-5214
-5236
-5994
-4692
-3448
-3320
-2887
-1450
-129
472
1059
2193
3547
3481
3583
4542
4941
3460
3170
3501
2047
96
7
-408
-2428
-2798
-2003
-2054
-2475
-1035
219
897
1946
3628
4691
5497
6461
7441
8122
7723
7430
7466
6802
4465
3573
2983
716
-1863
-1700
-2325
-4763
-5078
-3692
-4675
-6157
-4549
-4203
-6044
-6201
-4696
-5799
-6949
-5811
-5178
-6056
-5632
-4028
-3610
-3242
-2105
-646
333
1132
1885
3257
4009
3849
4233
5161
4460
3165
3380
2974
847
-310
-144
-1587
-3104
-2601
-2012
-2605
-2022
-340
589
1364
2991
4419
5210
6252
7274
8039
8103
7911
7674
7422
5830
4172
3488
2169
-442
-1790
-1767
-3523
-5143
-4617
-4271
-5993
-5935
-4670
-5542
-6829
-5850
-5382
-6872
-6761
-5633
-5781
-6210
-4742
-3695
-3351
-2524
-976
232
1043
1771
2752
3962
3940
3917
4602
4928
3538
3118
3303
1986
188
72
-497
-2350
-2725
-1800
-2134
-2356
-964
451
994
2219
3922
4811
5715
6618
7597
7798
7843
7307
7285
6398
4523
3427
2883
907
-1601
-1607
-2260
-4434
-5121
-3854
-4895
-6236
-4885
-4367
-6128
-6299
-4799
-5767
-7014
-6031
-5429
-6302
-5735
-4111
-3720
-3184
-1634
-246
583
1592
2421
3357
4000
3941
4003
4624
4167
2975
2951
2715
1017
-97
-60
-1309
-2777
-2382
-1958
-2608
-2078
-416
312
1094
2897
4213
4797
6052
7140
7512
7637
7680
7214
6688
5646
4016
3178
2107
47
-1531
-1483
-2872
-4599
-4241
-3760
-5307
-5593
-4203
-5050
-6403
-5624
-5070
-6828
-6894
-5746
-5995
-6509
-4958
-3846
-3543
-2358
-722
363
1219
2242
2911
3917
4019
3913
4257
4635
3447
2856
3153
2107
339
101
-181
-2109
-2674
-1935
-2293
-2815
-1433
-264
56
1351
3054
3775
4610
5988
6601
6920
7167
6991
6542
6168
4726
3528
3052
1645
-559
-1016
-1101
-3165
-4055
-3033
-3509
-5235
-4350
-3616
-5424
-6117
-4859
-5557
-7302
-6369
-5525
-6300
-6036
-4117
-3461
-3000
-1394
53
817
1821
2732
3320
4041
4101
4037
4395
4363
3241
3019
2967
1657
298
232
-721
-2341
-2342
-2020
-2742
-2652
-1199
-607
-144
1442
2813
3339
4551
5791
6254
6573
6946
6576
6179
5511
4101
3146
2396
640
-1079
-1061
-1927
-3694
-3711
-2938
-4277
-5061
-3818
-4274
-6119
-5801
-5009
-6638
-7313
-5958
-5751
-6493
-5167
-3497
-3162
-2336
-527
686
1383
2453
3359
4093
4401
4507
4750
4941
4164
3470
3530
2688
1068
360
5
-1622
-2607
-2326
-2527
-3178
-2296
-1060
-705
149
1897
2948
3587
4826
5882
6370
6549
6696
6433
5988
4834
3833
3087
1875
48
-661
-962
-2442
-3362
-2903
-3213
-4539
-4235
-3847
-5148
-6092
-5408
-5850
-7194
-6818
-5971
-6265
-6086
-4388
-3454
-2843
-1578
21
882
1816
2761
3511
4153
4291
4458
4609
4566
3620
3440
3158
2009
712
409
-482
-2031
-2358
-2323
-2872
-3027
-1860
-1276
-806
539
1950
2698
3692
4942
5590
6186
6541
6380
6142
5873
4755
3717
3282
2027
271
-169
-476
-2165
-3020
-2407
-3116
-4517
-4136
-3839
-5460
-6067
-5266
-5920
-7185
-6402
-5612
-6162
-5738
-3975
-3237
-2832
-1311
130
906
1759
2814
3412
4071
4175
4195
4341
4251
3291
2912
2794
1527
255
-12
-759
-2402
-2673
-2452
-3113
-3269
-2040
-1397
-1090
357
1948
2605
3590
4983
5725
6219
6646
6576
6354
6167
5037
4077
3628
2404
523
131
-323
-2237
-3089
-2494
-3363
-4931
-4364
-4106
-5668
-6145
-5129
-5837
-6896
-5947
-5186
-5739
-5204
-3503
-2901
-2359
-871
497
1175
2156
3081
3619
4105
4208
4166
4198
3883
2951
2595
2201
874
-267
-601
-1539
-2959
-3092
-3087
-3687
-3575
-2417
-1859
-1397
171
1557
2400
3595
5019
5668
6419
7070
7026
6914
6834
5849
4680
4286
3012
1042
170
-237
-2110
-3295
-2975
-3533
-4997
-4753
-4209
-5407
-5993
-5123
-5320
-6415
-5822
-4948
-5221
-4980
-3539
-2672
-2161
-758
552
1316
2202
3204
3655
4030
4249
4061
4009
3786
3058
2292
1973
991
-292
-1066
-1742
-2966
-3596
-3599
-3898
-3967
-3069
-2129
-1467
-199
1346
2579
3699
5114
5981
6800
7377
7499
7352
7227
6295
4963
4451
3280
1247
-35
-347
-2022
-3535
-3418
-3623
-5038
-5214
-4386
-5227
-6109
-5519
-5270
-6299
-6154
-5221
-5216
-5162
-3899
-2782
-2273
-1126
271
1179
1864
2758
3346
3733
3814
3673
3638
3485
2751
2055
1849
1028
-189
-858
-1285
-2545
-3290
-3258
-3450
-3798
-3051
-2073
-1569
-420
1192
2475
3483
5061
6186
7018
7814
8210
8042
7889
7395
5925
4889
3952
2153
259
-432
-1501
-3351
-3870
-3690
-4628
-5535
-4797
-4690
-5728
-5706
-4976
-5483
-6048
-5197
-4693
-4907
-4236
-2848
-2188
-1540
-212
961
1603
2293
3001
3389
3513
3341
3187
2959
2370
1520
1098
478
-659
-1518
-1895
-2710
-3685
-3704
-3608
-3724
-3342
-2133
-1320
-422
1095
2652
3749
4919
6319
7143
7841
8190
8336
7992
7518
6374
5201
4116
2603
828
-406
-1318
-2894
-3871
-4107
-4473
-5427
-5245
-4853
-5264
-5618
-4974
-4799
-5360
-4953
-4188
-4116
-4078
-2902
-2071
-1673
-755
524
1170
1686
2542
2991
3024
3050
3005
2630
2083
1479
826
195
-657
-1532
-2112
-2597
-3323
-3685
-3568
-3445
-3221
-2329
-1269
-488
786
2329
3481
4463
5815
6738
7168
7836
8115
7775
7315
7054
5779
4474
3588
2276
365
-838
-1614
-3214
-4281
-4526
-4948
-5828
-5654
-5232
-5555
-5520
-4809
-4504
-4642
-3974
-3305
-3116
-2691
-1851
-1201
-730
152
884
1471
2039
2467
2653
2693
2633
2165
1824
1236
532
-215
-742
-1528
-2269
-2663
-3051
-3457
-3578
-3289
-3068
-2529
-1604
-546
452
1726
3098
4237
5343
6336
7110
7583
7994
7984
7636
7183
6573
5441
4146
3088
1698
83
-1329
-2342
-3683
-4758
-5240
-5567
-6131
-6128
-5600
-5494
-5374
-4695
-4023
-3908
-3415
-2665
-2307
-2095
-1382
-792
-495
-2
703
1077
1379
1710
1910
1887
1762
1516
1139
715
87
-440
-962
-1525
-2197
-2447
-2712
-3038
-3049
-2621
-2296
-1809
-774
322
1281
2427
3866
4864
5776
6733
7515
7747
7963
8017
7546
6857
6161
5112
3603
2407
1143
-441
-1951
-2912
-3986
-5030
-5460
-5600
-5904
-5872
-5278
-4935
-4745
-4152
-3497
-3252
-2929
-2364
-2066
-1868
-1453
-1023
-793
-475
-21
263
493
720
865
878
862
669
362
61
-347
-843
-1308
-1706
-2197
-2517
-2632
-2693
-2651
-2248
-1616
-969
-48
1035
2124
3127
4292
5296
6045
6730
7314
7599
7564
7506
7087
6373
5571
4658
3308
1953
831
-520
-2010
-3073
-3812
-4709
-5287
-5305
-5238
-5253
-4775
-4141
-3806
-3436
-2754
-2309
-2135
-1756
-1388
-1216
-1111
-718
-568
-415
-225
46
160
225
345
319
323
76
-88
-409
-652
-1142
-1463
-1821
-2190
-2470
-2537
-2468
-2387
-1953
-1295
-505
315
1362
2407
3357
4305
5192
5875
6335
6731
6931
6871
6603
6213
5615
4728
3794
2800
1595
257
-781
-1831
-2996
-3841
-4188
-4653
-5005
-4721
-4291
-4166
-3737
-2959
-2559
-2330
-1777
-1376
-1300
-1145
-839
-850
-866
-716
-687
-709
-689
-626
-694
-601
-726
-817
-880
-919
-1231
-1338
-1352
-1614
-1792
-1741
-1706
-1829
-1503
-1132
-743
-216
680
1446
2206
3102
3903
4614
5227
5722
5941
6151
6154
5888
5584
5166
4471
3685
3013
2057
972
123
-756
-1772
-2530
-3039
-3639
-3977
-3969
-3943
-3865
-3431
-3036
-2757
-2283
-1795
-1603
-1341
-984
-886
-893
-740
-714
-873
-918
-950
-1153
-1324
-1368
-1526
-1694
-1804
-1877
-1955
-1972
-1990
-1938
-1802
-1686
-1516
-1253
-928
-653
-208
326
843
1453
2177
2897
3452
4107
4684
5105
5356
5578
5588
5382
5187
4820
4266
3586
3067
2331
1492
730
63
-730
-1468
-1924
-2407
-2871
-3113
-3053
-3104
-3064
-2725
-2349
-2122
-1815
-1372
-1154
-1027
-817
-665
-757
-842
-877
-1040
-1358
-1610
-1836
-2118
-2449
-2589
-2697
-2828
-2904
-2713
-2514
-2405
-2091
-1648
-1261
-976
-460
30
414
809
1388
1866
2312
2847
3450
3914
4279
4675
5008
5114
5067
5012
4763
4360
3843
3376
2745
2065
1468
963
313
-314
-713
-1117
-1621
-1946
-2056
-2260
-2442
-2319
-2161
-2124
-1911
-1501
-1283
-1192
-888
-675
-653
-720
-657
-781
-1054
-1315
-1638
-1981
-2491
-2859
-3209
-3442
-3791
-3874
-3716
-3561
-3375
-2876
-2203
-1790
-1187
-391
246
614
1236
1879
2195
2562
3083
3494
3774
4128
4473
4643
4750
4746
4653
4406
3987
3504
2950
2340
1618
1102
570
52
-351
-583
-840
-1095
-1087
-1189
-1276
-1263
-1083
-1149
-1079
-860
-711
-648
-472
-258
-256
-234
-183
-263
-486
-724
-976
-1411
-1916
-2482
-2992
-3516
-4116
-4537
-4755
-4889
-4988
-4607
-4064
-3580
-2878
-1834
-961
-250
691
1556
2082
2579
3190
3559
3761
4036
4326
4430
4503
4517
4524
4374
4046
3657
3257
2733
1952
1402
852
272
-279
-419
-647
-862
-783
-561
-491
-451
-107
-1
67
143
271
191
176
218
145
110
8
-45
-211
-356
-682
-1006
-1356
-1915
-2511
-3091
-3707
-4426
-4899
-5320
-5652
-5753
-5558
-5224
-4729
-3876
-3013
-2057
-1046
42
917
1784
2552
3187
3685
4114
4440
4636
4787
4844
4845
4704
4508
4146
3770
3231
2634
1949
1320
668
22
-426
-774
-1000
-1127
-974
-821
-579
-241
140
429
674
952
1048
1091
1067
1042
884
783
642
505
325
105
-161
-499
-896
-1462
-2035
-2710
-3424
-4187
-4800
-5406
-5893
-6160
-6185
-6058
-5652
-5011
-4215
-3295
-2253
-1188
-165
862
1784
2609
3306
3928
4392
4759
4978
5092
5068
4950
4716
4341
3884
3355
2706
2049
1382
718
102
-378
-762
-1083
-1175
-1175
-1067
-881
-541
-205
99
495
859
1149
1299
1512
1555
1540
1484
1405
1253
1032
878
558
225
-227
-695
-1307
-1940
-2674
-3437
-4073
-4748
-5325
-5754
-5954
-6053
-5896
-5466
-4937
-4237
-3377
-2408
-1513
-554
401
1288
2125
2872
3542
4069
4556
4840
4985
4985
4882
4608
4216
3754
3198
2592
1984
1363
785
295
-132
-478
-708
-837
-937
-864
-733
-528
-331
32
374
669
1016
1343
1551
1630
1755
1707
1607
1400
1215
904
540
112
-377
-895
-1506
-2122
-2812
-3414
-4103
-4624
-5072
-5369
-5633
-5586
-5348
-4999
-4502
-3837
-3080
-2329
-1494
-706
71
765
1497
2154
2751
3229
3673
4018
4207
4244
4164
3997
3634
3197
2701
2229
1677
1176
779
421
105
-54
-137
-214
-206
-90
13
143
386
607
821
1089
1333
1498
1680
1751
1760
1700
1600
1381
1128
884
481
114
-327
-753
-1347
-1804
-2370
-2945
-3551
-3985
-4430
-4829
-4976
-5029
-4941
-4682
-4175
-3676
-3009
-2314
-1575
-843
-159
430
978
1510
1884
2179
2467
2686
2791
2874
2886
2789
2645
2480
2205
1883
1576
1273
939
692
472
282
185
132
130
120
235
333
517
693
926
1125
1348
1568
1714
1835
1897
1924
1858
1774
1605
1343
1051
704
285
-195
-657
-1207
-1750
-2267
-2794
-3292
-3689
-3962
-4263
-4317
-4283
-4113
-3914
-3465
-3028
-2531
-1987
-1414
-834
-336
171
565
991
1258
1514
1715
1948
2006
2085
2182
2200
2119
2028
1942
1732
1530
1299
1123
856
692
514
406
307
247
250
242
347
393
563
683
881
1035
1220
1385
1471
1622
1640
1677
1557
1483
1227
944
583
204
-272
-784
-1216
-1713
-2132
-2538
-2842
-3114
-3241
-3353
-3342
-3249
-3086
-2922
-2689
-2372
-2094
-1779
-1430
-1072
-725
-344
-1
284
582
855
1078
1239
1399
1463
1503
1527
1476
1375
1296
1207
1086
1003
940
880
813
821
792
777
814
838
896
962
1060
1132
1254
1356
1434
1495
1558
1586
1525
1523
1418
1282
1080
905
571
292
-69
-430
-809
-1194
-1531
-1894
-2127
-2432
-2560
-2696
-2709
-2768
-2676
-2575
-2466
-2315
-2165
-1955
-1774
-1526
-1267
-980
-721
-428
-119
134
384
588
759
842
896
913
879
838
769
748
720
749
777
850
931
1009
1077
1149
1232
1277
1353
1411
1505
1555
1674
1718
1780
1804
1810
1760
1698
1592
1437
1290
1091
882
615
380
74
-242
-572
-897
-1266
-1582
-1866
-2182
-2444
-2615
-2734
-2812
-2832
-2770
-2678
-2511
-2343
-2117
-1888
-1655
-1409
-1141
-884
-651
-419
-172
57
216
397
542
633
682
740
769
742
751
813
840
869
962
1057
1126
1234
1321
1396
1471
1534
1604
1669
1757
1794
1860
1904
1875
1839
1756
1578
1381
1153
868
565
288
10
-236
-448
-638
-793
-935
-1065
-1213
-1336
-1517
-1679
-1870
-2039
-2171
-2266
-2331
-2332
-2253
-2153
-1958
-1748
-1490
-1262
-965
-718
-470
-248
-39
117
253
377
414
487
484
491
450
460
436
423
491
592
672
816
1024
1174
1303
1433
1549
1600
1634
1642
1637
1632
1598
1551
1483
1367
1205
1051
812
573
340
11
-285
-398
-675
-849
-799
-932
-905
-759
-865
-865
-769
-991
-1137
-1234
-1492
-1683
-1762
-1915
-1975
-1912
-1820
-1611
-1420
-1159
-900
-662
-385
-153
-68
114
267
208
301
361
292
330
421
357
432
577
620
745
984
1132
1253
1451
1574
1636
1655
1722
1638
1543
1533
1448
1295
1254
1147
940
857
699
470
332
183
-48
-181
-275
-444
-546
-602
-674
-742
-776
-801
-882
-956
-1040
-1153
-1305
-1421
-1551
-1673
-1761
-1833
-1867
-1838
-1751
-1680
-1518
-1333
-1141
-906
-672
-474
-298
-115
56
192
263
378
475
555
671
764
852
999
1101
1211
1384
1510
1609
1738
1836
1874
1885
1869
1816
1702
1580
1432
1252
1082
885
646
464
281
75
-93
-174
-282
-379
-419
-461
-520
-545
-588
-664
-712
-793
-891
-1004
-1081
-1225
-1364
-1450
-1529
-1638
-1687
-1695
-1695
-1682
-1603
-1502
-1396
-1218
-1037
-885
-706
-494
-349
-165
5
136
289
471
613
723
869
1037
1131
1209
1335
1414
1462
1560
1636
1651
1681
1718
1675
1616
1521
1379
1201
1028
819
593
406
229
45
-96
-163
-247
-312
-328
-307
-340
-350
-335
-366
-438
-461
-529
-649
-757
-867
-1003
-1145
-1257
-1406
-1509
-1577
-1619
-1671
-1641
-1586
-1539
-1425
-1274
-1134
-989
-790
-609
-456
-268
-42
109
272
487
673
825
1021
1181
1294
1441
1548
1583
1629
1657
1600
1566
1545
1439
1327
1251
1110
933
785
624
427
261
108
-25
-107
-166
-197
-192
-154
-122
-87
-47
-20
-24
-57
-85
-162
-258
-344
-453
-616
-764
-905
-1072
-1215
-1381
-1528
-1623
-1692
-1752
-1747
-1711
-1631
-1505
-1347
-1167
-950
-732
-498
-260
-56
159
380
569
749
954
1106
1266
1409
1538
1632
1710
1737
1735
1709
1638
1541
1397
1271
1113
913
746
592
413
267
155
32
-58
-106
-144
-164
-138
-97
-83
-42
5
2
-30
-52
-125
-241
-331
-438
-589
-699
-804
-956
-1079
-1171
-1295
-1426
-1504
-1590
-1651
-1667
-1646
-1611
-1520
-1369
-1204
-1026
-804
-583
-389
-153
56
224
407
600
760
924
1091
1248
1400
1538
1639
1708
1740
1730
1681
1593
1481
1339
1171
999
817
627
459
310
179
55
-36
-97
-132
-154
-138
-120
-90
-62
-42
-29
-52
-107
-176
-257
-358
-470
-581
-676
-777
-865
-952
-1026
-1093
-1153
-1234
-1285
-1313
-1337
-1330
-1282
-1231
-1158
-1017
-876
-738
-559
-380
-203
-11
168
331
497
681
845
998
1152
1305
1424
1522
1596
1600
1565
1517
1411
1273
1146
996
820
670
521
366
240
126
5
-86
-127
-178
-218
-220
-220
-213
-188
-178
-174
-175
-180
-215
-262
-309
-371
-437
-502
-582
-665
-742
-808
-886
-967
-1023
-1077
-1130
-1156
-1147
-1147
-1107
-1026
-949
-845
-705
-564
-407
-220
-39
124
320
504
648
800
947
1057
1161
1257
1321
1344
1351
1338
1274
1193
1097
959
821
702
559
426
320
204
106
37
-21
-72
-108
-121
-131
-129
-117
-101
-86
-61
-45
-45
-49
-63
-105
-154
-223
-304
-390
-491
-600
-708
-809
-914
-1007
-1093
-1160
-1206
-1234
-1243
-1221
-1173
-1092
-983
-858
-718
-543
-358
-180
5
177
349
512
645
760
868
958
1022
1070
1104
1116
1104
1068
1019
951
879
793
715
634
552
492
430
385
343
303
275
258
244
232
220
214
211
194
181
153
108
63
-8
-97
-177
-270
-385
-494
-602
-707
-798
-894
-985
-1060
-1129
-1191
-1239
-1274
-1294
-1284
-1254
-1192
-1098
-982
-839
-667
-494
-310
-113
77
265
433
589
742
867
973
1046
1110
1164
1180
1172
1148
1115
1065
1009
932
859
807
739
689
650
610
580
549
504
458
400
328
257
172
82
2
-78
-152
-228
-308
-371
-435
-497
-547
-597
-644
-685
-739
-798
-851
-912
-974
-1030
-1080
-1122
-1148
-1161
-1163
-1135
-1080
-1004
-918
-808
-678
-542
-383
-236
-79
84
246
398
531
663
765
857
937
980
1009
1033
1023
998
976
931
894
855
808
769
746
721
698
685
657
629
596
542
473
390
291
195
99
-7
-111
-201
-272
-337
-389
-432
-466
-483
-498
-513
-532
-556
-588
-626
-674
-732
-793
-859
-914
-953
-980
-987
-976
-947
-885
-807
-715
-610
-493
-361
-232
-102
22
150
278
393
493
575
645
707
754
768
763
741
716
689
651
610
575
555
540
525
519
508
491
470
440
406
368
321
263
205
162
113
67
27
-17
-49
-68
-94
-127
-144
-162
-180
-203
-240
-281
-320
-377
-445
-520
-596
-664
-731
-778
-810
-817
-800
-769
-721
-660
-573
-480
-381
-291
-196
-87
18
115
201
297
388
470
529
574
618
641
647
630
604
575
533
487
449
412
376
353
326
296
267
236
203
170
125
86
57
29
1
-32
-49
-60
-78
-92
-96
-97
-97
-98
-113
-114
-124
-150
-181
-217
-269
-327
-391
-472
-543
-603
-666
-709
-725
-729
-704
-664
-619
-555
-470
-373
-270
-165
-47
69
189
297
389
480
564
634
688
734
766
779
776
746
705
663
600
536
468
404
345
292
239
185
135
90
36
-18
-78
-134
-177
-221
-263
-300
-318
-319
-307
-299
-272
-247
-221
-191
-178
-173
-171
-187
-212
-250
-289
-335
-388
-444
-498
-543
-580
-602
-612
-598
-560
-514
-449
-362
-267
-158
-54
52
166
277
385
489
570
647
722
780
817
837
838
826
795
740
673
602
527
438
352
270
190
120
59
-3
-58
-112
-163
-203
-246
-280
-303
-311
-309
-301
-280
-253
-221
-186
-161
-133
-113
-105
-104
-111
-133
-169
-203
-250
-310
-366
-426
-484
-537
-578
-605
-614
-608
-589
-543
-486
-412
-327
-220
-104
10
141
270
393
514
620
708
787
837
857
858
824
772
703
619
529
428
343
248
158
79
6
-57
-111
-156
-193
-206
-230
-254
-264
-266
-261
-257
-233
-207
-176
-131
-98
-63
-31
-9
1
10
9
-10
-44
-88
-137
-197
-263
-340
-414
-484
-539
-571
-592
-596
-577
-536
-475
-396
-314
-212
-99
18
129
250
370
482
583
681
765
813
839
836
804
744
653
546
447
343
244
157
83
8
-51
-93
-127
-157
-179
-193
-204
-201
-211
-219
-210
-200
-189
-161
-134
-111
-82
-54
-44
-43
-47
-61
-78
-103
-134
-165
-199
-238
-278
-325
-373
-403
-429
-450
-451
-432
-394
-347
-293
-225
-142
-54
31
117
215
310
398
469
527
587
633
657
667
658
627
587
531
441
341
246
149
61
-20
-88
-139
-176
-200
-219
-228
-230
-222
-211
-191
-179
-155
-124
-103
-84
-61
-43
-31
-14
-18
-18
-28
-39
-66
-91
-120
-160
-198
-221
-250
-282
-315
-342
-363
-372
-372
-374
-351
-313
-251
-199
-124
-48
38
129
209
286
361
436
486
518
548
561
551
528
498
450
383
313
240
167
86
13
-56
-117
-170
-212
-239
-259
-267
-273
-265
-239
-225
-202
-170
-143
-128
-106
-84
-69
-53
-39
-14
1
17
25
36
41
39
21
4
-22
-60
-90
-122
-158
-177
-197
-205
-201
-187
-166
-134
-88
-45
9
63
119
162
216
254
288
319
337
339
336
329
306
276
241
187
137
103
55
-1
-52
-93
-135
-170
-184
-208
-222
-212
-213
-203
-185
-167
-151
-121
-98
-82
-60
-33
-17
-1
17
30
43
55
58
67
72
69
71
71
72
60
51
35
19
6
-9
-24
-33
-41
-51
-52
-46
-45
-39
-33
-27
-21
-17
-5
-2
13
26
31
37
54
65
56
50
40
17
-14
-28
-45
-69
-77
-80
-69
-61
-36
-30
-25
-12
-5
-6
-8
1
-13
-12
7
2
-7
7
20
20
32
36
33
36
41
38
35
31
35
56
75
92
105
106
104
105
80
48
29
12
-20
-37
-51
-61
-56
-47
-36
-26
-8
6
15
21
21
19
12
15
8
-3
-20
-29
-38
-49
-75
-89
-88
-81
-69
-47
-34
-24
-3
8
17
12
10
5
0
-7
-9
-22
-28
-34
-40
-35
-41
-43
-35
-21
-18
-5
11
21
22
31
42
55
57
56
62
62
48
20
16
13
-10
-27
-27
-29
-24
-12
-15
-14
-2
9
13
11
1
-1
6
-5
-23
-25
-35
-41
-41
-45
-38
-35
-26
-24
-9
-15
-9
8
31
32
40
49
51
51
44
37
29
30
13
13
11
3
-15
-29
-29
-36
-47
-47
-41
-32
-15
-2
8
23
35
43
47
51
59
53
59
73
60
42
52
55
31
24
12
-7
-17
-37
-62
-62
-80
-95
-93
-89
-91
-83
-81
-82
-73
-56
-63
-64
-51
-39
-17
0
12
30
65
96
105
92
105
106
105
90
64
41
46
39
10
-12
-32
-38
-53
-77
-81
-62
-45
-15
-5
1
26
49
48
42
37
41
43
62
53
52
65
82
78
74
73
51
32
15
-3
-28
-57
-93
-83
-88
-127
-141
-99
-114
-120
-121
-121
-122
-72
-43
-60
-51
-19
6
27
78
76
95
119
135
109
131
145
131
82
62
56
35
-2
-65
-83
-69
-55
-69
-103
-101
-67
-69
-74
-61
-47
-45
-2
16
13
17
57
77
106
121
118
103
86
100
74
31
18
27
12
-1
-25
-45
-98
-105
-126
-151
-168
-159
-149
-159
-129
-76
-45
-72
-65
-28
12
1
-6
13
67
148
170
128
167
255
229
127
100
100
61
12
-40
-96
-73
-9
-3
-53
-94
-108
-88
-99
-183
-197
-131
-84
-78
-37
29
55
85
119
110
105
153
171
141
134
184
216
148
70
84
130
28
-74
-80
-62
-112
-164
-183
-217
-151
-130
-143
-120
-55
-25
-7
46
-41
-84
-25
56
35
-4
7
81
227
243
109
77
160
163
73
38
32
3
36
56
-7
-92
-52
-36
-105
-155
-159
-170
-187
-150
-156
-136
-121
-66
-24
0
53
12
33
71
113
50
66
98
101
77
81
79
36
10
-46
-57
-73
-29
-50
-73
-115
-69
-39
-44
-69
-64
-57
-20
16
-13
-38
6
71
47
46
4
29
35
61
10
23
51
62
73
101
101
43
66
73
42
-67
-34
-17
-33
-59
-54
-41
11
32
-42
5
67
49
22
110
57
40
96
93
20
-4
15
-38
-16
-32
-84
-113
-64
-97
-127
-112
-98
-113
-104
-80
-76
-49
18
33
1
55
122
113
77
68
36
20
11
-24
-50
-26
-9
-26
2
35
-8
35
78
48
3
60
92
71
32
23
23
19
6
-43
-34
-19
32
47
33
16
73
90
50
42
47
10
-10
16
-25
-84
-74
-51
-100
-127
-104
-65
-45
-48
-49
-58
-43
-47
-53
-62
-68
-37
16
32
15
28
57
82
94