4
-1
-1
-2
1
3
6
4
5
4
3
1
0
2
1
5
5
5
5
10
4
0
2
-3
-12
-9
-3
4
8
7
9
12
4
-7
-11
-12
-11
-14
-19
-17
-10
-3
-1
4
2
1
2
-1
-7
-15
-10
-1
5
7
7
4
8
11
9
-2
-9
-14
-14
-11
-9
-4
-2
-4
-4
-10
-14
-12
-13
-5
1
-4
-3
3
6
5
2
-2
-5
-1
0
1
7
9
7
15
17
11
12
12
11
1
-3
2
5
0
-6
-9
-9
-3
-1
1
0
-1
-10
-8
-2
0
-2
-8
-3
6
9
5
3
0
1
-6
-10
-4
4
6
3
3
-1
-6
-8
-7
-10
-10
-11
-3
1
-1
-1
2
7
5
-1
-3
-1
2
1
0
8
15
19
18
11
4
4
0
1
1
1
-3
2
13
15
13
8
9
11
12
6
-2
-7
-2
5
6
-3
-10
-11
-5
0
-1
-9
-9
-5
-1
-5
-8
0
6
8
7
2
-1
13
8
3
-1
-1
3
10
6
10
6
-4
-1
2
1
-3
-7
-5
0
0
-6
-15
-14
-7
0
-6
-8
-6
-3
-3
-11
-17
-24
-19
-7
-2
-11
-10
0
7
10
1
4
14
22
12
-4
-8
10
20
5
-9
-14
3
2
-2
-4
5
7
4
0
1
-2
-10
-9
-15
-16
-13
-7
-3
1
-1
8
13
10
1
6
2
2
1
-2
-6
-8
10
23
19
3
2
5
3
-16
-30
-26
-10
-10
-24
-7
21
19
6
-6
-17
-13
0
-7
-18
-9
11
29
28
15
4
11
19
17
20
21
10
4
23
25
20
19
14
9
8
-5
-11
3
1
-10
-17
-20
-15
-3
3
-7
-17
-10
-9
-9
-2
10
6
30
34
9
-16
2
27
12
-12
-27
-24
-30
-33
-23
-28
-56
-86
-78
-38
0
-6
-30
-9
16
37
29
52
50
35
47
68
64
47
35
22
28
31
16
-1
-6
-7
-6
27
15
-33
-62
-40
4
27
0
-53
-49
-8
1
-44
-63
-64
-32
12
24
13
22
20
4
14
-12
-65
-56
-21
-26
-41
-21
4
30
33
9
-16
-25
-20
-41
-75
-49
9
49
34
36
48
58
43
26
20
10
11
13
25
40
57
34
25
29
45
15
-28
-44
-20
-30
-26
10
38
29
6
0
-24
-43
-59
-63
-59
-35
-31
-35
-4
49
68
15
-52
-76
-72
-65
-48
-44
-36
10
69
107
96
86
73
48
5
-16
4
40
76
94
128
169
186
128
38
-38
-60
-63
-76
-112
-74
-13
2
0
5
-30
-91
-123
-183
-217
-202
-166
-178
-143
-59
-31
-59
-37
19
32
-10
-61
-70
-71
19
101
88
70
146
195
150
151
140
109
72
131
132
111
126
173
181
117
96
87
95
49
13
19
34
15
15
31
39
70
66
-66
-176
-178
-169
-241
-278
-256
-193
-92
-29
-22
-62
-27
32
39
-26
-59
-47
-69
-114
-168
-192
-132
-15
26
-102
-236
-220
-135
-70
-92
-90
-14
112
105
18
-9
88
173
134
47
9
13
-47
-56
-9
17
26
31
109
112
41
11
54
104
87
47
-36
-106
-94
-27
-25
-35
-15
35
91
195
312
374
387
338
257
174
183
218
195
158
244
390
477
362
131
-51
-126
-118
-97
-116
-161
-165
-290
-343
-231
-52
17
-77
-218
-331
-355
-321
-319
-312
-176
-28
-30
-185
-251
-223
-162
-161
-158
-183
-148
81
219
166
-4
25
147
186
124
86
152
203
237
213
273
451
510
431
238
98
-17
-155
-351
-480
-390
-252
-85
21
139
201
135
-22
-162
-259
-378
-355
-295
-286
-281
-225
-195
-131
-94
-118
-249
-332
-319
-287
-245
-146
20
161
201
153
122
95
59
15
17
92
211
282
308
394
587
707
659
592
558
592
606
461
256
150
208
266
261
325
298
172
81
122
110
-2
-125
-268
-270
-112
-42
-216
-400
-376
-257
-223
-260
-354
-505
-501
-382
-301
-188
-149
-202
-199
-16
61
-24
-245
-317
-204
102
298
220
-69
-162
-35
153
385
388
254
-913
-2056
-1864
16
36
-2940
-5127
-3174
473
617
-2501
-4887
-2892
772
2033
249
-1204
419
2893
3949
3121
3210
4578
5808
5937
5685
6951
5927
2059
-1348
2547
7184
3389
-5847
-8066
-769
3984
910
-7138
-9998
-5865
-66
-1088
-6219
-7703
-5055
-1009
1032
-46
-3296
-1973
2917
4720
2702
1414
2236
3643
5700
5232
2409
1269
3137
3711
1761
186
-760
-1336
-1539
-1818
-3253
-6747
-9004
-7286
-2256
-2565
-8606
-12433
-7245
683
1000
-5487
-9175
-2852
4569
5454
1373
718
4381
9171
11751
9311
6632
8783
13802
15451
9633
-103
-3723
8183
17222
3698
-17179
-15518
3488
9892
-1802
-17236
-18358
-6766
2686
-2998
-13320
-14067
-8043
-489
3022
-153
-6565
-3113
6040
8841
6234
4258
3373
4593
10584
11239
4755
1536
5654
6907
4424
2733
48
-3430
-2473
-185
-3057
-7880
-8220
-8157
-10240
-9777
-6299
-6403
-11883
-13899
-8313
439
1578
-5139
-9887
-2326
9583
10786
1731
-2213
5128
14181
15552
9983
4796
7916
16547
21135
16308
3763
-6625
-2841
15319
17925
-6116
-27870
-16484
8096
9967
-9520
-25610
-20025
-5479
1798
-6852
-16424
-15692
-6526
2887
4010
-1054
-5428
1658
10071
11799
8037
6039
6836
11016
15655
11698
4636
4354
9193
7624
2935
450
-1854
-4507
-3994
-3810
-7908
-13773
-15878
-13206
-7573
-7254
-15863
-22955
-15458
303
3540
-8300
-16366
-5348
11446
15184
5007
-2493
2596
15484
22529
15691
5351
6490
17689
23608
20537
13409
2638
-4870
1693
16061
11433
-13539
-29020
-15296
5554
4131
-15448
-28511
-21101
-6198
-746
-9298
-17901
-15602
-5005
4600
5407
-445
-3401
4852
14229
14863
10172
8431
10645
14627
17163
12175
5952
6422
10249
6804
881
-1339
-2050
-4213
-5540
-7955
-15806
-20420
-15440
-7497
-11387
-22110
-25301
-14159
-1193
-708
-10874
-15800
-4436
10107
12674
3653
-396
5430
14958
19226
16205
11290
11242
17264
21633
21003
17563
13533
4848
-2852
1468
12470
5990
-17706
-28129
-12604
3048
-3158
-20060
-27511
-18568
-6386
-4661
-13183
-17693
-12767
-3576
4284
5189
268
-318
8919
16013
14643
12142
12516
13191
15438
17436
13125
7263
8267
9501
4520
-91
416
-2794
-7730
-10619
-13940
-19795
-19331
-12920
-14611
-21445
-23473
-15336
-9467
-7106
-8775
-9298
-5900
1173
7683
7371
6146
7442
13118
15890
16745
17598
17462
16971
17326
21106
19997
18986
14564
4082
-7180
-435
13807
3945
-22481
-31697
-12108
1888
-6272
-23893
-28680
-18676
-6634
-4085
-12945
-17685
-12282
257
7363
6288
1257
1569
10580
17474
17956
13258
11881
12447
16540
17746
12911
6956
6224
7320
2947
-469
-2368
-5354
-13012
-16340
-15348
-14018
-17098
-21863
-22177
-16840
-9673
-11312
-16295
-14778
-1816
4911
-233
-5191
1892
12596
15211
13154
9734
10485
16151
23680
21688
14453
13256
17797
20475
19547
14482
-358
-11270
-2624
12347
3079
-23137
-31627
-12817
1999
-6242
-22315
-26303
-17184
-6013
-2984
-9487
-15169
-10981
577
9106
8215
2414
1848
10060
17714
18243
13358
9653
10486
15313
17077
11311
4718
4211
5440
2981
-783
-3092
-8611
-15745
-17133
-11679
-10047
-17404
-23870
-20279
-9400
-4694
-9908
-17199
-12318
1342
7486
521
-4819
1759
11787
16084
13115
8064
7726
14976
21430
18389
11476
9429
13466
16654
15433
10882
2313
-7566
-9869
1851
7608
-9311
-30387
-26138
-4145
1771
-11555
-24295
-20333
-9134
-1517
-3395
-8923
-10317
-4783
6128
11430
8143
2478
6585
14348
17023
15216
12255
9475
9173
13940
13450
6143
1200
2634
2233
-1623
-2350
-5862
-14102
-18426
-11878
-7678
-14556
-21776
-19491
-9836
-5757
-8268
-13942
-11414
-1336
6145
3280
-2931
26
8685
15270
12842
8274
6943
11983
17285
16981
12297
7901
9566
12734
13918
10097
7164
572
-8439
-10815
781
6785
-10487
-30791
-24917
-553
4639
-11694
-24338
-16429
-3816
697
-2835
-7801
-7841
-1363
9247
10947
5236
2154
9513
15876
14772
12111
10016
8277
8670
13863
11431
2331
-1952
1861
1890
-2143
-3971
-9265
-16531
-15996
-7100
-8708
-19287
-21756
-12084
-5075
-7989
-11729
-11099
-4663
1548
4167
679
-1274
4116
11811
13222
8358
7181
9706
13157
14043
12994
8845
6454
9710
11715
9479
6101
7406
4586
-5116
-13505
-8108
5329
696
-21681
-32330
-11052
7459
-638
-18278
-18096
-6736
-1477
-16
-1488
-2766
-3733
3170
9045
8950
6745
8356
11745
10793
11946
11577
9475
6387
9733
10231
3436
-1849
266
2090
-2784
-6260
-9152
-12878
-14539
-10458
-9933
-16203
-18190
-12212
-7006
-8684
-9459
-6619
-3583
-1780
1287
3577
2661
3837
8347
10521
8438
8965
10888
10059
9539
11593
10229
6075
6478
8724
6864
6133
7864
7406
-732
-10457
-14074
-2824
8737
-2996
-27227
-28460
-1269
12050
-1632
-18913
-16032
-4639
2954
4258
320
-4302
-4413
5357
12592
11394
5457
5765
9282
10323
11658
11122
7455
3012
6304
7388
2144
-2487
-770
-1544
-6104
-6100
-7658
-13864
-15724
-7091
-6465
-16867
-19893
-9002
-1242
-5346
-9689
-8442
-2030
3657
5909
2470
749
4771
10002
10825
8255
7336
7064
8244
9347
9455
5780
3210
4723
6903
6156
5136
4834
3211
-2388
-9116
-10685
-959
5553
-8119
-26654
-19658
5183
9370
-7792
-18295
-8557
1586
3529
1374
-422
-1826
125
8000
10902
7520
4111
7494
8836
8259
9695
9411
4353
1559
6154
5993
286
-2683
-528
-2636
-5834
-5860
-7912
-12678
-11458
-5597
-8767
-16754
-15156
-4268
-463
-6176
-10881
-7222
1017
6075
4681
-555
-441
6119
12063
9459
4409
4103
6983
8513
8190
6804
3103
2666
5771
7574
4493
3485
4463
4747
1702
-4990
-11482
-7823
5272
2733
-17511
-25888
-4738
10947
316
-14929
-11218
-1155
585
1484
2085
-476
-3285
3915
10643
8097
3151
4665
8654
7893
8997
8692
4586
365
5362
9251
3317
-3406
-3115
-1217
-3110
-3463
-6331
-12656
-13953
-6761
-4813
-13357
-17184
-9424
-515
-2033
-8300
-9552
-2661
5079
6325
1635
-1659
2583
9613
11320
6308
3023
4265
7547
9304
8485
4105
1255
4044
7721
6455
3915
2862
3363
2846
-1852
-10450
-10539
2396
4469
-13362
-24759
-7843
7974
898
-11586
-8225
-380
-861
-548
2396
2822
-410
2613
7146
7041
5531
7087
8455
5770
7256
9576
6957
1212
3530
7631
3391
-2833
-3173
-1597
-4412
-5430
-6049
-9991
-12608
-9185
-6970
-12557
-14827
-8750
-2334
-4644
-8589
-6756
-1180
3301
3806
1792
-205
3499
8509
8501
4438
4106
6863
7650
7416
6793
5123
3522
5309
6248
4701
3251
3627
3420
3732
478
-8776
-14113
-2762
8419
-3673
-23156
-19147
2399
8291
-1833
-9365
-6367
-2767
1493
5925
5056
-406
-2089
4858
9467
8854
5717
5699
5596
7152
9556
7052
999
395
6527
6063
-1556
-5955
-4450
-3388
-3704
-4576
-9724
-14561
-11180
-4779
-7069
-14869
-13713
-4410
712
-3803
-7960
-4813
1725
5607
4830
1523
57
4712
9514
7872
4019
4347
6411
6463
7244
6606
3237
1768
4919
6305
3164
1605
2015
3813
2521
-4225
-13149
-9333
5844
5627
-14121
-24710
-6192
10418
5016
-8868
-8496
-1889
505
3210
5260
2835
-2854
1394
8354
9578
5847
5076
5648
4496
7460
8232
3571
-1462
3569
7055
940
-5432
-4817
-2061
-3413
-3822
-7073
-11693
-12229
-6408
-4568
-10857
-13600
-8090
-235
-965
-5131
-6781
-2335
3922
6671
3182
-2273
563
7556
10374
6079
3508
3161
4625
7726
8821
4348
-337
2302
5437
4940
2110
1746
397
2306
2517
-4802
-13835
-6786
8786
3505
-17148
-21845
-767
10566
2727
-8096
-6553
-2614
600
4983
4889
617
-2629
3611
8195
8335
4700
4196
4585
4850
6780
5738
2615
63
3545
3950
-516
-4294
-3222
-1618
-3367
-4689
-6930
-9273
-9856
-6400
-5444
-9680
-11726
-6118
202
-1707
-6248
-4942
701
3756
3324
1485
73
2818
7963
8644
3674
1622
4774
7415
6538
4099
1700
674
2854
5046
3945
637
-14
1435
4170
2681
-4439
-11665
-6170
6646
4536
-12958
-19733
-2678
10102
3880
-7455
-6201
-1679
-6
3150
5285
1193
-4416
1222
8928
8673
2598
2079
4000
4249
6531
7093
2036
-2958
2685
6697
821
-5655
-3161
-291
-2288
-2760
-4162
-9125
-11253
-4330
-1842
-9120
-13955
-7491
-138
-1420
-5492
-6365
-2922
1283
4990
3319
-934
-446
5921
8904
4665
2343
4072
5568
4213
4804
4427
1997
2017
4400
4268
523
1349
3399
4400
2508
-2043
-9159
-8848
4957
8940
-7136
-22254
-8475
9564
7191
-5834
-7021
-1892
-1717
1994
5866
3210
-4358
10
8190
7783
2991
3123
5224
3110
5886
7892
3205
-2572
2519
7230
791
-4555
-2265
128
-3561
-3137
-2372
-7525
-11913
-7739
-2906
-8052
-12437
-9837
-3562
-3004
-5029
-6783
-5291
615
4532
2643
-2092
244
5245
7329
5617
4422
3693
2743
4603
6602
5903
1832
666
2657
4331
3493
1680
1786
2685
4867
1845
-5935
-10552
-1234
9879
2165
-15646
-17344
1808
11060
3158
-7309
-6195
-2216
1647
5662
4553
-977
-3206
3953
7806
6171
3473
4395
3496
2936
6159
6836
2816
-531
2203
2182
-742
-1674
-278
-2305
-5542
-4443
-3737
-6780
-10465
-9207
-6828
-7390
-9555
-9437
-6219
-3649
-3741
-5169
-3722
863
3739
2652
819
1971
4626
6566
6458
4264
2549
3583
5712
5294
3476
2007
1337
1737
3005
3154
1934
1670
1494
1835
1248
-2311
-6943
-2930
6081
2432
-11230
-12992
2140
8797
1186
-5681
-2002
824
891
3369
4704
908
-2248
3080
7310
6006
2680
2319
1657
2605
7226
7038
-21
-4077
1352
4330
462
-2222
-1927
-4027
-6509
-3048
-2088
-6591
-10647
-8677
-7206
-7566
-6301
-5998
-7264
-7317
-2894
-1408
-1596
-116
3577
2940
81
1411
5429
7004
4804
3338
2152
2594
4243
5282
2519
-439
-136
1571
2392
2471
2012
412
-124
2286
5283
2159
-5745
-7535
2753
8573
-1254
-12673
-6438
6085
6512
-1074
-2784
326
73
406
2611
2424
-1055
575
5283
4177
-212
64
4206
4629
4204
3550
541
-2068
1465
5480
1864
-3276
-3506
-2281
-3681
-3295
-916
-2902
-7703
-9138
-5907
-4366
-4634
-5100
-5861
-7173
-5897
-1270
1412
612
-1347
-1000
592
3341
5432
4490
1332
44
2322
4044
3571
1488
-148
-804
912
2333
1510
79
868
2156
2578
2904
3324
3892
1990
-1823
-3552
3513
8307
436
-10763
-5941
6461
6744
-1648
-3806
-11
-1621
-3222
-20
3430
659
-1869
-345
738
1841
4054
5237
950
-316
3224
4835
1629
551
2554
1045
-1286
-1220
-756
-2800
-2216
-373
-3359
-7879
-6888
-2372
-3206
-6156
-6726
-5349
-5262
-4138
-2205
-2250
-2492
-1147
512
271
1238
2816
2586
882
1043
2636
2940
2237
1607
1601
1038
1012
1619
2635
2753
2232
2210
2397
3449
4491
6695
5010
-861
-5835
186
9944
6302
-8420
-13305
-465
8133
3948
-5017
-6660
-5483
-1910
2690
2951
-2210
-5896
-976
3930
4979
2837
1942
434
1187
5485
6520
2348
-755
2110
2796
482
-23
801
-1430
-3867
-1979
-2034
-4601
-5840
-3531
-4215
-7104
-7611
-5808
-3876
-3812
-4435
-6674
-5512
-991
2699
753
-2294
-1267
1974
4309
4556
3413
756
284
3186
5655
4438
1524
640
1175
2991
4482
4623
2733
1631
3097
4812
6465
4732
-619
-5971
-1030
7600
3940
-9009
-11414
202
4243
-1373
-5406
-1940
-2185
-3648
-1411
1156
-91
-1258
2380
2803
1733
2076
4887
3550
3155
5367
3658
-1065
-55
5971
4310
-1425
-3178
-2115
-3093
-2037
461
-3297
-8894
-8617
-3783
-3348
-5679
-7732
-8179
-6392
-3444
-2403
-4506
-3900
-1122
992
367
1093
3322
4877
4378
3088
2837
3288
5178
6468
4997
873
-451
2287
4688
4131
2093
224
-724
1228
4736
5288
3671
1292
-2447
-6304
-1268
8552
5457
-9994
-15040
-981
8379
3523
-4130
-4345
-4391
-2990
3137
6068
886
-4070
-358
3221
3809
4125
4409
675
-1025
3421
5223
1291
-819
1761
663
-2711
-2355
-1132
-3672
-5633
-3544
-3819
-6611
-7040
-4595
-4205
-5270
-5788
-6158
-4923
-1778
-261
-2967
-4136
-158
4651
4915
2694
2290
4037
5488
5535
4377
2586
1870
2620
3163
1729
313
-80
245
437
937
570
-210
-222
1110
2231
3193
4231
1847
-3543
-4562
4897
10240
966
-10876
-5833
6066
7147
794
-1835
-1456
-2621
526
4420
2763
-2740
-2366
1516
2365
1608
1112
53
-1693
767
2923
542
-2992
-2165
-325
-1599
-2692
-3208
-4138
-4878
-2347
-1105
-3688
-5915
-4457
-1724
-1444
-2397
-4180
-4263
-1829
1539
1288
-1539
-2197
1120
4823
4715
1531
-577
896
2986
3116
1143
-790
-1499
-393
682
-65
-1554
-1781
-545
-34
295
671
1818
2613
3955
4684
5356
5491
3836
1379
2889
8717
6758
-3176
-7205
2359
8077
2433
-4070
-2824
-1194
-2124
-441
582
-2668
-6054
-2448
1126
276
-1630
-1528
-2191
-2030
1866
2684
-1731
-3826
80
1681
-918
-1535
-769
-1698
-2012
1125
1149
-2390
-3831
-1019
645
-323
-1540
-3032
-3330
-1213
1681
52
-3348
-3276
393
2052
279
-1858
-2279
-945
148
54
-1898
-2990
-1920
224
287
-829
-830
69
902
2057
4003
4729
4180
4219
6306
8327
9650
8138
3447
-840
3080
9942
6147
-5915
-8301
1497
4759
-1546
-5703
-3564
-4844
-6266
-2787
-396
-4326
-6834
-2785
-556
-1266
-895
429
-1707
-1417
3389
4597
211
-1573
2041
3359
2296
2091
1202
-1766
-1129
3460
3304
-1729
-4206
-1512
-167
-1260
-2449
-3050
-3517
-2875
-2136
-3589
-5081
-3602
-744
-915
-3622
-4822
-3089
-648
405
-197
-1860
-2464
-400
2782
3699
2360
1028
1353
3703
7423
9214
6878
3495
4133
7967
10848
10787
5968
-2026
-4920
3646
10167
1620
-11425
-10020
-780
270
-4032
-5010
-5313
-8428
-7000
-2037
-1251
-4213
-3734
-1058
-1148
-673
1672
2545
1074
2642
4804
2858
866
3709
6568
3882
1000
682
568
248
2288
2525
-1728
-4756
-3053
-763
-1400
-2987
-5169
-6881
-5317
-2199
-3171
-7026
-7325
-3905
-2006
-2391
-3106
-3213
-2534
-164
2106
2175
1204
1457
3130
4483
5334
5405
4508
3973
5397
8012
8156
6124
4320
5177
6493
7577
6784
1924
-4517
-4632
3275
4281
-6017
-14011
-7571
-321
-1724
-5969
-6149
-6232
-6793
-3177
-11
-1158
-3800
-1637
1224
2318
2642
3066
2598
2813
5793
6466
3700
1789
3936
4993
3300
1662
325
-1362
-1416
1351
909
-3145
-6186
-5221
-3893
-3567
-4214
-6428
-8253
-6889
-3847
-4554
-6864
-6360
-2842
-1101
-1518
-2214
-1282
1308
3772
4536
3576
3494
4399
5951
6797
6589
5008
3566
4511
6633
7410
5092
2449
1271
2921
5322
6407
3174
-3730
-8184
-4361
3618
1862
-8895
-14136
-6270
378
-1152
-4630
-4118
-4367
-4931
-1193
2689
1520
-1572
275
2969
3618
3927
5058
3775
2451
4843
6119
3208
1146
3386
3439
289
-1024
-470
-1702
-2532
-751
-1819
-5876
-6993
-3912
-3360
-5542
-6782
-7203
-7315
-5017
-2080
-3878
-7210
-5543
340
3142
1600
-615
-220
3157
7018
7957
5177
2979
3595
6249
7456
6359
3192
1055
2154
4746
5043
1897
-1018
-1444
1297
3455
3403
-572
-5610
-7606
-2409
3723
-375
-10488
-11537
-1029
3575
-669
-4138
-1972
-1870
-1522
2590
4355
650
-1425
2796
4578
3492
3372
4254
2067
1938
5193
4443
50
-425
3090
1933
-1324
-1865
-1857
-3864
-3673
-1348
-3193
-6573
-6653
-4295
-4618
-4804
-4396
-5382
-6283
-3517
-470
-2081
-3795
-1592
2402
3238
2456
1634
2309
4428
6680
6422
3828
2174
2684
4418
4723
2893
-414
-1542
400
3039
2563
-410
-2809
-2074
1053
3682
3708
-356
-5564
-6463
757
6242
781
-8725
-6909
2182
4526
657
-625
11
-1989
-976
3364
3854
-757
-1662
1562
2494
1840
2297
1913
-318
1103
3920
1871
-2051
-848
2272
568
-2255
-2583
-2594
-3539
-2094
-875
-3446
-5930
-4464
-2191
-2764
-3006
-2892
-3660
-3755
-829
559
-1837
-2947
272
3799
3396
1286
-158
1303
4329
5860
3380
248
-233
1500
3073
2613
189
-2522
-1915
987
3029
1741
-414
-1510
-135
2651
5082
4772
253
-4331
-3384
4162
6843
-172
-7671
-4010
3256
3698
-28
-1251
-1420
-2928
-1099
1917
1199
-2412
-2018
669
1180
656
1046
1012
-147
1195
2542
866
-1263
472
2463
480
-1455
-1200
-897
-2097
-1396
-566
-2024
-3680
-2844
-1486
-1920
-1716
-1645
-2563
-3228
-1017
215
-1617
-3084
-863
2137
1947
-191
-1526
169
2671
3410
1238
-913
-1269
332
2210
2001
-351
-2199
-454
2208
3569
2395
847
-331
1349
4652
6828
5190
169
-3313
-1190
5957
6347
-1620
-7928
-3050
2523
1556
-1406
-1393
-2492
-4936
-2485
1111
497
-2807
-1958
-360
-192
640
2352
1468
-438
1323
2818
1335
113
2067
2329
-145
-642
408
-268
-1865
-482
330
-1136
-2758
-2098
-1461
-1173
-526
-1487
-3648
-3994
-1255
-618
-2518
-3913
-2091
1
285
-1122
-2201
-825
1558
2552
729
-932
-1237
656
2728
2882
394
-1279
506
3426
4872
3747
1799
456
2748
6452
8145
4980
-442
-3573
-163
6083
4638
-4130
-8402
-2599
1638
-71
-2383
-2047
-4006
-5494
-2257
960
-683
-3234
-1582
43
566
1631
2895
1379
728
3160
3839
1334
427
2725
2554
346
-214
293
-685
-891
657
9
-2536
-3368
-1763
-1460
-1985
-2495
-3636
-4857
-3653
-1498
-2475
-4987
-5017
-1900
-53
-531
-2199
-2239
-96
2456
2882
1212
34
460
2621
4122
3648
1354
767
2457
4607
5015
3617
1772
1283
3581
6020
6649
3276
-1824
-4571
-145
5254
2077
-6532
-8189
-2030
398
-1519
-2248
-1764
-4656
-5076
-704
1945
-622
-2135
66
1062
1439
2898
3706
1553
1604
4046
3779
1116
1131
3156
2083
148
-102
-211
-1695
-1304
140
-1121
-3681
-4209
-3203
-3298
-3012
-3049
-4495
-5931
-4489
-2912
-3700
-4486
-3086
-1239
-967
-1051
-885
602
2866
4168
2911
1510
1945
3416
4614
4541
3168
1313
1740
3687
5269
4390
2330
580
1244
3633
5414
4294
-556
-5081
-4354
2164
3873
-2563
-8857
-6039
-1030
-221
-1128
-988
-2767
-5321
-2626
2018
2456
-493
-590
831
1641
2913
4247
2999
1042
2427
3844
2217
786
2246
2469
-229
-1462
-866
-1171
-2076
-1279
-1638
-3943
-4836
-3227
-2529
-3373
-3748
-4599
-5604
-4481
-1725
-2083
-4416
-4206
-970
1424
1554
556
48
1805
4344
4977
3162
1895
2067
3128
4127
3926
2132
792
1768
3496
3668
2343
945
520
1154
2827
3660
937
-3718
-4488
435
2832
-1690
-6674
-4488
-360
-302
-1814
-1047
-880
-2658
-1774
1140
1702
-117
434
1964
2081
2032
2826
2420
1477
2618
3518
1738
-42
993
1868
493
-996
-1513
-2374
-2687
-1378
-967
-3044
-4606
-3784
-2764
-2824
-2757
-3202
-4740
-4664
-2048
-841
-2852
-3837
-1547
1085
1623
930
319
928
2958
4197
3111
1580
1586
2388
2722
2770
2025
753
429
2115
3303
2432
519
222
1313
2725
3551
1526
-2602
-4127
836
4048
-154
-6120
-4261
581
1101
-751
-942
-1058
-2673
-1166
1845
2132
-532
-613
1174
2012
2354
2615
1634
174
1730
3465
2401
8
71
926
612
77
-592
-2108
-3242
-1723
-480
-1900
-4099
-3743
-2468
-2411
-2838
-3302
-4083
-4003
-1885
-1080
-3070
-4428
-2019
965
1461
287
-486
-229
1289
3383
3707
1909
226
715
2144
3160
3007
1601
-129
519
3155
4341
2618
1088
995
1921
2990
2330
-658
-2082
1066
2064
-2043
-5068
-1400
1441
-370
-2336
-1496
-1398
-2035
3
1604
49
-1981
-214
1887
2331
2179
1872
501
317
2869
4037
1925
-185
290
1046
1141
1261
-28
-2661
-3481
-1153
191
-1358
-3680
-4428
-3632
-2141
-1481
-3202
-5225
-4858
-2573
-1858
-2697
-3156
-2086
-604
353
678
861
1232
1195
1476
2315
3064
2584
2070
2122
2264
2552
2802
2530
1806
2363
3129
2981
2012
1900
2723
2146
-404
-2253
362
2618
-298
-5264
-4656
-873
123
-977
-1456
-2207
-4032
-2688
891
2249
-9
-1337
-583
754
2442
3765
2897
522
632
2546
3245
2478
2109
1290
-218
-220
895
359
-1687
-2336
-1936
-2174
-2681
-2998
-3786
-4285
-3589
-3455
-4513
-4663
-3629
-3363
-3338
-2153
-1233
-1378
-904
655
1698
2028
2037
1553
1386
2808
4562
4253
2745
2084
2537
3000
3829
4048
2696
1016
1659
3436
3481
2509
1026
-1329
-3157
-138
3061
3
-6156
-5987
-1471
-257
-1502
-1636
-1998
-4258
-3456
62
1683
213
-172
650
772
1596
3518
4178
2724
2531
2946
2090
1358
3071
3858
1353
-1101
-1098
-748
-1089
-725
-1202
-3771
-5564
-4308
-2857
-3295
-4616
-5573
-5901
-4493
-2742
-3054
-4297
-3288
-850
-1
-281
247
1788
2716
2920
2690
2395
2330
3359
4944
4972
3122
1842
2349
3706
4517
4091
1751
-70
912
3539
3834
299
-4016
-4543
-133
2354
-1063
-6028
-5499
-2339
-784
-908
-1185
-2822
-4399
-2201
1500
2339
301
26
1250
2483
3424
4044
3040
1968
3409
4767
3305
1058
1415
2408
1895
620
-776
-2668
-3444
-1712
-622
-2793
-5916
-6543
-5086
-3730
-3681
-5008
-6269
-5669
-3707
-2400
-2144
-1888
-1287
-354
906
1935
2074
2165
2937
3566
3246
2831
3003
3546
4104
4292
3258
2039
2440
3713
3643
2414
1375
649
985
1492
93
-2630
-2183
-307
-1730
-4499
-3235
-976
-2164
-3294
-1517
-571
-2403
-2383
-270
835
792
1833
2210
1509
2284
4214
4346
3121
3297
3563
2725
2420
3096
2240
260
-254
71
-868
-2335
-2952
-3317
-3733
-3952
-4600
-5950
-6631
-6016
-4947
-4390
-4754
-5599
-5198
-2674
-296
185
-441
-318
843
2736
4188
3991
2793
2501
3542
4184
3959
3442
3092
2797
3240
3895
3568
2448
2349
2753
2352
1064
-675
-2374
-1913
782
244
-4385
-6701
-2966
272
-412
-2382
-3106
-3506
-2542
116
1309
-55
-1210
386
2628
3967
3865
3156
2287
2982
4826
5406
3441
1337
1116
1842
2192
1541
-269
-2749
-3495
-2503
-1760
-3034
-5153
-6708
-6791
-5859
-5210
-5193
-5506
-5697
-5628
-4154
-2008
-673
-424
-18
699
1507
2600
3609
3864
3745
3675
3438
3268
3888
4469
3988
3131
2631
2686
2973
3903
3671
2427
848
-458
-1973
-1568
980
551
-3746
-6256
-3210
-677
-1031
-2013
-1911
-2970
-3556
-1599
712
889
-97
136
775
1760
3060
4262
3785
2852
2996
3653
3553
3627
3981
3023
696
-276
301
409
-652
-1745
-3147
-4807
-5146
-4548
-4942
-6586
-6712
-5933
-5609
-5770
-4698
-3507
-2894
-2322
-1306
-249
466
1392
2128
2806
2902
3248
3723
4467
4637
4239
3168
2623
3550
4731
4129
2191
1359
1906
2838
2106
-412
-2731
-1741
101
-1007
-3832
-3986
-2382
-2058
-2068
-1296
-1263
-2693
-2458
-629
505
88
280
974
1478
2124
2975
3006
2419
2996
3994
3782
2684
2560
2687
2223
1745
1501
225
-1316
-1564
-1275
-2100
-3581
-4692
-5514
-5590
-4802
-4259
-4796
-5011
-4321
-3631
-3396
-2526
-1024
-246
-292
-75
684
1325
2180
3238
3578
3045
2783
2986
3238
3719
4030
3090
1741
1760
2862
3346
2369
-100
-2577
-2220
355
714
-2295
-4211
-3410
-2327
-1672
-266
139
-1767
-3006
-1592
439
1143
1210
600
-276
130
2157
3428
3245
2792
2522
2079
2079
2780
3043
2466
1445
618
-437
-839
-505
184
-473
-2730
-5036
-5156
-3409
-2645
-3331
-4500
-4704
-4226
-2624
-1389
-1068
-1312
-1185
-718
190
1545
2005
1697
1490
2200
2464
2266
2228
2918
3172
2683
2132
1943
1873
2143
2414
699
-2233
-3106
-912
53
-1698
-3667
-3526
-2623
-1439
-223
-35
-1131
-1621
-535
622
1314
1640
1611
1232
1843
2931
3042
2172
2027
2419
2304
1806
1470
1028
667
859
1017
36
-1399
-2168
-1895
-1688
-2107
-3320
-4425
-4509
-3698
-2630
-2324
-2215
-2413
-2294
-2101
-719
622
990
357
310
1044
2086
3240
3581
2802
1784
1847
2485
3140
3185
2046
238
-175
1164
2332
1497
-795
-3170
-3453
-1670
-644
-2656
-5038
-4872
-3366
-2374
-1527
-432
-715
-1428
-903
939
2278
2998
3084
2779
2742
3431
4089
4124
4096
3832
2982
1830
1634
1660
1257
56
-1140
-2539
-3148
-2787
-2838
-4285
-5624
-5313
-4936
-4592
-4043
-3190
-3338
-2806
-1596
-633
-275
606
1578
1649
2068
3209
4257
4184
4259
4556
4729
4422
4345
4168
3598
2862
2444
2033
1441
694
-666
-2445
-3403
-2883
-2867
-4427
-6225
-6292
-5356
-4486
-3872
-3490
-3672
-3770
-2565
-513
953
1278
1400
1963
3108
4357
5027
4915
4674
4971
5251
5094
4600
4003
2917
1799
1042
311
-953
-2387
-3677
-4522
-4586
-4482
-5292
-6588
-6471
-5192
-4195
-4151
-3869
-3392
-2784
-1884
-322
770
1184
1833
3282
4416
4732
4879
5167
5425
5650
5834
5150
4226
3859
4387
4305
3082
689
-1133
-1239
-579
-1395
-3812
-5647
-6134
-5542
-4717
-3975
-4587
-5752
-5933
-4316
-2430
-1287
-1024
-1055
-591
853
2538
3253
3429
3768
4264
4361
4605
4830
4719
4031
3420
2745
1661
300
-404
-169
-280
-1664
-3593
-4288
-3846
-3154
-3152
-3677
-4484
-4695
-4017
-2866
-2078
-1766
-1340
-686
329
1375
2209
2230
2288
3002
3979
4050
3684
3684
4072
4428
4209
2853
985
583
1522
1670
-87
-2082
-2945
-2394
-1371
-948
-2057
-3808
-4597
-3636
-2001
-1236
-1899
-3049
-3058
-1532
317
898
239
-468
-173
1058
2268
2540
1736
1017
1094
1488
1428
1157
891
337
-182
-197
166
259
135
-347
-908
-1110
-597
71
401
-44
-958
-1341
-408
1049
1638
1045
181
-67
592
1484
1687
972
236
231
746
1044
586
-505
-1277
-930
-308
-676
-1694
-2089
-1765
-1194
-711
-445
-802
-1130
-783
290
846
586
169
442
1132
1541
1523
1102
791
743
926
585
-80
-605
-829
-1228
-1579
-1545
-1526
-2063
-2669
-2515
-1755
-1160
-1316
-1877
-1895
-839
393
629
261
218
981
2182
3340
3560
3130
2962
3555
4249
4370
3780
3039
2664
2479
2287
2088
1641
373
-1080
-1683
-1524
-1789
-2905
-4226
-5012
-4868
-4140
-3396
-3366
-3805
-4048
-3388
-2244
-1233
-654
-278
151
771
1611
2306
2832
3140
3296
3065
2685
2432
2440
2205
1481
593
100
-83
-290
-574
-1060
-1814
-2532
-2689
-2584
-2674
-2946
-2852
-2386
-1917
-1765
-1732
-1372
-454
625
1302
1502
1537
1892
2761
3834
4256
3944
3575
3825
4303
4319
3363
2096
1507
1682
1570
526
-718
-1459
-1538
-1644
-1898
-2479
-3009
-3436
-3334
-2912
-2787
-3135
-3284
-2780
-2198
-1754
-1539
-1413
-1286
-686
109
495
204
-168
21
759
1294
1166
839
789
1177
1628
1773
1260
780
737
953
966
983
830
586
674
887
509
-244
-286
-84
-345
-821
-923
-1018
-1070
-518
-96
-277
-673
-563
-543
-286
378
605
-83
-303
787
1735
1784
1646
1875
1885
1900
1984
2021
1720
1647
1500
1116
626
486
320
-212
-916
-1637
-2301
-3090
-3460
-3579
-3770
-4438
-4665
-4186
-3362
-2952
-2826
-2736
-2289
-1275
-106
639
835
1175
1754
2709
3608
4248
4094
3754
3743
3980
3988
3784
3401
2641
1933
1600
1495
954
25
-1177
-2236
-2835
-2825
-2827
-3314
-3982
-4018
-3180
-2095
-1426
-1171
-897
-501
43
763
1537
1989
2211
2413
2540
2495
2441
2332
2142
1776
1113
108
-582
-912
-1181
-1668
-1961
-2319
-2703
-2748
-2342
-1859
-1671
-1646
-1939
-1908
-1510
-680
-191
110
26
176
594
1328
1670
1576
1269
1148
1198
1364
1539
1383
949
609
867
1234
1259
654
185
39
267
222
142
123
211
276
467
769
861
869
821
891
727
388
-36
-148
-160
-452
-1069
-1723
-2122
-2171
-1887
-1963
-2679
-3362
-3196
-2296
-1361
-867
-973
-1145
-739
314
1257
1638
1480
1034
963
1580
2354
2424
2015
1594
1308
1275
1613
1885
1468
666
-100
-452
-354
93
37
-719
-1374
-1490
-1433
-1543
-1467
-1554
-1903
-2077
-1498
-842
-470
-115
468
972
1412
1898
2163
2188
2316
2570
2498
2160
1924
1688
1198
671
415
-76
-962
-1810
-2279
-2594
-2665
-2500
-2662
-3055
-3134
-2640
-2158
-1585
-1283
-1214
-1136
-524
162
749
1285
1539
1445
1570
2195
2635
2643
2299
1888
1678
2026
2271
1915
1344
1034
771
363
75
-278
-755
-1281
-1536
-1712
-1803
-1785
-1645
-1506
-1405
-1385
-1336
-961
-452
-333
-583
-606
-300
-5
132
138
-63
-153
72
616
891
777
344
254
565
1117
1355
1000
214
-157
200
563
365
-274
-827
-1069
-621
-102
-223
-773
-744
-312
-95
61
318
440
457
959
1493
1568
1342
1475
1533
1212
702
387
74
-129
-138
-372
-859
-1152
-803
-578
-625
-980
-1211
-1365
-986
-475
-346
-730
-943
-700
-413
-309
-382
-294
-314
-262
-284
-158
-133
106
231
150
-203
-244
11
261
191
-27
-159
-221
-29
234
433
290
341
520
724
757
878
840
731
984
1496
1622
1182
917
1006
1260
1328
1127
424
-183
-84
490
549
-25
-532
-740
-657
-319
-74
-621
-1362
-1544
-1276
-1248
-1284
-1468
-1862
-2117
-1749
-1410
-1373
-1323
-1007
-971
-903
-503
6
71
96
360
633
764
997
1241
1264
1251
1303
1208
989
1041
1170
959
432
-14
-169
173
624
558
-73
-374
-63
396
659
519
37
-438
-201
242
398
206
140
62
130
395
541
286
173
387
375
-35
-396
-364
-245
-45
-189
-732
-1271
-863
-232
-261
-998
-1425
-1508
-1195
-635
-303
-770
-1276
-1034
-448
-79
23
-67
-497
-464
275
997
875
571
587
767
857
1093
1197
865
638
869
1078
838
759
854
768
372
262
267
243
141
203
104
-164
-265
-28
197
11
-230
-447
-459
-519
-404
-607
-971
-1378
-1363
-1327
-1455
-1654
-1686
-1538
-1420
-1096
-853
-657
-593
-168
218
515
724
1125
1436
1702
2036
2256
2215
2187
2356
2282
1891
1556
1450
1181
816
389
-100
-639
-744
-657
-898
-1471
-1840
-1976
-1931
-1624
-1361
-1606
-2006
-1781
-1019
-416
-115
158
317
477
965
1710
1955
1791
1580
1485
1246
1176
1071
579
-222
-618
-851
-1263
-1810
-2057
-2322
-2552
-2668
-2607
-2696
-2531
-2174
-1805
-1588
-1121
-488
138
689
1255
1782
2139
2526
2948
3374
3442
3358
3321
3513
3639
3496
3012
2333
1807
1515
1279
640
-283
-1083
-1457
-1655
-1881
-2193
-2589
-2912
-2934
-2672
-2435
-2289
-2203
-2076
-1852
-1393
-873
-568
-443
-258
-49
120
440
807
833
584
527
556
505
500
579
335
-107
-316
-302
-264
-247
-279
-401
-443
-328
-244
-245
-197
-72
127
347
454
421
626
1007
1276
1191
1126
1107
1147
1189
1277
1180
937
773
716
654
536
511
440
289
45
-44
-152
-247
-293
-191
-349
-678
-868
-754
-689
-728
-873
-1186
-1473
-1383
-1034
-1055
-1298
-1395
-1253
-1099
-912
-847
-969
-942
-620
-375
-441
-424
-141
200
515
783
823
652
829
1334
1731
1815
1796
1651
1526
1776
2255
2326
1813
1253
978
890
804
621
92
-606
-1083
-1119
-1122
-1310
-1699
-2094
-2453
-2405
-2086
-1819
-1917
-1961
-1773
-1318
-750
-165
176
257
434
809
1334
1710
1922
1765
1556
1488
1654
1719
1523
1032
522
180
25
-82
-286
-668
-1253
-1739
-1912
-1840
-1840
-1807
-1740
-1679
-1601
-1121
-330
370
670
748
962
1635
2553
3113
3107
2839
2680
2734
3032
3111
2591
1605
882
524
291
-138
-883
-1924
-2802
-3094
-3045
-3205
-3709
-4136
-4184
-3847
-3288
-2835
-2581
-2392
-1898
-1191
-419
226
825
1286
1653
2009
2580
3201
3506
3303
2999
2890
2909
2821
2557
1981
1158
425
108
-105
-540
-1136
-1638
-1929
-1899
-1715
-1788
-2059
-1984
-1492
-992
-620
-250
47
249
582
1038
1400
1520
1520
1423
1307
1296
1369
1295
1050
787
486
24
-363
-562
-713
-978
-1248
-1592
-2060
-2364
-2223
-1965
-1993
-2179
-2185
-1967
-1519
-913
-475
-409
-354
80
710
1196
1482
1683
1776
1874
2026
2188
2184
2060
1830
1584
1396
1353
1299
1045
645
313
143
-2
-180
-369
-610
-901
-1111
-1139
-1068
-1070
-1168
-1254
-1120
-904
-738
-647
-500
-379
-252
-80
29
26
124
322
338
168
100
136
127
124
159
98
-68
-110
-74
-81
-159
-209
-310
-469
-561
-535
-481
-464
-446
-465
-508
-458
-248
-54
-25
8
196
426
564
650
740
850
1042
1258
1346
1251
1173
1218
1276
1174
973
746
577
479
401
193
-118
-378
-553
-687
-792
-924
-1103
-1232
-1232
-1192
-1153
-1143
-1090
-995
-839
-751
-665
-483
-223
-62
15
166
353
454
521
621
632
560
491
500
509
476
349
213
108
46
-42
-110
-191
-351
-500
-470
-370
-385
-408
-372
-368
-440
-300
-12
179
174
184
216
294
488
722
781
596
419
422
599
738
716
477
179
70
307
582
456
0
-340
-360
-236
-126
-203
-590
-997
-993
-667
-518
-639
-777
-848
-809
-559
-246
-175
-238
-149
87
329
596
768
701
568
696
963
1069
964
768
578
497
558
510
218
-99
-237
-327
-461
-572
-689
-802
-791
-707
-804
-990
-921
-653
-508
-522
-495
-369
-169
89
249
215
212
393
636
688
561
414
410
515
594
552
412
258
185
231
285
200
-30
-178
-141
-57
-63
-137
-247
-355
-312
-147
-87
-166
-153
-41
-16
-58
0
174
295
293
168
51
107
343
507
448
269
167
156
178
200
146
-68
-306
-382
-302
-265
-370
-574
-683
-649
-592
-655
-800
-816
-675
-514
-512
-564
-570
-440
-214
-20
16
-20
-5
115
344
536
588
573
670
784
837
900
973
959
945
954
819
598
520
524
411
202
1
-197
-299
-227
-201
-464
-812
-880
-674
-460
-430
-592
-711
-570
-246
-36
-23
-69
-63
21
168
308
330
284
275
298
284
220
140
43
-72
-192
-284
-350
-404
-446
-543
-647
-695
-614
-482
-382
-367
-415
-371
-163
67
134
146
230
366
483
665
867
937
830
714
746
862
932
883
690
449
357
432
473
304
27
-161
-223
-253
-262
-289
-432
-644
-683
-534
-456
-507
-535
-500
-447
-353
-285
-327
-314
-119
-12
-158
-298
-267
-186
-90
-15
-129
-385
-437
-211
-64
-171
-320
-348
-310
-222
-88
-37
-108
-132
5
186
334
438
462
440
518
698
823
821
744
653
604
672
761
699
481
335
350
364
263
134
5
-179
-323
-359
-397
-480
-535
-596
-688
-648
-508
-486
-587
-581
-470
-382
-282
-183
-171
-182
-91
25
80
105
89
-3
-68
-48
-16
-44
-102
-195
-302
-305
-198
-149
-231
-325
-281
-139
-19
39
95
202
350
476
548
604
714
848
941
979
931
850
842
902
850
662
494
417
377
312
165
-50
-253
-374
-482
-612
-715
-759
-803
-822
-806
-840
-900
-862
-713
-621
-646
-705
-663
-478
-248
-157
-240
-318
-258
-101
5
-8
-33
0
57
112
185
226
179
118
123
128
141
212
251
166
76
158
335
443
454
435
446
538
723
875
882
811
764
740
715
755
793
657
377
192
181
193
108
-66
-293
-495
-586
-560
-550
-635
-782
-919
-979
-932
-838
-794
-800
-787
-755
-679
-549
-416
-345
-330
-330
-294
-150
23
74
-36
-103
7
192
281
226
109
53
112
261
371
306
149
130
281
423
479
479
449
403
425
540
626
581
477
418
407
442
521
559
456
246
128
167
203
117
-11
-154
-302
-345
-288
-268
-335
-412
-515
-604
-531
-356
-290
-361
-442
-485
-453
-307
-205
-290
-435
-409
-263
-191
-208
-254
-283
-223
-49
85
76
21
52
173
317
389
307
155
133
311
486
478
345
233
216
273
364
367
201
14
22
162
195
125
88
84
81
122
152
87
22
39
64
60
102
132
67
-1
18
49
13
-64
-189
-336
-382
-320
-325
-471
-645
-732
-707
-565
-418
-431
-510
-461
-299
-129
51
176
159
149
288
458
554
642
675
618
603
682
703
595
423
257
169
193
188
11
-215
-316
-321
-352
-426
-537
-676
-736
-642
-514
-488
-506
-456
-322
-109
139
261
210
215
443
710
765
646
521
477
527
606
533
249
-23
-132
-161
-243
-415
-654
-838
-874
-810
-759
-786
-836
-790
-620
-425
-298
-222
-90
127
378
601
759
851
943
1088
1211
1181
1066
1010
980
850
662
482
271
88
-25
-184
-461
-722
-860
-933
-997
-1036
-1096
-1149
-1067
-869
-725
-654
-531
-315
-85
122
305
470
663
875
1013
1045
1038
1034
1049
1033
886
600
323
190
129
-5
-255
-557
-818
-942
-916
-885
-986
-1171
-1284
-1200
-953
-670
-483
-413
-360
-198
128
494
740
829
846
888
1002
1148
1217
1141
950
742
566
446
348
202
-39
-357
-611
-696
-678
-738
-902
-1054
-1114
-1064
-909
-757
-759
-816
-678
-332
-14
159
252
350
561
876
1073
1058
1014
1082
1151
1148
1091
964
779
624
506
330
78
-169
-366
-532
-674
-817
-976
-1097
-1095
-1045
-1036
-1030
-939
-784
-627
-445
-272
-126
60
321
504
553
592
668
718
732
719
646
554
500
433
302
163
22
-147
-295
-377
-463
-580
-657
-687
-664
-569
-448
-413
-422
-343
-165
37
229
324
313
396
645
832
788
697
670
674
705
714
566
346
265
249
157
41
-48
-198
-351
-369
-342
-413
-491
-486
-470
-426
-303
-244
-348
-411
-280
-135
-135
-169
-169
-123
-35
53
30
-79
-97
-6
58
9
-97
-199
-210
-120
-79
-182
-290
-243
-95
70
177
179
129
157
326
520
561
453
339
319
421
540
500
316
150
80
39
11
-45
-217
-418
-482
-441
-434
-446
-441
-436
-419
-341
-252
-173
-71
38
75
86
206
388
501
521
529
526
539
605
620
440
174
57
93
78
-85
-329
-558
-648
-545
-468
-636
-879
-943
-804
-622
-492
-446
-471
-410
-175
119
290
328
355
449
622
785
851
801
705
697
766
778
622
416
275
193
137
46
-156
-382
-480
-491
-524
-595
-663
-746
-797
-761
-645
-551
-511
-461
-352
-211
-52
142
274
321
375
493
589
662
774
844
785
712
724
723
679
590
419
157
-12
-35
-95
-279
-468
-563
-611
-607
-588
-642
-729
-709
-600
-541
-515
-440
-349
-252
-113
46
134
176
263
340
389
440
493
463
396
366
350
326
260
154
16
-79
-149
-198
-262
-372
-506
-581
-597
-594
-549
-479
-436
-401
-311
-171
-4
136
243
328
429
578
748
892
974
1005
1035
1063
1037
957
855
745
597
399
189
16
-113
-264
-475
-704
-867
-927
-945
-983
-1077
-1167
-1169
-1072
-944
-832
-759
-707
-610
-412
-181
-25
57
107
209
376
541
611
617
621
604
574
574
549
400
220
113
73
50
-24
-189
-388
-441
-318
-188
-193
-288
-329
-260
-45
214
336
287
264
387
584
746
823
789
677
639
708
772
702
539
359
212
109
20
-106
-269
-408
-534
-682
-804
-844
-826
-825
-870
-917
-908
-786
-597
-452
-404
-366
-234
-20
158
235
285
360
434
473
497
506
485
463
441
371
283
262
244
155
41
-57
-141
-180
-166
-189
-269
-329
-325
-301
-263
-216
-192
-182
-137
-42
63
129
153
192
259
323
343
324
315
327
349
371
389
354
264
189
147
110
51
-39
-152
-239
-269
-282
-343
-420
-437
-420
-415
-422
-433
-432
-393
-316
-267
-245
-207
-160
-83
29
141
199
221
234
276
342
386
355
293
249
221
208
184
132
55
-2
-67
-121
-136
-126
-129
-170
-204
-184
-104
-25
13
7
-17
22
136
248
279
247
234
264
331
368
351
268
161
93
73
65
31
-36
-112
-173
-245
-309
-343
-363
-418
-491
-517
-500
-459
-392
-321
-282
-256
-191
-101
2
89
144
143
153
221
309
358
351
300
236
198
212
246
230
169
100
82
102
145
181
179
122
66
75
113
150
163
126
40
7
82
173
201
161
88
49
77
131
124
39
-49
-104
-115
-110
-154
-271
-383
-409
-410
-449
-522
-567
-572
-540
-494
-458
-439
-426
-369
-291
-195
-133
-88
-41
20
99
182
239
267
307
355
390
378
379
423
462
441
382
317
280
304
334
299
191
119
111
142
150
112
37
-24
-20
19
48
15
-24
-46
-47
-47
-37
-63
-115
-140
-134
-140
-162
-177
-225
-269
-268
-246
-271
-295
-288
-290
-303
-270
-215
-230
-262
-243
-182
-139
-92
-56
-59
-56
5
90
133
163
192
211
236
294
326
322
321
345
367
368
366
377
388
362
332
293
250
202
169
135
96
63
12
-44
-77
-95
-143
-192
-211
-227
-266
-314
-344
-367
-383
-383
-378
-373
-331
-270
-243
-243
-215
-166
-105
-38
-34
-82
-89
6
76
56
15
29
58
76
95
68
28
36
73
70
64
72
71
86
138
195
200
181
185
208
245
275
275
242
245
305
338
317
292
289
279
266
235
180
120
84
29
-62
-128
-152
-156
-201
-295
-394
-411
-359
-347
-418
-486
-468
-383
-295
-259
-266
-264
-217
-138
-60
-40
-60
-62
4
49
46
74
101
95
89
110
134
109
54
35
67
88
75
17
-38
-35
16
52
17
-43
-69
-21
59
92
44
1
34
109
142
151
143
134
160
194
189
165
172
168
134
107
111
97
67
39
14
-24
-42
-37
-53
-85
-112
-147
-153
-107
-59
-68
-126
-161
-159
-114
-93
-107
-119
-96
-57
-32
-11
14
39
41
28
36
77
104
112
97
89
116
141
111
57
31
26
46
51
13
-56
-76
-74
-91
-115
-146
-174
-196
-187
-173
-155
-138
-118
-91
-68
-46
-31
-30
-2
62
103
89
72
111
167
175
146
127
143
160
162
129
74
70
93
78
32
15
16
13
25
41
7
-36
-9
40
38
24
19
9
40
104
112
28
-8
28
55
33
-14
-88
-137
-97
-69
-108
-187
-224
-227
-180
-139
-157
-216
-240
-197
-150
-118
-143
-190
-217
-184
-132
-90
-56
-67
-69
-28
50
97
106
104
102
106
122
143
151
173
196
177
151
167
187
172
143
132
116
110
124
148
167
176
178
153
120
109
130
130
91
37
31
51
58
31
3
-13
-33
-58
-92
-139
-184
-188
-202
-231
-243
-222
-201
-204
-225
-228
-220
-221
-220
-195
-167
-167
-149
-102
-48
1
50
64
60
102
152
174
178
180
169
177
201
204
192
178
167
153
138
118
107
88
42
-3
-19
-42
-54
-51
-74
-105
-101
-66
-70
-70
-60
-52
-40
7
40
40
34
25
39
74
105
83
29
-4
16
58
49
-10
-64
-78
-44
-14
-46
-109
-133
-118
-100
-116
-140
-152
-144
-110
-76
-60
-74
-69
-33
8
43
47
45
63
90
94
97
98
82
64
46
46
46
29
9
3
6
-11
-39
-34
-10
-16
-31
-42
-23
15
28
7
-13
7
27
28
-3
-20
-16
10
26
7
-11
-8
13
-9
-38
-38
-12
2
-14
-41
-31
-3
23
20
6
13
50
84
87
74
66
76
70
69
67
90
103
91
53
27
18
5
-37
-94
-138
-150
-147
-153
-166
-177
-184
-180
-154
-124
-123
-133
-113
-81
-38
12
68
111
140
178
194
197
218
240
212
174
163
158
159
152
115
56
21
3
-33
-105
-176
-217
-231
-244
-250
-242
-251
-251
-215
-159
-97
-30
15
50
95
159
223
245
246
253
273
295
301
278
251
227
209
192
145
75
25
-2
-51
-119
-190
-233
-274
-304
-317
-313
-316
-315
-306
-274
-219
-178
-178
-176
-109
-19
38
68
115
158
181
215
270
285
281
248
221
221
236
217
163
101
64
62
39
-9
-69
-112
-145
-176
-197
-212
-242
-275
-287
-283
-267
-230
-215
-222
-188
-124
-63
-6
29
33
52
123
184
198
208
228
250
270
290
277
239
190
164
138
110
82
55
21
-13
-14
-39
-81
-116
-148
-178
-179
-178
-183
-175
-167
-151
-144
-137
-110
-71
-50
-33
-23
-10
31
93
137
147
159
166
182
206
210
163
109
87
85
59
5
-40
-68
-99
-129
-163
-220
-266
-277
-283
-312
-337
-327
-285
-243
-199
-153
-108
-49
9
57
107
161
223
286
332
351
387
414
415
394
356
337
329
303
250
200
153
103
36
-39
-93
-153
-225
-289
-320
-336
-352
-359
-372
-376
-326
-253
-190
-138
-72
-14
26
68
115
162
216
257
249
233
239
260
253
224
158
83
55
38
3
-61
-134
-196
-230
-255
-290
-324
-345
-358
-360
-338
-313
-291
-241
-169
-93
-36
-3
39
104
170
226
265
291
316
357
371
361
361
354
315
255
208
172
155
119
66
22
-8
-12
-20
-75
-134
-148
-158
-178
-178
-184
-191
-184
-171
-171
-151
-130
-97
-52
-17
10
52
101
111
114
113
120
126
114
81
56
50
50
42
16
-25
-76
-113
-119
-121
-165
-227
-243
-204
-174
-164
-154
-126
-81
-62
-58
-25
16
34
48
87
127
166
197
227
244
249
250
240
226
179
126
75
42
13
-8
-38
-67
-76
-82
-93
-128
-170
-190
-166
-142
-154
-175
-181
-146
-94
-63
-71
-82
-52
4
36
37
45
76
92
96
108
115
127
131
122
112
119
125
105
88
83
76
70
62
41
16
11
-11
-49
-68
-65
-85
-128
-162
-167
-147
-140
-143
-139
-109
-64
-24
-28
-33
-15
30
63
76
69
93
134
142
128
118
119
122
103
72
57
45
48
34
6
-23
-45
-72
-100
-117
-128
-149
-182
-187
-163
-130
-101
-97
-107
-105
-65
-11
14
9
0
16
55
109
125
114
96
88
102
108
81
38
17
17
24
18
-2
9
17
-4
-25
-7
0
-15
-29
-35
-21
6
38
41
48
62
91
104
107
101
85
67
51
47
41
27
-1
-21
-40
-59
-83
-118
-149
-163
-188
-212
-191
-162
-142
-128
-102
-74
-45
-24
-23
-18
11
50
86
103
105
116
139
156
148
136
130
119
118
122
122
115
99
65
30
19
6
-8
-15
-14
-30
-30
-19
-15
-40
-53
-43
-44
-46
-26
1
14
19
29
44
58
56
43
29
19
24
40
33
1
-12
-21
-21
-18
-33
-40
-46
-60
-79
-97
-102
-100
-101
-91
-73
-56
-48
-42
-35
-43
-51
-47
-45
-39
-33
-26
-25
-31
-35
-35
-36
-41
-52
-34
-2
-5
-25
-22
18
37
25
2
9
31
47
54
47
50
68
82
80
86
90
94
91
86
73
64
54
29
27
33
26
10
11
7
7
11
-10
-37
-42
-25
-26
-37
-53
-50
-37
-36
-38
-41
-36
-23
-23
-45
-70
-74
-73
-71
-85
-98
-105
-82
-65
-53
-33
-17
-6
-14
-1
22
46
49
52
63
66
64
73
79
79
96
112
118
109
90
67
70
55
19
-9
-31
-38
-52
-55
-72
-77
-82
-82
-81
-80
-79
-72
-39
-30
8
44
73
99
130
133
136
130
108
99
87
85
75
76
74
75
68
44
13
-12
-35