3
4
1
3
3
5
-1
-3
-3
2
1
-4
-5
-7
0
-1
2
-2
-6
-1
4
5
9
11
11
9
7
2
-1
-3
-3
-3
-5
-4
-4
-1
-2
-5
-3
1
1
0
2
-2
-1
1
2
9
11
6
1
5
6
2
0
0
1
1
0
3
3
1
2
6
7
10
3
0
4
-1
-5
-8
-4
0
0
0
-2
-6
-6
-7
-9
-5
-2
-4
-6
-5
0
4
5
0
1
4
6
6
6
1
0
4
4
2
3
2
-1
-3
-4
-5
-7
-5
-4
-6
-1
0
-1
-2
-1
-7
-10
-8
-10
-12
-10
-8
-8
-1
5
1
-1
1
1
1
0
-4
-6
2
4
3
6
6
3
0
1
-1
-7
-4
1
4
6
4
6
4
2
-3
-5
-9
-3
-3
-3
2
7
9
8
6
3
3
-1
-1
-3
1
3
1
1
0
-4
-3
-6
-11
-6
-3
-4
1
6
5
8
4
2
-2
3
5
0
-5
-2
-1
-7
-6
-10
-12
-8
-4
-6
-7
-5
-7
-7
-2
-1
5
4
5
7
10
9
4
1
-1
2
4
11
14
16
19
25
21
14
13
14
12
9
6
0
-2
-1
-2
-1
2
2
0
4
4
1
-3
-10
-11
-12
-13
-19
-18
-11
-6
-9
-8
-3
-2
-2
-3
-7
-9
-8
-8
-8
-6
0
3
4
12
18
18
21
18
14
15
18
17
8
15
19
21
17
10
4
7
8
5
3
2
4
7
17
13
7
2
-1
8
2
-9
-16
-18
-18
-16
-23
-29
-27
-25
-25
-25
-27
-33
-30
-32
-33
-34
-36
-34
-34
-25
-15
-8
-7
2
8
11
7
6
-4
-10
-10
-10
-18
-14
-13
-9
-6
3
15
9
13
9
16
18
23
16
10
5
4
5
0
-1
0
3
-5
-6
-4
1
2
12
17
24
29
24
25
24
23
17
8
3
7
9
10
8
17
26
25
28
28
32
37
27
21
27
22
12
6
-1
1
-5
-27
-36
-32
-28
-28
-31
-24
-4
0
-9
-17
-16
-22
-28
-31
-34
-26
-12
-3
3
14
23
25
26
20
12
12
8
7
17
14
11
15
15
17
9
-9
-24
-29
-41
-38
-35
-27
-10
1
8
24
39
35
23
13
17
19
18
11
12
10
8
2
-13
-25
-27
-34
-43
-47
-42
-37
-46
-46
-41
-37
-46
-47
-41
-33
-23
-18
-4
3
15
24
28
32
33
30
18
18
24
25
20
20
17
5
3
1
-14
-20
-19
-26
-31
-19
-8
-13
-17
-9
-1
1
10
7
-5
-6
2
-8
-21
-25
-32
-33
-46
-57
-46
-47
-59
-50
-29
-6
9
29
65
94
105
123
135
144
136
128
114
114
106
85
76
59
62
44
27
-5
-5
-29
-34
-62
-76
-75
-82
-68
-59
-70
-72
-26
-1
31
60
79
104
124
132
134
143
139
117
90
73
51
-1
-55
-131
-193
-241
-289
-328
-325
-325
-324
-254
-167
-87
-4
87
154
224
294
317
317
312
315
281
245
199
142
79
51
22
-8
-44
-53
-73
-81
-87
-90
-93
-99
-98
-110
-94
-141
-154
-181
-173
-183
-186
-216
-235
-205
-219
-205
-233
-228
-195
-139
-117
-100
-73
-49
-50
-59
-65
-100
-133
-152
-188
-240
-233
-236
-200
-155
-41
102
262
440
603
790
940
1077
1165
1179
1162
1098
995
815
600
370
137
-88
-346
-535
-702
-825
-927
-953
-933
-900
-845
-741
-646
-587
-497
-437
-415
-435
-410
-438
-453
-490
-486
-508
-482
-400
-343
-271
-141
35
175
433
624
769
937
1133
1272
1285
1346
1351
1304
1234
1155
1011
801
640
449
270
70
-124
-310
-471
-568
-683
-774
-840
-828
-842
-873
-871
-880
-850
-861
-848
-879
-844
-850
-802
-718
-641
-539
-427
-308
-238
-116
-30
62
110
217
370
512
647
763
911
1098
1253
1336
1353
1388
1412
1405
1373
1282
1153
966
790
604
388
55
-245
-437
-607
-737
-849
-907
-995
-959
-895
-799
-792
-773
-695
-604
-542
-546
-513
-607
-615
-652
-672
-873
-963
-1006
-1019
-998
-908
-705
-576
-341
-43
348
542
800
976
1132
1157
1259
1320
1321
1297
1259
1288
1302
1264
1092
901
702
471
139
-83
-377
-601
-729
-708
-836
-883
-848
-763
-669
-590
-491
-592
-623
-593
-487
-475
-533
-467
-351
-158
-68
-60
-151
-237
-240
-211
-295
-507
-497
-433
-249
-243
-156
-36
264
557
698
942
1211
1402
1414
1419
1219
862
483
157
-299
-902
-1526
-1778
-1894
-1686
-1609
-1118
-587
347
1340
2254
3140
3647
4434
4541
4660
4015
3560
2611
1783
716
-220
-1211
-1973
-2377
-2799
-2895
-3131
-3051
-3035
-2812
-3049
-3144
-3314
-3310
-3439
-3526
-3746
-4045
-4202
-3843
-3866
-3878
-3852
-3168
-2550
-1446
-233
1003
2297
3967
6126
7539
8783
9424
10312
10154
10001
8801
7581
5579
4255
2714
1184
-368
-1437
-1906
-2501
-2475
-2986
-2898
-3113
-2767
-3397
-3503
-3968
-4137
-4640
-4771
-4876
-5339
-5024
-4852
-4273
-4135
-2955
-2178
-890
218
1850
2939
3962
4972
5687
5634
4768
3974
2273
657
-1910
-3825
-6633
-8293
-9905
-10118
-10367
-9559
-7897
-5338
-1827
1154
4921
7453
10906
12424
14419
14148
14033
12230
10967
8802
6353
4071
1727
240
-1790
-2128
-3369
-3278
-4050
-3228
-3105
-2258
-2031
-1859
-1809
-1983
-2206
-3413
-4079
-5553
-6370
-7073
-6739
-6881
-6318
-5014
-2873
-805
1348
3244
4851
6023
6915
6762
5841
3965
1632
-902
-3646
-6162
-9161
-10765
-12025
-11641
-11391
-9185
-6971
-3567
-388
3815
7591
10860
13679
15637
17461
17138
16784
14759
13322
9822
7458
4153
1813
-1322
-2951
-4023
-4799
-5025
-4906
-3905
-3923
-2756
-2972
-2773
-4016
-4312
-6107
-7279
-8645
-9558
-10554
-10737
-9438
-8548
-6453
-4397
-959
1113
3966
5780
7482
8032
7986
7246
4938
2415
-889
-3487
-6970
-9268
-11450
-12018
-11975
-10233
-7513
-3923
189
4797
9941
14194
18021
20566
22183
21903
20700
18367
15067
10740
6099
1837
-2275
-5711
-8270
-9850
-10859
-10665
-9489
-7674
-6185
-4710
-3225
-2243
-2097
-2577
-3616
-5313
-6914
-8471
-9464
-10176
-10144
-9182
-7210
-4352
-1541
1613
4661
7853
9523
10792
10207
8655
5899
2724
-1446
-6310
-10191
-13622
-15585
-16897
-15581
-13947
-9458
-4581
1750
7237
13866
19389
23740
26645
27675
27266
24492
22119
16963
11547
5010
561
-4557
-7932
-10824
-12333
-12739
-11344
-8821
-7182
-4738
-3044
-1340
-1472
-953
-2459
-5011
-7845
-9600
-11473
-13598
-14344
-14355
-13028
-11048
-7505
-4551
-875
2437
5584
7289
8414
8106
6284
3861
904
-2176
-6066
-8126
-10218
-10245
-9508
-6105
-2594
2489
8290
14232
19936
24514
28174
28655
28937
26778
23762
17693
12029
5275
-1118
-6680
-11088
-14563
-17554
-17398
-16542
-14163
-12109
-8391
-5745
-3301
-1456
-324
-612
-2123
-3727
-6384
-8607
-10801
-12144
-13525
-13247
-12177
-9877
-6789
-3116
-21
2862
5816
7967
8175
7427
5786
3283
354
-2348
-4907
-7787
-8489
-7982
-5679
-3232
1325
6011
12057
17856
22547
25236
26853
28174
26427
23363
18045
12844
5722
312
-5170
-10080
-14874
-17171
-17441
-17094
-15192
-12887
-9470
-6706
-2967
-574
996
1202
601
-793
-3165
-5627
-8942
-11352
-13172
-13817
-14037
-12766
-10293
-7407
-4276
-997
2251
4331
5827
6421
6212
4771
2663
643
-1185
-2615
-3559
-3094
-1709
960
4485
9348
14391
18212
21241
24064
26372
25771
23721
20187
16051
9879
4947
-399
-6054
-12196
-15318
-16976
-18406
-18653
-17494
-15061
-13022
-9034
-5670
-2807
-1504
112
872
393
-1099
-3740
-5924
-8551
-9941
-11764
-12083
-12226
-11153
-9047
-6676
-3874
-2503
131
1586
3843
3821
4258
3378
3111
3188
3248
3853
3917
6330
8041
12151
15182
18438
19285
21506
24187
23942
21911
18575
16444
10742
6512
1809
-2753
-9388
-13318
-14859
-17215
-18736
-19029
-17092
-16687
-13778
-10442
-7168
-5804
-3950
-1654
-1292
-1394
-3081
-4157
-6933
-8460
-10061
-10790
-11664
-12105
-10750
-8690
-5875
-4771
-2369
-204
2617
3850
5317
5643
5855
6443
7463
8457
8454
9989
11153
14400
16296
18806
18569
20394
21718
21960
19898
17258
15319
10253
6918
2225
-1607
-8917
-12114
-14550
-17062
-19984
-20698
-19265
-19910
-17230
-14411
-10631
-9870
-6254
-3269
-1653
-1452
-1628
-1846
-4075
-5157
-7239
-8017
-9943
-10113
-10057
-7892
-6004
-4995
-3264
-432
2181
3072
4463
5342
5415
5755
7277
8657
8558
10326
12439
15659
18087
20504
20952
21521
24271
23839
21717
17872
17017
11548
6997
2833
-955
-8632
-14042
-14717
-17314
-20724
-22630
-20575
-21207
-19938
-16363
-12952
-12250
-10588
-6000
-4194
-4113
-5111
-4528
-5456
-7253
-8371
-9036
-8980
-10591
-9401
-6659
-3434
-3040
-1139
3115
5406
6164
6755
9054
7606
7139
7853
9708
8683
9009
11317
14279
17128
18867
20590
21155
24061
24214
23493
20074
18244
13131
8872
4898
82
-7665
-13820
-14906
-17765
-21175
-23392
-21652
-22319
-21472
-17134
-13453
-12512
-12061
-6532
-4042
-4019
-6158
-5293
-6335
-9005
-10287
-10649
-10590
-13605
-11214
-7864
-3741
-3708
-185
4905
7725
8856
10089
12970
10528
9700
9750
11303
8731
7652
10065
11677
14038
14953
18722
18046
20764
22150
23088
20457
17445
15739
10214
7168
1044
-3673
-12315
-14735
-16965
-20402
-23425
-23650
-21101
-22453
-18704
-15232
-11301
-12065
-8196
-3886
-3864
-6023
-7433
-6059
-10006
-11963
-13201
-12118
-13862
-13223
-8724
-4545
-1873
-28
6178
10692
12626
12934
15023
15807
13106
12244
12611
12148
8391
8955
11460
13738
14160
16017
17846
18980
21467
21994
21475
17121
15369
10551
7823
1572
-4534
-12844
-16480
-18907
-22820
-26068
-26424
-24455
-24970
-21556
-16155
-12322
-12009
-8407
-2354
-1390
-3381
-4338
-3383
-6699
-10621
-10791
-11110
-12401
-14517
-9510
-5816
-2844
-2154
3518
8507
10483
11591
13481
15165
12229
11836
12313
12779
9276
9125
12012
14037
16059
18230
21172
20477
23241
26121
25490
20747
16675
14975
8271
3571
-3374
-9881
-19287
-21466
-23114
-27207
-30023
-28945
-25800
-26239
-20182
-15499
-11927
-12250
-5881
-1678
-2372
-4349
-4366
-3900
-8982
-9945
-10892
-9700
-12862
-10887
-6521
-2461
-1374
520
7150
10116
11337
10872
14493
13293
10823
10719
12318
10916
7175
10796
13026
15367
15945
21138
22192
21936
25509
27108
25511
19119
18278
12751
6956
718
-4701
-13371
-21448
-21979
-25219
-28413
-30829
-26869
-26166
-24648
-18579
-13532
-11098
-11166
-4142
-2188
-2872
-6143
-5017
-6206
-10771
-11898
-11722
-10116
-13318
-9656
-4924
-337
-402
3470
10051
12203
11941
12445
15792
12876
9727
9639
10630
7494
4523
7922
10004
11150
13560
18958
20557
20379
25631
28044
26439
21232
20822
16227
9045
3680
-1551
-9897
-19538
-20536
-22791
-26839
-29648
-26403
-24739
-24898
-19464
-13837
-11568
-12592
-6720
-3188
-4716
-7879
-6839
-6716
-11606
-12849
-11273
-9909
-12706
-10014
-3770
-225
-133
2980
10163
12228
11424
12596
15819
13509
9299
10025
10839
7493
3685
7349
10096
10032
12736
18833
21379
20148
25437
29571
27804
21849
20917
17966
9535
3073
-1994
-9854
-20221
-22766
-23612
-27507
-30213
-28022
-24695
-24847
-19695
-14126
-10963
-11934
-7377
-2921
-3970
-6969
-7392
-6515
-10599
-12404
-11565
-10172
-12239
-10843
-5028
-1527
-1065
1414
8015
11084
10627
12381
15379
14522
10263
11162
12153
9344
5563
7636
10521
10027
13580
18222
21213
19503
25350
29660
28191
23275
21795
19888
11074
5628
-205
-7259
-18270
-21757
-22733
-27088
-29834
-29416
-25461
-26692
-21385
-16777
-12766
-14074
-9821
-4759
-5270
-7250
-8313
-6742
-11233
-12058
-11524
-9960
-12577
-11521
-5553
-1691
-706
882
7644
11075
11897
12696
15841
14726
11066
10634
11664
9030
4947
6263
9119
9511
12436
18267
21080
20405
25286
31909
30350
26150
24045
23627
14052
8341
2903
-4225
-16835
-21277
-21884
-26756
-31530
-30880
-26687
-28253
-24894
-18429
-13678
-15213
-12248
-5789
-4672
-7795
-8730
-7133
-10188
-13441
-12146
-10363
-12186
-13245
-7229
-1944
-763
-38
6419
11364
11460
11489
14679
14884
10392
8982
10774
9049
4600
5094
9304
10196
12543
17426
21628
21541
25074
31202
30448
27477
24294
24003
15287
10462
4473
-2386
-14273
-19015
-20413
-25977
-30485
-30589
-27317
-29523
-26042
-19891
-15463
-16668
-12892
-6245
-5570
-8399
-8316
-6614
-10441
-13748
-11976
-10427
-12473
-13174
-6731
-1893
-865
560
7236
11939
11614
12046
15033
15279
10792
10128
12001
10271
6111
6925
11504
11745
13712
17722
22065
21022
23997
29142
28384
25067
22030
22489
14013
9406
3374
-2277
-13607
-18406
-20338
-25761
-30159
-30867
-27792
-30089
-26358
-20828
-16321
-16681
-12242
-5516
-5174
-7199
-6983
-4949
-9161
-12460
-11089
-9722
-12177
-13317
-7246
-3157
-2235
-1181
5243
9309
9458
10744
13660
14045
10310
10881
13021
11684
8030
8969
13233
13227
15310
18877
22554
20942
23650
28469
27534
24250
21439
21728
13470
8789
3588
-2057
-13417
-18725
-20053
-25437
-29931
-30868
-27457
-29853
-26762
-21198
-16248
-16808
-13258
-6542
-5596
-7566
-7654
-5235
-8889
-12336
-10886
-8710
-10813
-12432
-6827
-1891
-857
-258
5395
9620
9795
10712
13738
13916
10399
10359
13062
11478
8307
8392
13159
12763
14740
18317
22227
20797
21842
27937
27185
24439
19768
21671
14030
8679
3074
-1442
-12253
-19580
-20149
-24501
-29348
-31481
-27020
-28344
-26976
-21376
-15526
-15286
-14083
-6833
-4879
-6552
-7585
-4733
-7307
-11850
-10683
-8633
-9986
-13251
-8268
-3481
-1787
-1840
3120
8040
8889
9849
12414
13781
10927
9984
12559
12095
8889
7597
12383
13043
13524
16877
21227
21106
20132
26552
27485
25291
20240
21931
16850
10451
5429
723
-8848
-17843
-19113
-23035
-28871
-31664
-28573
-28419
-28993
-22957
-17219
-15405
-14754
-7260
-3666
-5131
-5638
-3188
-4013
-9079
-8750
-7390
-8331
-11769
-8533
-4003
-2449
-2289
1750
6767
8326
8801
11480
12912
11098
9036
11280
11080
7966
6382
9945
11765
11114
14915
18793
20194
18733
25231
27339
25200
21100
22038
18713
10959
6805
1976
-6822
-17180
-19301
-22048
-28232
-31802
-29842
-28232
-29303
-23630
-17802
-14750
-14461
-7750
-2890
-3682
-4618
-2923
-2503
-7441
-8231
-6951
-7026
-10686
-9161
-4132
-1894
-2012
917
6675
8545
8510
10922
13462
11900
9204
10915
12015
9118
6642
9105
11688
11012
13297
16898
18698
17486
21841
25168
23635
20204
19543
18044
10953
6660
1821
-5398
-15425
-18924
-21259
-26760
-30551
-30096
-27934
-28877
-24354
-18845
-14757
-13982
-8635
-3344
-2800
-3403
-2351
-1160
-5165
-6829
-5608
-5365
-8711
-9316
-4108
-1697
-1674
-649
5313
8155
8167
9830
12708
12377
9207
9943
11767
9208
6186
6955
10372
8824
10400
14099
17110
16272
18329
24643
23764
22088
19162
20933
13748
9036
4148
-965
-11248
-18051
-18964
-23835
-28370
-30549
-26963
-27950
-26113
-20466
-15145
-14001
-11995
-5254
-3227
-4193
-4318
-2193
-3990
-7712
-6289
-5439
-6703
-9467
-5127
-1363
-406
-212
4009
8531
8899
9876
12091
13050
10013
9001
10973
9529
6387
5252
8865
8459
8886
12323
16175
16379
16621
23209
24474
23119
19466
21230
16434
10344
5389
962
-7875
-16703
-18844
-22283
-27283
-30061
-27920
-27117
-27108
-21751
-16581
-13652
-12675
-6520
-3267
-3511
-3477
-1874
-2042
-6089
-5168
-4598
-4648
-7871
-5320
-2157
-826
-1002
1613
5889
6579
7335
9067
10982
8877
7181
8817
8925
6449
4564
7116
8254
7976
11083
14647
16231
15013
20614
23675
22812
19371
19852
18309
11426
7537
3141
-3253
-13409
-16215
-18553
-23809
-27913
-27264
-25082
-26832
-22894
-17874
-13628
-13649
-8722
-3667
-2864
-3577
-2583
-734
-3976
-5064
-4568
-3282
-5871
-6042
-2871
-618
-675
182
4446
6803
6825
7839
10427
10389
7609
7945
9544
7948
5206
5752
8849
7977
10230
13062
16275
14705
17862
22429
22129
19794
17462
18263
11288
7509
2508
-2309
-12180
-17238
-18411
-23138
-26681
-28102
-24515
-26236
-22864
-17821
-12834
-12245
-8862
-2302
-1548
-2254
-2500
242
-2945
-5825
-5489
-4489
-6316
-8483
-4835
-2571
-2034
-1960
2513
5690
5919
6961
9799
10903
8337
7954
10340
9374
6677
5945
9746
9156
10014
13032
16603
15683
15595
21606
22056
20446
16254
18569
13071
8231
3624
333
-8457
-16068
-17045
-20060
-24672
-27365
-24347
-24258
-24130
-19205
-14196
-12200
-11202
-4620
-1998
-2496
-2903
-670
-1455
-5420
-5003
-4560
-4791
-7990
-5413
-2708
-1374
-1819
904
4849
5549
6013
7842
9943
7920
6316
8256
8863
6184
4646
7802
9168
8294
11331
15247
16196
14313
19265
22332
20705
17427
17693
16155
9154
5896
2043
-4395
-13909
-16213
-18075
-23162
-26122
-25164
-23126
-25065
-20390
-15651
-12156
-12143
-7026
-2225
-1928
-2211
-1165
99
-3790
-4821
-4241
-3876
-7120
-7499
-3600
-1680
-2107
-1334
3658
5628
5418
6767
9854
9090
6407
7350
9554
7410
4755
6477
9526
8544
9980
14318
16466
14663
16954
22276
21167
18138
16557
17597
10751
6348
2687
-1562
-11312
-16099
-17119
-20801
-25107
-25668
-22749
-23577
-21691
-17014
-12510
-11679
-8938
-3562
-1459
-1952
-1769
101
-1416
-4370
-4408
-3951
-5302
-7983
-5391
-2756
-2073
-2716
1077
5059
5306
5386
8132
9816
7164
6278
8792
8097
5354
5136
9153
8517
9092
12719
16306
15245
15148
21239
21185
19361
15655
17714
12130
7603
3679
136
-8120
-14799
-15260
-18670
-22490
-24627
-21665
-22170
-21638
-17279
-13154
-11775
-10954
-5138
-2973
-3219
-3410
-1209
-1650
-5013
-4642
-4229
-4746
-7927
-5748
-3249
-2577
-3068
-25
3912
4186
4809
7154
9289
7111
6262
8348
8492
5981
5073
8807
8774
8840
11378
15574
14693
14095
18989
20512
18453
14890
16813
12919
7850
4208
1899
-5271
-12503
-13367
-15661
-19675
-22262
-19985
-20170
-20668
-16688
-12777
-11501
-11414
-5817
-3156
-3169
-3558
-1325
-1114
-4097
-3963
-3605
-3824
-7260
-5930
-3777
-3016
-3826
-1758
2380
3163
3719
5684
8618
7275
6058
8041
9048
6932
5359
8553
9009
8464
10513
14245
13943
12531
16828
18983
17183
14019
15323
13119
7730
4839
2615
-3258
-11033
-12375
-13885
-18369
-21356
-20103
-19019
-20805
-17484
-13585
-11311
-11990
-7207
-3458
-3440
-4100
-2269
-898
-4147
-4339
-3700
-3500
-6811
-6161
-3592
-2762
-3556
-1950
2527
3642
4127
5881
9056
8193
6697
8342
9637
7711
5740
8235
9802
8599
9996
13389
14427
12322
15276
18578
16952
14118
13866
13883
7753
5176
2469
-1708
-9967
-12271
-13253
-17475
-20676
-20714
-18792
-21218
-18055
-14727
-11760
-12577
-8381
-4106
-3951
-4359
-3081
-828
-3892
-4465
-3779
-3198
-5792
-6142
-3397
-2809
-3053
-2256
1953
3184
3509
5198
7817
8147
6055
7728
8945
8164
5771
7876
10038
8977
10312
13061
15213
12412
15189
18043
17579
14199
13755
14141
8644
5963
3244
-285
-8573
-11069
-11886
-16145
-19959
-20335
-18105
-20804
-18592
-15384
-12201
-12978
-9272
-4514
-4459
-4506
-3411
-595
-3783
-4061
-3626
-2893
-5367
-5679
-2984
-2760
-2728
-2359
1703
2586
3191
4318
6847
7157
5489
6481
7891
7402
5412
6794
9266
8653
9772
12700
14921
13021
14653
18642
18006
15434
13802
15386
9879
6722
3718
880
-7154
-11038
-11663
-15646
-19643
-20945
-18394
-20799
-19519
-16209
-12570
-12562
-9902
-4823
-3996
-3813
-3092
-678
-3125
-4192
-3567
-3352
-5312
-6523
-3530
-2908
-2772
-2878
925
2754
3123
4079
6017
6960
5358
6304
7519
7422
5782
6899
9541
9454
10751
13006
15491
13979
15443
18551
18240
15972
13903
14753
9535
6694
3229
183
-7710
-11367
-12505
-16440
-20129
-21240
-19353
-21888
-19994
-16242
-13100
-13305
-10100
-4435
-3861
-3898
-2737
-61
-2943
-4154
-2904
-2991
-5436
-6626
-2843
-3019
-3303
-2930
1491
2487
2553
4318
6475
7014
5482
7219
8184
7812
6639
8114
10333
9565
11227
13481
15432
13718
15049
18320
17630
15756
13600
14934
9508
7024
3814
861
-7029
-10690
-11452
-15688
-19202
-20766
-18727
-21508
-19963
-16366
-13388
-13859
-11265
-5451
-4960
-5174
-4214
-1469
-3879
-5422
-3721
-3766
-5606
-6926
-3046
-2805
-3229
-2636
1250
2917
2444
4503
6264
7414
5677
7527
8418
8241
7229
8581
10655
9767
11900
13380
15312
13304
15626
17526
17208
15293
14346
14399
9464
7511
4333
742
-6672
-9434
-11088
-15480
-18763
-19660
-18487
-21458
-19444
-16370
-13930
-14661
-11219
-6289
-5994
-5827
-4300
-1696
-4530
-4836
-3341
-2973
-5489
-5720
-2127
-2094
-2685
-1939
2092
2556
2520
4368
6466
6486
5227
7147
7937
7248
6227
8023
9591
8926
10737
13054
14439
12856
15114
17814
16945
15383
14472
15057
9695
7544
4530
1007
-6519
-9470
-10650
-15230
-18719
-19459
-17691
-20927
-19646
-16480
-13565
-14442
-11709
-6436
-5780
-5915
-4531
-1405
-3907
-4965
-3474
-2751
-5038
-6106
-2612
-2173
-2838
-2465
1516
2548
2165
4099
6582
7114
5409
7338
8435
8015
6628
8203
9957
9067
10927
12974
14818
12730
15049
17536
17395
15378
14294
14868
9808
7292
4201
1417
-6232
-9609
-10535
-14170
-17952
-19422
-17379
-20233
-19555
-16948
-13782
-14710
-12725
-7458
-6237
-6352
-5572
-2149
-3739
-5072
-3896
-2798
-4455
-5952
-2670
-1692
-2277
-2345
1177
2637
2156
3797
6116
6777
5438
6801
8591
7871
7189
7999
10328
9503
11188
13260
14817
13699
14696
17985
17048
15934
13777
14819
9840
7194
4036
1158
-5515
-9734
-10440
-14062
-17370
-19220
-17463
-19671
-19521
-16724
-14080
-14280
-13013
-7836
-6341
-6521
-5724
-2811
-3727
-5448
-3960
-3151
-4649
-6290
-2913
-1580
-2427
-2503
830
2588
2063
3669
6041
6680
5494
6953
8913
8160
7290
8081
10399
9432
10582
12630
14108
13102
13937
17267
16489
15529
13664
14974
10447
7523
4700
2171
-4208
-8793
-9520
-12930
-16445
-18419
-16614
-18569
-19011
-16436
-13770
-13822
-13299
-8524
-6962
-7144
-6685
-3760
-4023
-5763
-4164
-3064
-3713
-5448
-2288
-500
-937
-1376
1325
3526
2819
3854
5662
6545
5195
6013
7919
7219
6412
6655
9141
8265
9369
11262
12836
12194
12929
16402
15563
14919
13259
14573
10298
7747
5247
2276
-3692
-8074
-8827
-12583
-15787
-17583
-16266
-18249
-18338
-15568
-13612
-13618
-12889
-8052
-7025
-7106
-6459
-3753
-4202
-5748
-4143
-3229
-3734
-5292
-2291
-734
-970
-1292
1391
3356
2738
3742
5745
6642
5204
6155
8016
7586
6502
7277
9373
8617
9540
11575
13066
11966
13031
15941
15532
14279
13101
13973
10114
7480
4953
2215
-3867
-7868
-9239
-12443
-15798
-17535
-16631
-18086
-18037
-15749
-13589
-13562
-12547
-8408
-7107
-7125
-6541
-3864
-4407
-5501
-4160
-2869
-3492
-4790
-2199
-797
-918
-1281
1227
2770
2404
3367
5423
6259
4998
6035
7781
7661
6709
7563
9684
8963
9924
11825
13547
12265
13151
15920
15479
14061
12872
13731
9689
7035
4627
2190
-3924
-7867
-8972
-12108
-15490
-17239
-16145
-17845
-17893
-15696
-13547
-13633
-12701
-8474
-7138
-7100
-6499
-3910
-4282
-5220
-3918
-2797
-3355
-4631
-2035
-646
-715
-1187
1381
3050
2763
3651
5767
6584
5056
5788
7838
7545
6219
6693
9159
8463
8959
10975
12632
11635
11891
15293
14791
13656
12059
13376
9796
7082
4995
2380
-3087
-7306
-7879
-11282
-14608
-16416
-15252
-17027
-17821
-15351
-13472
-13122
-12920
-8542
-7163
-6894
-6426
-4269
-4071
-5539
-4107
-3525
-3554
-5132
-2716
-1076
-989
-989
1069
3655
3431
4484
6050
7178
5798
5984
7840
7314
6081
6053
8711
8077
8542
10410
12242
11423
11620
14990
14675
13233
11742
13128
9800
6705
4723
2354
-2881
-7113
-7810
-10935
-14248
-15755
-15052
-16523
-17510
-14906
-13197
-12724
-12466
-8364
-6800
-6486
-5885
-3906
-3668
-5241
-4015
-3427
-3572
-5280
-3038
-1339
-1157
-1373
864
3550
3398
4138
5785
6956
5363
5328
7082
6762
5252
5243
7916
7633
7849
9847
11761
11037
11062
14398
14394
12931
11491
12706
10000
6753
4960
2860
-1956
-6358
-7090
-9552
-13048
-14899
-14221
-15368
-16838
-14835
-12901
-12302
-12383
-8720
-6727
-6347
-5905
-3951
-3273
-4685
-3921
-3167
-2936
-4524
-3127
-1265
-813
-1163
469
3259
3417
3747
5063
6482
5093
4620
6234
6263
4920
4773
7523
7672
8033
9654
11736
11073
10935
13677
13918
12482
10922
11767
9458
6595
4852
2835
-1592
-5547
-6454
-8840
-11958
-13718
-13618
-14844
-16109
-14227
-12815
-12234
-12134
-8791
-6959
-6131
-5470
-3829
-3334
-4400
-3476
-2782
-2699
-4306
-3038
-1273
-744
-1237
132
2640
3033
3296
4679
5835
4791
4213
5949
5810
4744
4557
7131
7322
7476
9566
11084
10858
10059
13229
12902
12206
10387
11293
8773
6364
5048
2749
-1377
-5463
-5819
-8518
-11280
-13227
-12878
-14091
-15224
-13315
-12150
-11427
-11392
-7988
-6538
-5832
-5101
-3471
-3017
-4558
-3517
-2979
-2571
-4532
-3291
-1762
-1019
-1291
-126
2174
2503
3354
4604
5923
4715
4503
5985
6117
4711
4358
6596
6857
6785
8621
10476
10022
9352
12055
12709
11328
10086
10833
9326
6205
5118
3462
-293
-4654
-5519
-7213
-10532
-12415
-12456
-13066
-14933
-13255
-11700
-11257
-11647
-8722
-6405
-6322
-5602
-3888
-2917
-4463
-3632
-2408
-2272
-3776
-3206
-1177
-857
-976
-369
1889
2189
2742
3995
5314
4665
4008
5560
6075
5008
4274
5986
6928
6555
8123
9896
10163
9151
11190
12672
11308
10363
10320
10010
6214
5497
3784
585
-4319
-5501
-6555
-10156
-12149
-12538
-12316
-14629
-13060
-11471
-10609
-11079
-8702
-5913
-5829
-4946
-3763
-2258
-3603
-3134
-2060
-1751
-2882
-3409
-1387
-1069
-1010
-1372
691
1246
1491
2498
3861
4059
2987
4511
5398
4943
3953
5457
6866
6231
7761
9472
10444
8956
10654
12380
11579
10474
10023
10264
6610
5629
3968
1590
-3413
-5276
-5865
-8970
-11116
-12192
-11353
-13608
-12790
-11239
-10061
-10534
-9339
-6143
-5890
-5157
-4563
-2554
-3706
-4049
-2709
-2093
-2750
-4223
-1886
-1277
-884
-1586
428
1426
1349
2386
3823
4595
3210
4285
5678
5338
4354
4951
6913
6111
7086
9070
10302
9199
9489
12224
11448
10694
9445
10193
6954
5261
3971
1774
-2554
-5580
-5832
-8415
-10618
-11816
-11301
-12628
-13033
-11076
-9975
-9750
-9656
-6532
-5261
-4821
-4065
-2585
-2358
-3748
-2368
-1865
-1946
-3776
-2466
-1117
-1122
-1278
-376
1380
932
1963
3377
4500
3535
3670
5597
5548
4920
4622
6447
6231
6478
8318
9700
9283
8577
11128
11337
10326
9131
9594
7801
4865
4141
2332
-1171
-5330
-5798
-7334
-10148
-11557
-11342
-11595
-13548
-11653
-10112
-9578
-10343
-7861
-5423
-5339
-4313
-3113
-1855
-3456
-2525
-1461
-1398
-2857
-3036
-985
-1154
-958
-991
1033
853
1462
2858
4165
4004
3293
5140
5778
5342
4537
5882
6584
5933
7463
9071
9516
8171
9911
11461
10422
9477
9307
9275
5536
4585
3269
1015
-3853
-5595
-6161
-8723
-10636
-11270
-10606
-12578
-11821
-10133
-8987
-9592
-8604
-5718
-5076
-4440
-3662
-1969
-2869
-3209
-1959
-1381
-2317
-3585
-1877
-1308
-1265
-1494
-43
580
343
1570
3114
3637
2454
3508
5027
5082
4153
4869
6223
5785
6437
8238
9280
8060
8453
10626
10654
9103
8672
9246
7106
4567
3904
2409
-1478
-4802
-5179
-6853
-9564
-10568
-10025
-10910
-12052
-10235
-8692
-8747
-8966
-6386
-4711
-4556
-3825
-2164
-1951
-3169
-2363
-1129
-1527
-3066
-2598
-1260
-1144
-1453
-748
416
310
732
2290
3491
2869
2707
4230
5182
4398
4306
5467
6125
5652
7225
8827
8620
7662
9309
10835
9373
8446
8532
8265
4952
3911
2988
498
-3713
-5136
-5620
-8148
-10050
-10208
-9780
-11500
-10978
-9140
-8235
-8816
-7643
-5011
-4323
-3918
-2861
-1464
-2160
-2452
-1412
-818
-1871
-2823
-1726
-954
-1239
-1542
-350
315
179
883
2552
3028
2260
2855
4500
4503
3683
4428
5794
5608
5863
8105
9110
8279
8240
10586
10514
8908
8323
8625
6581
3840
3255
1660
-1945
-5165
-5522
-7038
-9606
-10449
-10071
-10687
-11743
-9922
-8553
-8271
-8263
-5846
-4072
-3727
-2847
-1633
-1086
-2141
-1557
-891
-1032
-2474
-2604
-1427
-1283
-1670
-1568
-106
-44
243
1617
3032
2571
2336
4012
4971
4044
3954
5383
6006
5465
7097
9027
8897
8090
9574
11159
9663
8877
8683
8313
5108
4011
3010
571
-3323
-5116
-5653
-8182
-9905
-10404
-10124
-11638
-11302
-9574
-8562
-8600
-7823
-5045
-4146
-3468
-2793
-1168
-1539
-2172
-1249
-660
-1225
-2922
-1751
-1180
-1224
-2126
-927
-164
-558
242
1722
2534
1412
2503
3987
4354
3428
4272
5738
5626
5884
7895
9255
8338
8273
10136
10601
9003
8510
8564
7223
4430
3778
2544
-424
-4163
-5017
-5909
-8378
-10093
-9968
-9807
-11321
-10421
-8696
-7733
-8283
-6491
-3974
-3439
-3337
-2114
-511
-1787
-2127
-1079
-298
-1987
-2861
-1380
-1052
-1716
-2000
-231
-206
-419
499
2190
2179
1513
2837
4036
3789
3325
4593
5541
5279
6005
7950
8557
7769
8151
9914
9622
8408
8075
8200
6374
4129
3524
2110
-1178
-4440
-4959
-6274
-8849
-10276
-9757
-10060
-11397
-10055
-8223
-7610
-8045
-5659
-3366
-3136
-2948
-1363
-287
-1735
-1603
-550
-382
-2231
-2339
-963
-1134
-1760
-1491
166
-252
-155
911
2283
1883
1702
3019
3784
3424
3360
4699
5345
5121
6030
7857
8276
7726
8290
9857
9289
8357
7870
8020
5794
3665
2721
1276
-2115
-5196
-5589
-7122
-9497
-10706
-9726
-10149
-11111
-9510
-7496
-7005
-7208
-4545
-2529
-2422
-2144
-521
262
-1183
-861
-127
-334
-2010
-1904
-916
-1367
-1655
-1476
-114
-634
-187
578
1874
1558
1493
2734
3472
3452
3199
4696
5180
5167
5665
7681
8166
7638
8088
9654
9398
8125
7908
7842
5783
3322
2543
1081
-2343
-5223
-5765
-7041
-9628
-10514
-9808
-10012
-10992
-9455
-7525
-7062
-6939
-4678
-2558
-2464
-1960
-573
322
-833
-882
-245
-439
-1842
-2239
-1254
-1391
-1881
-1782
-373
-268
-257
676
2058
2098
1721
2917
3977
3851
3474
4787
5584
5264
5750
7613
8204
7433
7893
9361
9084
7640
7434
7339
5261
2744
2143
702
-2495
-5280
-5646
-6963
-9334
-10161
-9387
-9628
-10623
-9184
-7288
-6618
-6601
-4553
-2504
-2146
-1728
-352
575
-484
-693
73
-69
-1574
-2164
-992
-1195
-1920
-1700
-209
-216
-557
724
2073
1859
1301
2676
3720
3224
3065
4267
5070
4571
5307
7175
7524
6978
7426
9043
8429
7351
7056
6815
4908
2541
1956
353
-2330
-5244
-5591
-6684
-8718
-9604
-8940
-8677
-9790
-8237
-6558
-5552
-5936
-3784
-1852
-1634
-1404
-136
1075
-396
-505
-23
121
-1740
-2187
-1284
-1542
-2140
-1978
-355
-553
-477
570
2107
1883
1441
2783
3636
3382
2839
4222
4674
4555
4828
6573
7113
6590
7016
8221
8301
6860
6740
6334
4993
2444
1714
444
-2165
-4959
-5716
-6291
-8448
-9377
-8894
-8324
-9325
-8174
-6231
-5372
-5476
-3855
-1609
-1523
-1329
-198
993
-1
-413
142
34
-1244
-2071
-1331
-1551
-2055
-2067
-756
-548
-742
145
1446
1632
1105
2113
3049
3034
2622
3711
4426
4309
4617
6075
6905
6449
6865
7814
8143
6899
6564
6211
5125
2863
1577
580
-1628
-4247
-5539
-5965
-7654
-8831
-8466
-7836
-8392
-7981
-5910
-4780
-4730
-3840
-1655
-976
-1113
-374
806
477
-426
-57
81
-794
-1910
-1492
-1266
-1750
-1929
-935
-244
-593
-157
955
1509
861
1347
2369
2681
2178
2901
3921
3993
4041
5187
6457
6201
6390
7127
7902
6912
6447
6177
5393
3328
1764
930
-899
-3428
-5323
-5666
-6849
-8303
-8513
-7763
-7822
-7996
-6189
-4686
-4400
-4111
-1976
-680
-910
-578
642
1040
-88
-63
272
-166
-1410
-1430
-977
-1347
-1653
-1109
-128
-442
-362
478
1315
889
962
1900
2464
2197
2482
3495
3853
3770
4407
5800
6001
5888
6171
7297
6851
6047
5636
5319
3687
1692
939
-515
-2831
-5118
-5382
-6233
-7785
-8346
-7518
-7134
-7688
-6182
-4503
-3800
-3977
-2131
-531
-691
-580
456
1164
-102
-148
271
91
-1242
-1522
-816
-1143
-1445
-1331
-217
-506
-531
89
975
794
463
1518
2084
2123
1933
3182
3638
3574
3923
5381
6004
5473
5861
6746
6920
5639
5445
5149
3894
1727
841
-91
-2377
-4626
-5215
-5494
-7154
-7879
-7044
-6434
-6918
-6014
-4014
-3353
-3416
-2135
-344
-370
-555
404
1032
168
-387
291
89
-957
-1409
-725
-767
-1314
-1078
-407
-208
-597
-12
657
790
357
1014
1777
1846
1648
2528
3219
3172
3436
4703
5422
5051
5371
6095
6445
5309
5247
4828
3933
1820
952
13
-1904
-4071
-5017
-5190
-6613
-7244
-6915
-6084
-6475
-5840
-4126
-3279
-3139
-2469
-610
-381
-389
51
877
510
-185
232
194
-354
-1209
-663
-618
-984
-1211
-596
-235
-590
-266
400
773
296
865
1673
1893
1519
2220
3037
3045
3074
3999
4961
4763
4901
5417
6065
5333
5010
4686
4174
2381
1072
355
-1134
-3269
-4774
-4792
-5723
-6666
-6659
-5614
-5671
-5725
-4135
-2878
-2739
-2728
-933
-192
-455
-278
651
634
-333
48
184
-159
-1142
-788
-551
-840
-1082
-770
-166
-592
-334
133
801
312
497
1360
1787
1548
1680
2687
2709
2709
3167
4316
4206
4157
4702
5346
5123
4539
4601
4003
2857
1423
787
-592
-2440
-3951
-4381
-4961
-6021
-5987
-5378
-5023
-5225
-3978
-2745
-2516
-2456
-1266
-299
-610
-420
282
455
-319
-204
201
-160
-742
-765
-391
-658
-728
-541
-231
-432
-440
56
361
187
62
722
1229
1272
1390
2076
2428
2500
2954
3826
3976
3887
4194
4757
4618
4140
4055
3563
2690
1335
826
-366
-1868
-3457
-3918
-4329
-5186
-5317
-4969
-4380
-4511
-3487
-2599
-2126
-2038
-1124
-270
-355
-110
261
546
94
159
285
28
-343
-554
-335
-530
-558
-568
-319
-370
-434
-149
-6
-22
-275
131
446
698
802
1345
1868
2168
2616
3238
3872
3872
3906
4107
4468
3970
3474
3067
2634
1350
496
-139
-1217
-2945
-3637
-3571
-4212
-4889
-4572
-3572
-3748
-3377
-2225
-1437
-1687
-1245
6
94
-132
97
701
329
16
172
31
-312
-783
-581
-682
-753
-1007
-791
-466
-579
-586
-318
134
-200
-156
509
905
734
1056
2002
2246
2247
3065
3808
3677
3378
3981
4172
3543
3012
2985
2519
1132
539
46
-943
-2692
-3173
-3278
-4007
-4647
-4257
-3568
-3921
-3392
-2251
-1482
-1829
-1241
-4
249
70
314
1053
667
387
506
575
-50
-633
-370
-479
-795
-1238
-793
-701
-857
-828
-343
-13
-377
-38
424
818
590
1130
1632
1822
1993
2879
3444
3172
3235
3722
4039
3280
3060
2793
2451
1182
689
169
-893
-2316
-2819
-2805
-3757
-4186
-3931
-3300
-3741
-3178
-2076
-1574
-1734
-1101
182
217
263
544
1136
664
468
562
352
-219
-803
-547
-855
-1007
-1385
-905
-979
-998
-817
-297
-146
-525
-69
355
689
372
965
1396
1638
1877
2737
3340
3061
3231
3700
4082
3290
3041
2875
2400
1302
702
358
-832
-1928
-2490
-2550
-3454
-3807
-3603
-3447
-3657
-3225
-2237
-2036
-1826
-1130
-112
100
304
763
954
810
592
632
268
-261
-682
-727
-774
-1070
-1143
-1052
-867
-932
-614
-343
-356
-462
-82
386
350
414
864
1389
1519
1885
2636
3015
2913
3017
3557
3573
3043
2824
2789
2236
1242
945
517
-435
-1565
-1857
-2155
-2890
-3284
-3229
-3220
-3454
-2924
-2280
-1978
-1743
-978
-126
115
374
584
805
580
430
245
-61
-438
-904
-781
-849
-932
-1177
-745
-561
-675
-479
-88
18
-310
158
488
488
449
994
1363
1367
1788
2437
2623
2410
2662
3165
3015
2538
2454
2391
1732
953
758
206
-871
-1758
-1835
-2231
-2940
-3147
-2999
-2997
-3084
-2381
-1923
-1626
-1353
-531
50
264
475
509
708
424
376
50
-24
-559
-895
-710
-664
-905
-1128
-466
-472
-529
-306
334
66
-91
428
778
579
570
1196
1346
1390
1808
2371
2335
2188
2624
2925
2568
2224
2153
1891
1089
688
271
-461
-1499
-1899
-2039
-2522
-3008
-3116
-2890
-2910
-2680
-2209
-1736
-1503
-1119
-388
180
334
330
609
772
554
351
344
85
-472
-602
-238
-440
-819
-657
-71
-162
-147
370
580
330
385
982
843
663
863
1384
1321
1455
1990
2182
2100
2148
2686
2494
2127
1867
1805
1219
484
185
-452
-1361
-2152
-2217
-2651
-3216
-3427
-3227
-3163
-3119
-2502
-2161
-1756
-1374
-531
-185
223
486
652
777
755
789
381
391
-57
-219
-402
-226
-502
-610
-215
-29
182
325
868
694
908
1121
1320
1109
1252
1608
1543
1783
2068
2396
2142
2395
2512
2429
2108
1904
1490
836
419
-28
-833
-1775
-2278
-2613
-3150
-3568
-3597
-3510
-3554
-3223
-2663
-2276
-1956
-1385
-713
-351
-10
356
630
660
624
609
601
363
18
-154
-78
-198
-364
-224
24
136
364
880
1052
1003
1341
1683
1572
1431
1790
1861
1673
1860
2321
2303
2064
2311
2407
2114
1776
1664
1205
386
34
-356
-1140
-2181
-2568
-2900
-3463
-3784
-3783
-3712
-3713
-3210
-2833
-2430
-2003
-1465
-1014
-534
30
121
405
639
804
558
680
688
306
155
310
406
16
270
551
754
811
1310
1504
1438
1724
2052
2043
1823
2107
2147
2055
2168
2478
2394
2154
2320
2285
1896
1601
1310
728
-24
-293
-881
-1813
-2629
-2945
-3476
-4021
-4186
-4230
-4286
-4160
-3594
-3300
-2927
-2465
-1814
-1348
-848
-379
-10
258
535
689
705
671
629
520
520
557
518
594
773
1036
1160
1517
1682
1799
1880
2187
2237
2179
2274
2410
2373
2345
2693
2725
2597
2385
2599
2291
1930
1565
1232
574
-122
-369
-1166
-1972
-2841
-3038
-3766
-4295
-4520
-4517
-4549
-4556
-3911
-3623
-3109
-2754
-1960
-1465
-1000
-564
-224
209
235
430
403
581
357
386
620
690
681
816
1420
1387
1563
1880
2233
2011
2066
2533
2443
2356
2372
2822
2575
2706
2935
3010
2697
2534
2693
2187
1873
1305
1083
243
-156
-721
-1421
-2236
-2965
-3321
-4080
-4348
-4867
-4792
-4876
-4570
-4302
-3858
-3182
-2852
-2140
-1664
-948
-894
-410
-86
66
53
188
445
203
518
749
1007
891
1372
1774
1762
1970
2272
2457
2208
2545
2724
2656
2667
2894
3081
2884
3208
3206
3091
2815
2828
2535
1973
1770
1192
715
-95
-257
-1133
-1821
-2573
-3089
-3721
-4321
-4421
-4983
-4906
-4937
-4450
-4446
-3834
-3280
-2887
-2273
-1785
-1119
-1123
-406
-294
-30
-3
330
431
338
955
960
1187
1152
1913
1824
1955
2250
2496
2486
2400
2941
2756
2800
2789
3196
2994
3026
3205
3197
3032
2829
2783
2291
2010
1511
964
254
-164
-871
-1661
-2353
-2894
-3569
-4075
-4287
-4694
-4924
-4926
-4505
-4584
-4271
-3814
-3197
-2849
-2373
-1681
-1356
-902
-622
-142
-206
57
214
485
598
740
1103
1201
1561
1604
2039
2052
2302
2337
2511
2679
2601
2775
2717
2981
2785
3119
3196
3245
3134
3282
3348
2845
2687
2301
1966
1015
623
-49
-858
-1750
-2382
-2884
-3674
-3969
-4374
-4578
-4896
-4650
-4546
-4467
-4241
-3809
-3215
-2925
-2370
-2034
-1410
-1128
-813
-591
-330
-181
-135
296
548
733
856
1453
1671
1768
2001
2434
2465
2343
2704
2829
2752
2623
3010
2976
2921
3168
3401
3347
3188
3485
3286
3038
2610
2317
1740
1051
550
-316
-980
-1899
-2422
-3169
-3600
-4124
-4587
-4761
-4915
-4814
-4926
-4518
-4336
-3947
-3545
-2929
-2499
-2278
-1626
-1209
-859
-856
-347
-140
25
296
693
1007
1121
1626
1862
2115
2205
2516
2602
2615
2761
2761
2908
2864
3054
3019
3261
3365
3368
3451
3361
3404
3025
2990
2449
2080
1493
1079
405
-340
-919
-1684
-2232
-3006
-3349
-3992
-4345
-4759
-4885
-4930
-4910
-4663
-4524
-4075
-3797
-3240
-2871
-2392
-2007
-1636
-1186
-877
-497
-305
144
434
778
1050
1403
1727
1915
2254
2413
2639
2626
2904
2982
3017
3065
3229
3341
3245
3486
3478
3501
3276
3389
3121
2845
2563
2227
1733
1137
762
30
-553
-1342
-1792
-2568
-3029
-3517
-3977
-4398
-4705
-4677
-4851
-4662
-4643
-4261
-4076
-3617
-3235
-2806
-2356
-1974
-1506
-1142
-634
-307
60
398
789
1069
1389
1678
1934
2165
2434
2597
2682
2842
2954
2974
3023
3142
3208
3207
3339
3336
3283
3204
3159
2922
2604
2409
2032
1678
1159
841
128
-399
-1009
-1494
-2181
-2712
-3041
-3583
-3910
-4223
-4218
-4497
-4378
-4292
-4070
-3975
-3601
-3245
-2925
-2519
-2132
-1711
-1361
-875
-527
-68
289
674
888
1304
1534
1766
1865
2114
2177
2192
2326
2422
2493
2540
2761
2834
3050
3248
3366
3321
3335
3322
3124
2892
2644
2294
1886
1529
1151
562
22
-543
-1050
-1655
-2093
-2610
-3074
-3466
-3702
-3973
-4180
-4177
-4241
-4211
-4092
-3832
-3672
-3354
-2929
-2559
-2247
-1733
-1206
-823
-381
161
583
905
1259
1593
1745
1874
2042
2033
1958
1988
2049
2075
2158
2321
2480
2657
2998
3157
3214
3133
3252
3114
2907
2643
2335
1981
1559
1379
861
412
-159
-435
-1050
-1478
-1928
-2352
-2869
-3215
-3399
-3803
-4000
-4137
-4084
-4245
-4066
-3902
-3683
-3419
-3030
-2636
-2220
-1679
-1181
-695
-141
466
924
1272
1709
2038
2302
2372
2481
2401
2391
2360
2318
2295
2309
2500
2570
2763
2795
2960
2825
2862
2687
2549
2223
1965
1701
1337
1127
748
530
27
-167
-644
-931
-1462
-1834
-2279
-2763
-3076
-3538
-3717
-4114
-4038
-4274
-4154
-4192
-3881
-3783
-3518
-3180
-2766
-2236
-1784
-1090
-568
196
704
1385
1778
2284
2621
2932
3027
3089
3115
3080
3020
2941
2864
2795
2812
2777
2679
2494
2473
2194
2037
1660
1483
1098
934
617
434
228
38
-137
-438
-579
-914
-1127
-1545
-1811
-2285
-2542
-2879
-3150
-3389
-3589
-3694
-3830
-3771
-3790
-3660
-3579
-3258
-2974
-2483
-2021
-1377
-792
-85
543
1202
1739
2260
2711
3047
3333
3417
3608
3602
3650
3431
3439
3212
3114
2812
2650
2322
2030
1740
1362
1053
652
493
150
23
-227
-251
-430
-458
-623
-760
-963
-1136
-1339
-1648
-1843
-2138
-2277
-2591
-2720
-3052
-3160
-3352
-3412
-3560
-3515
-3458
-3253
-2989
-2576
-2111
-1559
-908
-289
397
982
1641
2129
2703
3036
3429
3638
3901
3936
3990
3882
3744
3490
3225
2925
2516
2169
1646
1296
764
511
49
-141
-496
-569
-732
-731
-790
-845
-874
-1013
-1000
-1210
-1255
-1534
-1577
-1792
-1877
-2127
-2257
-2489
-2623
-2802
-2935
-3052
-3054
-2985
-2862
-2580
-2295
-1836
-1402
-765
-262
390
884
1536
2033
2618
3009
3396
3714
3937
4112
4003
3949
3644
3495
2996
2712
2089
1715
1116
739
215
-163
-518
-838
-980
-1188
-1133
-1268
-1139
-1224
-1117
-1179
-1114
-1207
-1249
-1346
-1399
-1478
-1598
-1696
-1828
-1924
-2036
-2148
-2248
-2275
-2265
-2187
-2117
-1928
-1704
-1353
-995
-542
-134
347
892
1407
1974
2400
2912
3242
3633
3774
3860
3773
3660
3445
3069
2690
2171
1722
1184
766
228
-229
-635
-917
-1194
-1330
-1447
-1464
-1510
-1415
-1424
-1352
-1338
-1279
-1309
-1345
-1340
-1403
-1416
-1511
-1455
-1584
-1504
-1622
-1529
-1587
-1463
-1467
-1385
-1324
-1223
-1038
-885
-579
-384
36
338
847
1238
1755
2131
2618
2958
3217
3336
3390
3411
3222
3086
2676
2356
1834
1531
1021
614
104
-259
-664
-918
-1135
-1294
-1431
-1510
-1527
-1588
-1536
-1566
-1476
-1543
-1425
-1494
-1402
-1451
-1345
-1340
-1265
-1240
-1196
-1117
-1059
-926
-878
-767
-758
-669
-665
-553
-507
-380
-233
-28
242
552
906
1226
1645
1949
2246
2391
2578
2603
2649
2585
2443
2193
1920
1686
1353
1059
683
375
4
-241
-528
-737
-960
-1106
-1283
-1399
-1503
-1557
-1585
-1581
-1548
-1544
-1468
-1443
-1280
-1196
-1038
-1002
-845
-771
-622
-520
-392
-309
-241
-163
-151
-102
-126
-43
-89
60
75
316
399
719
841
1092
1206
1390
1511
1537
1637
1557
1643
1445
1498
1239
1232
966
914
666
539
312
103
-105
-362
-510
-793
-929
-1217
-1303
-1490
-1481
-1577
-1527
-1544
-1450
-1334
-1176
-1039
-892
-719
-566
-399
-261
-104
1
138
201
259
254
305
279
319
295
341
337
451
538
620
649
663
727
706
735
654
670
561
603
555
566
549
576
606
606
655
599
561
402
302
89
-83
-307
-555
-766
-950
-1073
-1194
-1270
-1330
-1324
-1257
-1155
-1056
-894
-723
-508
-339
-153
-21
151
274
394
451
482
536
551
608
580
633
566
651
635
656
577
518
436
307
205
10
-111
-307
-329
-454
-422
-420
-297
-172
1
202
322
486
488
561
461
420
229
52
-139
-295
-413
-573
-660
-797
-815
-853
-812
-783
-697
-553
-393
-226
-75
51
185
294
404
449
489
530
589
662
669
746
736
829
809
839
739
652
522
346
165
-129
-372
-692
-858
-1088
-1145
-1262
-1156
-1056
-782
-549
-258
-14
208
381
473
546
489
421
270
174
38
-27
-146
-202
-289
-285
-313
-260
-261
-164
-117
14
89
194
248
322
368
397
407
405
484
520
601
621
712
722
828
788
801
621
566
332
176
-113
-425
-742
-1080
-1296
-1580
-1668
-1788
-1664
-1552
-1244
-973
-622
-289
-25
256
402
556
551
572
495
439
388
314
308
215
242
153
239
202
257
250
290
339
369
420
391
426
394
396
366
401
425
511
543
639
652
742
734
760
656
577
421
248
46
-229
-492
-839
-1087
-1419
-1579
-1792
-1810
-1834
-1671
-1501
-1213
-951
-662
-384
-148
79
194
306
298
350
312
367
322
389
327
400
386
456
460
492
501
482
531
521
555
511
508
455
439
446
466
518
572
638
692
750
814
815
811
720
663
497
392
156
-60
-341
-604
-903
-1151
-1375
-1574
-1645
-1700
-1618
-1565
-1366
-1236
-976
-796
-539
-394
-201
-120
-1
57
128
186
225
309
336
435
430
525
519
601
564
602
559
600
545
554
476
443
400
409
452
487
577
595
723
744
873
820
871
749
748
613
529
342
138
-74
-343
-540
-840
-1000
-1249
-1299
-1433
-1416
-1463
-1380
-1312
-1203
-1048
-931
-731
-623
-446
-374
-237
-149
-43
46
130
217
291
379
447
490
531
530
555
526
529
473
449
392
337
303
289
351
399
523
560
718
791
951
986
1031
989
972
916
810
671
462
275
30
-178
-450
-637
-853
-983
-1145
-1213
-1304
-1298
-1351
-1306
-1285
-1149
-1066
-929
-837
-729
-603
-506
-372
-323
-174
-139
47
99
279
306
447
480
557
571
583
577
547
525
447
444
387
454
448
570
608
756
833
998
1082
1153
1153
1109
1096
1012
936
736
581
341
157
-96
-323
-559
-754
-921
-1074
-1166
-1269
-1324
-1366
-1371
-1346
-1315
-1244
-1222
-1136
-1105
-1017
-982
-893
-807
-716
-527
-397
-174
-42
164
296
462
574
643
720
733
797
767
803
766
783
798
817
898
911
1045
1064
1236
1253
1353
1309
1293
1228
1123
1020
789
637
340
179
-117
-287
-554
-708
-894
-998
-1075
-1173
-1190
-1299
-1265
-1361
-1324
-1417
-1425
-1488
-1508
-1503
-1486
-1394
-1325
-1112
-928
-631
-409
-130
68
308
486
633
746
821
886
915
953
964
984
987
999
1008
1038
1080
1140
1193
1282
1320
1378
1367
1359
1278
1173
1031
834
638
370
156
-114
-294
-505
-662
-791
-888
-946
-1022
-1060
-1169
-1226
-1344
-1432
-1551
-1680
-1769
-1871
-1862
-1835
-1713
-1550
-1304
-1013
-710
-378
-108
179
384
592
711
820
895
941
978
989
1020
1035
1073
1081
1104
1140
1206
1257
1326
1355
1438
1440
1473
1404
1331
1185
1043
847
629
414
146
-47
-279
-410
-605
-707
-842
-905
-995
-1066
-1165
-1277
-1392
-1547
-1692
-1850
-1954
-2034
-2011
-1952
-1790
-1595
-1305
-994
-664
-358
-82
183
388
576
680
775
835
896
923
952
991
1018
1069
1098
1157
1214
1291
1369
1426
1486
1538
1546
1541
1465
1377
1227
1079
870
663
432
200
-24
-236
-420
-605
-743
-888
-973
-1088
-1170
-1302
-1414
-1564
-1710
-1892
-2034
-2154
-2192
-2181
-2097
-1939
-1713
-1422
-1108
-771
-463
-161
101
322
497
632
727
813
890
951
1025
1106
1185
1271
1356
1451
1540
1646
1715
1803
1843
1887
1853
1815
1708
1585
1424
1230
1009
762
522
240
9
-268
-478
-717
-871
-1046
-1156
-1289
-1395
-1519
-1649
-1778
-1953
-2082
-2231
-2292
-2337
-2274
-2187
-2009
-1785
-1490
-1168
-846
-525
-246
37
275
460
605
711
813
894
983
1063
1171
1261
1376
1465
1567
1670
1758
1848
1892
1941
1932
1939
1859
1776
1586
1426
1203
993
739
461
208
-70
-288
-552
-734
-956
-1072
-1214
-1314
-1435
-1563
-1674
-1829
-1948
-2106
-2192
-2256
-2234
-2177
-2048
-1859
-1624
-1339
-1047
-743
-476
-207
14
229
400
546
671
774
893
984
1107
1190
1313
1393
1487
1562
1638
1711
1762
1808
1789
1793
1732
1664
1529
1379
1183
1000
783
562
334
84
-125
-347
-549
-749
-910
-1072
-1198
-1306
-1429
-1533
-1638
-1757
-1852
-1935
-1977
-1977
-1932
-1843
-1722
-1538
-1324
-1083
-834
-589
-346
-139
54
223
390
534
646
764
885
1011
1130
1240
1321
1412
1485
1548
1597
1632
1636
1628
1595
1532
1432
1320
1179
1013
832
635
451
258
80
-108
-273
-440
-599
-758
-895
-1028
-1143
-1252
-1355
-1441
-1538
-1606
-1664
-1685
-1683
-1643
-1571
-1468
-1331
-1181
-999
-826
-640
-465
-289
-119
45
211
361
520
664
805
941
1071
1188
1294
1385
1448
1499
1527
1546
1530
1506
1447
1373
1281
1158
1021
873
723
545
385
221
61
-86
-239
-386
-521
-646
-768
-875
-971
-1075
-1158
-1249
-1317
-1369
-1394
-1398
-1385
-1337
-1277
-1180
-1095
-984
-888
-770
-643
-518
-392
-271
-128
11
164
293
427
563
718
853
972
1073
1160
1232
1300
1345
1376
1376
1354
1315
1244
1175
1030
911
735
593
423
273
128
-12
-130
-267
-364
-493
-579
-701
-786
-885
-957
-1038
-1102
-1143
-1178
-1177
-1172
-1129
-1080
-1003
-929
-849
-778
-704
-630
-552
-459
-388
-290
-180
-62
54
176
302
440
589
712
840
951
1062
1141
1220
1278
1310
1326
1303
1263
1196
1112
1008
877
749
598
466
324
199
67
-44
-169
-280
-385
-500
-605
-712
-801
-900
-958
-1033
-1056
-1082
-1073
-1062
-1016
-957
-887
-810
-745
-678
-613
-540
-490
-439
-394
-335
-260
-166
-84
31
144
279
400
528
646
763
864
952
1011
1066
1104
1111
1094
1041
971
896
812
715
622
509
421
333
256
162
90
6
-67
-167
-257
-358
-458
-552
-661
-744
-812
-860
-896
-908
-898
-869
-827
-774
-719
-673
-630
-559
-525
-467
-447
-378
-320
-236
-167
-93
5
91
215
294
420
511
636
717
813
873
924
949
952
932
882
835
744
671
562
481
372
298
221
161
101
44
2
-54
-101
-169
-226
-302
-364
-450
-520
-594
-653
-683
-714
-717
-715
-703
-684
-646
-608
-559
-503
-454
-408
-356
-298
-240
-175
-110
-46
27
112
190
268
335
408
489
559
616
659
691
714
718
697
662
607
546
474
397
313
222
154
82
28
-22
-71
-110
-144
-179
-212
-239
-279
-316
-358
-392
-424
-456
-490
-515
-525
-520
-506
-482
-459
-414
-358
-305
-257
-197
-134
-81
-16
26
82
128
176
207
255
305
352
406
461
518
569
614
646
658
649
605
559
503
412
328
236
150
59
-10
-100
-168
-227
-294
-352
-391
-430
-471
-492
-498
-506
-511
-502
-502
-484
-480
-470
-463
-435
-407
-362
-317
-263
-195
-126
-50
32
116
174
259
325
392
446
507
545
579
615
621
620
624
625
615
622
599
587
557
514
456
377
290
196
88
-17
-109
-206
-287
-371
-448
-535
-611
-679
-734
-762
-784
-799
-793
-778
-752
-716
-676
-630
-583
-527
-459
-393
-319
-263
-195
-119
-37
50
144
232
311
416
487
576
642
695
737
769
790
787
795
763
743
700
673
637
585
550
488
442
357
287
195
111
22
-75
-164
-253
-333
-428
-502
-588
-650
-719
-766
-814
-840
-852
-841
-821
-779
-735
-680
-606
-536
-465
-396
-325
-262
-164
-91
-1
73
170
261
351
444
515
588
643
698
736
773
786
784
766
752
716
670
613
559
497
428
368
293
229
152
82
16
-45
-114
-177
-247
-306
-383
-452
-522
-585
-650
-704
-747
-773
-780
-782
-754
-736
-686
-634
-565
-497
-416
-347
-263
-177
-100
-15
69
154
224
295
361
433
502
565
617
665
700
724
734
740
727
700
664
617
564
501
428
346
267
190
117
56
-15
-79
-145
-196
-244
-299
-346
-411
-452
-496
-527
-559
-589
-622
-640
-653
-661
-655
-652
-623
-587
-532
-474
-404
-325
-248
-170
-83
-10
72
144
212
287
353
408
460
504
560
603
634
658
661
670
653
630
583
539
484
431
370
304
245
179
118
50
1
-53
-105
-156
-211
-252
-288
-313
-352
-394
-432
-463
-474
-481
-499
-519
-516
-509
-493
-491
-483
-465
-420
-370
-309
-246
-186
-112
-51
25
86
164
218
279
337
388
426
459
480
489
517
519
527
518
507
478
457
428
385
344
279
234
183
142
84
43
-17
-63
-105
-152
-181
-227
-265
-299
-308
-327
-336
-356
-363
-370
-373
-379
-378
-371
-374
-363
-355
-323
-292
-256
-219
-161
-107
-58
-11
27
71
114
149
171
199
221
244
265
274
282
279
277
279
273
279
264
247
229
213
190
174
154
124
101
68
45
9
-14
-64
-96
-117
-134
-140
-146
-156
-159
-158
-164
-170
-182
-194
-202
-195
-205
-197
-200
-181
-176
-154
-141
-117
-90
-69
-30
-2
44
70
95
112
131
138
141
138
134
133
126
132
130
132
138
133
123
123
122
114
111
104
95
92
78
49
20
2
-11
-31
-39
-50
-59
-51
-48
-42
-44
-35
-40
-39
-40
-48
-51
-57
-63
-72
-72
-77
-78
-82
-81
-80
-72
-68
-57
-46
-35
-16
-14
-8
-11
-9
-7
-17
-24
-31
-25
-29
-30
-24
-23
-11
-11
-7
-1
14
17
23
26
33
40
47
55
55
63
69
79
88
101
111
123
126
123
121
122
115
101
91
75
70
57
32
14
1
-13
-15
-30
-45
-58
-67
-78
-84
-93
-104
-112
-111
-115
-121
-124
-135
-142
-149
-149
-149
-138
-137
-128
-128
-118
-98
-90
-74
-67
-54
-40
-17
-4
10
23
44
66
90
121
131
147
164
183
197
215
219
225
222
215
201
185
163
145
120
98
87
65
44
17
2
-20
-33
-62
-89
-113
-123
-131
-152
-162
-176
-179
-178
-178
-188
-188
-180
-175
-180
-178
-181
-168
-159
-141
-127
-104
-80
-63
-38
-20
11
24
52
70
98
127
147
166
186
208
225
244
250
251
246
244
233
225
203
191
169
151
137
112
91
62
34
2
-21
-45
-63
-82
-95
-118
-138
-145
-159
-174
-187
-191
-210
-214
-216
-216
-202
-196
-182
-179
-158
-145
-136
-109
-92
-81
-66
-39
-24
6
25
48
68
97
115
135
160
172
188
200
215
219
224
207
209
197
185
172
158
149
132
118
89
71
50
26
7
-18
-43
-66
-91
-104
-116
-128
-144
-151
-160
-167
-180
-194
-200
-201
-189
-189
-191
-183
-173
-160
-150
-142
-134
-107
-78
-59
-38
-25
-2
23
40
52
70
93
117
139
150
159
174
182
185
185
192
190
191
182
177
166
159
152
130
117
98
88
72
48
23
8
-13
-32
-57
-77
-85
-98
-115
-128
-135
-143
-151
-166
-171
-174
-170
-172
-170
-171
-171
-157
-146
-145
-135
-114
-90
-61
-40
-22
-3
23
33
49
63
75
95
111
128
141
161
172
175
178
174
177
180
170
161
152
147
134
116
102
93
75
50
28
7
-7
-20
-34
-51
-60
-75
-89
-94
-99
-103
-110
-122
-126
-135
-141
-145
-150
-161
-154
-147
-134
-122
-112
-97
-81
-61
-50
-38
-31
-20
-6
19
36
53
64
76
91
97
103
106
115
122
135
144
144
140
127
130
110
104
90
79
71
59
48
30
17
-9
-25
-43
-45
-60
-64
-76
-85
-96
-108
-111
-120
-123
-127
-135
-132
-124
-120
-109
-105
-92
-85
-69
-55
-48
-43
-32
-19
2
19
27
48
66
89
92
96
104
108
110
105
104
104
109
109
107
101
105
97
80
69
54
40
34
20
3
-2
-11
-20
-31
-44
-54
-65
-75
-74
-78
-82
-81
-84
-78
-71
-63
-67
-68
-66
-59
-54
-53
-50
-45
-25
-17
-7
2
20
30
37
35
36
45
51
58
63
66
69
73
77
79
78
77
76
80
70
62
54
45
39
30
19
17
14
8
-7
-11
-20
-27
-35
-44
-46
-56
-60
-67
-66
-65
-66
-71
-70
-73
-71
-63
-56
-51
-44
-42
-34
-25
-29
-28
-22
-16
-11
-3
-2
4
10
21
25
30
38
42
39
40
41
47
46
46
39
38
42
40
45
38
40
34
30
24
14
13
9
6
5
3
-5
-4
-17
-19
-29
-34
-43
-42
-37
-46
-44
-55
-47
-47
-45
-44
-39
-35
-27
-26
-27
-24
-29
-27
-30
-24
-23
-12
-6
-4
5
10
22
24
25
32
35
46
41
36
39
45
52
55
54
56
52
49
49
40
36
35
28
28
27
20
20
7
-1
-4
-9
-15
-20
-30
-27
-31
-38
-42
-49
-49
-54
-52
-51
-50
-39
-30
-28
-30
-26
-22
-14
5
2
8
16
23
26
27
24
34
41
41
49
45
53
61
65
56
52
51
48
47
35
33
33
23
16
11
7
4
-7
-10
-17
-20
-28
-37
-46
-41
-45
-49
-49
-61
-64
-65
-60
-64
-59
-56
-49
-44
-43
-42
-42
-39
-38
-34
-31
-23
-16
3
8
18
22
21
22
23
21
24
30
31
38
37
43
40
38
42
47
41
32
36
26
22
12
10
15
14
9
3
-1
-4
-8
-18
-17
-16
-21
-14
-16
-12
-19
-29
-24
-20
-20
-23
-17
-14
-9
-7
-10
-10
-8
-8
-8
-3
1
4
3
1
6
9
9
11
10
17
24
28
28
30
24
22
16
12
8
8
13
9
10
13
12
11
2
-11
-11
-15
-7
-12
-17
-18
-23
-24
-22
-23
-24
-30
-28
-25
-22
-18
-20
-20
-18
-17
-21
-12
-2
1
6
8
0
3
15
16
13
14
22
31
35
37
24
25
30
28
29
28
23
23
25
14
8
5
6
10
4
6
8
4
1
-6
-17
-18
-26
-28
-31
-26
-23
-23
-24
-22
-20
-24
-24
-30
-32
-29
-25
-26
-19
-10
-3
0
2
6
5
9
6
-2
6
9
15
14
16
14
18
21
18
21
20
26
20
20
19
19
23
21
16
13
13
17
8
-1
0
4
-1
-1
-7
-10
-3
-9
-16
-22
-26
-23
-22
-27
-31
-34
-29
-23
-24
-26
-27
-26
-17
-16
-24
-24
-11
-6
-2
-4
-1
-5
0
6
2
7
18
25
29
30
29
26
25
27
23
23
23
25
21
21
10
11
11
11
5
6
1
-1
-4
1
1
-8
-7
-15
-13
-11
-14
-14
-13
-13
-13
-4
-4
-2
-8
-9
-8
-8
-6
-4
2
9
15
11
7
8
12
7
12
16
20
23
25
26
18
16
11
12
20
20
20
25
24
17
14
5
12
10
4
-3
5
2
-9
-11
-24
-23
-25
-22
-21
-12
-25
-27
-32
-28
-30
-37
-35
-39
-28
-31
-19
-21
-20
-21
-21
-21
-12
-9
-12
-6
0
7
-1
-3
-2
-1
4
10
6
9
9
11
10
18
18
9