4
-1
-2
-2
-1
-3
-5
-1
4
8
10
11
10
9
4
-2
-3
-4
-5
-6
-4
0
4
6
7
8
6
4
0
-2
-2
0
1
4
7
7
5
2
-1
-3
-2
-1
-5
-9
-7
0
4
2
2
7
14
14
9
5
2
2
2
1
3
5
4
3
3
1
1
0
-1
-2
-1
-1
-2
-3
-3
-1
-1
-1
-3
-6
-9
-12
-13
-10
-5
-3
-3
-2
-1
0
-3
-8
-9
-5
-3
-1
-1
-1
1
-1
-5
-8
-8
-9
-9
-8
-7
-5
-4
-5
-7
-5
-2
0
-2
-5
-7
-6
-4
-3
-5
-6
-5
-1
1
0
-2
-3
0
2
0
-1
0
5
6
2
-2
-3
0
3
3
5
7
6
8
12
15
10
3
-3
-3
-3
-5
-4
-1
4
7
11
15
18
16
10
7
3
2
2
6
10
14
17
18
15
13
9
5
0
-9
-14
-9
-2
0
-3
-5
-2
3
-4
-14
-16
-10
-1
2
-6
-10
3
5
-5
-11
-7
1
2
-2
-4
3
8
4
-2
-2
2
7
4
2
3
5
7
11
10
4
2
6
5
-1
-5
-1
4
1
-6
-2
4
5
0
-9
-17
-19
-21
-24
-20
-14
-9
-10
-13
-5
2
1
-1
-3
-2
-1
2
2
6
2
2
1
-1
-1
-5
-8
-5
-3
-6
-7
-6
-1
4
8
8
2
-1
3
3
1
-1
-7
-11
-3
-1
-5
-7
-6
-4
-1
2
3
6
5
-2
-4
4
7
3
-1
2
6
9
8
6
10
14
15
18
18
13
6
6
5
3
1
-4
-4
3
5
0
-8
-14
-13
-13
-10
-5
0
3
8
7
4
5
9
11
6
4
9
20
23
9
2
11
22
18
8
-4
-3
4
11
12
6
3
9
15
8
-17
-36
-34
-12
-3
-26
-44
-32
-15
-15
-17
-25
-25
-13
-10
-13
-4
11
8
-2
-13
-15
13
28
14
8
5
-6
-1
8
14
16
-2
-39
-55
-26
-4
-26
-47
-22
38
63
35
-5
-8
23
51
36
6
10
25
40
47
65
76
63
35
0
-7
-4
0
-1
11
49
46
-11
-49
5
52
28
-24
-89
-114
-33
97
67
-27
-37
23
57
29
-76
-133
-54
12
-37
-119
-123
-116
-103
-78
-67
-112
-157
-176
-177
-160
-115
-58
-88
-143
-125
-23
91
79
-44
-124
-37
124
172
111
68
110
214
318
296
157
81
170
282
294
209
112
109
269
334
159
8
76
165
123
12
-126
-178
-72
52
-40
-172
-143
-109
-83
-16
-93
-306
-348
-171
-132
-210
-206
-173
-201
-253
-344
-321
-114
-20
-162
-300
-251
-164
-17
98
41
-52
-62
2
96
220
251
165
125
161
196
208
339
440
393
187
81
235
402
429
280
122
45
173
359
290
86
87
194
171
135
31
-136
-149
-89
-183
-302
-343
-381
-388
-360
-417
-556
-552
-420
-352
-362
-296
-233
-274
-284
-183
20
108
81
56
88
120
217
356
274
102
177
398
376
159
118
196
202
154
135
130
74
19
64
238
334
140
-177
-245
18
211
103
-117
-147
-101
-24
28
45
56
-13
-89
-93
5
35
-63
-205
-169
-22
82
-51
-273
-203
102
129
-123
-290
-237
-63
133
61
-236
-239
71
330
324
219
62
66
120
98
59
51
60
-68
-142
-161
-157
-154
-96
-30
1
16
-31
-162
-335
-256
-142
-190
-263
-207
-186
-130
-14
-125
-297
-296
-214
-110
-104
-338
-506
-331
-70
119
284
383
418
518
546
547
625
661
400
167
468
975
994
507
227
201
232
204
-12
-13
299
443
27
-357
-318
53
332
109
-363
-669
-533
-279
-211
-232
-327
-313
-285
-137
-109
-195
-196
-284
-215
-133
42
78
22
21
213
333
244
174
135
-76
-376
-649
-765
-723
-591
-548
-700
-619
-310
85
273
87
-283
-140
452
626
138
-230
-58
212
90
-169
-133
222
356
284
32
-81
18
176
38
-192
15
328
605
555
156
173
698
1097
1087
1017
1144
1177
1329
1154
764
342
551
611
410
283
172
-246
-705
-847
-1082
-1884
-2451
-2045
-3416
-5505
-4983
-2044
-1077
-2861
-4893
-4772
-755
3563
2204
-1964
-1773
2677
6284
7236
4678
1189
2429
7219
8617
4312
294
287
3853
5718
2337
-3561
-5129
-599
3020
418
-5863
-8189
-5579
-1604
-747
-3833
-7996
-8073
-3586
254
536
-1312
-2686
-1625
2297
5385
4709
2291
2060
4573
6707
6862
3963
2045
1999
3082
2953
1142
-1254
-1708
-303
-5252
-11104
-8465
80
-334
-8971
-15742
-13435
80
10241
2168
-13263
-11831
4183
15981
14963
2873
-6374
729
17312
22205
11648
-211
-2941
6045
15823
14023
505
-9630
-7411
2025
6155
-1129
-11312
-15192
-11126
-5708
-3379
-7903
-13619
-13438
-7417
-2505
-2798
-4803
-5247
-1993
3187
6449
5318
3934
7344
11529
10982
7369
6425
7733
8755
8066
4247
546
307
3304
1036
-7833
-13247
-8603
-1697
-4469
-13444
-19625
-13914
-148
5912
-4866
-15981
-9859
7141
16646
10733
-2198
-4947
8471
23137
21877
9136
1836
6329
14141
16485
11115
1401
-4841
-2628
1246
-941
-5047
-8114
-11191
-12668
-10272
-9938
-11976
-12137
-12487
-13596
-11718
-6734
-4037
-2465
-766
-24
992
4649
9412
11708
10443
6948
6079
8872
12670
12095
7512
2021
2227
4224
1783
-2119
-2736
-3896
-9060
-11575
-11167
-8145
-4592
-5236
-11761
-12771
-4709
1379
338
-1648
-1532
1750
8185
12576
9597
6871
9802
13789
13947
13281
12031
8058
5903
7245
6843
2285
-762
-3560
-6644
-6369
-3557
-6510
-12281
-13470
-11929
-10818
-9516
-10120
-13579
-13184
-7992
-4557
-4096
-3438
-1436
1208
4796
6462
6481
7472
9283
10586
9776
9261
8223
8484
6904
5698
2907
-2380
-4213
-614
1018
-7355
-14144
-14583
-8374
-3030
-5614
-14340
-15603
-5481
1536
932
-1845
-2969
1799
10568
15265
9643
7327
11442
16379
16569
14595
11924
9400
9418
9204
7856
4009
808
-2692
-6249
-7741
-6302
-7088
-12341
-14920
-13677
-11956
-10881
-10835
-12386
-12751
-9252
-6041
-4550
-3071
-1154
341
2138
4824
7749
9493
9276
8620
9577
10094
10601
9968
8128
4018
3968
3699
-3480
-8048
-3650
243
-7065
-14449
-16984
-12695
-4088
-2691
-13343
-18800
-9553
-319
1062
329
-1833
-224
7887
15207
12628
10078
12779
15784
15720
15392
15545
13814
11135
8122
6722
6481
6651
2348
-6089
-11514
-8623
-4706
-7916
-14633
-18580
-16515
-11730
-8256
-10671
-14247
-14146
-9692
-4378
-1641
-1460
-1250
759
2962
6796
10838
11222
8598
8893
10519
11585
11774
10437
5259
3701
5209
-532
-7041
-3368
2597
-4849
-15990
-19429
-12985
-2490
-873
-14620
-25466
-14818
2344
6119
-3934
-14346
-10230
7611
21085
13757
1196
1400
15148
24813
23299
15077
9147
11191
17840
18639
8851
2102
4272
5270
-198
-5882
-8811
-10041
-7372
-7757
-14281
-19618
-16845
-11989
-10411
-11783
-15966
-17147
-11389
-2483
1936
432
-3377
-2912
5638
14257
15091
9346
5705
8244
13993
17624
13233
6603
3530
7237
5509
-3782
-7654
-1360
1454
-9943
-20576
-22201
-11471
-1348
-6209
-23853
-27731
-10946
3795
3791
-8054
-15328
-6402
13653
20838
9251
1226
7583
20738
25891
23661
16881
13624
17405
22177
17310
5597
3348
7348
6764
-847
-6797
-10865
-10383
-6106
-8359
-18338
-24462
-20399
-14752
-12054
-14207
-19573
-20705
-12306
-1322
2120
-989
-4315
-1760
7610
16440
16897
11353
8726
12564
18886
20848
15760
8998
6267
8681
8735
598
-8401
-7426
-1478
-5385
-16665
-24158
-21073
-11813
-7905
-17236
-28017
-22360
-6800
1938
-3145
-11473
-10511
4166
18431
16745
7473
5951
16001
25402
27433
22287
16696
16564
22076
24605
15866
4576
2821
7197
5267
-3794
-12856
-17913
-13764
-7189
-10613
-24260
-30411
-23795
-14157
-10059
-14417
-22722
-22457
-8113
4916
5058
-1394
-2475
4611
16125
23164
20620
13936
12984
18555
22784
21365
15906
10356
7358
8018
6165
-1983
-10363
-11150
-8070
-10556
-19703
-28483
-27876
-18772
-13721
-20547
-29959
-27366
-13119
-144
49
-9551
-11990
1649
19012
22763
13279
7292
14454
27614
32520
25914
18252
18124
23930
26512
21413
10075
1193
1162
6170
4364
-7826
-19059
-21297
-15751
-11464
-15240
-26287
-32440
-26133
-15405
-10838
-15400
-21282
-19254
-5952
6203
6734
1804
2947
9975
18026
23437
22244
17572
17731
22400
23354
19188
15825
12930
8947
5976
4286
-2467
-13663
-16096
-10340
-9071
-18862
-29592
-31723
-22123
-10132
-12595
-27176
-31964
-17067
595
5886
-2526
-12951
-7226
14743
29761
20896
6905
5908
18226
30200
31563
21323
11325
13488
22365
23953
14342
4122
-2204
-3958
-1298
541
-7377
-19623
-22852
-17637
-13332
-13647
-18765
-25748
-24731
-14785
-7896
-9174
-11711
-10795
-4912
4475
9836
8042
7575
12149
15820
17271
19042
19282
17334
17358
16937
13388
10469
10467
7780
1823
-2043
-5751
-12095
-15406
-11875
-11415
-19288
-27039
-27035
-19094
-10232
-10294
-21168
-26698
-15226
2067
8653
1348
-7531
-4771
12513
26341
23776
11566
6783
14602
26247
29647
21017
11040
9647
16128
19821
15016
4605
-2121
-3966
-5280
-7528
-8991
-10967
-16589
-21557
-21881
-17546
-13319
-12338
-16279
-19889
-16475
-8053
-1453
189
-841
-2713
403
9502
16991
16417
12407
10743
12395
17526
22431
19936
11453
6797
8341
10018
9667
6201
-1641
-7797
-8931
-11085
-15136
-13522
-11537
-18810
-27734
-25880
-15399
-6718
-7535
-17699
-23825
-13756
4104
11281
2658
-8065
-5111
12233
25837
23147
10251
4365
11562
23366
26646
18316
8047
5434
11309
16501
14694
7479
848
-2365
-3215
-5099
-7639
-8267
-8466
-13983
-21116
-20420
-12258
-6410
-7556
-14662
-20412
-16127
-2546
6133
2534
-6416
-8650
962
15622
20724
12788
3731
4529
13207
22431
23498
13632
2766
2724
10123
13149
9125
949
-6370
-10167
-8547
-8608
-11886
-14404
-16750
-22014
-25537
-18741
-9714
-7976
-14655
-20897
-18098
-4091
9595
7582
-4162
-8619
3330
19719
25869
17018
5711
6655
18352
27437
23678
12818
5629
8130
14645
16774
11437
3646
-909
-1011
-370
-4386
-10913
-13100
-9438
-10764
-18287
-22160
-16568
-8588
-5719
-10571
-18529
-17472
-4296
8135
7137
-1988
-6943
-264
14514
23284
17329
5658
3225
11266
21081
24147
15943
3439
-397
6208
10909
6912
-1702
-9341
-12049
-10339
-10679
-15207
-16762
-15530
-18718
-24589
-22850
-13421
-6018
-8048
-16197
-18826
-8909
6875
13125
4771
-5828
-1821
14558
25661
21287
9256
3712
10324
21888
23814
14433
4255
3849
9470
12905
9946
3525
-585
-468
2090
-516
-8836
-15142
-10218
-2439
-4986
-15339
-20529
-13501
-1114
5258
-3514
-16459
-15846
60
13575
11875
-929
-9638
-1412
16028
23639
14613
1875
-1990
5816
17146
19522
9089
-2580
-3778
2795
7817
5772
-2481
-11172
-12893
-8973
-7654
-10835
-12654
-13192
-16123
-18470
-15062
-9054
-5860
-7514
-12115
-13553
-6708
4403
7775
1183
-5039
-811
9838
16544
13808
6355
2378
7052
14711
15887
9879
4250
4191
7196
9520
8417
4436
871
1654
5754
7335
998
-10531
-14561
-3891
7825
2716
-14602
-22423
-10785
7799
12578
-3136
-21730
-20229
689
17227
12006
-6966
-16588
-4728
16354
23885
11633
-4605
-6839
5536
18809
19589
7247
-4577
-3313
6680
11838
7825
-1363
-8753
-8262
-2578
-4163
-11743
-12907
-9099
-11363
-17396
-17277
-12085
-5954
-4961
-12050
-18732
-12475
1333
6658
78
-8294
-6223
6034
16377
14162
4596
163
5955
15425
17596
11726
5246
5116
9353
11989
10435
6737
4497
3514
5131
7017
1363
-10522
-12592
-247
6964
-3665
-18814
-21068
-7709
8278
8612
-10845
-26778
-17815
6573
18491
6080
-14553
-17619
2421
22611
22393
6069
-7105
-4042
12389
24668
18633
2463
-4779
1720
10920
12835
6313
-4077
-9961
-6350
-1781
-6171
-13855
-14297
-12205
-14573
-16885
-15434
-12387
-8733
-7117
-11967
-15300
-7975
3109
5166
-1719
-5912
-420
11049
16816
12742
5048
4003
10927
17976
16059
7459
2911
5951
11130
11888
7285
1679
705
4832
7890
6152
-1641
-12495
-14945
-2966
8505
253
-18927
-25215
-10796
8593
12357
-5053
-24392
-20920
2612
19300
11641
-8825
-17735
-4055
17721
24453
11714
-4187
-6327
5368
18757
20112
7860
-5110
-4777
5084
10712
7080
-1338
-9423
-10418
-3971
-3648
-11503
-14526
-9854
-10547
-16185
-16637
-11981
-6472
-3615
-7647
-15009
-12226
1377
10367
4842
-6152
-6546
5571
17172
15977
6436
-362
3367
13302
17682
10747
1602
500
5896
9916
9356
5181
1045
1029
4674
7721
6499
1883
-6832
-11391
-3834
8714
6156
-11291
-20809
-10851
6774
12354
560
-17562
-19960
-2388
15031
11640
-5944
-16092
-8095
9693
18805
10952
-3669
-7869
1327
14157
17681
7915
-4777
-5528
3404
9227
6654
-873
-8899
-10052
-3050
-1831
-9424
-13579
-9229
-8669
-13330
-15106
-12190
-6782
-2993
-6166
-14260
-13129
-257
9702
5070
-5915
-7428
3476
15120
15841
6556
-1795
1444
12872
18502
11914
1973
-1054
4853
12005
12530
5374
-642
706
6358
9754
8207
2896
-6878
-11967
-3870
9733
7613
-10084
-21042
-12613
4895
13034
3540
-15286
-20937
-5751
12932
13137
-2862
-15877
-11229
6411
18201
12905
-1103
-7492
-1058
11353
17007
9591
-2701
-5610
811
6140
5233
-15
-7516
-10474
-6000
-4566
-9685
-11678
-7690
-9205
-15110
-15718
-9807
-3545
-2058
-7641
-14809
-11129
2086
10603
4981
-5689
-5985
5979
16158
13871
4909
80
4372
12533
15118
8766
1932
2537
7855
10241
7236
2975
2125
4540
6671
7591
6169
-502
-9246
-7613
4567
10159
-1867
-17653
-17893
-1559
13528
9759
-9744
-22830
-12850
8947
17292
2848
-16267
-17432
575
17395
16976
2363
-9818
-7154
7618
18416
13111
-1713
-8771
-2697
6095
8126
2592
-6286
-11129
-6153
-662
-5893
-13186
-11011
-6059
-8891
-13549
-13591
-7884
-75
600
-9219
-15665
-5822
9184
11837
62
-9895
-5135
9994
17609
10096
-2203
-4349
5575
15645
14078
3960
-2386
1744
9789
12032
6421
217
1055
6275
10902
10639
4488
-5990
-8988
1949
13280
6923
-12093
-19945
-7604
10792
13776
-2495
-20564
-19010
1504
16672
8253
-12786
-20281
-6612
11195
15029
4247
-8243
-9359
1855
13549
12952
2124
-6267
-3494
4240
7912
4900
-1384
-6306
-5207
631
-1255
-10532
-13344
-5540
-2219
-8718
-15434
-14505
-5247
3493
-653
-14742
-17488
-2441
11584
7955
-6873
-13102
-2389
13185
15646
4245
-5887
-2280
10371
17155
11396
1882
242
6999
13895
12815
5244
761
4513
10846
13123
9049
-1563
-9924
-3230
12003
12267
-6668
-21806
-15417
4267
14868
2738
-19993
-26295
-7262
14295
12995
-8215
-22900
-13882
7919
18267
8996
-6590
-10993
-233
13915
16931
6689
-4335
-3699
6058
11445
7652
797
-3639
-4245
-47
1935
-5772
-14282
-12513
-6008
-5714
-10324
-15218
-15180
-6980
554
-4518
-14605
-12610
-549
6629
2637
-5072
-6770
1237
11744
12985
4167
-1913
3297
12329
14698
9308
3661
3125
8497
13208
10627
4153
1878
5677
9350
10703
6255
-4553
-10710
-1226
11322
5841
-12358
-20742
-10153
6463
10990
-3229
-20789
-19830
-41
14768
7173
-12174
-19415
-6016
11979
15940
4542
-7315
-6511
5721
16062
13944
2343
-5097
-907
7245
8792
3590
-2236
-5398
-3528
936
-299
-9261
-14249
-10185
-5407
-6448
-11066
-15125
-12896
-3254
1685
-5634
-12617
-7127
3425
7089
2486
-3669
-3820
4593
12303
10097
2037
36
5963
11400
10266
5169
1505
3238
8481
10018
4759
-391
2330
7859
9555
6892
889
-6798
-6695
5005
12061
823
-15476
-16451
-1958
11744
9980
-6877
-21049
-14667
5882
15886
3282
-15983
-18890
-2987
13135
13418
318
-10729
-7968
5500
14973
10651
-1262
-7161
-2043
5816
7839
3251
-3054
-5911
-2754
2186
1475
-5382
-10672
-9712
-5137
-2004
-5077
-11830
-12214
-3226
2859
-2209
-9320
-7684
231
5898
4475
-2904
-6399
518
9684
8663
847
-2324
1905
7442
8283
4108
215
2068
7325
9014
5262
2366
4652
9409
10772
9054
4535
-1800
-2564
5894
12270
3689
-10425
-12982
-1625
10005
9008
-5460
-18838
-15193
1773
11696
1654
-16076
-20496
-6443
8960
9915
-1686
-11844
-9644
2890
12758
9574
-952
-5811
-1029
5937
8394
4861
-917
-3638
-675
3408
3030
-1251
-7149
-10144
-6730
-214
-910
-9234
-13665
-7876
453
803
-6132
-10432
-6224
1538
4604
-809
-7810
-6358
2737
7696
3977
-1714
-2124
2835
7693
7850
4253
2690
4869
8327
8853
7526
7492
10054
11324
10720
8330
2546
-231
6166
12793
4245
-10256
-12135
-1115
8121
5719
-7388
-19715
-16165
686
9757
-1570
-18964
-21351
-6761
7705
8285
-2770
-12845
-10311
3976
14999
10831
-882
-5254
905
9207
11880
6880
-504
-2782
1603
5892
4590
-374
-5596
-8725
-8107
-3406
-1171
-5999
-12556
-12469
-6657
-2161
-2882
-7144
-9888
-7351
-1620
591
-2339
-5509
-4148
1052
4774
4352
2036
2418
5129
7520
8388
8059
7298
7142
8265
9583
11016
12320
11893
9705
8042
5320
2366
3988
8392
3968
-7954
-12384
-4870
3051
1950
-6943
-16906
-17433
-6129
4230
-880
-14912
-20059
-10626
2394
7176
1100
-8567
-9456
1516
13433
13936
5059
-1524
1225
9548
14189
10896
3282
-1136
1001
5964
6807
1715
-4204
-7713
-9116
-6764
-2400
-3936
-12480
-17356
-12691
-4817
-2347
-7207
-13364
-13240
-5575
1839
1213
-5386
-7634
-658
7503
8688
4939
3225
5856
10359
12938
11675
9304
8539
10475
12053
12499
11849
10252
8470
7904
6590
687
-2979
921
4006
-4098
-14125
-14144
-7033
-1688
-3113
-12004
-20532
-15999
-1892
3876
-5231
-15949
-14891
-2762
9051
10047
674
-6366
-1182
11690
18588
13717
4056
576
6548
13919
13882
6469
-626
-2202
1600
5006
2219
-5250
-10292
-11375
-11495
-9474
-6792
-9618
-17004
-18480
-11512
-4119
-2799
-7467
-12315
-10212
-435
7078
4405
-3193
-3503
5163
13060
13240
8851
5799
7467
12733
15502
12515
7387
6403
8706
10775
10236
7758
4742
3698
4611
1394
-5510
-6892
-583
262
-9516
-17307
-13930
-4851
358
-3632
-14365
-19245
-8988
5298
5911
-6199
-14067
-7508
6351
14392
9861
-227
-3376
5085
15779
17311
9156
1109
1239
7471
11685
8271
634
-4779
-4095
-230
1036
-3621
-10111
-11811
-10554
-11235
-11838
-9450
-8575
-11459
-13371
-11113
-5198
661
553
-6058
-8354
-293
9497
10114
3004
-1769
2180
11207
15554
10625
2809
2263
8561
12670
9886
4543
2118
3984
7567
7933
4040
1394
2227
3033
-1037
-6154
-5802
189
1813
-6594
-14989
-11902
-627
5131
-643
-11682
-15574
-6664
6509
8220
-3088
-12533
-7433
5849
13406
9507
399
-4014
1105
11121
15161
8816
-350
-2000
3597
8599
7319
1021
-5274
-5966
-1679
617
-2834
-7974
-9843
-9894
-9608
-8101
-6269
-7328
-10250
-10382
-7076
-2791
-480
-1333
-4269
-3968
1517
6617
5788
1722
807
4385
8610
9237
6366
3601
4214
6854
7938
6559
4900
4291
4869
5568
5329
4391
3483
2891
2485
-106
-4865
-5547
976
3859
-4893
-14194
-11314
-815
4465
-285
-10947
-16538
-8617
5621
8485
-3057
-12894
-8284
4717
12850
10151
384
-5854
-627
11213
15892
9053
-662
-2882
3371
9960
8889
1033
-5560
-5900
-1291
1659
-1522
-7944
-10583
-8849
-7806
-7256
-6162
-6657
-9495
-9817
-6784
-3535
-1242
-1018
-3402
-4460
287
5608
5601
2507
1988
4170
6893
8602
7472
4488
4036
6667
7558
5873
4867
5358
5275
5340
5182
3833
2487
3457
4524
1055
-5596
-7193
-691
4059
-1967
-12108
-13335
-4922
3227
2042
-7678
-15362
-10391
2559
7983
179
-9432
-8337
2375
11434
10473
1946
-4007
-382
8994
13968
8970
-158
-3336
1815
7267
6206
570
-4678
-5950
-2811
572
-1595
-7336
-9249
-7906
-7867
-7889
-5649
-4978
-7250
-8565
-7623
-4821
-383
2060
-1485
-5424
-2434
4518
7524
5312
1537
129
3578
9607
10771
5299
1177
2925
6506
8001
7568
5035
2417
3322
5728
5743
4427
3617
2327
-257
-3039
-4119
-1144
2658
-612
-9720
-13176
-5754
3506
3519
-5957
-14403
-11585
487
8756
3507
-8568
-11272
-490
10999
11371
3047
-4249
-2795
6497
13928
10793
730
-4385
13
6550
7246
2103
-4033
-6322
-3119
1703
901
-5477
-9518
-8404
-6068
-5818
-6556
-7672
-8334
-7267
-6101
-5642
-4458
-1579
-691
-2759
-3406
-239
3818
5263
3494
807
1185
6168
10375
8671
3826
2171
5211
8915
9898
7257
3516
2526
5202
7456
6353
3109
719
316
195
-1873
-3681
-1790
-156
-4826
-10942
-9528
-2772
686
-2246
-8220
-11506
-7158
2400
6293
-211
-8017
-5790
3970
10495
9364
3335
-1296
846
9268
13874
8568
27
-1963
2497
6302
5560
425
-5210
-6443
-2320
473
-2681
-8000
-9609
-7990
-7594
-8599
-8818
-7743
-7312
-7686
-8187
-6631
-2226
934
-1012
-4342
-2560
3038
6782
5871
2637
1411
4896
9751
10226
6288
3611
5241
7766
8357
7216
5222
3021
2939
4153
3454
1993
1445
605
-1219
-2588
-4450
-5483
-2437
179
-4630
-11554
-9960
-1682
2929
-97
-6793
-10130
-4638
5999
9650
1548
-6591
-3435
6867
12957
10515
2705
-2571
1534
10730
12750
4981
-2792
-3287
1600
5263
3023
-3801
-8132
-6600
-2874
-2168
-5034
-8170
-8810
-7588
-7934
-8605
-6977
-4272
-4784
-7927
-8512
-3776
2701
3835
-1337
-5198
-1568
6431
10463
6721
379
-250
5828
11075
9871
4004
358
2462
6948
8304
5224
1068
-714
1041
2936
2164
88
-1437
-1849
-733
-17
-3378
-6653
-3186
2347
-25
-7323
-9293
-3150
4278
5494
-1490
-8907
-6102
5504
12481
6186
-4565
-6256
2878
11858
11461
2719
-4801
-2968
5603
10378
5656
-3119
-6743
-2511
3193
3339
-2174
-7616
-8248
-4125
-202
-1404
-6094
-8628
-6788
-3549
-2974
-5634
-7210
-4363
-1089
-2420
-5183
-3266
2127
4445
1479
-2200
-894
5214
9372
6028
-555
-1066
5069
9132
6624
1344
-682
2053
6298
5950
985
-1989
-173
2620
1733
-727
-2097
-755
1149
1659
-1307
-5387
-4041
2618
5429
-1645
-9038
-6901
2338
7848
3968
-5396
-9557
-1661
10396
11575
488
-8513
-4824
5779
11615
7266
-2934
-8062
-2155
7757
9090
1045
-6634
-6507
-493
4440
2771
-4072
-8499
-6285
-782
957
-2378
-6617
-6634
-3705
-2695
-3928
-4401
-2840
-2441
-3643
-4695
-2375
2020
3806
752
-2777
-1033
4385
7612
4818
169
-748
3043
6539
5995
2462
353
1570
3610
3692
1944
872
699
881
-47
-720
10
1336
1340
737
772
-757
-2757
-984
4051
4227
-2576
-7610
-4023
3891
7250
2632
-5350
-7701
116
9791
8829
-2007
-9123
-4404
4928
8469
3287
-4862
-7592
-1769
5866
6041
-1161
-7012
-5431
427
3368
594
-4138
-6164
-3802
110
954
-2416
-5379
-4086
-1466
-1612
-3693
-3825
-1993
-1014
-2240
-3740
-2357
1390
3506
748
-2682
-1542
3346
6025
3408
-857
-1476
2463
5940
5216
1125
-1067
1234
4759
4737
1744
-233
99
1906
2611
1426
79
622
2321
3613
3258
-436
-3450
-256
6025
4896
-3772
-8389
-3029
5427
7187
255
-8475
-8329
2117
10367
4905
-7351
-10895
-2703
6550
7574
3
-8330
-7653
1924
8712
4694
-4042
-7192
-2576
3726
4817
22
-5265
-5534
-1097
2593
1157
-3578
-5531
-2944
-216
-1669
-4697
-4619
-1870
-527
-2731
-5366
-3802
1657
4036
-454
-4947
-2712
3532
6261
3250
-1723
-2723
2112
6724
5573
1130
-144
2044
4139
4585
3772
1790
632
1651
2623
2056
1913
2757
2694
2633
2571
-140
-2673
640
5833
2928
-5517
-8053
-1701
5443
5700
-1569
-9510
-7943
2992
9695
2613
-8820
-10256
-1169
7247
6682
-1440
-8001
-5389
3233
7562
3429
-3409
-5595
-1741
3403
3954
-604
-4879
-4614
-1166
1215
113
-3244
-4908
-3442
-1274
-2185
-4296
-4122
-1731
-729
-2851
-4868
-3041
2183
3845
-631
-4817
-2231
4225
6823
2974
-2672
-3067
2602
7352
5776
432
-1438
1551
5330
5643
3037
592
426
2349
3376
3063
2169
2086
2330
3548
3108
-704
-2730
1683
6092
1492
-6399
-7132
-304
5527
4633
-3066
-9901
-6536
4387
8687
390
-9463
-9121
-302
6815
5605
-2366
-8440
-5367
3641
7890
2957
-4487
-6050
-948
4389
4130
-956
-5291
-4567
-66
2756
696
-3759
-4969
-2501
235
-491
-3884
-5422
-2831
561
-993
-5001
-5089
-51
3057
457
-3583
-3573
746
4692
3812
-1259
-3674
504
5853
5950
2039
-203
1475
4630
6112
4547
1889
1181
3212
4548
3795
2821
2938
3189
3685
2935
-662
-2264
1948
5488
269
-7211
-6984
-158
4444
2342
-4675
-10024
-6109
3689
6916
-1391
-9988
-8487
201
6329
4403
-3062
-8036
-4072
4553
7871
2625
-4174
-4676
833
5472
4374
-543
-4020
-2827
1322
3249
298
-3633
-3690
-1320
-161
-1659
-4194
-5204
-2893
-481
-2545
-6372
-5533
-412
1726
-1341
-4788
-3968
494
4444
3437
-1645
-3679
1004
6705
6884
3050
413
1535
4976
7319
6103
2612
944
2441
4715
5022
3716
2299
1885
2781
2124
-1081
-2288
1489
3524
-1778
-7735
-6389
92
3741
1032
-5972
-9832
-4461
4871
6115
-2547
-9573
-6672
2061
7269
4337
-3219
-6698
-1759
5854
7527
2271
-3554
-3745
1433
5545
3835
-1074
-3897
-2700
805
2598
-143
-4269
-4731
-2220
-669
-1201
-3804
-6766
-5484
-597
434
-4324
-7078
-3821
1059
2372
-453
-3975
-2935
3156
6918
3204
-2086
-955
4822
8046
6245
2079
19
2773
6939
6565
1962
-386
1206
3686
4190
2593
386
374
2481
1766
-2558
-4095
328
3142
-1242
-7203
-7073
-1391
3778
2818
-4186
-9283
-4842
4247
6503
-299
-7256
-6493
686
7096
6029
-1043
-5677
-2286
4840
7638
3556
-2805
-4494
-23
4786
4068
-816
-4367
-3555
26
2016
-333
-4186
-5034
-2878
-1114
-1403
-3400
-5613
-4806
-1321
114
-2626
-4907
-3213
496
2814
1652
-1457
-1906
2385
6557
5240
535
-1170
2398
6859
6871
2757
-549
628
4170
5533
3003
-463
-1114
1182
3281
2509
472
-84
771
-107
-2471
-2224
1246
2299
-2384
-6974
-5305
913
4352
1238
-5256
-7555
-2148
5006
5030
-1837
-6675
-4150
2292
5985
3915
-1594
-4372
-1061
4447
5791
1861
-2685
-3226
163
3208
2579
-871
-3732
-3412
-560
1246
-624
-3572
-4250
-2923
-1510
-687
-1657
-4641
-5000
-1376
1108
-997
-3407
-2774
7
3049
3332
248
-1510
1886
5852
4959
983
-680
1666
5010
5446
2355
-532
226
3228
4046
1963
-464
-839
561
2360
2493
730
-75
270
-371
-1793
-576
1954
1140
-3144
-5642
-3078
1624
3399
-74
-5431
-6283
-861
4628
3280
-3068
-6535
-3361
2590
5179
2196
-2899
-4329
-236
4624
4866
506
-3466
-2842
1158
3705
1946
-1943
-3977
-2222
952
1745
-840
-3566
-3510
-1430
163
-254
-2135
-3977
-3575
-1075
547
-421
-2376
-2820
-937
2305
3354
690
-1593
274
3814
4486
1922
-681
-122
3231
5124
3150
-13
-193
2495
4361
3235
486
-345
1282
3203
2698
944
690
1300
-13
-2067
-821
2141
1525
-3139
-5971
-3565
1456
3229
-747
-6572
-6862
-668
4571
2279
-4279
-6761
-2516
3392
4773
1234
-2907
-3007
858
4605
4059
216
-2451
-1370
1370
2525
1135
-1619
-3144
-1922
273
253
-1758
-3015
-2558
-1643
-1001
-1428
-2729
-3490
-2456
-987
-909
-1682
-1842
-922
469
1646
1307
19
371
2602
3490
2093
780
1074
2371
3684
3490
1932
1227
2443
3720
3273
2180
1412
1370
1620
1965
1683
1299
1568
434
-2429
-3114
650
2914
-969
-6359
-6429
-1412
2904
2035
-3693
-7920
-4517
3124
5449
55
-5499
-4702
1077
5947
5188
-122
-3818
-1367
3986
5805
2357
-2170
-3122
-399
2407
1993
-1275
-4138
-3901
-1569
-112
-1195
-3534
-4649
-3392
-1313
-554
-1567
-3438
-4466
-3026
3
1226
-618
-2968
-2413
1257
4623
3642
-184
-1133
2236
5532
4903
1347
-965
1067
4979
5492
2180
-84
1462
4230
4492
2009
-387
-173
1967
2798
1007
-685
-605
-1000
-2277
-1470
872
93
-3819
-5788
-3346
855
2490
-483
-5149
-5219
467
5262
3460
-2027
-4031
-498
4703
6108
2637
-1805
-2069
1812
4769
3623
-174
-2693
-2073
473
1451
-495
-3423
-4790
-3882
-2054
-1364
-2907
-4649
-4519
-2706
-1282
-986
-2194
-3944
-3844
-1221
1172
441
-1607
-2068
243
3303
4238
2067
93
1451
4485
5103
2534
301
841
3313
4451
2752
444
840
3127
3725
1759
-325
-459
1168
2233
1092
-586
-914
-1141
-1970
-1149
646
-245
-3526
-4669
-2152
1065
2157
-52
-3643
-3898
792
5027
3446
-1224
-2985
-107
4192
5869
2966
-1501
-2171
1444
4363
3149
-400
-2939
-2636
-495
725
-941
-3871
-5217
-4185
-2539
-1940
-2681
-3874
-4008
-2723
-1130
-1276
-2453
-2634
-1323
-390
-919
-1452
-429
2037
3054
1458
-206
1243
4605
5745
3314
187
-3
2748
4813
3366
70
-984
977
3354
3521
1335
-1211
-1158
1548
2698
713
-1212
-603
-717
-2642
-3072
-453
1102
-1150
-4144
-4261
-928
2740
3159
-939
-4635
-2659
3229
5958
3013
-1258
-1979
1251
5182
6054
2655
-1599
-2063
1588
4261
2862
-1065
-3709
-3386
-1120
70
-1734
-4796
-5742
-3830
-1921
-1914
-3171
-3833
-3253
-1636
-590
-957
-2474
-2684
-546
1908
1597
-858
-1462
1218
4693
4630
1315
-841
1419
5029
5425
2102
-1436
-1325
2282
4743
2587
-1177
-1947
548
3176
3414
727
-2289
-1766
1665
3400
961
-3763
-6434
-3476
3007
4165
-2660
-8587
-5593
2323
6254
2594
-4855
-7608
-1437
7199
7910
576
-5038
-2504
4867
9354
6606
-504
-3927
144
6062
6592
1390
-3929
-4483
-491
2571
663
-4003
-6455
-5068
-2053
-859
-2994
-5986
-6017
-3239
-1069
-1197
-3293
-4948
-2861
1697
2536
-1103
-3182
-574
3433
4890
2845
-316
-68
4058
6976
4744
563
-332
2371
4688
3775
838
-967
491
3127
2945
-181
-1415
807
2443
1441
-1000
-3740
-5010
-1925
2112
253
-5890
-7845
-3102
2440
3425
-725
-6039
-6267
320
6687
5119
-1727
-4606
-230
6454
9152
5761
-151
-2004
2060
6749
6619
2059
-2383
-2830
448
2935
1399
-2617
-5268
-4868
-2655
-1655
-3386
-5679
-5749
-4454
-4124
-4300
-4108
-3275
-1887
-1127
-2335
-2980
-91
3314
3100
555
-542
1291
4968
7014
4772
987
742
4050
6491
5202
2064
151
1040
3373
4183
2073
-749
-744
867
1887
1075
-1517
-4826
-4879
-709
1168
-2646
-7505
-7141
-2500
1563
1163
-3538
-7236
-4442
2751
6169
2488
-2418
-2293
2881
8049
8551
3890
-739
170
5047
7824
5068
171
-2172
-350
2503
2643
-760
-4585
-5295
-3310
-1860
-3143
-5640
-6892
-5703
-4196
-4533
-5859
-5474
-3366
-1969
-2452
-3202
-1572
1737
3360
1887
363
1210
4096
6184
5241
2390
1633
3950
6015
5660
3557
2093
2405
3596
3819
2826
1320
239
506
1791
1183
-2452
-5153
-2988
762
-368
-5485
-8444
-6045
-991
1632
-1598
-7399
-7833
-1023
5316
4269
-1371
-4182
-908
5474
8847
5967
425
-825
3609
8382
8266
3617
-724
-987
2203
4119
1916
-2732
-5279
-4157
-2073
-2205
-4725
-6897
-6728
-4659
-4096
-5889
-7028
-5007
-2431
-2454
-4133
-4120
-727
3155
3729
885
-788
1763
6176
7402
4177
745
1228
4842
7354
5906
2518
1205
3065
5401
5471
3237
739
553
1562
741
-1777
-2559
-1105
-908
-3364
-5795
-5484
-3120
-982
-1437
-4726
-7277
-5117
-160
2258
220
-2984
-3348
424
5478
6997
3614
-346
191
4780
8410
7200
2737
-284
664
3707
4842
2112
-2214
-4254
-2962
-1154
-1411
-3806
-6665
-7836
-6230
-3487
-2927
-5082
-6765
-5645
-2932
-1078
-1018
-2175
-2171
458
3234
3202
1899
1945
3190
4283
4529
3515
2410
2848
4430
4858
3470
2123
2279
3351
3924
3720
1096
-2815
-3416
875
3446
-124
-5712
-7598
-3788
2185
3688
-2403
-8749
-7006
804
5423
2446
-3910
-6357
-1854
5507
8004
3281
-2595
-2572
2669
7118
6660
1736
-2567
-1789
2782
4952
2373
-2064
-4224
-2671
229
778
-1791
-5088
-6631
-5224
-2051
-690
-2904
-5461
-5088
-2013
829
1061
-1353
-2898
-1079
1939
2804
1396
53
301
2093
3355
2548
1125
1408
2877
3049
2009
1179
1346
2135
3291
2960
-453
-3487
-1576
3276
3562
-1453
-6096
-5231
139
4446
2439
-4049
-7134
-2894
3776
5585
1259
-3898
-4197
929
6367
6454
1617
-2456
-1336
3151
6278
4313
-791
-3678
-1763
1522
2082
-496
-3656
-4320
-2889
-2042
-2778
-3360
-3495
-3823
-4119
-3391
-1569
242
378
-1214
-1914
114
3422
4392
2267
-183
158
2742
4794
3925
1003
-811
448
2780
3329
1651
-843
-1650
-277
1503
1261
188
-1479
-4214
-5162
-1440
2572
251
-5442
-7010
-2563
2898
4417
594
-4403
-3997
2380
7375
5444
67
-1868
1044
5513
7472
5298
1129
-414
1935
4508
3975
588
-2652
-3640
-2417
-1386
-2453
-5211
-6911
-5935
-4602
-5326
-6476
-5598
-3686
-2700
-2840
-2970
-1733
1346
3710
3003
1015
1707
5355
8032
7203
4136
2613
4107
6803
7108
4254
1305
1018
2684
3340
1886
-485
-1682
-1079
-1239
-4416
-7479
-6092
-2859
-3591
-7673
-9935
-7466
-2332
867
-1045
-5152
-5065
449
6090
6548
2802
-82
1774
7120
10633
8873
4023
1517
3389
7028
7574
3414
-1913
-3756
-2176
-836
-1857
-5117
-8216
-8654
-6375
-4645
-5181
-6626
-6840
-5372
-3355
-2025
-1568
-1139
-195
1016
2145
3312
4579
5410
5625
5458
5302
5735
6349
6458
5819
4889
3614
2925
3421
3654
2493
-112
-3457
-5176
-2824
35
-2343
-8105
-10384
-7109
-2450
-904
-4050
-8419
-8082
-2375
2414
1622
-1887
-3058
-353
3833
6242
5145
2486
1663
3494
5591
5708
3623
958
-24
709
1331
421
-1332
-2604
-2562
-1858
-1910
-2910
-3574
-3140
-2295
-1951
-1974
-1783
-793
586
1124
369
193
1413
2759
2955
2495
2041
2432
3416
3498
2557
1936
2162
2464
2586
734
-2374
-2870
308
1743
-1580
-5679
-5944
-2286
1130
513
-3677
-6438
-4299
740
3375
930
-3182
-3638
71
3847
4092
996
-2178
-1944
1305
3345
1464
-1985
-3214
-1907
-179
187
-1094
-2817
-2575
-540
637
-93
-838
-386
842
2017
2261
1550
1405
2835
4248
3955
2571
2166
3095
4179
4140
2952
1505
1024
1773
2113
463
-1533
-1606
-1400
-3205
-5039
-4483
-3069
-2995
-4251
-5478
-5102
-2591
-262
-547
-2534
-2914
-576
2143
3030
2238
1256
1338
2674
3947
3848
2596
1060
-65
-142
433
260
-1078
-2643
-3446
-3323
-2694
-2246
-2275
-2759
-3126
-2641
-1327
-69
820
1122
793
761
2173
3883
4116
3291
2740
3118
4091
4874
4270
3010
2467
2847
3118
2313
-87
-2305
-1844
-21
-588
-3648
-5739
-4743
-1863
-164
-1794
-4767
-4796
-1439
1493
1106
-1341
-2829
-1298
1899
3318
1632
-658
-838
769
2140
1566
-677
-2386
-2126
-1171
-1427
-2477
-3052
-2706
-2083
-1806
-2007
-1868
-775
372
491
154
735
2121
3341
3848
3543
3021
3451
4914
5734
4854
3322
2529
2728
3140
2836
1505
-315
-2145
-3243
-2954
-1904
-2428
-4929
-6831
-5813
-2857
-1053
-2156
-4453
-4458
-1209
2373
3103
1219
-182
1238
4097
5389
4214
2428
1353
1213
1667
1847
850
-1070
-2849
-3580
-2957
-2134
-2633
-4280
-5222
-4606
-2951
-1662
-1743
-2500
-2103
-266
1586
2572
2848
2980
3532
4595
5452
5594
5221
4697
4196
3945
3989
3879
2822
760
-952
-1298
-841
-1433
-3494
-5501
-5519
-4031
-3119
-3735
-4915
-4997
-3501
-1525
-850
-1468
-1803
-860
693
1776
1926
1233
635
1181
2520
2970
1791
267
-140
581
1148
571
-834
-1749
-1424
-614
-466
-1031
-1333
-766
75
513
639
1042
1747
2208
2234
2211
2601
3026
3158
2910
2463
2217
2478
2517
1349
-188
-816
-625
-918
-2081
-3410
-3767
-2883
-2191
-2738
-3585
-3408
-2438
-1561
-1291
-1759
-2058
-1329
-161
282
44
-438
-719
-96
1148
1544
409
-829
-692
675
1475
660
-822
-1341
-484
688
813
-321
-1067
-299
1135
1839
1752
1496
1556
2166
2884
3064
2732
2430
2363
2455
2575
2567
2460
1942
870
-49
-138
34
-547
-1905
-3182
-3223
-2291
-1824
-2419
-3150
-3156
-2328
-1230
-1033
-1858
-2177
-1222
-242
-377
-988
-1055
-391
392
388
-580
-1227
-480
609
347
-1042
-1770
-996
245
524
-345
-1236
-988
356
1432
1328
782
1020
1907
2667
3096
3248
3135
2884
2907
3235
3386
3122
2737
2400
1740
1096
924
757
5
-1083
-2048
-2583
-2465
-2241
-2613
-3411
-3797
-3363
-2502
-2214
-2579
-2806
-2338
-1720
-1250
-880
-594
-441
-281
-71
171
615
923
568
-124
-132
396
576
276
-154
-515
-346
351
559
98
13
517
882
1023
1280
1587
1946
2354
2477
2232
2248
2702
3025
2748
2168
1667
1191
963
952
651
-288
-1294
-1860
-1872
-1558
-1648
-2446
-3164
-2904
-2085
-1509
-1541
-1905
-1898
-1201
-442
-117
-17
32
-105
-159
55
343
264
-176
-723
-948
-738
-509
-732
-1345
-1634
-1410
-1044
-954
-946
-849
-500
71
686
1097
1466
2035
2565
2950
3303
3638
3668
3725
3936
3942
3468
2950
2538
2082
1569
929
40
-838
-1347
-1878
-2611
-3153
-3293
-3376
-3655
-3896
-3794
-3391
-3038
-2887
-2767
-2402
-1622
-896
-697
-689
-285
270
556
569
634
898
1233
1321
1073
834
1054
1429
1193
435
131
463
727
618
262
-61
110
759
1119
861
647
945
1471
1802
1804
1634
1493
1632
1932
1976
1405
740
694
989
755
-89
-859
-1085
-750
-509
-1100
-2098
-2266
-1519
-1030
-1383
-2089
-2383
-1850
-923
-675
-1428
-2119
-1828
-1000
-659
-1057
-1667
-1756
-1123
-374
-316
-837
-1003
-512
44
158
-1
26
426
1019
1344
1307
1365
1918
2606
2827
2594
2448
2656
2959
3006
2676
2032
1502
1420
1560
1288
491
-236
-461
-318
-343
-680
-1310
-1738
-1702
-1386
-1379
-1764
-2123
-2153
-1826
-1494
-1419
-1613
-1730
-1667
-1487
-1266
-1095
-1125
-1403
-1599
-1270
-608
-219
-425
-690
-389
459
1032
911
664
858
1489
2032
2117
1847
1935
2439
2688
2388
2031
1956
2009
1854
1179
328
9
112
-140
-876
-1535
-1791
-1643
-1300
-1357
-1808
-1961
-1472
-827
-474
-372
-392
-281
260
1034
1339
1095
901
1128
1447
1582
1373
820
288
198
147
-368
-1018
-1467
-1816
-2205
-2489
-2735
-2842
-2809
-2867
-2973
-2781
-2201
-1563
-1021
-660
-219
610
1680
2426
2694
2927
3389
3909
4213
4238
4030
3779
3530
3272
2904
2405
1687
774
-57
-505
-698
-1328
-2424
-3235
-3231
-2776
-2682
-3259
-3861
-3513
-2393
-1604
-1606
-1843
-1539
-544
458
675
345
354
976
1562
1543
1079
691
724
967
885
219
-429
-524
-286
-207
-505
-921
-1040
-692
-216
-68
-257
-368
-94
453
859
897
709
715
1030
1474
1651
1458
1141
962
975
1020
910
495
117
8
1
-126
-271
-444
-659
-756
-725
-705
-712
-689
-631
-522
-353
-228
-191
-156
-5
149
38
-161
-146
-25
-93
-296
-535
-729
-734
-550
-538
-800
-996
-841
-535
-396
-422
-484
-391
-117
190
284
311
537
803
920
1040
1237
1415
1522
1523
1358
1211
1290
1508
1416
875
350
308
612
620
7
-857
-1184
-886
-728
-1237
-1981
-2230
-1879
-1471
-1543
-1957
-2024
-1527
-933
-758
-902
-832
-251
452
738
636
576
904
1523
1906
1736
1351
1335
1738
2093
1964
1350
738
569
820
783
46
-872
-1175
-884
-644
-933
-1567
-1779
-1351
-880
-947
-1210
-1057
-468
-13
22
-28
320
942
1290
1154
873
890
1202
1313
882
316
35
104
213
53
-562
-1152
-1143
-764
-709
-1156
-1655
-1758
-1306
-811
-892
-1390
-1392
-658
118
303
-1
-68
566
1425
1644
1187
902
1333
1996
2080
1414
685
657
1144
1163
360
-520
-712
-351
-227
-668
-1266
-1440
-1119
-785
-824
-991
-851
-542
-248
42
357
595
804
1004
1203
1434
1625
1658
1423
1131
1056
1070
774
148
-409
-661
-773
-1023
-1522
-2058
-2293
-2199
-2175
-2220
-2182
-2041
-1799
-1402
-904
-513
-160
224
649
1071
1490
1769
1930
2122
2314
2394
2266
1948
1694
1616
1457
1008
397
-84
-248
-301
-662
-1253
-1633
-1699
-1622
-1634
-1775
-1894
-1798
-1457
-1160
-972
-739
-325
110
413
545
705
1073
1431
1543
1395
1225
1316
1658
1769
1452
1009
780
886
956
534
-121
-480
-484
-438
-682
-1215
-1557
-1434
-1255
-1388
-1769
-1996
-1775
-1378
-1226
-1340
-1388
-1085
-500
-18
97
108
289
738
1238
1511
1493
1304
1269
1434
1607
1641
1433
1052
834
846
866
686
313
-18
-185
-251
-390
-661
-900
-842
-741
-956
-1251
-1240
-972
-763
-796
-998
-1022
-693
-298
-184
-188
-21
333
646
785
816
851
1066
1294
1258
1055
983
1013
1051
1025
753
419
285
250
51
-318
-629
-786
-904
-1108
-1363
-1545
-1527
-1379
-1447
-1593
-1486
-1179
-861
-606
-504
-444
-209
158
533
804
976
1144
1361
1546
1661
1685
1647
1766
1823
1490
998
879
1046
940
341
-419
-733
-470
-289
-869
-1704
-1954
-1589
-1230
-1357
-1831
-2034
-1606
-1082
-1014
-1080
-845
-401
-16
172
312
674
1074
1138
1017
1190
1642
1780
1381
972
1046
1415
1579
1158
472
193
301
273
-98
-614
-945
-987
-979
-1155
-1394
-1313
-1043
-1030
-1267
-1301
-805
-119
84
-218
-291
217
957
1305
1020
644
786
1235
1336
967
498
413
651
600
49
-533
-647
-335
-328
-1037
-1739
-1688
-1083
-657
-921
-1644
-1806
-939
69
228
-282
-627
-231
672
1304
1222
697
494
948
1593
1705
1178
504
356
783
1016
625
-52
-412
-243
160
207
-233
-611
-498
-75
283
313
-14
-212
98
544
650
351
49
116
335
370
131
-240
-481
-490
-534
-656
-718
-847
-1118
-1284
-1159
-954
-884
-947
-975
-908
-695
-362
-221
-255
-91
272
499
639
721
676
706
911
1051
944
736
606
591
598
552
306
11
12
168
106
-143
-306
-253
27
238
140
-91
-48
302
640
700
500
345
466
801
938
628
138
0
215
288
-22
-517
-867
-800
-542
-662
-1150
-1492
-1456
-1141
-820
-837
-1106
-1202
-903
-380
-39
-67
-202
-109
296
708
805
655
518
520
665
749
659
386
129
95
158
107
-65
-241
-372
-350
-302
-234
-94
25
59
94
236
460
675
744
739
772
837
954
1036
922
679
490
474
503
390
105
-266
-524
-631
-686
-829
-1077
-1270
-1319
-1328
-1392
-1493
-1539
-1388
-1113
-859
-663
-575
-468
-70
419
672
768
858
1084
1483
1659
1421
1117
1067
1266
1370
1126
760
531
350
142
-102
-361
-508
-560
-758
-1089
-1307
-1170
-930
-974
-1159
-1085
-639
-204
-126
-334
-312
229
800
873
581
477
843
1197
1073
615
388
630
876
574
-102
-512
-371
-139
-351
-785
-1031
-1006
-889
-857
-885
-819
-637
-443
-289
-206
-102
99
319
459
584
759
817
812
893
1102
1312
1274
943
568
456
684
882
586
47
-251
-148
124
50
-471
-906
-930
-578
-325
-593
-1054
-1160
-848
-481
-401
-594
-728
-580
-250
-121
-342
-496
-276
49
206
-5
-419
-365
218
604
432
-72
-434
-261
307
626
348
-86
-77
361
748
670
183
-115
200
808
1028
616
39
-1
400
651
484
32
-260
-133
60
-10
-249
-538
-555
-340
-274
-344
-426
-533
-522
-317
-153
-69
-23
-4
52
183
308
326
261
288
453
562
500
304
138
72
67
81
67
-81
-349
-499
-487
-444
-446
-541
-603
-525
-482
-557
-498
-222
17
121
120
187
453
678
653
449
325
543
864
836
505
156
42
202
350
251
14
-204
-247
-205
-296
-342
-296
-272
-254
-272
-411
-478
-427
-274
-42
-6
-131
-220
-194
-39
76
-29
-100
18
151
261
284
105
12
98
203
297
221
-1
-101
-52
118
318
195
-8
61
143
140
111
9
-19
69
-9
-173
-114
80
216
105
-145
-148
-7
19
-22
-148
-264
-141
-11
-176
-382
-326
-132
-38
-57
-119
-131
-96
-102
-89
62
292
379
268
95
57
146
206
193
147
69
-88
-229
-283
-233
-225
-349
-537
-585
-389
-280
-479
-649
-502
-182
105
125
-71
-13
419
759
757
627
643
927
1173
1117
908
739
785
876
698
346
124
42
13
-102
-488
-823
-933
-911
-838
-970
-1199
-1173
-969
-794
-709
-745
-685
-420
-158
17
66
90
309
599
731
660
550
506
577
653
538
273
196
346
391
180
-161
-349
-320
-226
-257
-380
-404
-218
-95
-223
-265
-66
275
507
438
287
353
588
771
719
555
546
634
615
387
109
3
76
127
-78
-475
-732
-730
-691
-787
-918
-997
-956
-815
-782
-875
-868
-688
-343
-24
-7
-92
26
227
398
540
561
596
686
659
529
484
528
521
337
108
17
-34
-129
-248
-350
-370
-288
-244
-307
-349
-290
-97
100
138
111
245
496
584
522
429
435
658
922
863
568
312
154
159
228
79
-193
-280
-253
-309
-584
-879
-949
-816
-652
-605
-727
-932
-920
-659
-416
-381
-466
-271
228
443
253
104
243
669
1018
954
645
551
711
771
484
128
105
295
360
47
-423
-610
-397
-198
-263
-500
-635
-417
-222
-440
-734
-554
-7
317
104
-230
-105
406
709
516
199
273
649
765
446
105
192
471
441
49
-309
-251
54
30
-386
-722
-665
-369
-288
-530
-725
-557
-160
-39
-266
-346
-102
259
367
188
116
319
506
524
381
256
370
591
587
304
68
118
325
289
38
-73
13
73
-126
-452
-520
-303
-141
-247
-567
-763
-566
-349
-351
-402
-350
-102
100
37
-131
-158
18
292
367
240
224
321
349
220
79
127
281
374
312
109
-32
-30
-31
-55
-88
-54
111
159
94
45
-30
-84
-15
139
268
292
113
-68
-40
125
239
182
63
40
67
17
-160
-335
-350
-145
20
-141
-453
-539
-327
-118
-140
-305
-284
-40
92
-84
-342
-288
110
334
147
-120
-96
181
356
155
-157
-145
147
331
175
-55
-101
10
77
12
3
78
40
-71
-137
-76
178
292
111
10
117
199
180
93
18
117
241
173
65
98
91
-76
-213
-157
-24
-35
-200
-374
-400
-249
-80
-41
-21
-72
-199
-256
-210
-73
80
76
-3
-6
11
50
57
11
38
205
322
255
25
-132
-20
133
99
26
16
4
-22
-112
-190
-58
151
189
17
-150
-39
215
248
93
74
172
221
194
101
19
68
154
116
-43
-152
-65
-31
-178
-292
-229
-50
19
-111
-253
-208
-43
72
43
-12
64
173
159
126
136
155
206
136
11
-19
11
24
-76
-252
-286
-145
-95
-162
-235
-234
-204
-229
-259
-213
-87
-19
-47
-42
34
107
152
246
363
389
332
242
219
277
258
127
54
94
134
92
-77
-269
-320
-191
-97
-239
-396
-373
-249
-163
-246
-388
-348
-78
229
298
104
-23
73
221
301
279
252
315
393
333
112
-18
89
242
201
6
-161
-151
-46
-88
-303
-476
-381
-139
-84
-283
-506
-447
-123
96
-5
-171
-77
186
300
184
72
114
281
392
299
105
8
68
149
88
-49
-117
-108
-111
-169
-243
-278
-251
-217
-215
-172
-20
76
-12
-75
-5
103
202
259
294
338
397
448
490
502
458
325
216
266
385
332
95
-155
-235
-126
-70
-160
-346
-533
-568
-433
-319
-352
-466
-535
-489
-336
-183
-131
-166
-140
-41
31
61
45
92
232
332
361
313
211
184
279
339
273
175
81
20
-22
-71
-116
-175
-210
-219
-238
-277
-304
-311
-266
-180
-155
-118
-50
29
156
319
389
341
287
384
580
569
396
296
342
440
448
234
-33
-71
37
33
-117
-331
-493
-488
-453
-531
-622
-637
-596
-569
-535
-454
-367
-300
-262
-175
-30
142
260
262
219
290
438
503
477
429
453
524
481
311
229
282
282
137
-19
-83
-91
-127
-231
-358
-414
-337
-217
-218
-330
-404
-349
-196
-64
-8
13
74
112
122
159
235
290
242
211
267
361
393
324
234
174
114
52
21
-13
-58
-141
-236
-228
-182
-222
-311
-334
-296
-231
-228
-282
-291
-255
-159
-68
-78
-119
-41
96
182
177
108
102
201
323
397
357
266
266
332
338
273
199
171
179
125
3
-120
-144
-110
-170
-351
-485
-433
-314
-301
-414
-502
-418
-262
-185
-210
-197
-44
90
80
68
180
324
360
292
256
336
445
427
331
285
319
357
288
106
-23
-29
10
-34
-172
-257
-279
-277
-286
-328
-353
-317
-264
-257
-225
-125
-13
39
49
67
84
119
197
270
252
218
182
135
114
85
45
-4
-54
-87
-104
-121
-177
-279
-333
-320
-273
-202
-168
-201
-218
-168
-69
32
92
135
199
282
334
293
234
282
382
419
337
201
123
149
163
90
-2
-83
-134
-168
-224
-286
-295
-249
-222
-227
-249
-265
-198
-98
-81
-70
18
106
110
42
-13
67
230
307
231
76
-16
-19
-12
-44
-117
-151
-104
-78
-127
-183
-169
-83
6
33
6
-55
-73
30
156
168
132
165
242
294
288
201
127
146
189
176
99
36
21
18
-9
-69
-148
-176
-118
-50
-96
-217
-261
-212
-137
-96
-116
-128
-32
84
124
93
59
124
214
211
159
134
155
159
93
23
8
31
11
-99
-222
-243
-192
-181
-204
-208
-161
-73
-51
-103
-97
-6
78
80
19
20
123
210
205
148
115
184
270
222
116
63
47
16
-39
-117
-154
-147
-143
-174
-233
-282
-300
-264
-230
-233
-267
-228
-124
-47
-28
-7
15
36
88
110
106
117
158
220
249
224
206
212
202
153
73
-7
-22
26
63
17
-41
-40
-15
-40
-104
-118
-96
-60
-60
-98
-112
-74
-14
41
94
118
150
200
222
176
97
77
119
158
149
75
-25
-70
-103
-137
-151
-162
-190
-233
-279
-330
-372
-354
-268
-200
-173
-135
-84
-22
22
30
63
154
225
211
173
160
172
194
191
186
191
194
169
116
25
9
74
86
24
-15
-3
-3
-16
-58
-79
-36
16
11
-29
-54
-32
11
17
14
51
110
126
77
22
16
48
31
-40
-71
-64
-73
-110
-136
-139
-103
-80
-88
-86
-72
-42
-12
-5
-21
-12
17
41
38
34
53
78
62
46
54
47
29
2
-27
-18
-24
-54
-53
-49
-81
-110
-116
-97
-77
-58
-14
-6
-32
-26
-3
16
37
51
83
108
107
101
102
104
108
118
86
19
-23
-34
-39
-69
-136
-158
-118
-79
-91
-103
-69
-49
-64
-78
-55
6
61
88
114
106
87
112
147
175
158
117
85
59
60
77
78
47
15
-3
-53
-136
-176
-140
-91
-118
-174
-168
-114
-78
-80
-75
-33
1
2
9
10
22
59
106
122
118
116
124
149
138
101
85
82
37
-58
-118
-110
-68
-40
-33
-40
-69
-102
-133
-126
-100
-84
-62
-41
-16
23
77
123
178
211
186
142
120
119
124
116
86
65
52
48
13
-56
-76
-61
-54
-93
-148
-155
-114
-120
-153
-153
-119
-74
-74
-105
-126
-125
-90
-51
-42
-20
53
108
102
64
41
61
64
41
16
4
-6
-13
-47
-69
-45
-24
-26
-30
-38
-36
-21
-15
-20
-14
7
25
51
75
98
112
117
122
127
140
150
141
134
112
84
61
37
28
21
-15
-60
-67
-61
-58
-67
-95
-125
-136
-174
-204
-164
-123
-97
-61
-43
-41
-25
2
36
53
46
54
69
70
65
58
66
90
96
85
59
44
52
59
27
8
13
19
10
-40
-91
-102
-73
-64
-68
-69
-45
-12
-25
-60
-55
-1
38
28
23
48
84
96
80
76
108
138
114
79
69
62
26
-6
-12
-16
-12
-12
-33
-64
-67
-81
-103
-113
-116
-114
-96
-89
-77
-36
-12
13
21
-3
-10
30
58
47
43
71
78
51
15
-6
10
33
-4
-53
-49
-8
-4
-43
-48
-10
-10
-42
-55
-52
-22
20
26
-18
-32
-18
4
-2
-19
3
36
23
-34
-68
-66
-47
-35
-56
-71
-45
3
21
-2
16
89
137
117
90
87
111
114
81
58
94
126
100
52
16
18
30
-1
-39
-32
-22
-23
-41
-52
-60
-64
-55
-49
-64
-69
-43
-15
-32
-43
-20
0
13
18
8
11
51
55
31
23
24
10
-27
-59
-76
-86
-77
-73
-77
-66
-57
-66
-95
-123
-135
-124
-109
-72
-28
19
51
81
108
123
143
153
143
118
100
103
101
75
78
90
78
65
58
57
53
15
-35
-61
-66
-75
-81
-85
-59
-36
-50
-56
-29
4
13
5
-6
13
12
5
27
59
66
75
79
55
34
27
11
-8
-23
-46
-58
-53
-43
-37
-31
-35
-50
-66
-78
-72
-44
-10
5
6
-3
3
19
9
-7
11
28
10
-2
-1
26
58
57
39
31
31
17
-11
-23
-30
-42
-51
-73
-90
-83
-68
-50
-34
-27
-10
-6
-4
-20
-32
-7
22
34
29
38
57
69
61
54
72
89
75
56
54
59
56
30
6
2
5
-5
-24
-49
-48
-54
-86
-113
-120
-105
-91
-96
-106
-88
-68
-58
-61
-51
-25
1
5
4
12
38
65
72
71
73
90
91
90
88
74
57
49
19
-13
-8
-8
-20
-26
-27
-36
-32
-16
-6
-10
-8
-4
-4
11
15
30
68
96
111
115
113
107
90
81
58
36
28
31
24
11
8
22
39
27
3
-13
-20
-43
-65
-89
-89
-66
-53
-61
-55
-26
-30
-54
-60
-61
-65
-73
-71
-57
-50
-50
-50
-41
-35
-35
-45
-47
-39
-21
-2
18
46
80
80
58
48
51
51
31
39
42
26
-12
-32
-37
-34
-32
-26
-9
-1
-25
-58
-70
-55
-37
-37
-24
-7
-5
-12
-23
-24
-5
19
24
31
46
41
33
41
61
84
98
108
117
95
52
23
14
5
-22
-46
-52
-56
-64
-68
-82
-79
-70
-91
-102
-78
-48
-22
-12
-20
-6
5
16
23
44
68
64
46
28
25
39
40
31
34
38
19
4
6
-4
-7
-7
-12
-16
-2
4
-4
-12
-24
-35
-34
-41
-32
7
39
67
91
100
100
88
67
51
39
26
6
-7
-16
-11
0
-8
-31
-35
-44
-62
-63
-58
-49
-50
-57
-61
-66
-48
-31
-34
-27
-8
14
12
19
37
45
45
45
36
34
37
24
8
-11
-7
7
11
10
14
29
35
21
5
3
5
-13
-28
-23
-6
17
21
17
26
41
38
28
29
20
9
-3
-13
-14
4
12
10
-1
-7
-1
-2
-4
-12
-21
-31
-42
-64
-73
-62
-57
-59
-59
-54
-40
-24
-35
-37
-25
-26
-31
-33
-34
-39
-42
-45
-37
-13
10
17
29
37
36
25
24
36
44
55
61
56
50
51
42
31
20
14
-9
-26
-22
-11
-6
-10
1
8
10
4
3
-18
-41
-55
-52
-25
13
44
61
71
75
76
76
76
64
56
52
37
26
23
21
25
15
1
1
9
0
-10
-20
-30
-41
-56
-73
-65
-35
-25
-24
-34
-21
3
-3
-3
9
1
4
11
13
15
7
-2
1
-5
-18
-14
-23
-23
-16
-18
-16
-5
-9
-25
-30
-14
-11
-14
-16
-25
-29
-22
-8
19
50
44
27
22
18
30
38
34
28
15
8
-19
-52
-74
-84
-80
-73
-51
-18
-1
9
9
4