1
1
1
0
2
2
1
1
2
1
1
2
2
2
2
2
2
2
2
1
2
1
1
2
2
1
1
2
2
2
2
2
2
1
2
2
1
2
1
1
1
1
1
1
1
2
1
1
2
1
1
1
1
1
1
1
0
0
1
1
1
0
1
0
0
1
0
1
0
1
1
0
0
0
1
0
0
0
0
1
1
1
1
0
0
1
0
0
1
0
1
0
1
-1
1
2
0
0
1
0
-1
0
-1
-1
0
0
0
0
0
-1
-1
-1
-1
-1
-1
-1
-1
-1
-1
-2
-1
-2
-2
-2
-2
-2
-2
-1
-1
-2
-1
-1
-1
-1
-1
-1
-1
-1
-1
-1
-1
-1
-1
-1
-1
-1
-1
-1
-1
-1
-2
0
-1
0
-1
-1
0
-1
-1
-1
-1
-1
-1
-2
-1
-1
-1
-1
-1
0
-1
-1
-2
-2
-1
-1
-2
0
-1
0
0
-1
-1
0
0
0
1
1
1
1
1
1
1
1
1
2
1
1
2
2
1
2
2
3
2
1
1
2
2
1
1
2
1
1
2
2
1
1
1
1
1
0
1
0
0
0
0
0
0
0
0
0
0
-1
-1
-1
-1
0
0
-1
-1
-1
-1
-1
0
-1
0
0
-1
-1
0
0
0
0
0
0
0
1
1
0
0
1
1
1
1
1
1
1
1
2
3
2
3
4
4
4
4
4
4
4
5
4
4
3
2
1
-1
-3
-3
-5
-4
-5
-6
-6
-6
-6
-7
-6
-2
3
11
17
22
26
27
25
18
10
0
-10
-21
-28
-33
-34
-34
-32
-29
-26
-23
-22
-20
-19
-17
-14
-8
-1
7
15
22
26
26
23
17
9
-1
-10
-17
-20
-21
-20
-17
-14
-11
-8
-6
-3
1
9
17
26
33
42
48
52
50
45
36
23
11
1
-8
-10
-7
0
11
23
36
45
49
47
37
21
0
-21
-40
-52
-58
-55
-45
-32
-19
-6
2
7
6
3
-1
-4
-1
5
13
21
28
30
28
19
3
-12
-27
-42
-55
-64
-67
-61
-49
-30
-6
20
44
64
78
84
83
77
67
57
50
46
45
46
46
43
33
14
-12
-46
-79
-108
-129
-139
-140
-131
-117
-101
-88
-81
-76
-77
-80
-81
-80
-72
-54
-32
-8
13
33
47
56
57
51
40
28
20
17
23
37
59
84
107
125
131
129
121
112
105
102
103
107
115
119
115
103
82
57
28
-4
-32
-59
-83
-100
-112
-117
-117
-112
-104
-97
-93
-96
-100
-108
-118
-129
-137
-138
-132
-117
-96
-67
-34
-5
17
27
25
12
-7
-24
-31
-30
-21
-4
14
32
45
50
48
40
28
16
8
7
15
31
52
81
115
150
182
207
223
221
204
169
120
63
4
-49
-89
-114
-124
-116
-95
-67
-41
-20
-4
4
6
9
17
38
69
105
142
172
183
169
131
74
9
-52
-95
-114
-111
-91
-61
-27
-6
-6
-27
-58
-86
-109
-123
-122
-104
-69
-35
-12
-8
-22
-47
-72
-87
-87
-72
-39
8
68
130
182
211
214
195
156
103
41
-22
-79
-123
-149
-162
-168
-176
-183
-183
-174
-157
-137
-118
-99
-82
-58
-14
41
111
187
258
314
336
311
234
116
-25
-174
-315
-432
-511
-539
-498
-388
-240
-83
59
175
264
308
305
272
244
242
272
329
377
386
347
259
140
5
-129
-233
-266
-214
-84
104
317
515
663
752
797
793
735
632
507
396
314
243
159
16
-215
-514
-826
-1097
-1296
-1388
-1339
-1128
-777
-366
1
262
382
362
234
46
-164
-358
-497
-556
-549
-515
-500
-526
-600
-727
-896
-1062
-1178
-1185
-1030
-732
-358
20
310
451
432
252
-50
-354
-508
-356
180
1063
2185
3368
4381
4991
5006
4287
2793
690
-1714
-3986
-5687
-6458
-6143
-4815
-2703
-128
2505
4753
6270
6914
6769
6070
5063
3959
2931
1987
1068
99
-993
-2300
-3813
-5401
-6869
-7901
-8194
-7581
-6079
-3909
-1428
1063
3277
4862
5520
5243
4268
2900
1425
72
-978
-1659
-2049
-2292
-2510
-2799
-3179
-3550
-3721
-3531
-2969
-2170
-1289
-503
-112
-332
-1104
-2060
-2761
-2952
-2419
-920
1569
4718
7956
10664
12335
12695
11695
9510
6599
3444
474
-1954
-3725
-5042
-6231
-7448
-8626
-9634
-10356
-10461
-9367
-6639
-2331
3036
8680
13744
17334
18745
17673
14230
8914
2592
-3577
-8509
-11581
-12675
-12049
-10269
-8076
-6251
-5395
-5681
-6781
-7989
-8469
-7479
-4615
-1
5764
11739
16747
19609
19482
16108
9893
1875
-6578
-13994
-19112
-21220
-20204
-16496
-10987
-4884
598
4634
6962
7772
7554
7002
6877
7753
9775
12562
15293
16976
16675
13770
8175
497
-8057
-16056
-22182
-25390
-25044
-21139
-14429
-6249
1924
8836
13654
15983
15928
14079
11317
8554
6500
5422
5082
4929
4301
2648
-292
-4411
-9255
-14021
-17708
-19447
-18771
-15730
-10827
-4940
898
5776
9092
10623
10533
9340
7779
6490
5823
5751
5933
5825
4792
2344
-1619
-6663
-11906
-16294
-18914
-19074
-16437
-11244
-4349
2997
9493
14099
16211
15727
13072
9098
4875
1477
-279
-134
1558
4024
6265
7302
6389
3265
-1713
-7578
-13062
-16962
-18371
-16816
-12401
-5870
1571
8559
13877
16712
16795
14429
10367
5580
1068
-2355
-4245
-4616
-3912
-2795
-1920
-1780
-2583
-4192
-6146
-7801
-8546
-7991
-6088
-3123
363
3693
6228
7521
7411
6075
3974
1696
-204
-1334
-1590
-1151
-421
87
-22
-945
-2570
-4517
-6288
-7351
-7257
-5784
-3052
480
4121
7142
8939
9155
7755
5085
1767
-1440
-3798
-4762
-4155
-2193
614
3510
5708
6564
5767
3437
84
-3533
-6575
-8318
-8371
-6715
-3705
19
3662
6478
7956
7900
6448
4038
1286
-1163
-2809
-3418
-3027
-1920
-561
550
1020
687
-360
-1817
-3267
-4303
-4596
-4007
-2640
-791
1128
2685
3553
3608
2936
1810
616
-304
-745
-704
-370
-25
38
-386
-1347
-2733
-4257
-5492
-6004
-5500
-3910
-1404
1633
4629
6952
8101
7848
6267
3736
863
-1640
-3185
-3440
-2329
-89
2730
5343
6960
7001
5255
1935
-2338
-6621
-9959
-11657
-11359
-9020
-4964
67
5115
9253
11785
12403
11169
8500
5056
1571
-1334
-3232
-3966
-3742
-3051
-2435
-2311
-2868
-4106
-5794
-7478
-8609
-8728
-7600
-5242
-1985
1598
4867
7272
8474
8449
7356
5498
3284
1075
-903
-2519
-3748
-4679
-5475
-6289
-7099
-7671
-7709
-7007
-5400
-2798
653
4451
7833
10138
10920
10012
7607
4321
974
-1628
-2751
-1940
819
4975
9475
13027
14423
12814
8007
544
-8235
-16567
-22837
-25816
-24674
-19242
-10350
390
10982
19594
24882
26138
23389
17509
9944
2286
-4029
-7996
-9313
-8464
-6431
-4379
-3329
-3992
-6506
-10313
-14275
-17138
-17830
-15731
-10848
-3866
3953
11163
16441
18945
18323
14754
9079
2539
-3640
-8421
-11179
-11859
-10911
-9035
-6960
-5206
-4014
-3417
-3067
-2323
-719
1710
4561
7303
9362
10223
9664
7789
5134
2482
804
934
3347
7864
13467
18540
21410
20471
15101
5253
-6389
-16977
-25782
-31279
-32157
-27632
-18270
-5696
7802
19822
28380
32129
30581
24401
15244
5178
-3787
-9993
-12644
-11969
-9014
-5324
-2475
-1700
-3563
-7749
-13051
-17882
-20692
-20332
-16362
-9248
-274
8806
16206
20537
20973
17476
10909
2827
-5023
-11110
-14497
-14901
-12690
-8797
-4434
-724
1636
2399
1834
601
-519
-940
-415
1005
3011
5043
6530
7104
6790
5900
4991
4701
5665
8190
11855
15596
18071
17959
14338
6994
-3119
-13819
-23356
-30122
-32551
-29656
-21512
-9489
4160
16999
26857
32053
31819
26603
17896
7666
-2006
-9239
-12834
-12760
-10020
-6165
-2813
-1350
-2580
-6361
-11575
-16693
-20224
-20819
-17706
-11167
-2510
6474
14060
18913
20032
17106
10974
3245
-4360
-10427
-13914
-14296
-11851
-7657
-3004
1066
3712
4415
3307
1179
-1089
-2885
-3822
-3486
-1779
707
3102
5048
6582
7668
8289
8792
9841
11832
14388
16591
17566
16355
12106
4571
-5128
-14981
-23697
-30121
-32559
-29689
-21650
-10051
3004
15568
25728
31622
32165
27834
20137
10724
1287
-6231
-10388
-11162
-9583
-6897
-4266
-3013
-4189
-7677
-12238
-16464
-19329
-19855
-17111
-11019
-2898
5313
12153
16653
17997
15808
10718
4445
-1427
-6103
-8922
-9149
-6937
-3593
-545
1561
2527
1865
-640
-4045
-6792
-8282
-8714
-7945
-5567
-1983
1657
4607
6994
9042
10556
11586
12898
15184
17853
19822
20457
19106
14761
6363
-4224
-14043
-22270
-28644
-32265
-31188
-24609
-14068
-2034
9822
20247
27590
30311
28195
22529
14892
6635
-663
-5417
-7273
-7124
-6006
-4523
-3522
-4267
-7312
-11701
-15777
-18471
-19335
-17772
-13363
-6748
543
6975
11660
14085
13844
11146
7280
3676
902
-879
-1205
91
2106
3338
3037
1506
-1040
-4785
-9279
-12961
-14433
-13620
-11228
-7594
-2844
2202
6335
9061
10698
11549
11746
11817
12673
14582
16660
17979
18168
16487
11726
3323
-7019
-16488
-24101
-29832
-32559
-30407
-22964
-12103
-351
10664
19863
25889
27595
25189
19940
13102
5886
-104
-3674
-5030
-5161
-4787
-4236
-4211
-5712
-8948
-12788
-15808
-17402
-17355
-15193
-10817
-5113
569
5249
8471
9912
9479
7740
5792
4417
3777
3894
4853
6302
7107
6120
3299
-634
-5278
-10449
-15201
-17900
-17564
-14539
-9785
-4013
2031
7313
10948
12635
12684
11655
10248
9396
10044
12045
14437
16353
17151
15726
10814
2338
-7870
-17313
-25079
-30632
-32559
-29340
-21169
-10044
1753
12574
21121
26050
26666
23498
17769
10728
3848
-1288
-3927
-4538
-4134
-3385
-2722
-2948
-4987
-8728
-12887
-16170
-17949
-17951
-15867
-11777
-6475
-1087
3583
7042
8992
9446
8888
8143
7718
7530
7489
7673
7664
6541
3753
-335
-4998
-9777
-14157
-17171
-17640
-15193
-10616
-4960
864
6033
9725
11500
11435
10070
8193
6717
6677
8512
11498
14533
16752
17204
14739
8606
-550
-10785
-20101
-27370
-31575
-31355
-25932
-16280
-4539
7112
16985
23766
26529
25181
20503
13828
6644
543
-3235
-4459
-3909
-2630
-1386
-774
-1637
-4551
-9035
-13774
-17417
-19227
-18853
-16252
-11860
-6402
-787
4096
7622
9540
10054
9797
9435
9143
8804
8427
7972
6949
4623
805
-3912
-8784
-13264
-16709
-18168
-16896
-12998
-7371
-1177
4484
8733
11050
11387
10151
7966
5801
4804
5899
9016
13122
16978
19438
19358
15604
7785
-2785
-13472
-22658
-29447
-32551
-30799
-24079
-13655
-1599
9932
19179
24851
26378
24053
18763
11823
4894
-344
-3011
-3256
-2010
-324
956
1046
-732
-4582
-9847
-15225
-19301
-21075
-20218
-17110
-12295
-6466
-502
4631
8174
9911
10298
10106
9795
9486
9159
8754
8068
6672
4022
-38
-5039
-10121
-14459
-17344
-18112
-16293
-11978
-6024
333
5822
9481
10989
10533
8632
6033
3779
3060
4635
8294
13037
17566
20587
20853
17272
9520
-1179
-12242
-21829
-28964
-32428
-31124
-24866
-14783
-2954
8411
17506
23128
24742
22687
17838
11388
4943
192
-1985
-1825
-228
1715
3001
2830
766
-3305
-8864
-14732
-19355
-21497
-20765
-17686
-13023
-7348
-1453
3653
7152
8765
8942
8567
8314
8342
8523
8706
8663
7990
6048
2413
-2605
-8097
-13042
-16631
-18159
-17121
-13380
-7574
-946
5144
9466
11346
10952
9069
6224
3209
1474
2218
5554
10373
15341
19294
21185
19566
13205
2834
-8568
-18490
-26449
-31579
-32151
-27200
-17750
-6138
5328
15001
21599
24177
22874
18711
12746
6194
946
-1530
-1336
418
2551
4023
3972
1978
-1993
-7604
-13967
-19506
-22540
-22182
-18872
-13898
-8143
-2123
3474
7691
9718
9573
8321
7312
7067
7292
7455
7422
7328
6679
4367
-10
-5495
-10725
-14807
-17199
-17351
-14863
-9989
-3745
2649
7879
10666
10765
9303
7143
4399
1943
1471
3772
8162
13219
17600
20341
20728
17371
8858
-3273
-14467
-22583
-28602
-32250
-31248
-24233
-13095
-1268
8961
16985
22203
23750
21758
17482
12011
6386
2209
765
1672
3303
4303
4116
2494
-805
-5703
-11642
-17647
-22288
-23983
-22065
-17552
-12119
-6511
-896
4360
8422
10352
10001
8692
8157
8750
9281
8757
7771
7086
5931
2780
-2455
-8277
-13134
-16242
-17478
-16800
-13822
-8668
-2520
3313
7821
9870
9432
7901
6384
4829
3551
3806
6471
10949
15469
18539
19762
19208
15348
6532
-5643
-16592
-23853
-28846
-32216
-31409
-24346
-13014
-1565
7850
15361
20807
23048
21988
18805
14421
9484
5558
3964
4103
4397
4016
2834
520
-3071
-7585
-12675
-17976
-22136
-23460
-21512
-17577
-13004
-8137
-2788
2751
7217
9557
10118
10105
10321
10780
10777
9702
8035
6546
4699
1229
-4027
-9545
-13648
-15859
-16741
-16235
-13479
-8541
-2865
2267
6242
8335
8500
7545
6524
5675
5109
5563
7750
11478
15398
18032
18850
17830
14346
7093
-3721
-14605
-22159
-26757
-30029
-30368
-25062
-14956
-3898
5473
12972
18890
22289
22404
19944
16149
11684
7574
5115
4264
3812
2979
1726
-262
-3331
-7433
-12127
-16953
-21003
-23037
-22188
-19042
-14981
-10224
-4214
2190
7185
10222
12000
12956
13031
12299
11036
9423
7396
5068
2516
-723
-5018
-9579
-12990
-14773
-15507
-15273
-13183
-8929
-3859
600
4261
6991
8210
8134
7764
7568
7377
7715
9308
11879
14467
16196
16552
15214
11967
6158
-2585
-12477
-20153
-24506
-26992
-27830
-24777
-16876
-6663
2618
9991
16024
20366
21917
20662
17832
14311
10556
7342
5278
4017
2787
1090
-1213
-4330
-8244
-12526
-16629
-20180
-22384
-22137
-19273
-14768
-9678
-4146
1650
6558
9669
11471
12322
11881
10630
9687
9120
8086
6257
3948
1266
-2201
-6621
-11185
-14663
-16607
-17107
-15756
-12294
-7340
-1968
3137
7504
10299
11070
10580
9992
9315
8461
8266
9306
11067
12777
13712
13154
10928
7335
1705
-6566
-15401
-21488
-24254
-25458
-25143
-21131
-12816
-2931
5618
12410
17928
21315
21857
20366
17782
14162
9952
6424
4246
2810
1094
-1275
-4083
-7294
-10971
-14743
-18089
-20740
-21922
-20441
-16327
-11103
-6031
-1016
4291
9034
11780
12395
11846
10947
9976
9054
7834
5988
3809
1621
-992
-4675
-9235
-13378
-15842
-16586
-16009
-13905
-9923
-4618
936
5945
9700
11703
12030
11373
10489
9463
8355
7771
8275
9541
10625
10715
9572
7482
4533
-67
-6941
-14313
-19179
-20957
-21528
-21281
-18157
-11162
-2365
5456
11620
16578
20007
21211
20420
18139
14427
9859
5756
2801
381
-2149
-4761
-7102
-9359
-11788
-14101
-15938
-17270
-17658
-16062
-12441
-8248
-4497
-629
3825
7786
9877
10139
9729
9337
8705
7547
5959
4082
2069
14
-2398
-5649
-9399
-12382
-13729
-13771
-12936
-10909
-7293
-2591
2172
6288
9432
11200
11535
11004
10235
9168
7777
6771
6692
7197
7662
7548
6650
5281
3605
738
-4475
-10789
-15207
-16690
-17336
-18141
-16741
-11058
-3022
4136
9764
14751
18683
20389
19810
17666
14004
9053
4222
749
-1842
-4347
-6538
-8009
-9291
-10854
-12293
-13204
-13952
-14504
-13649
-10604
-6700
-3477
-535
3073
6584
8057
7431
6633
6370
5615
4214
3144
2715
2279
1280
-395
-2605
-5327
-8277
-10603
-11692
-11830
-10903
-8095
-3589
1185
5519
9297
11983
12806
11947
10334
8453
6242
4206
3242
3539
4464
5381
5981
6154
5793
4213
-9
-6497
-12183
-14905
-16183
-17736
-17595
-12901
-4702
3270
9445
14642
18724
20320
19329
16714
12580
7061
1651
-2047
-4065
-5309
-6260
-6831
-7194
-7736
-8683
-9792
-11158
-12833
-13535
-11749
-8259
-5221
-2847
386
4490
7369
7824
6852
5976
5336
4454
3178
1871
797
93
-578
-1859
-4143
-6820
-8731
-9422
-9397
-8746
-6780
-3370
772
4878
8302
10362
10865
10106
8642
6847
4810
2925
2005
2363
3628
5245
6485
6809
6442
5674
3465
-1751
-8414
-12790
-13923
-14559
-15566
-13994
-7959
-32
6442
11038
14722
17055
17020
15089
12084
7828
2656
-1453
-3320
-3988
-4676
-5200
-5180
-5261
-6089
-7427
-8803
-10503
-12176
-12306
-10013
-6804
-4187
-1619
1867
5360
6893
6071
4734
4072
3331
2002
902
652
958
1247
879
-465
-2487
-4580
-6417
-7723
-8489
-8314
-6463
-2986
748
3936
6772
8895
9466
8603
7086
5432
3704
2246
1857
2816
4511
6072
7226
7903
8025
7066
3575
-2740
-8868
-11972
-13304
-15232
-16212
-13070
-6185
1012
6447
10781
14316
15905
15181
13103
9836
5113
318
-2517
-3422
-3669
-3816
-3560
-3137
-3333
-4425
-6010
-8065
-10860
-13167
-13021
-10548
-7740
-5295
-2048
2290
5944
7435
7156
6229
5137
4018
2976
1958
946
397
453
323
-1009
-3291
-5382
-6642
-7417
-7830
-7370
-5615
-2847
220
3147
5560
6930
7156
6869
6382
5480
4490
4141
4751
5816
7171
8484
8958
8357
7427
5818
1302
-5844
-11372
-13024
-13915
-16166
-16625
-12061
-4567
1778
6163
10138
13519
14712
13759
11825
8707
4184
109
-1528
-1533
-1812
-2450
-2386
-2255
-3406
-5679
-8111
-10886
-13983
-15453
-13686
-9996
-6425
-2746
2046
6954
9944
10128
8261
5842
3823
2061
187
-1245
-1275
147
1598
1630
296
-1458
-3446
-5893
-8399
-10103
-10331
-8795
-5751
-1913
2084
5776
8614
10162
10340
9385
7954
6640
5539
4933
5525
7124
8372
8539
8364
8190
5711
-953
-8681
-12887
-14524
-17542
-20588
-18629
-11447
-3652
2318
7743
13051
16293
16474
14919
12303
7993
2833
-517
-1432
-1684
-2227
-2203
-1810
-2585
-4805
-7325
-9966
-13382
-16195
-15916
-12503
-8282
-4057
926
6199
9992
11585
11135
8862
5428
2392
702
-173
-966
-1088
47
1302
940
-1027
-3546
-6280
-9099
-11036
-11397
-10349
-7983
-4134
678
5189
8467
10401
11175
10699
9212
7668
6742
6028
5653
6646
8587
9310
8330
7216
5923
1492
-6388
-13135
-15713
-17034
-19680
-20408
-15534
-7255
44
5701
11118
15522
17105
16231
14306
10988
5933
1252
-921
-1498
-2140
-2680
-2532
-2769
-4316
-6573
-8793
-11588
-14773
-16089
-13832
-9613
-5505
-1051
4445
9501
12408
13151
11874
8340
3940
974
-654
-2626
-4578
-4372
-2189
-651
-1157
-2549
-3844
-5452
-7463
-8794
-8972
-8355
-6551
-2815
1770
5467
8125
10537
12305
12382
11070
9751
8832
7541
6182
6035
6510
5852
4241
3329
2031
-2623
-9431
-13770
-14697
-16080
-18643
-18070
-12141
-4380
1878
7212
12643
16493
17382
16385
14285
10145
4476
145
-1694
-2688
-3843
-4273
-3847
-4018
-5430
-7212
-8980
-11442
-13972
-14239
-11378
-7345
-3499
923
6311
10985
13365
13198
10940
7318
3531
203
-2733
-5154
-6246
-5622
-4188
-3215
-3046
-3442
-4375
-5666
-6703
-7116
-6917
-5815
-3373
242
4116
7386
9995
12008
12879
12239
10836
9571
8139
6366
4994
4837
4825
3706
2089
1319
-35
-4899
-11557
-14952
-14721
-15647
-18080
-16646
-9476
-1278
4556
9561
14721
17789
17535
15787
13189
8342
1991
-2299
-3501
-3918
-4768
-4838
-4001
-3907
-5112
-6558
-8181
-11016
-13893
-13668
-9954
-5825
-2451
2043
7999
12672
14410
13739
11323
6854
1468
-2481
-4773
-7375
-9812
-9392
-6182
-3534
-3039
-3303
-3112
-2975
-3325
-3732
-3703
-3214
-1591
1639
5228
7521
9043
10871
12165
11686
10021
8524
7271
5531
3821
3187
2862
1451
-95
-134
-1198
-6238
-11935
-13229
-12190
-13864
-16267
-13532
-6027
838
5445
10273
15199
17202
16156
14495
11893
6391
-62
-3435
-3925
-4555
-5619
-5209
-3848
-3698
-4900
-6014
-7346
-10096
-12601
-11635
-7707
-4150
-1334
3150
8855
12653
13452
12367
9700
4954
-356
-3979
-6259
-8993
-11044
-9919
-6383
-3672
-2879
-2551
-1727
-963
-906
-1302
-1581
-1336
-17
2504
5065
6468
7512
9153
10505
10050
8503
7335
6371
4658
2981
2244
1503
-22
-990
-625
-1984
-6748
-10940
-10821
-9850
-12090
-13997
-10439
-3507
1704
5354
9998
14313
15381
14186
12901
10245
4619
-1141
-3643
-4058
-4922
-5718
-4891
-3521
-3375
-4201
-4865
-6202
-8927
-10863
-9421
-6109
-3546
-967
3463
8375
11247
11859
10839
7717
2991
-1219
-4032
-6883
-10012
-10990
-8697
-5466
-3623
-2626
-1278
29
600
622
286
-369
-542
828
2956
4281
4866
6312
8363
9093
8131
7014
6145
4776
3030
2036
1496
471
-552
-114
763
-1570
-6686
-9537
-8508
-8751
-12140
-13333
-8691
-2171
2268
5988
10749
14179
14402
13324
11951
8021
1595
-3133
-4378
-4666
-5456
-5171
-3429
-2146
-2222
-2776
-3578
-5933
-9355
-10665
-8424
-5385
-3430
-530
4569
9306
11325
11121
9433
5725
908
-2865
-5421
-8280
-10729
-10248
-6856
-3540
-1944
-861
783
2041
2056
1275
380
-497
-683
400
1982
2882
3618
5309
7251
7643
6678
5905
5484
4376
2979
2474
2303
1468
817
1564
1070
-3256
-8185
-9006
-8171
-10709
-14056
-12062
-5529
-223
3033
7323
12160
13976
13078
12014
9975
4796
-1029
-3569
-3603
-4123
-4832
-3764
-1910
-1492
-2372
-3077
-4451
-7539
-10180
-9404
-6485
-4321
-2350
1680
6694
9729
10328
9616
7320
3260
-643
-3129
-5514
-8414
-9616
-7648
-4573
-2906
-2122
-565
1226
1760
1319
806
139
-682
-641
332
1165
1515
2563
4764
6450
6542
6276
6714
6637
5241
4035
3699
2966
1334
653
912
-1264
-6203
-9130
-8217
-8346
-11643
-12934
-8588
-2590
991
3798
8267
12040
12564
11644
11004
8374
2878
-1436
-2320
-2541
-3991
-4535
-3135
-1993
-2443
-3199
-3695
-5452
-8407
-9556
-7492
-4852
-3450
-1182
3438
7825
9608
9641
8886
6325
2298
-1054
-3370
-6128
-8896
-9342
-7021
-4265
-2787
-1732
111
1867
2239
1530
566
-671
-1719
-1627
-701
-50
713
2846
5750
7386
7526
7691
8021
7012
5129
4023
3306
1727
511
790
-336
-4691
-8361
-8204
-8012
-11215
-13820
-11025
-5168
-988
1875
6283
11125
13082
12670
12105
10277
5383
169
-2076
-2559
-3759
-4772
-3798
-2207
-2008
-2666
-3088
-4546
-7661
-9790
-8602
-6057
-4445
-2433
1983
7009
9873
10487
10029
7970
4059
141
-2592
-5187
-8083
-9311
-7574
-4561
-2710
-1877
-629
952
1451
727
-339
-1407
-2336
-2234
-990
195
927
2598
5493
7601
7815
7389
7663
7471
5931
4221
3505
2730
1389
811
-196
-4109
-8408
-9041
-8570
-11246
-14152
-11949
-6064
-1344
1671
5764
10682
13232
12989
12259
10745
6437
1060
-1787
-2376
-3201
-4303
-3978
-2660
-2185
-2879
-3586
-4792
-7526
-9925
-9087
-6091
-3954
-2155
1786
6901
10083
10710
10161
8435
4881
856
-2049
-4315
-6966
-8743
-7985
-5475
-3627
-2917
-2013
-532
324
205
-251
-774
-1352
-1371
-411
679
1243
2151
4319
6441
6986
6813
7224
7489
6429
5050
4269
3313
1737
864
-343
-4238
-8636
-9330
-8432
-10778
-13744
-11654
-5759
-1409
1254
5300
10094
12340
12222
11984
10786
6693
1679
-951
-1748
-2820
-4004
-3858
-2902
-2591
-3186
-3769
-4743
-6998
-9125
-8484
-5670
-3466
-1777
1718
6479
9528
10197
9830
8495
5299
1452
-1433
-3725
-6381
-8246
-7914
-6147
-4746
-3940
-2703
-1172
-357
-215
110
155
-446
-601
364
1191
1327
1961
3797
5461
5923
5940
6480
6903
6152
4773
3995
3488
2239
1052
-313
-3836
-8137
-9135
-8207
-10255
-13473
-11788
-5744
-1187
1129
4734
9554
12007
11876
11561
10534
6711
1769
-847
-1543
-2614
-3999
-3989
-3017
-2671
-3238
-3790
-4689
-6694
-8582
-8032
-5448
-3242
-1606
1479
6063
9441
10335
9758
8444
6019
2513
-1019
-3826
-6142
-8209
-8818
-7400
-5446
-4362
-3324
-1511
349
1237
1207
1023
963
791
576
735
958
1195
2259
4091
5236
5597
6147
6790
6740
5709
4272
3073
2408
1505
-1312
-5764
-8590
-8213
-8030
-10670
-12477
-9372
-3778
-238
1929
5505
9318
10698
10619
10635
9017
4749
901
-455
-1251
-2858
-3813
-3395
-3021
-3327
-3557
-3800
-5202
-7362
-8075
-6443
-4229
-2719
-798
2668
6516
8974
9653
9045
7418
5021
2081
-964
-3880
-6368
-7957
-8101
-7248
-6179
-5055
-3543
-1745
-129
1021
1737
2133
2194
2078
1904
1552
974
968
1833
2839
3407
4157
5325
6218
6356
5791
4717
3497
2595
1477
-1605
-6343
-9071
-8182
-7538
-9805
-11069
-7541
-2033
1076
2723
5640
8749
9637
9337
9313
7933
4160
783
-278
-782
-2284
-3609
-3739
-3556
-3834
-4071
-4092
-5039
-6768
-6936
-4735
-2521
-1619
-227
2858
6147
8000
8391
7883
6512
4620
2587
-32
-3312
-6083
-7369
-7713
-7898
-7850
-6683
-4449
-2215
-584
1115
2869
3844
3898
3614
2910
1548
308
-94
331
875
1581
2956
4986
6397
6794
6507
5680
4050
2421
869
-2716
-7682
-9850
-8015
-7239
-9194
-9339
-4830
181
2318
3525
6149
8264
8147
7804
8121
6575
2668
95
-82
-490
-2287
-3564
-3682
-3646
-4022
-4153
-4142
-4933
-6213
-5772
-3215
-1126
-594
544
3524
6316
7429
7403
6955
5704
3958
2142
-228
-3331
-5954
-7231
-7749
-8199
-8086
-6673
-4359
-2242
-306
1832
3612
4193
4100
3764
2757
1050
-266
-532
-69
566
1548
3216
5129
6368
6537
6004
4841
3154
1574
-447
-4483
-8394
-8642
-6634
-6937
-8483
-6833
-1990
1592
2648
3924
6387
7619
7062
7038
7152
4977
1449
16
64
-956
-2887
-3651
-3646
-3926
-4275
-4030
-4056
-4965
-5533
-4136
-1710
-332
134
1614
4353
6418
6887
6592
6042
4811
3253
1474
-1007
-3965
-6074
-7072
-7673
-8194
-7830
-6082
-3692
-1693
124
2239
3945
4432
4185
3781
2819
1245
36
-154
119
399
1202
2981
4746
5596
5731
5448
4353
2813
1352
-1648
-6256
-8880
-7739
-6726
-7981
-8112
-4303
631
3087
3921
5771
7747
7465
6248
6070
5232
2131
-497
-693
-482
-1574
-2688
-2828
-2912
-3541
-3990
-3908
-4396
-5553
-5389
-3008
-700
188
1102
3331
5567
6505
6327
5678
4589
3205
2010
440
-2124
-4632
-5705
-6111
-7082
-7897
-7113
-4939
-2857
-1288
666
3148
4731
4923
4726
4287
2746
768
-155
-365
-756
-678
922
3123
4581
5158
5473
5243
3911
2085
-639
-4999
-8680
-8570
-6963
-7468
-7974
-4664
736
3923
4786
5849
7348
7134
5539
4462
3685
1458
-904
-1225
-431
-678
-1611
-1889
-1956
-2707
-3747
-4069
-4355
-5295
-5556
-3466
-602
808
1516
3359
5486
6234
5773
5016
3804
2292
1156
92
-1578
-3348
-4535
-5367
-5957
-6189
-5927
-5100
-3730
-1981
303
2568
3824
4270
4688
4596
3387
1630
212
-618
-1012
-894
193
1966
3424
4223
4926
5124
4161
2370
-879
-5476
-8387
-7788
-7059
-8230
-7942
-3471
2080
4920
5781
7099
8225
7317
5468
4070
2140
-875
-2438
-1717
-913
-1345
-1621
-1203
-1034
-1753
-2811
-3685
-4551
-5444
-5112
-2893
-475
737
1860
4046
5883
6021
5076
3971
2614
1125
137
-694
-2161
-3596
-3936
-3736
-4281
-5293
-5359
-3916
-2431
-1689
-375
2120
3882
4224
4419
4454
3217
1463
542
4
-890
-1335
-234
1748
3082
3379
3660
3970
3506
1252
-2793
-6594
-7727
-7222
-7624
-8033
-5609
-695
3578
5902
7525
9005
8972
7247
5252
3157
137
-2718
-3621
-3019
-2384
-1983
-1381
-930
-968
-1430
-2069
-3224
-4757
-5454
-4197
-1991
-420
722
2593
4747
5770
5566
4799
3480
1707
329
-540
-1957
-3648
-4137
-3509
-3430
-4088
-4131
-3092
-1897
-1308
-656
828
2506
3286
3650
3901
3477
2305
1489
1000
186
-686
-447
917
2032
2113
2043
2485
2605
934
-2750
-6060
-6821
-6257
-6985
-7697
-5504
-835
3163
5422
7273
9187
9718
8462
6720
4598
1265
-2200
-3714
-3791
-3872
-3830
-2916
-1979
-1672
-1705
-1826
-2501
-3697
-4406
-3513
-1582
-139
806
2434
4428
5388
5107
4291
3134
1610
199
-883
-1942
-3494
-4730
-4557
-3555
-3450
-3848
-3227
-1545
-117
668
1548
2688
3375
3528
3726
3425
2189
1010
801
621
44
156
1332
2366
2373
1942
1694
1382
-528
-4493
-7697
-7631
-6400
-6916
-7249
-4412
623
4406
6293
7746
9202
9352
8293
6942
4797
1313
-1687
-2638
-2978
-3829
-4356
-3761
-3098
-2905
-2933
-2879
-3229
-3901
-3773
-2186
-307
709
1608
3297
4839
5047
4388
3482
2124
501
-488
-1314
-2991
-4615
-4590
-3681
-3552
-3823
-3124
-1345
139
818
1606
2932
3680
3548
3324
3040
2093
972
638
693
327
116
1187
2773
3133
2385
1814
1495
-273
-4241
-8021
-8965
-8291
-8607
-8531
-5538
-567
3468
6085
8241
9950
10052
8704
7007
5121
2334
-475
-1742
-1944
-2338
-2790
-2545
-2449
-3031
-3693
-3880
-4391
-5316
-5336
-3522
-1030
700
1997
3840
5569
6031
5368
4142
2443
598
-888
-2306
-3677
-4430
-4287
-3743
-3173
-2603
-1818
-890
-105
610
1443
2131
2558
2896
3108
2990
2516
1835
1380
1190
930
756
1296
2177
2593
2441
2147
1550
-847
-4711
-7566
-8227
-9007
-10439
-9876
-5954
-1044
2654
5629
8698
10872
10924
9679
7797
4835
1049
-1470
-2185
-2453
-2984
-2700
-1465
-677
-1112
-2060
-3062
-4449
-5749
-5794
-4473
-2856
-1245
994
3717
5754
6290
5684
4539
3030
1006
-1370
-3490
-4730
-4992
-4573
-3732
-2642
-1405
-179
895
1568
1776
1554
1404
1534
1750
1725
1715
1998
2489
2741
2638
2479
2443
2262
1716
1096
763
251
-1743
-4491
-5934
-5911
-6708
-8229
-8144
-5524
-2243
309
2736
5543
7856
8919
9176
8360
5950
2726
384
-1117
-2578
-3778
-3748
-2816
-1915
-1192
-519
-479
-1472
-2557
-2854
-2677
-2737
-2516
-1262
672
2292
3234
3563
3395
2684
1237
-582
-2145
-3128
-3751
-3888
-3339
-2159
-889
86
907
1746
2283
2338
2181
1875
1488
1189
1252
1539
1791
1885
2148
2653
2796
2341
1634
1022
254
-1490
-3881
-5505
-5684
-5821
-6447
-6334
-4313
-1373
839
2219
3837
5524
6274
6186
5617
4246
2211
645
-371
-1557
-2796
-3106
-2659
-2305
-2186
-1709
-1116
-978
-1027
-550
240
669
815
1301
2008
2189
1695
1027
133
-1200
-2337
-2866
-3307
-3772
-3383
-1934
-423
285
665
1317
1814
1486
778
476
589
844
1493
2492
3223
3519
3749
3720
2959
1708
622
-279
-1055
-1537
-2293
-3607
-4527
-4280
-4144
-4789
-5058
-3783
-1662
180
1698
3491
5305
6359
6597
6261
5010
2756
516
-1065
-2332
-3662
-4546
-4608
-4013
-3222
-2572
-2107
-1754
-1309
-584
440
1370
2115
3029
4163
4877
4852
4163
2655
595
-1367
-2967
-4657
-6219
-6690
-5599
-3784
-2332
-1138
430
2029
2779
2751
2545
2287
1955
1965
2312
2596
2801
3254
3777
3826
3186
2040
889
-112
-1698
-4134
-6106
-6613
-6593
-6929
-6701
-4981
-2321
51
2032
4123
6015
6869
6880
6537
5448
3441
1432
88
-1008
-2120
-2824
-2931
-2975
-3209
-3420
-3589
-4033
-4449
-4189
-3158
-1821
-375
1415
3482
5381
6548
6749
6110
4900
3221
1192
-843
-3115
-5139
-5741
-4935
-4374
-4449
-3886
-2079
-167
559
701
1494
2742
3608
4059
4079
3720
3476
3416
3071
2234
1328
885
1003
679
-871
-2712
-3865
-4663
-5894
-7108
-7329
-6127
-4120
-1921
518
3179
5423
6823
7467
7178
5786
3759
1756
14
-1373
-2294
-2662
-2666
-2448
-2145
-1884
-2046
-2675
-3183
-3143
-2719
-2299
-1693
-491
1127
2536
3441
3883
3832
3306
2458
1396
243
-744
-1295
-1375
-1289
-1278
-1212
-945
-792
-934
-1062
-936
-612
-133
590
1464
2379
3125
3566
3585
3276
2647
1753
813
-372
-1958
-3335
-3806
-3925
-4413
-4802
-4207
-2804
-1484
-398
916
2375
3497
4224
4570
4150
3024
1879
988
61
-916
-1554
-1650
-1432
-1239
-1215
-1282
-1532
-1994
-2290
-2181
-2003
-1852
-1189
50
1255
1930
2244
2374
2270
1723
844
-7
-589
-946
-994
-715
-461
-404
-227
127
256
171
229
473
782
1160
1537
1834
2086
2227
2157
1829
1333
859
141
-1047
-2242
-2814
-3118
-3711
-4247
-4049
-3101
-1981
-928
286
1657
2792
3554
3979
3810
2983
2007
1205
366
-579
-1251
-1423
-1406
-1473
-1534
-1478
-1524
-1772
-1904
-1702
-1357
-1024
-608
-5
717
1335
1650
1636
1422
1168
1025
820
392
4
-71
13
-39
-283
-564
-701
-656
-434
-143
75
409
1011
1571
1762
1777
1792
1617
1214
836
648
217
-599
-1238
-1285
-1304
-1823
-2442
-2495
-2100
-1826
-1642
-1141
-417
234
890
1554
1853
1727
1610
1582
1321
732
208
-114
-371
-707
-992
-1162
-1316
-1454
-1415
-1171
-914
-780
-560
-54
527
810
756
698
722
672
397
72
-175
-250
-107
89
97
121
458
917
1235
1426
1486
1461
1399
1207
769
187
-240
-396
-411
-453
-326
-176
-364
-694
-816
-948
-1382
-1824
-1818
-1294
-572
99
853
1664
2277
2497
2239
1459
369
-688
-1556
-2216
-2647
-2677
-2173
-1350
-595
-1
475
701
504
40
-417
-753
-941
-890
-505
147
943
1697
2121
2119
1794
1236
479
-453
-1348
-1924
-2062
-1862
-1396
-746
71
968
1702
2137
2314
2305
2048
1648
1337
1182
998
725
653
773
441
-390
-1144
-1587
-2171
-2865
-3182
-2850
-2081
-1285
-373
676
1642
2205
2473
2356
1807
1017
253
-402
-927
-1276
-1357
-1141
-835
-648
-698
-900
-1158
-1387
-1658
-1878
-1877
-1507
-881
-233
383
1020
1521
1737
1709
1477
1102
720
448
272
225
334
593
897
1144
1216
1101
879
562
78
-525
-916
-987
-862
-883
-840
-259
601
1027
946
908
996
978
573
115
-99
-129
-124
26
226
177
-19
-164
-247
-598
-1160
-1482
-1464
-1475
-1543
-1340
-989
-831
-772
-540
-218
-131
-86
196
608
855
1057
1319
1452
1245
756
231
-301
-916
-1509
-1837
-1847
-1657
-1248
-588
205
856
1320
1826
2200
2181
1860
1646
1562
1405
1133
954
963
882
638
240
-326
-1050
-1707
-2218
-2622
-2811
-2608
-1965
-1068
-128
786
1598
2126
2298
2161
1751
1128
538
93
-253
-555
-703
-725
-777
-976
-1272
-1599
-1980
-2312
-2450
-2341
-2068
-1593
-905
-109
666
1345
1884
2296
2580
2659
2562
2417
2215
1853
1345
774
176
-448
-1151
-1868
-2426
-2638
-2550
-2240
-1700
-929
-8
959
1837
2398
2515
2304
1964
1556
958
228
-332
-568
-578
-540
-461
-393
-354
-418
-597
-926
-1379
-1826
-2042
-1941
-1673
-1254
-616
163
906
1492
1850
1937
1737
1374
999
569
7
-541
-876
-1029
-1185
-1309
-1290
-1091
-831
-554
-230
120
463
785
1077
1254
1366
1482
1631
1657
1591
1481
1353
1144
786
353
-180
-722
-1271
-1734
-2168
-2471
-2540
-2334
-1894
-1320
-611
146
894
1454
1809
1956
1905
1627
1143
604
99
-357
-758
-1050
-1232
-1324
-1329
-1286
-1213
-1145
-1043
-886
-681
-435
-151
173
487
757
967
1106
1130
1113
1116
1135
1107
1031
893
713
522
275
-80
-462
-695
-729
-651
-496
-202
196
578
851
945
842
583
257
-99
-429
-626
-636
-477
-248
-35
125
209
132
-131
-469
-782
-1023
-1151
-1169
-1057
-834
-545
-248
-36
58
83
104
59
-8
-39
-27
-25
2
69
124
136
118
95
71
78
133
236
399
570
690
733
716
626
426
177
-87
-258
-319
-222
-32
233
557
853
1084
1167
1069
773
397
-36
-472
-819
-1044
-1101
-1018
-826
-579
-285
-52
74
125
91
-23
-185
-344
-487
-543
-497
-357
-162
70
281
426
450
345
139
-153
-489
-815
-1052
-1158
-1139
-966
-658
-278
118
507
866
1127
1285
1317
1256
1098
890
668
461
263
109
44
15
-6
-9
9
-22
-68
-143
-239
-380
-530
-627
-644
-596
-461
-221
55
342
603
817
898
852
684
428
130
-199
-518
-799
-966
-1013
-979
-876
-672
-416
-182
18
168
258
285
261
196
108
23
-43
-64
-50
-12
36
84
143
179
165
130
94
32
-56
-119
-118
-94
-36
116
305
434
559
706
763
710
628
510
314
70
-141
-324
-478
-563
-592
-576
-496
-387
-287
-191
-106
-89
-111
-131
-168
-247
-320
-335
-295
-238
-155
3
166
302
398
463
457
390
289
147
-26
-215
-364
-457
-496
-457
-345
-181
27
254
441
567
633
605
476
279
82
-101
-245
-285
-220
-112
20
201
358
410
364
279
149
-47
-246
-361
-420
-436
-372
-244
-112
-4
98
164
166
125
67
9
-56
-104
-135
-158
-181
-199
-232
-273
-303
-323
-334
-313
-233
-130
0
125
240
314
354
383
396
385
378
396
403
406
399
382
325
237
124
-27
-193
-345
-459
-539
-561
-524
-441
-319
-150
27
158
269
341
361
319
244
151
24
-94
-182
-239
-284
-290
-274
-255
-219
-176
-144
-123
-89
-55
-13
37
95
144
190
231
251
250
241
224
189
150
93
22
-55
-112
-163
-197
-209
-203
-170
-118
-40
46
147
257
373
460
516
514
455
340
181
-4
-192
-357
-481
-525
-512
-454
-378
-290
-235
-213
-208
-219
-244
-239
-169
-58
84
238
375
444
436
352
188
-48
-291
-473
-588
-612
-522
-349
-148
57
244
366
411
411
385
355
336
369
441
528
598
632
607
481
291
52
-196
-412
-549
-581
-512
-374
-200
-9
131
191
189
127
13
-100
-169
-191
-162
-92
11
77
82
41
-54
-207
-364
-479
-531
-508
-401
-225
-43
123
244
307
278
177
52
-71
-167
-208
-180
-106
-23
68
124
120
50
-54
-161
-263
-296
-241
-93
115
380
646
856
984
997
887
673
406
128
-106
-274
-347
-333
-256
-143
-48
-1
-28
-132
-297
-479
-634
-739
-741
-642
-450
-193
83
334
516
596
564
432
206
-55
-303
-496
-600
-592
-466
-265
-24
213
407
508
506
415
238
20
-188
-349
-444
-460
-386
-261
-107
38
153
211
212
177
114
56
23
44
105
213
352
488
604
670
680
616
495
331
140
-52
-230
-371
-472
-522
-522
-480
-417
-333
-242
-169
-110
-75
-66
-79
-102
-137
-167
-187
-189
-168
-128
-73
-7
56
101
127
124
90
37
-29
-85
-119
-115
-65
28
149
285
411
490
518
472
352
178
-34
-244
-430
-552
-592
-543
-413
-220
8
228
409
535
585
566
502
408
323
257
229
236
257
269
251
180
36
-153
-380
-615
-812
-939
-978
-920
-765
-547
-300
-63
135
265
317
311
263
193
136
107
112
136
166
180
156
79
-34
-169
-309
-407
-433
-385
-261
-66
154
366
529
633
653
587
479
348
212
106
49
24
19
24
22
-28
-103
-200
-308
-405
-448
-427
-349
-196
5
223
413
560
632
606
495
318
94
-145
-350
-506
-604
-636
-613
-560
-499
-442
-399
-378
-361
-332
-279
-187
-52
121
302
479
620
704
718
660
543
386
216
49
-88
-196
-264
-305
-320
-317
-304
-270
-212
-128
-15
126
280
430
559
643
668
624
523
373
191
17
-135
-248
-311
-321
-304
-262
-225
-210
-225
-276
-345
-416
-471
-479
-430
-326
-167
20
207
362
459
478
416
277
88
-127
-324
-479
-566
-576
-512
-384
-214
-31
141
284
377
428
430
401
349
298
251
217
196
178
160
132
86
20
-58
-144
-224
-289
-324
-324
-286
-209
-100
26
163
294
400
475
509
502
447
361
243
110
-27
-155
-264
-347
-398
-419
-415
-390
-350
-311
-266
-227
-198
-171
-140
-112
-71
-21
34
93
152
206
245
268
274
257
214
159
88
7
-76
-142
-199
-224
-214
-173
-101
-13
84
162
216
231
209
152
76
3
-61
-92
-87
-56
-7
45
78
85
55
2
-69
-133
-174
-176
-134
-52
55
169
265
317
322
267
169
36
-95
-209
-287
-313
-292
-231
-151
-66
-4
22
13
-27
-88
-143
-170
-165
-123
-43
50
139
206
234
220
160
88
9
-52
-73
-50
2
78
151
194
199
152
68
-52
-163
-253
-293
-271
-190
-62
76
207
290
316
275
185
64
-66
-158
-208
-200
-139
-50
38
107
131
106
45
-37
-115
-164
-171
-129
-47
53
152
222
241
212
142
41
-59
-134
-178
-178
-136
-68
9
79
125
138
116
67
6
-51
-96
-112
-105
-81
-41
1
34
54
59
44
15
-19
-52
-78
-96
-104
-100
-88
-67
-38
-11
12
26
25
8
-18
-50
-83
-103
-107
-90
-58
-8
50
102
141
159
158
133
96
63
28
5
-1
6
23
43
69
84
83
80
57
19
-15
-51
-81
-96
-90
-72
-38
13
60
106
138
149
137
101
54
-5
-62
-108
-142
-160
-158
-147
-129
-107
-94
-86
-89
-98
-107
-117
-113
-94
-61
-13
38
91
121
141
128
93
47
-7
-55
-85
-87
-69
-31
18
63
95
113
112
103
86
77
81
94
116
141
157
156
139
98
45
-14
-68
-112
-142
-150
-149
-138
-119
-106
-90
-75
-59
-36
-1
43
96
153
196
222
226
193
138
62
-26
-111
-179
-228
-245
-238
-211
-173
-136
-103
-82
-62
-47
-27
-4
27
59
92
117
129
131
113
86
53
21
4
5
21
55
97
129
151
145
112
59
-16
-89
-154
-189
-195
-156
-94
-15
64
117
137
120
62
-27
-122
-209
-265
-279
-242
-167
-61
53
155
225
254
241
188
115
41
-25
-59
-61
-37
5
45
70
63
27
-37
-118
-195
-250
-268
-237
-162
-54
67
174
255
291
280
230
161
84
26
-9
-8
18
58
97
115
108
70
15
-54
-113
-149
-158
-135
-92
-41
7
36
34
6
-49
-115
-175
-220
-238
-219
-172
-105
-30
36
81
102
98
68
29
-5
-25
-21
7
55
109
155
182
178
145
89
8
-71
-139
-181
-187
-155
-93
-10
78
146
194
212
197
155
102
41
-5
-25
-22
5
47
95
133
149
143
109
53
-18
-92
-161
-210
-229
-236
-217
-187
-144
-101
-59
-25
-9
-1
-9
-26
-43
-58
-67
-70
-73
-71
-65
-58
-44
-25
-2
32
66
110
152
185
204
200
169
121
58
-11
-68
-109
-125
-114
-80
-35
16
54
69
64
39
5
-23
-34
-24
17
86
163
237
291
304
272
195
84
-47
-167
-254
-299
-291
-232
-139
-39
55
112
123
87
15
-86
-175
-242
-271
-251
-193
-112
-24
61
116
147
145
120
80
39
9
-14
-20
-17
-10
-9
-14
-28
-42
-57
-57
-44
-20
26
74
120
150
156
139
91
30
-36
-93
-128
-129
-103
-58
-1
50
82
91
67
24
-30
-77
-103
-101
-62
2
84
160
220
240
224
163
71
-35
-134
-212
-252
-244
-203
-132
-45
33
90
120
110
72
21
-35
-81
-102
-101
-66
-17
33
81
109
117
102
69
26
-13
-42
-54
-53
-42
-19
4
16
24
29
27
29
38
51
64
80
91
84
64
32
-12
-65
-109
-143
-167
-168
-146
-110
-67
-11
40
78
104
114
104
86
66
42
22
11
14
24
37
47
47
36
4
-33
-80
-131
-158
-163
-145
-97
-33
38
94
126
128
99
50
-11
-62
-103
-110
-83
-32
31
96
144
156
144
104
37
-26
-79
-115
-122
-105
-66
-18
28
54
65
42
6
-40
-89
-123
-139
-131
-106
-69
-29
13
42
60
69
71
67
70
75
70
75
72
59
42
13
-15
-46
-72
-83
-95
-86
-76
-56
-39
-16
4
24
46
61
76
81
79
61
47
24
6
-10
-19
-15
-6
10
24
37
33
18
-6
-38
-63
-78
-81
-74
-53
-25
2
26
41
39
29
14
-4
-18
-25
-24
-18
-12
-2
3
7
5
6
8
14
37
60
88
109
124
121
99
62
9
-45
-106
-143
-166
-165
-138
-95
-48
4
46
67
73
65
50
29
18
16
32
64
100
137
164
174
161
127
68
4
-65
-126
-168
-194
-190
-167
-134
-97
-59
-35
-24
-22
-35
-52
-65
-66
-56
-28
12
52
88
104
98
68
18
-35
-90
-125
-133
-106
-58
12
88
141
179
179
144
85
10
-67
-126
-157
-161
-131
-84
-30
20
55
68
58
35
2
-24
-34
-23
7
49
101
146
185
208
217
207
183
155
116
78
40
-2
-44
-80
-118
-147
-166
-173
-169
-151
-121
-95
-65
-39
-20
-4
8
15
11
10
6
3
1
1
0
-5
-10
-22
-34
-47
-59
-70
-74
-69
-54
-30
0
27
57
77
83
79
57
29
-3
-31
-56
-61
-57
-47
-27
-11
8
28
44
60
82
101
123
143
156
161
159
143
115
84
41
-2
-39
-74
-97
-103
-106
-98
-87
-79
-70
-66
-67
-75
-87
-94
-99
-94
-80
-57
-32
-3
23
44
55
59
48
30
10
-11
-18
-24
-18
-8
4
17
25
31
27
22
10
0
-5
-8
-1
10
22
35
38
31
11
-19
-53
-79
-90
-79
-49
2
63
120
173
197
201
179
133
77
17
-37
-73
-85
-77
-48
-13
16
32
28
1
-42
-93
-140
-166
-178
-158
-114
-59
0
52
86
94
86
52
11
-34
-66
-81
-79
-60
-29
5
34
55
68
69
67
64
56
48
38
26
4
-21
-51
-76
-100
-107
-100
-80
-46
-2
38
71
90
89
68
34
-3
-36
-49
-43
-13
31
87
137
175
193
183
151
101
41
-22
-69
-103
-116
-114
-98
-79
-63
-47
-39
-41
-44
-46
-50
-44
-30
-10
11
41
68
87
98
99
86
60
26
-11
-47
-79
-94
-100
-96
-79
-50
-25
4
30
41
47
41
28
6
-15
-35
-47
-52
-45
-33
-14
2
16
27
29
28
23
13
4
-2
-4
-10
-9
-8
-11
-7
-1
7
15
30
38
44
46
41
28
8
-14
-40
-63
-79
-84
-81
-64
-45
-14
13
35
58
67
71
69
63
48
35
24
12
4
4
6
4
6
1
-11
-28
-47
-65
-80
-82
-75
-54
-28
9
42
76
100
112
109
89
61
23
-13
-45
-71
-86
-91
-88
-71
-48
-23
3
23
33
39
39
27
16
6
-7
-7
4
25
53
83
99
102
85
53
5
-47
-93
-131
-153
-154
-139
-111
-67
-29
7
28
40
41
30
18
4
-6
-6
5
15
37
55
63
66
57
48
31
15
-4
-15
-15
-11
3
18
31
44
52
45
33
19
-3
-20
-36
-42
-35
-27
-17
-11
-6
-2
-1
-9
-18
-24
-26
-26
-24
-12
4
21
34
50
58
64
62
43
15
-16
-49
-83
-104
-110
-96
-70
-40
-1
32
57
70
69
56
39
24
8
-7
-7
-9
-7
-4
-3
-3
-5
-7
-10
-8
0
16
34
46
58
61
52
32
7
-23
-53
-77
-93
-95
-82
-59
-32
-6
13
22
24
15
3
-10
-25
-32
-37
-34
-27
-23
-17
-18
-20
-22
-20
-15
-8
3
12
19
20
17
10
1
-7
-7
-3
9
32
53
79
100
113
111
99
73
39
5
-24
-42
-56
-56
-48
-35
-21
-6
6
16
21
17
17
11
11
15
18
25
37
46
49
46
38
23
-3
-30
-57
-78
-91
-93
-86
-66
-33
-2
24
38
49
41
26
3
-16
-31
-38
-43
-39
-27
-13
-9
-10
-10
-12
-10
-14
-7
3
20
33
44
51
58
58
49
37
37
39
33
26
17
1
-16
-38
-66
-86
-94
-93
-83
-57
-26
10
40
60
66
60
41
17
-8
-25
-31
-28
-8
15
35
54
64
62
47
21
-13
-43
-67
-87
-96
-89
-73
-51
-28
-4
16
34
41
38
35
32
28
24
20
15
14
8
-3
-8
-14
-18
-23
-26
-22
-13
-10
-5
1
9
21
22
23
16
9
-6
-20
-31
-35
-30
-31
-25
-16
-3
6
11
11
10
12
9
2
5
4
13
23
29
37
38
31
23
9
-1
-14
-19
-25
-20
-10
0
12
17
17
10
5
2
-2
-6
4
17
32
50
51
43
28
6
-16
-36
-49
-55
-48
-38
-22
-5
7
14
13
2
0
-7
-11
-15
-17
-13
-10
0
4
11
21
31
38
41
45
47
48
45
37
23
11
1
-13
-21
-24
-23
-20
-12
-4
2
10
8
-6
-22
-34
-46
-56
-64
-66
-56
-42
-20
-2
21
39
52
55
45
38
19
2
-19
-32
-36
-38
-31
-28
-23
-19
-17
-24
-31
-34
-41
-42
-43
-34
-23
-7
8
22
38
50
53
44
37
27
21
12
9
9
16
25
28
33
40
41
29
16
1
-14
-25
-34
-38
-28
-6
12
26
49
58
64
54
29
9
-22
-46
-61
-66
-57
-35
-17
1
14
27
28
20
10
-6
-12
-12
-8
0
6
10
12
6
-6
-28
-54
-74
-84
-82
-64
-41
-3
39
68
91
98
90
71
40
4
-24
-38
-41
-38
-22
0
24
40
52
52
41
24
1
-17
-35
-44
-42
-42
-33
-25
-14
-2
7
13
18
18
18
13
12
11
6
2
-1
3
1
-1
-13
-13
-2
8
19
21
28
33
30
16
-5
-23
-36
-40
-37
-23
-6
19
34
37
38
25
7
-18
-38
-54
-59
-57
-50
-33
-12
5
16
16
15
6
-9
-22
-37
-45
-52
-53
-44
-32
-17
4
17
19
22
23
24
22
14
8
14
21
20
17
14
10
5
-7
-16
-16
-2
11
27
40
45
46
34
20
3
-11
-26
-31
-26
-13
5
18
23
29
29
21
3
-9
-21
-33
-43
-46
-39
-31
-13
6
22
32
36
41
38
26
17
3
-4
-7
-13
-17
-20
-18
-10
-5
1
5
10
11
4
1
-6
-4
9
20
30
36
34
32
19
4
-6
-18
-33
-41
-32
-18
-1
11
26
42
52
47
34
22
12
9
0
-7
-5
1
9
20
26
26
24
21
4
-16
-35
-52
-58
-59
-62
-63
-51
-28
-13
1
17
28
42
37
28
14
0
-9
-20
-23
-22
-11
3
6
8
7
7
2
-4
-6
-13
-14
-11
-9
-10
-9
-13
-12
-16
-19
-19
-31
-31
-31
-23
-20
-17
-12
-7
4
0
2
9
18
23
31
39
52
60
59
61
66
57
40
26
8
-7
-21
-37
-46
-49
-45
-41
-42
-38
-36
-27
-17
-14
-3
6
18
18
15
16
23
23
14
13
15
12
6
5
-5
-8
-21
-36
-47
-55
-62
-68
-66
-53
-33
-13
1
12
26
25
17
10
5
5
2
0
1
9
19
26
30
36
46
55
60
60
61
53
45
32
19
-4
-24
-37
-40
-40
-47
-49
-35
-19
-6
5
13
19
16
12
8
10
10
10
16
29
36
35
25
17
11
10
-1
-10
-10
-3
0
1
2
6
11
5
-8
-22
-22
-24
-25
-28
-25
-7
1
-1
-1
2
1
-3
-4
-9
-7
-2
2
5
2
11
10
-2
-15
-20
-21
-26
-28
-22
0
16
32
38
39
41
27
3
-22
-44
-59
-52
-39
-23
1
30
49