-10
-6
-1
1
5
8
4
-3
-10
-12
-10
-5
-3
-1
2
4
4
0
-4
-8
-10
-13
-14
-11
-6
-1
2
7
7
5
0
-3
-5
-6
-5
1
9
13
16
23
29
27
23
17
14
14
8
5
4
5
6
7
7
10
10
10
6
6
10
9
9
8
5
1
1
-2
-6
-14
-17
-15
-10
-8
-6
0
9
21
22
22
21
18
9
-1
-7
-8
-11
-16
-23
-23
-23
-20
-15
-16
-6
0
6
4
-7
-13
-4
4
4
3
9
24
22
11
-1
-1
5
6
0
3
18
28
25
14
11
5
7
5
0
-8
-4
4
13
17
14
17
21
15
3
0
-6
-9
-9
-7
-7
-3
10
16
18
12
11
11
18
20
15
2
-1
3
-7
-17
-21
-14
-18
-17
-26
-28
-17
-4
6
8
6
13
10
-10
-35
-54
-53
-53
-47
-44
-36
-13
10
15
12
2
-16
-26
-31
-24
-15
-7
0
14
23
32
34
17
0
-21
-21
-16
-15
-10
-2
0
12
23
17
6
-8
-15
-28
-27
-31
-22
0
18
20
19
21
22
7
-23
-36
-37
-21
-17
-10
-7
-1
8
3
-10
-17
-11
-4
11
22
34
39
40
35
23
25
34
32
13
2
9
10
4
0
1
16
32
48
50
44
34
16
3
-1
8
25
37
58
76
71
49
13
-29
-69
-90
-89
-66
-44
-33
-24
-6
27
46
44
30
15
-1
-21
-45
-69
-79
-93
-98
-96
-88
-84
-83
-86
-83
-79
-72
-64
-47
-27
-10
26
67
102
116
131
158
167
160
165
177
173
152
132
120
114
90
51
19
-19
-55
-94
-139
-183
-214
-237
-258
-268
-241
-185
-130
-63
7
62
95
112
108
74
23
-30
-65
-119
-171
-188
-177
-168
-166
-138
-64
34
117
217
347
465
545
569
538
486
418
302
156
11
-112
-185
-225
-262
-287
-262
-187
-122
-94
-74
-61
-66
-103
-174
-250
-312
-366
-417
-456
-468
-445
-386
-306
-199
-69
69
210
327
411
450
460
465
470
439
383
350
363
398
402
386
374
363
296
196
114
46
-9
-55
-77
-74
-57
-60
-109
-179
-268
-405
-591
-780
-927
-1011
-1027
-947
-754
-483
-162
176
487
705
811
846
799
656
443
204
-30
-244
-430
-574
-658
-666
-579
-402
-177
67
340
632
907
1127
1266
1329
1329
1246
1080
842
591
356
96
-177
-423
-605
-749
-899
-1040
-1141
-1202
-1234
-1243
-1208
-1122
-1001
-827
-609
-381
-148
51
172
226
258
266
239
180
101
48
38
41
17
-21
-41
-33
-18
-11
11
77
169
255
308
353
426
496
547
576
600
663
749
792
805
817
814
772
693
596
461
281
117
-9
-114
-212
-289
-359
-459
-597
-749
-882
-988
-1060
-1071
-977
-784
-551
-320
-126
20
95
65
-37
-166
-296
-404
-415
-323
-210
-114
-25
54
112
120
61
-11
-54
-48
24
167
321
475
656
821
911
916
878
808
708
565
415
282
162
50
-50
-115
-174
-248
-321
-381
-414
-430
-425
-372
-274
-158
-42
61
124
122
72
-16
-142
-305
-464
-564
-580
-516
-399
-236
-28
208
416
539
565
522
440
303
131
-30
-173
-293
-361
-350
-278
-180
-59
69
182
251
263
203
59
-147
-365
-558
-725
-861
-912
-842
-675
-439
-153
199
591
968
1298
1519
1598
1546
1386
1123
771
380
14
-281
-482
-598
-648
-637
-547
-426
-321
-199
-42
128
259
347
385
355
252
94
-95
-300
-503
-665
-731
-729
-673
-566
-436
-341
-316
-405
-649
-999
-1424
-1941
-2481
-2902
-3138
-3192
-3013
-2537
-1823
-952
27
1080
2149
3134
3980
4664
5151
5390
5352
5071
4591
3898
3038
2118
1216
381
-355
-928
-1283
-1444
-1472
-1407
-1253
-1041
-834
-691
-651
-694
-808
-1001
-1283
-1651
-2013
-2264
-2369
-2344
-2171
-1811
-1293
-725
-199
199
396
370
108
-450
-1315
-2327
-3271
-4075
-4699
-5006
-4856
-4231
-3192
-1825
-240
1471
3200
4832
6273
7436
8279
8773
8869
8553
7862
6818
5468
3879
2148
444
-1053
-2241
-3114
-3623
-3708
-3378
-2765
-2055
-1347
-706
-234
-60
-254
-770
-1527
-2430
-3368
-4210
-4816
-5073
-4904
-4291
-3334
-2164
-874
400
1451
2141
2404
2168
1426
288
-1116
-2689
-4268
-5615
-6553
-7014
-6928
-6244
-4985
-3219
-968
1643
4396
7192
9929
12325
14107
15174
15404
14765
13245
10834
7766
4454
1141
-2047
-4728
-6612
-7715
-8020
-7490
-6266
-4657
-2865
-1095
378
1310
1567
1159
176
-1270
-3056
-4984
-6679
-7880
-8541
-8598
-7970
-6647
-4810
-2765
-742
1114
2509
3249
3366
2878
1641
-174
-2220
-4256
-6107
-7644
-8637
-8768
-7824
-6001
-3264
436
4740
9247
13679
17650
20592
22249
22443
21122
18429
14473
9612
4557
-300
-4805
-8547
-11059
-12256
-12314
-11262
-9260
-6611
-3718
-1027
1088
2403
2929
2633
1339
-926
-3600
-6019
-8219
-10215
-11574
-11877
-11083
-9550
-7527
-5235
-2561
107
1964
3194
4203
4297
2958
1389
-208
-2545
-4782
-6076
-7120
-7678
-6478
-3877
-757
3243
8255
13328
17949
21837
24548
25614
24828
22535
19032
14240
8564
3162
-1854
-6591
-10220
-12446
-13612
-13554
-12226
-10321
-7918
-5190
-3074
-1607
-349
60
-869
-2372
-4094
-6119
-7848
-9370
-10992
-11816
-11205
-10151
-9190
-7612
-5460
-3349
-1527
-19
990
1601
1669
941
-300
-1486
-2663
-3867
-4541
-4422
-3408
-1279
1720
5153
9368
14406
18793
21917
24718
26564
26123
24181
21546
17215
11615
6646
1723
-4020
-8594
-10932
-12800
-14370
-14061
-12523
-10758
-8596
-6639
-5316
-3767
-2333
-2723
-3995
-4532
-5471
-7311
-8464
-9216
-10410
-10497
-9207
-8405
-7753
-5986
-4104
-2826
-1387
-266
-324
-361
-255
-1415
-2872
-3151
-3516
-4199
-3254
-1133
682
3478
7826
12023
15996
20176
23347
25359
26884
26737
24648
21962
18009
12268
6861
2349
-3194
-8664
-11438
-12858
-14675
-15077
-13249
-11578
-10347
-8234
-6248
-5378
-4743
-4297
-4927
-6007
-6877
-8001
-9276
-10080
-10568
-10644
-9709
-8117
-6954
-5832
-3831
-1899
-1107
-868
-213
-295
-1564
-2504
-2935
-3827
-4577
-4034
-2674
-1068
1286
4734
8982
13348
17243
20785
24171
26642
27449
26823
25354
22659
18357
13152
7968
2734
-2842
-7575
-10325
-12201
-13849
-13788
-12128
-10821
-9720
-7756
-6211
-5749
-5305
-5008
-5860
-6785
-7304
-8510
-9796
-10093
-10176
-10238
-9052
-7604
-6905
-5340
-3040
-2641
-3155
-2222
-1816
-3610
-4913
-5095
-6286
-7427
-6474
-5219
-4532
-2059
2303
6347
10182
14997
19539
22805
25645
28079
28457
26964
25067
22440
18084
12558
7350
2601
-2453
-6953
-9637
-11214
-12434
-12164
-10933
-9967
-8480
-6535
-5750
-5659
-5162
-5546
-6649
-7291
-8606
-10383
-10431
-10074
-11156
-10874
-8692
-7858
-7735
-5658
-3855
-4470
-4373
-3042
-3593
-5203
-5252
-5606
-7313
-7639
-6344
-5690
-4708
-1498
2778
7036
11669
16754
21636
25688
28604
30655
31681
30488
27742
24777
20699
14886
9038
4050
-1561
-6774
-9489
-11327
-13579
-14159
-12633
-11596
-10765
-8975
-7746
-7626
-7323
-7320
-8417
-9495
-10419
-11525
-11582
-11083
-11448
-10737
-8533
-7694
-7484
-5401
-3974
-4823
-4451
-3146
-4043
-5177
-4751
-5488
-7143
-6755
-5673
-5728
-4454
-960
2712
6990
12213
17327
22216
26403
28979
30751
32446
31557
28389
26018
22710
16075
9670
5436
-298
-6922
-10024
-11653
-14875
-16467
-14566
-13357
-13232
-11183
-9200
-9198
-8568
-7829
-9419
-10500
-10170
-11518
-12589
-11177
-10918
-11442
-8847
-6990
-8289
-6767
-3193
-4116
-5981
-3767
-2453
-4317
-4768
-4295
-5800
-6079
-4730
-4947
-5067
-2109
1646
4923
9452
14901
19878
24091
27507
30269
32362
31959
29912
28572
25598
18711
12559
8934
3082
-4461
-8255
-10255
-14046
-15911
-14690
-14048
-14071
-12134
-10164
-9760
-8932
-8012
-8986
-9848
-9142
-9698
-11015
-10270
-9568
-10204
-9068
-6961
-7223
-7006
-4368
-3854
-5176
-3554
-1755
-3475
-4172
-2494
-3392
-5492
-4678
-3984
-5375
-4497
-1055
1512
4628
9943
15255
20082
24878
27956
29946
32201
31873
28325
25823
22518
14790
8248
5083
-1684
-9961
-11647
-12011
-16582
-17802
-14284
-13777
-14423
-11221
-8992
-9551
-8651
-7480
-8555
-8624
-7952
-9401
-10061
-8633
-9102
-9862
-7351
-6068
-7262
-5201
-2079
-3279
-3558
-74
-169
-3089
-1941
-544
-3586
-5084
-3437
-4256
-5533
-3011
16
1883
6065
11857
16762
21487
25645
27990
30489
32549
30358
26675
25029
20450
11931
6533
2993
-4826
-11721
-12132
-13567
-18158
-17932
-14238
-14320
-14384
-10571
-8747
-9885
-8342
-6169
-7461
-8358
-7356
-8014
-9157
-8725
-8917
-9153
-7663
-7084
-7316
-4983
-2952
-3949
-3447
-969
-1531
-3488
-2544
-2320
-4673
-5014
-3638
-4435
-4754
-2001
648
2877
6813
11390
15793
21405
25852
27683
30216
32573
30680
27553
26022
20739
12189
7667
4048
-4992
-12055
-12132
-14115
-19457
-18800
-14976
-16003
-15774
-10539
-8781
-10488
-7671
-4583
-6358
-7090
-5326
-6680
-8714
-7582
-7829
-9597
-8558
-7378
-7975
-5933
-3324
-4229
-3838
-598
-933
-3242
-2149
-1863
-4666
-4778
-3041
-4726
-5405
-1553
1290
2114
6137
11706
15959
21123
25737
27390
29437
32349
31222
27476
25420
21189
13272
8130
4406
-4300
-11824
-12339
-14092
-19599
-19780
-16218
-16808
-16599
-11510
-9441
-10709
-7795
-4211
-5416
-6188
-4516
-5464
-7067
-6356
-7002
-9070
-8178
-6974
-7868
-6770
-4252
-4382
-4122
-1640
-1471
-3183
-2351
-1700
-4055
-4917
-3315
-3781
-4488
-1718
1331
2703
6192
11785
16058
20106
24214
26767
28822
31160
29573
25770
24446
21127
12597
6819
4434
-3250
-11830
-12370
-13124
-19323
-20172
-15444
-16072
-17360
-11851
-8399
-10258
-7787
-2906
-3776
-5064
-2681
-2885
-5423
-4823
-4926
-7795
-7812
-6221
-7835
-8278
-5080
-4534
-5849
-3503
-1576
-3358
-3278
-1442
-3369
-5297
-3302
-2792
-4562
-2827
738
2204
5245
10736
14380
18056
23199
25748
26555
29238
28957
24670
22966
20893
12536
5798
4377
-1880
-11523
-12967
-12291
-18015
-20027
-14961
-14667
-16787
-11518
-6837
-8929
-7620
-2447
-3172
-5427
-2865
-2969
-6599
-6029
-5016
-8237
-9173
-6995
-8147
-9070
-5786
-5102
-6905
-4090
-1039
-3080
-3269
-493
-1741
-3804
-1424
-587
-3105
-1332
3048
4110
6118
11627
15828
19335
24074
26513
27256
29977
29960
25689
23468
21156
13024
6452
4776
-2157
-12205
-13203
-12454
-19037
-21446
-15505
-15004
-17861
-12265
-6764
-9469
-8781
-2882
-3520
-6729
-4324
-3673
-7397
-7355
-6023
-9191
-10225
-7856
-9148
-10499
-7165
-6321
-8478
-5440
-1945
-4163
-4359
-492
-1281
-3826
-1172
162
-2185
1
4645
5286
7277
13607
17865
20874
25501
27934
28141
30782
30620
25645
23146
21012
12475
5848
4604
-2714
-13177
-13361
-12288
-19755
-22098
-15500
-15513
-18725
-12567
-7269
-10700
-9379
-2588
-3821
-7186
-3960
-3123
-7296
-6982
-5928
-9635
-10309
-7545
-9523
-11014
-6777
-5870
-8412
-4849
-823
-3549
-3776
621
-280
-3335
-595
825
-1605
643
5318
5619
7652
14180
17914
20212
24766
26751
26167
28490
28539
23362
20537
18660
10919
4926
3773
-3422
-12960
-12511
-11653
-19016
-20776
-14393
-15011
-17641
-11119
-6677
-10516
-8373
-1558
-3341
-6647
-3158
-2675
-7119
-6597
-5278
-9410
-10422
-7245
-8523
-10368
-6398
-4987
-7129
-3858
132
-2320
-2714
1343
712
-2105
237
1554
-517
1554
5911
5997
7502
13415
17190
19056
22200
23940
24187
26219
25240
20922
18852
16394
9181
4454
2848
-5095
-13432
-12084
-12521
-20038
-20529
-14128
-15546
-17226
-10169
-6394
-9906
-6310
-124
-2633
-5216
-1495
-2139
-6516
-5715
-5641
-9750
-10053
-7628
-9698
-10032
-6389
-6236
-7200
-2675
-632
-3197
-1216
2399
-366
-1714
2343
2357
-362
3086
7112
6636
8562
14245
17292
19114
21683
23086
24029
25135
22481
19129
18376
13800
6131
3887
1969
-7888
-13428
-10429
-13206
-20362
-16797
-11427
-15451
-15210
-6601
-5554
-9535
-4699
-120
-3765
-4849
-1458
-3774
-6519
-4966
-6570
-10046
-8357
-7715
-10888
-9221
-5796
-7904
-7649
-1939
-1716
-4303
-909
1797
-1719
-1286
2367
760
-866
3822
6461
5528
9303
15072
17739
19788
22946
24280
25741
25951
22735
19984
18495
11778
4908
3817
-877
-11720
-14240
-11029
-16569
-21672
-15394
-12080
-16540
-13072
-4834
-6618
-8993
-2482
-346
-4896
-3924
-1094
-4418
-6128
-4448
-6771
-9171
-7221
-7862
-10380
-7740
-5704
-7952
-5888
-965
-2269
-3733
567
1323
-2386
-880
2033
-608
-979
3826
5525
5306
10219
15810
18435
20779
23831
25333
27197
26302
22576
20438
17803
9875
4285
3373
-4055
-14247
-13528
-11456
-18777
-21145
-13104
-12177
-16084
-10019
-3256
-7178
-7624
-774
-1278
-6113
-3861
-2069
-6159
-6647
-5276
-8059
-8918
-6442
-8322
-9845
-5913
-5121
-7765
-4101
-229
-3137
-3370
1481
183
-3245
-114
2057
-1308
-52
5116
5418
5667
11406
16136
17088
19281
22474
23907
24215
22880
20713
18940
14391
7964
5042
1982
-7340
-13136
-10777
-13043
-19995
-17422
-10871
-13324
-13936
-5775
-2864
-6980
-3914
1134
-1883
-4742
-1870
-2762
-6034
-5549
-5897
-8837
-7946
-6891
-9532
-8822
-5221
-6301
-6740
-1836
-703
-3432
-921
2615
-544
-1697
1815
1595
-926
2293
5281
4474
6335
12265
15157
15346
17850
21331
22769
21477
19958
19380
17049
10563
5995
4362
-2001
-10942
-11718
-10824
-16934
-19714
-13279
-11443
-14257
-9637
-2939
-4815
-5228
54
254
-3741
-2461
-1341
-4827
-5654
-4891
-7457
-8493
-6636
-8278
-9523
-6099
-5326
-7493
-4093
-520
-3093
-3151
1773
1186
-1801
805
3295
903
1935
5961
6511
6515
11074
15231
15841
17031
19759
21777
21248
19566
18371
16941
11450
5998
4148
47
-8996
-12602
-10609
-14132
-19439
-15701
-11063
-13184
-11833
-4986
-3989
-5973
-2145
615
-2423
-3211
-1376
-3253
-5142
-4459
-6056
-8176
-7108
-7315
-8999
-7250
-5205
-6758
-5336
-1364
-1846
-3405
24
1499
-877
-185
2632
1588
1454
4907
6698
6602
9659
14530
16265
16851
19074
21702
21699
19737
18401
17115
12030
6297
3855
746
-7805
-12821
-11412
-13392
-19128
-17682
-12586
-13556
-13645
-7700
-4876
-6763
-3925
114
-1360
-2838
-904
-1596
-3669
-3487
-4627
-7127
-6837
-6669
-8352
-7243
-4820
-5855
-4970
-683
-294
-2283
436
2855
258
-137
2566
2073
1055
3803
5944
5930
8529
13466
15758
16365
18604
21426
21904
20214
18551
17084
12946
7309
4086
1106
-6443
-12199
-11405
-12822
-18576
-18507
-13256
-13536
-14612
-9458
-5541
-7168
-5019
-417
-1079
-3097
-865
-362
-2624
-3469
-3868
-5808
-6051
-6164
-7976
-7299
-4579
-5210
-5267
-1304
-127
-2021
-61
2684
192
-886
2130
2114
-204
2307
5452
5406
6711
11825
15150
15562
17362
20375
21663
19840
17984
17073
13938
7733
4058
2216
-4315
-11596
-11373
-11019
-16909
-19132
-13458
-12288
-15019
-11416
-5612
-6743
-6602
-1695
-413
-2853
-1557
53
-1772
-3221
-3607
-4931
-5571
-5922
-7605
-7164
-4458
-4712
-5392
-1667
498
-1460
-484
2864
1208
-897
1477
2681
-128
1229
5135
5774
5729
10484
15059
15625
16409
19591
21621
19882
17758
17014
14690
8317
4049
2756
-2590
-10950
-12036
-10509
-15398
-19373
-14819
-12174
-14861
-12794
-6944
-6847
-7593
-3186
-391
-2575
-2413
-166
-1005
-2869
-3307
-4519
-5444
-5757
-7113
-7246
-4814
-4527
-5700
-2385
665
-1064
-1314
2675
2372
-403
937
3335
1380
1298
4810
6511
6467
9821
14864
16209
16510
19103
21975
20875
18061
17204
16134
10130
4540
3181
-407
-9134
-12348
-10377
-13659
-19033
-16190
-12179
-14704
-14485
-8402
-7000
-8903
-5397
-1233
-2763
-3574
-1165
-1168
-2790
-3326
-4412
-5640
-5353
-6485
-7334
-5106
-3840
-5608
-3321
869
-139
-1840
1836
3146
-104
158
3152
1844
445
3892
6207
6071
8534
13606
15687
16218
18224
21122
21080
18897
17262
16251
11643
5783
3085
54
-7664
-12702
-11632
-13516
-19048
-18099
-13342
-14469
-15513
-10166
-6673
-8505
-6473
-1832
-1977
-3752
-1711
-672
-2531
-3757
-3790
-4673
-5300
-5914
-6095
-4564
-3237
-4222
-2707
1098
1048
-957
1616
3699
989
53
2907
2575
544
2914
6305
6332
7467
12633
16049
15702
17020
20985
21525
18400
17337
17559
12457
6089
4171
1575
-7010
-12490
-11416
-13341
-19010
-18503
-14042
-14848
-15608
-10745
-7363
-8622
-6873
-2813
-2335
-3697
-2530
-1673
-2386
-3480
-4459
-5045
-4629
-5656
-6501
-4401
-2680
-4126
-2813
1432
1435
-929
1637
4126
1367
-79
2663
2822
853
2731
5944
6566
7573
12355
15915
15947
16712
20475
21776
18919
17026
17479
13666
6827
3967
2303
-5438
-12345
-11678
-12211
-17937
-19165
-14353
-13811
-15497
-11654
-7473
-8575
-7713
-3654
-2764
-4499
-3630
-2304
-2698
-4049
-5185
-5453
-4784
-5827
-7033
-5138
-3094
-4258
-3393
804
1437
-659
1513
4416
2090
354
2949
3859
1928
3245
6533
7737
8734
12782
16246
16663
17148
20146
21827
19270
16869
16804
13762
7178
3668
1584
-5488
-12416
-12506
-13028
-18462
-20147
-15800
-14732
-16146
-13125
-8875
-8758
-7908
-4698
-3298
-4127
-3446
-2454
-2748
-3978
-5262
-5511
-4671
-5722
-7250
-5111
-2432
-3357
-2864
1098
2410
945
2572
4693
2943
1676
3447
3953
2565
3523
6482
8217
9278
12634
16241
17183
17478
20171
21866
19317
16663
16896
13838
7074
3571
1864
-5197
-12203
-12197
-13115
-18778
-20168
-16171
-16093
-17247
-13751
-10002
-10255
-8503
-5320
-4549
-4563
-3082
-3019
-3755
-3612
-4743
-5803
-4729
-4723
-6470
-4536
-1153
-1949
-1999
2185
3729
1668
3047
4952
2906
1704
3592
3192
1765
4011
6630
7405
9335
13568
16073
17003
18424
20581
20881
19097
17212
16240
12570
6900
3733
1386
-5406
-11651
-11905
-13089
-18289
-19918
-16700
-16742
-17775
-14459
-11171
-11666
-9989
-6053
-4944
-5463
-3835
-3033
-3502
-3535
-4180
-5384
-4428
-3927
-5076
-3768
-553
-817
-714
3016
4369
2219
3072
4847
2815
1178
2405
2183
885
3014
5675
6362
8245
13105
15956
16753
18290
20827
21095
19534
17958
16600
12749
7876
4734
1603
-5135
-10529
-11115
-13233
-18230
-19395
-16586
-17091
-17906
-14613
-11420
-11887
-9981
-6096
-5069
-5479
-3805
-2986
-3740
-3819
-4136
-5146
-4763
-4188
-4330
-3136
-802
-533
475
3417
4192
2491
3301
4368
2354
722
1497
1190
254
1993
4546
5608
7748
12472
15816
16878
18526
21358
22024
20469
18900
17743
13532
8250
5510
2306
-5152
-10561
-10853
-13200
-18650
-19382
-16680
-17555
-18331
-14607
-11775
-12100
-9974
-6206
-5237
-5419
-3912
-3159
-3703
-4090
-4581
-5059
-4491
-4560
-4677
-2925
-984
-865
448
3043
3345
2159
3079
3317
1332
456
1027
31
-312
1980
4098
5184
8058
12850
15871
17464
19663
22258
22848
21348
20175
18871
14038
8525
6202
3073
-5022
-10462
-10383
-12794
-18576
-18877
-16247
-17880
-18250
-13729
-11621
-12633
-9438
-5465
-5662
-5592
-3319
-3263
-4273
-3997
-4312
-5118
-4390
-4256
-4446
-2574
-658
-1225
174
2812
2452
928
2627
2687
173
-182
1113
-302
-648
2397
4476
5076
8363
13550
15877
17265
19778
22428
22165
20830
19557
18014
13079
7945
5396
2127
-5542
-10664
-10639
-13117
-18447
-18847
-16203
-17589
-18113
-13783
-11193
-12226
-9718
-5443
-5074
-5747
-3974
-3143
-4255
-4669
-4741
-5435
-5048
-4793
-4515
-2939
-1065
-1011
686
3247
3109
2156
4021
4098
1524
1045
2222
740
-44
2367
4313
4850
8010
13163
15607
16634
19519
22635
22276
20493
19636
17942
12757
8033
5522
1402
-5993
-9929
-10243
-13324
-17822
-17314
-15318
-16781
-16524
-12510
-10760
-11403
-8777
-5414
-5342
-5547
-4092
-3761
-4596
-4880
-5391
-5834
-5299
-5208
-5174
-3308
-1491
-1511
133
2743
2642
1903
3632
3506
1083
800
1743
-88
-611
1777
3510
4013
7554
12611
14857
16182
19137
22106
21729
20207
19224
17436
12518
7988
5412
1066
-6038
-9545
-9743
-13104
-17155
-16176
-14098
-15846
-15271
-11102
-9857
-10699
-7781
-4783
-5361
-5438
-3555
-3674
-5111
-4993
-5079
-5730
-5543
-5116
-4900
-3131
-1333
-1089
343
2744
2883
2132
3484
3417
1371
893
1566
131
-271
1929
3525
4278
7731
12452
14411
15756
18779
21498
20584
19181
18786
16667
10989
7245
5179
-23
-7381
-9657
-9883
-14022
-17501
-15537
-14030
-15784
-14584
-10415
-9702
-10341
-7323
-4628
-5567
-5701
-3868
-4147
-5679
-5714
-5334
-5803
-5795
-5362
-4154
-2295
-939
-417
1655
3576
3370
3151
4412
3543
1569
1656
1862
11
-31
2256
3636
4347
7827
12259
14139
15597
18731
21186
20186
19001
18931
16641
10836
7289
5311
-11
-7166
-9183
-9732
-13844
-16856
-14723
-13714
-15368
-13691
-9889
-9556
-9975
-7198
-5151
-6038
-6109
-5109
-5574
-6555
-6600
-6836
-6869
-6127
-5647
-4453
-1866
-347
153
2451
4541
4117
3796
4882
3584
1627
1737
1664
-518
-147
2135
3344
4221
7856
11848
13807
15753
18571
20428
19772
19162
18315
15580
10469
7127
4750
-628
-7149
-8909
-9430
-13506
-16351
-13911
-12918
-14808
-13257
-9334
-9564
-10026
-7075
-5396
-6944
-6637
-5293
-6219
-7368
-6882
-6971
-7076
-6113
-5203
-3963
-1417
389
992
3296
5336
4813
4316
5448
4103
1817
1723
1750
-605
-542
1818
2792
3248
7195
11226
12510
14576
17917
19481
18630
18482
17929
14925
10025
7031
4592
-644
-6819
-8623
-9383
-13190
-15767
-13598
-12876
-14611
-12880
-8947
-9236
-9770
-6628
-4447
-6076
-6214
-4654
-5125
-6652
-6785
-6592
-6659
-6135
-5336
-3850
-1505
143
1212
3749
5597
5188
5155
6008
4571
2496
2233
1661
-453
-224
1754
2469
3244
7348
11186
12327
14044
17838
19355
17846
17367
17587
14096
8590
6234
4281
-1690
-7775
-8522
-9546
-13727
-15573
-13142
-13198
-14487
-12075
-8789
-9302
-8861
-5730
-4579
-5825
-5294
-4588
-5769
-6799
-6768
-7352
-7334
-6529
-6043
-4473
-1543
-157
716
3819
6049
5222
5409
6495
4687
2672
2841
1754
-755
174
2452
2559
3618
8323
11618
12554
14869
18008
18570
17445
17321
16459
12481
7909
5938
3478
-2477
-7544
-8192
-9497
-13416
-14679
-12633
-13009
-14070
-11669
-8666
-9500
-8976
-5844
-4834
-6284
-5622
-4777
-5979
-6915
-6763
-7227
-7369
-6731
-5929
-4400
-1857
-532
848
3923
5834
5338
5964
6809
5111
3348
3316
2146
-27
1045
2738
2817
4177
8937
11640
12409
14640
17890
17907
16926
16795
15852
11694
7977
6243
3383
-2516
-6843
-7445
-9424
-13119
-14218
-12403
-13150
-13975
-11554
-9008
-9787
-9001
-6153
-5376
-6535
-5910
-5301
-6192
-6970
-7138
-7740
-7454
-6734
-6218
-4839
-2222
-745
813
3759
5532
5250
6095
7027
5308
3697
3846
2579
691
1583
3337
3238
4731
9081
11774
12462
14598
17524
17997
16928
16563
15777
12272
8440
6239
3579
-2090
-6715
-7716
-9394
-13394
-14563
-12637
-13100
-14265
-11679
-8797
-9552
-8973
-5950
-5066
-6428
-5753
-4921
-6243
-7370
-7239
-7586
-7969
-7379
-6442
-4728
-2377
-852
982
4182
5926
5486
6208
7318
5705
3788
3621
2495
572
1227
2763
2801
4074
8186
11130
11849
13910
17153
17831
16592
16450
16167
12493
8056
6204
3706
-2451
-7444
-7985
-9798
-13949
-15026
-12545
-13249
-14268
-11337
-8332
-9444
-8552
-5337
-4732
-6167
-5315
-4591
-6121
-7283
-7299
-7771
-8167
-7466
-6665
-5024
-2461
-524
1132
4059
5948
6122
6874
7485
5941
4577
4429
2950
960
1800
3091
2968
4229
8233
10808
11840
14000
17089
17793
16851
16741
16293
12581
8237
6084
3255
-2836
-7604
-8402
-10436
-14382
-15037
-12730
-13367
-14045
-11166
-8196
-9025
-8331
-5345
-4688
-6068
-5445
-4902
-6490
-7768
-7735
-8160
-8597
-8030
-6890
-5034
-2578
-921
1168
4059
5732
5942
6941
7350
5906
4781
4571
3003
1199
1956
3004
2994
4191
7882
10540
11913
13942
16827
18001
17464
16927
16449
13228
8769
6130
3627
-2365
-7563
-8375
-9905
-14064
-15116
-12420
-12662
-13723
-10822
-7772
-8753
-8177
-5120
-4687
-6602
-5951
-5115
-6983
-8530
-8189
-8365
-8872
-8210
-6815
-5076
-2866
-1057
829
3441
5044
5131
5792
6639
5408
3941
3985
3162
1326
1919
3503
3538
4461
8233
11104
12057
14155
17164
18105
17346
17155
16535
13242
8846
6401
3941
-1604
-6907
-7895
-8962
-12825
-14499
-12068
-11779
-13111
-10949
-7694
-8296
-8219
-5336
-4362
-5999
-5719
-4871
-6345
-7831
-7886
-8136
-8760
-8329
-7336
-5939
-3758
-2052
-513
2125
4128
4149
4757
5899
4958
3607
3587
2987
1173
1670
3302
3365
3951
7388
10379
11301
12985
15890
17199
16420
16030
15717
13078
8674
6299
4452
-334
-5804
-6810
-7326
-10938
-13359
-11148
-10528
-12331
-10894
-7347
-7657
-8112
-5227
-3488
-5195
-5190
-3732
-4884
-6981
-7148
-7148
-8044
-8096
-7376
-6070
-4357
-2580
-997
1524
3267
3618
4346
5657
4652
3203
3183
3080
1157
1294
2851
3296
3524
6615
9853
10820
12141
15042
16862
15888
15283
15284
13329
8867
6178
4713
608
-4883
-6436
-6771
-10150
-12774
-11062
-10182
-11959
-10927
-7326
-7032
-7775
-5275
-3168
-4503
-5009
-3785
-4547
-6753
-7245
-7191
-7846
-8186
-7653
-6424
-4438
-2889
-1646
730
2798
2948
3415
4893
4148
2523
2703
3035
1372
1151
2779
3687
3850
6246
9400
10931
12000
14270
16301
16118
15135
14894
13790
9743
6270
4836
1901
-3814
-6547
-6565
-9056
-12469
-11473
-9784
-11317
-11076
-7467
-6256
-7284
-5377
-2991
-3928
-4954
-4044
-4591
-6523
-7249
-7528
-8033
-7990
-7668
-6927
-4786
-2733
-2007
-250
2299
3039
2727
3878
3992
2624
2344
3030
1815
1024
2592
3863
3814
5506
8798
10513
11444
13678
15861
15795
15107
15022
14166
10572
6896
5225
2986
-2453
-6286
-6520
-8093
-11715
-12024
-9830
-10635
-11251
-8147
-5755
-6796
-5770
-2981
-3129
-4707
-3936
-3869
-5912
-7112
-6950
-7564
-8068
-7527
-6626
-5054
-3038
-1869
-425
2072
3132
2757
3669
4451
3110
2214
2942
2392
1049
1972
3496
3585
4458
7678
10010
10633
12258
14892
15527
14359
13996
13805
10928
6809
4895
3229
-1524
-6167
-6681
-7653
-11168
-12419
-10143
-10402
-11386
-8900
-5752
-6385
-6039
-3258
-2236
-3748
-3666
-3046
-4484
-6071
-6347
-6755
-7476
-7271
-6542
-5232
-3500
-2148
-687
1718
3018
2925
3711
4924
3890
2718
3041
2936
1363
1527
2690
2988
3477
6046
8682
9667
10942
13126
14763
13981
13204
12983
11566
7657
4997
3727
237
-5032
-6823
-6983
-9976
-12701
-11192
-9962
-11082
-10031
-6570
-5744
-6048
-3859
-1978
-2962
-3550
-2785
-3485
-5465
-6279
-6306
-6803
-7041
-6562
-5265
-3403
-1907
-788
1377
3216
3296
3448
4753
4238
2625
2583
2932
1543
861
2184
3092
3346
5084
8091
9829
10484
12054
14178
14313
12861
12231
11989
9001
5318
3801
1944
-3158
-6972
-6997
-8629
-12425
-12724
-10111
-10739
-11354
-8099
-5245
-6065
-5169
-2160
-1782
-3379
-3005
-2563
-4283
-5748
-5714
-5962
-6644
-6448
-5399
-3850
-2330
-1357
176
2470
3390
3062
3871
4753
3410
2456
3085
2562
834
1552
3154
3039
3523
6520
9022
9425
10591
12918
14162
13123
12356
12332
11000
7210
4627
3461
-144
-5580
-7282
-7301
-10683
-13616
-11550
-9968
-11611
-10347
-6149
-5425
-6209
-3414
-1105
-2668
-3382
-2059
-2980
-5259
-5615
-5559
-6597
-6879
-6255
-5140
-3476
-2110
-1236
1170
3342
3121
3207
5030
4602
2433
2683
3329
1242
282
2300
2909
2288
4522
8049
9003
9612
12201
14245
13923
13042
12949
12299
9348
5721
3983
1866
-3191
-7130
-7129
-8565
-12499
-12734
-9690
-10320
-11310
-7771
-4805
-6175
-5223
-1669
-1765
-3869
-2772
-1949
-4223
-5556
-4975
-5602
-6589
-6122
-5154
-4253
-2857
-1568
-88
1893
2579
2493
3673
4363
2449
1817
2961
2102
61
1464
3133
2484
3275
6901
8813
8878
10852
13296
13651
12837
12808
12263
10432
7271
4848
3032
-280
-4906
-6637
-6871
-9900
-12498
-10616
-9170
-10923
-9808
-5703
-5218
-6163
-3183
-893
-2662
-3160
-1439
-2319
-4457
-4551
-4568
-5965
-6274
-5522
-4939
-4063
-2699
-1551
256
1836
2011
2474
3833
3375
1973
2569
2955
1214
856
2759
2949
2582
4813
7491
8163
9162
11465
12585
12660
12564
12250
11109
9168
6174
3877
1849
-1988
-5954
-6882
-7962
-11209
-12091
-9770
-9885
-10829
-7883
-4807
-5602
-4910
-1578
-1305
-3226
-2287
-1410
-3521
-4924
-4428
-5277
-6631
-6098
-5319
-4940
-3697
-2205
-1141
653
1943
2117
2733
3707
2913
2391
3122
2714
1305
2232
3711
3406
4068
6699
8414
9103
10966
12544
12828
12995
12941
11772
10180
7777
4743
2469
55
-4163
-7250
-7599
-9246
-12058
-11581
-9577
-10272
-10103
-6778
-5087
-5795
-4003
-1622
-2594
-3467
-1939
-2355
-4593
-4792
-4461
-5906
-6305
-5361
-5114
-4610
-2695
-1603
-806
1086
2195
2066
2883
3644
2733
2513
3126
2549
1704
2972
3967
3866
5031
7589
8970
9817
11556
12806
13088
12947
12537
11367
9581
6620
3894
1833
-1232
-5439
-7347
-8022
-10454
-12214
-10775
-10067
-10948
-9221
-6080
-5946
-5669
-2944
-1839
-3119
-2436
-1406
-3064
-4368
-3968
-4777
-6150
-5702
-5242
-5335
-4037
-2277
-1784
-319
1704
2144
2180
3645
3727
2663
2974
3428
2205
2115
3567
3863
3878
5879
7994
8910
10170
11687
12425
12841
12715
11714
10499
8634
5457
2831
975
-2674
-6628
-7648
-8497
-11289
-12056
-10107
-10153
-10634
-7983
-5498
-5905
-4779
-2143
-1988
-2841
-1723
-1614
-3461
-3906
-3679
-5011
-5771
-4924
-4919
-4647
-2935
-1780
-1381
559
2109
1918
2396
3679
3132
2432
3020
2832
1761
2503
3619
3366
4061
6396
7831
8352
9763
11107
11543
11611
11394
10342
9036
6766
4092
2020
-370
-4361
-6877
-7397
-9202
-11499
-10823
-9390
-9955
-9161
-6255
-5049
-4976
-2822
-1127
-1745
-1627
-661
-1685
-3192
-3080
-3627
-5098
-4989
-4308
-4645
-4021
-2113
-1360
-730
1039
2033
1999
2907
3419
2650
2608
3148
2443
1937
2937
3401
3375
4739
6494
7281
8213
9690
10346
10558
10706
10118
8938
7590
5114
2541
793
-1878
-5678
-7344
-7756
-9830
-11291
-9847
-8906
-9470
-7807
-4980
-4523
-4143
-1800
-831
-1636
-1176
-665
-2229
-3150
-2958
-3987
-5051
-4342
-4145
-4454
-3047
-1357
-1161
-189
1813
2286
2188
3226
3519
2628
2793
3182
2351
2081
3131
3423
3525
4958
6629
7451
8517
9689
10302
10641
10468
9515
8449
6844
3990
1786
224
-3001
-6553
-7312
-7928
-10290
-10967
-9173
-8992
-9197
-6860
-4732
-4948
-3715
-1293
-1156
-1900
-923
-870
-2359
-2872
-2971
-4138
-4507
-3996
-4333
-4097
-2350
-1467
-1373
346
1933
1809
2225
3564
3122
2331
2998
3123
1930
2093
3089
3079
3355
5014
6356
7148
8379
9448
9902
10175
9772
8728
7739
5897
3118
1236
-465
-3831
-6546
-6904
-8043
-10158
-9916
-8328
-8620
-8304
-5833
-4477
-4550
-2905
-1166
-1482
-1505
-581
-1235
-2386
-2314
-2781
-3960
-3795
-3533
-4077
-3259
-1506
-1442
-1089
1081
2158
1718
2609
3660
2844
2571
3253
2732
1721
2374
2912
2664
3423
4910
5777
6903
8237
8721
9086
9604
8902
7636
6861
4982
2084
467
-1053
-4414
-6697
-6744
-8022
-9834
-8984
-7555
-8072
-7282
-4759
-3916
-3993
-2188
-872
-1390
-1206
-537
-1369
-2155
-1938
-2672
-3707
-3324
-3106
-3631
-2768
-1335
-1339
-700
1364
2030
1703
2846
3691
2758
2615
3259
2471
1594
2314
2649
2313
3159
4576
5434
6414
7493
7979
8529
8698
7790
6822
6067
3739
1169
-9
-1862
-5356
-6906
-6754
-8271
-9794
-8361
-7003
-7469
-6295
-3685
-3030
-2952
-1092
-23
-696
-612
-67
-935
-1798
-1878
-2608
-3488
-3355
-3350
-3525
-2719
-1803
-1451
-251
1363
1690
2010
3332
3566
2648
2859
3209
2135
1498
2260
2485
2148
3107
4598
5488
6165
7201
7896
8275
7959
7218
6462
5211
2760
894
-254
-2689
-5618
-6356
-6706
-8578
-9157
-7581
-7167
-7413
-5456
-3441
-3412
-2545
-466
-158
-727
57
336
-928
-1498
-1568
-2562
-3395
-3323
-3589
-3629
-2693
-1878
-1421
46
1451
1792
2387
3537
3379
2721
2995
2873
1761
1661
2385
2281
2327
3623
4881
5629
6587
7574
8034
8303
7979
7162
6315
4889
2443
741
-503
-3064
-5694
-6217
-6883
-8791
-9065
-7578
-7529
-7594
-5514
-3738
-3717
-2548
-602
-532
-811
150
81
-1251
-1580
-1686
-2770
-3438
-3291
-3634
-3462
-2307
-1601
-1101
465
1642
1812
2611
3578
3050
2497
2923
2554
1530
1803
2404
2094
2516
3972
4832
5470
6767
7568
7647
8054
7981
6892
5873
4705
2464
594
-671
-2908
-5314
-5987
-6718
-8317
-8521
-7355
-7353
-7125
-5195
-3730
-3506
-2232
-604
-592
-652
181
-42
-1246
-1530
-1682
-2738
-3288
-3193
-3390
-3210
-2171
-1458
-813
450
1428
1847
2707
3357
2838
2542
2889
2496
1674
1849
2128
1979
2440
3492
4073
4914
6056
6670
6861
7452
7234
6291
5512
4333
2115
496
-683
-2974
-5241
-5825
-6567
-8116
-8246
-7248
-7164
-6733
-4831
-3509
-3096
-1711
-263
-188
-181
348
-38
-1036
-1367
-1894
-2845
-3148
-3001
-3212
-2811
-1698
-916
-188
1179
2166
2603
3296
3807
3355
2984
3009
2426
1667
1644
1760
1605
2133
3075
3808
4655
5752
6391
6839
7202
6771
5838
5047
3529
1289
-205
-1585
-3953
-5823
-6192
-7038
-8323
-8075
-7015
-6922
-6273
-4454
-3218
-2729
-1335
-202
-179
-49
344
-276
-1084
-1351
-2001
-2858
-2929
-2852
-3013
-2429
-1373
-773
64
1446
2261
2650
3430
3861
3425
3200
3168
2546
1921
1975
1954
1846
2467
3287
3885
4787
5804
6298
6736
6946
6300
5431
4695
2944
678
-643
-2107
-4533
-6026
-6330
-7431
-8361
-7654
-6872
-6995
-5902
-4009
-3192
-2605
-1075
-176
-206
183
367
-410
-993
-1269
-2126
-2799
-2760
-2967
-3034
-2072
-1201
-857
314
1815
2288
2674
3678
3853
3226
3189
3191
2255
1662
1942
1895
1730
2432
3328
3993
4985
5909
6254
6678
6908
6119
5129
4286
2464
294
-984
-2598
-4947
-6112
-6329
-7383
-8042
-7111
-6400
-6306
-5042
-3367
-2772
-2012
-531
23
-136
217
235
-594
-1147
-1530
-2336
-2785
-2686
-2867
-2684
-1629
-839
-422
782
1987
2326
2792
3583
3398
2868
2985
2736
1794
1500
1691
1429
1450
2235
2872
3400
4440
5223
5501
5934
6164
5469
4636
3824
2154
181
-1075
-2639
-4768
-5930
-6244
-7171
-7661
-6886
-6188
-5925
-4682
-3161
-2420
-1577
-188
325
296
651
639
-174
-773
-1150
-1896
-2330
-2292
-2355
-2176
-1261
-445
110
1083
2115
2518
2965
3521
3405
2915
2874
2626
1803
1366
1437
1193
1138
1726
2304
2735
3604
4407
4715
5126
5453
4879
4045
3442
2004
-23
-1332
-2684
-4730
-6020
-6282
-6978
-7500
-6656
-5667
-5302
-4141
-2450
-1513
-774
401
992
931
977
755
-69
-766
-1356
-2129
-2549
-2545
-2564
-2221
-1308
-521
176
1278
2210
2534
3015
3550
3301
2754
2688
2334
1453
1099
1134
842
830
1537
2074
2498
3412
4189
4449
4803
5004
4424
3630
2866
1426
-346
-1648
-3011
-4709
-5731
-6081
-6572
-6673
-5863
-4994
-4388
-3147
-1692
-895
-227
819
1294
1090
980
773
4
-798
-1330
-1941
-2443
-2491
-2313
-1989
-1301
-517
250
1209
2034
2465
2873
3266
3086
2661
2436
2021
1253
830
753
548
541
1056
1580
2092
2998
3797
4078
4361
4726
4360
3521
2722
1598
-33
-1428
-2654
-4092
-5260
-5691
-6008
-6126
-5527
-4660
-3965
-2891
-1502
-630
-35
830
1346
1188
997
742
6
-789
-1311
-1990
-2607
-2662
-2524
-2371
-1787
-896
-180
633
1626
2279
2627
2986
3089
2747
2390
1952
1287
718
494
210
79
451
1007
1438
2223
3222
3745
4006
4449
4517
3811
3104
2303
896
-607
-1644
-2884
-4227
-4840
-5030
-5352
-5073
-4226
-3617
-2841
-1509
-607
-162
679
1290
1044
874
886
102
-840
-1193
-1772
-2672
-2745
-2505
-2635
-2284
-1163
-443
24
1078
2056
2311
2604
3003
2774
2245
1955
1510
768
324
106
-76
16
438
790
1365
2300
3010
3334
3732
4013
3730
3192
2570
1548
280
-761
-1774
-2943
-3805
-4175
-4381
-4407
-3996
-3357
-2686
-1854
-916
-225
286
745
980
812
508
117
-465
-1124
-1706
-2134
-2407
-2496
-2407
-2023
-1437
-809
-113
687
1360
1809
2272
2563
2480
2212
1961
1588
1069
626
323
67
-22
206
522
854
1387
2066
2542
2845
3146
3221
2890
2395
1851
998
-67
-937
-1717
-2534
-3190
-3436
-3468
-3371
-3054
-2491
-1859
-1218
-575
9
395
595
606
498
258
-212
-827
-1281
-1532
-1915
-2212
-2071
-1772
-1633
-1221
-464
68
416
1002
1595
1754
1821
1976
1910
1571
1330
1150
773
449
336
310
337
490
711
1032
1469
1805
1966
2197
2313
2042
1704
1436
832
-38
-572
-1016
-1739
-2296
-2300
-2311
-2421
-2105
-1570
-1216
-793
-198
141
277
424
447
199
-138
-593
-1083
-1459
-1819
-2189
-2268
-2139
-2037
-1761
-1146
-575
-137
531
1207
1539
1786
2147
2181
1909
1712
1486
1015
599
352
94
-154
-152
-13
148
387
728
1072
1383
1626
1759
1805
1697
1398
1026
657
102
-553
-948
-1182
-1556
-1787
-1617
-1351
-1222
-852
-344
-24
213
532
605
406
219
-22
-560
-1161
-1562
-1931
-2300
-2461
-2360
-2186
-1821
-1235
-617
-13
666
1271
1670
1936
2039
1925
1683
1345
847
377
14
-334
-636
-752
-723
-562
-277
-15
348
832
1248
1507
1768
1936
1857
1693
1522
1128
586
225
-38
-447
-774
-829
-770
-761
-620
-337
-157
2
226
314
172
68
-65
-491
-976
-1262
-1587
-2024
-2210
-2211
-2219
-2040
-1631
-1248
-846
-240
282
596
940
1209
1141
1007
940
632
187
-65
-298
-645
-786
-760
-800
-723
-406
-79
241
719
1214
1560
1925
2255
2383
2340
2282
2094
1745
1398
1046
657
359
159
-27
-115
-70
-19
60
235
330
253
243
218
-90
-519
-829
-1158
-1620
-1960
-2181
-2357
-2382
-2204
-2043
-1823
-1413
-937
-588
-274
22
174
256
261
123
-132
-347
-584
-836
-1019
-1125
-1214
-1158
-973
-731
-422
7
503
996
1488
1912
2284
2588
2753
2766
2739
2626
2346
2015
1736
1405
1056
816
648
478
402
445
462
412
362
319
155
-112
-464
-843
-1178
-1523
-1911
-2201
-2296
-2348
-2376
-2238
-1989
-1808
-1529
-1147
-904
-765
-574
-428
-433
-475
-537
-662
-791
-848
-944
-1025
-1001
-921
-810
-612
-351
-68
335
794
1205
1619
2104
2492
2769
3064
3255
3250
3184
3071
2751
2370
2052
1654
1190
877
676
401
211
171
32
-167
-225
-380
-761
-1020
-1217
-1586
-1930
-2075
-2255
-2449
-2432
-2353
-2321
-2185
-1964
-1783
-1559
-1353
-1238
-1148
-1042
-1013
-1020
-982
-961
-954
-913
-819
-773
-686
-574
-467
-277
-18
257
594
1075
1550
1987
2471
3008
3431
3720
3921
3995
3929
3718
3401
2952
2450
1931
1458
1046
683
359
89
-89
-228
-402
-614
-791
-998
-1281
-1521
-1727
-2026
-2266
-2386
-2544
-2686
-2707
-2692
-2670
-2532
-2319
-2197
-2066
-1896
-1791
-1713
-1592
-1488
-1460
-1337
-1146
-1009
-934
-747
-523
-386
-189
157
518
838
1289
1801
2248
2717
3239
3639
3913
4146
4249
4210
4079
3817
3416
3014
2613
2147
1700
1323
970
626
326
46
-212
-456
-723
-987
-1211
-1440
-1702
-1945
-2171
-2406
-2635
-2848
-3042
-3169
-3209
-3235
-3230
-3136
-3015
-2913
-2785
-2619
-2444
-2239
-1995
-1754
-1523
-1239
-951
-709
-489
-264
7
331
700
1097
1553
2064
2616
3147
3618
4006
4317
4516
4565
4510
4374
4135
3798
3470
3121
2717
2324
1946
1551
1156
804
456
101
-232
-517
-781
-1057
-1339
-1609
-1862
-2154
-2482
-2826
-3144
-3437
-3677
-3869
-4017
-4075
-4050
-3971
-3861
-3690
-3467
-3175
-2843
-2505
-2156
-1763
-1339
-965
-651
-345
-17
309
645
1032
1455
1925
2465
3037
3559
4001
4381
4683
4833
4826
4721
4537
4286
3944
3571
3228
2874
2489
2136
1822
1482
1154
867
566
249
-41
-351
-684
-1017
-1379
-1760
-2119
-2495
-2909
-3267
-3558
-3844
-4098
-4269
-4381
-4461
-4512
-4492
-4384
-4214
-3979
-3668
-3283
-2834
-2328
-1801
-1278
-793
-327
115
521
896
1275
1684
2131
2597
3081
3547
3970
4342
4597
4732
4738
4648
4465
4196
3862
3526
3185
2843
2522
2242
1989
1731
1499
1277
1062
797
512
200
-151
-556
-1010
-1448
-1880
-2315
-2753
-3131
-3444
-3727
-3980
-4187
-4347
-4472
-4601
-4684
-4665
-4568
-4407
-4142
-3758
-3286
-2709
-2078
-1452
-844
-254
281
721
1120
1501
1859
2206
2577
2980
3362
3722
4045
4280
4404
4430
4346
4177
3935
3630
3301
2994
2696
2416
2188
1983
1787
1636
1513
1312
1074
850
563
170
-264
-706
-1166
-1629
-2072
-2493
-2869
-3196
-3516
-3809
-4041
-4254
-4473
-4642
-4747
-4772
-4717
-4573
-4346
-4000
-3524
-2967
-2358
-1712
-1077
-461
135
640
1070
1493
1878
2199
2539
2904
3231
3529
3795
3979
4070
4081
4014
3862
3654
3401
3129
2873
2634
2417
2217
2068
1960
1864
1775
1670
1519
1308
1037
679
270
-152
-608
-1076
-1503
-1916
-2338
-2719
-3039
-3364
-3682
-3952
-4182
-4357
-4465
-4527
-4525
-4431
-4242
-3971
-3617
-3195
-2712
-2150
-1569
-1013
-474
75
605
1085
1491
1847
2197
2513
2758
2932
3078
3165
3173
3134
3068
2955
2820
2684
2552
2438
2325
2235
2178
2145
2114
2085
2038
1947
1807
1602
1337
1020
658
275
-114
-499
-876
-1252
-1620
-1991
-2342
-2663
-2973
-3252
-3475
-3631
-3743
-3792
-3766
-3664
-3500
-3284
-3012
-2667
-2273
-1883
-1498
-1092
-668
-275
101
471
824
1147
1441
1688
1901
2076
2191
2257
2276
2257
2212
2155
2078
2009
1958
1925
1903
1924
1969
2008
2048
2064
2039
1953
1825
1643
1394
1084
758
427
89
-239
-554
-851
-1158
-1455
-1743
-2006
-2243
-2461
-2649
-2790
-2866
-2904
-2894
-2834
-2713
-2534
-2311
-2062
-1796
-1527
-1259
-984
-720
-481
-261
-29
210
430
626
832
1052
1228
1359
1456
1518
1556
1564
1540
1523
1517
1517
1527
1576
1648
1729
1828
1894
1930
1932
1870
1752
1580
1333
1029
737
449
144
-148
-404
-648
-885
-1105
-1303
-1485
-1656
-1822
-1962
-2053
-2133
-2193
-2200
-2163
-2077
-1929
-1740
-1521
-1289
-1038
-807
-603
-446
-329
-211
-108
-14
79
198
339
500
652
778
878
953
999
1013
1013
1024
1072
1128
1198
1273
1364
1469
1537
1570
1562
1516
1438
1309
1139
938
737
540
325
84
-168
-402
-618
-826
-1035
-1201
-1311
-1405
-1480
-1530
-1547
-1536
-1512
-1472
-1394
-1277
-1134
-975
-801
-626
-455
-293
-166
-69
9
81
134
172
209
270
336
383
432
481
534
584
621
655
697
769
845
927
1002
1065
1126
1171
1173
1130
1077
994
887
762
625
484
338
169
-29
-239
-472
-717
-970
-1189
-1370
-1499
-1574
-1607
-1595
-1544
-1460
-1363
-1241
-1100
-941
-772
-601
-430
-257
-88
56
181
296
399
474
537
565
577
576
562
536
506
492
484
503
528
568
632
712
795
868
930
979
1026
1059
1062
1038
1000
943
866
765
650
523
384
220
40
-150
-351
-584
-837
-1066
-1258
-1417
-1553
-1638
-1654
-1599
-1514
-1417
-1271
-1102
-931
-754
-580
-404
-239
-103
17
133
224
291
349
400
425
423
400
365
320
266
226
217
239
271
314
371
440
502
545
584
625
675
727
761
784
802
816
805
759
683
585
491
371
219
60
-112
-288
-468
-642
-794
-914
-1011
-1070
-1084
-1063
-1013
-935
-837
-731
-614
-486
-356
-238
-132
-27
76
156
198
229
254
257
233
188
143
93
34
-21
-59
-79
-92
-80
-49
-11
35
88
147
214
284
360
446
505
551
594
626
630
597
544
492
441
371
291
217
141
52
-56
-171
-275
-366
-453
-531
-580
-595
-571
-520
-451
-375
-295
-210
-130
-55
8
58
105
141
156
162
169
162
133
87
29
-26
-82
-150
-214
-251
-272
-285
-285
-264
-225
-177
-119
-62
14
99
170
235
290
320
338
344
334
317
300
276
249
215
166
115
59
-2
-65
-117
-167
-216
-258
-277
-270
-245
-199
-134
-53
34
113
188
263
314
348
367
373
366
340
296
244
182
98
14
-75
-168
-257
-329
-387
-433
-474
-516
-527
-517
-493
-458
-406
-340
-263
-188
-134
-86
-45
-16
1
19
37
65
82
87
80
67
50
13
-21
-46
-52
-51
-35
-18
21
81
150
229
309
395
483
567
624
660
686
706
703
674
625
565
492
393
274
145
29
-86
-207
-312
-406
-492
-556
-614
-654
-671
-676
-674
-651
-608
-561
-506
-461
-423
-376
-318
-271
-233
-192
-150
-99
-60
-32
-15
-12
-26
-46
-49
-42
-27
5
70
150
229
310
398
487
565
629
695
767
827
857
870
880
864
817
744
643
526
402
258
98
-51
-195
-325
-432
-541
-642
-708
-753
-785
-812
-829
-831
-806
-773
-746
-711
-661
-604
-545
-479
-421
-362
-300
-239
-184
-134
-100
-76
-49
-21
-2
26
69
107
163
230
310
411
517
627
729
816
895
958
997
1017
998
978
962
923
863
783
683
564
429
272
108
-54
-203
-348
-472
-590
-693
-761
-815
-864
-903
-917
-913
-895
-867
-832
-782
-715
-664
-617
-561
-500
-429
-363
-298
-243
-180
-129
-94
-67
-39
-7
24
66
102
152
216
281
357
439
524
610
700
775
842
895
930
947
944
929
896
852
782
697
598
488
367
243
110
-21
-149
-273
-391
-493
-576
-647
-696
-750
-779
-787
-778
-765
-743
-706
-654
-591
-541
-490
-436
-376
-325
-271
-216
-166
-120
-89
-63
-39
-21
-18
-14
-1
23
56
95
151
216
289
363
442
519
580
636
695
758
798
811
804
798
762
699
613
520
433
321
194
77
-33
-153
-274
-381
-459
-514
-562
-604
-641
-664
-683
-689
-682
-663
-635
-584
-516
-445
-382
-324
-271
-220
-169
-139
-118
-94
-73
-53
-31
-32
-29
-21
0
24
53
95
138
195
257
325
396
473
540
608
677
728
768
795
793
760
714
653
588
501
394
275
173
73
-49
-174
-287
-373
-436
-493
-549
-584
-601
-608
-609
-610
-618
-606
-571
-519
-458
-402
-336
-265
-208
-173
-148
-134
-128
-138
-151
-144
-130
-121
-114
-94
-51
-3
39
82
129
190
257
323
394
465
538
612
678
724
751
756
740
708
657
594
518
446
355
252
138
31
-52
-130
-220
-307
-366
-408
-445
-494
-527
-537
-532
-528
-512
-476
-442
-413
-390
-352
-308
-267
-237
-218
-202
-210
-222
-235
-244
-244
-243
-231
-203
-167
-116
-62
-11
43
101
164
229
295
367
453
541
610
659
685
696
698
675
630
586
538
485
416
333
247
167
85
-9
-101
-181
-249
-312
-363
-404
-426
-434
-444
-448
-441
-440
-442
-438
-421
-393
-359
-321
-285
-249
-222
-214
-221
-225
-237
-250
-251
-244
-214
-174
-144
-119
-72
-11
52
127
202
283
374
456
526
589
641
667
698
710
709
694
670
640
593
517
429
347
257
162
52
-29
-98
-166
-240
-306
-355
-395
-420
-442
-451
-459
-473
-484
-492
-493
-493
-484
-481
-469
-440
-413
-384
-372
-362
-344
-320
-304
-279
-247
-213
-181
-151
-100
-29
57
142
240
341
443
537
607
666
709
737
756
770
768
758
730
686
636
564
485
385
283
172
74
-11
-83
-146
-204
-249
-292
-321
-357
-396
-432
-454
-471
-482
-497
-508
-507
-495
-486
-471
-450
-429
-411
-405
-399
-392
-374
-359
-327
-286
-242
-195
-148
-98
-38
38
120
219
319
415
512
597
656
692
713
723
735
724
695
665
621
568
493
411
319
235
148
71
1
-69
-133
-185
-227
-275
-319
-359
-371
-381
-392
-406
-416
-414
-414
-423
-428
-423
-425
-420
-414
-410
-405
-408
-412
-400
-371
-339
-302
-258
-205
-143
-72
2
79
160
234
313
396
480
553
610
655
695
715
709
683
650
627
594
542
479
417
357
298
225
148
78
14
-49
-117
-182
-236
-274
-307
-335
-349
-342
-335
-333
-352
-369
-374
-375
-386
-408
-434
-440
-434
-432
-435
-443
-442
-425
-399
-374
-339
-297
-237
-171
-103
-32
44
129
209
287
358
422
477
520
551
574
581
576
562
546
529
502
462
425
387
346
301
245
191
139
90
48
19
-10
-43
-69
-100
-124
-154
-184
-208
-232
-256
-276
-285
-296
-310
-332
-347
-368
-394
-429
-451
-464
-474
-480
-474
-450
-415
-367
-307
-242
-180
-120
-55
13
74
123
174
234
285
327
371
414
455
471
471
462
448
431
402
379
345
307
273
247
219
185
156
130
115
89
65
54
45
26
3
-23
-50
-80
-119
-154
-186
-220
-253
-269
-284
-303
-325
-345
-358
-376
-392
-397
-385
-368
-354
-327
-289
-245
-204
-161
-115
-58
-2
58
115
170
217
263
305
332
349
357
366
361
350
330
306
280
253
229
214
200
185
177
177
171
165
149
128
110
88
66
43
21
3
-16
-50
-84
-125
-161
-196
-237
-270
-299
-325
-352
-372
-377
-376
-369
-356
-341
-314
-291
-275
-246
-208
-163
-110
-62
-14
43
96
140
176
200
221
242
250
253
245
231
227
217
198
180
170
171
177
174
175
186
185
168
150
138
125
102
70
52
48
37
13
-14
-34
-57
-86
-118
-158
-181
-207
-225
-239
-252
-264
-275
-288
-294
-279
-258
-226
-197
-159
-109
-61
-19
14
32
57
75
90
103
112
119
127
135
131
133
128
125
119
114
97
91
86
83
82
80
82
90
102
110
106
97
93
77
73
63
61
57
40
30
29
25
4
-22
-44
-52
-70
-103
-132
-150
-159
-172
-187
-197
-193
-186
-171
-143
-112
-82
-55
-18
11
22
20
20
24
26
25
30
35
31
22
28
43
48
45
42
56
72
78
78
86
94
95
93
94
102
100
95
92
98
101
91
81
87
89
78
54
33
16
-11
-42
-59
-71
-93
-111
-124
-135
-153
-180
-187
-176
-167
-159
-146
-129
-106
-89
-73
-57
-53
-47
-45
-42
-38
-38
-35
-26
-22
-9
0
7
19
25
22
24
29
34
40
46
68
96
117
134
151
165
170
166
166
175
174
160
144
135
124
104
70
54
45
21
-13
-44
-66
-91
-121
-145
-146
-134
-120
-110
-97
-88
-84
-81
-77
-80
-80
-71
-61
-51
-51
-49
-48
-44
-50
-62
-66
-62
-53
-55
-54
-53
-43
-30
-23
-21
-7
7
29
65
83
104
127
145
149
150
148
154
161
155
152
150
140
123
96
70
42
15
-5
-25
-45
-50
-45
-45
-52
-64
-65
-60
-53
-53
-58
-63
-65
-59
-53
-49
-42
-29
-15
-14
-19
-16
-19
-28
-49
-66
-79
-79
-76
-71
-68
-70
-62
-45
-32
-22
-10
4
22
45
64
69
68
69
73
75
65
56
53
48
37
26
19
12
5
-3
-7
-10
-15
-21
-33
-42
-42
-41
-46
-46
-41
-25
-5
3
1
6
9
14
9
0
-1
-1
-4
-17
-24
-22
-22
-28
-28
-28
-28
-30
-28
-28
-24
-21
-16
-9
4
16
35
54
65
80
97
107
105
94
89
81
73
55
36
33
22
6
-14
-25
-24
-21
-26
-33
-33
-41
-47
-59
-67
-64
-63
-60
-45
-32
-21
-17
-18
-13
-9
-5
4
7
7
4
1
-7
-16
-26
-27
-14
1
11
18
32
44
48
48
47
51
56
59
68
79
77
76
76
61
45
27
10
3
-6
-19
-23
-21
-17
-16
-14
-11
-11
-13
-18
-23
-32
-48
-61
-59
-55
-59
-63
-57
-54
-61
-58
-53
-45
-44
-46
-44
-36
-32
-33
-34
-33
-33
-30
-28
-29
-19
-13
-1
15
43
69
82
86
97
112
120
114
97
82
71
58
54
60
61
44
35
33
32
23
5
0
1
-2
-12
-13
-2
4
-8
-21
-29
-39
-60
-85
-102
-110
-106
-110
-103
-99
-95
-86
-81
-79
-82
-88
-94
-100
-101
-86
-59
-33
0
23
35
53
79
98
98
95
100
111
122
126
137
143
136
118
102
88
71
59
52
53
57
54
36
15
3
4
0
-3
-6
-7
-18
-20
-22
-27
-44
-57
-50
-40
-41
-50
-47
-54
-74
-102
-114
-114
-116
-115
-107
-85
-63
-56
-54
-52
-41
-31
-30
-29
-27
-8
8
17
25
48
68
74
76
77
86
91
87
80
71
62
61
62
66
64
44
28
12
7
3
-5
-11
-5
1
7
13
2
-12
-20
-22
-17
-10
-5
-1
-4
-7
-10
-21
-44
-60
-66
-71
-80
-89
-88
-76
-60
-40