-2
-2
-1
0
1
-3
-10
-7
-1
-6
-7
-3
-1
-3
-4
-2
0
6
1
1
3
2
-6
-6
-2
-4
-2
-2
-2
0
1
0
0
-1
-1
2
3
-4
-7
-3
0
-2
-4
-6
-2
3
2
-1
1
-2
-2
1
-4
-4
-3
-4
1
2
2
4
2
-2
-1
-1
-5
-14
-10
-1
2
6
4
7
11
7
0
0
2
4
2
0
1
7
10
10
9
10
12
8
8
4
1
1
0
-4
-2
0
1
2
-6
-7
-3
-4
-7
-9
-4
1
3
2
0
3
1
-3
-6
-5
-1
2
5
5
4
9
8
6
5
1
-2
3
8
3
-1
3
5
8
4
5
7
6
2
6
3
-5
-5
-6
-1
0
-5
-6
1
4
2
-2
-2
3
1
-1
0
3
4
5
0
3
7
3
-1
-3
-3
-4
-6
-10
-11
-10
-7
-10
-11
-12
-9
-7
-9
-6
-3
-4
-6
-2
0
-2
-7
-7
-3
-3
1
-2
-3
-2
1
1
4
4
1
3
6
2
-6
3
0
-3
-8
-14
-14
-4
-4
-7
1
2
12
11
19
24
19
10
9
11
5
-8
-15
-8
-2
-10
-12
-3
6
13
6
-3
-4
3
-3
-10
-12
-15
-10
2
4
1
5
6
6
5
-2
-6
-9
-12
-3
0
2
5
6
21
18
9
-3
-8
-11
-13
-16
-19
-19
-15
5
12
5
0
0
4
6
0
-8
-9
-6
0
0
-2
-3
-2
7
9
0
-4
2
13
16
13
13
20
21
15
19
16
5
6
7
6
11
7
3
4
3
10
6
0
-3
0
9
-1
-11
-12
-12
-8
-5
-6
2
13
13
9
7
1
-1
2
-7
-13
-7
1
8
11
5
7
11
11
3
-6
-10
-8
-5
-9
-9
-7
-11
-12
-15
-15
-19
-26
-21
-15
-16
-18
-10
-7
0
6
9
7
12
16
16
15
12
9
10
11
7
-1
-4
8
8
1
6
21
32
26
10
12
21
14
-7
-16
-5
13
24
21
21
35
42
27
5
-6
-23
-52
-67
-66
-74
-80
-78
-68
-58
-52
-44
-40
-41
-48
-51
-46
-35
-29
-26
-13
2
15
27
39
39
42
61
62
57
68
77
67
58
50
39
22
13
26
35
47
52
77
98
101
104
83
55
16
-17
-47
-67
-69
-62
-24
13
27
33
33
-8
-59
-77
-112
-157
-186
-179
-166
-158
-132
-106
-103
-103
-90
-84
-87
-79
-46
1
28
56
90
119
149
164
170
155
160
178
200
225
225
244
290
317
293
251
217
175
127
62
4
-52
-95
-122
-140
-131
-122
-129
-132
-128
-154
-186
-182
-208
-278
-343
-370
-359
-379
-405
-395
-352
-291
-236
-180
-103
-30
8
43
75
105
141
175
196
231
288
327
367
370
359
330
287
232
167
85
29
10
8
14
9
34
82
94
76
47
22
2
-22
-15
-20
-46
-39
3
20
1
-60
-86
-109
-171
-245
-296
-285
-249
-221
-198
-130
-51
-17
-27
-8
7
18
41
102
179
220
267
295
296
224
111
4
-84
-183
-277
-324
-283
-197
-142
-75
24
113
128
112
63
-18
-116
-186
-252
-301
-289
-224
-110
-36
43
124
210
231
160
101
79
51
-19
-25
44
127
203
252
343
425
409
355
308
261
171
78
31
23
47
55
98
172
220
208
188
142
56
-23
-95
-164
-227
-272
-249
-204
-171
-110
-73
-22
11
27
-18
-59
-82
-173
-264
-318
-306
-321
-381
-399
-345
-256
-215
-212
-233
-230
-236
-279
-347
-385
-423
-397
-333
-249
-111
47
176
265
372
463
441
345
267
212
167
84
60
80
142
223
247
271
305
300
230
149
105
44
19
87
129
140
162
208
198
168
115
-14
-132
-208
-274
-351
-364
-323
-234
-96
-7
18
91
158
169
215
293
310
234
180
165
114
63
-56
-84
-10
58
138
275
438
524
562
507
409
281
116
-96
-190
-177
-210
-112
29
143
204
201
135
-11
-162
-331
-503
-524
-431
-369
-335
-313
-301
-304
-323
-360
-331
-227
-98
30
197
334
363
386
350
308
318
329
380
498
633
640
559
473
332
142
-124
-360
-485
-550
-517
-469
-548
-564
-672
-836
-1044
-1459
-1854
-2282
-2562
-3425
-5096
-5398
-4402
-3914
-3853
-2852
7
3439
6086
7900
9038
10108
10408
9108
6784
3838
1676
654
-24
-57
147
689
1944
2611
1732
-461
-3511
-6941
-9907
-12506
-14905
-15752
-14144
-11109
-7224
-2903
854
4186
6827
7787
7319
5869
3771
2225
1687
1409
1574
2849
5103
7637
9411
9937
9586
8322
5923
2736
-511
-3941
-7848
-9113
-7051
-5540
-5644
-4518
-267
3503
3349
2182
2080
1099
-1499
-3779
-5202
-6925
-7519
-5157
-1852
654
2708
5152
7864
8703
6590
3514
792
-2361
-5398
-7180
-8086
-8378
-6859
-4043
-2298
-1593
-698
383
473
-925
-1534
-451
884
2511
5623
9469
13020
16156
19033
20316
17734
13239
9349
5531
-1385
-10118
-14742
-15783
-17608
-19266
-17950
-14812
-12252
-9749
-6642
-5211
-5962
-5886
-4002
-2396
-2122
-680
3638
9046
13780
17832
21453
23920
24190
22354
18565
12340
4661
-2180
-7616
-12899
-17440
-19349
-18794
-17447
-15225
-13787
-13897
-13013
-11869
-12137
-13580
-13991
-12017
-8773
-4463
1123
6996
12748
18040
22615
24708
23026
20322
17661
14418
10718
6986
4908
5272
6728
8843
10555
9063
5469
2955
-637
-8891
-19180
-26163
-29631
-31293
-30665
-27005
-20433
-12108
-2603
6924
12686
14107
14832
14995
12636
8544
4536
2397
3600
6736
9844
13375
16593
18016
18063
15770
9097
-152
-8881
-16486
-23102
-27830
-30433
-31700
-28981
-21322
-13312
-9585
-7831
-1833
5228
6468
4101
4016
6201
7738
8831
10938
13116
15603
20367
25538
27437
25808
24632
25570
23516
15470
6278
-465
-6895
-14859
-22828
-28549
-31726
-32562
-30741
-26669
-21966
-17571
-11543
-3820
1210
2549
3702
5664
6882
7509
8828
11188
14148
18045
22844
26705
27589
26051
23399
18252
9945
118
-9770
-18743
-25715
-30021
-31596
-30742
-28303
-25046
-20732
-15896
-11606
-9442
-9215
-7912
-4103
-316
1711
5194
11733
18557
23561
26936
28737
28859
27554
25044
20988
15791
11515
9225
8465
7429
4854
1430
-1416
-3943
-8929
-16972
-24455
-28749
-31023
-32479
-31540
-27024
-20491
-12424
-2679
5902
10834
13503
15983
16984
15140
11957
9687
9135
10142
12247
14752
16922
18291
18565
16806
11976
4232
-4949
-13654
-21065
-27111
-31460
-32475
-30960
-29066
-23442
-14867
-9412
-7499
-3725
2964
6282
5339
5955
9301
12371
14105
16217
19176
20335
21030
23289
23845
21240
17752
16002
15188
11981
6744
1180
-4184
-8839
-13321
-19509
-27195
-31845
-31746
-30763
-29526
-25274
-18794
-11458
-3107
4820
9621
11348
12904
14706
14848
13111
11719
12137
14029
16839
19453
20390
20253
19388
16097
10172
2498
-7052
-16611
-22998
-27199
-30729
-32529
-31900
-28762
-22404
-16090
-12581
-9307
-3948
1965
5388
6816
8820
12241
15922
18569
20214
20983
21297
22435
23268
21676
18463
15378
13859
12991
10192
6249
1734
-4042
-8847
-11913
-17343
-26465
-32293
-31614
-30534
-30472
-26817
-19453
-11606
-3796
4973
11621
12971
13121
15367
15922
12771
10094
10295
11781
14336
17692
19741
20330
20127
18105
13408
5823
-4207
-13870
-20523
-25186
-28906
-31605
-32433
-28789
-22216
-16631
-12857
-8803
-2815
2723
5857
7538
9355
12016
14820
17311
18974
18911
19229
21201
22043
20414
17274
14893
13667
11567
8123
4956
1393
-5317
-11373
-13622
-16982
-25393
-32148
-31105
-28117
-27842
-24960
-16509
-8224
-2143
6132
14513
15783
13556
14883
16056
12681
8560
7876
9232
11007
13523
16088
17328
16839
15286
12087
5691
-3635
-12786
-19500
-23797
-27136
-31139
-32286
-27601
-20940
-16279
-12088
-5801
860
5666
8877
10800
11964
13059
14284
15730
15804
14759
15652
18165
19312
18224
16802
16179
14662
11854
8144
4359
411
-6235
-13084
-17018
-19582
-24326
-29953
-30055
-25756
-23037
-20351
-13444
-5333
-98
5151
12388
15145
12609
11986
13763
13044
9614
8540
10352
12082
13752
16159
17183
15594
13159
10096
4166
-4305
-12857
-19914
-24778
-29369
-32400
-31643
-27939
-23191
-18048
-10972
-4231
573
5357
9581
11857
12805
13238
13935
14219
13916
14381
15292
16575
17377
17842
17990
16908
14491
11679
8468
4229
-444
-6811
-13677
-18236
-20093
-22878
-27401
-27836
-23624
-19928
-16738
-10967
-4199
529
4902
11010
14088
12074
10825
12330
12365
9793
8801
9963
10851
12209
14265
14705
12933
10440
7384
2392
-4500
-12122
-18726
-23889
-28579
-30441
-28956
-26440
-23469
-17849
-9600
-2939
1460
6095
10660
13630
14742
14848
14699
13812
13333
13869
14255
14393
14762
16111
17075
15776
13144
10612
7809
3096
-1960
-7866
-15392
-20435
-21399
-22934
-27210
-27665
-22248
-17336
-14532
-9281
-2187
2499
5557
10777
14650
12613
10501
12184
12954
10446
9214
10683
11669
12363
13895
14549
12782
9605
5957
1298
-5402
-12840
-19649
-26672
-30588
-29738
-28478
-28479
-25061
-15676
-6574
-1663
2754
8550
13376
15517
15594
15009
13100
11352
12242
13627
13531
13281
15432
19129
19908
17407
14219
11242
7619
2261
-4544
-12826
-18952
-20792
-22203
-25487
-26706
-23594
-19660
-16399
-11729
-6268
-2864
448
5905
10526
10636
9831
11734
12992
11967
11519
12296
12072
11816
13010
13685
12200
9782
7012
3312
-1685
-7381
-13957
-21893
-26933
-27829
-28669
-30670
-29025
-21261
-13072
-7412
-1134
6271
12482
16479
18553
18968
16878
14298
13448
12949
11201
9776
11815
15931
17864
17366
17292
17198
14535
9216
3005
-4968
-14769
-21331
-23788
-26633
-31218
-31994
-26193
-19626
-15512
-9660
-1119
4958
8265
12524
15330
12831
9435
9265
9536
7499
6040
7883
11007
13098
15004
16906
16393
13013
8387
2605
-4770
-13761
-22988
-28839
-30902
-31870
-32557
-29223
-20944
-12156
-4278
3350
9824
14484
17279
18059
16450
12684
9657
8853
8887
8336
8979
12803
17479
20257
20905
20444
18329
14252
8576
1360
-7877
-17789
-24388
-26582
-28340
-31886
-31718
-24956
-17431
-13148
-7835
-114
4895
7051
10599
13382
10884
7406
8201
10293
9374
8438
11216
14699
16075
17413
18815
16752
11224
5706
54
-8666
-18860
-25772
-29154
-31354
-32556
-30043
-23582
-16413
-8774
-299
6487
10380
13068
15021
14550
11460
8548
7623
8071
8737
10000
13301
17402
20361
22251
22675
20108
15203
9691
3682
-4075
-13586
-21645
-25333
-26060
-27795
-29477
-26228
-19529
-14545
-10620
-4904
560
3095
5313
9175
10497
7998
7159
10009
11800
10940
11916
15283
16919
16917
17787
17018
12277
6526
1911
-4431
-14922
-23722
-26899
-28630
-31579
-32133
-26691
-19007
-12629
-5465
2415
7784
10813
13482
15058
12876
9220
8442
9580
9845
9770
12463
17188
20451
21940
22811
21838
17828
12208
6335
-1024
-10738
-19718
-24546
-26169
-28498
-31094
-28902
-22225
-16797
-13252
-7681
-1294
1820
3668
7473
9490
7283
6078
8963
11471
11012
11871
15778
18525
18779
19098
19033
15420
9282
3265
-3462
-11870
-20319
-26194
-29250
-30654
-30030
-26335
-20281
-13661
-6742
328
5440
8003
9780
10795
10147
8403
7483
8199
9875
12065
15089
18838
22001
23915
24561
22907
18411
12494
6491
-515
-9932
-18842
-23289
-24793
-27619
-30556
-28409
-22736
-18763
-15355
-9685
-4367
-1814
1033
5726
7725
6006
6276
9969
12374
12208
13610
17262
19397
19618
20217
19771
15884
9892
3562
-2813
-10591
-18744
-25004
-28689
-29662
-28753
-25677
-20514
-14474
-7628
-821
3808
6188
7476
8464
8295
7171
6753
7510
9740
13038
16889
20593
23516
25790
26643
24666
19606
13260
7188
-762
-10943
-18971
-23037
-25916
-29823
-31453
-28044
-23406
-20208
-15853
-9402
-4713
-2646
1089
5536
5822
4399
6400
9886
10822
11294
14568
18405
20003
20794
21615
20101
15608
10162
4400
-3161
-11814
-18615
-23124
-26386
-27903
-26672
-22809
-17912
-12871
-7299
-2189
1075
3065
4814
5534
4861
4786
6177
8074
10363
13599
17586
21332
23990
25281
25173
23026
18540
13073
7274
-582
-9576
-15912
-19391
-23030
-27312
-28688
-26057
-22940
-20739
-16857
-11307
-7423
-4818
-443
3529
3857
3916
6742
9610
10352
11475
14589
17639
19166
20224
20961
19311
14888
9470
4285
-2437
-10829
-17796
-21902
-24165
-25452
-24427
-20633
-15902
-10973
-5587
-1174
1181
2551
3911
4233
3229
2761
3864
6293
9393
13094
17222
21263
24476
26144
25907
23123
18404
12942
5645
-3509
-11324
-16232
-20720
-25968
-28359
-26626
-24241
-22382
-18534
-12971
-9148
-6698
-2626
1114
1499
1406
3889
6480
7060
8333
11842
15346
17570
19481
21140
20933
18487
14579
9426
2766
-4605
-10975
-16245
-20777
-23676
-23494
-20900
-17730
-14001
-9162
-4589
-1410
987
2651
2894
2272
2304
3064
4081
5607
8387
12416
16446
19574
22032
23605
23182
20763
17335
11916
3865
-4006
-9529
-14306
-20331
-25165
-25877
-24375
-23183
-20801
-16021
-11587
-8794
-4981
-554
869
389
1846
4440
5228
5438
7646
10982
13548
15894
18645
20196
19143
16227
13115
8677
1645
-5924
-11713
-15879
-19530
-21722
-20911
-18089
-14617
-10233
-5465
-1908
46
1768
3218
3036
1677
1044
1899
3466
5236
7796
11539
15332
18376
20720
21637
20331
18003
14397
8031
529
-5248
-9952
-15943
-21348
-23127
-22584
-22242
-20737
-16502
-11939
-9105
-5719
-1321
535
97
987
2983
3369
3074
4536
7300
9707
11985
14748
16998
17401
16137
14107
10443
4868
-1031
-6415
-11395
-15631
-18049
-18201
-16757
-14336
-10807
-6617
-2985
-480
1524
2804
2748
2143
1923
2065
2496
3595
5613
8507
11426
14031
16389
17692
17425
16449
14192
9141
3021
-1686
-5875
-11564
-16911
-19268
-19711
-20177
-19385
-15947
-12111
-9569
-6319
-1850
299
42
797
2576
2731
2044
2985
5029
6632
8427
11358
13881
14607
13813
12709
10600
6296
901
-4084
-8302
-12129
-14822
-15519
-14628
-12824
-9615
-5676
-2441
-266
1635
3196
3430
2608
1807
1754
2117
2804
4194
6423
8910
11414
13884
15220
15032
14371
12494
7995
2641
-1281
-5027
-10514
-15308
-16802
-16981
-17683
-16988
-13654
-10252
-8130
-5030
-1074
461
71
1003
2648
2389
1385
2172
3920
5044
6258
8576
10678
11373
11292
10832
8938
5372
1713
-1832
-5760
-9416
-11561
-12288
-12138
-11026
-8598
-5567
-2848
-580
1460
2997
3459
3386
3291
3089
2803
3023
3808
4990
6363
8004
9867
11138
11407
11242
10440
7513
3313
14
-2840
-7369
-12157
-14341
-14874
-15828
-15814
-13195
-9921
-7696
-4923
-939
1368
1433
1918
3255
3282
2131
2060
3109
3834
4470
6207
8173
8948
8497
7922
7071
4595
936
-2592
-5445
-7995
-9983
-10682
-10063
-8703
-6395
-3383
-774
1041
2403
3511
3906
3507
2758
2411
2570
2889
3517
4783
6358
7774
9226
10194
10052
9406
7936
4662
773
-2039
-4829
-9029
-12690
-13682
-13683
-14101
-13277
-10423
-7534
-5460
-2497
872
2067
1895
2791
3888
3335
2185
2262
3024
3524
4239
5456
6490
6962
7179
6894
5088
2243
-263
-2679
-5804
-8721
-10054
-10125
-9638
-8265
-5801
-3017
-503
1885
3978
5046
5161
5133
4978
4391
3700
3457
3759
4360
5050
6053
7223
8010
8086
7868
6858
4035
505
-2110
-4624
-8668
-12557
-13912
-13966
-14532
-13791
-10790
-7656
-5314
-1960
2005
3818
3969
4875
6022
5397
3817
3285
3563
3386
3411
4419
5455
5660
5495
5280
3920
1219
-1579
-4086
-6938
-9787
-11321
-11257
-10414
-8853
-6005
-2553
608
3279
5581
7024
7301
6901
6387
5652
4646
3991
4127
4671
5239
6224
7449
8076
7977
7630
6160
2866
-876
-3687
-6643
-10967
-14653
-15655
-15493
-15606
-14177
-10557
-7025
-4288
-486
3543
5115
5245
6258
7169
6175
4634
4310
4429
4109
4308
5257
5784
5542
5454
5194
3370
219
-2579
-4809
-7634
-10661
-12187
-12121
-11446
-9862
-7015
-3751
-785
2381
5430
7283
7815
7993
8130
7711
6544
5541
5315
5282
5264
5642
6325
6547
6505
6492
5597
2834
-618
-3257
-5613
-9367
-13514
-15442
-15588
-15804
-15153
-12285
-8779
-5878
-2229
2312
5159
5982
7039
8549
8494
6882
5896
5820
5252
4528
4980
5521
5187
4595
4261
3150
455
-2542
-5136
-7726
-10452
-12343
-12737
-12074
-10829
-8103
-4529
-1390
1436
4400
6961
8088
8244
8261
8117
7457
6706
6399
6429
6340
6559
7225
7413
6821
6229
5246
2503
-1235
-4183
-6569
-10260
-14298
-16036
-15990
-16217
-15589
-12535
-8781
-5977
-2488
2090
5004
5887
7093
8750
8791
7421
6659
6718
6243
5611
5847
6330
5893
5100
4665
3532
760
-2637
-5255
-7664
-10574
-13070
-13750
-13108
-11889
-9655
-6260
-2836
324
3565
6461
8092
8498
8649
8865
8507
7438
6757
6862
6977
6954
7333
7630
7266
6666
5906
3540
-277
-3697
-6207
-9537
-13843
-16551
-16887
-16834
-16438
-13914
-10044
-6706
-3308
1276
4959
6348
7288
8855
9355
8165
7020
6797
6433
5728
5766
6338
6326
5725
5107
4089
1816
-1467
-4673
-7579
-10544
-13129
-14454
-14228
-13003
-10720
-7276
-3528
-40
3242
6089
7936
8511
8433
8259
7769
6957
6401
6476
6845
7255
7893
8458
8414
7847
6965
4845
1057
-2980
-6015
-9114
-13358
-16771
-17562
-17179
-16745
-14683
-10815
-7072
-3751
563
4703
6586
7240
8524
9421
8425
6878
6360
6141
5428
5278
5936
6146
5750
5460
4884
2922
-53
-3158
-6208
-9419
-12234
-14021
-14533
-13923
-12031
-8773
-5096
-1623
1884
5396
7757
8711
8905
8772
8118
7143
6224
5752
5621
5806
6557
7418
7694
7472
7315
6538
3879
-193
-3797
-6683
-10166
-14365
-17020
-17352
-17024
-16087
-13192
-9097
-5549
-1883
2794
6518
7716
8274
9406
9561
7993
6494
5946
5249
4431
4684
5458
5298
4893
4869
4175
1795
-1266
-4129
-7151
-10332
-12695
-13894
-14145
-13221
-10656
-6930
-3453
-231
3317
6541
8163
8488
8524
8217
7163
6119
5651
5441
5304
5729
6835
7548
7476
7183
6932
5613
2275
-1793
-4929
-7776
-11523
-15209
-16852
-16831
-16492
-14945
-11472
-7530
-4134
-169
4473
7430
8230
9056
10094
9493
7599
6407
5879
4813
4050
4565
5194
4833
4528
4587
3453
675
-2330
-4934
-8014
-11384
-13636
-14394
-14261
-13024
-10196
-6282
-2620
859
4683
7771
9048
9245
9282
8722
7238
5857
5197
4781
4624
5128
6242
6922
7008
7018
6816
5278
1910
-2053
-5370
-8371
-11922
-15500
-17298
-17014
-16110
-14321
-10821
-6604
-2864
1153
5683
8567
9228
9712
10447
9783
7745
6112
5354
4355
3537
3867
4488
4299
3933
3955
2905
279
-2722
-5469
-8556
-11718
-13835
-14635
-14545
-13156
-10054
-6106
-2443
1089
5012
8129
9544
9847
9758
8988
7602
6335
5508
4817
4565
5198
6229
6736
6792
6878
6551
4947
1773
-2143
-5680
-8715
-12132
-15655
-17548
-17381
-16365
-14404
-10830
-6548
-2550
1679
6182
9144
9991
10383
10881
10087
7885
6092
5160
4108
3247
3526
4197
4232
4075
4166
2976
69
-2870
-5417
-8713
-12539
-14875
-15289
-14937
-13578
-10465
-6320
-2149
1814
5733
8719
9913
10073
9987
9160
7283
5544
4894
4665
4555
5091
6159
7038
7388
7307
6717
5149
1870
-2392
-6009
-8855
-12341
-16081
-17812
-17205
-16026
-14198
-10446
-5743
-1757
2084
6622
9719
10159
10043
10607
9921
7458
5530
4848
3955
3104
3485
4298
4182
3848
3889
2885
222
-2710
-5429
-8714
-12078
-14055
-14691
-14709
-13402
-10314
-6365
-2689
924
4767
7898
9296
9663
9752
9096
7546
6163
5399
4784
4362
4728
5572
6131
6225
6227
5961
4785
2324
-1092
-4634
-7744
-10460
-13465
-16073
-16639
-15406
-13751
-11196
-7136
-2734
977
4851
8553
10207
10149
10082
9849
8254
5916
4418
3689
2942
2749
3445
4004
3826
3647
3412
1680
-1351
-4272
-7085
-10265
-12984
-14307
-14380
-13514
-11211
-7657
-3824
-144
3431
6632
8643
9230
9149
8579
7338
5888
4832
4332
4044
4290
5109
5933
6310
6423
6252
5293
3498
700
-2986
-6510
-8950
-11375
-14332
-15995
-15097
-13382
-11539
-8297
-3871
-58
3103
6757
9469
9695
9005
8991
8294
6005
3962
3303
2835
2301
2761
3812
4260
4009
3783
2967
650
-2603
-5730
-8542
-11519
-13859
-14469
-13689
-12152
-9419
-5474
-1329
2048
5108
7782
9158
9137
8409
7441
6133
4700
3778
3535
3687
4162
5099
6176
6568
6335
5959
4966
2791
-563
-4250
-7277
-9609
-12117
-14559
-15157
-13752
-11875
-9461
-5716
-1683
1650
4774
7930
9404
8871
8073
7676
6364
4069
2507
2166
1920
1942
2981
4135
4454
4379
4247
2801
-264
-3554
-6330
-9323
-12522
-14255
-14091
-13017
-11062
-7581
-3455
241
3559
6680
8580
8861
8275
7423
6176
4452
3076
2636
2826
3289
4315
5705
6681
6969
6999
6305
4523
2120
-1119
-5011
-8260
-10099
-11889
-14036
-14251
-12014
-9646
-7401
-3887
175
2935
5023
7579
8669
7410
6084
5799
4781
2563
1290
1561
1847
2116
3308
4610
4878
4377
3760
2371
-634
-4254
-7336
-9700
-11924
-13503
-13304
-11506
-9097
-5894
-2099
1417
4184
6523
8115
8185
7240
6057
4885
3619
2391
1787
2167
3064
4103
5297
6298
6646
6490
5928
4365
1992
-1067
-4533
-7373
-9072
-10625
-12421
-12563
-10567
-8270
-6237
-3244
249
2842
4555
6442
7313
6270
4879
4396
3583
1787
683
1056
1603
2072
3214
4464
4803
4439
3931
2450
-511
-3805
-6467
-8795
-11055
-12334
-12002
-10613
-8423
-5244
-1732
1266
3766
6102
7492
7270
6315
5288
4014
2551
1523
1185
1388
2232
3678
5060
6009
6545
6687
6171
4537
2403
3
-3124
-6343
-8184
-8867
-10103
-11112
-9738
-7105
-5312
-3444
-469
2216
3318
4353
5663
5354
3614
2627
2569
1704
343
425
1535
2170
2827
4174
5097
4677
3668
2657
740
-2347
-5463
-7653
-9140
-10392
-10756
-9606
-7570
-5143
-2228
714
2905
4418
5700
6184
5380
3967
2800
1995
1228
650
907
1870
3087
4438
5717
6402
6367
5974
5068
3270
1119
-1262
-4052
-6316
-7212
-7630
-8672
-8864
-7085
-5062
-3871
-2194
169
1682
2224
3306
4140
3206
1819
1680
1807
942
330
1055
2010
2547
3508
4647
4825
4064
3294
2138
-291
-3189
-5458
-7255
-8879
-9653
-9192
-8077
-6470
-3940
-1072
1122
2655
4082
5080
4841
3757
2730
1885
1046
558
797
1514
2484
3949
5610
6661
6833
6617
6105
4715
2592
570
-1720
-4492
-6447
-6761
-6999
-8049
-7963
-6009
-4354
-3595
-2104
1
941
1188
2335
3075
2059
986
1351
1772
1159
933
1908
2886
3390
4150
5031
4875
3839
2824
1405
-1052
-3728
-5664
-7188
-8606
-9049
-8301
-7112
-5637
-3492
-997
779
1833
2887
3525
3168
2419
1963
1605
1239
1397
2121
3010
4046
5363
6536
6984
6704
6150
5283
3679
1675
-26
-1925
-4214
-5691
-5770
-5887
-6905
-7009
-5534
-4379
-4142
-3152
-1368
-494
-220
1040
2134
1653
1113
1914
2636
2128
1863
2751
3501
3589
3987
4582
4292
3172
2304
1250
-872
-3345
-5220
-6422
-7542
-8264
-8128
-7291
-5995
-4217
-2208
-504
664
1867
2979
3237
2857
2521
2535
2532
2512
2816
3527
4446
5380
6148
6546
6315
5682
4862
3546
1633
-116
-1766
-3854
-5640
-6023
-5953
-6875
-7472
-6297
-4933
-4613
-3781
-1854
-563
-224
1037
2588
2529
1839
2451
3363
2922
2349
3044
3772
3696
3881
4551
4385
3120
2079
1264
-601
-3218
-5065
-6122
-7440
-8544
-8271
-7352
-6634
-5307
-3123
-1271
-164
1078
2538
3324
3306
3372
3764
3899
3727
3981
4642
4971
5158
5633
5840
5246
4441
3786
2685
1002
-359
-1332
-2986
-4953
-5697
-5413
-6128
-7439
-7134
-5769
-5302
-4867
-3101
-1236
-390
864
2928
3839
3398
3485
4319
4215
3237
2987
3372
3252
3042
3422
3660
2919
2043
1311
-82
-2166
-4200
-5825
-7466
-8677
-8982
-8657
-8066
-6775
-4532
-2054
-270
1392
3263
4658
5157
5205
5276
4996
4537
4335
4358
4283
4196
4519
4907
4610
3969
3479
2768
1405
-64
-1066
-2645
-4844
-6201
-6242
-6586
-7859
-8043
-6544
-5315
-4661
-3028
-730
712
1711
3588
4945
4553
3925
4361
4519
3388
2443
2641
2787
2489
2662
3149
2816
1829
1116
47
-2070
-4548
-6285
-7709
-9266
-10035
-9516
-8437
-7129
-4894
-1917
538
2344
4356
6079
6686
6426
6234
5918
4989
4055
3749
3682
3374
3360
3878
4063
3525
3025
2604
1557
-109
-1408
-2496
-4343
-6322
-6940
-6613
-7095
-7790
-6769
-4786
-3712
-2650
-382
1796
2646
3565
5151
5519
4412
3839
4151
3542
2126
1747
2221
2060
1750
2179
2460
1556
375
-409
-1753
-4179
-6543
-7727
-8617
-9650
-9716
-8340
-6599
-4757
-2016
1044
3155
4798
6512
7551
7353
6496
5862
5066
3832
2771
2460
2452
2229
2374
2930
2979
2416
1924
1277
-14
-1644
-2736
-3731
-5373
-6791
-6690
-5808
-5868
-5944
-4350
-2207
-1145
-49
1918
3388
3644
4226
5199
4871
3515
2986
3172
2418
1171
1010
1402
1095
723
973
868
-202
-1235
-2118
-3507
-5331
-6773
-7488
-7995
-7991
-7130
-5566
-3800
-1752
874
3250
4677
5801
6727
6932
6337
5389
4425
3349
2458
1861
1553
1399
1302
1577
1889
1637
962
370
-313
-1427
-2590
-3227
-3710
-4593
-5211
-4612
-3410
-3166
-3103
-1794
-161
461
1019
2317
3154
3066
3387
4119
3725
2477
1966
2084
1417
268
-67
43
-300
-607
-433
-514
-1258
-1895
-2272
-2993
-4348
-5419
-5505
-5405
-5432
-4930
-3404
-1724
-181
1771
3610
4622
5352
6023
6117
5258
4065
3188
2364
1431
554
247
236
110
288
656
504
2
-227
-486
-1219
-2013
-2175
-2187
-2736
-3232
-2603
-1356
-1171
-1498
-570
756
936
979
1883
2485
2060
2091
2768
2388
1047
438
683
162
-1037
-1362
-1057
-1237
-1455
-986
-611
-1059
-1401
-1233
-1482
-2488
-3284
-3180
-3112
-3374
-2964
-1739
-696
102
1514
3039
3594
3803
4316
4486
3744
2648
2016
1458
522
-285
-449
-458
-754
-618
-40
38
-355
-228
133
-152
-627
-485
-1
-299
-914
-612
350
399
-362
-263
549
459
-12
431
952
578
285
921
983
-115
-846
-595
-730
-1729
-2134
-1625
-1417
-1486
-893
5
184
91
374
329
-276
-910
-1193
-1649
-2183
-2033
-1459
-1037
-710
213
1471
2073
2218
2614
2856
2471
1723
1187
563
-281
-766
-899
-966
-1089
-786
-46
428
498
720
1261
1410
1206
1168
1449
1454
937
533
795
1055
405
-450
-440
-343
-987
-1346
-1021
-955
-1407
-1205
-527
-735
-1441
-1402
-905
-1121
-1629
-1315
-680
-502
-163
754
1398
1382
1506
1780
1403
516
-70
-413
-1175
-1913
-1938
-1654
-1686
-1512
-610
229
479
830
1392
1496
1058
662
430
-50
-652
-904
-752
-628
-503
189
1047
1450
1736
2378
2806
2649
2510
2547
2496
1902
1011
530
518
51
-1119
-1788
-1766
-2131
-2666
-2547
-2216
-2319
-2297
-1511
-988
-1303
-1414
-795
-353
-632
-559
120
500
699
1402
2155
2271
2147
2307
2240
1271
163
-308
-838
-2072
-2911
-2640
-2507
-2857
-2345
-1175
-577
-300
380
1063
988
603
555
539
37
-502
-232
268
309
670
1713
2441
2663
3084
3562
3448
3000
2787
2598
1984
839
-55
-262
-558
-1595
-2559
-2776
-2877
-3284
-3371
-2939
-2653
-2489
-1822
-867
-566
-702
-299
364
372
130
443
887
990
1307
2054
2430
2338
2340
2278
1692
722
-137
-1005
-2057
-2895
-3252
-3394
-3488
-3151
-2258
-1455
-878
-170
561
923
948
936
831
582
388
395
606
872
1223
1845
2506
2910
3108
3305
3310
2967
2503
2058
1649
1004
-2
-802
-1026
-1255
-2152
-3007
-3074
-3024
-3295
-3220
-2618
-2188
-1985
-1200
-185
58
-57
343
866
754
526
775
1020
1074
1415
1984
2190
2028
2006
1941
1248
188
-634
-1408
-2423
-3305
-3603
-3646
-3637
-3161
-2290
-1433
-740
4
790
1187
1186
1197
1194
997
756
842
1121
1279
1617
2228
2775
2994
3046
3119
2942
2443
1887
1411
976
258
-659
-1225
-1302
-1517
-2373
-2975
-2867
-2815
-3057
-2911
-2299
-1922
-1678
-804
98
211
118
564
1025
809
564
785
995
1070
1424
1930
2114
1911
1793
1721
1040
-53
-1027
-1742
-2610
-3459
-3724
-3722
-3658
-3213
-2364
-1447
-769
-84
762
1333
1513
1546
1702
1732
1517
1523
1693
1762
1878
2258
2633
2645
2569
2656
2504
2028
1534
1244
837
-94
-1024
-1362
-1430
-2105
-3085
-3293
-3013
-3110
-3139
-2553
-1858
-1568
-962
162
656
374
427
1005
1062
491
387
770
938
1098
1660
2185
2181
2123
2178
1732
663
-447
-1413
-2468
-3516
-4150
-4409
-4464
-4061
-3098
-1950
-1024
-94
1017
1868
2130
2121
2097
1906
1593
1390
1341
1321
1521
2026
2586
2863
2921
3028
3015
2574
1760
1068
550
-253
-1411
-2105
-2081
-2158
-2834
-3158
-2694
-2393
-2512
-2213
-1500
-1232
-1130
-385
323
143
-109
370
824
529
300
741
1161
1290
1673
2239
2210
1877
1837
1533
396
-811
-1528
-2364
-3404
-3985
-3988
-3868
-3594
-2866
-1830
-962
-268
567
1406
1737
1739
1934
2063
1888
1716
1830
1963
2011
2204
2541
2692
2579
2443
2340
1931
1233
716
305
-181
-914
-1529
-1773
-1726
-1909
-2409
-2597
-2356
-2293
-2288
-1937
-1455
-1186
-827
-80
364
294
334
733
912
680
666
1006
1250
1417
1726
1992
1932
1464
1034
566
-311
-1559
-2548
-3036
-3517
-3894
-3824
-3414
-2834
-1969
-1017
-246
297
908
1527
1853
1807
1715
1897
2059
2073
2142
2314
2470
2663
2816
2615
2144
1747
1414
826
143
-364
-582
-879
-1415
-1649
-1376
-1289
-1795
-2132
-1893
-1864
-2158
-1974
-1453
-1238
-1074
-328
413
460
440
905
1301
1094
875
1127
1298
1155
1223
1500
1375
878
476
53
-719
-1642
-2403
-2976
-3441
-3653
-3459
-3003
-2496
-1779
-758
120
664
1187
1709
1927
1950
2011
2057
2052
2116
2252
2425
2565
2586
2577
2411
1953
1357
862
318
-330
-793
-910
-1116
-1552
-1684
-1282
-1066
-1553
-1911
-1689
-1642
-1962
-1879
-1370
-1138
-988
-247
540
634
566
957
1326
1085
776
883
971
800
809
1046
1008
625
103
-265
-730
-1531
-2429
-2944
-3026
-3108
-3021
-2524
-1916
-1194
-278
478
941
1242
1626
1880
1893
1821
1807
1980
2114
2174
2318
2452
2468
2361
2062
1542
921
420
-51
-582
-921
-919
-907
-1189
-1317
-876
-639
-1178
-1647
-1551
-1579
-1973
-1887
-1310
-1047
-862
-74
756
878
723
981
1211
876
471
443
437
255
308
704
660
143
-59
-36
-603
-1641
-2165
-2225
-2519
-2773
-2458
-1895
-1473
-928
-52
558
720
1004
1526
1721
1465
1450
1820
1934
1804
1945
2269
2296
2183
2093
1813
1263
838
527
95
-376
-504
-339
-524
-1069
-1135
-694
-857
-1701
-2069
-1838
-1972
-2200
-1771
-1092
-804
-383
562
1139
886
675
930
862
251
-84
16
4
-34
342
806
842
527
287
106
-538
-1547
-2284
-2551
-2747
-2821
-2399
-1748
-1118
-278
635
1146
1249
1382
1605
1514
1140
908
1040
1251
1379
1721
2180
2410
2534
2637
2413
1730
1055
635
90
-568
-893
-939
-1213
-1554
-1303
-869
-1165
-1723
-1650
-1413
-1683
-1816
-1315
-880
-744
-252
494
700
498
638
915
710
266
196
310
273
274
443
510
350
188
-36
-545
-1240
-1743
-1976
-2135
-2256
-2079
-1577
-1003
-470
100
530
710
851
1006
999
832
763
911
1173
1463
1749
2123
2474
2645
2595
2344
1863
1279
756
222
-313
-581
-508
-596
-946
-993
-615
-674
-1394
-1895
-1887
-2099
-2464
-2246
-1643
-1239
-717
280
1032
1075
1071
1349
1297
667
137
9
-121
-272
-97
247
343
326
467
368
-324
-1046
-1430
-1796
-2328
-2523
-2229
-1796
-1275
-545
206
729
1013
1257
1389
1212
903
770
801
853
1057
1496
1917
2278
2606
2727
2530
2129
1650
1057
410
-140
-415
-628
-1023
-1376
-1200
-965
-1341
-1913
-1973
-1948
-2226
-2302
-1869
-1432
-1097
-365
546
928
892
1086
1391
1130
518
201
122
-52
-184
-76
32
42
81
122
-154
-713
-1160
-1341
-1584
-1916
-1923
-1604
-1255
-813
-231
248
549
856
1156
1248
1163
1126
1229
1313
1330
1529
1877
2015
2036
2129
2135
1807
1438
1163
797
372
163
136
-215
-808
-1038
-957
-1345
-2181
-2645
-2658
-2830
-2928
-2481
-1737
-1138
-405
662
1424
1529
1467
1546
1369
729
169
-109
-336
-421
-138
158
149
225
550
412
-356
-1032
-1342
-1747
-2303
-2463
-2184
-1777
-1252
-464
355
867
1198
1634
1845
1587
1222
1133
1101
938
929
1182
1519
1772
1970
2157
2108
1869
1565
1267
813
334
90
-193
-823
-1358
-1435
-1553
-2215
-2802
-2787
-2694
-2769
-2487
-1716
-1011
-416
482
1337
1606
1514
1551
1483
970
367
76
-111
-280
-238
-19
117
196
261
-3
-525
-1045
-1504
-2002
-2435
-2568
-2315
-1824
-1219
-487
345
1037
1580
1990
2055
1804
1588
1433
1181
922
898
1086
1389
1703
1925
2073
2125
2045
1798
1359
793
355
92
-412
-1171
-1662
-1709
-1924
-2537
-2935
-2819
-2676
-2603
-2150
-1362
-725
-94
845
1559
1644
1541
1644
1523
976
451
248
124
-37
-39
185
269
125
-85
-400
-986
-1747
-2330
-2744
-3045
-3005
-2532
-1834
-1026
-34
1035
1764
2148
2386
2431
2133
1648
1266
1013
812
810
1089
1471
1819
2098
2380
2423
2121
1649
1159
565
-117
-625
-1052
-1640
-2109
-2099
-2064
-2430
-2748
-2513
-2198
-2093
-1789
-1092
-428
87
753
1379
1579
1523
1554
1525
1166
707
454
366
251
20
-108
-94
-201
-604
-1126
-1555
-2014
-2459
-2728
-2767
-2542
-2077
-1392
-568
220
953
1615
2076
2203
2133
2065
1879
1574
1406
1338
1330
1390
1608
1784
1786
1721
1628
1418
999
525
105
-207
-494
-818
-1299
-1605
-1655
-1814
-2300
-2618
-2570
-2473
-2369
-1900
-1181
-519
177
1007
1623
1771
1737
1729
1498
946
438
179
3
-188
-185
-91
-162
-266
-347
-667
-1336
-1884
-2155
-2474
-2721
-2528
-1974
-1309
-607
258
1124
1759
2159
2361
2408
2200
1940
1750
1525
1316
1297
1435
1548
1586
1601
1553
1327
980
574
219
-188
-566
-705
-834
-1177
-1412
-1360
-1457
-1982
-2337
-2281
-2265
-2271
-1865
-1107
-401
259
1140
1832
2032
1951
1857
1566
886
213
-177
-520
-842
-846
-575
-483
-491
-432
-509
-909
-1367
-1746
-2141
-2463
-2453
-2104
-1556
-950
-141
852
1677
2209
2561
2771
2680
2422
2134
1802
1425
1188
1082
1092
1062
1034
1053
1022
834
582
367
90
-206
-411
-713
-1134
-1367
-1399
-1645
-2112
-2293
-2190
-2116
-1927
-1390
-656
-29
664
1433
1890
1884
1707
1508
1048
335
-257
-622
-887
-1027
-864
-592
-448
-413
-403
-571
-1026
-1596
-2053
-2400
-2590
-2465
-1994
-1310
-480
537
1513
2228
2668
2900
2916
2673
2265
1860
1493
1217
1086
1103
1138
1173
1252
1224
1009
686
370
-3
-404
-718
-963
-1269
-1520
-1469
-1389
-1613
-1870
-1814
-1670
-1644
-1452
-923
-363
175
825
1474
1795
1783
1713
1525
1003
310
-242
-658
-990
-1224
-1225
-1050
-803
-778
-943
-1016
-1131
-1480
-1897
-2062
-2043
-1826
-1374
-727
3
849
1639
2316
2724
2818
2742
2614
2303
1847
1485
1245
1033
955
929
846
761
688
521
255
-30
-327
-544
-708
-1008
-1278
-1332
-1256
-1395
-1608
-1638
-1527
-1472
-1284
-867
-355
82
675
1315
1684
1724
1689
1522
1084
457
-106
-619
-1050
-1305
-1393
-1373
-1176
-945
-986
-1145
-1194
-1240
-1524
-1810
-1851
-1664
-1314
-754
-90
662
1368
2056
2634
2872
2747
2575
2374
1956
1430
1131
934
711
613
623
607
540
432
282
64
-198
-423
-593
-824
-1181
-1350
-1258
-1271
-1483
-1566
-1418
-1270
-1131
-808
-355
81
561
1136
1577
1682
1594
1500
1225
654
18
-446
-904
-1364
-1545
-1426
-1331
-1330
-1252
-1095
-1079
-1230
-1380
-1499
-1542
-1477
-1217
-838
-364
312
1152
1873
2355
2721
2956
2945
2690
2322
1849
1367
996
779
545
297
205
258
253
74
-77
-161
-292
-447
-616
-887
-1162
-1316
-1339
-1525
-1709
-1682
-1498
-1263
-903
-374
198
706
1250
1673
1862
1785
1558
1220
746
185
-332
-783
-1097
-1258
-1255
-1238
-1218
-1175
-1218
-1364
-1537
-1722
-1898
-1958
-1790
-1458
-1005
-390
365
1222
1948
2485
2884
3090
3024
2757
2408
1988
1517
1185
947
742
586
502
434
283
65
-190
-456
-722
-950
-1139
-1341
-1555
-1560
-1439
-1402
-1471
-1379
-1183
-1026
-792
-367
110
514
978
1481
1824
1852
1748
1565
1211
650
108
-387
-871
-1286
-1493
-1578
-1617
-1659
-1765
-1824
-1830
-1897
-2037
-2024
-1852
-1540
-1097
-527
91
868
1655
2319
2820
3179
3322
3313
3122
2764
2331
1924
1531
1168
830
461
163
-48
-302
-640
-936
-1131
-1297
-1381
-1531
-1711
-1800
-1680
-1580
-1625
-1625
-1423
-1137
-795
-325
273
875
1442
2019
2419
2534
2411
2129
1652
995
302
-342
-945
-1439
-1727
-1778
-1771
-1788
-1847
-1885
-1918
-2001
-2155
-2281
-2260
-2018
-1593
-1046
-432
360
1303
2157
2806
3297
3624
3741
3676
3417
2948
2430
1982
1534
1083
627
256
-67
-387
-741
-1068
-1347
-1628
-1800
-1863
-2045
-2223
-2154
-1948
-1861
-1813
-1556
-1221
-842
-329
310
966
1583
2178
2678
2910
2870
2614
2179
1571
821
98
-582
-1144
-1542
-1750
-1825
-1892
-1986
-2101
-2217
-2388
-2652
-2839
-2809
-2622
-2271
-1689
-869
20
977
1928
2748
3337
3711
3879
3881
3682
3329
2916
2558
2177
1777
1372
967
557
72
-485
-1069
-1608
-2083
-2443
-2681
-2838
-2948
-2817
-2534
-2232
-2030
-1711
-1288
-864
-444
139
813
1461
2066
2687
3138
3312
3239
2986
2487
1755
964
171
-599
-1230
-1662
-1987
-2213
-2294
-2366
-2544
-2710
-2798
-2914
-3009
-2918
-2599
-2144
-1527
-749
209
1152
2004
2782
3463
3888
4071
4167
4087
3794
3420
3079
2634
2069
1470
897
299
-376
-1059
-1668
-2177
-2607
-2812
-2919
-3041
-3085
-2824
-2492
-2337
-2163
-1775
-1319
-921
-383
332
1076
1758
2496
3177
3566
3617
3491
3193
2557
1683
830
-6
-809
-1464
-1873
-2210
-2406
-2469
-2568
-2710
-2793
-2850
-2972
-3012
-2854
-2532
-2086
-1452
-663
290
1226
2132
2961
3627
4069
4355
4492
4362
4048
3706
3263
2724
2095
1397
697
0
-658
-1347
-1972
-2471
-2811
-2974
-3191
-3328
-3244
-3017
-2855
-2685
-2336
-1887
-1456
-825
-68
729
1486
2292
3067
3565
3770
3745
3517
3022
2263
1463
609
-224
-908
-1384
-1818
-2181
-2347
-2516
-2733
-2888
-2977
-3148
-3223
-3104
-2822
-2459
-1913
-1217
-329
585
1456
2262
3027
3622
4028
4308
4379
4232
4008
3705
3270
2668
2002
1362
653
-102
-850
-1493
-2069
-2582
-2856
-3090
-3314
-3402
-3255
-3073
-2946
-2704
-2269
-1751
-1164
-470
362
1205
1994
2743
3363
3709
3759
3606
3275
2685
1928
1153
378
-325
-897
-1320
-1786
-2085
-2306
-2624
-2900
-3032
-3160
-3358
-3329
-3043
-2707
-2261
-1643
-864
46
871
1667
2449
3097
3599
3992
4270
4214
4075
3950
3622
3155
2575
1948
1280
581
-150
-909
-1585
-2184
-2668
-2987
-3350
-3605
-3574
-3412
-3303
-3147
-2723
-2201
-1664
-972
-161
702
1481
2261
2974
3449
3641
3635
3455
3037
2382
1758
1082
326
-344
-781
-1216
-1715
-2107
-2428
-2765
-3030
-3210
-3392
-3403
-3208
-2822
-2344
-1793
-1171
-339
509
1213
1815
2453
2957
3348
3669
3830
3834
3802
3709
3474
3054
2483
1866
1224
456
-409
-1147
-1789
-2372
-2802
-3103
-3352
-3432
-3280
-3134
-3004
-2737
-2306
-1871
-1364
-699
76
820
1562
2291
2909
3266
3426
3398
3162
2680
2097
1443
763
137
-372
-841
-1297
-1642
-2001
-2333
-2611
-2828
-3064
-3174
-3071
-2830
-2485
-2004
-1438
-738
20
699
1330
1917
2415
2796
3126
3335
3400
3453
3411
3261
3058
2690
2171
1638
1056
327
-473
-1148
-1754
-2278
-2696
-3032
-3206
-3207
-3086
-2929
-2722
-2397
-1987
-1520
-978
-363
299
942
1592
2197
2617
2860
2959
2905
2627
2180
1669
1081
475
-70
-531
-1020
-1474
-1765
-1997
-2287
-2533
-2645
-2671
-2630
-2458
-2150
-1769
-1321
-790
-170
406
905
1410
1928
2316
2587
2826
2999
3091
3123
3028
2847
2564
2178
1704
1163
544
-166
-779
-1306
-1804
-2232
-2542
-2743
-2824
-2787
-2698
-2559
-2310
-1985
-1580
-1093
-551
36
662
1277
1822
2260
2554
2650
2608
2412
2050
1568
997
451
-56
-523
-984
-1379
-1633
-1839
-2043
-2205
-2293
-2315
-2269
-2107
-1866
-1592
-1242
-808
-306
159
588
1022
1469
1836
2119
2372
2567
2674
2745
2747
2613
2352
2005
1641
1166
620
46
-469
-922
-1359
-1683
-1951
-2148
-2241
-2234
-2174
-2114
-1973
-1706
-1383
-986
-568
-78
446
962
1458
1848
2102
2184
2169
2058
1769
1374
934
476
36
-367
-724
-1044
-1400
-1661
-1763
-1817
-2015
-2149
-1987
-1780
-1576
-1306
-956
-571
-142
287
641
906
1126
1329
1598
1769
1806
1923
2096
2177
2161
2081
1866
1530
1184
732
153
-416
-916
-1307
-1617
-1871
-2045
-2056
-1975
-1883
-1753
-1561
-1344
-1093
-770
-407
-30
353
769
1190
1539
1772
1917
1942
1812
1569
1260
824
325
-122
-514
-908
-1225
-1401
-1514
-1578
-1547
-1456
-1337
-1194
-1010
-830
-685
-513
-316
-114
66
289
584
878
1158
1435
1709
1911
2016
2042
1972
1819
1539
1219
871
510
96
-256
-541
-817
-1081
-1280
-1427
-1567
-1675
-1740
-1752
-1740
-1630
-1410
-1086
-730
-304
185
650
1047
1347
1554
1632
1577
1429
1193
893
536
211
-63
-335
-597
-819
-974
-1109
-1212
-1255
-1264
-1229
-1135
-943
-705
-485
-248
20
290
498
652
797
926
1066
1203
1329
1425
1537
1641
1673
1640
1520
1318
1020
687
249
-228
-663
-1073
-1446
-1730
-1926
-2033
-2031
-1956
-1820
-1591
-1304
-984
-594
-190
202
583
941
1211
1416
1581
1646
1623
1515
1330
1104
813
446
50
-341
-735
-1090
-1373
-1623
-1788
-1796
-1687
-1525
-1280
-959
-609
-244
113
427
685
894
1074
1247
1368
1430
1518
1595
1602
1568
1537
1442
1257
1036
762
402
-11
-441
-867
-1276
-1656
-1956
-2157
-2243
-2215
-2073
-1833
-1537
-1163
-737
-325
43
386
722
996
1193
1338
1441
1498
1511
1475
1374
1197
959
679
354
-22
-441
-827
-1151
-1401
-1576
-1664
-1633
-1489
-1255
-937
-585
-238
93
450
778
1017
1212
1376
1513
1603
1641
1621
1575
1466
1300
1098
840
492
118
-237
-636
-1060
-1433
-1722
-1967
-2146
-2220
-2172
-2037
-1831
-1535
-1181
-819
-463
-98
240
516
743
948
1125
1253
1338
1411
1443
1397
1317
1211
1039
782
515
236
-84
-392
-647
-860
-1026
-1102
-1062
-955
-824
-639
-388
-103
139
360
572
778
945
1064
1152
1201
1210
1187
1130
1006
812
592
323
3
-343
-682
-1003
-1300
-1505
-1618
-1672
-1664
-1558
-1384
-1214
-1054
-885
-731
-621
-526
-402
-267
-131
54
286
527
753
959
1120
1211
1233
1181
1070
921
743
556
418
328
266
233
214
217
227
228
193
118
44
-44
-114
-158
-182
-177
-126
-22
83
171
233
252
217
140
25
-113
-264
-397
-476
-495
-479
-452
-399
-338
-295
-283
-310
-375
-464
-551
-637
-707
-748
-767
-751
-704
-631
-545
-441
-325
-210
-74
84
228
368
524
674
819
966
1078
1155
1224
1279
1299
1281
1252
1195
1109
996
843
645
403
152
-92
-357
-622
-829
-974
-1076
-1141
-1157
-1115
-1042
-942
-837
-735
-630
-503
-344
-194
-54
118
312
487
611
690
714
666
551
385
177
-71
-319
-532
-718
-877
-996
-1076
-1124
-1152
-1154
-1114
-1034
-894
-683
-409
-93
264
654
1044
1400
1695
1919
2057
2125
2116
2027
1884
1687
1467
1233
990
712
385
35
-327
-699
-1079
-1445
-1768
-2006
-2128
-2140
-2042
-1844
-1531
-1145
-734
-336
24
328
560
733
852
902
908
903
875
827
767
667
510
322
113
-131
-404
-696
-976
-1193
-1356
-1467
-1507
-1477
-1367
-1170
-903
-603
-274
88
480
880
1249
1561
1826
2028
2148
2194
2159
2028
1827
1604
1336
1011
662
316
-31
-393
-744
-1066
-1378
-1668
-1884
-2016
-2094
-2094
-1966
-1738
-1445
-1096
-690
-274
92
397
666
861
945
968
976
933
842
764
702
629
518
391
270
112
-97
-316
-527
-746
-941
-1065
-1136
-1164
-1108
-970
-786
-559
-287
10
315
606
865
1087
1265
1397
1479
1493
1439
1348
1241
1087
889
689
504
321
117
-91
-306
-516
-725
-946
-1145
-1325
-1461
-1519
-1488
-1394
-1229
-982
-699
-417
-140
108
292
418
490
504
481
450
410
373
361
370
378
386
382
361
321
243
120
-19
-157
-299
-408
-487
-541
-544
-486
-399
-303
-196
-70
54
166
262
360
451
532
615
687
738
775
804
798
765
701
601
478
352
201
18
-165
-338
-510
-689
-850
-990
-1089
-1133
-1133
-1095
-1012
-874
-701
-521
-349
-166
-11
116
222
297
346
382
432
485
534
595
656
696
727
742
714
626
504
349
161
-34
-214
-365
-493
-598
-649
-653
-642
-616
-560
-484
-397
-292
-167
-28
128
292
452
603
738
839
897
909
890
819
693
541
362
152
-68
-274
-493
-712
-899
-1045
-1145
-1204
-1216
-1158
-1038
-886
-687
-465
-268
-72
137
316
441
554
668
756
818
872
915
932
923
900
856
754
600
444
273
52
-175
-369
-546
-720
-846
-920
-963
-965
-915
-827
-713
-568
-381
-175
23
221
417
588
718
805
853
856
808
742
659
532
386
247
108
-65
-247
-421
-577
-733
-875
-970
-1004
-991
-927
-791
-611
-407
-188
28
222
385
517
610
662
690
706
723
730
718
689
651
602
523
411
268
118
-40
-198
-351
-485
-593
-673
-723
-748
-743
-708
-649
-564
-456
-337
-206
-64
86
220
336
434
511
560
579
572
536
478
414
344
255
154
53
-44
-139
-238
-335
-421
-487
-529
-545
-535
-504
-450
-365
-256
-148
-48
55
162
258
336
400
449
488
511
524
513
487
452
395
325
242
152
59
-33
-126
-213
-285
-349
-408
-453
-482
-503
-522
-519
-489
-457
-409
-334
-241
-150
-50
65
173
259
327
377
400
399
385
356
307
258
213
170
127
77
32
-10
-55
-113
-165
-215
-271
-312
-337
-346
-331
-277
-203
-117
-22
79
176
259
326
373
409
427
431
434
424
398
367
331
269
187
98
5
-95
-197
-289
-370
-442
-495
-528
-544
-556
-553
-526
-478
-420
-346
-253
-156
-47
63
158
245
320
372
407
419
408
380
327
267
208
153
91
39
-4
-47
-85
-129
-174
-218
-255
-283
-291
-269
-222
-151
-56
53
170
281
371
430
460
481
478
446
397
338
281
225
160
86
15
-57
-138
-214
-285
-356
-429
-490
-531
-557
-580
-588
-569
-529
-475
-392
-289
-173
-47
85
213
312
380
422
444
422
372
307
234
154
81
30
-22
-67
-96
-108
-114
-123
-126
-122
-124
-129
-110
-75
-33
15
86
171
261
339
404
462
497
498
468
418
346
260
170
71
-21
-102
-172
-225
-262
-293
-318
-338
-348
-348
-363
-389
-404
-405
-407
-402
-381
-337
-276
-178
-67
42
156
263
353
405
418
393
338
256
160
58
-32
-101
-147
-172
-174
-148
-107
-64
-22
24
69
100
119
136
151
164
179
200
224
256
293
328
352
356
339
292
223
127
21
-76
-169
-250
-304
-325
-327
-310
-280
-253
-242
-233
-226
-242
-280
-321
-344
-354
-347
-320
-270
-196
-102
7
115
208
287
350
375
368
332
271
182
83
-4
-81
-145
-178
-176
-149
-108
-53
7
61
110
152
177
200
223
250
277
299
322
351
365
361
348
326
287
236
170
93
9
-71
-142
-224
-301
-366
-417
-457
-492
-517
-527
-528
-522
-507
-483
-455
-426
-390
-339
-274
-207
-137
-44
65
177
286
389
477
543
581
591
565
505
424
332
234
138
50
-26
-84
-117
-133
-141
-136
-118
-91
-71
-50
-19
18
56
95
144
196
245
290
326
344
342
331
311
274
213
135
51
-37
-132
-237
-346
-443
-528
-594
-636
-656
-652
-625
-578
-521
-461
-405
-346
-282
-209
-125
-29
83
218
358
495
620
716
777
804
775
693
580
453
303
140
-1
-115
-204
-279
-334
-362
-377
-398
-400
-381
-360
-325
-253
-152
-49
57
172
285
374
429
465
487
476
437
391
338
268
192
112
29
-64
-166
-266
-371
-477
-570
-641
-693
-723
-723
-696
-635
-551
-450
-343
-234
-114
20
147
260
381
500
608
698
767
808
813
785
714
604
464
305
141
-19
-170
-298
-391
-458
-502
-524
-523
-512
-488
-451
-398
-329
-246
-147
-41
65
167
267
364
429
460
480
469
432
382
322
247
167
94
10
-72
-148
-225
-311
-400
-481
-543
-590
-623
-631
-600
-523
-421
-306
-177
-41
96
224
336
434
515
581
642
692
719
728
717
676
607
500
367
212
40
-133
-290
-428
-550
-636
-681
-686
-668
-633
-582
-514
-433
-346
-258
-165
-58
59
171
275
373
457
513
539
541
512
445
359
273
185
97
17
-61
-130
-193
-253
-322
-393
-458
-503
-534
-549
-532
-479
-397
-300
-187
-59
61
170
280
380
465
534
593
649
690
709
700
651
559
441
296
128
-47
-207
-348
-469
-551
-590
-596
-578
-546
-497
-440
-389
-335
-286
-236
-177
-96
-3
83
174
269
359
429
461
465
441
395
333
256
174
98
38
-9
-58
-111
-170
-228
-293
-366
-438
-494
-519
-516
-486
-422
-324
-209
-89
31
143
245
329
396
455
508
552
595
625
626
595
540
458
339
193
35
-118
-258
-374
-456
-506
-529
-523
-493
-453
-421
-393
-352
-311
-274
-223
-152
-65
24
124
224
309
380
435
460
460
432
390
336
276
213
149
88
22
-47
-127
-212
-296
-376
-444
-486
-505
-495
-450
-380
-291
-191
-100
-17
59
128
192
252
322
387
453
512
560
585
572
514
423
311
174
18
-134
-264
-369
-439
-478
-491
-482
-452
-420
-387
-350
-317
-286
-252
-200
-133
-53
40
143
248
345
425
480
511
520
508
475
434
384
324
269
212
141
54
-44
-143
-243
-339
-425
-479
-510
-511
-479
-426
-372
-316
-259
-210
-165
-117
-69
-2
84
178
278
377
460
513
532
502
421
308
180
41
-90
-193
-271
-320
-341
-334
-317
-303
-295
-297
-299
-308
-314
-301
-266
-207
-120
-15
93
202
295
364
411
435
444
448
447
444
437
425
413
391
348
275
178
68
-48
-165
-277
-371
-444
-486
-495
-487
-468
-441
-406
-369
-332
-291
-235
-160
-61
46
164
291
396
464
493
490
447
364
259
157
69
-13
-82
-125
-155
-177
-198
-228
-271
-313
-349
-379
-394
-384
-341
-268
-174
-72
30
133
218
287
326
352
381
407
423
435
455
470
461
428
377
303
203
81
-47
-170
-283
-381
-458
-509
-532
-540
-538
-519
-483
-431
-368
-290
-194
-80
34
153
273
377
452
503
531
523
480
412
336
257
174
94
29
-25
-80
-137
-189
-239
-301
-356
-399
-422
-425
-407
-361
-299
-219
-128
-40
37
97
148
190
225
251
271
296
329
353
365
363
346
311
250
167
65
-45
-150
-243
-323
-389
-437
-458
-454
-433
-395
-346
-290
-222
-147
-70
14
97
177
255
324
377
413
435
433
400
354
303
247
187
125
64
8
-46
-102
-156
-211
-253
-278
-291
-291
-281
-256
-213
-166
-127
-91
-61
-29
5
33
59
88
125
158
185
201
205
203
184
145
104
61
15
-31
-78
-115
-143
-165
-190
-209
-223
-228
-227
-215
-188
-150
-108
-56
2
58
113
158
191
211
217
212
209
200
186
173
160
152
146
138
119
98
76
46
6
-36
-73
-104
-126
-138
-140
-133
-126
-116
-102
-97
-100
-108
-116
-126
-127
-119
-103
-76
-41
1
45
85
111
134
151
153
147
135
123
102
75
47
17
-14
-47
-83
-113
-141
-159
-162
-158
-146
-127
-91
-53
-11
25
44
61
78
85
93
93
96
114
136
156
179
200
204
198
182
145
89
23
-40
-105
-166
-218
-247
-258
-257
-249
-238
-228
-218
-206
-194
-180
-163
-125
-68
-7
52
121
191
240
264
278
274
257
235
203
169
132
102
78
43
-2
-50
-91
-129
-172
-215
-243
-252
-240
-215
-181
-138
-86
-32
19
62
96
129
158
183
207
233
254
266
270
268
251
219
180
120
58
-11
-87
-164
-232
-279
-313
-334
-346
-332
-306
-280
-253
-224
-190
-151
-116
-78
-28
35
99
153
205
256
295
310
310
299
277
237
190
152
115
72
28
-8
-43
-81
-119
-157
-188
-215
-234
-240
-232
-214
-181
-136
-80
-21
37
93
146
192
229
260
285
296
292
277
249
203
145
87
28
-29
-87
-140
-174
-205
-242
-271
-298
-325
-344
-354
-349
-330
-292
-239
-176
-102
-24
50
121
183
229
264
291
300
299
295
286
269
246
219
184
143
94
41
-6
-58
-116
-162
-192
-220
-243
-261
-264
-257
-238
-210
-176
-120
-56
12
81
152
211
260
297
311
319
302
264
229
195
156
115
70
19
-31
-89
-150
-215
-286
-350
-391
-415
-424
-417
-388
-337
-263
-176
-93
-10
71
141
199
244
276
292
301
299
288
280
267
241
213
186
144
92
30
-28
-78
-128
-178
-214
-239
-255
-257
-250
-239
-211
-166
-122
-79
-27
33
95
147
180
209
243
262
257
248
240
222
192
151
110
60
1
-64
-130
-185
-230
-254
-261
-250
-227
-187
-147
-108
-71
-40
-20
-9
7
22
39
61
85
108
121
127
120
106
84
51
15
-16
-41
-62
-70
-74
-69
-62
-64
-62
-58
-57
-52
-42
-30
-10
16
38
65
87
92
89
84
79
68
59
51
57
69
73
66
59
49
27
5
-21
-56
-87
-107
-117
-125
-133
-134
-122
-102
-87
-79
-67
-44
-22
-2
15
38
53
60
55
56
48
30
13
5
1
1
11
24
42
68
97
118
132
138
134
126
105
72
40
5
-24
-41
-50
-53
-51
-37
-20
-17
-19
-24
-33
-50
-70
-90
-105
-102
-95
-76
-44
-4
42
77
99
102
99
87
50
-1
-51
-97
-128
-143
-142
-125
-93
-58
-31
-16
-13
-31
-53
-76
-101
-114
-106
-71
-23
36
104
175
240
284
294
289
273
240
199
153
121
95
74
54
43
28
0
-38
-83
-131
-179
-219
-249
-262
-268
-257
-232
-199
-161
-120
-85
-50
-16
20
53
85
116
137
149
153
149
128
105
76
40
3
-27
-51
-76
-93
-106
-119
-123
-127
-138
-148
-152
-150
-141
-129
-107
-66
-10
57
124
194
258
295
318
317
308
274
236
201
164
130
93
67
38
-4
-54
-100
-145
-193
-235
-268
-291
-292
-287
-278
-256
-222
-175
-125
-71
-19
27
70
108
136
157
177
192
201
196
179
164
146
119
78
37
7
-17
-39
-61
-82
-97
-99
-101
-115
-122
-109
-90
-68
-43
-4
42
92
132
168
194
214
224
209
184
160
130
97
71
43
14
-13
-42
-71
-106
-143
-175
-200
-219
-235
-238
-231
-222
-207
-179
-145
-109
-70
-29
11
50
86
105
120
133
138
141
134
123
108
97
79
56
33
11
-11
-23
-26
-31
-29
-26
-25
-22
-23
-28
-36
-49
-57
-56
-44
-22
17
57
97
141
176
197
205
197
168
136
101
58
18
-19
-48
-70
-87
-102
-129
-156
-181
-203
-227
-243
-255
-252
-231
-199
-165
-123
-77
-35
-2
27
48
69
90
106
123
139
152
159
162
156
139
119
103
85
61
43
24
8
-9
-26
-45
-64
-71
-79
-86
-83
-70
-53
-31
-7
15
34
54
78
95
101
104
108
114
101
89
83
69
43
17
-6
-29
-58
-97
-126
-143
-160
-172
-172
-161
-137
-117
-94
-79
-66
-59
-53
-42
-26
-3
25
56
93
138
167
179
177
174
161
139
108
84
73
68
71
68
50
32
16
-5
-41
-81
-108
-115
-114
-108
-102
-83
-57
-42
-35
-19
-6
-2
1
3
11
18
26
32
37
38
34
29
22
17
4
-11
-18
-29
-46
-56
-63
-70
-78
-85
-84
-74
-56
-45
-36
-24
-5
9
24
40
54
67
84
95
93
92
78
61
42
33
29
30
36
37
32
27
10
-17
-39
-62
-83
-99
-102
-98
-85
-65
-49
-32
-14
-9
-13
-12
-5
-2
2
7
22
50
70
82
93
103
102
89
73
44
16
-7
-28
-48
-68
-81
-93
-109
-117
-120
-123
-129
-128
-115
-93
-69
-43
-13
19
54
89
113
133
150
159
169
169
160
146
132
120
105
82
59
39
16
-13
-47
-79
-112
-141
-163
-182
-187
-174
-152
-122
-87
-49
-9
28
59
79
92
99
109
117
121
122
124
128
127
117
96
68
37
-2
-43
-87
-128
-159
-177
-189
-193
-188
-175
-158
-133
-112
-91
-61
-28
2
25
53
83
116
140
156
169
176
172
163
144
110
85
58
28
-3
-24
-41
-62
-88
-116
-133
-144
-148
-148
-130
-104
-79
-45
-12
12
31
52
73
95
112
123
141
156
161
153
133
110
81
41
5
-22
-45
-71
-95
-111
-121
-137
-150
-152
-146
-146
-134
-114
-99
-86
-70
-55
-43
-30
-20
-3
13
27
46
67
80
94
108
114
106
92
82
61
37
12
2
-8
-18
-17
-11
-2
4
11
17
20
21
21
21
28
36
39
45
50
49
52
47
39
34
24
14
6
-4
-14
-17
-18
-21
-33
-37
-38
-44
-50
-58
-55
-52
-47
-44
-37
-29
-31
-42
-54
-68
-78
-84
-85
-77
-61
-39
-21
-7
6
21
32
37
36
35
47
57
61
64
70
79
88
96
95
97
92
83
70
48
28
7
-7
-15
-19
-22
-14
-9
-10
-6
3
3
-3
-4
-10
-12
-8
-5
-1
5
8
11
5
0
-5
-19
-28
-37
-42
-59
-69
-76
-83
-92
-103
-104
-104
-109
-113
-109
-92
-64
-38
-8
24
54
91
118
139
148
155
155
143
127
115
105
88
67
46
26
12
-6
-31
-49
-66
-88
-107
-122
-132
-133
-130
-124
-107
-83
-64
-40
-17
6
23
42
60
81
96
114
127
130
134
116
84
50
18
-18
-53
-84
-110
-118
-123
-131
-135
-129
-125
-116
-102
-86
-67
-32
5
42
86
127
154
173
186
191
182
164
141
121
102
75
51
21
-7
-39
-55
-74
-98
-114
-122
-125
-130
-133
-126
-110
-93
-73
-47
-20
6
28
44
60
76
88
101
113
121
124
119
98
69
36
-8
-48
-78
-99
-116
-127
-127
-113
-95
-91
-91
-89
-77
-61
-49
-33
-2
31
72
111
135
151
162
172
169
149
117
87
59
30
-5
-34
-51
-57
-66
-73
-68
-62
-66
-72
-71
-72
-86
-94
-80
-64
-50
-25
6
33
57
82
107
116
107
86
68
60
40
17
5
3
7
-1
-19
-26
-29
-42
-67
-92
-110
-126
-145
-154
-152
-136
-115
-84
-46
-2
33
58
73
80
84
84
83
86
89
90
94
87
79
66
55
45
29
8
2
-1
-7
-22
-36
-41
-49
-59
-70
-69
-55
-44
-34
-17
-1
12
15
26
43
49
47
40
43
50
45
35
28
25
24
10
1
-7
-21
-30
-46
-59
-69
-81
-93
-100
-101
-93
-81
-76
-58
-37
-21
-5
17
37
49
61
64
68
78
74
71
72
69
63
62
60
54
50
41
32
25
14
-3
-16
-22
-29
-31
-28
-26
-35
-35
-22
-17
-18
-13
-1
8
19
33
50
51
42
40
38
32
22
16
12
3
-8
-22
-36
-49
-60
-80
-93
-93
-89
-78
-69
-65
-51
-28
-21
-18
-12
-5
9
30
47
54
65
77
84
76
55
37
28
26
14
4
4
1
-1
-4
-15
-29
-30
-28
-39
-44
-46
-42
-43
-45
-37
-21
-11
3
15
35
47
47
49
45
30
16
17
6
-12
-23
-28
-37
-48
-54
-56
-51
-45
-52
-46
-24
-18
-13
0
13
32
50
45
55
62
56
46
42
36
24
13
0
4
6
-2
-1
8
13
7
-5
-16
-19
-18
-22
-26
-31
-34
-15
4
14
24
32
52
58
48
31
8
-10
-25
-39
-38
-35
-35
-26
-19
-27
-36
-48
-63
-63
-62
-52
-37
-14
8
32
52
65
67
51
38
38
35
31
38
45
57
68
81
91
87
63
37
19
-3
-35
-64
-74
-71
-72
-73
-59
-38
-21
-20
-19
-18
-20
-15
-5
4
12
32
45
49
51
46
31
24
11
-14
-31
-45
-57
-62
-59
-52
-44
-31
-22
-14
-14
-11
-3
2
10
25
40
49
75
88
95
92
85
69
47
25
6
-7
-20
-37
-60
-67
-60
-57
-72
-76
-70
-67
-66
-65
-56
-45
-28
-9
4
16
29
36
44
60
69
69
66
65
60
53
36
24
21
2
-22
-37
-48
-58
-68
-79
-80
-69
-62
-57
-48
-39
-39
-34
-16
-1
12
20
32
63
80
86
95
112
112
100
87
63
41
14
-7
-25
-42
-60
-67
-61
-56
-55
-58
-60
-57
-53
-62
-79
-80
-67
-50
-41
-31
-6
21
41
54
58
54
56
63
61
63
70
72
74
73
68
59
38
7
-11
-17
-26
-34
-30
-32
-35
-39
-47
-48
-55
-54
-36
-16
4
25
52
77
78
70
65
66
57
42
34
22
14
14
3
-12
-19
-18
-21
-46
-73
-79
-75
-74
-85
-94
-86
-67
-67
-65
-56
-43
-23
-13
-2
12
22
33
31
15
10
13
11
8
14
22
27
27
22
25
24
9
-2
0
-9
-17
-17
-21
-21
1
19
32
48
59
70
76
67
57
63
61
44
37
51
61
57
44
26
12
0
-20
-52
-68
-76
-81
-75
-67
-66
-65
-60
-56
-55
-65
-61
-57
-50
-42
-32
-6
25
47
70
87
90
87
81
63
42
23
10
4
-3
-12
-23
-19
-29
-46
-49
-46
-49
-45
-28
-17
1
17
17
17
29
39
39
43
48
51
54
58
62
57
49
49
44
35
33
16
-9
-28
-39
-49
-66
-83
-83
-69
-62
-68
-74
-73
-66
-70
-69
-43
-26
-6