-2
-1
0
0
-2
-1
-1
-2
-1
-1
-1
-4
-2
-3
-3
-2
-2
-4
-4
-2
-2
-2
-3
-2
0
-2
-3
-2
-3
-2
-3
-2
-3
0
0
-1
-2
0
1
0
-2
-2
1
0
-2
-4
-1
-1
0
-1
1
0
0
0
1
1
-1
0
1
0
-1
1
1
1
2
1
1
3
1
3
2
0
3
4
2
0
1
3
3
0
2
0
-2
0
3
-1
-5
-1
-1
-1
-1
0
0
3
5
0
0
1
2
1
-2
-2
1
-1
-2
1
1
-2
-3
-1
0
-1
-1
-2
0
4
3
2
1
5
6
1
-2
-1
2
-2
-2
-2
1
2
1
1
0
4
5
3
-2
-1
2
4
4
-3
-5
1
4
2
-7
-5
6
10
-1
-5
6
12
11
-1
-2
1
0
2
1
0
-5
-5
1
6
2
1
1
-1
0
4
4
2
-6
-8
1
0
0
-5
-8
-17
-16
-12
-9
-11
-17
-19
-16
-14
-15
-9
-13
-7
-6
-1
-7
-5
11
22
10
-9
-8
9
35
30
-7
-16
29
44
40
27
32
15
21
45
35
24
2
10
25
17
35
48
28
-10
-15
22
31
-9
-35
-15
-10
-17
-21
-15
-21
-18
-27
-49
-60
-46
-37
-63
-66
-62
-48
-57
-68
-52
-45
-33
-42
-37
-34
-19
-7
9
28
25
14
10
28
30
10
-6
12
32
40
24
17
44
74
65
75
34
13
39
64
54
-7
-1
12
36
20
53
27
-4
18
75
60
0
-23
13
60
54
17
-62
-44
-9
0
-60
-76
-53
-16
-31
-69
-63
-50
-18
-30
-48
-21
-10
-3
2
12
20
18
1
19
56
22
33
17
-20
-50
-9
20
33
41
-7
-10
47
76
67
75
60
24
-36
-20
14
-15
-46
-55
-32
4
65
37
-22
-33
4
-1
-40
-47
-8
-15
-63
-56
-29
6
30
7
-65
-68
-9
35
-17
-88
-74
-12
68
59
-11
-28
34
65
7
-65
-84
-47
-31
-34
-61
-19
0
9
2
12
55
44
25
-43
-42
11
87
60
-37
-19
53
73
13
-58
-39
-4
-6
-59
-70
27
62
27
-46
18
74
61
30
20
69
89
121
93
77
71
85
78
-27
-76
-22
36
-17
-75
-21
29
-13
-20
-16
-24
-26
-22
-31
-14
49
70
45
-8
-37
8
26
-96
-142
-123
-82
-65
-32
-4
34
82
61
63
31
66
62
66
83
78
28
28
62
1
-97
-122
2
87
-1
-143
-146
-40
21
-19
-77
-56
-27
19
119
150
135
119
90
100
155
176
175
123
115
107
69
88
78
44
17
90
102
38
51
117
100
-26
-123
-151
-82
-56
-128
-167
-187
-140
-119
-93
-126
-57
74
-10
-121
-151
-60
-52
-101
-169
-137
-86
-102
-65
-74
-106
-88
-93
-243
-373
-324
-260
-190
-155
-175
-159
-13
160
227
61
-80
-34
130
115
52
-101
-119
140
371
377
190
227
371
497
359
173
139
164
293
141
3
-329
-198
-265
-176
-361
-185
-807
-2299
-1704
631
1543
-1466
-3484
-1611
1715
1877
-701
-2861
-1978
1126
2920
762
-2190
-1755
2307
3474
1070
-580
649
2298
2565
2157
1173
601
1516
2865
2230
521
458
1361
936
10
14
298
-551
-929
-348
-203
-1146
-1437
-740
-1077
-1313
-925
-764
-1904
-2218
-1336
-1111
-2134
-2602
-2256
-2223
-2145
-1972
-2180
-2919
-2230
-1046
-751
-1465
-1093
-9
904
1508
2090
1784
1382
1639
3109
4512
4105
2429
1797
3906
5811
5118
2591
1475
2584
4332
4041
1339
-1213
-774
1229
1414
-1200
-3360
-2824
-893
-532
-2149
-3578
-3423
-1946
-783
-1226
-2621
-2817
-1259
-34
-517
-1593
-1818
-950
-405
-418
-1070
-1440
-2039
-2528
-1526
-874
-2032
-3594
-2505
-514
-717
-1917
-1990
-1243
-825
-115
138
-718
-1405
-106
2075
2003
826
1411
2579
2531
3470
4195
3083
2077
4225
5840
4210
2950
4108
4666
3762
3500
3401
1952
704
921
850
-1043
-2507
-2176
-2183
-3441
-3476
-2515
-3163
-3973
-2954
-1557
-1827
-2104
-1596
-993
-886
-211
335
-319
-1110
-382
713
131
-1334
-2820
-2421
-676
-293
-2958
-4858
-2278
1089
-53
-3292
-3321
-595
1341
1065
-912
-2279
-524
3143
3745
199
-655
2593
4316
2560
1593
2816
3397
3109
3012
3723
4095
4453
4588
3804
2921
3458
4063
2471
-556
-1041
162
-164
-2464
-3712
-3561
-2950
-2314
-2579
-3647
-3709
-1947
-655
-1477
-2797
-2306
-434
310
-274
-962
-836
-412
340
-155
-2449
-3645
-1356
-235
-3411
-5184
-2619
-16
-1922
-3881
-3005
-1077
-424
-435
-1155
-2086
-987
2302
3108
578
177
3935
4919
1757
863
4108
6254
4692
3078
3258
5325
7634
7745
4627
2232
3830
6720
5189
-33
-2787
-669
985
-945
-4322
-5758
-4791
-2589
-1974
-4479
-6352
-4563
-1503
-1326
-3233
-3956
-2097
-72
649
-311
-1267
-1225
384
667
-3108
-4674
-1177
1322
-3315
-7111
-3562
1131
-285
-4143
-4715
-2259
565
1445
-1027
-4014
-1612
5036
6556
674
-879
5074
7814
3288
700
4545
7331
5701
3868
4208
5192
6892
7931
5177
1053
1953
5943
4873
-1685
-4129
-904
493
-2649
-4986
-5016
-4742
-3580
-2549
-3974
-6108
-4324
-1139
-1573
-3928
-3087
-292
343
-805
-974
-557
-772
-716
-2780
-4621
-2484
1003
-1826
-7741
-6122
333
1309
-3592
-6087
-3795
17
1785
207
-3633
-3234
2871
7501
3842
72
4434
8174
4627
1247
6330
10493
6060
1581
4559
9142
9000
6877
4162
1237
3101
8355
6799
-3500
-7547
-54
4356
-2086
-8536
-7203
-3901
-2809
-2942
-5580
-8996
-6694
-276
363
-5342
-6651
-1584
1689
-80
-2026
-1720
-1383
-1525
-2422
-2958
-2269
-1418
-3220
-5984
-4358
-349
-628
-5158
-6605
-2904
931
655
-2346
-3958
-1000
4896
6177
2073
300
6940
11480
5229
-1952
3632
14478
12176
1243
-261
8597
13374
10547
4960
-60
283
8515
11457
-111
-11255
-4839
5869
1975
-8858
-10333
-5144
-2696
-2880
-4935
-9158
-9301
-2174
1619
-4458
-8920
-3340
2640
730
-3056
-2413
-153
-669
-2432
-3268
-2357
-773
-1471
-4880
-6233
-2106
940
-2075
-6841
-5459
-365
1893
-953
-3940
-2823
2264
5994
4000
1231
3065
9889
9722
1015
-1983
9400
17830
7620
-4026
2998
15883
15163
6074
1460
1315
5299
11912
8254
-7282
-12766
1888
9998
-3433
-15567
-8938
189
-1332
-5671
-8006
-10512
-6991
1901
1330
-9493
-10751
532
5497
-1250
-6051
-2821
-915
-2190
-1842
-1407
-4304
-6022
-3386
-2156
-3821
-3966
-3254
-5120
-5303
-794
1087
-2798
-5259
-762
4104
3986
1036
1797
5779
9990
11537
4061
-3547
3773
20372
17807
-2766
-6389
13234
23018
11138
44
545
4309
10159
12973
1125
-14722
-8858
9809
6697
-13838
-17094
-2747
1273
-6194
-8773
-8761
-9745
-3960
2770
-3696
-13013
-5822
5777
2689
-6644
-5108
-208
-2111
-3252
-620
-2415
-7790
-5517
-134
-2445
-6865
-4626
-2801
-4925
-3442
679
-1449
-5486
-1719
4994
3927
315
2252
7478
8602
10419
10373
2302
-1594
11785
24534
10525
-8663
862
22134
19732
3459
-476
3527
5111
10035
10454
-5231
-17493
-2722
12621
-1848
-20496
-12086
1854
-3578
-11226
-8143
-7819
-9984
-2624
1980
-8079
-12919
351
7309
-3025
-9500
-1246
2675
-3318
-4267
-843
-2776
-6168
-1879
-394
-5573
-5974
-466
-1639
-6173
-3042
2036
-964
-3736
1056
5056
2866
1701
6188
8829
9220
10991
6559
-1082
4751
21575
18548
-4290
-7265
15221
23961
8173
-2671
909
4456
8444
11790
626
-16863
-10755
10649
6963
-16827
-19748
-1939
1793
-8443
-10847
-8701
-10246
-5228
2639
-3834
-14724
-6306
7773
2742
-9752
-6895
2275
296
-3958
-2384
-2077
-5879
-3512
978
-2800
-7422
-2912
585
-3798
-5266
235
1022
-2987
-1252
4341
4459
1680
4425
8770
9995
11193
8251
208
2595
19053
22401
540
-9963
9923
25838
13058
-2500
-1192
4128
7997
12344
4095
-15205
-15108
7404
11296
-12517
-22794
-6191
3064
-6117
-11697
-9602
-10827
-7507
1482
-1420
-14372
-10894
4891
4619
-8474
-8992
1179
988
-4159
-2670
-543
-4801
-4880
533
-725
-6017
-3250
1081
-2930
-5449
665
3136
-2599
-2964
4325
6733
3173
3385
7734
9277
11974
10655
1389
-808
15740
25513
6166
-10706
4857
25254
17421
190
-1793
2607
5991
11822
7177
-12419
-18127
2651
11287
-9650
-22464
-7971
1719
-7518
-12072
-7460
-8930
-9645
-1675
-966
-11707
-9925
3773
3269
-9093
-8446
2872
1746
-5826
-4233
268
-2947
-4924
-1148
-1780
-6108
-3122
1195
-3381
-7029
-364
3907
-1266
-3100
2987
6639
3811
5059
9097
12502
10176
2143
-836
11866
25814
12550
-9551
-2385
23147
25316
6445
-3332
-259
5114
15342
15227
-8082
-25452
-4021
18656
816
-25054
-17674
-556
-2359
-7476
-7369
-14908
-16978
102
8478
-9707
-19806
-2651
9489
56
-8390
-4185
-1186
-1235
2003
-117
-8395
-7165
3163
1821
-8692
-7197
1320
-402
-6459
-3268
146
-2191
-1693
3330
1884
-312
4183
9244
7213
7224
13345
7100
-4222
4408
25872
19197
-7888
-7148
20007
26246
8454
-372
2909
3316
9509
16652
1305
-21587
-11921
14579
7146
-20940
-21025
-1122
-461
-10589
-9082
-8933
-15499
-7421
6199
-3046
-19035
-8420
9921
4186
-9424
-6590
1571
521
-737
-15
-5088
-7536
731
4039
-6733
-10850
46
4109
-4896
-7693
-809
577
-1679
1345
3106
-993
1787
9640
10501
5192
9221
12648
2108
-2116
14895
25777
4844
-11812
5972
26919
17303
465
348
4575
5262
12244
9983
-11004
-20757
1567
14878
-7134
-25535
-11244
3167
-5120
-12375
-9047
-11541
-13002
-887
3330
-12016
-17411
1055
9624
-2957
-10829
-2425
1781
-2004
-483
-23
-5758
-7131
1478
2093
-6338
-6381
827
-380
-5275
-1482
2059
-2480
-3382
3908
5604
810
1592
8694
10648
8991
11105
6292
-1933
4770
23502
18925
-6365
-8864
17458
27238
9043
-3677
1603
5974
8952
12399
1582
-18124
-13702
10541
9236
-17309
-23359
-3799
2154
-9060
-12144
-9818
-13389
-8960
2863
-1808
-17443
-11350
7361
6141
-8543
-8425
906
-167
-1825
2123
-186
-8708
-5102
5173
1902
-7108
-4486
934
-2177
-3024
2486
481
-5540
-1202
7830
4888
-381
3716
10205
8606
9522
11126
1849
-3286
12164
25698
7607
-11987
2191
25101
18520
1428
499
4796
3465
9498
11226
-6743
-20698
-3003
13473
-3812
-23178
-12085
1759
-6026
-13224
-8020
-9315
-13334
-4028
2466
-9630
-15361
758
8800
-3863
-10553
-247
4529
-1197
-1724
322
-3642
-4366
2923
2397
-7250
-6433
2935
2036
-5875
-3745
1984
46
-2208
2323
3178
330
3403
8825
6619
4701
11833
9277
-3512
-429
20956
20762
-4645
-10282
13710
24132
9953
302
1872
214
4813
15993
6373
-19713
-18690
8803
11426
-14216
-21930
-6409
-1992
-8526
-6512
-6571
-16326
-12385
4219
2820
-14059
-11747
4339
4372
-5169
-2910
2400
-2451
-2974
4429
2604
-6835
-4805
3388
35
-5919
-1269
1377
-5117
-5374
3720
3578
-4580
-3736
4557
5163
2879
4188
5002
3440
9854
15237
2873
-8467
5903
26326
14488
-10055
-5491
18333
21700
7836
49
-803
181
10883
16158
-2738
-22760
-9453
13575
4850
-18398
-17784
-3858
-3170
-7293
-5356
-9894
-16362
-6376
6485
-1974
-15508
-7374
5358
2002
-4822
-958
103
-5198
-813
7213
1143
-10470
-6266
4120
2121
-4429
-4380
-4187
-5234
970
5871
-2295
-10215
-1247
10567
7241
-1309
-811
6436
10668
13966
7785
-5215
-3599
18464
26002
1757
-14611
4640
25953
17770
224
-3032
1359
6943
14471
7852
-13689
-19264
3509
14099
-6877
-22939
-10857
1475
-3880
-9157
-8572
-11994
-10929
694
3020
-10672
-13898
874
6958
-2734
-6505
-103
908
-2062
1252
2418
-4470
-6726
629
2546
-3954
-4925
-1170
-2586
-4455
1069
2709
-3955
-5891
3303
7501
3077
21
3434
6820
10359
12980
3704
-6487
2911
23353
17876
-7106
-9592
14269
23626
9666
-1404
-305
1796
8633
14466
1526
-18985
-12803
10535
8105
-15311
-19461
-4338
-726
-7413
-7212
-8176
-13754
-8028
4206
-636
-14116
-8775
5455
3692
-5556
-2920
2093
-1576
-1799
4240
1761
-7218
-5386
3389
1800
-4628
-4128
-2229
-4123
-1178
4196
-599
-8285
-2601
8472
7185
-808
-1096
5303
9856
13007
7874
-4465
-4152
16284
24923
3223
-13342
2986
23165
16885
1801
-1500
598
4423
13430
9846
-11160
-19123
1144
12473
-5350
-19877
-10502
-1379
-5752
-7580
-5859
-11543
-12822
-1147
3429
-8071
-11877
0
4689
-2664
-3821
2257
793
-3849
183
3628
-1524
-5172
-949
267
-3204
-2148
48
-4137
-6726
74
4139
-1841
-6224
-123
5438
5124
2314
2143
3536
9534
14342
5125
-6595
1899
22307
18530
-4716
-8185
12399
21431
10746
949
-851
-915
7677
15619
2450
-19086
-13271
9596
7508
-13930
-17852
-5427
-2974
-7048
-5275
-7865
-14760
-8364
4328
-420
-12691
-7471
4312
1553
-4815
-689
2088
-3406
-2703
4303
2031
-6073
-4355
1984
-684
-4391
-1735
-1428
-6163
-3618
3328
772
-6339
-2876
5459
4854
953
1863
5093
6508
11001
9686
-1256
-3269
13918
22983
4765
-9932
3784
21033
15476
2786
-219
889
3628
12334
9540
-9708
-17750
1071
11921
-4690
-18867
-10191
-1136
-5123
-7566
-6335
-11374
-12001
-760
3264
-8438
-12277
-271
4892
-2815
-4611
1104
95
-3117
1302
3774
-2568
-5034
841
1408
-3954
-3002
690
-3263
-6550
-331
3684
-2145
-5329
1062
4643
2657
1958
3926
3290
6586
12001
5816
-5178
1676
20063
16707
-4120
-6064
12970
19758
9102
1443
1051
665
7229
13909
2331
-16513
-10734
9492
6607
-13497
-16469
-4331
-2071
-7216
-6746
-8413
-13052
-6941
3291
-2129
-13143
-7011
4888
1557
-6239
-2354
2311
-1485
-2237
2659
902
-4692
-2222
2217
-1629
-4636
-634
-271
-5788
-4253
2392
1040
-5250
-2627
3953
3793
1105
2095
4057
5036
9859
8988
-1128
-3451
12309
21136
5360
-8738
2967
19467
16259
4051
-370
636
5047
13021
9169
-9154
-16276
1175
11856
-3373
-18294
-11420
-998
-2862
-7096
-8324
-11859
-10036
304
2654
-9015
-12416
-50
6017
-1920
-6002
-469
1147
-1210
650
1658
-3116
-4384
1037
1261
-4383
-4249
-175
-2115
-5354
-1498
1484
-2376
-4546
929
3981
1999
701
2997
4437
7378
10177
3732
-4283
3340
19235
14989
-4208
-5781
12780
20408
9968
227
-285
2330
9746
13461
616
-16000
-8982
10190
6954
-13138
-17042
-4665
-320
-5332
-7545
-10225
-12578
-4972
3969
-2701
-13487
-6905
5353
3091
-5173
-3388
1158
-151
-325
2343
-388
-4923
-2034
2395
-926
-4565
-2267
-1017
-4116
-2890
1001
-482
-5033
-1765
3567
3299
255
1383
4207
6226
9382
6173
-2062
-904
14362
18426
2115
-7873
6348
19896
14194
2046
-509
1682
7181
13102
6035
-11379
-13348
5027
10605
-6825
-18114
-8841
-81
-3224
-7391
-9521
-12477
-7923
2063
578
-11532
-10990
2367
5834
-2972
-5764
-185
1292
16
1528
785
-3985
-3583
2170
1814
-3680
-4263
-1155
-1830
-2755
-289
-514
-4190
-3385
2891
3728
10
-1028
3155
6400
8503
7158
-483
-3385
8326
19784
9166
-7603
-2085
17064
19272
6178
-1773
646
5484
12082
10577
-4399
-15148
-2816
11603
1941
-15814
-14140
-2157
-724
-6147
-8798
-11564
-10939
-1859
2783
-6901
-13589
-3416
6200
829
-6164
-3128
1014
583
1225
1426
-3089
-4766
827
3584
-2074
-5290
-2103
-285
-2249
-1329
-576
-2977
-3836
1590
3964
496
-1394
2304
6061
7252
8064
2937
-2891
2985
17256
15019
-2647
-6443
11151
20726
11071
35
-21
3621
9320
12580
2390
-12919
-9603
7781
7650
-10297
-16803
-6229
-285
-4301
-7779
-10152
-12240
-6041
2236
-2118
-12437
-8560
3336
3708
-4081
-4741
12
636
438
1865
-128
-4292
-2293
2703
1258
-3582
-3514
-1245
-1538
-1386
176
-1616
-4467
-1839
3583
2928
-755
-1054
3268
6585
8414
5935
-1160
-2326
9217
18209
7431
-6806
-530
16374
17518
5761
-1072
981
5317
11231
9357
-4410
-13726
-2555
9703
796
-14576
-12809
-2518
-1557
-6110
-7978
-10533
-10328
-2264
2220
-6142
-12205
-3217
5120
747
-5124
-2425
845
488
1659
1903
-2331
-4130
1017
3512
-1452
-4591
-1907
-291
-1624
-1058
-768
-3282
-3649
1247
3414
178
-1787
1479
5176
6629
6984
2549
-2917
1814
14602
14582
-990
-6657
7960
19085
12067
975
-549
2917
8256
11956
3944
-10856
-10600
5645
8915
-7296
-16310
-7226
362
-3002
-6979
-8968
-11207
-6745
1970
-186
-11193
-9992
2378
5198
-2869
-5491
-669
1040
768
1837
-212
-4453
-2556
3078
1577
-4087
-3884
-375
-759
-1832
-414
-1091
-3954
-1941
3198
2993
-796
-898
3359
6302
7997
5669
-1384
-2672
9044
17730
6563
-7468
-659
15875
16976
5493
-1242
159
5258
12265
9861
-5580
-14450
-1330
11267
1126
-14669
-12694
-2035
14
-4067
-7838
-12090
-10182
-76
3394
-7141
-13289
-3286
5722
1591
-4997
-3637
-256
1166
2488
1098
-3912
-4834
958
3234
-1659
-5020
-2672
-724
-1037
-389
-853
-3661
-3757
1369
4011
1067
-1749
309
4672
7862
8214
2090
-4092
1566
15128
14939
-984
-7347
6323
17978
12854
1972
-1733
806
8071
13222
4425
-11439
-11236
4905
8756
-5797
-14913
-8314
-1387
-2017
-4619
-8438
-12073
-7035
2271
467
-9597
-9243
1018
4083
-1282
-3516
-1034
-19
575
2181
156
-3656
-2664
1534
813
-2915
-2944
-1193
-1872
-1978
90
-468
-3451
-2547
2190
3269
754
-578
1837
5129
8201
6926
-535
-3272
6698
16853
9128
-4868
-2644
11899
16367
8232
86
-1475
2432
10703
10948
-2683
-13805
-4999
8153
3134
-10911
-12969
-5412
-1875
-3077
-5696
-10611
-11365
-2885
3062
-3622
-10710
-5083
3095
2060
-2346
-2196
-876
-596
1636
2781
-1191
-4451
-1217
2374
242
-2815
-2476
-1947
-2032
-23
1228
-2185
-4729
-543
4418
3135
-717
-643
3051
6904
8978
4665
-3177
-1456
11754
16814
3487
-6999
2073
15495
14409
4653
-1202
-1064
4846
12333
7688
-8162
-13228
609
8871
-2033
-13497
-10422
-3412
-2633
-4005
-6668
-11273
-9374
-32
2103
-6721
-9601
-1282
3466
-390
-2698
-731
-942
-1041
2302
2517
-2760
-4440
528
2369
-1436
-3285
-2029
-2260
-2088
759
408
-4048
-4160
2159
4540
905
-1482
1505
4989
7817
7767
1295
-3449
4452
16279
11345
-3423
-4000
9963
15946
8913
1043
-1223
1031
8586
11375
-5
-12773
-6979
6681
4288
-9153
-12628
-6059
-2886
-3574
-4535
-8580
-11275
-4792
2509
-1733
-9007
-5455
1824
1289
-1951
-809
-130
-2061
-144
3513
1018
-4025
-2712
1516
715
-1956
-2142
-2329
-3265
-734
1876
-1059
-5123
-2058
3697
3664
151
-697
2205
5608
8800
6486
-1242
-2474
8845
16460
6607
-5377
-178
12573
14216
6193
-80
-1525
2512
10333
8985
-4924
-12994
-2486
7459
61
-11358
-10621
-4696
-3441
-3804
-4920
-9515
-10174
-2305
2225
-4114
-8484
-2664
2103
-320
-1668
380
-842
-2530
1239
3952
-597
-4400
-931
2112
-190
-2154
-1602
-2556
-3025
593
1846
-2744
-5142
698
4790
2294
-944
885
3974
6934
8330
2988
-3273
1750
14186
12712
-1366
-5075
7011
14423
9485
2029
-974
-552
6113
11079
2529
-11303
-9244
4148
5100
-6604
-11817
-7108
-3873
-3549
-3259
-6777
-11149
-6730
1345
-143
-7227
-6025
138
756
-1352
-97
355
-2519
-1556
2965
2497
-2537
-3090
379
761
-935
-908
-1607
-3652
-1880
2080
658
-4213
-3234
2626
4155
1309
-96
1998
4794
8057
7339
422
-2543
6493
15203
7973
-3800
-1198
10333
13213
7059
1097
-1400
950
8616
9449
-2638
-12386
-4638
5844
1411
-9345
-10490
-5741
-3811
-3213
-3861
-8698
-10650
-3585
1965
-2812
-7879
-3816
992
-29
-1035
417
-902
-2634
834
3950
198
-3908
-1389
1773
244
-1549
-1220
-2174
-2759
275
1768
-2217
-4630
173
4120
2202
-615
948
3668
6289
7786
3427
-2570
1257
12582
12549
-71
-4689
5560
13453
9973
2869
-888
-883
5334
10709
3514
-9983
-9744
2696
5358
-5007
-11411
-8019
-4175
-3007
-2841
-6442
-10900
-7209
789
438
-6373
-6518
-778
1131
-457
-156
-87
-2025
-687
3281
2334
-2576
-2902
814
1206
-1146
-1534
-1552
-2679
-1292
1612
130
-3800
-2344
2785
3490
598
-168
2082
4477
7128
6709
242
-2697
5799
14501
7811
-3877
-1664
9736
12958
6801
690
-1746
688
8175
9190
-2544
-12339
-4892
5981
1858
-9270
-10792
-5523
-3119
-2888
-3969
-8632
-10263
-3217
2332
-2540
-7996
-3931
1479
777
-954
-207
-923
-1649
1706
3713
-364
-3702
-667
2096
-131
-2005
-1285
-1871
-2593
100
1701
-1756
-3829
500
3890
2162
-63
1328
3197
5605
7582
3643
-2446
1071
12054
11858
-158
-4227
5448
12430
9047
2629
-1025
-1301
4973
10137
2912
-9948
-8802
3024
4751
-5300
-10656
-7308
-3985
-2844
-2786
-6593
-10456
-6159
959
-532
-6748
-5721
-282
632
-1105
-547
-299
-1746
-213
2764
1334
-2287
-1491
1226
293
-1554
-860
-854
-2744
-1737
1165
340
-2884
-1518
2476
2843
1011
875
2342
3804
6665
6122
19
-1869
6990
13485
5636
-3839
496
10235
11261
5316
455
-1641
1512
8649
7707
-4405
-11135
-2192
5863
-60
-9179
-9128
-5015
-3092
-2449
-4265
-9209
-8945
-1617
1440
-4291
-7438
-2467
1218
-244
-1323
-451
-1196
-1054
1920
2375
-1254
-2501
560
1349
-1014
-1612
-717
-1930
-2486
-78
787
-1902
-2484
1130
2735
1365
717
2101
3007
5011
6410
2498
-1670
3129
11538
8846
-1026
-1641
7088
11053
7060
2069
-471
140
5843
8448
445
-8991
-5435
3607
2352
-6101
-8783
-5790
-3825
-3027
-3241
-6863
-9116
-4479
424
-2117
-6356
-3933
178
7
-1391
-594
-310
-1009
278
1568
41
-1551
-120
893
-757
-1612
-379
-584
-2274
-1773
32
-305
-1562
-415
1327
1421
1372
2104
2571
3402
5681
4864
382
281
7410
10577
3670
-1857
2724
9079
8746
4507
1020
-781
2111
7550
5437
-4487
-8286
-967
3545
-1762
-7585
-7280
-5372
-4044
-2642
-4149
-8510
-7922
-1917
31
-4117
-5585
-2026
-78
-867
-756
-192
-1113
-787
1256
1092
-1038
-1000
682
9
-1464
-688
235
-1398
-2392
-758
491
-400
-943
188
931
1777
2575
2576
1885
3902
6070
3406
-163
2978
8935
7345
949
496
5644
8048
6400
3578
453
-571
4129
7153
1174
-6907
-5031
1480
1038
-4539
-6870
-6159
-5309
-3321
-2278
-5873
-8933
-5165
-204
-1583
-5058
-3716
-915
-662
-669
235
-524
-1711
137
2042
424
-1619
-580
598
-405
-900
-275
-1010
-2243
-969
655
-300
-1805
-459
1538
1857
1698
1749
1956
3218
6159
5334
293
-473
6426
10365
4403
-1507
1599
7556
8562
5500
1549
-1559
808
7167
6374
-3531
-8770
-2249
3405
-554
-6656
-7586
-5964
-3827
-1563
-3209
-8573
-8684
-2067
1030
-3247
-5971
-3058
-318
-31
192
-357
-2264
-1365
2309
2549
-1228
-2498
-56
1068
-58
-642
-1131
-2226
-1408
1112
966
-1819
-2040
1090
2801
2036
1198
1302
2260
5111
6744
2841
-1346
2207
9409
8285
825
-1076
4423
8383
7342
3698
-229
-1218
3977
7864
2103
-7036
-6275
1123
2224
-3649
-7503
-6928
-5010
-2509
-1859
-5827
-9282
-5599
66
-907
-5152
-4833
-1496
-326
-314
-34
-1150
-2222
23
2585
826
-2188
-1599
518
349
-656
-989
-1808
-2245
-266
1372
-441
-2598
-720
2486
2704
1185
682
1698
3685
6246
5344
450
-840
5389
10259
5501
-1120
472
6627
8597
5952
2046
-947
305
5957
6810
-1251
-7776
-3493
2808
752
-5262
-7143
-5717
-3910
-1895
-2462
-6823
-8353
-3334
667
-1970
-5225
-3467
-754
-183
23
29
-1604
-1963
1049
2536
-169
-2515
-1003
597
15
-762
-1155
-2209
-2026
368
1139
-1340
-2587
105
2668
2121
774
622
1837
4109
6126
3685
-825
197
6821
8898
2891
-1379
2017
7091
7632
4751
1028
-1114
1706
6575
4666
-3592
-6925
-1408
2477
-1027
-5796
-6489
-5133
-3272
-1717
-3361
-7292
-6972
-1956
134
-2873
-4511
-2325
-580
-252
355
257
-1475
-1272
1472
2101
-514
-1775
-294
384
-477
-722
-880
-1795
-1550
327
481
-1404
-1417
1165
2311
1271
735
1597
2641
4077
5129
2694
-456
1566
7238
7298
1443
-735
3599
7317
6440
3681
941
-215
2794
6214
2817
-4568
-5397
112
1490
-2926
-6009
-5502
-4797
-3658
-2409
-4244
-7581
-6150
-1561
-1044
-4064
-4139
-1694
-903
-866
115
-119
-1700
-725
1709
1246
-1339
-1277
387
155
-947
-664
-714
-1550
-989
650
-35
-1516
-407
2166
2221
1016
1113
2309
3455
4973
4994
1627
-11
3998
8600
5747
164
361
5354
7562
5821
2653
28
295
4565
6112
363
-5876
-3849
1430
752
-4123
-6405
-5742
-4518
-2664
-2429
-5786
-8242
-4822
-503
-1480
-4664
-4175
-1776
-631
-12
95
-1529
-2493
175
2470
464
-2441
-1626
373
266
-664
-1119
-1920
-1751
149
898
-1391
-2349
283
2671
1635
269
892
2522
4025
5225
3882
553
796
5613
8252
4039
-214
1434
6110
7434
5254
1836
-108
1682
5694
5143
-1127
-5203
-1994
1913
113
-4285
-5983
-5098
-3469
-1985
-3007
-6305
-7128
-3263
-420
-2171
-4574
-3540
-1374
-320
113
-469
-1936
-1776
984
1883
-657
-2442
-893
498
-319
-1274
-1445
-1654
-1106
84
-329
-2222
-1625
1095
2042
180
-234
1434
3231
3870
3986
3099
1283
1959
5127
6772
3751
666
1948
5692
6665
4676
2000
869
1936
4493
4152
-412
-4084
-2205
1102
-101
-3874
-5436
-4566
-3544
-2573
-2954
-5354
-6532
-3605
-725
-1895
-4183
-3294
-1092
-288
-113
-410
-1431
-1497
715
1556
-587
-2263
-890
316
-588
-1537
-1430
-1361
-1145
-587
-806
-1781
-1057
744
1114
-65
398
2065
3129
3243
3628
3577
2333
2420
4463
5957
4025
1794
2676
5387
5997
4593
2804
1947
2208
3858
3596
86
-3108
-1912
341
-866
-3835
-4875
-4346
-3850
-3191
-3441
-5329
-6165
-3681
-1548
-2604
-4293
-3026
-1106
-487
-402
-587
-1253
-1013
943
1312
-865
-2121
-575
359
-812
-1999
-1746
-1373
-959
-775
-1377
-2054
-906
949
937
-381
225
2189
3412
3327
3323
3492
2896
3104
4399
5439
4113
2542
3192
5074
5552
4479
3230
2366
2282
3206
2970
312
-2359
-1947
-571
-1385
-3451
-4444
-4475
-4112
-3327
-3418
-5049
-5693
-3679
-1910
-2463
-3541
-2808
-1438
-428
172
-230
-1232
-908
983
1364
-483
-1722
-903
-118
-627
-1428
-1835
-1923
-1353
-842
-1187
-1865
-1198
178
486
-2
442
1916
2705
2724
2929
3830
3958
2975
2788
4154
5198
4218
2990
3289
4394
4957
4736
3272
1446
1164
2738
2546
-444
-2997
-2376
-1116
-1695
-3383
-4505
-4723
-4057
-3062
-3337
-4838
-4947
-3043
-1696
-2209
-2769
-1854
-761
-73
28
-197
-478
-36
746
374
-762
-1144
-616
-644
-1375
-1574
-1464
-1581
-1775
-1323
-1005
-966
-689
-47
327
806
1936
2316
2092
2407
4193
4703
2772
1581
3327
5701
4981
2707
2114
3578
5204
5453
3511
755
405
2922
3527
73
-3445
-2799
-712
-994
-3190
-4639
-4776
-3937
-2855
-3056
-4817
-5145
-3053
-1383
-2199
-3085
-1893
-555
-173
-263
-259
-563
-305
762
682
-871
-1727
-766
-153
-1019
-1975
-2106
-1886
-1409
-857
-1165
-2012
-1473
389
1330
798
754
1526
2558
3462
4413
4253
2581
1958
3906
6200
5277
2419
1714
4033
6080
5456
2984
943
1191
3273
3606
359
-3199
-2865
-481
-590
-3257
-4999
-4617
-3574
-2847
-3143
-4571
-5191
-3251
-1273
-1847
-3321
-2469
-592
-57
-444
-680
-819
-535
648
728
-1032
-2214
-921
163
-1049
-2651
-2671
-1903
-1296
-1015
-1604
-2595
-1858
471
1517
471
-105
1306
2965
3837
3934
3853
3389
3073
3949
5201
5340
3597
2521
3576
5258
5151
3569
2062
1631
2198
2734
1320
-1376
-2798
-1761
-1087
-2332
-4027
-4393
-3875
-3264
-3018
-3566
-4256
-3606
-2056
-1635
-2225
-2153
-979
-437
-440
-531
-461
-233
283
268
-742
-1369
-715
-190
-1257
-2548
-2537
-1669
-1294
-1576
-2192
-2530
-1662
72
785
-111
-520
1013
2862
3275
2986
2974
3603
3938
3819
3670
3886
4159
3778
3437
3691
3980
3688
3021
2366
1727
1332
1106
288
-1225
-2297
-2083
-1873
-2735
-3729
-3585
-3090
-3236
-3529
-3211
-2845
-2666
-2292
-1701
-1439
-1202
-586
-328
-513
-535
163
449
-101
-737
-652
-440
-574
-1238
-2117
-2564
-1994
-1257
-1589
-2594
-2669
-1475
-51
384
-262
-627
679
2842
3523
2573
2095
3310
5107
5179
3460
2164
3402
5507
5279
3052
1706
2616
4005
4038
2285
20
-583
737
1458
-434
-2985
-3418
-2400
-1904
-2342
-3230
-4330
-4341
-2722
-1618
-2564
-3536
-2698
-1170
-586
-408
-670
-1300
-925
495
913
-618
-1602
-890
-71
-512
-1465
-2330
-2676
-2023
-1062
-1616
-3066
-3004
-1103
45
-368
-928
-493
874
2329
2887
2104
1753
3171
5084
5505
3875
2357
2871
5090
6148
4169
1748
1668
3549
4576
3522
1070
-676
-149
1675
1749
-958
-3679
-3512
-1622
-941
-2477
-4417
-5007
-3598
-1838
-1781
-3331
-4041
-2567
-621
-166
-961
-1673
-1270
20
733
-1
-1330
-1348
-359
156
-967
-2230
-2422
-1614
-1167
-1807
-2812
-2849
-1605
-519
-982
-1681
-1152
518
1433
1521
1255
1708
2848
4194
4520
4043
3835
3726
3932
4358
5104
4079
2348
1917
3321
3899
2885
1127
102
106
1256
1474
-636
-3325
-3096
-1131
-979
-2886
-4163
-3888
-2988
-1928
-1756
-2895
-3601
-2056
-174
-279
-1386
-1494
-767
20
339
-129
-1240
-1320
-319
-50
-1262
-2201
-1870
-1524
-1784
-2095
-2066
-1987
-1612
-1065
-1113
-1136
-388
771
893
887
1510
2684
3200
3472
3816
4065
4304
3945
3615
3423
4021
3827
2758
1809
2150
2648
2336
1298
535
176
305
237
-502
-1855
-2509
-2116
-1849
-2345
-3060
-3096
-2745
-2269
-2135
-2196
-2170
-1627
-990
-884
-1065
-1066
-552
-147
-364
-813
-882
-612
-734
-1190
-1513
-1649
-1735
-1982
-2173
-2128
-1795
-1507
-1596
-1565
-1022
-35
495
510
603
1464
2550
3174
3209
3233
3542
4216
4867
4014
2662
2482
3916
4060
2530
1212
1300
1769
2078
1910
689
-955
-824
610
518
-1652
-3027
-2509
-1798
-1852
-2197
-2803
-3497
-2944
-1534
-1200
-2207
-2390
-1600
-991
-984
-722
-709
-1183
-1131
-426
-171
-880
-1369
-1259
-1214
-1366
-1469
-1719
-2092
-1914
-1158
-979
-1258
-972
-74
443
536
1015
1658
2196
2514
3210
3518
3717
3902
4458
4509
3458
2860
3132
3918
3171
2028
1218
1386
1636
1879
1180
-294
-1098
-174
525
-521
-2347
-2774
-2255
-1890
-2047
-2605
-3355
-3427
-2303
-1494
-2036
-2726
-2305
-1539
-1271
-1254
-1129
-1370
-1259
-653
-270
-810
-1169
-873
-831
-1377
-1523
-1215
-1350
-1701
-1542
-1017
-781
-390
122
199
305
1222
2305
2308
2130
2669
3625
3915
4054
3926
3904
3735
3391
2990
2620
2843
2409
1579
819
1079
1358
1162
313
-522
-769
-247
-22
-879
-2310
-2607
-2039
-1659
-2207
-2855
-3175
-2812
-2028
-1612
-1965
-2573
-2233
-1608
-1128
-1166
-1310
-1496
-1328
-620
-204
-470
-1166
-1413
-1206
-842
-814
-1439
-2137
-2007
-1007
-305
-463
-731
-481
534
1566
2092
1624
1575
2383
3664
3867
3301
3080
3445
4240
3737
2652
1892
2615
3156
2308
1084
677
1250
1644
1333
185
-876
-520
414
243
-1431
-2426
-2006
-1401
-1548
-2261
-2866
-2978
-2173
-1362
-1633
-2489
-2408
-1514
-1026
-1270
-1483
-1520
-1391
-952
-363
-568
-1343
-1614
-1086
-625
-921
-1532
-2072
-1934
-1188
-457
-649
-1208
-960
372
1522
1479
1034
1173
2324
3273
3557
2754
2475
3150
4395
4249
2451
1488
2263
3774
3158
1556
394
953
1907
2175
949
-683
-992
282
1083
-74
-1980
-2401
-1515
-808
-1387
-2574
-3253
-2802
-1728
-1520
-2243
-2871
-2331
-1418
-1107
-1396
-1749
-1635
-1214
-555
-453
-1019
-1668
-1355
-653
-650
-1270
-1820
-1854
-1396
-628
-389
-930
-1153
-92
1223
1479
1031
1072
1831
2888
3305
3025
2298
2656
3835
4501
3540
1859
1727
2819
3871
2868
1109
201
1086
2176
2046
449
-1008
-968
284
807
-316
-2091
-2459
-1659
-1050
-1573
-2479
-3055
-2849
-2106
-1686
-2105
-2783
-2441
-1688
-1243
-1424
-1536
-1474
-1176
-691
-538
-1018
-1397
-1100
-655
-889
-1358
-1546
-1352
-1103
-742
-657
-743
-400
365
967
910
1146
1646
2271
2481
2635
2600
2838
3200
3366
3080
2889
3023
2565
2090
1952
2319
1906
1267
824
790
786
960
684
-225
-904
-457
86
-445
-1488
-1857
-1797
-1640
-1565
-1747
-2406
-2636
-2109
-1735
-1882
-2114
-1876
-1870
-1695
-1190
-816
-1051
-1308
-917
-655
-671
-858
-898
-1126
-1246
-1028
-1021
-1128
-1011
-512
-356
-305
196
859
1078
1164
1547
2010
2218
2585
2750
2614
2416
2796
3067
2845
2593
1979
1482
1285
1970
1844
880
-19
212
814
962
479
-345
-1034
-605
242
157
-1324
-2090
-1672
-926
-1014
-1568
-2007
-2206
-1675
-1221
-1227
-1855
-2033
-1661
-1170
-871
-949
-1138
-1324
-906
-438
-447
-992
-1356
-1208
-1053
-929
-997
-1168
-1338
-1000
-269
96
96
37
487
1067
1635
1882
1805
1836
2196
2734
2781
2322
2071
2348
2728
2443
1440
960
1330
1989
1594
594
78
506
1247
1062
227
-595
-292
312
407
-478
-1294
-1239
-839
-692
-1181
-1673
-1833
-1570
-1271
-1488
-1773
-1884
-1546
-1417
-1355
-1319
-1210
-1078
-1095
-948
-964
-957
-1094
-1142
-1224
-1154
-973
-992
-1100
-897
-402
-105
-9
200
580
981
1271
1519
1616
1739
2136
2430
2496
2161
2013
2028
2125
2178
1843
1373
751
795
1235
1668
1224
286
-14
458
1317
1101
274
-766
-652
163
565
-176
-1404
-1668
-1124
-576
-881
-1674
-2122
-1909
-1354
-1288
-1629
-1934
-1625
-1212
-1130
-1225
-1253
-998
-975
-997
-1225
-1162
-1004
-912
-1053
-1237
-1020
-711
-360
-302
-188
15
459
884
1070
1069
1165
1368
1670
1834
1979
1836
1717
1614
1730
1882
1733
1423
904
818
1011
1430
1304
825
449
685
1240
1398
978
292
108
420
727
451
-285
-764
-729
-464
-524
-937
-1489
-1755
-1526
-1255
-1386
-1985
-2049
-1662
-1200
-1319
-1591
-1711
-1534
-1097
-881
-1109
-1700
-1607
-956
-497
-816
-1200
-1074
-489
96
308
116
-10
383
1087
1289
1012
736
1022
1491
1664
1447
1194
1320
1490
1574
1377
1137
943
918
1088
1092
975
867
1026
1203
1250
1260
1138
1090
969
1061
818
578
218
139
-59
-212
-525
-895
-1164
-1115
-1018
-1435
-1907
-2126
-1680
-1343
-1340
-1894
-2230
-1844
-1041
-908
-1453
-1946
-1665
-1030
-562
-746
-1234
-1336
-611
196
191
-273
-315
296
830
938
631
355
568
1111
1290
793
470
733
1336
1390
1089
706
872
1361
1521
1227
707
919
1333
1693
1354
1102
1151
1479
1615
1288
1025
857
838
578
283
-47
-327
-514
-727
-941
-1262
-1336
-1429
-1580
-1781
-1765
-1638
-1781
-1858
-1808
-1612
-1619
-1608
-1535
-1470
-1298
-1138
-995
-1079
-789
-499
-339
-377
-125
292
369
331
351
688
821
890
746
639
647
912
1090
837
564
680
1111
1273
1130
893
1021
1296
1586
1460
1165
1031
1385
1704
1653
1245
979
1051
1298
1299
825
149
-201
-82
45
-342
-997
-1522
-1516
-1314
-1158
-1558
-2113
-2335
-1911
-1481
-1624
-2036
-2188
-1908
-1459
-1191
-1343
-1616
-1430
-792
-439
-584
-755
-420
-4
299
367
356
325
512
935
1084
861
605
786
1059
1175
1040
794
701
851
1294
1312
995
671
984
1496
1644
1388
1022
1095
1415
1772
1571
1088
800
1049
1283
1071
481
89
36
58
-151
-690
-1128
-1203
-1018
-1261
-1781
-2054
-1824
-1577
-1703
-2072
-2278
-2044
-1531
-1306
-1658
-2048
-1715
-918
-568
-875
-1176
-852
-270
189
112
-70
-62
427
829
841
563
484
750
1016
987
762
691
872
956
967
886
901
944
1018
1069
979
1052
1090
1262
1182
1278
1203
1242
1171
1235
1193
953
802
651
651
384
174
-110
-314
-485
-597
-785
-1106
-1263
-1326
-1393
-1541
-1644
-1701
-1747
-1684
-1641
-1649
-1664
-1479
-1300
-1256
-1288
-1051
-724
-518
-528
-485
-308
28
352
342
162
213
623
895
770
494
398
678
911
910
579
384
623
940
1008
654
562
647
1049
1110
898
610
761
1208
1322
1111
677
762
999
1221
916
429
208
418
632
302
-197
-560
-340
-190
-395
-941
-1255
-1084
-909
-995
-1407
-1607
-1534
-1220
-1130
-1316
-1503
-1430
-1098
-805
-742
-930
-897
-578
-185
-22
-144
-240
-99
308
544
450
157
163
504
823
676
274
218
480
832
682
385
175
493
793
821
500
311
563
915
1026
671
498
661
1093
1084
748
463
568
803
824
540
166
46
227
348
103
-337
-510
-442
-339
-462
-726
-1013
-1126
-946
-823
-945
-1305
-1341
-1140
-870
-859
-1016
-1157
-954
-519
-344
-499
-679
-442
-83
78
-71
-204
-98
177
329
194
30
140
436
472
279
113
301
474
538
333
199
282
558
733
557
380
431
811
926
842
630
649
793
954
972
746
562
594
797
765
509
323
269
280
178
95
-68
-267
-352
-345
-403
-576
-699
-712
-777
-837
-874
-911
-984
-958
-863
-867
-919
-901
-713
-566
-534
-620
-608
-444
-304
-245
-360
-440
-332
-84
5
-75
-170
-83
127
205
128
46
154
283
312
296
345
477
543
587
575
668
753
857
807
723
743
874
935
818
732
727
796
765
693
541
438
400
356
267
68
-16
-77
-95
-258
-348
-424
-444
-546
-668
-693
-737
-741
-821
-810
-856
-787
-704
-717
-781
-739
-522
-504
-599
-683
-515
-394
-389
-497
-496
-375
-235
-108
-183
-240
-161
113
129
54
56
221
307
328
351
421
483
582
669
607
632
777
955
850
715
762
896
984
829
735
590
706
743
690
366
161
240
274
152
-185
-311
-437
-339
-392
-485
-753
-783
-680
-607
-651
-748
-723
-741
-652
-545
-473
-567
-599
-529
-336
-357
-338
-414
-330
-315
-204
-236
-197
-169
-70
-39
-81
-29
81
262
198
138
74
359
567
599
312
227
506
864
925
596
465
570
954
1052
857
396
283
611
899
696
148
-97
0
305
267
-86
-551
-613
-323
-200
-445
-820
-801
-678
-527
-592
-673
-742
-658
-466
-413
-444
-501
-322
-192
-144
-214
-204
-98
8
72
-35
-186
-198
20
146
-24
-278
-304
-83
114
78
-135
-198
-3
317
418
233
108
279
618
705
591
470
536
726
890
854
594
525
662
800
654
418
231
232
304
290
47
-288
-369
-153
-111
-383
-676
-649
-511
-449
-559
-733
-798
-609
-439
-509
-744
-700
-425
-211
-309
-471
-476
-284
-37
-27
-194
-401
-294
-62
82
-89
-315
-383
-175
-5
-45
-252
-356
-160
131
261
93
41
267
662
735
558
458
649
977
1071
904
646
777
1050
1202
917
639
625
818
851
567
239
82
186
201
13
-313
-440
-350
-267
-447
-678
-770
-676
-689
-718
-842
-825
-772
-623
-650
-694
-608
-398
-357
-529
-509
-363
-177
-269
-363
-474
-368
-201
-83
-235
-406
-317
-177
-85
-79
-57
-130
-140
80
368
446
361
352
511
740
961
939
720
615
909
1181
1027
685
602
845
975
864
508
259
354
582
446
-112
-420
-276
57
-106
-531
-864
-690
-353
-311
-670
-1057
-853
-521
-333
-677
-849
-755
-335
-178
-361
-624
-541
-172
-46
-258
-545
-462
-221
-66
-223
-402
-419
-216
-21
6
-76
-193
-74
160
392
356
248
250
440
737
877
773
550
567
897
1117
965
565
456
667
906
773
355
43
110
413
391
-55
-526
-456
-123
-46
-404
-731
-760
-448
-231
-365
-722
-797
-476
-156
-207
-490
-551
-317
-9
17
-153
-330
-207
66
96
-104
-325
-211
-43
61
-88
-312
-294
-70
135
-41
-217
-285
8
213
249
18
-137
48
418
625
385
169
225
580
805
721
443
262
452
713
761
416
108
98
351
411
191
-155
-282
-181
22
12
-258
-541
-505
-220
-104
-280
-575
-604
-437
-177
-172
-356
-545
-377
-27
79
-108
-275
-178
14
123
13
-203
-232
-53
115
-33
-252
-240
-45
50
-94
-222
-212
-36
101
65
-58
-90
119
287
288
114
135
306
469
455
319
245
287
448
503
361
153
79
225
311
228
-51
-192
-148
14
18
-175
-406
-431
-238
-140
-221
-438
-488
-407
-173
-117
-247
-396
-307
-14
101
30
-111
-10
129
296
242
101
18
163
311
184
-27
-110
46
98
45
-172
-258
-174
34
30
-149
-247
-98
111
172
66
8
93
257
336
333
228
251
330
430
372
287
212
238
273
273
150
-10
-29
39
89
-79
-276
-401
-264
-167
-192
-475
-601
-484
-194
-204
-450
-628
-445
-173
-71
-208
-373
-278
-2
231
78
-93
-89
234
318
206
-9
51
152
273
206
39
-42
75
235
130
-20
-24
137
182
143
139
156
203
276
338
306
230
309
342
352
257
264
223
210
253
239
171
27
89
92
78
-43
-140
-240
-257
-187
-249
-417
-554
-459
-382
-348
-475
-566
-604
-429
-290
-322
-477
-503
-302
-113
-48
-190
-247
-157
82
181
74
-58
-63
123
256
234
83
20
119
228
260
183
150
102
162
218
242
167
159
190
214
207
243
277
258
198
218
244
292
331
304
194
161
270
338
286
110
105
116
148
59
-21
-159
-195
-165
-199
-317
-417
-340
-326
-350
-454
-404
-330
-281
-312
-329
-288
-178
-81
-110
-177
-123
66
123
53
-32
18
156
201
111
-78
-89
32
163
39
-149
-214
-41
94
74
-70
-186
-85
84
202
34
-45
-42
146
236
263
168
87
156
303
423
348
233
133
248
396
440
235
48
13
142
221
67
-195
-323
-203
-78
-144
-364
-466
-357
-193
-185
-324
-412
-307
-126
-66
-162
-221
-142
-1
60
-3
-73
-29
44
94
7
-20
-13
29
-15
-52
-49
-40
15
-9
-19
-89
8
34
75
19
32
23
83
147
194
175
141
199
290
361
314
267
207
258
314
342
199
60
65
185
158
3
-137
-149
-90
-92
-188
-345
-384
-300
-198
-294
-383
-377
-251
-185
-181
-214
-230
-165
-85
-2
-65
-110
-89
33
55
22
-29
-19
13
87
80
11
-53
-3
106
107
42
-9
43
101
156
126
43
31
158
237
173
88
124
211
302
286
249
166
234
311
348
235
126
113
139
181
114
46
-112
-72
-65
-37
-158
-214
-301
-281
-238
-227
-292
-373
-332
-266
-204
-254
-252
-254
-162
-127
-110
-146
-137
-86
-21
-46
-59
-84
0
31
48
-41
-33
45
103
91
31
59
85
186
149
123
90
177
214
178
144
145
236
233
242
148
198
230
284
210
127
121
158
205
115
65
-17
32
21
17
-115
-151
-154
-106
-163
-239
-254
-228
-190
-207
-227
-277
-209
-162
-123
-176
-171
-121
-85
-75
-82
-60
-73
-61
-48
-47
-69
-68
-60
-45
-72
-77
-71
-68
-46
-35
-32
-92
-70
-7
42
10
-42
-5
61
139
135
106
92
149
247
252
221
181
236
260
245
203
186
203
168
120
81
111
103
91
14
-24
-12
43
65
-32
-85
-66
26
15
-37
-87
-85
-33
0
6
-81
-94
-58
-2
-42
-84
-89
-107
-88
-112
-92
-118
-125
-155
-157
-154
-141
-125
-164
-182
-164
-110
-81
-72
-75
-65
-24
16
46
53
44
69
86
97
110
115
116
111
154
146
141
116
162
136
105
113
123
105
43
55
67
82
41
31
17
30
62
85
29
-10
21
76
48
5
-20
-37
-25
15
21
-43
-53
-42
-20
-32
-34
-45
-108
-123
-108
-76
-103
-139
-146
-156
-130
-106
-94
-160
-166
-125
-73
-84
-79
-77
-62
-43
17
48
35
3
32
109
122
110
74
92
100
160
141
95
27
52
93
94
41
-30
-15
19
51
18
-18
-39
-18
4
-21
-47
-46
-30
-59
-98
-88
-21
-2
-45
-69
-44
14
53
43
-17
-55
9
104
63
-32
-59
27
60
16
-50
-81
-32
1
5
-89
-92
-43
27
-4
-43
-7
30
72
31
44
51
99
104
69
42
73
105
88
31
16
63
64
9
-46
-47
-1
31
-10
-83
-76
0
45
-4
-79
-89
-35
39
20
-74
-122
-42
44
28
-55
-94
-16
62
63
-22
-47
-9
73
90
27
-36
1
81
81
13
-39
-10
4
43
19
-20
-45
8
40
22
-5
-18
-3
8
47
16
-11
-39
26
71
41
-13
-59
-15
33
48
-27
-88
-60
38
65
-18
-79
-83
-29
13
-40
-114
-116
-54
-12
-21
-48
-59
-15
14
23
3
-24
-11
-3
19
-4
-16
-36
9
29
24
-3
-1
-3
-21
-14
-22
-34
-70
-38
-18
-4
-44
-51
-31
1
12
-25
-44
-37
48
92
71
21
38
108
161
159
76
53
79
149
142
91
29
35
105
121
85
4
16
49
80
28
-34
-45
-27
19
-26
-83
-104
-25
6
-36
-93
-102
-44
4
13
-80
-123
-74
23
17
-61
-100
-62
-16
-3
-20
-68
-97
-70
-18
-46
-79
-86
-59
-44
-33
-36
-38
-61
-32
14
40
-13
-42
0
75
97
48
11
24
103
153
122
36
24
124
209
164
64
14
92
164
147
41
-42
-4
88
102
-1
-101
-82
30
55
-18
-119
-109
-11
49
5
-96
-114
-43
48
6
-89
-129
-74
-12
-13
-74
-121
-96
-48
-30
-72
-103
-110
-93
-66
-73
-95
-124
-116
-83
-69
-74
-91
-96
-70
-3
1
-36
-40
6
70
62
52
43
82
119
154
148
90
98
149
188
126
72
79
117
113
80
47
25
53
63
37
13
16
29
25
14
-13
-19
-4
9
18
-14
-46
-25
0
7
-13
-24
-26
-21
-24
-34
-38
-51
-45
-62
-72
-78
-42
-22
-42
-74
-65
-26
-7
-18
-46
-53
-27
10
15
5
-19
-4
2
36
31
34
24
51
71
83
86
58
41
47
63
59
46
17
6
17
48
47
16
-24
-19
12
52
43
-15
-43
-28
25
52
6
-55
-67
15
63
43
-48
-75
-30
29
13
-54
-98
-92
-31
-22
-64
-103
-77
-65
-37
-51
-69
-71
-49
-39
-46
-26
17
38
31
26
44
89
93
69
37
44
82
113
61
-1
24
88
92
43
0
-3
39
62
11
-42
-41
-1
-4
-56
-80
-73
-38
-43
-65
-105
-101
-68
-39
-74
-118
-112
-63
-24
-41
-67
-79
-44
-14
2
-22
-51
-55
-2
9
-4
-23
-10
7
23
45
26
4
8
66
68
34
-11
30
92
104
87
58
67
107
151
115
72
47
87
131
133
77
53
80
106
101
55
24
-2
12
22
3
-46
-60
-53
-48
-60
-71
-92
-77
-53
-33
-55
-113
-111
-68
-52
-79
-118
-125
-95
-42
-55
-87
-101
-52
19
14
-27
-49
-21
21
52
2
-43
-40
25
43
18
-26
-12
34
71
59
8
-9
45
118
110
70
16
52
113
137
75
18
17
88
135
81
35
36
73
82
56
-2
-25
5
18
14
-23
-25
-11
6
-2
-14
-24
-44
-43
-64
-70
-84
-71
-92
-103
-95
-81
-74
-87
-101
-104
-80
-75
-82
-88
-71
-53
-36
-14
-20
-35
-19
8
9
10
-3
-7
6
9
27
25
12
23
55
63
67
54
36
47
81
77
63
64
62
75
89
83
54
54
81
93
70
44
52
72
74
72
53
7
14
57
36
-62
-77
-14
3
-43
-102
-100
-65
-27
-76
-145
-159
-93
-42
-87
-140
-131
-42
-19
-65
-117
-92
-12
27
-23
-83
-69
6
57
42
4
-15
43
100
96
17
-9
30
81
87
59
46
60
92
83
86
77
77
80
84
82
74
71
61
101
106
78