1
1
-1
-6
-6
-5
-7
-10
-2
1
4
5
2
4
3
3
0
2
-2
-3
-4
-2
0
2
5
2
4
5
3
2
2
-1
-1
0
3
4
5
4
5
8
4
-1
0
0
-2
-4
0
1
3
3
-1
1
1
0
-2
0
3
0
0
3
0
-2
-5
-5
-3
2
-2
-6
-2
5
4
2
1
0
1
-4
-5
-5
-3
-1
1
5
7
6
4
5
0
1
2
1
0
0
-1
-3
1
1
1
2
-1
-1
3
6
1
-2
-1
-2
-1
-1
-3
-2
-1
-1
1
2
-1
-3
-6
-5
-5
-3
-1
-1
4
7
7
7
3
0
1
0
-2
-3
0
1
2
1
0
3
3
-2
-6
-1
-1
3
1
0
-2
-1
-1
-3
-5
-5
0
-1
1
1
3
2
-3
-2
2
3
1
1
2
4
4
-1
-2
-5
-5
-3
-1
0
4
0
1
5
2
-1
-2
-3
-2
-2
-5
-2
2
3
2
2
-1
-1
-1
-3
-7
-3
-3
-2
0
-2
-4
0
1
-4
-2
1
3
1
1
0
3
3
0
3
3
3
1
-1
-3
2
0
0
3
2
0
4
5
0
-4
-8
-2
0
1
-3
0
1
2
6
8
7
5
9
4
3
-1
-3
3
6
-2
-3
8
12
8
0
-2
-3
3
-2
-5
-6
-5
-2
3
-3
-6
-1
3
-1
-3
-6
-4
4
0
-3
-5
1
7
6
-2
-4
0
3
2
-1
0
-3
4
4
-5
-2
2
-1
-4
1
2
2
-2
-5
-2
-2
-5
-5
0
-3
-3
-2
2
1
-4
-3
4
4
-5
-5
-2
2
5
3
2
4
4
2
0
-2
-5
-5
-6
-4
-5
-2
-1
-1
0
-2
-3
-1
0
-4
0
-1
1
2
3
3
2
0
2
5
2
-1
-1
1
1
3
-1
-2
1
5
5
3
3
2
2
3
3
-2
-4
0
1
1
0
1
-1
0
1
-2
-1
0
1
-1
-1
0
0
-2
1
-1
-4
-4
-3
-2
0
3
0
0
3
5
4
-1
-3
4
3
-3
-2
0
1
4
2
-1
3
5
5
1
-1
-2
3
7
4
1
4
5
2
1
1
-1
-5
-5
-5
-2
-2
-6
-8
1
3
6
3
-4
-2
2
1
-5
-7
-3
1
0
-5
4
6
-4
-8
-1
3
5
-1
-5
1
4
3
-6
-5
-6
-8
-10
-9
-7
-4
-9
-7
1
2
-11
-10
2
2
-10
-10
4
7
1
-1
-6
-1
3
3
-1
-1
-1
-5
6
15
13
-2
15
17
14
9
8
4
8
12
0
-3
4
13
4
4
0
-4
-7
-3
-6
-8
-13
-6
7
7
-9
-17
-9
3
4
-5
-16
-14
11
13
-6
-14
-2
-3
-13
-15
-11
-9
-8
-7
-6
-5
-3
3
7
7
0
-6
3
12
16
18
9
-3
5
20
20
13
-1
-5
8
25
13
-3
7
8
-1
2
20
9
-14
-11
3
13
8
-12
-15
-5
5
-1
-8
-10
1
12
9
11
6
6
-4
12
16
-1
-17
5
13
-6
-16
-12
7
7
-20
-31
4
17
-1
-28
-31
-15
5
7
-11
-15
-9
-3
2
8
4
-16
-23
-19
11
15
-18
-37
2
24
3
-6
-6
10
9
-9
-15
3
13
13
2
-12
11
39
30
6
5
18
20
14
1
5
15
12
-6
-6
17
12
-21
-32
2
4
-25
-46
-28
-9
-16
-22
-28
-28
-18
-5
-16
-17
0
10
11
19
30
28
27
44
56
42
36
37
36
49
86
69
43
46
80
83
43
17
4
9
-13
-31
-47
-31
-51
-78
-67
-49
-58
-63
-64
-75
-41
-7
2
-15
0
31
40
6
-27
-44
-60
-51
-51
-92
-110
-93
-72
-67
-79
-59
-41
-46
-65
-89
-149
-179
-153
-131
-127
-118
-59
-13
64
101
140
170
166
159
142
152
139
139
131
153
224
293
293
244
252
310
276
192
133
105
86
71
13
-34
28
105
118
56
9
16
8
-51
-169
-224
-225
-170
-153
-147
-116
-99
-94
-140
-165
-212
-223
-227
-272
-345
-322
-190
-66
0
-12
39
98
145
122
78
40
-5
-89
-196
-220
-269
-293
-299
-238
-253
-259
-209
-170
-123
-48
5
-4
85
130
141
165
224
263
334
440
515
573
560
498
346
249
174
76
-9
-126
-167
-171
-124
-62
-65
-153
-240
-232
-251
-260
-293
-305
-208
-72
26
104
248
335
313
320
290
186
117
68
3
-49
-60
-26
-14
-3
-11
11
84
165
244
281
259
254
390
395
266
189
124
22
-152
-347
-510
-527
-569
-553
-458
-224
-47
-12
-72
-160
-174
-209
-259
-293
-206
-64
18
127
125
4
-14
22
-20
-202
-369
-411
-434
-528
-536
-416
-276
-151
-119
-17
76
188
241
270
287
346
467
469
428
306
215
257
350
295
241
250
280
292
347
383
342
318
216
111
135
257
289
246
274
449
621
600
410
313
408
435
293
212
328
399
288
221
242
337
47
-219
-484
-375
-608
-771
-1170
-975
-628
-1962
-4776
-5239
-855
1571
-1884
-7396
-5180
1861
5520
952
-4410
-3281
2990
6570
2978
-1933
-2195
2258
4746
3980
1785
1192
2789
5061
5038
2673
1672
2683
2941
1134
-761
-883
35
-34
-2304
-4411
-3839
-1549
-1377
-3868
-5692
-4881
-2928
-2058
-2749
-4156
-4359
-2587
-786
-885
-1889
-1814
-874
-60
238
280
293
593
684
688
1344
2196
2360
1570
1868
3277
4897
4697
3900
3360
4301
5140
5489
4762
4984
4664
1052
-2188
1234
7086
2545
-6779
-8345
-317
3750
1132
-5437
-9003
-5606
1704
2925
-3422
-6684
-4516
-1119
578
1679
-693
-3294
-840
3295
3199
1061
1224
1842
1096
1238
1405
1302
-510
-908
-2210
-1710
-2800
-7837
-9696
-3971
1580
-8961
-16910
-11805
3069
3291
-6228
-13203
-7019
5526
9974
4878
-4702
78
10524
16119
10802
7906
8793
11344
18612
16089
3415
-5159
11424
21089
4130
-16185
-9968
7696
7426
-2294
-14922
-16196
-7528
5116
-2413
-17328
-17305
-7140
-2939
-3906
-2180
-6862
-7987
530
7843
2702
-1190
3914
6851
6530
6419
7380
5768
5575
5505
4146
2899
2995
3182
248
-3358
-4197
-1924
-2340
-6209
-10466
-12276
-9335
-4032
-5159
-13842
-15741
-5705
2718
-259
-6309
-6424
-183
7759
10194
4566
-113
4550
11784
13681
11415
10044
10356
14780
15976
7140
-1826
5792
16925
6074
-13833
-14662
1918
7217
-1136
-13317
-17495
-10989
1698
1905
-12112
-19013
-12659
-4773
-2067
-304
-4800
-9714
-3723
7189
8013
2300
2440
4911
6472
8269
10267
8186
5399
5089
5996
6575
6137
4787
1739
-978
-2049
-336
-1974
-7559
-11856
-9980
-8012
-8833
-10673
-12652
-12130
-8052
-2983
-4375
-6274
-4913
-18
2924
4742
4193
3140
5683
10601
13484
12392
12526
14747
17801
15303
7283
3406
10522
15253
3987
-11461
-11393
682
5697
-2438
-14558
-18674
-12138
-2710
-3396
-13526
-20617
-17224
-9300
-3600
-2715
-6764
-9334
-3823
5398
7912
5269
4656
6467
8180
10306
12491
11865
9337
7055
7547
8737
8998
5935
2513
-739
-1307
-2554
-8848
-14178
-9268
-1780
-11488
-23727
-19381
-1938
930
-9243
-18118
-13271
920
9984
5299
-6434
-4484
7599
17572
15652
10471
7031
11150
21032
25297
16303
1658
1657
13992
18940
3949
-10979
-9670
582
3396
-3630
-12970
-17291
-12082
-5718
-7775
-15846
-17987
-14508
-10661
-7469
-5751
-6978
-6616
-837
3555
3071
3108
6761
8942
8735
9161
10242
10922
11324
11143
8813
7383
7335
6847
3844
1054
-1041
-6675
-11400
-9303
-2694
-7959
-19354
-21087
-9069
-1664
-7274
-15730
-16216
-5837
2856
3821
-3398
-4917
1415
10819
14439
12216
9149
9782
17258
23391
21546
10571
3644
8461
18611
15543
-1354
-10840
-3025
6292
1895
-8406
-14861
-14368
-9470
-6244
-12027
-19494
-18112
-12501
-10757
-9905
-7211
-6991
-6068
-791
3313
3057
4700
8717
9152
8009
10088
12812
12468
11100
10038
8944
8759
8825
6788
2695
-1475
-6899
-9930
-6539
-2536
-9764
-22137
-21114
-7655
-1034
-10332
-20007
-18200
-6171
2469
1385
-6421
-7690
1032
10905
14030
11982
9911
10575
17435
24546
23753
12740
4746
9141
20037
17131
92
-9597
-1111
7680
2641
-7425
-13443
-13493
-9765
-6235
-11869
-19651
-19079
-13548
-11509
-9732
-7261
-9235
-8908
-1458
4164
1876
1989
6768
8667
8133
9566
11719
11251
11381
10690
9651
8423
9542
7232
1494
-4064
-4773
-2837
-4830
-8946
-14198
-13341
-11304
-7351
-9510
-12730
-14384
-10261
-5087
-3851
-3281
-4512
-1905
1834
9565
11686
10295
8877
13306
20285
22931
18253
7161
4925
15853
24509
9005
-10679
-7801
9559
10643
-2406
-12638
-15674
-12251
-3775
-3929
-18337
-25799
-17586
-9423
-9378
-8903
-10298
-13214
-6728
3902
3522
-1966
2750
9047
8204
7161
10822
12706
11984
11978
10179
7895
8764
11791
7660
-3317
-10177
-3994
4474
-1387
-16164
-20882
-9781
-740
-4143
-15983
-19716
-11527
-158
349
-6819
-9455
-3186
5234
9451
9486
7439
7832
13375
19623
21219
16909
9899
6132
12191
21584
13429
-5709
-10565
5377
10403
-762
-11435
-12931
-12424
-8272
-4549
-13341
-22282
-18685
-10317
-10717
-9785
-7436
-10587
-10193
-161
5315
-1205
-1267
6657
9710
7146
8477
10614
9787
10901
12101
8995
5753
6568
6581
881
-3288
-3407
-2010
-3995
-7118
-9317
-9153
-6234
-6321
-9240
-12282
-8956
-5932
-4854
-5953
-4014
-610
2344
4202
6087
8707
10357
11294
12762
14751
17270
16192
9213
2836
9607
20930
12356
-8516
-12092
5827
10735
-705
-11705
-14243
-14085
-7107
-2000
-12435
-22448
-18178
-9677
-9950
-7365
-5565
-10905
-11058
-27
5616
-53
1266
6694
6150
4377
10683
14257
9867
7480
8715
9153
7916
8098
3824
-2363
-4539
-2052
-1243
-4408
-8230
-10815
-9118
-6201
-5762
-9571
-11018
-8948
-6300
-4659
-2803
-879
-60
1255
4629
9190
12220
11814
11410
12628
17227
18020
11041
3270
8799
19950
12174
-6604
-9296
7155
10186
-1623
-11824
-13021
-11435
-5934
-3817
-15444
-24112
-17769
-7313
-8364
-10172
-10301
-11796
-7830
1954
4350
-2390
8
6415
6901
6022
11538
12952
8217
8631
11223
9930
5661
6381
4920
394
-4734
-5910
-3312
-1480
-3592
-11420
-12824
-8244
-2545
-5465
-9621
-11805
-9817
-3776
1373
1763
-2814
-730
5338
12326
13355
12502
10561
13246
16614
11794
5252
10634
20489
8519
-8615
-4444
13525
10345
-3805
-10717
-10698
-9371
-1977
-1189
-16824
-25444
-16341
-6686
-7890
-8043
-10683
-16349
-10596
3864
5721
-3733
-3166
3046
4611
6247
12008
11942
6433
6511
10131
12417
12298
9604
1678
-3396
334
3815
-285
-8971
-11379
-8643
-4079
-4956
-9107
-11997
-10050
-6405
-5360
-6098
-7410
-5408
-1283
2056
2924
3850
7335
10012
12627
14229
16182
16215
12613
7613
8263
17916
16959
1373
-9412
2407
12967
5288
-7146
-11261
-10029
-8134
-2877
-7945
-19217
-22139
-13104
-8571
-9749
-9128
-11440
-12582
-5762
3635
597
-2986
2083
6540
4490
5855
11982
12006
8862
8562
9906
9989
10897
8623
964
-3381
-106
1446
-4544
-10512
-9799
-7233
-6681
-8456
-10223
-11549
-9505
-6095
-5684
-7723
-7355
-3163
727
3098
3952
4756
7784
12176
15331
15232
16087
16820
13117
7379
9641
19388
15880
-1685
-10151
3635
13255
4023
-8708
-12569
-11215
-7901
-2587
-9241
-21470
-22856
-12424
-8192
-9935
-10157
-12287
-11777
-3183
5148
468
-2766
3635
8443
6118
6935
12068
11728
9667
9076
9597
8606
9669
7715
936
-4542
-3426
216
-2343
-8638
-13581
-11193
-6868
-5086
-9245
-13241
-12021
-6961
-3578
-4522
-5117
-3759
245
3526
6347
8225
10346
11668
12959
15674
18519
17837
11346
5965
9710
18570
12979
-3959
-9187
4554
10490
73
-10546
-12548
-11688
-8053
-3792
-11315
-22241
-20612
-10101
-7642
-9229
-9402
-11229
-9640
-191
5844
156
-1612
5161
9296
7534
9488
12403
10891
9197
10564
10145
8925
8559
4465
-3205
-4085
913
-929
-8969
-12899
-9336
-7199
-6750
-9710
-12421
-12969
-7820
-4862
-6193
-7568
-4811
-622
2038
4070
5557
8140
11521
13561
13711
13867
17229
18820
13019
4747
7442
17723
13029
-3850
-9456
2969
6928
-1414
-9381
-12091
-14317
-10415
-4201
-10069
-19980
-19339
-11643
-9335
-6921
-5306
-9645
-10251
45
7289
2074
801
6835
9253
7492
10643
13497
10464
9348
10878
10643
7309
6668
4112
-1189
-5006
-4639
-3259
-6176
-10483
-14154
-11222
-7209
-6190
-10655
-13310
-11233
-6778
-2894
-2888
-3882
-3952
540
5219
9005
10433
10651
10207
12147
16327
19171
17866
11008
4416
7013
17164
13800
-3224
-10796
1143
7154
-1187
-9741
-12154
-13993
-11400
-4721
-8849
-18258
-18927
-11833
-9316
-6895
-4653
-8238
-9578
-1357
6042
2986
2283
6565
8276
6790
10248
13332
11085
8784
9521
9881
9395
9534
4681
-3507
-6433
-885
1261
-5584
-15104
-15825
-8944
-3223
-6121
-13733
-16990
-11606
-3347
-1073
-5416
-8919
-5453
1824
6794
7693
7332
8077
10407
13963
16995
17936
17591
13590
7206
5813
15259
17896
2838
-11352
-4244
7742
3401
-7160
-12707
-14457
-13798
-6134
-5705
-15722
-21317
-15874
-10547
-8110
-4335
-6820
-11427
-6692
4454
6025
2888
5001
6980
6170
9103
14943
13360
8878
8291
10587
10925
10512
8084
1779
-4927
-5817
-540
875
-7788
-18710
-17364
-6548
-1053
-8408
-18124
-18357
-7884
1142
-757
-9209
-11370
-3378
6190
9157
6351
4229
6932
13192
18463
18498
15741
14909
13627
9257
7953
14644
13732
-689
-10539
-1867
6665
1059
-8359
-13301
-14774
-12035
-4789
-7218
-17693
-21336
-14259
-8312
-6093
-4998
-8405
-9941
-2935
6035
5494
2814
4923
7030
7407
10105
13783
11881
9257
9232
10453
9493
9110
7462
1806
-4536
-5786
-1699
-1707
-8514
-16680
-14939
-7243
-3463
-9468
-16049
-14644
-6466
-930
-3444
-8388
-8742
-2140
4613
7103
4988
4174
7661
13531
16769
15856
13881
14546
15024
10093
5013
9731
15344
5530
-8954
-6923
4926
4224
-5281
-11640
-13584
-12957
-6585
-4377
-12891
-19408
-15152
-8870
-6617
-3935
-4750
-8893
-6397
3244
7080
3665
3269
5104
6015
8622
13169
12283
7870
7376
9478
9648
8269
7081
3309
-2252
-6163
-5300
-1963
-3069
-11070
-17290
-12648
-4292
-3692
-10761
-14632
-11167
-4112
-862
-3879
-8296
-6133
1841
6847
5783
4102
6415
10872
14511
15662
13828
12664
14367
13088
6562
5071
12658
11583
-2783
-10702
-1176
5475
-584
-8782
-12728
-14173
-9969
-3081
-7185
-17029
-18193
-10913
-6297
-3894
-3636
-7840
-7930
753
7390
4083
1979
5369
7516
7396
9529
11477
9762
8714
8748
8454
7877
8203
5683
1379
-2950
-6419
-6491
-2654
-3218
-13014
-19074
-13340
-3682
-3345
-9959
-15601
-12759
-3847
1875
-1376
-7372
-6158
667
6981
8443
7404
6342
9195
14255
16418
14360
12954
14807
12295
5382
3298
11629
12811
-924
-12850
-6319
4220
1849
-6852
-13380
-15358
-12011
-3363
-4543
-14563
-18494
-11737
-6210
-4157
-2027
-4479
-6941
-1971
6337
6424
4531
6439
6986
5864
8928
13739
11466
7239
6258
7912
7878
7410
5016
978
-1708
-4796
-7163
-6691
-3318
-8580
-17475
-18161
-8154
-2291
-6622
-13703
-14997
-6769
1716
2819
-4934
-8013
-2280
6785
10188
7878
5437
5990
12062
16944
17004
11912
11146
13314
11078
4865
4959
11155
6131
-7756
-12303
-846
4385
-3085
-12267
-15115
-13285
-7239
-2293
-8964
-18037
-16893
-7848
-3355
-2086
-2964
-6716
-5542
3889
10070
5480
2865
6373
8627
8298
10766
12071
8193
6289
8012
8816
6324
5504
3916
828
-2110
-5509
-8458
-7370
-3059
-8886
-18560
-18178
-6121
-1131
-6920
-13864
-13586
-5143
3216
3821
-4526
-7840
-1516
7955
11055
7876
4579
5203
12396
17813
16643
10496
9756
13111
10974
4292
2504
8987
6183
-5908
-12378
-3151
3125
-2138
-10332
-14473
-14236
-9573
-3229
-7612
-16183
-17067
-9674
-4232
-987
-402
-5248
-6418
1598
10064
8183
4500
4402
5488
7325
12201
14326
8824
4142
5416
9199
9524
7252
2597
-1922
-2664
-3184
-6071
-8374
-6421
-8663
-15522
-16734
-8648
-2424
-5858
-11591
-12900
-5894
2090
3784
-3183
-6815
-1224
6961
10160
7875
5327
5405
11420
17000
16038
10715
9090
13120
13374
7785
1295
4172
7568
947
-10382
-9889
-487
-244
-8057
-14899
-14652
-11569
-5488
-5843
-13489
-17498
-11769
-4424
-2478
-2042
-4329
-4812
566
8315
7996
3726
4884
8751
10258
9898
10942
10165
8741
7858
7296
6718
6148
5027
452
-2633
-3934
-5712
-8923
-8202
-6561
-12484
-18452
-14912
-4180
-2977
-9251
-14742
-10464
-897
4949
1269
-5827
-4340
3713
11064
10980
7592
5301
8536
14980
17236
14314
9994
11321
13267
10135
2837
2385
8273
4549
-8606
-14036
-4044
536
-5421
-12862
-15522
-15904
-9798
-2539
-7230
-16389
-16553
-8288
-2619
1278
51
-5487
-5059
4958
11879
8953
6920
7636
8123
9224
13737
14397
9753
6161
5656
6395
7098
6843
1682
-3809
-5352
-4299
-6752
-9956
-10466
-10714
-14449
-17153
-13352
-7539
-6071
-10048
-12341
-8773
215
5073
2240
-2987
-1726
5217
11536
12585
8492
5387
8429
15776
18562
14286
9400
9108
12738
12654
5882
-2485
-983
4755
-370
-12698
-14310
-5169
-3823
-9716
-14681
-14956
-12923
-6761
-4937
-10798
-13973
-9108
-2694
-278
1643
223
-1129
3628
11754
11983
7087
7658
11235
12176
10842
10889
9135
7267
6559
6164
3991
2009
846
-1128
-3822
-6092
-9171
-12995
-12861
-9121
-10182
-18244
-20093
-11243
-2257
-4523
-10505
-10777
-2136
6065
6570
511
-2427
2748
9942
12820
9767
6806
7491
13083
17097
15012
9525
8185
11453
12743
7309
-1787
-5318
817
3999
-6514
-18054
-13978
-3544
-3974
-11192
-15456
-14490
-9998
-3800
-4545
-10333
-10930
-5163
-251
2028
3682
2255
2411
7507
12201
10538
8658
10563
11494
10328
9616
9545
7878
6839
5443
3144
929
382
-743
-3231
-5830
-8167
-10987
-13487
-12766
-10291
-10878
-15472
-16569
-10692
-3115
-1896
-5682
-7179
-1687
5072
6297
2779
1066
3632
8035
10899
9932
7527
7716
11267
13147
11555
8410
7205
7513
8800
6521
-1511
-7794
-2821
4026
-3852
-16720
-15874
-4774
-2648
-7515
-11826
-12911
-10482
-3157
52
-5016
-8222
-5130
-14
3715
7034
4814
1537
4942
11551
11786
8682
9301
9639
8176
7742
8840
6885
4390
2811
1140
-653
-940
-1543
-4215
-6218
-7887
-10113
-12793
-11648
-8485
-8138
-13347
-16444
-10761
-1340
1420
-4381
-8460
-4282
5439
9312
5206
-608
230
6042
11418
11654
7116
3918
6443
11789
12345
8469
4734
4467
6448
6712
956
-6618
-5151
2507
-106
-12494
-15636
-5726
-221
-4511
-10077
-11806
-9557
-2856
1376
-3130
-8405
-6161
127
4267
6400
4622
868
2849
9884
12085
7960
6050
7156
7641
7118
6841
5519
3908
3275
2081
288
-947
-1129
-2382
-4614
-6908
-8357
-9896
-10723
-9216
-7656
-9906
-13670
-11555
-4309
203
-2556
-6717
-5056
2004
6781
4884
722
146
4066
8295
9702
7369
4711
5361
9026
10896
8701
5512
4641
6255
7912
5612
-2042
-7087
-1568
5265
-1805
-14641
-14040
-2514
854
-5170
-10591
-10938
-7519
-1042
991
-4046
-7610
-4682
25
3111
5219
3464
784
3395
9062
9641
6983
7145
7739
6267
4997
6187
6232
4803
2297
378
-678
69
78
-1853
-5424
-8456
-9435
-9331
-8320
-8946
-10447
-13806
-12317
-7246
-2261
-3682
-6298
-5666
-1080
4093
4866
2636
145
2615
5692
8485
8460
7296
5779
6645
9466
10592
9582
6748
5335
5511
7538
4928
-2044
-5757
111
3139
-5575
-13990
-9081
-682
-2183
-7943
-10592
-8878
-5030
-241
-1792
-6544
-7049
-2357
1459
3650
4582
1918
1281
5958
10792
8567
5676
6007
6904
6263
6224
6528
4820
2526
633
1010
1601
779
-2885
-5909
-6984
-7215
-8441
-10184
-10480
-10758
-11820
-12888
-9603
-5259
-3874
-6344
-6639
-2858
2445
4514
2243
99
1411
5823
8489
8354
6143
5486
7363
10637
11848
9453
6326
5452
7491
8491
7692
3155
-3344
-6645
-419
4982
-2801
-14476
-12831
-2391
-957
-5861
-9606
-9625
-7755
-1607
532
-3813
-6736
-3642
988
3941
6258
3818
1727
5009
10769
9948
6488
6130
7079
6618
5906
5920
4287
2520
1260
458
-768
-1663
-2823
-5136
-8155
-9821
-10098
-9890
-10289
-10966
-12750
-13025
-9630
-4850
-4076
-6306
-5890
-1873
3270
5014
3252
782
2859
7138
9168
8097
6630
6709
7936
10241
10696
9287
6774
6076
6459
6817
6210
2527
-3630
-6989
-1495
2395
-4648
-14261
-11829
-3652
-2702
-6148
-8458
-8284
-6509
-1490
-570
-3145
-3839
-979
1483
4279
7063
5324
3723
6490
10441
8976
6756
6724
6698
5210
4586
4943
3326
933
-752
-893
-1363
-2409
-4748
-7127
-8761
-9320
-10398
-11521
-11340
-10336
-10916
-11787
-8937
-4161
-2049
-3317
-3323
-947
3738
6490
5302
2316
3327
7207
9617
9365
7787
6536
6783
9567
10576
8422
4550
3412
4135
5596
5148
247
-6821
-8252
-819
2206
-5633
-14523
-11252
-3690
-1621
-4690
-7707
-8179
-5078
504
1101
-1242
-2148
550
3108
6208
7317
4937
3937
7026
9668
7118
5020
5214
5748
4285
3083
2174
930
44
-650
-1709
-3510
-4524
-5276
-6434
-8382
-9992
-10240
-9303
-8906
-9893
-10191
-8033
-4621
-2427
-2110
-1903
-542
2106
4885
6136
4654
3062
4443
7573
8625
7232
5632
5487
6613
7587
6945
4956
3184
2346
2527
3199
3294
-702
-6825
-7824
-462
2501
-5752
-13724
-9408
-1304
103
-2886
-5967
-6417
-2936
2604
2658
-405
-1679
43
2639
6026
6949
3587
2220
5115
7491
5195
3307
3238
3328
2362
1566
736
-339
-379
-669
-1850
-3643
-4037
-4076
-4806
-6787
-8536
-8656
-7195
-5911
-6487
-7552
-6927
-3627
-481
515
-623
-985
970
4518
5801
3850
1897
2854
5248
6276
5688
4179
3635
4371
5791
5519
3992
2462
2423
2936
3373
3261
89
-4843
-5300
1650
3653
-4570
-11675
-6648
1096
1385
-2977
-6116
-5167
-1137
2854
983
-2475
-2832
-182
1982
3965
4037
1150
716
4089
6188
3492
1839
2367
2709
2017
1962
1627
510
54
-298
-962
-1293
-1352
-2429
-5246
-7227
-6770
-4346
-4524
-7771
-9372
-6739
-2584
-1751
-2644
-3767
-1964
113
2170
2272
1567
509
972
3460
5182
5299
3685
3372
4086
5886
6404
5466
3909
2972
3415
4229
5212
4180
283
-4056
-2557
3048
2601
-5117
-9489
-5052
-240
-287
-3584
-6126
-5534
-1496
1061
-943
-3283
-2900
-751
1478
3236
2004
-154
1426
5361
5780
2972
2138
3453
4645
4440
3156
1445
1162
1963
1563
-2
-1185
-1462
-2382
-4621
-6617
-6574
-5203
-6096
-8601
-9476
-7082
-4415
-3515
-3971
-4542
-3704
-1939
720
1853
1070
-717
414
3963
6468
6094
4161
3613
5080
7996
8717
6592
3842
3428
5221
6563
6731
3883
-1028
-4423
-893
4174
972
-8081
-10846
-4804
-512
-1697
-5898
-7821
-6000
-1241
220
-2450
-3920
-2291
286
2042
3381
2210
1486
3805
6754
5797
3837
4649
5944
5492
4219
3606
2958
2473
1679
30
-1369
-1431
-2533
-5580
-7255
-5685
-6260
-9622
-10623
-7385
-6367
-8033
-8223
-5927
-3420
-2094
-2088
-3060
-770
2985
4191
2319
2613
4815
6546
7561
7358
5914
4994
7548
9354
7688
4185
3538
4849
5817
5353
1399
-3695
-5036
21
1385
-4625
-10974
-8901
-3566
-2069
-4144
-7111
-7320
-4281
97
-467
-2782
-3081
-830
1686
4393
5076
2687
2805
6084
8290
6537
5252
4899
4808
4868
4799
3473
1575
737
13
-763
-1531
-3240
-6098
-7737
-6505
-6516
-9516
-11442
-8928
-5942
-6993
-8496
-7398
-3435
-1236
-1118
-2733
-1462
2334
5201
4742
3178
3882
5892
8887
9362
7475
4545
5664
8744
9490
6139
2206
1917
3583
5371
2323
-2980
-6997
-3562
24
-2622
-9350
-10366
-5798
-3116
-3512
-5986
-6580
-5298
-785
610
-755
-2125
-508
2218
4987
6542
4571
3420
5426
8720
7746
5749
4586
4459
4334
4553
3604
1190
-122
-623
-1234
-2992
-4680
-6835
-7468
-6772
-7587
-11158
-12105
-7677
-4422
-6664
-9933
-7915
-2659
1077
406
-2363
-2467
1857
6608
7158
4809
3223
4769
8410
10911
9302
5150
3954
6536
8960
7250
3348
460
1160
3716
2814
-2553
-6669
-3888
-1110
-3897
-9227
-8780
-5194
-3253
-4110
-5644
-5950
-4004
23
1292
116
-1329
89
2760
6057
7175
4988
3162
4879
8192
8095
6182
4201
3423
2902
3305
2960
1237
-1007
-2535
-3304
-4095
-4406
-5782
-7715
-9484
-9333
-9360
-9241
-8351
-7216
-7354
-7294
-5100
-2626
-726
-137
265
508
2713
5371
6880
6321
5607
6011
7567
9333
9321
7532
5500
5563
6597
6409
4530
2193
1020
632
-638
-3579
-4657
-2945
-3599
-7982
-10515
-7186
-3766
-3705
-6148
-7049
-5495
-1800
746
489
-458
-433
1358
4091
7016
7037
5266
4528
6373
8328
8342
6888
4950
3772
3217
3176
2309
839
-1198
-3430
-5483
-5885
-4923
-5148
-8099
-11775
-12210
-8887
-5764
-7077
-10510
-10365
-5651
-1505
-933
-2061
-1887
490
3999
6279
6135
5378
6014
7689
8603
8682
8311
7986
7484
6995
6284
5429
4803
3829
2484
622
-1334
-4094
-5118
-3859
-3728
-7511
-10693
-8862
-5366
-4182
-5424
-6319
-6101
-3445
-247
695
-363
-371
1667
4061
6449
7204
6261
5793
7896
9495
8280
6308
5854
5844
4839
3413
1674
-204
-1400
-2111
-3559
-5572
-6971
-8097
-8904
-8960
-9656
-11042
-11172
-9268
-8325
-7743
-6508
-4685
-3602
-1871
421
2299
3508
4424
5566
6739
8317
9100
9188
8932
9071
8788
8394
8363
7869
5883
3538
2722
3007
1996
-1637
-5639
-6080
-4077
-4862
-8864
-10960
-9293
-7271
-6541
-6798
-7018
-6167
-3548
-1382
-688
-214
760
2068
4204
6823
7413
6638
7185
9167
9725
8756
7716
6680
5639
5064
4295
2529
219
-1880
-3494
-4199
-4802
-6264
-8321
-9831
-10452
-10465
-9516
-8935
-9505
-10620
-9023
-5364
-2514
-2401
-2626
-1095
2200
5544
6767
6145
5730
7414
9402
10508
9987
8747
7449
7467
8080
7669
5855
3599
2291
1568
49
-2787
-4779
-4725
-5490
-8684
-10861
-9142
-6973
-7397
-8672
-8638
-6973
-4427
-2146
-2045
-2244
-882
1698
3906
5829
6771
6407
6853
8823
10369
9778
8643
7642
6899
6327
5946
4873
2630
6
-1828
-2518
-3265
-5009
-7193
-8831
-9729
-10201
-10176
-9910
-9635
-9883
-10094
-8756
-5608
-2973
-2731
-2974
-1350
2375
5444
6465
5876
5930
7597
9672
10717
10030
8807
7687
8059
8607
7852
5465
3613
3206
1788
-1187
-3991
-3493
-3738
-6510
-10318
-10202
-8137
-6767
-7506
-9250
-9569
-7248
-3395
-2325
-2883
-3475
-1670
1410
5184
6498
5416
4884
6771
9571
10219
9409
7760
7034
6670
7105
6544
4648
1534
-632
-1183
-1633
-3365
-6111
-7819
-8795
-8921
-9631
-9950
-9960
-8991
-9132
-9147
-7517
-4677
-3071
-2770
-1939
-347
2651
5335
6646
5978
6204
7809
10117
11098
10103
8249
7459
8526
8885
7603
5052
3172
1295
2
-505
-928
-3887
-7920
-9221
-7537
-6328
-7593
-9536
-10320
-8812
-6319
-4762
-4953
-4952
-3840
-2078
223
2658
3811
3564
4362
6538
8409
8817
8655
8169
7734
7635
7789
6908
4926
2873
1466
297
-764
-1924
-4075
-6456
-7834
-8078
-8273
-8283
-8951
-10178
-10141
-7890
-5870
-5766
-5932
-4851
-2615
23
2337
3203
3327
4440
6666
8651
9353
9069
8143
8299
9388
9902
8245
6594
5660
4243
2143
1187
708
-1737
-4655
-6121
-5941
-6266
-6586
-7739
-8957
-9166
-7630
-6465
-6259
-6012
-5603
-4615
-2541
299
1449
1608
2317
4286
6149
7386
7705
7432
7201
7456
7809
7397
6270
4997
4220
2799
813
-560
-715
-1902
-4812
-7370
-7634
-6392
-6314
-8145
-10260
-9674
-7095
-5171
-5408
-6004
-5269
-3002
-195
1428
1747
1942
3865
6141
7647
7641
7716
8188
9132
9410
8892
7935
6103
4379
3546
4077
2210
-1122
-3915
-3769
-3612
-4036
-5602
-7428
-8411
-7835
-6418
-6357
-6730
-7464
-6855
-5217
-2645
-1474
-1248
-403
1637
3751
4601
5107
5441
6494
7255
7522
6614
6043
6198
5930
4641
3121
2329
1081
-304
-1922
-2934
-3776
-4282
-5697
-7113
-7293
-6326
-6085
-6704
-6937
-6348
-4815
-2979
-1796
-1842
-1517
52
2391
4223
4781
4527
4790
6352
7979
8515
7993
6850
5542
4957
5626
5530
2961
-384
-1638
-1077
-1151
-2468
-4577
-6074
-6329
-5594
-5443
-5860
-6355
-6703
-6415
-5030
-3302
-2727
-2661
-1897
-336
1159
2423
3380
3827
4096
4540
5167
5485
5727
5476
4441
3223
3231
3850
3044
696
-1389
-1594
-982
-1203
-3300
-5188
-5155
-3817
-3707
-4800
-5364
-4706
-3418
-2319
-1772
-2041
-1605
72
1818
2110
2145
2772
3747
4682
5551
5792
5215
4633
4262
4250
4304
3589
1591
183
81
28
-927
-1964
-3028
-4101
-4618
-4402
-4281
-4568
-5131
-5564
-4913
-3360
-2166
-2335
-2457
-1702
-124
1098
1790
1881
1889
2352
3011
3735
3776
3391
2576
2647
3045
2916
1853
517
-158
-238
165
-763
-2077
-2851
-2192
-1920
-2158
-2790
-2930
-2237
-1351
-788
-1034
-835
29
1343
1636
1358
1615
2436
3241
3490
3600
3313
3069
2453
2316
2662
2462
655
-982
-847
-255
-544
-1546
-2450
-3213
-3143
-2684
-2703
-3175
-3598
-3911
-3794
-2564
-1377
-1277
-1669
-1085
71
1146
1914
2158
1687
1231
1814
2784
3120
2047
657
232
1544
2406
1267
-936
-1801
-955
13
-198
-1786
-3146
-3016
-1451
-575
-987
-1832
-1783
-667
867
1633
937
487
1357
2938
3121
2687
2475
3073
3609
3877
3451
2483
1759
1420
1589
955
-273
-1966
-2376
-2075
-1572
-2237
-3432
-4199
-3790
-2888
-2819
-3229
-3513
-2996
-2419
-1492
-858
-525
-316
524
1376
1538
1683
2196
2603
2300
2220
2309
2112
1536
1312
1330
945
201
-709
-1339
-1679
-1501
-1942
-2918
-3522
-2898
-2177
-2019
-2177
-2102
-1415
-381
509
703
890
1658
2868
3555
3525
3567
4241
5005
5063
4604
4394
4263
3705
2472
1754
1535
902
-783
-2089
-2410
-2610
-3103
-3848
-4487
-5159
-5049
-4699
-4396
-4436
-4350
-4152
-3396
-2110
-1163
-931
-617
396
1419
2156
2557
2589
2583
3109
3591
2985
2186
2164
2570
1961
1026
338
-146
-610
-795
-1281
-2471
-3020
-2800
-2396
-2594
-2679
-2920
-2562
-1386
-126
93
-136
462
1753
3215
3712
3411
3025
3846
5146
5791
5315
4048
3183
3332
4244
3423
1308
-601
-721
-625
-993
-2211
-3635
-4394
-4123
-3689
-4259
-5099
-5439
-5116
-4519
-3829
-3506
-3425
-2872
-1799
-636
92
443
624
1238
2226
2645
2180
1882
2603
3222
2795
1776
1377
1556
1698
1136
28
-855
-938
-771
-1077
-1656
-1892
-1707
-1448
-1125
-826
-691
-426
193
772
797
982
1491
2135
2537
2895
3065
3153
3180
3014
3005
3013
2569
1594
917
798
788
482
-417
-1289
-1602
-1442
-1804
-2482
-2988
-3109
-3116
-3166
-3275
-3253
-2844
-2213
-2036
-2184
-2141
-1388
-662
-317
-547
-735
-544
47
531
626
677
334
279
671
1374
1164
623
262
281
630
959
871
127
115
714
1397
1076
818
890
1435
1686
1555
1301
1200
1709
1895
1830
1303
1298
666
159
89
947
897
-197
-1299
-1046
132
659
-47
-1357
-1762
-992
18
-37
-893
-1338
-1227
-614
8
183
-553
-1093
-993
-478
-207
-345
-915
-1391
-1300
-1056
-868
-1128
-1547
-2267
-2051
-1418
-871
-1252
-1622
-1839
-1278
-375
75
-186
-340
176
731
1295
1796
2099
1978
2146
2722
3144
3129
2941
2751
2462
2479
2699
2675
1911
940
300
605
1009
522
-1036
-2028
-1861
-1128
-1019
-1654
-2597
-2943
-2246
-1308
-1126
-1628
-1873
-1570
-752
182
547
204
45
603
1000
1035
1000
1072
846
480
457
531
533
-51
-540
-1151
-1252
-1316
-1114
-1545
-2141
-2450
-2191
-1905
-1831
-1642
-1548
-1290
-877
-288
135
648
1296
1591
1822
2134
2682
2984
3299
3359
3313
3292
2558
1362
1194
2941
3113
799
-1428
-709
948
1564
297
-2146
-3380
-2276
-718
-1506
-2888
-3521
-3118
-2617
-1553
-1115
-1482
-1927
-1448
-740
-203
2
-211
-399
49
1003
1272
1110
856
1090
1413
1805
1520
810
265
364
620
610
237
-364
-510
-97
241
-218
-981
-1195
-765
-186
-376
-960
-1296
-609
231
634
395
102
223
698
1271
1312
1415
1170
967
880
1513
1892
1723
1267
905
877
1052
1249
724
63
-612
-789
-900
-889
-1267
-1785
-2274
-2314
-2057
-2117
-2511
-2736
-2515
-2377
-2220
-1986
-1919
-1850
-1288
-402
5
140
337
794
1384
2056
2263
1979
1983
2485
3044
3062
2758
2331
2122
2136
2150
1713
928
227
-87
-127
-347
-808
-1315
-1513
-1772
-1922
-1972
-1729
-1823
-1879
-1936
-1633
-1234
-614
-216
-95
161
673
1234
1351
1581
1736
1888
1743
1723
1468
1150
1024
976
583
-274
-908
-1155
-994
-1091
-1733
-2610
-2959
-2611
-2277
-2286
-2720
-2796
-2458
-1751
-1307
-942
-631
-188
358
1111
1820
2212
2427
2823
3324
3571
3555
3471
3380
3277
3153
2795
2213
1694
1333
773
176
-302
-794
-1619
-2209
-2407
-2380
-2619
-2860
-3144
-3082
-2643
-2066
-1937
-2014
-1751
-1288
-685
-200
213
259
538
997
1528
1784
1897
1737
1425
1445
1602
1568
1000
451
-54
-263
-381
-453
-777
-1248
-1563
-1679
-1560
-1500
-1330
-1336
-1352
-1341
-841
-252
89
71
123
548
1218
1799
1868
1676
1692
2229
2694
2604
2004
1618
1646
1856
1641
1068
452
245
196
7
-459
-977
-1225
-1183
-1193
-1520
-1926
-2068
-1982
-1883
-2010
-2196
-2225
-1925
-1612
-1418
-1378
-1299
-1050
-666
-338
-211
-95
47
358
695
962
1027
1128
1225
1339
1528
1750
1764
1694
1563
1432
1322
1372
1321
1030
611
306
271
253
204
-146
-437
-757
-655
-628
-719
-1153
-1336
-1213
-991
-894
-981
-936
-796
-144
357
577
378
591
1049
1525
1647
1301
893
806
1207
1247
861
187
-211
-311
-240
-547
-1302
-1980
-2189
-2075
-2228
-2589
-2933
-2853
-2473
-1980
-1711
-1629
-1361
-772
-82
337
752
1205
1793
2308
2750
3144
3510
3843
3905
3771
3477
3296
3103
2711
2010
1160
473
-74
-530
-1107
-1723
-2405
-2908
-3211
-3372
-3470
-3598
-3626
-3569
-3194
-2734
-2245
-1910
-1417
-804
-46
567
995
1368
1951
2595
2962
3080
3029
2954
2960
2964
2607
1983
1455
1009
493
-25
-473
-1024
-1565
-1986
-2291
-2564
-2704
-2770
-2841
-2766
-2489
-2087
-1742
-1305
-796
-208
293
799
1328
1966
2541
2889
2870
2791
2886
3106
3048
2586
1894
1352
1111
981
557
-238
-1044
-1549
-1816
-2057
-2397
-2878
-3347
-3541
-3391
-3106
-2847
-2698
-2554
-2277
-1672
-848
-82
310
517
857
1529
2271
2705
2744
2663
2853
3254
3522
3353
2866
2381
2179
2094
1697
977
270
-119
-394
-667
-1119
-1644
-2110
-2275
-2342
-2411
-2547
-2655
-2615
-2446
-2092
-1721
-1270
-1002
-680
-310
222
645
996
1187
1361
1591
1822
1943
1929
1900
1814
1743
1551
1231
835
549
215
-240
-710
-1125
-1520
-1821
-1957
-2073
-2218
-2290
-2282
-2156
-1844
-1404
-1085
-902
-648
-176
431
960
1279
1454
1730
2240
2688
2812
2702
2680
2720
2777
2657
2312
1818
1476
1222
780
130
-478
-943
-1328
-1685
-2112
-2561
-2827
-2874
-2899
-2928
-2934
-2867
-2722
-2369
-1962
-1555
-1165
-751
-370
118
710
1214
1504
1636
1802
2117
2575
2810
2673
2336
2099
1982
1928
1655
1082
413
-53
-291
-518
-845
-1250
-1606
-1798
-1806
-1831
-1938
-1987
-1892
-1719
-1496
-1281
-1073
-777
-278
239
644
939
1208
1483
1833
2105
2178
2160
2188
2171
2066
1894
1632
1322
1049
727
231
-330
-799
-1128
-1487
-1923
-2396
-2701
-2792
-2730
-2754
-2805
-2748
-2459
-2049
-1615
-1238
-922
-436
166
760
1214
1730
2167
2556
2846
3080
3232
3321
3338
3117
2786
2395
2068
1652
1181
589
-39
-654
-1148
-1579
-2037
-2492
-2887
-3165
-3307
-3282
-3181
-3040
-2832
-2507
-2056
-1548
-1041
-502
85
639
1128
1604
2056
2436
2727
2905
2886
2808
2771
2653
2289
1734
1165
697
321
-127
-741
-1427
-1927
-2146
-2209
-2388
-2672
-2841
-2754
-2442
-2064
-1689
-1411
-1002
-401
325
960
1512
1970
2365
2753
3091
3267
3223
3113
2966
2764
2388
1895
1317
802
328
-202
-882
-1601
-2154
-2491
-2703
-3048
-3439
-3679
-3586
-3299
-2980
-2741
-2547
-2130
-1513
-803
-294
128
525
991
1566
1979
2219
2336
2512
2556
2596
2517
2294
1968
1742
1455
978
527
169
-82
-315
-499
-812
-1127
-1252
-1085
-929
-921
-993
-1014
-883
-532
-106
109
158
276
546
841
1114
1227
1125
952
913
885
781
574
288
-44
-296
-437
-614
-863
-1148
-1360
-1504
-1553
-1629
-1706
-1770
-1708
-1492
-1258
-1113
-1023
-824
-553
-229
44
213
255
414
739
1016
1142
1189
1226
1284
1467
1591
1475
1226
1083
1018
993
923
774
557
457
510
543
477
302
146
29
24
4
-82
-260
-367
-385
-372
-353
-377
-459
-557
-552
-556
-586
-647
-666
-731
-759
-727
-711
-745
-713
-614
-579
-555
-524
-513
-508
-333
-140
-72
-123
-119
-53
94
286
352
259
154
228
359
441
378
287
213
217
272
294
267
228
273
320
325
299
367
445
505
525
561
607
729
873
903
816
716
696
711
730
607
396
131
-31
-132
-172
-311
-590
-879
-1056
-1095
-1101
-1085
-1231
-1424
-1475
-1351
-1196
-1083
-996
-975
-894
-704
-463
-235
-31
129
240
375
502
652
790
878
811
728
702
708
692
611
453
311
302
277
179
8
-118
-186
-147
-110
-149
-230
-164
39
232
345
373
386
473
696
850
862
762
679
644
687
696
514
214
-31
-135
-210
-305
-479
-741
-972
-1050
-1020
-1031
-1095
-1192
-1237
-1166
-975
-787
-683
-588
-463
-280
-33
233
362
375
436
600
760
840
820
675
549
558
609
505
322
156
9
-65
-83
-145
-274
-330
-338
-359
-320
-204
-95
-20
35
90
216
398
545
550
481
483
616
732
691
521
357
312
340
295
53
-209
-324
-309
-394
-545
-676
-734
-738
-700
-741
-923
-911
-685
-527
-602
-581
-413
-196
4
195
232
216
341
518
621
648
673
628
556
531
599
627
534
263
34
-9
67
11
-280
-552
-559
-413
-385
-481
-613
-659
-538
-314
-256
-359
-385
-230
-31
118
201
239
316
431
518
586
655
623
504
397
388
393
360
304
206
73
-47
-72
-96
-215
-378
-487
-534
-550
-504
-448
-439
-447
-403
-309
-217
-150
-96
-1
139
236
247
284
420
596
658
631
560
537
614
693
605
347
164
117
194
143
-77
-359
-485
-449
-434
-538
-759
-912
-917
-830
-815
-829
-811
-717
-625
-552
-437
-253
-60
36
121
228
339
497
622
657
637
707
823
849
802
731
693
641
616
544
361
140
63
61
-41
-170
-263
-314
-388
-392
-344
-341
-413
-485
-448
-328
-188
-133
-102
-51
9
135
329
402
329
305
329
332
350
361
247
90
32
-3
-85
-155
-261
-429
-552
-581
-596
-632
-676
-751
-777
-686
-565
-525
-500
-456
-382
-210
22
138
103
175
387
609
775
852
824
788
919
1024
977
862
754
655
632
630
470
250
136
52
-152
-288
-350
-521
-739
-847
-868
-866
-831
-844
-937
-973
-849
-664
-558
-556
-543
-418
-168
68
183
218
305
506
724
833
824
769
742
810
863
785
626
516
465
427
385
236
44
-81
-136
-217
-321
-416
-538
-600
-590
-552
-534
-485
-441
-402
-325
-197
-53
28
62
93
206
334
425
439
425
423
457
475
382
239
119
47
-28
-103
-222
-390
-513
-535
-574
-670
-751
-812
-893
-864
-742
-649
-622
-588
-498
-344
-70
146
212
234
407
683
900
1004
1012
979
1059
1270
1351
1206
1067
1019
965
933
887
654
281
83
67
16
-194
-513
-836
-995
-935
-905
-1066
-1301
-1372
-1242
-1041
-898
-893
-894
-765
-510
-276
-130
-56
41
238
482
617
602
614
692
759
762
679
483
348
313
241
57
-161
-333
-478
-569
-633
-738
-896
-992
-954
-846
-758
-680
-572
-426
-204
85
336
495
664
953
1204
1346
1437
1524
1555
1605
1667
1623
1465
1277
1099
854
650
472
206
-212
-589
-804
-896
-1018
-1268
-1602
-1847
-1813
-1628
-1536
-1618
-1642
-1469
-1149
-846
-602
-431
-262
-6
315
563
733
923
1074
1119
1133
1189
1174
1090
944
748
527
335
186
17
-183
-409
-606
-743
-816
-842
-885
-962
-994
-921
-781
-607
-408
-270
-148
106
409
643
810
979
1103
1230
1376
1445
1428
1386
1348
1225
1077
914
722
481
246
-19
-278
-474
-700
-999
-1277
-1431
-1508
-1544
-1638
-1757
-1775
-1601
-1367
-1215
-1121
-1001
-779
-450
-130
85
226
440
731
987
1155
1247
1342
1402
1406
1349
1277
1187
1017
789
613
474
293
78
-146
-391
-555
-596
-684
-857
-959
-954
-958
-912
-790
-679
-604
-446
-243
-82
103
337
501
585
717
883
974
971
964
932
881
834
692
462
284
185
12
-221
-434
-634
-815
-878
-919
-1097
-1272
-1296
-1204
-1122
-1010
-930
-897
-746
-434
-148
-8
141
330
545
796
1005
1040
1052
1213
1361
1299
1155
1046
913
796
683
460
153
-47
-159
-318
-527
-720
-881
-987
-1005
-1021
-1082
-1108
-1006
-862
-751
-606
-423
-237
-40
157
315
446
597
747
863
938
974
1002
1001
960
880
798
703
525
316
120
-20
-136
-261
-438
-620
-733
-742
-692
-685
-766
-846
-804
-676
-525
-432
-370
-303
-138
77
259
337
356
394
483
588
597
529
466
420
384
374
320
182
28
-75
-134
-164
-240
-371
-504
-587
-591
-521
-482
-527
-561
-468
-325
-212
-148
-150
-136
-7
186
290
322
337
361
422
529
581
522
429
415
433
464
446
349
232
178
182
179
139
28
-64
-106
-85
-70
-95
-177
-240
-200
-147
-173
-246
-299
-364
-393
-348
-311
-345
-384
-383
-374
-316
-228
-216
-262
-266
-196
-113
-18
30
11
47
178
301
296
279
324
362
377
366
314
256
279
279
171
55
25
29
-2
-83
-223
-336
-325
-245
-233
-290
-315
-259
-144
-8
74
105
156
282
405
455
497
556
612
623
621
568
514
512
478
341
161
15
-124
-205
-295
-479
-695
-799
-826
-876
-890
-906
-961
-951
-780
-579
-454
-354
-241
-60
165
366
480
553
650
792
909
958
967
926
836
737
651
523
332
107
-92
-240
-346
-481
-672
-890
-988
-955
-913
-936
-946
-900
-791
-609
-440
-303
-178
15
227
455
654
782
865
966
1048
1090
1098
1035
932
830
729
592
438
235
8
-164
-282
-447
-632
-796
-918
-982
-954
-919
-947
-939
-835
-676
-528
-396
-295
-150
66
269
371
434
547
676
750
775
766
727
682
643
571
444
317
202
68
-83
-217
-341
-456
-519
-592
-720
-783
-738
-676
-634
-582
-529
-441
-262
-54
61
98
164
273
445
612
647
582
562
631
700
682
561
415
346
321
256
118
-24
-114
-178
-270
-378
-441
-460
-496
-547
-562
-510
-424
-367
-346
-339
-248
-64
104
147
155
232
346
428
487
485
427
419
458
453
364
275
206
177
166
104
-58
-202
-226
-222
-280
-400
-495
-509
-438
-400
-408
-388
-351
-324
-254
-152
-117
-97
-18
85
139
185
259
324
374
391
363
317
296
236
185
180
145
33
-48
-48
-60
-96
-154
-228
-277
-241
-230
-275
-269
-192
-157
-146
-92
-18
49
114
135
116
164
267
319
266
204
204
249
300
272
139
31
47
108
64
-51
-170
-222
-184
-140
-202
-321
-353
-310
-279
-287
-292
-268
-208
-134
-92
-79
-17
69
106
107
151
209
237
250
255
237
247
276
249
188
153
102
32
0
-21
-70
-117
-135
-153
-156
-162
-190
-230
-243
-205
-164
-139
-131
-99
-21
73
141
150
141
148
196
246
262
242
207
203
231
226
161
100
53
2
-52
-112
-186
-228
-219
-235
-281
-303
-274
-227
-200
-185
-175
-145
-82
-1
38
43
71
135
209
242
233
222
238
253
250
245
206
129
73
68
54
-23
-110
-163
-190
-184
-174
-211
-260
-242
-179
-126
-90
-64
-56
6
101
138
117
128
171
188
197
206
211
220
209
141
60
30
40
9
-68
-154
-210
-206
-183
-215
-267
-284
-270
-246
-209
-162
-146
-129
-74
-20
16
78
142
177
184
200
231
277
296
256
194
143
132
131
86
8
-31
-52
-81
-103
-125
-185
-220
-192
-180
-207
-213
-189
-169
-134
-88
-80
-67
16
93
104
102
136
155
149
164
183
159
126
132
136
113
65
15
-15
-16
-26
-64
-109
-118
-86
-76
-114
-147
-133
-104
-92
-86
-76
-36
26
47
48
72
92
84
67
59
45
34
37
56
66
50
14
-9
-23
-19
-5
-31
-67
-81
-64
-42
-11
-7
-38
-29
28
67
40
-1
-21
1
50
81
60
40
57
90
115
103
72
51
43
26
-6
-27
-25
-25
-34
-25
-21
-56
-71
-36
-9
-7
-24
-44
-38
15
50
28
15
43
70
59
38
4
-9
12
21
-6
-30
-9
10
-1
-28
-48
-35
-27
-56
-103
-113
-102
-102
-94
-75
-61
-50
-34
-16
20
41
11
-10
5
21
22
22
15
9
32
35
20
16
29
8
-13
0
8
-19
-31
-11
6
17
8
-11
-19
1
11
5
-7
1
-5
-13
-4
11
7
23
34
18
8
23
48
37
12
-2
15
47
79
45
-11
-6
48
57
6
-29
-37
-15
10
0
-47
-66
-35
-6
-12
-51
-86
-61
12
42
-10
-58
-32
18
40
41
25
6
20
54
80
70
38
-6
-28
9
44
27
-8
-13
-9
-1
15
-7
-52
-69
-44
-17
-7
-29
-49
-36
-14
0
-5
-2
6
18
26
32
42
41
34
50
84
95
67
35
25
13
-5
-11
-19
-27
-31
-28
-17
-23
-34
-41
-26
-33
-50
-58
-58
-49
-24
-10
-22
2
32
44
66
93
87
54
41
42
28
31
43
45
29
12
-16
-5
41
47
-35
-111
-113
-80
-42
-53
-136
-192
-113
-34
-45
-92
-106
-85
-5
72
56
-3
-14
28
71
84
67
50
60
104
126
99
52
42
50
45
21
-11
-41
-39
-39
-64
-113
-133
-118
-99
-89
-87
-91
-76
-40
-24
-18
-19
-1
25
70
106
121
121
139
165
153
117
92
93
87
68
37
11
1
9
-2
-39
-67
-75
-98
-116
-133
-141
-124
-93
-83
-103
-96
-55
-20
-11
-13
-12
17
80
106
88
103
123
117
122
149
137
96
63
60
67
65
38
-19
-49
-24
5
-39
-109
-147
-146
-126
-121
-143
-154
-130
-84
-62
-55
-63
-52
-10
39
44
41
73
115
145
135
104
97
141
141
103
86
74
44
19
24
10
-25
-37
-34
-71
-117
-126
-126
-143
-147
-162
-169
-117
-60
-59
-71
-38
13
39
31
18
31
83
127
137
130
138
157
156
138
123
123
110
91
71
41
4
-13
-55
-106
-130
-137
-159
-174
-160
-150
-149
-142
-125
-113
-95
-76
-51
-14
9
18
28
61
105
133
139
124
117
124
130
130
121
100
82
82
84
60
8
-38
-49
-55
-84
-128
-151
-147
-132
-122
-117
-100
-84
-71
-68
-54
-35
-3
28
42
46
67
110
151
144
98
103
160
180
145
101
85
91
108
92
41
12
13
8
-41
-68
-98
-147
-176
-180
-205
-220
-187
-149
-139
-124
-92
-76
-64
-45
-30
-6
33
51
67
108
163
184
187
194
190
181
154
121
98
84
55
28
12
3
-22
-73
-107
-128
-158
-209
-230
-218
-210
-189
-159
-141
-131
-96
-41
-7
6
31
87
126
151
181
197
217
235
228
214
223
215
154
82
42
29
-7
-59
-92
-107
-126
-169
-207
-230
-246
-253
-269
-291
-266
-193
-131
-94
-54
-1
49
104
138
146
152
185
212
229
246
255
241
224
208
179
160
127
71
-7
-74
-108
-126
-165
-222
-251
-247
-232
-236
-238
-242
-219
-181
-149
-119
-72
-24
12
65
123
169
208
231
222
230
262
273
240
207
183
189
172
96
-3
-41
-37
-61
-132
-202
-228
-230
-226
-264
-307
-315
-275
-227
-197
-169
-126
-69
3
84
141
178
209
221
250
302
319
268
227
235
253
265
222
140
77
61
54
-9
-103
-176
-215
-217
-222
-258
-292
-294
-271
-242
-234
-220
-193
-131
-71
-39
0
66
150
202
226
232
247
277
281
257
252
249
225
190
136
71
29
5
-25
-85
-151
-214
-235
-224
-242
-282
-326
-323
-288
-241
-208
-186
-158
-95
-18
43
74
71
87
149
207
223
215
219
254
292
277
219
180
150
125
69
0
-38
-32
-42
-87
-145
-190
-179
-151
-161
-216
-235
-212
-176
-150
-135
-105
-69
-21
20
30
54
99
127
134
148
159
173
195
198
176
144
134
120
101
62
14
-30
-59
-88
-120
-156
-170
-162
-153
-149
-160
-170
-163
-148
-159
-175
-156
-91
-18
29
74
110
142
176
200
205
199
186
170
171
164
145
125
98
51
6
-9
-15
-43
-92
-133
-138
-125
-138
-168
-180
-170
-144
-133
-128
-111
-81
-44
-17
16
61
101
118
124
139
151
147
144
142
127
130
143
129
95
55
25
-2
-24
-67
-105
-112
-108
-110
-109
-110
-104
-76
-56
-57
-55
-40
-32
-16
14
22
22
51
90
112
103
81
73
79
84
69
30
6
15
35
27
-11
-44
-51
-59
-71
-100
-125
-134
-124
-103
-90
-69
-59
-52
-46
-33
-23
-16
-9
21
59
77
81
86
87
91
99
90
79
63
51
47
49
37
25
17
1
-14
-35
-53
-66
-57
-64
-95
-111
-86
-63
-62
-59
-48
-25
-8
-7
-17
-4
25
38
28
29
47
63
80
97
92
86
91
84
62
30
-3
-23
-27
-38
-52
-59
-63
-71
-91
-102
-93
-92
-101
-101
-91
-66
-45
-32
-25
-4
42
88
98
94
92
111
144
170
155
122
113
124
126
96
53
25
5
-20
-40
-56
-74
-97
-116
-132
-138
-133
-125
-127
-115
-84
-48
-29
-5
16
30
42
53
69
88
107
117
119
126
137
130
96
54
43
48
44
20
-21
-51
-74
-101
-136
-158
-176
-176
-166
-165
-141
-105
-90
-87
-58
-10
25
41
56
85
118
128
128
145
154
150
125
106
109
105
92
71
39
0
-32
-57
-90
-128
-163
-186
-204
-197
-180
-174
-164
-147
-113
-87
-74
-53
-2
47
68
76
101
143
172
180
179
182
186
191
179
148
110
85
56
16
-13
-47
-77
-88
-96
-123
-138
-157
-166
-164
-151
-162
-162
-137
-93
-47
-14
-1
19
64
105
112
101
104
109
129
137
127
123
135
137
119
89
57
27
-1
-36
-93
-121
-108
-92
-92
-105
-101
-88
-82
-92
-92
-81
-71
-61
-45
-11
24
56
68
74
94
121
133
116
100
110
126
122
111
82
61
65
59
24
-15
-31
-38
-51
-62
-80
-100
-94
-87
-96
-104
-101
-96
-100
-114
-123
-116
-89
-54
-32
-23
-8
21
41
48
49
41
41
66
84
87
88
90
95
94
88
77
49
30
16
-6
-27
-32
-41
-56
-71
-63
-58
-67
-77
-89
-93
-87
-74
-68
-59
-43
-26
2
29
41
54
79
112
136
157
146
135
120
102
86
70
46
8
-8
-19
-25
-39
-67
-95
-103
-103
-114
-132
-147
-131
-97
-97
-107
-92
-66
-42
-20
0
26
50
71
87
102
124
138
142
139
132
115
105
109
92
50
17
2
-14
-55
-102
-130
-123
-106
-106
-134
-144
-118
-96
-85
-89
-98
-87
-47
-11
7
12
31
68
89
82
78
94
110
116
110
110
114
119
107
101
79
57
20
-10
-25
-41
-67
-95
-92
-87
-80
-90
-72
-63
-68
-77
-74
-54
-27
-14
-9
4
26
57
87
104
102
111
134
142
120
86
63
55
46
17
-26
-45
-39
-33
-51
-83
-110
-112
-106
-116
-130
-139
-134
-124
-99
-83
-64
-29
6
32
52
67
83
96
88
85
91
103
115
127
129
124
121
99
61
26
-2
-26
-50
-87
-115
-123
-124
-120
-114
-118
-127
-114
-85
-67
-67
-62
-42
-10
11
31
43
57
85
111
120
108
108
103
102
102
104
99
96
73
40
8
-20
-42
-75
-94
-117
-120
-123
-133
-145
-133
-114
-100
-88
-94
-89
-66
-36
-11
10
31
60
85
103
115
111
99
96
100
106
90
69
70
76
73
45
16
2
-10
-20
-44
-70
-85
-76
-59
-52
-53
-60
-58
-53
-51
-54
-38
1
32
54
77
99
105
110
107
107
103
95
84
73
60
39
22
-1
-8
-6
-16
-40
-74
-72
-57
-69
-108
-132
-132
-103
-88
-98
-100
-81
-57
-32
-11
-5
9
17
43
61
80
83
72
67
67
67
57
53
38
25
13
4
2
8
-14
-45
-47
-39
-42
-56
-64
-64
-61
-69
-76
-66
-48
-41
-45
-29
2
13
22
28
32
43
43
33
28
31
35
29
12
1
-3
-8
-8
-7
-16
-22
-5
-5
-9
-18
-28
-33
-31
-39
-30
-7
17
35
33
39
36
38
42
45
29
24
29
38
51
51
39
31
28
22
13
2
-5
-14
-12
4
14
21
17
-2
-14
-8
-9
-15
-40
-58
-58
-40
-25
-43
-56
-46
-17
3
14
6
8
16
25
20
14
4
-5
14
33
31
20
28
34
36
18
4
-6
-5
-17
-35
-29
-12
-10
-16
-2
12
16
-5
-25
-36
-32
-31
-34
-24
-1
19
24
25
39
66
80
54
22
37
50
45
15
4
22
36
25
-3
-12
-10
-8
-22
-28
-34
-41
-46
-48
-40
-52
-55
-52
-48
-41
-33
-29
-27
-18
-7
9
18
20
9
13
41
51
31
13
15
30
46
43
34
23
22
25
16
-4
-13
-15
-31
-44
-40
-28
-14
-19
-23
-19
-25
-26
-20
-30
-38
-30
-19
-12
-22
-24
2
29
32
25
21
23
33
34
1
-18
-17
2
22
17
-5
-15
9
12
-17
-59
-62
-40
-10
-12
-27
-28
-13
-12
-13
-11
-15
-1
24
47
56
46
34
46
51
53
31
22
24
38
28
11
24
43
46
42
29
21
23
9
-14
-24
-24
-31
-30
-30
-36
-40
-34
-38
-36
-42
-54
-54
-36
-23
-16
-3
22
52
55
56
60
66
45
12
7
10
30
55
59
59
66
71
65
41
9
-31
-48
-45
-44
-46
-40
-30
-19
-32
-49
-63
-72
-96
-102
-88
-63
-34
-17
4
34
68
65
65
64
46
35
30
21
31
43
44
42
33
29
27
8
-20
-32
-34
-53
-71
-94
-102
-101
-92
-101
-117
-106
-74
-34
-28
-28
-21
10
39
44
43
55