0
0
1
1
-1
0
0
0
-1
-1
0
1
1
-1
0
0
0
0
-1
-1
-1
0
0
0
1
0
0
1
0
0
-1
-1
0
0
1
1
0
1
1
0
0
-1
-1
-1
-1
0
0
-1
0
0
1
-1
1
1
0
0
0
0
1
0
0
0
0
0
-1
0
-1
0
-1
1
1
1
1
1
1
-1
0
0
0
-1
-1
0
0
1
1
1
1
1
0
1
1
1
-1
1
1
1
1
0
1
0
0
-1
0
1
1
0
1
2
2
1
0
1
1
0
-1
0
0
-1
0
1
0
-1
0
0
0
-1
-1
0
0
1
1
2
2
1
0
0
1
-1
-2
-1
0
1
1
1
1
1
1
0
0
1
0
0
1
0
1
0
0
0
-1
-2
-2
-1
0
-1
0
0
1
1
1
0
0
-1
-3
-2
-3
-3
-2
-2
0
1
1
0
0
0
-1
-2
-1
-1
0
0
1
1
0
2
2
1
0
0
-2
0
0
0
0
1
0
0
-1
1
2
2
2
1
2
2
2
0
0
0
1
1
0
0
0
1
3
3
1
1
2
-1
-2
-2
-3
-2
-2
0
0
0
0
1
0
-2
-2
-2
-2
-1
1
3
3
3
3
4
3
3
1
2
0
-1
0
1
-3
-3
-1
-2
-2
-2
-3
0
0
-3
-2
1
1
2
3
0
3
4
4
1
1
0
-2
1
0
-1
0
3
3
4
2
0
1
0
-2
-5
-5
-3
-4
-6
-4
1
0
-1
2
3
4
2
1
-1
0
0
-2
-2
-1
0
-1
2
1
0
-3
-3
-1
-2
-6
-4
0
-2
-2
1
0
1
1
1
4
2
0
0
1
-4
-4
-3
-3
-1
-1
1
1
3
5
4
0
2
3
1
0
-2
-2
-2
-3
-3
-2
-1
2
2
3
4
3
2
3
0
-3
-3
-1
-3
-4
-4
-4
-1
0
0
3
5
3
1
2
2
-3
-4
-2
-1
0
1
2
6
6
4
1
0
0
0
1
0
3
4
4
5
7
4
2
2
-1
-5
-7
-8
-13
-10
-7
-4
-4
-5
-4
-3
-7
-6
-8
-9
-5
-4
-3
1
-2
-5
-7
-6
-8
-10
-12
-9
-3
1
3
8
19
26
28
25
26
27
22
12
10
15
15
11
11
7
5
-4
-12
-14
-19
-17
-14
-9
-6
-2
4
5
2
3
4
-7
-17
-17
-12
-18
-22
-16
-15
-11
-1
3
8
3
0
1
3
-3
-9
-12
-15
-18
-23
-21
-20
-33
-35
-25
-9
-10
-19
-11
7
18
16
20
24
34
43
43
34
18
29
42
18
12
27
24
19
32
33
27
30
36
27
7
7
5
-13
-15
-11
-24
-21
-1
-1
-6
-5
-5
-13
-19
-36
-47
-58
-69
-72
-74
-59
-46
-31
-19
-13
-10
-2
-8
-16
-10
-13
-9
2
4
8
6
7
10
13
14
15
27
39
53
60
60
61
58
65
65
48
42
38
23
26
42
37
30
28
21
18
7
-11
-28
-37
-45
-62
-52
-38
-46
-44
-16
-3
-10
3
19
19
10
0
-10
-19
-24
-29
-34
-17
1
15
26
34
24
20
8
-17
-41
-66
-82
-100
-96
-72
-52
-33
-12
20
38
48
62
53
42
31
18
-12
-33
-37
-31
-30
-26
-11
5
30
30
16
23
27
10
-2
0
-6
-5
11
0
-24
-34
-23
-5
-2
-17
1
35
49
65
82
77
38
26
43
40
-1
-43
-29
17
41
51
76
92
79
55
12
-49
-110
-176
-215
-199
-178
-140
-66
24
100
166
220
235
206
104
4
-30
-88
-160
-169
-143
-106
-53
20
48
55
42
21
23
27
-24
-69
-97
-100
-89
-80
-39
-32
0
70
156
189
199
160
122
141
142
93
14
-13
3
28
-15
-43
-44
-44
-28
-33
-33
11
28
-6
-5
-17
-39
-77
-16
46
33
7
30
122
130
85
30
16
10
-19
-46
4
75
56
47
107
170
191
153
72
14
-42
-123
-184
-238
-242
-151
-27
85
123
141
157
184
134
15
-132
-277
-348
-435
-467
-420
-337
-250
-212
-229
-264
-244
-309
-326
-292
-218
-199
-160
-5
139
280
326
414
489
523
488
416
348
244
51
-191
-306
-306
-290
-217
-73
84
262
452
528
362
194
124
44
-176
-333
-332
-289
-131
51
160
204
300
360
302
97
-135
-357
-494
-562
-650
-678
-620
-412
-162
121
323
441
575
657
632
448
272
190
299
395
468
626
744
817
720
574
268
-97
-488
-742
-830
-850
-743
-527
-232
45
191
173
152
33
-206
-467
-586
-648
-585
-464
-336
-127
84
100
40
5
-90
-217
-243
-257
-217
-121
-2
34
-30
-55
-65
-8
9
-3
-13
53
104
100
148
247
408
607
710
742
762
752
624
456
288
111
66
163
301
369
468
602
646
621
589
474
335
198
-87
-442
-732
-863
-945
-987
-938
-792
-525
-202
-8
24
-62
-120
-236
-401
-675
-821
-515
-215
-289
-453
-556
-860
-1043
-2167
-4781
-6249
-5249
-4538
-4376
-3167
-1198
1377
4770
6825
7048
7390
7785
7393
6510
4854
2279
1413
2104
1993
1133
1696
2993
3753
2458
-23
-2477
-4609
-7780
-10653
-12732
-13464
-12377
-9483
-5822
-1665
2590
6422
9721
11248
10771
9107
7129
4416
1913
-22
-780
-766
-37
804
2700
4067
2186
-1738
-3746
-5833
-10298
-14138
-15950
-16121
-14119
-9864
-6062
-2023
2843
7767
11135
13098
12373
10445
9882
9763
7726
5795
6127
7665
8643
9345
10692
10764
8048
3296
-1717
-7203
-12962
-19065
-23522
-24693
-22697
-19558
-14137
-7629
-1520
4203
9910
12931
13230
11911
10318
8830
7438
5068
3662
4817
6735
7219
7824
8656
6381
1672
-2191
-6291
-13155
-19175
-22219
-23157
-22514
-19294
-15150
-9738
-2956
3381
7285
10496
12024
11669
11165
11309
9726
8148
9254
12125
13961
15219
17145
18267
17430
15037
11692
5550
-3441
-13019
-19754
-24352
-28505
-31651
-30697
-25729
-18260
-10412
-3598
1615
6599
11030
13274
13079
11120
8808
8086
9510
9739
9154
10585
13441
14167
13487
12265
7175
-1622
-8493
-13583
-21129
-28086
-31053
-30882
-27667
-20601
-14051
-8280
-653
7174
11394
13447
13672
11544
9689
10051
9555
7451
8275
12675
16852
19181
21670
22876
21468
18232
14064
7123
-459
-9363
-19808
-27194
-28812
-30759
-32533
-29502
-23053
-16550
-8289
-593
3169
5991
10478
13273
13266
12286
10960
11188
13689
15087
13784
13986
15778
15427
11817
8609
3831
-4512
-12489
-17893
-24790
-30884
-32468
-32031
-31005
-25799
-17701
-9898
-1470
6985
12893
17470
21388
21859
19255
17354
16063
13465
11038
10614
11170
12350
13777
14680
14001
13127
11213
7527
1427
-7106
-16965
-23222
-26345
-29806
-32588
-30455
-24671
-17210
-7744
1152
7272
12449
17857
19857
18955
16154
12502
9068
8610
7781
6258
6406
9132
9799
9354
9164
6619
-466
-6913
-11757
-18454
-25192
-28419
-29275
-28028
-23179
-17440
-11647
-4838
2159
6721
9861
11930
12163
10952
10740
11037
10095
9344
11146
13723
14384
14386
14146
11933
8629
5898
1831
-3422
-7225
-8849
-8903
-7479
-6106
-5791
-5459
-4731
-4610
-6204
-8878
-11783
-13348
-13031
-10104
-6661
-3092
1322
7949
13963
18001
18988
18044
15698
12958
8565
3118
-1970
-5309
-7250
-7384
-6103
-4804
-4290
-3482
-2447
-3346
-6140
-9138
-12023
-16535
-19228
-17847
-14782
-12571
-7666
-1027
6155
12819
17910
19044
19457
19305
16746
11906
7670
3327
8
-691
-447
-1297
-768
2915
6033
6486
5871
6440
5670
3457
413
-3701
-9435
-12580
-14237
-16043
-17040
-15192
-12791
-8560
-2373
2839
5606
8603
11262
11693
10719
8916
5684
2330
849
-505
-1580
-1191
512
1323
2791
4732
4877
2183
-416
-3375
-8669
-14372
-18202
-21573
-23338
-20875
-16528
-11570
-4878
3154
10005
15824
19125
19260
17695
15778
11621
6193
2450
288
-766
-11
2933
6029
9603
12840
15516
15372
13698
9895
5632
-89
-7353
-16122
-20816
-21966
-23080
-24167
-20976
-15293
-9547
-3087
2670
5653
7347
9937
10397
8971
6860
5461
4102
4875
5519
5825
6678
9305
9494
8447
7953
6047
-329
-6436
-10486
-15366
-20553
-23327
-25760
-27154
-22728
-15718
-11130
-6363
1098
7827
13322
17533
18064
15967
15856
15910
12789
8621
6907
6587
6598
6770
6846
6517
7382
8396
7672
5259
3578
1509
-1068
-3231
-7092
-13503
-16615
-16194
-17599
-19593
-18137
-14867
-11361
-5495
574
4422
7352
11147
13579
14733
14045
11705
8786
7593
6240
3992
2349
2268
1617
673
1368
1425
-2199
-6556
-8578
-11284
-15185
-18301
-20766
-22969
-21068
-16443
-12160
-7811
-1100
5639
11800
17058
19519
18420
17408
16782
13889
8867
5064
3125
2390
2294
2459
2652
3527
5477
6808
6464
5090
4038
2513
1245
-959
-6020
-12037
-13936
-14316
-16265
-17835
-16716
-14095
-9416
-2960
1949
4901
7685
11331
13169
13116
10655
7934
5482
4632
3154
1733
999
1935
2162
2968
4306
3631
-599
-3963
-6101
-10033
-14718
-17982
-20986
-22954
-20190
-15413
-11418
-6780
174
6528
12459
16707
17512
15572
14945
13953
10364
5612
3009
2026
2147
2972
3893
4513
6349
9019
9856
8553
7154
5836
3422
1440
-1311
-7270
-13303
-14846
-15496
-17522
-18592
-17318
-15018
-10169
-3858
347
2511
5532
9215
11379
11760
10253
8267
7173
7506
6671
5359
4849
5437
4740
4645
5090
3142
-1930
-5428
-7878
-12053
-16680
-19638
-22875
-24606
-21549
-16766
-13414
-8728
-1854
4788
11118
16009
16893
15867
16566
16501
12898
8372
5843
4895
4712
4506
4110
4538
6643
8571
8789
7553
6511
4997
2693
591
-2321
-8603
-14372
-16156
-16957
-19138
-19567
-17893
-14572
-9137
-2326
2636
6098
9299
12650
14759
15041
12611
9558
7904
7328
5649
3604
2773
2979
2495
2138
2667
997
-3477
-7250
-9647
-13695
-18470
-22295
-25020
-25560
-21953
-17164
-12598
-6204
2395
10078
16480
20917
21884
20386
19207
17060
11715
5451
1852
995
287
-415
-76
2082
4732
7043
7428
6726
5404
3787
1022
-1536
-3962
-8015
-12761
-14273
-13116
-12756
-12769
-11206
-7751
-3746
792
4226
6080
6591
8045
9476
9710
7656
5670
4882
5255
4725
3397
2475
2594
2209
801
224
-653
-3769
-7823
-9631
-11399
-14456
-17853
-19612
-19632
-16693
-12764
-9128
-4896
1753
8542
13781
17026
18219
17432
16249
14939
10950
4667
130
-482
-1033
-2786
-3307
-703
2327
5060
6677
7176
6754
6106
4288
1848
-188
-3042
-7504
-10810
-10648
-10205
-10445
-10131
-7772
-5318
-1673
2101
4306
3928
4525
6428
7438
6183
4177
3210
3643
4559
3652
2275
2034
2549
1266
736
426
-1563
-5750
-7360
-8472
-11698
-16385
-18420
-18493
-16851
-14037
-10667
-6831
-772
6587
11984
15100
16677
17148
15940
14513
10678
4861
-52
-657
-1084
-2587
-2839
505
3903
6441
8055
8656
7864
6571
4564
1523
-1374
-3545
-5754
-8906
-10356
-9607
-9086
-9214
-7545
-5304
-3237
-55
3223
4237
4680
6468
7699
7072
5769
4690
3753
3238
2125
212
-689
-512
-1106
-2342
-2182
-2202
-4482
-7060
-7587
-9802
-14690
-17764
-17170
-16485
-15085
-11365
-6416
-801
6664
12857
15948
17855
19173
17785
14746
10962
5521
59
-1958
-2178
-3678
-3948
-762
3165
5056
6669
8150
8073
5907
3710
1174
-930
-2415
-4337
-7116
-7317
-5302
-4038
-3733
-3001
-2158
-1175
991
1892
911
-378
582
1333
1630
629
359
688
2223
2010
1007
-80
9
-973
-2015
-2629
-3212
-5064
-6256
-6199
-6873
-9139
-11791
-12329
-11314
-9617
-8270
-5626
-2017
3379
8452
12231
13477
14334
14258
13586
10666
6030
800
-1565
-2333
-3606
-5047
-3681
-214
3085
5490
7444
8922
8965
7979
6712
5329
3146
385
-2899
-4974
-5176
-5139
-6082
-6525
-5736
-4454
-2586
-934
-779
-1500
-823
472
773
-366
-1475
-1405
-155
377
-458
-908
-209
455
363
588
649
-326
-2123
-2827
-3732
-6071
-9860
-12319
-12525
-10922
-9495
-7709
-4843
249
6085
10395
12043
12698
12878
12290
10165
6098
804
-2489
-2758
-2850
-3904
-3374
299
4289
7261
9062
10518
10612
9787
8104
6255
3737
1458
-1582
-4421
-5462
-4956
-5492
-6533
-6677
-5972
-4776
-3602
-3444
-4407
-4333
-2945
-1582
-1612
-2007
-1634
122
1684
1926
1523
1979
2693
2677
2312
2143
1453
-218
-1451
-2419
-4294
-7465
-10503
-12135
-11824
-10769
-9672
-8032
-4265
1192
5932
8458
9908
11189
11649
10691
7737
3462
-294
-1556
-1932
-2738
-3050
-624
3201
6856
9195
10840
11595
11510
10369
8507
5839
3464
899
-2482
-5120
-5382
-5547
-6886
-7914
-7464
-6603
-5534
-4913
-5181
-5641
-4636
-3203
-2648
-2818
-2427
-1166
504
1625
1994
2359
3427
4422
4301
4097
3979
2984
1068
-138
-1715
-4250
-7640
-10516
-12127
-11576
-10744
-9982
-8207
-3860
1260
5113
6940
8253
9259
9419
7817
4476
440
-2109
-2318
-2131
-2502
-1445
2413
6949
10488
12458
13469
14020
13635
11484
8246
5320
2972
-197
-4045
-6068
-6218
-6858
-8403
-9024
-8675
-8066
-7312
-6890
-7329
-7460
-6095
-4506
-3479
-2889
-1773
212
2843
4210
4756
5682
7278
7494
6845
6304
5604
3200
705
-1024
-3198
-6846
-10211
-12181
-12676
-12058
-11388
-10560
-7842
-2906
1087
3174
4722
6626
7527
7361
5758
2991
328
-71
397
191
206
2836
6979
10298
12230
13624
14383
14075
12553
9780
6658
4107
1318
-3023
-6682
-7910
-8513
-10344
-11954
-12186
-11579
-10475
-9217
-8554
-8275
-6801
-4121
-2021
-999
103
2120
4475
6255
6836
7236
8228
8999
8269
7323
6783
5109
1809
-605
-2549
-6347
-11360
-14240
-15011
-15056
-14728
-13612
-11015
-5926
-202
3202
5148
7595
9505
9382
8053
5558
2240
456
1180
1647
1260
2975
7378
11346
13533
14975
15503
14566
12477
9343
5083
1634
-1088
-5172
-9290
-10223
-9940
-10958
-11965
-11628
-10910
-9936
-8381
-7605
-7533
-6615
-4167
-1955
-160
1117
3042
5382
7968
8686
8602
8753
9401
8121
6312
4954
3148
-270
-2771
-4465
-7570
-11821
-14483
-15063
-14923
-14104
-13145
-11056
-6592
-604
2929
4983
7421
9857
10203
9678
7855
4911
2485
2593
2889
2256
2615
5625
9073
11236
12643
13313
12823
11298
8997
5397
2179
-173
-3496
-7863
-9753
-9614
-10197
-11549
-11822
-11135
-9887
-8284
-7066
-6524
-5592
-3325
-871
1013
2265
3654
5284
7371
8406
8002
7282
7543
6941
5200
3690
2338
-255
-2793
-4309
-6559
-10195
-13417
-14934
-15250
-14446
-13496
-11963
-8429
-2531
2356
5269
7615
10292
11479
11142
9508
6691
3428
2084
2015
1410
926
2789
6205
9086
11046
12036
12102
11457
9903
6704
3121
523
-1928
-5760
-8801
-9290
-8968
-9634
-10202
-9766
-8749
-7247
-5847
-5120
-4854
-3557
-1515
352
1579
2404
3424
5123
6638
6680
6020
5839
5815
4572
3198
2089
439
-2110
-3668
-4943
-7216
-10508
-12831
-13693
-13177
-12313
-11347
-9426
-5074
315
4151
6388
8629
10461
10883
10024
7872
4613
2128
1604
1327
465
946
3709
6870
9134
10753
11689
11588
10650
8742
5775
2759
810
-1841
-5577
-7857
-7676
-7969
-9070
-9872
-9528
-8772
-7187
-6238
-6072
-5710
-3664
-1549
-32
787
1745
2927
4608
5498
5014
4526
4811
4753
3713
3203
2449
709
-1172
-1902
-3643
-6463
-9587
-11815
-13033
-12609
-11978
-11208
-9038
-4225
758
4185
6566
8921
10236
10450
9515
6912
3384
1528
1296
685
49
1417
4443
7526
9999
11644
12305
12284
11400
9075
5851
3171
1162
-2141
-5853
-7669
-7790
-8648
-9850
-10631
-10422
-9483
-7873
-7240
-7116
-6190
-3898
-2044
-676
330
1538
3083
4863
5623
5528
5674
6128
5744
4929
4569
3368
1187
-541
-1671
-3979
-6841
-9591
-11850
-13175
-12656
-11932
-11236
-9172
-4828
-488
2788
5200
7163
8430
9297
8872
6567
3970
3052
2872
2212
1976
3342
5645
8174
10449
11773
12028
11972
11064
8805
5780
3228
1058
-2172
-5999
-8238
-8759
-9661
-11081
-12202
-11918
-10453
-8574
-7831
-7276
-5700
-3077
-1053
506
1634
2943
4421
6083
6725
6675
6582
6709
6263
5469
4667
3093
927
-833
-2238
-4713
-7299
-9737
-12202
-13863
-13139
-12201
-11823
-10109
-5921
-1635
1708
4250
6301
7913
9288
9284
7427
5383
4524
4097
3203
2905
3613
5123
7185
9364
10322
10590
10916
10578
8693
6164
4037
2108
-1078
-5172
-7888
-8826
-10017
-12007
-13398
-12969
-11120
-9194
-8119
-6974
-4854
-2234
-204
1208
2232
3267
4571
5943
6594
6472
6380
6691
6585
5772
4879
3675
1821
-121
-1907
-4107
-6451
-8958
-11776
-13684
-13347
-12493
-12338
-10988
-7168
-2933
550
3611
6125
7911
9415
9904
8716
6788
5441
4432
3706
3457
3543
4241
6297
8529
9509
9629
10120
10057
8507
6116
4090
2295
-565
-4668
-7817
-8851
-9815
-11997
-13791
-13252
-11630
-10139
-8948
-7259
-5401
-3009
-651
1359
2589
3748
5044
6518
7343
7161
6622
6683
6568
5456
4365
3646
2290
104
-1622
-3042
-4827
-7684
-10660
-12664
-12841
-12698
-12702
-11895
-8694
-4580
-800
2540
5675
7862
9508
10594
10203
8146
6045
4920
4281
3503
2967
3524
5526
7773
8943
9504
10213
10400
9117
6873
4612
2813
117
-4047
-7812
-9357
-10443
-12366
-13999
-13942
-12820
-11242
-9393
-7674
-6080
-3965
-1249
1110
2759
3900
5276
6845
8072
8097
7549
7259
7039
5836
4674
3999
2619
331
-1342
-2610
-4650
-7233
-10065
-12633
-13850
-13685
-13536
-12955
-10528
-6533
-2258
1877
5433
8034
10042
11658
11876
10092
7709
6127
5166
4061
3179
3116
4449
6539
7982
8609
9229
9663
8796
6930
4758
2788
477
-2811
-6700
-9057
-10104
-11368
-13060
-13760
-13173
-11507
-9559
-7933
-6491
-4499
-1816
705
2669
3887
5108
6453
7841
8010
7432
6737
6535
5585
4507
3754
2837
964
-552
-1735
-3545
-5875
-8338
-11109
-13256
-13511
-13238
-12971
-11429
-7748
-3539
712
4503
7536
9577
11340
11961
10669
8123
6204
4871
3676
2624
2286
2854
4762
6739
7732
8119
8776
8721
7453
5403
3363
1665
-637
-4292
-7604
-8846
-9647
-11357
-13149
-13333
-12217
-10361
-8747
-7223
-5541
-2859
100
2597
3994
5061
6314
7631
8092
7414
6382
5868
5499
4550
3654
3012
2030
631
-474
-2032
-3986
-6235
-9030
-11992
-13139
-13116
-13104
-12514
-9860
-5903
-1562
2425
5721
8179
10236
11500
11034
8930
6634
5039
3711
2552
1785
1798
3169
5581
7168
7899
8826
9673
9041
7468
5406
3371
1244
-1960
-6322
-9112
-10094
-11488
-13733
-14797
-14060
-12134
-10021
-8213
-6481
-3996
-854
1755
3432
4607
5823
6922
7865
8020
7413
6832
7016
6560
5388
4590
3976
2225
215
-1469
-3429
-5801
-8441
-11552
-13830
-14093
-13684
-13506
-12042
-8302
-3826
310
4073
7440
9772
11426
12045
10969
8543
6572
5250
4013
2811
2412
3105
5026
6958
7681
8026
8868
8873
7044
4747
2538
573
-1989
-5528
-9127
-10586
-11159
-12373
-13932
-13886
-12420
-10280
-8289
-6421
-4371
-1718
1181
3471
5141
6258
7428
8233
8778
8418
7771
6910
6367
5050
3907
2987
1615
-813
-2560
-3929
-5672
-7959
-10505
-12945
-13923
-13425
-12942
-12240
-9771
-5589
-1288
2957
6684
9444
11290
12750
12791
11078
8431
6532
5080
3706
2545
2318
3047
4715
5946
6374
6836
7376
6552
4796
2959
1189
-596
-2915
-6382
-9127
-9886
-10489
-12056
-13202
-12601
-10928
-8738
-6585
-4545
-2372
553
3372
5442
6420
6981
7380
7789
7631
6703
5371
4578
4067
3189
2363
1559
-18
-1803
-2898
-4247
-6277
-8555
-10871
-12673
-12807
-12187
-11710
-10305
-6977
-2797
1366
5161
8179
10200
11672
12411
11549
9150
6620
4867
3403
2170
1426
1283
2097
3816
5065
5661
6249
6461
5677
4549
3158
1344
-425
-2797
-6070
-8298
-8955
-10003
-11648
-12322
-11322
-9390
-7242
-5377
-3465
-1116
1634
3876
5273
5906
6299
6591
6934
6818
5745
4455
4048
3824
2866
1924
1005
-319
-1671
-2708
-4312
-6121
-7921
-9866
-11369
-11419
-10943
-10369
-8711
-5536
-1978
1624
5061
7716
9425
10575
10955
9953
7875
5639
3967
2728
1814
963
689
1639
3361
4199
4564
5292
5734
5054
4109
2878
1419
103
-2158
-5411
-7347
-7799
-9064
-10854
-11370
-10272
-8645
-6704
-4808
-2907
-815
1800
3850
5019
5453
5829
6056
6256
5938
4792
3688
3474
3004
1798
1237
907
-296
-1650
-2311
-3396
-4957
-6787
-8557
-10018
-10256
-9907
-9314
-7957
-5094
-1625
1888
5107
7634
9058
10056
10546
9346
6699
4466
3092
1735
449
-343
-176
1114
2977
4156
4909
5852
6526
5990
4786
3230
1642
149
-2253
-5403
-7313
-7818
-8767
-9996
-10386
-9495
-7991
-6157
-4683
-3319
-1570
572
2156
3275
4026
4537
4988
5590
5710
4865
4012
3800
3400
2424
1927
1355
227
-784
-1277
-2392
-3794
-5531
-7520
-8929
-8972
-9046
-9122
-7940
-5176
-2106
926
3847
6230
7789
8859
9172
7986
5823
3874
2457
1211
356
-104
217
1751
3937
5253
6157
7334
7842
6904
5565
3970
2142
170
-2599
-5755
-7622
-8328
-9282
-10425
-10757
-9895
-8366
-6635
-5151
-3785
-2194
-128
1724
3036
3781
4515
5257
6032
6118
5370
4582
4396
3854
2986
2509
1786
474
-454
-1022
-2284
-3958
-5874
-7811
-8980
-9192
-9437
-9319
-8078
-5564
-2557
525
3153
5313
6975
8318
8772
7732
5620
3975
3078
2090
837
183
743
2508
4384
5312
6158
7299
7568
6644
5287
3426
1563
-262
-2974
-6051
-7777
-8434
-9199
-10058
-10186
-9320
-7727
-6010
-4670
-3471
-1858
86
1749
2897
3685
4522
5313
5871
5678
4925
4430
4171
3338
2564
2307
1652
588
-21
-735
-2084
-3545
-5184
-7132
-8479
-8918
-9101
-8918
-7685
-5386
-2560
413
3060
5161
6821
8118
8387
7161
5246
3862
2725
1388
227
-117
581
2206
3801
4884
5913
7021
7205
6373
5049
3365
1780
251
-2398
-5460
-7133
-7609
-8437
-9678
-10181
-9323
-7727
-6218
-5001
-3716
-1931
82
1761
2916
3759
4384
4832
5210
5076
4324
3710
3524
3088
2711
2670
2342
1619
1005
176
-1118
-2605
-4560
-6811
-8375
-8903
-9127
-9027
-7990
-5635
-2711
142
2773
5128
6742
7684
7688
6617
4938
3402
1884
584
-76
-83
693
2393
4187
5368
6516
7575
7720
6613
4984
3324
1930
330
-2337
-5306
-6708
-6940
-7667
-8972
-9600
-9040
-7892
-6677
-5611
-4621
-3319
-1393
566
2145
3135
3905
4655
5477
5656
5031
4288
3980
3583
3114
2882
2485
1682
1037
507
-377
-1822
-3994
-6216
-7531
-8193
-8943
-9417
-8632
-6471
-3803
-1149
1528
3961
5629
6743
7205
6475
4672
3072
1917
872
13
-79
801
2628
4461
5792
7150
8403
8608
7693
6303
4698
3043
1034
-1906
-5017
-6777
-7466
-8453
-9811
-10442
-9854
-8450
-6877
-5695
-4664
-3089
-1025
723
1934
2712
3331
4076
4938
5175
4689
4416
4626
4549
4296
4121
3570
2672
1854
898
-431
-2296
-4650
-6834
-8202
-8987
-9554
-9806
-8921
-6592
-3814
-1234
1270
3492
5108
6303
6584
5494
3798
2581
1562
714
255
398
1466
3595
5573
6876
8006
9038
9148
8088
6416
4545
2659
477
-2500
-5562
-7216
-7862
-8891
-10272
-10600
-9688
-8326
-7053
-5878
-4619
-2966
-1109
536
1866
2849
3639
4577
5518
5737
5373
5238
5340
5083
4707
4460
3919
2909
1910
844
-507
-2522
-5093
-7490
-8978
-9860
-10464
-10658
-9479
-6918
-4015
-1265
1556
3990
5536
6509
6687
5601
3788
2357
1320
566
248
723
2194
4401
6309
7717
8906
9582
9092
7594
5688
3581
1436
-1042
-4050
-6693
-7922
-8513
-9447
-10435
-10371
-9262
-7813
-6532
-5419
-4235
-2567
-643
1027
2284
3250
4249
5332
6207
6254
5861
5656
5571
5194
4844
4368
3449
2354
1423
236
-1433
-3818
-6411
-8419
-9618
-10379
-10751
-10409
-8596
-5677
-2744
-81
2581
4709
6017
6739
6515
5138
3587
2630
1767
1083
1015
1778
3267
5138
6625
7716
8556
8830
8076
6524
4631
2692
745
-1840
-4958
-7298
-8255
-9003
-10266
-11195
-10703
-9184
-7592
-6301
-5000
-3374
-1424
451
1994
3085
3884
4738
5689
6211
5935
5490
5405
5306
4946
4578
4001
3054
2029
965
-468
-2413
-4957
-7427
-9107
-10018
-10593
-10705
-9738
-7243
-4157
-1388
1218
3755
5570
6520
6750
5940
4352
3029
2116
1265
838
1165
2206
3977
5875
7175
8137
9039
9096
7872
5895
3979
2164
-238
-3534
-6541
-8152
-8831
-9809
-10942
-11037
-9802
-8109
-6626
-5334
-3961
-2389
-660
996
2258
3022
3809
4895
5886
6120
5841
5741
5766
5480
4998
4454
3587
2468
1270
-23
-1534
-3622
-6191
-8154
-9250
-10029
-10535
-10229
-8737
-6179
-3400
-803
1708
3944
5466
6309
6374
5419
4003
2998
2262
1568
1276
1741
2982
4822
6370
7443
8429
9083
8735
7402
5503
3462
1443
-1279
-4630
-7356
-8585
-9443
-10593
-11372
-10788
-9233
-7510
-6066
-4665
-3069
-1342
297
1701
2665
3327
4174
5198
5855
5769
5484
5560
5658
5314
4819
4232
3403
2299
1032
-436
-2115
-4419
-6959
-8715
-9578
-10318
-10735
-10118
-8080
-5317
-2605
-126
2366
4472
5790
6389
6165
4955
3567
2691
2105
1531
1374
2055
3695
5600
6912
7855
8802
9179
8387
6766
4824
2977
619
-2750
-6057
-7892
-8947
-10329
-11701
-11860
-10643
-8874
-7241
-5747
-4014
-2004
-9
1704
2913
3637
4306
5180
5918
5992
5549
5360
5500
5375
5009
4656
4005
2999
1921
585
-1092
-3263
-5895
-8199
-9556
-10563
-11277
-11163
-9778
-7288
-4376
-1590
1080
3505
5313
6450
6724
5838
4387
3394
2682
1916
1523
1895
3082
4959
6584
7686
8611
9209
8912
7665
5779
3687
1537
-1265
-4705
-7484
-8839
-9819
-11193
-12116
-11549
-9820
-7964
-6435
-4926
-2991
-843
1016
2391
3332
4020
4796
5641
6101
5954
5663
5678
5688
5456
4981
4300
3382
2303
1002
-615
-2474
-4781
-7271
-9103
-10076
-10849
-11216
-10518
-8490
-5757
-2971
-361
2160
4332
5869
6584
6302
5252
4208
3487
2809
2184
2108
2876
4353
5909
6951
7786
8572
8725
7741
6159
4333
2475
96
-3121
-6318
-8158
-9243
-10618
-12040
-12187
-10900
-9049
-7294
-5600
-3697
-1442
832
2595
3760
4460
5080
5757
6269
6134
5643
5390
5479
5297
4863
4331
3626
2629
1440
-12
-1690
-3825
-6416
-8613
-9836
-10669
-11279
-11089
-9561
-6909
-4027
-1394
1200
3666
5451
6477
6717
6041
4884
4077
3515
2911
2463
2624
3635
5156
6267
6794
7399
7883
7472
6133
4429
2731
854
-2041
-5316
-7537
-8739
-10142
-11722
-12268
-11172
-9379
-7586
-5730
-3568
-1286
924
2865
4180
4714
5040
5576
5912
5692
5120
4756
4806
4810
4440
3954
3483
2739
1632
260
-1252
-3093
-5538
-7868
-9286
-10202
-10970
-10984
-9878
-7648
-4892
-2169
523
3192
5243
6507
7152
7007
5935
4814
4052
3321
2572
2323
2776
4014
5242
5993
6702
7445
7464
6559
5115
3524
1792
-1003
-4507
-7170
-8593
-10080
-11858
-12745
-11830
-9890
-7868
-5939
-3723
-1295
969
2864
4264
4814
4839
5094
5459
5289
4566
4085
4232
4448
4318
4049
3710
3162
2301
1037
-469
-2343
-4906
-7411
-8955
-9855
-10684
-10961
-9950
-7567
-4699
-2058
450
3050
5180
6448
6906
6522
5375
4323
3660
2991
2313
2171
2863
4238
5507
6153
6762
7459
7442
6386
4867
3317
1735
-785
-4039
-6621
-7987
-9214
-10831
-11937
-11490
-9817
-7919
-6194
-4384
-2196
62
2046
3572
4327
4473
4871
5459
5432
4749
4270
4241
4268
4063
3824
3392
2715
1939
942
-393
-2107
-4449
-6822
-8346
-9347
-10250
-10606
-9865
-7837
-5121
-2477
45
2594
4807
6352
7105
6854
5815
4863
4207
3384
2583
2334
2815
3940
5013
5778
6466
7091
7010
6183
4899
3428
1692
-870
-4047
-6553
-8037
-9396
-10928
-11945
-11495
-9806
-7781
-5961
-4090
-1919
447
2511
3934
4539
4690
5038
5548
5421
4594
4059
4139
4071
3763
3532
3129
2439
1693
739
-486
-2205
-4551
-6698
-7980
-9041
-10045
-10366
-9442
-7379
-4853
-2352
219
2838
5020
6565
7312
7004
5916
5026
4269
3239
2241
1907
2412
3536
4483
5092
5893
6732
6794
5962
4700
3362
1697
-991
-4211
-6631
-8081
-9542
-11048
-11771
-11082
-9398
-7373
-5432
-3349
-1095
1128
3103
4491
4890
4803
4984
5173
4789
3892
3362
3454
3544
3280
3088
2930
2424
1594
619
-630
-2565
-4926
-6861
-8127
-9173
-10020
-10045
-8750
-6459
-3963
-1442
1229
3776
5654
6820
7208
6666
5497
4434
3535
2567
1796
1690
2477
3618
4611
5409
6207
6792
6636
5665
4322
3031
1154
-1771
-4810
-6666
-7953
-9569
-10996
-11212
-10243
-8631
-6838
-5031
-2984
-740
1319
3016
4192
4538
4517
4680
4722
4156
3369
2996
3117
3229
3073
2853
2639
2206
1429
420
-1095
-3243
-5327
-6903
-8156
-9183
-9749
-9319
-7581
-5271
-2868
-336
2280
4508
6165
7052
6929
6001
4996
4115
3161
2228
1750
2116
3181
4239
5113
5916
6554
6748
6262
5077
3605
2124
-59
-2940
-5398
-6849
-8209
-9744
-10725
-10465
-9391
-7940
-6365
-4657
-2618
-452
1427
2927
3908
4294
4568
4844
4636
3958
3434
3223
3108
2976
2816
2511
2090
1532
772
-324
-2004
-4062
-5786
-7016
-8153
-9081
-9270
-8313
-6440
-4243
-1875
671
3107
5123
6613
7222
6689
5592
4693
3874
2762
1754
1500
2200
3296
4211
5063
5874
6408
6367
5726
4496
3079
1291
-1206
-3840
-5740
-7133
-8638
-10052
-10411
-9617
-8437
-7102
-5487
-3516
-1420
514
2125
3366
3967
4268
4573
4607
4029
3326
3050
3065
3004
2882
2785
2542
2085
1361
418
-1036
-3164
-5245
-6610
-7630
-8624
-9193
-8682
-6916
-4642
-2485
-267
2122
4238
5737
6470
6303
5370
4375
3588
2802
1938
1432
1791
2980
4133
4943
5693
6405
6614
6045
4862
3514
2124
-110
-2931
-5070
-6160
-7373
-8924
-9828
-9376
-8240
-7070
-5944
-4509
-2650
-823
692
1920
2747
3146
3623
4158
4176
3652
3324
3440
3597
3493
3253
2988
2593
1889
904
-320
-2025
-4074
-5833
-6991
-7752
-8297
-8379
-7378
-5365
-3158
-1129
895
2850
4496
5572
5826
5267
4329
3532
2887
2175
1556
1576
2371
3479
4482
5402
6116
6538
6469
5674
4276
2940
1372
-1127
-3938
-5662
-6577
-7752
-9107
-9568
-8787
-7458
-6201
-5063
-3673
-1984
-270
1126
2028
2436
2821
3405
3787
3607
3198
3118
3370
3544
3468
3336
3052
2534
1758
763
-727
-2807
-4809
-6187
-7243
-8094
-8450
-7913
-6362
-4277
-2140
-68
1940
3658
4888
5483
5327
4406
3397
2793
2232
1529
1269
1884
3073
4140
4995
5918
6691
6816
6241
5194
3882
2469
591
-1952
-4310
-5643
-6562
-7805
-8839
-8870
-8101
-7053
-5949
-4862
-3595
-2107
-537
813
1604
1930
2469
3230
3522
3290
3131
3302
3534
3639
3642
3554
3210
2560
1774
771
-965
-3161
-4922
-6101
-7180
-8091
-8227
-7229
-5503
-3692
-1771
329
2255
3642
4514
4804
4402
3559
2795
2255
1753
1280
1425
2451
3762
4705
5583
6533
7213
7060
6248
5031
3687
2137
-145
-2834
-4813
-5882
-7047
-8383
-8966
-8455
-7595
-6630
-5583
-4359
-3075
-1731
-360
802
1326
1664
2423
3168
3270
3107
3274
3636
3909
3938
3903
3806
3422
2636
1710
468
-1493
-3647
-5245
-6411
-7517
-8256
-8140
-6862
-4997
-3228
-1420
672
2575
3812
4402
4454
3925
3168
2529
2008
1461
1225
1685
2865
4116
5049
5923
6825
7329
7027
6042
4751
3470
1755
-802
-3391
-4976
-6000
-7324
-8602
-8864
-8100
-7113
-6226
-5255
-3969
-2645
-1447
-312
615
1042
1430
2220
2877
2957
2894
3204
3655
3890
3905
3897
3744
3268
2518
1597
244
-1693
-3718
-5262
-6399
-7361
-7975
-7756
-6448
-4575
-2783
-1041
829
2522
3630
4102
3975
3385
2710
2205
1755
1342
1336
1983
3151
4370
5388
6228
6941
7239
6904
5981
4704
3351
1553
-934
-3272
-4706
-5838
-7309
-8487
-8599
-7876
-6949
-6113
-5221
-3947
-2540
-1369
-352
462
912
1372
2090
2638
2702
2697
2959
3351
3583
3699
3721
3560
3218
2646
1807
630
-1083
-3171
-4914
-6014
-6888
-7655
-7805
-6721
-4758
-2794
-1180
498
2275
3616
4155
4008
3351
2614
2137
1691
1224
1133
1688
2822
4224
5367
6137
6826
7304
7070
6086
4808
3532
1762
-745
-3097
-4443
-5471
-6958
-8281
-8433
-7710
-6869
-6123
-5314
-4185
-2839
-1564
-509
215
524
1071
1953
2508
2459
2475
2882
3384
3665
3768
3805
3683
3357
2817
2034
674
-1243
-3156
-4630
-5800
-6919
-7676
-7516
-6340
-4699
-2974
-1236
478
2054
3258
3853
3685
3015
2409
2037
1591
1112
1067
1738
2929
4141
5133
5965
6708
7063
6759
5862
4731
3552
1874
-433
-2558
-3874
-4953
-6353
-7566
-7892
-7491
-6814
-6215
-5563
-4568
-3346
-2141
-1019
-181
332
1014
1914
2472
2534
2636
2942
3305
3540
3700
3753
3723
3522
3101
2390
1302
-290
-2250
-3960
-5216
-6290
-7196
-7530
-6869
-5340
-3517
-1879
-288
1412
2846
3630
3739
3248
2448
1902
1544
1054
764
1227
2372
3721
4920
5945
6832
7406
7294
6496
5347
4083
2400
145
-2153
-3796
-4983
-6193
-7397
-8017
-7835
-7244
-6572
-5952
-5110
-4038
-2819
-1660
-658
32
720
1682
2548
2862
2972
3307
3715
3954
4014
3989
3843
3568
3075
2428
1474
-50
-1869
-3345
-4524
-5706
-6707
-7081
-6630
-5423
-3861
-2335
-770
876
2300
3189
3445
3020
2310
1800
1416
902
616
1007
2028
3311
4524
5574
6457
7053
7113
6559
5524
4220
2884
1176
-977
-2893
-4112
-5157
-6429
-7505
-7873
-7610
-7205
-6798
-6132
-5062
-3849
-2619
-1353
-200
635
1498
2495
3124
3235
3367
3729
3970
3972
3959
3927
3728
3333
2774
2000
751
-960
-2588
-3878
-5106
-6269
-6977
-6912
-5990
-4605
-3183
-1654
128
1675
2729
3326
3307
2727
2199
1908
1485
1133
1301
2029
3120
4243
5178
5958
6595
6760
6321
5437
4286
3075
1635
-302
-2298
-3652
-4639
-5873
-7098
-7751
-7750
-7423
-6993
-6456
-5495
-4292
-3020
-1670
-341
609
1462
2486
3267
3455
3536
3789
3949
3907
3783
3662
3433
3091
2598
1948
886
-563
-2007
-3183
-4423
-5663
-6509
-6663
-6103
-5091
-3956
-2501
-714
955
2138
2979
3304
3083
2742
2355
1823
1385
1436
1882
2692
3612
4500
5330
6050
6326
6057
5360
4343
3236
2051
350
-1639
-3136
-4028
-5065
-6335
-7228
-7367
-7074
-6760
-6412
-5635
-4535
-3381
-2095
-764
371
1227
2183
3043
3492
3552
3650
3771
3745
3523
3329
3108
2841
2336
1717
994
-37
-1452
-2731
-3738
-4721
-5642
-6163
-5951
-5114
-4034
-2903
-1381
293
1686
2628
3250
3277
3005
2661
2242
1721
1466
1558
2134
3001
3753
4357
5104
5679
5588
5033
4261
3335
2348
991
-843
-2388
-3329
-4262
-5524
-6506
-6907
-6784
-6554
-6209
-5623
-4681
-3632
-2395
-1074
88
943
1872
2766
3259
3416
3489
3473
3347
3201
2982
2766
2521
2119
1688
1208
356
-910
-2061
-3050
-4049
-5070
-5690
-5731
-5198
-4362
-3221
-1796
-283
1156
2331
3160
3382
3289
2924
2565
2080
1690
1489
1851
2504
3153
3733
4411
4915
5016
4691
4031
3212
2322
1289
-193
-1688
-2777
-3521
-4468
-5437
-6130
-6276
-6138
-5811
-5436
-4833
-3948
-2803
-1541
-349
636
1486
2390
3078
3374
3341
3249
3082
2901
2608
2332
2054
1795
1441
1227
773
-219
-1386
-2124
-2912
-4064
-5014
-5276
-4940
-4368
-3567
-2425
-849
573
1701
2562
3155
3056
2739
2406
1934
1249
1041
1335
1839
2360
2991
3794
4503
4762
4517
4175
3582
2729
1761
697
-678
-1895
-2772
-3523
-4445
-5296
-5850
-5826
-5541
-5357
-5080
-4213
-3098
-2052
-951
185
1095
1882
2595
3000
3121
2994
2872
2731
2601
2271
2030
1783
1646
1350
883
140
-661
-1479
-2409
-3333
-4138
-4519
-4565
-4174
-3571
-2536
-1381
-147
877
1802
2325
2562
2501
2192
1756
1373
1185
1287
1618
1981
2560
3231
3824
4038
4076
3792
3355
2792
2075
1209
264
-737
-1671
-2406
-3186
-4103
-4897
-5259
-5328
-5300
-5232
-4749
-3836
-2823
-1818
-672
493
1349
2143
2758
3072
2974
2842
2598
2324
2032
1774
1526
1396
1337
1173
943
406
-489
-1458
-2116
-2894
-3900
-4611
-4556
-3987
-3205
-2352
-1306
45
1358
2352
2852
2961
2689
2464
2121
1544
947
834
1060
1527
2027
2445
2954
3511
3689
3450
3159
2612
1876
1225
370
-851
-1916
-2491
-3224
-4131
-4834
-4996
-4979
-4864
-4692
-4076
-3209
-2376
-1543
-563
458
1156
1798
2223
2522
2512
2478
2286
2096
1814
1586
1466
1475
1362
1032
726
256
-447
-1252
-1971
-2842
-3540
-3758
-3558
-3221
-2635
-1732
-657
455
1327
1908
2186
2355
2246
2007
1589
1237
1008
1088
1265
1547
1834
2259
2695
2969
3004
2861
2658
2267
1792
1245
561
-371
-1244
-1999
-2731
-3532
-4189
-4659
-4803
-4735
-4418
-3933
-3254
-2503
-1618
-605
322
971
1436
1943
2305
2378
2203
1972
1744
1572
1487
1394
1289
1144
1080
1040
797
174
-761
-1543
-2095
-2553
-3268
-3710
-3598
-2849
-2027
-1152
-345
691
1621
2367
2650
2543
2099
1716
1440
975
521
279
531
967
1603
2011
2529
3033
3432
3335
3148
2639
1911
1052
76
-1115
-2207
-2967
-3677
-4287
-4649
-4583
-4278
-3786
-3369
-2730
-1976
-1181
-604
-45
406
802
1184
1431
1463
1453
1593
1678
1761
1801
1858
1816
1872
1808
1514
807
6
-643
-1248
-2095
-2919
-3235
-3097
-2817
-2484
-1803
-880
27
671
1258
1657
1762
1568
1322
973
561
264
151
255
555
1007
1528
2150
2644
2945
3097
3105
2818
2276
1583
911
223
-632
-1559
-2198
-2580
-3006
-3420
-3594
-3551
-3394
-3185
-2896
-2485
-2016
-1494
-883
-194
356
781
1171
1561
1765
1838
1858
1868
1865
1885
1875
1800
1680
1477
1088
621
-22
-862
-1684
-2185
-2559
-2978
-3144
-2848
-2174
-1489
-774
-117
734
1349
1715
1650
1510
1098
767
349
-6
-226
-84
349
963
1630
2217
2818
3318
3501
3262
2807
2181
1460
627
-315
-1221
-1894
-2341
-2740
-3059
-3160
-3139
-3047
-2950
-2769
-2589
-2258
-1933
-1458
-979
-436
26
563
1038
1392
1624
1836
2083
2236
2281
2272
2305
2175
1936
1619
1104
321
-451
-1075
-1741
-2430
-2934
-3012
-2819
-2457
-2047
-1399
-582
163
645
954
1090
955
709
351
-6
-254
-245
-41
447
1081
1829
2545
3187
3537
3641
3462
3017
2380
1640
733
-131
-756
-1284
-1847
-2234
-2343
-2411
-2577
-2770
-2867
-2938
-3018
-3048
-2870
-2558
-2126
-1506
-751
25
704
1339
1852
2320
2552
2656
2657
2668
2495
2305
2079
1776
1329
840
409
-304
-1142
-1860
-2204
-2648
-3048
-3226
-2863
-2294
-1654
-1158
-489
208
619
739
732
607
279
165
101
184
399
999
1620
2343
2889
3387
3658
3708
3365
2816
2098
1283
465
-324
-1075
-1620
-1919
-2156
-2364
-2483
-2533
-2648
-2751
-2876
-2935
-2916
-2723
-2410
-1922
-1314
-609
122
877
1556
2145
2584
2873
3023
3082
2992
2735
2351
1927
1453
952
281
-457
-1125
-1573
-1997
-2406
-2658
-2650
-2428
-2088
-1660
-1301
-871
-558
-217
-84
-55
-221
-160
-93
17
199
639
1201
1800
2352
2853
3281
3465
3357
3035
2544
1822
1102
425
-229
-850
-1176
-1348
-1437
-1553
-1664
-1776
-1878
-2125
-2452
-2723
-2888
-2933
-2773
-2427
-1939
-1275
-490
356
1197
1940
2469
2871
3165
3217
2996
2675
2233
1703
1113
537
-37
-460
-899
-1258
-1519
-1566
-1626
-1672
-1673
-1577
-1461
-1402
-1339
-1257
-1129
-1047
-833
-622
-362
-140
293
742
1204
1586
2013
2421
2762
2941
2948
2842
2563
2174
1669
1146
546
24
-391
-751
-1038
-1269
-1383
-1574
-1747
-1992
-2184
-2448
-2676
-2837
-2795
-2621
-2346
-1860
-1178
-358
420
1220
1881
2442
2812
3004
2871
2595
2177
1632
1018
482
-36
-508
-837
-1029
-1133
-1182
-1176
-1190
-1146
-1110
-1119
-1164
-1162
-1156
-1136
-1039
-878
-693
-484
-184
228
716
1181
1657
2150
2607
2938
3133
3109
2909
2522
2043
1492
947
375
-122
-448
-654
-835
-1035
-1177
-1374
-1603
-1960
-2316
-2708
-2978
-3155
-3115
-2915
-2547
-1932
-1136
-292
494
1257
1861
2329
2580
2632
2477
2218
1864
1448
971
546
169
-164
-488
-714
-872
-980
-1116
-1196
-1227
-1193
-1232
-1239
-1202
-1100
-1018
-865
-656
-429
-133
231
640
1057
1497
1944
2403
2746
2924
2984
2948
2695
2288
1757
1248
664
138
-387
-753
-1114
-1437
-1736
-1956
-2168
-2410
-2612
-2762
-2763
-2758
-2601
-2329
-1864
-1430
-841
-228
438
969
1478
1875
2172
2320
2304
2237
2072
1777
1359
984
582
145
-316
-696
-1019
-1259
-1486
-1621
-1672
-1612
-1537
-1383
-1218
-1007
-785
-498
-189
101
359
674
1018
1335
1589
1829
2130
2399
2564
2632
2626
2530
2300
1931
1419
849
224
-439
-1073
-1624
-2072
-2479
-2728
-2856
-2830
-2742
-2532
-2309
-1991
-1663
-1303
-957
-600
-309
-19
337
676
944
1204
1500
1775
1944
2002
2013
1931
1698
1335
912
398
-128
-653
-1135
-1496
-1733
-1888
-1906
-1732
-1521
-1283
-982
-651
-358
-114
121
351
584
789
998
1216
1427
1615
1828
2043
2188
2272
2287
2243
2111
1827
1409
918
361
-288
-947
-1503
-1998
-2412
-2714
-2813
-2807
-2661
-2445
-2157
-1804
-1406
-1032
-690
-363
-111
106
306
492
634
812
977
1182
1395
1543
1588
1645
1606
1397
1100
753
299
-210
-679
-1089
-1422
-1658
-1788
-1738
-1564
-1332
-1069
-717
-377
-96
142
385
571
711
832
968
1119
1254
1391
1567
1753
1870
1952
1980
1941
1778
1506
1125
679
141
-417
-954
-1413
-1826
-2133
-2325
-2372
-2319
-2199
-2001
-1736
-1425
-1137
-851
-577
-332
-128
46
210
371
538
695
869
1060
1230
1344
1406
1436
1389
1245
984
697
369
8
-365
-693
-941
-1136
-1260
-1283
-1214
-1087
-962
-782
-540
-312
-156
-5
175
330
434
539
687
828
964
1103
1298
1469
1572
1614
1611
1529
1317
999
608
185
-287
-748
-1167
-1483
-1745
-1898
-1942
-1866
-1743
-1552
-1335
-1095
-885
-696
-542
-393
-269
-126
22
223
461
722
965
1201
1420
1533
1585
1547
1456
1250
1009
713
429
125
-164
-425
-637
-824
-967
-1059
-1116
-1141
-1121
-1050
-935
-797
-645
-455
-258
-53
143
334
523
691
856
1021
1155
1256
1337
1377
1361
1286
1142
933
650
319
-62
-436
-810
-1164
-1442
-1634
-1737
-1753
-1667
-1514
-1303
-1098
-888
-704
-531
-401
-267
-130
32
226
451
697
931
1146
1308
1424
1463
1450
1361
1207
1013
803
559
289
37
-209
-443
-651
-805
-927
-1002
-1033
-1018
-952
-854
-746
-630
-480
-338
-204
-62
124
320
519
721
950
1167
1329
1432
1490
1469
1363
1177
919
626
295
-67
-429
-739
-1003
-1243
-1434
-1536
-1567
-1559
-1510
-1409
-1302
-1196
-1073
-932
-764
-580
-389
-167
111
393
653
884
1082
1216
1294
1326
1315
1256
1146
1011
852
675
473
249
35
-168
-362
-516
-626
-708
-752
-761
-744
-702
-650
-598
-531
-440
-341
-222
-65
131
339
573
827
1064
1258
1396
1468
1454
1345
1162
911
615
291
-33
-342
-608
-833
-1025
-1175
-1276
-1339
-1369
-1367
-1358
-1327
-1278
-1196
-1093
-929
-732
-506
-252
34
335
612
841
1008
1122
1175
1172
1136
1068
984
881
765
638
512
361
187
23
-145
-302
-458
-587
-683
-747
-796
-808
-778
-725
-662
-562
-432
-291
-131
50
253
480
708
922
1116
1281
1372
1387
1345
1229
1036
797
534
256
-12
-271
-519
-739
-930
-1105
-1245
-1349
-1417
-1478
-1498
-1463
-1374
-1245
-1045
-788
-511
-200
125
429
683
887
1020
1097
1113
1090
1041
972
908
839
759
655
545
398
225
47
-147
-351
-550
-704
-818
-887
-922
-897
-832
-742
-627
-495
-355
-220
-81
67
253
448
654
868
1080
1268
1396
1466
1454
1361
1195
962
696
394
81
-231
-516
-790
-1044
-1269
-1453
-1597
-1704
-1764
-1773
-1717
-1600
-1429
-1175
-860
-524
-164
213
568
869
1119
1301
1419
1469
1468
1422
1352
1255
1129
989
819
623
388
138
-110
-369
-619
-838
-1008
-1130
-1194
-1207
-1156
-1056
-931
-772
-583
-376
-182
20
234
461
687
908
1131
1331
1481
1561
1585
1535
1400
1185
912
610
281
-67
-408
-716
-1005
-1273
-1504
-1685
-1814
-1894
-1930
-1901
-1814
-1661
-1444
-1165
-830
-451
-50
352
744
1093
1384
1602
1742
1799
1791
1726
1598
1432
1237
1029
797
545
272
-6
-285
-576
-847
-1079
-1273
-1414
-1487
-1484
-1408
-1273
-1095
-873
-602
-330
-59
215
475
721
943
1150
1337
1489
1582
1621
1611
1534
1385
1164
900
581
238
-126
-485
-829
-1154
-1441
-1680
-1850
-1968
-2015
-1993
-1910
-1765
-1567
-1317
-1020
-683
-324
62
461
853
1213
1533
1794
1975
2068
2068
1992
1838
1615
1344
1048
735
411
81
-249
-561
-858
-1128
-1352
-1525
-1640
-1697
-1688
-1610
-1474
-1287
-1060
-787
-473
-142
198
542
865
1149
1400
1597
1736
1808
1807
1742
1612
1427
1184
884
542
181
-203
-596
-967
-1306
-1610
-1854
-2014
-2100
-2114
-2050
-1919
-1733
-1498
-1220
-916
-580
-212
178
587
995
1390
1740
2023
2230
2336
2320
2198
1993
1707
1370
1012
643
278
-71
-400
-720
-1017
-1282
-1514
-1694
-1808
-1854
-1832
-1732
-1559
-1314
-1027
-717
-380
-45
293
623
925
1184
1403
1579
1700
1777
1789
1734
1602
1404
1143
823
446
33
-387
-799
-1161
-1481
-1737
-1911
-2016
-2037
-1988
-1873
-1718
-1522
-1292
-1029
-741
-426
-84
288
682
1081
1466
1805
2085
2269
2349
2327
2201
1973
1668
1320
944
556
166
-204
-557
-897
-1212
-1483
-1705
-1861
-1944
-1942
-1851
-1678
-1430
-1125
-782
-437
-97
215
508
781
1029
1250
1446
1625
1754
1844
1871
1818
1665
1420
1095
690
233
-248
-710
-1133
-1487
-1757
-1942
-2048
-2085
-2064
-1987
-1863
-1703
-1513
-1273
-988
-674
-330
41
434
823
1193
1536
1832
2063
2213
2283
2276
2186
2006
1756
1442
1081
671
231
-212
-644
-1053
-1424
-1718
-1934
-2053
-2083
-2017
-1859
-1631
-1349
-1035
-687
-340
-10
296
591
868
1114
1349
1565
1751
1893
1982
2003
1940
1779
1520
1170
745
279
-220
-708
-1144
-1517
-1822
-2044
-2173
-2229
-2227
-2167
-2046
-1874
-1651
-1375
-1053
-698
-327
55
433
804
1152
1464
1737
1965
2139
2254
2300
2273
2168
1965
1677
1322
893
413
-89
-572
-1025
-1417
-1729
-1943
-2051
-2066
-1998
-1865
-1668
-1434
-1175
-895
-588
-263
60
390
722
1047
1339
1587
1784
1919
1979
1972
1889
1737
1524
1242
908
530
120
-307
-735
-1147
-1516
-1835
-2093
-2256
-2338
-2335
-2245
-2055
-1788
-1465
-1101
-720
-338
6
316
591
842
1080
1311
1537
1751
1954
2121
2225
2239
2152
1947
1620
1196
692
157
-369
-855
-1260
-1564
-1754
-1826
-1813
-1742
-1622
-1470
-1315
-1164
-1012
-834
-620
-375
-92
242
612
977
1330
1624
1841
1967
2001
1941
1791
1581
1320
1022
700
364
8
-354
-711
-1068
-1413
-1713
-1951
-2118
-2204
-2191
-2066
-1850
-1568
-1250
-914
-571
-256
14
252
474
690
920
1157
1408
1661
1883
2052
2143
2128
1988
1733
1377
939
463
-9
-454
-840
-1133
-1330
-1441
-1476
-1465
-1428
-1366
-1287
-1202
-1115
-1009
-859
-660
-413
-115
226
585
941
1267
1515
1695
1786
1788
1713
1569
1381
1156
909
641
351
34
-300
-647
-1009
-1363
-1675
-1926
-2109
-2183
-2151
-2006
-1769
-1476
-1144
-815
-494
-202
52
282
516
755
1002
1270
1539
1802
2014
2147
2181
2103
1916
1624
1246
807
357
-83
-486
-832
-1115
-1312
-1439
-1505
-1532
-1504
-1439
-1355
-1238
-1107
-948
-751
-526
-278
-6
304
624
935
1209
1444
1624
1730
1761
1707
1582
1396
1165
880
556
216
-142
-505
-865
-1208
-1508
-1754
-1935
-2045
-2067
-1991
-1831
-1611
-1345
-1056
-757
-454
-164
117
397
677
955
1228
1494
1737
1932
2053
2085
2019
1861
1608
1276
893
481
61
-332
-674
-957
-1168
-1314
-1394
-1415
-1395
-1349
-1286
-1198
-1089
-966
-812
-627
-410
-152
138
443
743
1032
1279
1465
1580
1618
1578
1455
1272
1042
769
480
175
-139
-439
-716
-963
-1181
-1366
-1509
-1604
-1643
-1627
-1550
-1417
-1235
-1013
-766
-498
-220
60
340
616
883
1135
1362
1557
1710
1804
1823
1773
1643
1427
1164
867
529
165
-183
-503
-782
-1006
-1181
-1293
-1343
-1336
-1290
-1225
-1141
-1034
-909
-770
-611
-438
-233
-3
243
484
718
944
1136
1279
1356
1379
1337
1227
1045
810
546
265
-32
-334
-609
-840
-1024
-1171
-1280
-1343
-1358
-1334
-1267
-1149
-1010
-847
-652
-434
-204
28
260
497
744
981
1188
1369
1521
1633
1685
1663
1570
1404
1180
912
604
268
-68
-385
-658
-884
-1061
-1177
-1240
-1247
-1219
-1176
-1121
-1053
-979
-895
-783
-652
-484
-279
-40
216
475
726
948
1130
1250
1313
1314
1241
1101
910
687
445
182
-89
-349
-592
-806
-989
-1140
-1252
-1327
-1358
-1334
-1252
-1134
-986
-808
-597
-369
-139
93
329
580
823
1053
1265
1451
1602
1699
1731
1684
1561
1375
1123
823
499
158
-160
-441
-679
-869
-1007
-1091
-1132
-1150
-1156
-1144
-1125
-1098
-1044
-952
-826
-661
-450
-196
79
350
613
845
1031
1171
1252
1273
1232
1136
1001
829
624
394
152
-102
-349
-592
-818
-1010
-1158
-1265
-1328
-1330
-1273
-1161
-1025
-872
-702
-516
-328
-147
49
257
483
716
951
1181
1386
1550
1648
1667
1608
1468
1249
968
650
316
-2
-279
-519
-708
-837
-909
-950
-966
-964
-961
-951
-938
-917
-865
-771
-636
-460
-240
9
268
514
733
904
1028
1103
1116
1071
979
851
694
516
319
108
-114
-329
-537
-729
-907
-1064
-1181
-1254
-1274
-1244
-1164
-1047
-904
-732
-544
-351
-155
37
233
440
652
851
1042
1214
1353
1447
1484
1462
1366
1209
1000
745
473
193
-84
-335
-549
-720
-842
-921
-966
-973
-952
-911
-853
-794
-719
-624
-503
-355
-188
1
207
415
608
778
904
987
1017
993
924
815
671
503
333
158
-25
-211
-389
-549
-705
-850
-974
-1077
-1139
-1156
-1134
-1076
-983
-848
-684
-497
-295
-83
135
361
581
790
976
1142
1265
1336
1361
1324
1230
1090
915
711
493
271
50
-161
-355
-525
-677
-799
-890
-947
-967
-955
-914
-845
-757
-645
-508
-362
-204
-33
146
321
483
619
726
804
843
846
815
745
647
537
410
268
117
-36
-185
-326
-466
-594
-701
-789
-856
-896
-900
-879
-825
-749
-647
-509
-354
-190
-15
169
349
524
681
816
923
1004
1049
1050
1013
938
830
695
525
334
132
-75
-274
-456
-612
-734
-814
-851
-850
-813
-754
-684
-605
-517
-427
-331
-230
-114
15
157
306
451
580
679
746
769
748
688
596
477
340
201
66
-51
-148
-231
-307
-370
-429
-488
-546
-608
-658
-692
-700
-678
-620
-527
-403
-246
-68
121
304
466
609
728
807
846
850
821
767
693
605
499
384
267
152
32
-93
-212
-319
-416
-504
-572
-620
-646
-646
-623
-581
-517
-432
-337
-229
-115
3
115
218
310
388
442
473
486
474
449
413
365
308
239
164
87
6
-82
-171
-259
-343
-417
-482
-535
-562
-565
-556
-535
-488
-419
-334
-241
-137
-23
109
246
376
494
600
693
755
782
769
718
646
544
418
285
153
28
-87
-187
-277
-353
-419
-470
-518
-556
-572
-570
-549
-511
-444
-357
-253
-148
-31
82
184
275
349
400
434
456
451
430
399
358
305
240
158
65
-25
-119
-218
-314
-401
-470
-515
-541
-547
-523
-482
-424
-355
-275
-186
-93
0
95
194
297
400
494
581
653
701
717
702
656
577
472
346
206
72
-48
-156
-248
-325
-380
-430
-478
-518
-545
-550
-546
-519
-469
-394
-299
-192
-79
31
136
224
301
356
391
412
418
407
385
349
300
243
174
93
7
-84
-179
-274
-358
-428
-479
-500
-496
-471
-421
-350
-276
-199
-118
-45
22
87
150
210
268
333
404
472
524
564
587
581
547
481
386
267
136
4
-121
-233
-327
-389
-427
-446
-453
-441
-416
-382
-337
-289
-237
-183
-125
-70
-7
55
119
185
250
316
375
419
440
443
418
366
292
202
88
-34
-146
-245
-328
-395
-440
-456
-440
-404
-353
-293
-225
-151
-87
-38
6
43
73
102
130
165
202
244
290
334
363
377
379
355
304
233
146
46
-50
-144
-226
-292
-337
-357
-357
-334
-305
-274
-235
-186
-137
-102
-72
-45
-13
20
49
80
124
175
227
274
310
336
345
326
289
235
169
92
5
-82
-163
-232
-288
-329
-350
-348
-325
-286
-234
-175
-115
-57
-14
23
52
71
84
95
114
137
164
193
225
251
275
283
277
250
202
142
67
-9
-83
-146
-197
-231
-246
-250
-241
-219
-194
-173
-146
-115
-90
-72
-53
-37
-15
3
21
43
67
99
130
161
192
221
236
231
218
190
154
102
40
-22
-74
-118
-153
-178
-189
-183
-168
-143
-120
-99
-70
-42
-21
-6
7
26
45
65
81
103
126
145
160
163
164
159
148
128
101
67
33
-8
-46
-83
-121
-154
-179
-194
-205
-206
-202
-190
-173
-152
-130
-103
-77
-57
-37
-16
5
18
40
64
80
93
109
123
135
133
123
108
86
59
26
-10
-42
-70
-85
-96
-104
-98
-82
-61
-41
-16
7
32
55
71
86
102
124
141
159
174
185
184
180
168
148
120
79
39
3
-35
-75
-111
-144
-169
-191
-216
-227
-229
-225
-209
-183
-147
-108
-65
-22
17
48
72
87
92
97
95
93
92
88
85
84
85
80
73
55
33
9
-21
-57
-96
-133
-165
-187
-203
-203
-187
-155
-112
-62
-10
46
94
131
152
166
173
177
188
204
217
232
248
251
238
205
165
114
53
-16
-78
-133
-184
-213
-234
-250
-258
-259
-245
-223
-198
-168
-128
-85
-38
1
35
67
92
116
130
140
143
141
139
137
122
102
74
47
22
-1
-26
-52
-76
-111
-136
-156
-183
-201
-207
-202
-186
-159
-133
-100
-62
-21
15
45
72
103
136
165
191
220
248
269
279
276
253
219
174
119
56
-3
-57
-103
-137
-167
-191
-207
-217
-224
-227
-228
-219
-203
-178
-144
-103
-62
-13
34
74
113
148
183
203
208
208
204
189
167
136
110
88
56
24
-3
-36
-70
-108
-135
-161
-185
-198
-204
-205
-194
-174
-153
-128
-97
-62
-22
14
52
92
133
169
201
227
245
259
263
254
230
200
163
116
65
13
-35
-81
-123
-161
-186
-206
-222
-232
-236
-233
-221
-202
-179
-146
-103
-56
-12
33
75
113
138
156
170
172
167
159
149
135
119
102
84
63
38
7
-25
-56
-83
-105
-121
-137
-147
-150
-151
-143
-134
-121
-102
-77
-48
-19
11
46
83
115
143
170
196
213
227
228
219
207
188
160
120
76
29
-19
-67
-115
-164
-195
-221
-237
-245
-242
-229
-211
-187
-162
-140
-116
-87
-58
-21
10
36
59
92
117
137
149
159
164
161
149
131
112
88
59
26
2
-28
-48
-65
-83
-99
-111
-119
-129
-136
-135
-128
-112
-85
-51
-20
11
44
76
106
127
147
168
185
192
200
200
188
174
153
122
86
46
7
-34
-75
-114
-146
-168
-186
-195
-198
-191
-176
-161
-141
-124
-103
-75
-47
-20
10
38
63
87
101
110
117
119
112
96
80
64
51
31
6
-14
-23
-35
-46
-54
-61
-68
-70
-74
-79
-82
-83
-78
-69
-52
-34
-13
13
35
54
74
95
113
124
131
132
132
128
116
104
93
77
59
39
21
1
-28
-52
-71
-84
-97
-103
-100
-95
-93
-89
-85
-72
-57
-45
-31
-16
-5
4
15
24
23
28
28
29
34
38
37
36
40
30
18
4
-2
-16
-33
-42
-45
-48
-47
-50
-57
-56
-57
-57
-52
-40
-30
-16
0
14
22
32
43
53
66
75
84
88
94
93
88
76
63
49
29
12
-1
-18
-37
-52
-59
-63
-63
-62
-66
-64
-61
-57
-51
-42
-31
-18
-5
5
14
21
27
35
38
34
36
44
40
38
43
38
27
16
2
-10
-22
-37
-46
-53
-55
-53
-48
-48
-48
-43
-37
-35
-29
-22
-10
9
26
41
59
80
94
108
108
103
94
85
71
56
39
25
14
0
-15
-29
-45
-60
-68
-78
-82
-85
-81
-81
-79
-72
-60
-47
-30
-16
-2
10
25
39
46
57
69
79
78
78
73
64
52
39
26
10
2
-5
-14
-27
-38
-49
-55
-62
-73
-76
-69
-57
-47
-34
-19
-3
13
22
27
29
38
51
56
55
56
57
58
51
37
28
23
15
4
-19
-41
-50
-53
-63
-71
-72
-70
-61
-57
-54
-53
-48
-44
-39
-26
-16
-5
9
21
29
32
40
40
39
44
43
43
41
40
40
36
22
12
3
-4
-14
-19
-24
-27
-29
-33
-30
-31
-30
-24
-13
-6
5
17
28
34
33
35
38
40
46
52
48
43
38
26
19
14
4
-5
-6
-3
-1
0
-6
-11
-19
-28
-37
-46
-43
-44
-52
-55
-49
-39
-31
-26
-22
-11
-2
7
15
18
17
18
21
18
19
22
25
24
22
13
5
7
-1
-9
-15
-15
-9
-3
-3
-2
0
2
-1
0
-2
3
13
20
24
28
30
27
29
28
22
20
24
26
30
31
25
23
22
15
6
-8
-19
-26
-34
-39
-48
-49
-47
-42
-41
-45
-42
-35
-35
-36
-38
-33
-28
-26
-23
-16
-6
7
17
23
24
30
34
25
19
10
10
12
12
2
-1
1
4
-4
-8
-12
-12
-4
-1
1
2
3
2
7
4
3
4
17
25
30
31
34
38
32
25
17
16
12
14
12
10
11
8
2
-2
-8
-15
-26
-31
-31
-32
-34
-33
-34
-25
-22
-22
-17
-12
-2
-4
-10
-7
2
8
15
18
22
31
34
32
26
16
15
15
14
9
7
5
11
9
-4
-13
-13
-13
-19
-25
-23
-15
-10
-10
-6
-4
-5
-5
-2
5
7
11
17
25
35
45
41
40
33
24
21
16
12
0
-7
-8
-11
-18
-26
-28
-28
-36
-41
-40
-42
-46
-42
-32
-23
-17
-11
-9
-2
4
5
7
12
17
28
31
33
31
27
27
21
14
2
-8
-17
-25
-37
-44
-48
-38
-38
-36
-31
-20
-7
-8
-10
-6
4
9
12
17
26
37
41
43
44
36
25
18
12
6
0
8
14
10
9
12
8
-1
-14
-24
-26
-26
-28
-23
-21
-12
-2
4
6
4
3
3
8
8
6
11
17
12
11
6
2
1
-4
-13
-14
-14
-10
-15
-17
-21
-24
-27
-27
-27
-29
-27
-23
-16
-13
-8
-2
7
13
19
24
33
37
37
39
42
42
40
32
31
33
28
17
6
2
-1
-5
-13
-11
-5
-5
-9
-9
-9
-9
-14
-19
-16
-15
-16
-14
-12
-5
-3
-3
5
7
15
24
20
15
13
13
14
15
11
7
13
23
25
15
4
2
1
-10
-13
-14
-15
-14
-14
-14
-10
-18
-21
-15
-8
-15
-21
-21
-14
-14
-12
-11
-4
10
18
22
25
23
12
10
5
-5
-10
-11
-10
-3
4
-3
-6
-4
-9
-15
-23
-26
-23
-28
-32
-34
-32
-23
-23
-18
-12
-8
-2
11
22
24
24
30
30
30
29
26
31
30
22
14
9
6
2
-9
-12
-16
-19
-13
-8
-6
-13
-11
-12
-14
-17
-23
-26
-20
-10
-5
-2
5
8
11
7
7
11
6
2
2
2
2
4
8
12
11
7
4
-1
-11
-19
-24
-24
-25
-22
-13
-1
12
13
17
24
25
25
22
19
12
13
11
7
9
14
17
17
13
8
11
10
10
7
2
3
3
4
3
-1
-1
10
12
6
0
3
7
3
-3
2
4
6
6
5
0
0
-3
-3
-1
-8
-12
-18
-23
-21
-18
-18
-16
-14
-13
-6
-10
-19
-24
-22
-14
-8
-6
-5
2
6
6
-5
-5
3
7
11
11
15
20
26
22
12
8
4
1
1
-1
-1
3
-4
-6
-5
-7
-7
-2
-2
1
7
10
10
8
2
-5
-1
-5
-12
-16
-12
-9
-6
-6
-9
-3
-1
-1
1
1
-2
-5
-10
-6
-2
-4
-4
-4
-2
-7
-15
-18
-21
-24
-20
-20
-17
-9
-4
-6
-2
1
1
3
1
3
10
14
19
22
27
34
33
28
23
21
23
21
17
20
26
28
24
25
25
21
20
9
0
-11
-15
-15
-15
-9
-4
5
15
19
12
8
3
-7
-16
-22
-16
-10
-7
-6
-2
-7
-9
-18
-17
-19
-24
-23
-19
-15
-21
-14
-11
-4
-5
-5
-10
-11
-6
-8
-10
-10
-10
-7
3
0
-7
-1
-1
-1
-1
4
7
10
13
14
10
18
20
9
1
-8