4
5
2
1
0
-3
2
-2
-7
-5
-1
-1
1
-3
-3
0
-3
-1
-3
-2
0
2
0
5
3
3
1
-1
3
-1
-2
-4
-3
-5
-2
-1
4
6
4
7
6
6
3
2
1
3
4
6
4
1
4
5
3
-3
-7
-8
-9
-5
-6
-5
1
2
5
3
4
5
4
5
3
5
8
2
1
1
-1
4
2
-1
1
5
0
-2
-2
-2
-7
-5
-5
-6
1
1
-3
-8
-7
-12
-14
-18
-19
-20
-12
-15
-11
-8
-4
1
-1
-1
-5
1
-1
-2
-10
-7
3
1
-1
-4
-2
2
1
-4
-12
-11
-12
-19
-19
-8
-6
-1
3
8
12
3
8
3
4
-1
-5
-5
2
-1
-2
10
9
14
18
18
20
21
22
18
17
13
13
16
13
8
3
10
10
11
2
9
11
12
7
6
9
1
0
-9
-9
-12
-9
-12
-11
-10
-8
-6
-5
-6
-4
-4
0
3
-3
2
12
9
5
8
1
3
4
2
-2
-3
-3
-2
-3
-2
2
3
2
8
0
0
-4
-9
-7
-7
-13
-16
-13
-9
-7
-16
-10
-4
3
3
3
3
7
1
-4
-5
-2
-5
-3
-1
8
13
8
6
6
16
13
16
9
20
23
19
8
10
4
1
-2
-5
-10
-10
-7
-13
-13
-15
-14
-14
-12
-9
-11
-15
-11
-12
-10
-4
-3
-1
2
2
-2
-7
-6
-11
-12
-6
-2
-3
0
2
2
3
-1
-1
-1
5
8
8
11
10
7
6
2
-3
-5
-6
-1
1
3
6
16
19
23
30
24
24
22
21
3
-2
-5
-13
-12
-8
10
10
19
7
18
7
4
-4
-4
-4
-11
-10
-21
-15
-32
-28
-37
-32
-34
-22
-12
-8
-6
1
12
0
9
9
13
7
9
0
-8
-8
-16
-16
-8
-6
-3
8
8
22
22
38
27
18
16
26
19
12
6
-6
1
-5
-24
-28
-27
-17
-23
-17
1
9
-5
1
11
14
9
13
12
2
-7
-16
-12
-39
-43
-60
-69
-72
-58
-60
-71
-62
-31
-9
-11
-10
-11
16
29
25
-1
-6
9
51
53
36
42
51
65
75
75
55
70
78
89
74
68
56
61
63
34
20
-11
-14
-27
-18
-24
-31
-43
-36
-17
-28
-38
-60
-63
-61
-49
-44
-47
-44
-22
2
21
20
27
25
25
9
-14
-40
-59
-50
-55
-38
-23
1
22
39
80
47
59
29
36
28
24
25
15
38
34
53
51
66
29
29
25
11
-5
-5
-30
-21
-11
-1
-13
-7
25
0
-18
-23
-8
-6
-16
-55
-26
-1
-7
-18
-43
-40
-35
-15
-53
-60
-74
-74
-66
-77
-77
-88
-97
-70
-28
-31
-34
0
26
29
7
8
17
24
0
-7
1
1
2
-16
-2
22
28
3
37
58
51
44
70
81
65
40
41
67
58
41
23
33
39
23
-24
-32
-25
-28
-86
-84
-75
-105
-129
-114
-83
-98
-86
-70
-28
4
22
56
92
125
128
108
77
54
58
-7
-55
-69
-72
-92
-96
-91
-75
-38
5
26
44
107
169
198
165
186
179
178
120
102
77
36
61
29
19
-5
27
-8
-31
-45
-58
-77
-92
-51
-32
-8
-6
53
101
130
110
99
91
58
-18
-75
-98
-188
-226
-253
-226
-250
-245
-240
-170
-144
-96
-37
-30
-15
17
71
74
58
-15
-26
-23
-54
-35
-20
60
91
198
210
309
209
242
79
73
-135
-178
-330
-383
-393
-562
-443
-489
-292
-543
-247
-289
18
-212
69
86
257
194
377
512
406
438
470
667
384
390
291
534
278
255
234
269
36
-95
-29
-80
-310
-603
-453
-408
-510
-661
-454
-357
-349
-252
-167
-145
-201
-22
35
20
-85
119
263
298
261
390
562
618
633
652
700
569
581
586
533
270
215
222
168
5
-14
15
-45
-240
-244
-196
-320
-488
-566
-550
-662
-741
-766
-755
-824
-766
-619
-581
-648
-575
-356
-252
-232
-69
171
370
438
679
905
1087
1142
1310
1434
1474
1398
1401
1362
1173
1045
968
826
474
334
209
31
-365
-616
-902
-1187
-1585
-1915
-2244
-2602
-2883
-3110
-3306
-3463
-3502
-3357
-3193
-3014
-2727
-2176
-1543
-874
-230
565
1508
2463
3343
3995
4718
5250
5750
5900
5923
5692
5428
5013
4582
4052
3374
2637
2074
1620
968
303
-244
-663
-1144
-1716
-2285
-2784
-3418
-4152
-4635
-5022
-5548
-6112
-6309
-6197
-6075
-5959
-5677
-5280
-4902
-4367
-3843
-3463
-3236
-2777
-2267
-1796
-1421
-830
-62
985
2011
3135
4297
5562
6695
7657
8528
9080
9432
9471
9476
9096
8455
7658
6839
5669
4494
3328
2195
861
-230
-1148
-2033
-2888
-3571
-4053
-4634
-5122
-5564
-5949
-6478
-6795
-6993
-6953
-6962
-6557
-6144
-5546
-4904
-3945
-3154
-2813
-2384
-1904
-1557
-1693
-1747
-1982
-2210
-2423
-2099
-1797
-1492
-947
398
1981
3385
4658
6286
8038
9309
10064
10667
11067
10902
10130
9422
8564
7244
5523
4337
3354
2125
834
64
-575
-1346
-1912
-2219
-2884
-3917
-4662
-5309
-5982
-7160
-7956
-8565
-8526
-8727
-8324
-7870
-6982
-6108
-4717
-3338
-3117
-2410
-1485
-682
-1673
-1780
-1671
-1732
-3065
-3264
-2672
-2599
-2775
-1512
698
1881
3191
5759
8557
10047
11127
12304
13632
13778
12860
12041
11150
9427
7273
6223
5049
3006
1091
926
793
-589
-1806
-2071
-2581
-4149
-5143
-6012
-7542
-9565
-10123
-10319
-10901
-11866
-11014
-9833
-8612
-7769
-5966
-4531
-3777
-2668
-1493
-676
-1693
-1601
-1407
-1043
-2475
-2815
-2702
-2207
-2174
-952
826
2070
3538
6410
9388
10915
11985
13412
14879
15001
14312
13343
11944
10143
8361
7079
5268
3142
1424
973
471
-780
-1984
-2557
-3172
-4279
-5292
-6410
-7953
-9659
-10365
-10845
-11457
-12255
-11722
-10780
-9511
-8452
-6663
-5495
-4984
-3685
-1893
-1261
-2401
-2331
-1426
-968
-2135
-2445
-2321
-2034
-1574
-79
1109
1820
3521
6680
9460
10863
12110
13674
15282
15781
15500
14527
13086
11417
9943
8554
6434
3997
2047
1385
568
-882
-2287
-3048
-3996
-4839
-5573
-6673
-8672
-9968
-10307
-10627
-11915
-12422
-11944
-11106
-10445
-8930
-7596
-7581
-6600
-4633
-2787
-3665
-3691
-2570
-887
-1269
-1614
-1522
-1308
-1035
9
1112
1130
1829
4288
7435
9186
10361
12319
14604
15847
16116
16490
15724
13864
11949
11190
9497
6373
3561
2465
1583
-354
-1950
-2906
-3982
-5361
-5805
-6193
-7773
-9855
-10204
-9830
-11014
-12585
-12441
-11412
-11362
-10915
-9369
-8957
-8941
-7438
-4889
-4701
-5238
-3850
-1363
-717
-1168
-759
-115
-142
266
1248
1675
1351
2891
5737
7982
8963
10741
13775
15691
16188
16726
17838
16413
14174
12930
12469
9352
5736
3732
2685
361
-1939
-2877
-3946
-5601
-6545
-6294
-7042
-9090
-10501
-10106
-10544
-12337
-13241
-12379
-11928
-12292
-11557
-10579
-10131
-9574
-7726
-6309
-5779
-4705
-2393
-511
-64
487
1379
1969
1893
2084
2348
2589
2990
4606
6321
8014
9500
12556
15222
16341
16873
18235
18971
16650
14654
13545
11747
7661
4950
3059
371
-2668
-3835
-4532
-6233
-7770
-7914
-7759
-8653
-9965
-10645
-10897
-11797
-12803
-12819
-12338
-12462
-12737
-12278
-11122
-10327
-9454
-8301
-6630
-4821
-2441
-162
1076
1893
2904
3923
3653
2991
2541
2792
3165
4035
5044
6487
8494
11346
14722
16232
16857
17645
19703
18650
15826
13847
12958
9778
6087
4181
1530
-2267
-4770
-5066
-6683
-8818
-9900
-9459
-9627
-10171
-10917
-11346
-11873
-12538
-12558
-12114
-11910
-13109
-13312
-11817
-10363
-10897
-10602
-8071
-5243
-3282
-763
1803
2738
3777
5568
6347
4506
3300
3814
4841
4618
4684
5735
7940
10572
13628
16405
17232
17663
19093
20954
18373
14610
12743
11881
8076
4210
1437
-2047
-5700
-7275
-7717
-10014
-12280
-12394
-10952
-10392
-11295
-12472
-12220
-11640
-12173
-12585
-12076
-12865
-14625
-13493
-10672
-10896
-12534
-10014
-4872
-2344
-1123
1976
4710
5641
6947
8619
7237
4506
4179
6007
5629
4096
4407
7187
10294
12288
15618
17608
18451
18606
21492
21046
16538
12673
12543
10589
5027
1022
-1872
-5221
-8688
-9208
-10452
-12943
-14323
-12574
-10634
-10725
-12150
-12338
-10619
-10811
-11923
-12584
-12666
-15091
-15928
-13341
-11907
-13778
-13048
-6671
-2045
-748
1436
5770
7473
8144
9427
9277
6029
4249
5628
6298
4171
3172
5633
9539
12040
14891
17638
18588
19303
21472
22856
18174
13371
12198
11963
6635
1141
-2210
-5213
-8469
-9768
-10558
-13329
-14959
-13428
-10478
-9996
-11649
-12598
-10740
-9761
-11286
-13487
-14416
-15458
-16546
-15425
-14346
-14726
-13598
-7815
-2327
-219
1894
6113
9196
9796
10038
9299
6925
4989
5326
5309
3215
2828
5114
9114
11502
15314
18444
19551
20300
22815
24246
18877
14173
12869
12429
6183
1165
-1993
-5933
-9454
-9704
-10176
-14063
-15422
-12985
-10222
-10345
-11317
-12273
-11258
-10401
-11648
-14087
-15323
-16346
-17841
-16348
-14500
-15039
-14450
-7944
-1368
386
2371
7324
10414
10316
10977
10920
7286
4353
5403
5973
3089
1838
4489
8541
11333
14948
18239
19381
20705
23045
24450
19808
14723
12393
11850
6768
757
-3181
-6484
-9469
-10663
-11039
-13945
-15502
-13729
-10784
-10379
-11560
-12411
-11609
-10631
-11865
-14647
-16222
-16665
-17666
-17231
-15475
-14468
-13287
-8100
-1361
1967
3899
7898
11767
12566
11888
10902
8578
6130
5282
5051
3466
2836
4451
8377
11741
15258
18310
19376
20866
22963
24336
18970
14120
12253
11229
5234
-272
-3305
-7423
-10791
-11208
-11103
-14954
-16063
-13489
-10970
-11442
-11627
-12067
-11537
-11041
-12237
-14869
-16670
-16876
-18632
-17842
-15858
-14218
-13183
-7020
72
2879
5442
10599
14190
13068
13081
12682
9739
6057
6154
5831
3583
3188
5995
9304
11699
16504
18285
19019
20503
23981
21750
16238
13443
11742
7801
1822
-1197
-5969
-10592
-12415
-11497
-14225
-17105
-15754
-12994
-11944
-11642
-11224
-11718
-10820
-10671
-12078
-14962
-15637
-17059
-17782
-15888
-13806
-13195
-10190
-2360
2527
4812
8812
13840
14284
13473
14069
12166
7694
5684
6493
4212
2554
3585
7042
8847
12754
17258
17713
18276
20679
23393
18136
13582
11437
10011
4129
-561
-3205
-7739
-11488
-12037
-11271
-14606
-16035
-14182
-11526
-11359
-11460
-11984
-11297
-10813
-11595
-13877
-15267
-15765
-17736
-17061
-14972
-13468
-13087
-7258
-243
2676
4997
10497
14363
13213
13491
13990
11420
7185
7476
7521
4997
3938
6918
9984
11783
16397
18702
19186
19914
23233
20915
15091
12100
10646
6529
652
-1781
-5968
-10148
-11845
-11018
-13595
-16295
-15770
-13595
-12878
-13077
-13588
-13996
-12722
-13203
-14432
-16095
-15956
-17978
-18114
-15271
-13116
-13371
-10197
-2118
2207
4140
8342
13534
14040
14039
15407
14001
9939
8287
9450
7609
5658
5937
9349
11498
14839
17899
18329
19157
20961
22285
16695
12394
9510
7539
1929
-2131
-5498
-9819
-12330
-12269
-12145
-15352
-15953
-14285
-12304
-12294
-12653
-13750
-13650
-13492
-14732
-16623
-17207
-17717
-19321
-17298
-13584
-11822
-10991
-5019
2080
5085
7933
12794
15593
14468
15596
16195
13371
9372
9653
9841
8155
7272
9320
11884
13996
18010
18487
18573
18959
21420
17590
12164
8989
6921
2318
-2672
-4686
-9193
-12821
-13458
-11994
-14711
-16428
-14757
-12620
-12315
-12157
-12667
-13553
-13311
-13878
-15866
-17620
-17260
-18795
-18679
-15506
-12195
-11564
-7778
-212
4313
6757
11230
15570
15223
15148
16503
15003
10546
9586
10276
8280
6767
8588
11262
12285
16502
18919
18395
18416
21419
20111
13274
9894
8078
4023
-2384
-4228
-7818
-12747
-14122
-12030
-13478
-16352
-14724
-12056
-11516
-11474
-11169
-12585
-12847
-13127
-14775
-17471
-17554
-18639
-19656
-17213
-13696
-12780
-10685
-3059
2674
4865
8877
14573
15692
14712
16635
16646
12406
9768
11186
9648
6963
7502
11095
11984
14557
18561
18961
18584
20295
22034
15796
11241
8962
6347
-433
-3879
-6319
-11776
-14760
-13499
-12974
-16484
-15998
-13039
-11465
-11399
-10664
-11804
-12699
-12617
-13994
-17177
-18242
-18211
-20166
-19182
-15421
-12923
-11879
-5726
1596
4630
7743
13432
16374
15050
16200
17349
14433
10428
11059
10809
8373
7557
10358
12112
13728
17934
18766
18236
18931
21997
17348
11384
9184
7480
1127
-3994
-5106
-9939
-14611
-14566
-12326
-15671
-17387
-14371
-11626
-12006
-11433
-11223
-12282
-12563
-12979
-15097
-17732
-17981
-19544
-19250
-16641
-13970
-13064
-8393
-542
3550
6203
11252
15772
15421
15902
17629
15676
11215
10801
11762
8968
6773
8699
11631
12133
15772
18791
18292
17664
20548
20541
13572
9328
7852
4745
-2227
-5102
-7872
-12728
-15426
-13671
-13710
-16556
-15971
-12598
-10621
-10619
-10683
-11371
-11343
-12130
-13988
-16569
-17190
-18634
-19880
-17588
-14170
-12921
-10939
-3692
2674
5296
8808
14189
16139
15285
16769
17096
13420
9791
10756
10420
8036
7068
10200
12431
14586
18367
19006
18527
18844
21232
16195
10668
7575
5835
-201
-4679
-6435
-11088
-14884
-14605
-12824
-15821
-16498
-13772
-11271
-11336
-10394
-10770
-11776
-12180
-12922
-15460
-17888
-18067
-19671
-19153
-16413
-13305
-12056
-7102
254
4435
7423
12266
16116
15636
16388
17578
15627
11522
10952
11140
8900
7549
9373
11638
12524
16716
19078
18392
17707
20489
18928
12362
8648
7197
3066
-3520
-5419
-8568
-13618
-15873
-13435
-14356
-17045
-15639
-11932
-11105
-10925
-10174
-10638
-11310
-12203
-13402
-16436
-17540
-19154
-19630
-18067
-15285
-14023
-10912
-3562
1855
4744
8957
14504
15883
15933
17743
17366
13660
11571
12736
10678
7979
8580
11869
12408
14851
18880
19231
18135
19384
21107
14940
9602
7377
5509
-1245
-5186
-7086
-11557
-15241
-14278
-13227
-16391
-16780
-13761
-11528
-11674
-11083
-11376
-11730
-12016
-13175
-16055
-17392
-17801
-19722
-19356
-15999
-13688
-12739
-7076
283
3579
6382
12107
15873
15210
16248
18041
16005
12311
12786
12873
10184
8903
11462
12849
13478
17369
19016
17921
17615
20769
17708
11501
8353
7308
2143
-3461
-5287
-9160
-14076
-15116
-13113
-15650
-17865
-15725
-12664
-12745
-12156
-11494
-11733
-12192
-12636
-14103
-16218
-16971
-18876
-19198
-16852
-14194
-13753
-10165
-2750
2084
4699
9647
14561
15079
15612
18261
17514
13366
12450
14042
11945
9216
10496
13106
12927
15212
18455
18147
16678
18473
19313
13450
9042
7342
4881
-1356
-4348
-6951
-11729
-14860
-13997
-14539
-17502
-17434
-14818
-13445
-12759
-11811
-11937
-11686
-11640
-12825
-15035
-15380
-16964
-19214
-17994
-14414
-13487
-12394
-6093
505
3423
7408
13133
15338
14983
17337
18669
15468
12377
13257
12888
10424
9785
11918
12650
13802
17306
18156
17105
17130
19161
15656
10893
7768
5690
613
-3524
-6077
-10338
-14127
-14604
-13960
-16019
-16797
-15011
-13000
-12359
-11208
-11403
-11712
-12080
-12760
-14751
-15873
-16916
-19111
-18885
-15916
-13660
-12989
-8615
-2199
1955
5366
10677
14120
14323
16121
18501
16925
13377
13378
13814
11914
10497
11993
13337
13756
16891
18654
17957
16995
19016
17317
12351
8798
6902
2672
-2458
-4864
-8726
-13239
-15100
-14058
-15942
-17438
-16357
-13868
-13266
-11974
-11608
-11990
-12232
-12991
-14374
-15820
-16172
-18830
-19335
-16437
-13247
-13120
-9993
-3245
1415
4394
9580
13987
14004
15173
18365
17917
13549
12674
13984
12481
10256
11340
13430
13430
15853
18322
18357
16957
18271
17526
12863
9163
6811
2957
-2301
-4630
-8179
-12562
-14844
-13798
-15327
-16591
-15643
-13585
-13100
-11544
-10531
-11539
-12023
-12455
-13601
-15647
-15777
-17859
-19166
-17312
-13499
-12783
-10731
-4874
637
3742
8424
13179
13916
14313
17371
17846
13969
11884
13100
12404
10417
10876
12965
13360
15364
18506
18714
17718
18251
18622
13898
10350
7776
4398
-1525
-4189
-6896
-11321
-14500
-14176
-14665
-16641
-15861
-13998
-13173
-12361
-10735
-11088
-11799
-12686
-13582
-15161
-15830
-17843
-19507
-18041
-14738
-13514
-11749
-6442
-991
2443
7241
12155
13399
13587
16581
17846
14705
12073
12933
12576
10755
10628
12714
13182
14711
17907
18976
18254
18209
19021
15234
11520
8494
5638
-213
-3712
-6525
-10357
-14056
-14659
-14911
-16392
-16075
-14595
-13282
-12460
-10963
-11245
-11482
-12022
-13078
-14938
-15387
-16679
-18733
-18300
-15268
-13733
-12459
-7869
-2268
1289
5653
10999
13223
13488
15948
17898
15615
13079
13414
13525
11871
11527
13448
14353
15730
17645
18659
18210
18804
18210
14451
11296
9333
5754
110
-2611
-5786
-10149
-13595
-13176
-14984
-17259
-16865
-14551
-14504
-14109
-12533
-12349
-12757
-13089
-13138
-14658
-15093
-16581
-17233
-16375
-13848
-13354
-11432
-6759
-2008
994
5480
10168
11441
12425
15666
17105
14040
12625
14083
14147
11867
12380
14452
15023
16294
18300
18944
17690
18596
17652
14259
10659
8929
4885
50
-2700
-6171
-10428
-13223
-12808
-15094
-16306
-15824
-14021
-14297
-12806
-11951
-12623
-13011
-13020
-13646
-15302
-15200
-17027
-17570
-16042
-13085
-13320
-11253
-6368
-1970
849
5243
9334
9935
11854
15010
15967
12843
12564
13677
13646
11944
12658
13955
14707
16837
17947
18215
17390
19151
16917
14045
11098
9608
4557
380
-1955
-6065
-10536
-12968
-12389
-15511
-15853
-15220
-13372
-14145
-11822
-11095
-11856
-12507
-12549
-13335
-15172
-15177
-17511
-17723
-16520
-13729
-14092
-11197
-6516
-2301
809
5805
9444
9823
12092
15137
15362
12319
12729
13474
13111
11936
13639
14433
15533
17687
18995
18608
18453
19591
16588
13737
11218
9365
3269
250
-2639
-6717
-11489
-12165
-12739
-15739
-15511
-14110
-13097
-13978
-11076
-11207
-11830
-12865
-12355
-14144
-15035
-15527
-17582
-17819
-15690
-13400
-14024
-10387
-5794
-2005
788
6317
8509
8619
11306
14605
13524
10737
12293
12973
12307
11894
14481
14571
15934
18483
19619
18309
18581
19603
15768
12949
10777
8747
2008
-75
-2996
-7042
-11668
-11303
-12327
-15292
-14587
-12894
-12433
-13316
-10389
-11098
-11961
-13051
-12402
-14638
-15432
-16209
-17335
-17388
-14990
-13257
-12866
-8955
-4403
-1193
1830
6850
8300
8483
11214
14076
11899
10216
12010
13160
11497
12353
14960
15319
16423
18880
19744
17735
18849
18337
14841
10976
10286
6339
625
-1719
-4116
-8601
-12386
-10870
-12940
-14595
-14201
-11168
-12333
-11551
-9871
-10123
-11794
-12507
-12148
-14548
-15104
-16885
-16879
-16705
-13651
-13256
-11268
-7508
-3138
-588
3181
7169
7307
8217
11031
12938
9585
9491
11365
12359
10518
12896
15250
15915
17168
19316
19689
17830
19084
16790
13765
10211
9749
4198
443
-1933
-4534
-9075
-10692
-9874
-12991
-13363
-12388
-10398
-12410
-10314
-9808
-10526
-12283
-11977
-12923
-15004
-15365
-16468
-16364
-15430
-12769
-12374
-9562
-5746
-2259
18
3965
6477
6460
8084
10717
10421
8245
9488
11465
11034
10890
13777
15371
16276
17957
19365
17927
18189
18174
15310
11481
10214
7922
2316
-81
-2258
-5799
-10367
-9159
-10436
-12849
-13254
-10654
-10909
-11520
-9493
-9625
-10910
-12284
-11273
-13506
-14538
-16036
-15857
-15747
-13493
-12554
-11322
-7782
-3985
-1421
1141
5129
5659
6318
8586
10789
8249
7540
9710
11355
9866
11246
14242
15512
16570
18570
19566
17849
18638
17207
14602
10673
9789
5483
1453
-1125
-3480
-7482
-9989
-9107
-11496
-12374
-12016
-9920
-11443
-10193
-9275
-9980
-11809
-11849
-11981
-14400
-15219
-15839
-15410
-14991
-12538
-11418
-9423
-6061
-2429
-129
2424
4951
5525
6679
8653
8994
7268
7829
9895
10341
10051
12335
14433
15912
17147
18774
17992
17994
17672
15476
12091
10047
7962
2971
426
-2121
-4807
-9224
-8773
-9745
-11478
-12124
-10156
-9738
-10618
-8908
-8910
-9855
-11925
-10961
-12362
-13835
-15502
-14958
-14092
-12773
-11275
-9793
-6684
-3876
-751
1418
3785
4128
5068
6894
7978
6493
6062
8020
9848
9689
11120
13588
15402
16497
17973
18561
17212
17272
15307
13365
9815
8941
4693
1911
-677
-2596
-6089
-8152
-7979
-10376
-10598
-10890
-9219
-10992
-9529
-9559
-9852
-11705
-11979
-12165
-13673
-14159
-15324
-13938
-13046
-10705
-10145
-7385
-4649
-1988
209
2612
3902
3497
5333
6834
6659
5155
6768
8902
9537
10497
12881
14966
16150
17625
18436
17672
17432
15929
13533
10721
9487
6193
2564
861
-1199
-4354
-6994
-6254
-8608
-10152
-10225
-8650
-10325
-10450
-9258
-10166
-11981
-12643
-11665
-13722
-14349
-14745
-13684
-13024
-10785
-9429
-8215
-5404
-2652
-460
785
2847
2776
3716
5345
6337
4853
5447
8354
9659
9860
11891
14662
15539
16497
17694
17456
16014
15444
13564
10863
8567
7391
3880
1470
-171
-1975
-5173
-5972
-6460
-8607
-9463
-8880
-8667
-10427
-9550
-9734
-11025
-12758
-12081
-12680
-14170
-14181
-13521
-12489
-11456
-8786
-7656
-5759
-3400
-585
588
1633
2495
2805
3771
4684
4727
4315
6189
8718
9777
11114
13476
15964
16878
17444
17597
16855
15916
13187
11185
8516
7333
3641
1914
109
-1442
-4119
-4945
-4708
-7070
-7755
-8047
-6979
-9414
-9152
-9820
-10716
-12958
-13037
-12788
-14334
-14562
-14064
-11461
-10893
-8651
-7286
-4585
-3143
-917
799
1479
1457
1446
3123
3216
2884
2614
5007
7063
8493
10388
13024
15013
16537
17779
17803
16297
15463
13782
11149
8140
6664
4365
1588
460
-867
-2544
-4502
-3663
-5046
-6012
-6769
-6193
-7570
-8642
-8855
-10628
-12200
-13771
-13100
-14665
-14545
-14586
-12539
-10927
-8583
-6779
-5219
-2433
-945
915
1150
2119
954
1694
2246
2389
1458
2602
5581
7122
9137
11664
14791
16021
17429
17915
17172
15855
13872
11432
8498
6765
4316
1728
436
-567
-2053
-3704
-2806
-3637
-4759
-5456
-4866
-6147
-7646
-8124
-9855
-12006
-13646
-13126
-14435
-15129
-14680
-12622
-10937
-8936
-6477
-4852
-2619
-660
1280
1310
1485
960
1113
1318
1243
598
1139
3791
5960
7894
10502
13731
15542
17088
18017
17503
15668
14426
11961
8903
6186
4861
2217
281
-513
-1064
-2711
-3025
-2286
-3323
-4444
-4950
-4784
-6749
-7936
-9576
-11287
-13431
-13820
-13945
-14810
-14736
-13478
-10894
-9160
-6726
-5063
-2676
-802
1089
1728
1664
1200
823
1256
1088
833
756
2952
5561
7639
9900
12765
15782
16862
17606
17082
16464
14304
11371
8666
6221
4271
1067
333
-1006
-1653
-3578
-2445
-2330
-3430
-4450
-4264
-4406
-6688
-7202
-9282
-11044
-13656
-13020
-13798
-14448
-14610
-12489
-10101
-8367
-6035
-4352
-1970
-622
1484
1607
1537
410
538
653
333
-509
-94
2166
4476
6504
9004
12201
14754
16543
17557
17565
15973
14403
11737
9176
5883
4032
1265
122
-840
-1177
-2157
-2074
-1175
-1738
-2018
-2982
-3047
-5187
-6158
-8451
-10492
-13126
-14051
-14334
-14904
-14547
-13598
-10717
-8715
-5818
-4113
-1661
-167
1617
2270
1835
816
36
185
-593
-1314
-1500
364
2601
5010
7657
10691
13727
16278
17715
17758
16682
15502
12743
9702
6482
4280
1224
-727
-1318
-1925
-2741
-2964
-1362
-1690
-1622
-2209
-2042
-3852
-5045
-6944
-9519
-12003
-13785
-14245
-15343
-14842
-14453
-11932
-9621
-6629
-4701
-2158
122
1630
2743
2906
2276
664
752
391
-718
-1460
-38
2303
3925
6888
9789
12911
15075
17078
17379
16497
15855
12971
9917
6525
5208
1321
-872
-1724
-1930
-3444
-3518
-1442
-2113
-2243
-2302
-1127
-3566
-4492
-6067
-8305
-11349
-12691
-13132
-14961
-14910
-14223
-11584
-9961
-6946
-5090
-2465
-200
1806
2671
2732
2290
879
744
359
-786
-2229
-775
1727
3284
5363
8784
11983
14090
16169
17539
16549
15452
13563
11119
7256
4977
2174
-538
-1958
-2519
-2864
-3734
-2128
-2001
-1457
-1977
-1207
-2479
-3767
-5340
-7712
-9938
-12232
-12698
-14495
-14276
-14208
-11962
-10230
-7343
-5180
-2897
-320
1638
3153
3035
3165
1840
1537
742
116
-1339
-941
902
2770
4637
7203
10356
12794
14912
16198
16108
15093
13550
11067
8029
5134
2538
-534
-1906
-2733
-3153
-4083
-2862
-2050
-1723
-1860
-1504
-1915
-3316
-4546
-6863
-9050
-11436
-12190
-13519
-13945
-14011
-12400
-10283
-7899
-5830
-3645
-1082
818
2249
2880
2839
1729
1324
1167
447
-1034
-695
715
2571
4107
6848
9319
11907
14284
15815
15869
14923
14293
11577
9030
5926
4002
312
-1150
-2076
-2592
-3772
-3309
-2027
-2139
-1718
-1928
-1711
-3356
-3860
-6044
-8195
-10675
-11765
-12771
-13636
-13498
-12935
-10726
-8663
-6137
-4525
-1853
96
1698
2553
2928
2264
1328
1417
923
-237
-791
549
2038
3333
5663
8257
10556
12666
14688
15288
14488
13992
12226
9698
6593
4772
1733
-677
-1787
-2269
-3291
-3764
-2333
-2194
-1950
-2038
-1415
-2683
-3497
-4893
-6922
-9329
-10960
-11754
-12970
-13052
-12855
-11140
-9364
-6884
-5175
-2932
-710
1017
1971
2438
2417
1455
1185
948
358
-595
287
1906
3345
4954
7623
9985
11915
13686
14736
14399
13525
12587
10161
7504
5072
3214
206
-1043
-1877
-2464
-3590
-2707
-1979
-2246
-2230
-1911
-2051
-3705
-4426
-6402
-8415
-10784
-11458
-12602
-13203
-12997
-11819
-9849
-7876
-5420
-3656
-1148
461
1887
2227
2376
1609
907
670
91
-520
-438
1160
2684
4384
6699
9253
11339
12982
14275
14330
13549
12590
10537
7988
5315
3693
1076
-604
-1498
-1819
-2662
-2549
-1356
-1478
-1587
-1772
-1335
-2853
-3912
-5646
-7538
-9940
-11186
-11855
-12854
-12812
-12078
-9966
-8364
-5848
-4070
-1838
-177
1407
2071
2059
1704
880
658
81
-204
-549
556
2060
3841
5729
8197
10341
12135
13427
14001
13419
12477
10856
8379
5814
3738
1771
-658
-1440
-2038
-2341
-3047
-1711
-1308
-1337
-1643
-1126
-1730
-3358
-4540
-6535
-8529
-10802
-11199
-12420
-12549
-12324
-10340
-8677
-6449
-4233
-2148
-223
1123
2362
2222
2175
1205
859
43
-128
-606
-19
1291
3100
4883
6951
9459
11290
12826
13270
13478
12383
11403
8891
6682
4153
2505
194
-1175
-1835
-2351
-2719
-2472
-1238
-1512
-1442
-1638
-1365
-2862
-4073
-5874
-7795
-9930
-11151
-11759
-12447
-12198
-11159
-9062
-7218
-4901
-2916
-797
685
1946
2435
2324
1811
1135
660
127
-66
20
1029
2593
4395
6278
8395
10453
11974
12761
12931
12192
11166
9390
7150
4605
2748
1042
-765
-1676
-2171
-2308
-2795
-1718
-1335
-1343
-1924
-1572
-2254
-3790
-5379
-7075
-8910
-10910
-11359
-11971
-11934
-11587
-9557
-7701
-5587
-3584
-1425
313
1515
2471
2490
2304
1432
1068
330
264
-34
694
1923
3908
5588
7561
9778
11408
12556
12700
12714
11200
10050
7677
5770
3030
1659
-68
-1170
-1843
-2062
-2040
-2126
-1019
-1347
-1357
-2084
-1915
-3578
-5023
-6846
-8512
-10392
-11578
-11801
-12352
-11769
-10683
-8402
-6862
-4498
-2653
-653
668
1898
2325
2151
1894
1299
873
360
597
620
1728
3220
5350
6894
8958
10751
12224
12820
12812
11987
10556
9126
6782
4604
2369
1264
-544
-1074
-1530
-1492
-2030
-1334
-723
-1267
-1880
-2189
-2664
-4811
-6169
-7897
-9549
-11504
-11806
-12067
-12176
-11424
-9612
-7600
-5888
-3604
-1746
-35
1070
2074
2148
2027
1571
1007
516
443
570
970
2277
4127
5820
7467
9536
11085
12073
12377
12307
10938
9693
8013
5906
3365
1959
909
-550
-1128
-1229
-1007
-1567
-766
-814
-1231
-2160
-2390
-3647
-5617
-7094
-8741
-10209
-11732
-11779
-12059
-11428
-10367
-8492
-6735
-4824
-2764
-1257
266
1034
1679
1466
1642
1137
629
344
767
1166
1727
3352
5129
6769
8109
10045
11165
11847
11812
11429
9931
8721
7085
5041
2858
1824
885
-295
-599
-506
-587
-1133
-471
-712
-1462
-2550
-2992
-4533
-6355
-7816
-9265
-10704
-11802
-11725
-11606
-10689
-9573
-7760
-6053
-3990
-2214
-881
278
982
1359
1252
1389
799
386
392
1182
1561
2422
4066
5965
7289
8725
10324
11105
11426
11166
10671
8994
7892
6106
4441
2450
1815
757
-104
-300
-292
-528
-1099
-484
-1193
-1841
-3046
-3540
-5260
-6735
-8141
-9566
-10684
-11532
-11240
-11134
-9814
-8878
-7109
-5471
-3348
-1957
-901
247
782
1109
969
1257
647
548
792
1764
2145
3186
4807
6503
7652
8980
10273
10678
10899
10563
9946
8193
7373
5699
4199
2410
1996
975
128
21
-65
-469
-1244
-627
-1496
-2342
-3772
-4172
-5809
-7297
-8598
-9788
-10625
-11396
-10813
-10591
-9280
-8523
-6676
-5143
-3258
-2198
-1237
-134
332
717
657
1148
616
865
1322
2420
2735
3730
5300
6783
7823
8712
9977
10123
10444
9977
9616
7920
7140
5892
4622
3008
2249
1728
719
546
53
-115
-1305
-1072
-1963
-2837
-4435
-5071
-6196
-7729
-8801
-9805
-10080
-11015
-10300
-9954
-8628
-8177
-6499
-5040
-3582
-2652
-1822
-635
-333
338
385
1168
845
1443
1946
3112
3498
4352
5735
6918
7846
8362
9620
9522
9895
9453
9431
7766
7057
6280
5144
3548
2542
2483
1078
663
-77
-44
-1801
-1944
-2600
-3489
-5181
-5922
-6347
-7874
-8629
-9498
-9319
-10285
-9641
-9467
-8370
-7944
-6719
-5569
-4476
-3415
-2759
-1464
-905
-82
61
1122
1504
2034
2569
3725
4447
4870
6094
7135
7904
7961
9065
9290
9349
9075
9086
8198
7039
6822
5763
4585
3023
3100
1780
965
24
-283
-1697
-2791
-3112
-4223
-5329
-6594
-6547
-7730
-8177
-8955
-8669
-9139
-9163
-8927
-8182
-7471
-7188
-6167
-5240
-3997
-3557
-2214
-1314
-467
-64
1207
2122
2467
3053
4151
5027
5164
5991
6810
7368
7319
8080
8491
8520
8444
8717
8394
7481
7168
6690
5582
3951
3317
2423
1062
-296
-994
-2109
-3583
-4272
-4765
-5585
-6744
-6736
-6961
-7525
-8206
-7901
-8080
-8732
-8830
-8105
-7620
-7723
-7003
-5889
-4774
-4073
-2642
-1425
-465
328
1707
2768
3263
3716
4552
5309
5545
5781
6330
6781
6934
7108
7747
7983
8055
8324
8583
8168
7401
7402
6447
4947
3277
2958
1267
-471
-1747
-2367
-3975
-5240
-5220
-5740
-6550
-7090
-6273
-6798
-7277
-7465
-7206
-8084
-8664
-8293
-8067
-8212
-8085
-6819
-5866
-4704
-3487
-1752
-474
729
1975
3252
4103
4379
4835
5430
5878
5565
5780
6315
6629
6421
7077
7937
8098
8271
8975
9233
8170
7878
7380
5884
3526
2738
1553
-669
-2429
-2999
-3974
-5648
-5677
-5578
-6033
-6737
-5934
-5812
-6489
-6970
-6926
-7519
-8644
-8746
-8651
-8644
-8764
-7798
-6490
-5094
-3662
-2006
-210
1150
2421
3585
4704
4843
4865
5346
5848
5493
5155
5797
6105
6118
6430
7696
7850
8134
8904
9600
8666
7799
7666
6153
3962
2173
1528
-956
-2751
-3708
-4060
-5745
-6250
-5597
-5743
-6157
-5980
-5037
-5884
-6417
-6780
-6961
-8371
-9159
-9123
-9096
-9125
-8742
-7156
-5739
-4086
-2454
-306
1301
2581
3889
4998
5503
5237
5545
5735
5586
4966
5205
5682
5781
6188
7121
8180
8389
9396
10059
9866
8507
8062
7022
4604
2252
899
-621
-3160
-4100
-4534
-5281
-6417
-5556
-4970
-5332
-5428
-4671
-4809
-6173
-6487
-6989
-8144
-9814
-9696
-9608
-9643
-9382
-7822
-6078
-4508
-2418
-437
1453
2648
4142
5010
5600
5380
5297
5357
5292
4899
4564
5137
5582
6041
6584
7961
8578
9223
9885
10165
8965
7900
7226
5152
2452
537
-466
-2983
-4437
-4861
-5030
-6330
-5880
-4800
-4777
-5074
-4552
-4214
-5534
-6106
-6714
-7673
-9514
-9810
-9851
-9819
-9492
-8231
-6539
-4820
-2462
-501
1504
2988
4448
5194
5868
5926
5405
5073
5052
4848
4045
4522
5291
5865
6163
7790
8964
9283
9908
10413
9659
7739
7175
5269
2578
-166
-970
-2971
-4869
-5345
-5188
-5803
-6128
-4566
-4302
-4439
-4678
-4017
-5140
-6155
-7084
-8064
-9589
-10514
-10331
-10273
-9550
-8616
-6625
-4707
-2236
-335
1622
3255
4448
5173
5683
5856
5134
4765
4793
4750
4119
4413
5407
6092
6507
7779
9096
9446
9784
10253
9652
7960
6883
5452
2867
263
-970
-2531
-4483
-5218
-5080
-5560
-5944
-4864
-4221
-4465
-4678
-4219
-4944
-6183
-7084
-7879
-9261
-10362
-10295
-9952
-9347
-8452
-6600
-4653
-2382
-389
1569
3127
4290
5111
5682
5922
5300
4821
4718
4781
4204
4241
5135
5912
6437
7516
9062
9418
9798
10161
9865
8084
6754
5442
2835
163
-1446
-2500
-4680
-5346
-5270
-5220
-5790
-4776
-3953
-4240
-4520
-4362
-4761
-6399
-7219
-8183
-9214
-10545
-10396
-10025
-9293
-8355
-6614
-4475
-2391
-289
1428
3176
4173
5040
5476
5799
5251
4713
4623
4700
4295
4185
5117
5974
6673
7590
9135
9555
9989
10170
9968
8242
6764
5341
2924
360
-1543
-2490
-4529
-5105
-5363
-5024
-5583
-4742
-4134
-4172
-4406
-4573
-4833
-6314
-6998
-8286
-8975
-10290
-10257
-10111
-9176
-8201
-6703
-4615
-2543
-350
1139
3050
3986
4918
5223
5730
5241
4686
4542
4566
4367
4075
4978
5727
6654
7285
8791
9381
9808
9927
9676
8387
6653
5408
3015
714
-1557
-2405
-4263
-5098
-5511
-5167
-5427
-5129
-4303
-4257
-4280
-4794
-4714
-5959
-6776
-8078
-8626
-9755
-10127
-9845
-8964
-7877
-6719
-4474
-2482
-279
1159
3103
4029
4829
5245
5686
5301
4593
4526
4541
4500
4188
5058
5868
6808
7456
8794
9470
9722
9780
9423
8248
6384
5063
2854
590
-1657
-2597
-4099
-5103
-5468
-5248
-5320
-5352
-4578
-4524
-4569
-5205
-5141
-6052
-6936
-8072
-8645
-9401
-9948
-9550
-8818
-7659
-6651
-4483
-2515
-418
1064
2837
3992
4759
5296
5594
5496
4837
4775
4723
4843
4525
5150
5984
6894
7494
8459
9347
9497
9664
9156
8336
6439
5219
3134
1006
-1274
-2492
-3789
-5085
-5464
-5638
-5497
-5856
-5019
-4984
-4839
-5392
-5294
-5928
-6750
-7577
-8263
-8781
-9467
-9071
-8533
-7369
-6558
-4686
-2794
-747
758
2343
3656
4465
5150
5499
5648
5041
4977
4973
5151
4852
5197
5941
6717
7306
7967
8877
9070
9205
8694
8128
6516
5145
3294
1329
-790
-2365
-3528
-4854
-5427
-5830
-5625
-5965
-5439
-5205
-4958
-5501
-5559
-5786
-6483
-7431
-8090
-8355
-9013
-8854
-8218
-7148
-6476
-4824
-2740
-836
514
2083
3592
4454
5072
5556
5708
5264
5152
5219
5278
5077
5364
5970
6727
7322
7935
8572
8951
9021
8455
7769
6418
4949
3007
1289
-694
-2372
-3683
-4691
-5321
-5831
-5699
-5863
-5510
-5368
-5078
-5562
-5815
-5998
-6555
-7460
-8155
-8308
-8774
-8596
-7904
-6894
-6156
-4561
-2468
-802
561
2018
3497
4291
5079
5543
5654
5376
5473
5588
5504
5488
5665
6174
6794
7476
7843
8323
8740
8786
8121
7325
6184
4658
2731
1097
-669
-2351
-3743
-4595
-5236
-5819
-5900
-5975
-5715
-5677
-5546
-5916
-6058
-6232
-6715
-7463
-7975
-8065
-8390
-8080
-7422
-6529
-5764
-4126
-2232
-745
569
2070
3478
4256
5139
5640
5754
5534
5751
5814
5702
5586
5759
6164
6710
7250
7610
8003
8317
8307
7633
6836
5651
4250
2299
801
-928
-2431
-3902
-4598
-5313
-5916
-6102
-5988
-5750
-5922
-5719
-5932
-5897
-6258
-6500
-7192
-7575
-7732
-7777
-7501
-7010
-6111
-5315
-3682
-2086
-539
566
2149
3479
4370
5056
5606
5781
5555
5814
5865
5746
5386
5821
6217
6633
6974
7642
8007
8147
8154
7626
6744
5457
4197
2205
631
-1084
-2404
-4071
-4770
-5510
-6047
-6373
-6078
-5933
-6242
-5993
-5907
-5865
-6517
-6527
-7109
-7336
-7674
-7332
-7197
-6692
-5802
-4654
-3222
-1826
-238
941
2499
3619
4640
5146
5735
5784
5753
5858
5950
5637
5498
5970
6398
6612
7056
7745
7925
7971
7792
7293
5979
4969
3411
1761
-132
-1329
-2863
-4175
-4933
-5584
-6112
-6519
-5977
-6356
-6368
-6483
-5937
-6461
-6716
-6930
-7114
-7404
-7513
-6960
-6868
-6072
-5345
-3801
-2790
-1216
-20
1397
2641
3729
4574
5027
5611
5538
5749
5710
5885
5487
5742
6176
6588
6732
7271
7864
7847
7873
7533
6850
5436
4553
3001
1337
-404
-1404
-2890
-4035
-4742
-5308
-6008
-6206
-5901
-6301
-6523
-6527
-6157
-6684
-6854
-7094
-7045
-7338
-7054
-6689
-6219
-5590
-4561
-3244
-2102
-798
373
1797
2880
3881
4469
5124
5409
5510
5544
5720
5611
5447
5779
6279
6496
6633
7300
7645
7699
7419
7150
6164
5123
3942
2538
821
-586
-1726
-3068
-4047
-4884
-5420
-6021
-6003
-6237
-6416
-6632
-6434
-6546
-6739
-6922
-7016
-7075
-6992
-6653
-6359
-5745
-4998
-3900
-2847
-1564
-448
771
1950
3114
3918
4507
5046
5353
5482
5550
5688
5531
5540
5838
6287
6387
6633
7058
7340
7370
7069
6540
5601
4762
3525
2091
563
-626
-1916
-3171
-3984
-4807
-5493
-6013
-6001
-6295
-6525
-6584
-6537
-6644
-6799
-6762
-6925
-6823
-6663
-6253
-5923
-5229
-4382
-3478
-2405
-1261
-69
913
2090
3037
3836
4337
4903
5140
5228
5382
5517
5477
5472
5867
6189
6381
6632
7043
7199
7136
6810
6169
5280
4368
3064
1614
297
-847
-2176
-3266
-4008
-4786
-5455
-5845
-5920
-6315
-6471
-6545
-6558
-6766
-6783
-6702
-6779
-6613
-6357
-5840
-5465
-4622
-3854
-2863
-1871
-676
350
1302
2354
3178
3884
4336
4822
4926
5116
5279
5430
5354
5470
5865
6159
6402
6617
6892
6980
6917
6454
5711
4886
3888
2514
1190
34
-1129
-2476
-3321
-4044
-4770
-5488
-5716
-5914
-6313
-6469
-6543
-6528
-6825
-6671
-6658
-6491
-6464
-6040
-5558
-4970
-4260
-3471
-2386
-1458
-352
547
1662
2391
3167
3742
4293
4488
4612
4920
5081
5114
5124
5532
5760
6066
6298
6638
6632
6748
6578
6026
5126
4379
3372
1944
782
-230
-1323
-2654
-3204
-3921
-4631
-5371
-5398
-5723
-6114
-6252
-6256
-6314
-6579
-6337
-6389
-6179
-6175
-5645
-5250
-4534
-3928
-3088
-2042
-1042
-101
763
1833
2495
3128
3672
4206
4250
4419
4783
5024
4877
5040
5519
5804
5907
6247
6575
6466
6504
6354
5729
4655
4044
3028
1635
352
-455
-1587
-2794
-3354
-3984
-4726
-5426
-5363
-5761
-6048
-6319
-6192
-6368
-6387
-6259
-6195
-6010
-5825
-5278
-4855
-4065
-3542
-2673
-1738
-638
55
928
1910
2592
3080
3642
4252
4238
4450
4798
5102
4838
5087
5499
5711
5745
6076
6399
6199
6263
5979
5446
4338
3830
2628
1367
111
-659
-1855
-2886
-3371
-4034
-4681
-5254
-5135
-5628
-5806
-6112
-6013
-6299
-6192
-6177
-6103
-5931
-5634
-5124
-4606
-3749
-3205
-2335
-1371
-273
334
1149
1995
2623
3041
3620
4082
4086
4289
4741
4945
4749
4990
5416
5549
5560
5875
6042
5874
5776
5550
4865
3970
3306
2243
964
-114
-940
-2048
-2941
-3467
-4005
-4663
-5025
-5125
-5407
-5659
-5842
-5898
-6008
-5885
-5869
-5747
-5536
-5117
-4716
-4082
-3351
-2747
-2050
-1091
-138
430
1108
1917
2584
2947
3504
3934
4092
4222
4641
4821
4754
4903
5282
5470
5467
5701
5808
5762
5536
5252
4577
3797
3009
2008
812
-225
-1095
-2111
-2883
-3414
-3939
-4559
-4865
-5040
-5287
-5579
-5783
-5921
-5940
-5840
-5826
-5704
-5424
-4993
-4565
-3859
-3206
-2609
-1931
-921
-121
451
1110
1912
2523
2952
3534
3906
4127
4298
4723
4817
4844
4936
5242
5342
5371
5485
5520
5473
5209
4906
4237
3587
2740
1813
698
-273
-1255
-2190
-2897
-3487
-4058
-4584
-4822
-5041
-5172
-5373
-5491
-5627
-5486
-5376
-5328
-5270
-4934
-4602
-4197
-3601
-2955
-2432
-1788
-847
-47
573
1182
1970
2561
3056
3528
3891
4069
4208
4477
4581
4605
4580
4759
4914
4965
4985
4962
5005
4763
4413
3818
3268
2431
1556
569
-326
-1277
-2106
-2744
-3330
-3806
-4270
-4492
-4707
-4776
-5036
-5163
-5250
-5119
-5146
-5125
-4950
-4653
-4349
-3957
-3270
-2730
-2164
-1506
-605
55
633
1248
1955
2487
2925
3385
3720
3907
4087
4342
4446
4428
4412
4548
4617
4591
4496
4504
4408
4178
3849
3417
2815
2074
1411
547
-331
-1220
-1841
-2509
-3072
-3547
-3880
-4190
-4476
-4539
-4696
-4833
-5026
-4869
-4840
-4754
-4665
-4316
-4032
-3690
-3125
-2533
-1985
-1503
-717
-66
540
1026
1653
2160
2646
3096
3474
3784
3952
4213
4345
4499
4396
4375
4353
4397
4238
4082
3972
3785
3473
3077
2677
1980
1293
539
-120
-1014
-1710
-2352
-2811
-3372
-3780
-4080
-4304
-4436
-4610
-4638
-4744
-4561
-4472
-4231
-4122
-3807
-3515
-3109
-2678
-2235
-1749
-1271
-630
-91
512
993
1563
2063
2606
3052
3385
3695
3930
4143
4200
4280
4182
4067
4016
4005
3856
3577
3489
3309
3094
2699
2335
1668
1017
407
-284
-1103
-1914
-2397
-2970
-3378
-3846
-4050
-4385
-4436
-4450
-4464
-4530
-4398
-4097
-3927
-3675
-3436
-3064
-2838
-2361
-1897
-1464
-1079
-490
153
695
1234
1721
2260
2723
3219
3474
3711
3887
4059
4078
4044
3967
3793
3730
3656
3560
3285
3211
3066
2851
2498
2182
1649
933
297
-361
-1201
-2042
-2600
-3102
-3645
-3940
-4092
-4259
-4414
-4244
-4119
-4121
-4063
-3828
-3604
-3486
-3250
-3083
-2839
-2548
-2075
-1694
-1229
-639
31
700
1341
1942
2453
3003
3442
3714
3841
3986
4001
3924
3848
3781
3572
3439
3436
3440
3281
3208
3154
2936
2636
2328
1905
1151
435
-267
-992
-1875
-2540
-3165
-3661
-4045
-4212
-4384
-4471
-4366
-4202
-4020
-3869
-3612
-3510
-3285
-3114
-2899
-2883
-2643
-2347
-1983
-1600
-988
-294
369
1118
1893
2625
3162
3658
3963
4116
4140
4077
3858
3548
3329
3111
2961
2872
2864
2846
2918
3021
2973
2788
2542
2224
1645
1023
268
-552
-1408
-2073
-2740
-3388
-3860
-4063
-4184
-4236
-4113
-3913
-3708
-3442
-3167
-3037
-2978
-2874
-2807
-2853
-2863
-2744
-2536
-2229
-1682
-1011
-270
568
1494
2313
3003
3601
3974
4142
4134
4045
3719
3369
3073
2854
2629
2484
2566
2607
2746
2823
2922
2790
2646
2319
1852
1184
471
-331
-1165
-1911
-2609
-3216
-3703
-3896
-4024
-3998
-3851
-3564
-3297
-3012
-2757
-2617
-2552
-2538
-2584
-2717
-2753
-2727
-2598
-2333
-1810
-1163
-395
432
1334
2118
2810
3345
3713
3848
3840
3708
3436
3152
2867
2720
2492
2452
2422
2572
2616
2683
2650
2595
2402
2043
1604
981
357
-407
-1054
-1769
-2375
-2942
-3226
-3434
-3526
-3501
-3285
-3020
-2778
-2515
-2316
-2225
-2235
-2248
-2371
-2547
-2694
-2683
-2591
-2354
-1951
-1346
-657
118
942
1700
2302
2788
3171
3372
3343
3220
3053
2845
2602
2460
2356
2306
2318
2434
2554
2591
2606
2537
2355
1984
1579
1015
377
-348
-997
-1623
-2160
-2626
-2921
-3061
-3064
-2935
-2739
-2488
-2258
-2022
-1903
-1880
-1966
-2066
-2219
-2399
-2538
-2511
-2388
-2163
-1773
-1212
-609
16
710
1361
1847
2243
2590
2782
2786
2737
2685
2542
2396
2298
2277
2229
2253
2311
2385
2370
2334
2235
2005
1680
1270
815
247
-332
-904
-1406
-1890
-2255
-2496
-2591
-2631
-2520
-2323
-2059
-1860
-1657
-1554
-1523
-1582
-1688
-1881
-2108
-2232
-2276
-2214
-2077
-1756
-1341
-774
-205
389
900
1391
1787
2069
2206
2253
2243
2167
2100
2031
2048
2026
2094
2212
2383
2453
2469
2457
2325
2070
1686
1280
704
131
-435
-931
-1455
-1907
-2163
-2312
-2363
-2366
-2142
-1938
-1689
-1480
-1245
-1164
-1187
-1219
-1344
-1531
-1768
-1865
-1938
-1879
-1771
-1455
-1057
-589
-115
398
849
1185
1426
1618
1689
1632
1540
1482
1416
1384
1420
1530
1622
1792
2009
2167
2183
2155
2061
1830
1503
1078
588
24
-411
-900
-1305
-1732
-1889
-2024
-1962
-1897
-1678
-1464
-1180
-924
-752
-665
-706
-738
-872
-1026
-1246
-1379
-1416
-1357
-1214
-961
-612
-230
174
571
858
1041
1139
1207
1134
1009
852
783
708
707
798
951
1124
1312
1562
1691
1772
1739
1641
1388
1072
707
245
-210
-651
-1018
-1357
-1585
-1698
-1747
-1671
-1505
-1296
-1136
-912
-709
-605
-595
-628
-651
-777
-844
-925
-936
-904
-721
-477
-220
99
417
750
1000
1186
1236
1232
1207
1127
962
793
707
637
610
629
713
792
928
1063
1156
1182
1148
1077
864
586
225
-141
-596
-999
-1381
-1661
-1864
-1934
-1899
-1789
-1558
-1306
-996
-786
-588
-493
-403
-460
-532
-639
-689
-743
-711
-548
-315
-31
288
680
1022
1309
1514
1625
1617
1567
1481
1304
1102
935
837
728
659
639
674
729
801
859
854
854
796
663
420
151
-219
-599
-988
-1340
-1699
-1959
-2084
-2116
-2078
-1920
-1686
-1464
-1195
-965
-755
-679
-576
-597
-629
-668
-641
-667
-616
-408
-102
216
526
943
1274
1594
1786
1937
1902
1859
1762
1642
1440
1259
1131
1021
986
926
925
906
977
962
948
835
700
480
218
-100
-522
-932
-1311
-1606
-1953
-2165
-2275
-2255
-2212
-2043
-1828
-1627
-1390
-1162
-989
-931
-845
-804
-813
-830
-779
-715
-597
-361
-33
305
664
1044
1400
1652
1843
1942
1959
1869
1790
1648
1503
1350
1268
1168
1138
1153
1185
1188
1195
1244
1186
1076
877
675
313
-40
-466
-862
-1287
-1642
-1930
-2136
-2229
-2267
-2195
-2067
-1873
-1718
-1516
-1346
-1237
-1207
-1140
-1086
-1094
-1096
-1024
-876
-717
-444
-120
221
581
965
1307
1529
1721
1821
1868
1814
1765
1650
1515
1410
1333
1272
1240
1289
1313
1356
1368
1418
1371
1250
1060
818
496
84
-322
-759
-1127
-1481
-1746
-1940
-2010
-2013
-1977
-1860
-1709
-1583
-1477
-1370
-1328
-1343
-1332
-1294
-1301
-1307
-1210
-1033
-832
-568
-236
98
444
795
1115
1346
1506
1611
1656
1679
1618
1541
1410
1373
1287
1241
1233
1292
1300
1327
1408
1433
1372
1256
1121
880
565
191
-201
-597
-964
-1288
-1522
-1695
-1778
-1816
-1736
-1649
-1556
-1488
-1385
-1318
-1331
-1360
-1377
-1343
-1367
-1300
-1208
-1029
-822
-535
-218
92
410
696
978
1178
1336
1396
1452
1468
1432
1377
1318
1282
1226
1197
1214
1243
1223
1247
1277
1257
1162
1071
912
699
424
144
-193
-537
-838
-1093
-1285
-1469
-1535
-1566
-1494
-1419
-1326
-1261
-1180
-1106
-1126
-1159
-1207
-1210
-1263
-1212
-1118
-993
-778
-477
-170
111
443
735
965
1137
1256
1308
1282
1231
1178
1093
1017
970
940
945
1001
1078
1118
1157
1191
1208
1136
1019
856
631
373
85
-179
-516
-786
-985
-1097
-1226
-1285
-1278
-1174
-1111
-1070
-1030
-994
-1005
-1070
-1103
-1180
-1250
-1297
-1228
-1149
-1024
-809
-507
-218
75
396
707
926
1095
1222
1295
1264
1228
1147
1059
949
910
877
849
861
937
1004
1027
1070
1055
1021
898
758
511
254
-49
-306
-574
-829
-1019
-1127
-1136
-1162
-1131
-1064
-944
-907
-879
-888
-919
-964
-1038
-1086
-1157
-1156
-1131
-1018
-863
-641
-402
-123
194
465
711
910
1093
1195
1251
1244
1209
1166
1063
976
914
884
817
810
843
886
905
896
868
794
692
520
306
36
-199
-455
-677
-869
-995
-1095
-1163
-1120
-1072
-996
-979
-912
-848
-815
-844
-887
-897
-938
-940
-964
-889
-830
-674
-491
-257
-9
245
523
742
953
1071
1168
1201
1221
1175
1082
1014
951
896
834
801
781
773
801
810
764
727
673
564
387
213
20
-207
-440
-649
-812
-954
-1054
-1124
-1139
-1101
-1019
-970
-950
-876
-823
-820
-849
-849
-897
-925
-906
-838
-755
-614
-436
-205
67
323
551
731
912
1044
1122
1153
1159
1115
1054
1024
996
925
837
813
830
813
782
756
739
681
607
505
363
175
-16
-190
-400
-606
-809
-949
-1051
-1115
-1156
-1131
-1057
-968
-888
-840
-779
-746
-725
-765
-824
-845
-820
-803
-746
-598
-429
-228
10
269
469
634
829
961
1030
1041
1106
1082
1015
952
910
840
757
722
698
705
712
729
729
710
692
588
429
268
82
-119
-344
-541
-730
-817
-920
-956
-987
-955
-909
-855
-792
-772
-751
-763
-747
-807
-802
-833
-811
-797
-673
-531
-366
-188
34
237
364
541
673
767
767
830
863
857
804
798
781
710
686
651
658
637
620
602
585
601
543
460
340
249
110
-39
-201
-375
-521
-641
-683
-764
-811
-813
-751
-737
-711
-674
-613
-595
-616
-623
-597
-568
-575
-582
-524
-392
-266
-137
2
183
364
532
654
693
713
716
733
690
583
511
509
517
476
470
459
500
487
483
458
424
367
294
225
120
21
-87
-172
-311
-406
-494
-553
-638
-679
-715
-689
-679
-639
-632
-597
-549
-481
-444
-443
-425
-390
-314
-266
-189
-115
15
160
308
425
518
602
698
747
704
663
621
601
525
470
381
360
342
331
292
237
228
196
188
106
28
-50
-78
-163
-263
-359
-432
-507
-583
-630
-645
-675
-686
-661
-599
-547
-515
-434
-372
-313
-264
-229
-204
-125
-57
-1
65
172
288
383
468
542
605
651
692
728
703
665
648
631
553
471
417
359
291
238
185
105
52
16
-54
-122
-185
-222
-292
-357
-408
-476
-560
-616
-635
-661
-660
-675
-657
-624
-537
-493
-452
-396
-342
-291
-231
-146
-89
-16
87
191
277
368
449
496
555
607
663
652
679
685
701
658
632
582
535
488
425
360
282
240
153
99
9
-68
-163
-237
-322
-397
-463
-541
-607
-675
-708
-720
-730
-734
-703
-668
-649
-614
-557
-519
-491
-421
-340
-265
-191
-83
36
144
218
319
421
486
541
597
683
741
765
797
823
817
793
745
676
609
541
478
406
330
306
247
142
40
-36
-123
-246
-355
-445
-514
-614
-680
-722
-762
-825
-860
-839
-839
-834
-797
-753
-714
-647
-565
-495
-412
-297
-161
-59
24
138
256
338
406
484
558
609
685
772
798
830
886
945
927
901
841
832
784
679
542
454
414
320
211
93
33
-60
-138
-229
-334
-453
-550
-628
-701
-781
-901
-961
-947
-966
-989
-1016
-967
-895
-841
-788
-717
-568
-475
-356
-221
-99
-2
117
239
327
406
500
604
670
762
832
927
975
977
1011
1011
995
892
829
749
687
577
468
372
315
261
135
33
-65
-124
-241
-369
-512
-608
-685
-773
-881
-952
-957
-962
-980
-978
-951
-893
-857
-791
-745
-649
-548
-430
-323
-194
-49
64
176
269
371
437
533
606
670
738
847
899
959
982
1009
995
962
888
790
736
629
550
423
352
235
169
101
4
-99
-183
-254
-378
-498
-607
-714
-818
-894
-937
-968
-958
-938
-917
-879
-819
-776
-740
-695
-621
-515
-417
-304
-206
-63
43
170
270
378
449
530
609
683
768
839
895
935
999
1010
995
950
908
806
737
637
519
415
314
228
117
27
-64
-138
-249
-357
-453
-562
-667
-765
-845
-921
-967
-984
-966
-945
-913
-864
-791
-716
-643
-572
-481
-404
-317
-226
-131
-19
87
194
272
409
506
599
666
754
825
885
928
942
971
969
953
906
865
762
673
586
477
343
240
148
49
-42
-151
-262
-337
-432
-561
-679
-759
-833
-906
-963
-1002
-1024
-1022
-986
-960
-894
-830
-722
-612
-493
-400
-310
-201
-85
24
98
193
294
410
500
608
689
768
866
948
981
1034
1081
1091
1071
1046
1002
895
790
680
558
396
264
131
16
-92
-197
-294
-402
-485
-585
-657
-746
-826
-919
-973
-1013
-1059
-1099
-1125
-1095
-1057
-976
-912
-789
-654
-513
-407
-280
-150
-54
30
133
259
342
418
509
647
752
831
923
1009
1083
1136
1174
1170
1167
1124
1075
979
863
740
598
451
296
156
16
-97
-212
-305
-382
-469
-536
-617
-721
-797
-878
-964
-1061
-1118
-1172
-1191
-1174
-1133
-1067
-966
-856
-720
-582
-456
-340
-227
-113
-9
106
207
322
431
538
635
746
858
956
1039
1103
1190
1235
1255
1241
1203
1136
1036
932
784
653
493
356
199
79
-78
-205
-310
-403
-482
-589
-647
-729
-794
-904
-986
-1074
-1162
-1223
-1262
-1256
-1245
-1167
-1090
-948
-822
-664
-512
-363
-229
-106
42
130
248
328
442
524
628
744
858
952
1043
1154
1232
1298
1295
1296
1264
1198
1098
967
818
666
537
376
216
62
-51
-167
-282
-396
-485
-551
-620
-710
-816
-905
-1011
-1097
-1198
-1271
-1331
-1321
-1295
-1239
-1168
-1036
-874
-702
-548
-395
-234
-87
55
146
252
328
439
515
622
724
845
956
1063
1166
1250
1315
1332
1349
1295
1222
1106
984
824
667
521
371
231
89
-16
-113
-199
-298
-389
-467
-551
-650
-776
-897
-1010
-1112
-1221
-1315
-1361
-1368
-1343
-1294
-1199
-1058
-897
-736
-566
-385
-217
-67
54
167
257
343
428
513
597
707
831
935
1045
1160
1250
1306
1345
1329
1278
1205
1091
936
756
613
462
321
175
69
-19
-91
-162
-250
-320
-416
-514
-638
-756
-899
-1013
-1131
-1236
-1316
-1340
-1352
-1330
-1255
-1148
-1026
-874
-702
-537
-369
-212
-59
67
170
270
361
436
519
606
710
810
926
1036
1138
1229
1293
1308
1289
1251
1163
1030
893
725
574
437
306
179
87
23
-56
-137
-219
-287
-390
-504
-631
-749
-881
-1017
-1131
-1234
-1314
-1346
-1363
-1329
-1261
-1164
-1037
-882
-723
-579
-414
-263
-112
-3
112
216
319
418
505
605
711
825
934
1051
1134
1221
1275
1288
1259
1210
1138
1009
871
721
604
469
345
231
147
81
4
-87
-195
-268
-366
-465
-594
-719
-837
-941
-1039
-1133
-1207
-1242
-1235
-1206
-1144
-1068
-964
-824
-692
-563
-441
-292
-160
-47
58
149
256
354
448
532
626
736
854
960
1044
1111
1160
1182
1183
1117
1044
945
852
727
615
504
388
303
193
111
21
-58
-170
-255
-358
-470
-572
-683
-790
-906
-983
-1065
-1113
-1148
-1147
-1135
-1077
-990
-902
-799
-683
-558
-450
-330
-226
-130
-39
66
146
248
333
447
550
672
784
899
989
1051
1098
1102
1099
1048
988
899
824
723
626
519
418
314
226
140
41
-51
-139
-225
-323
-425
-537
-632
-731
-818
-900
-970
-1006
-1018
-1015
-993
-940
-872
-785
-692
-600
-508
-417
-319
-235
-146
-61
37
117
208
312
424
522
625
733
832
906
964
992
999
986
937
880
812
745
651
571
480
392
293
215
125
40
-49
-139
-219
-316
-402
-497
-581
-686
-759
-829
-871
-913
-930
-923
-889
-851
-803
-731
-665
-592
-512
-414
-338
-268
-174
-70
2
78
174
276
388
483
597
700
813
912
971
1004
1008
999
960
889
792
711
615
505
406
318
235
160
97
22
-65
-139
-222
-321
-432
-541
-631
-722
-808
-869
-904
-917
-930
-924
-890
-826
-755
-691
-615
-518
-426
-334
-245
-150
-64
29
108
186
264
357
444
534
638
731
822
895
957
988
995
971
918
841
738
631
521
409
312
218
137
64
14
-51
-107
-183
-255
-358
-448
-535
-629
-714
-803
-852
-886
-886
-901
-872
-836
-783
-706
-632
-546
-473
-377
-286
-185
-106
-21
54
143
217
289
359
433
524
601
685
769
839
889
938
949
932
888
820
735
638
534
419
327
231
147
71
8
-63
-145
-207
-282
-363
-453
-537
-634
-708
-782
-843
-879
-900
-910
-900
-859
-805
-734
-660
-585
-495
-391
-289
-194
-106
-8
98
186
268
349
440
519
599
671
751
820
885
927
946
951
930
885
806
704
596
499
388
275
175
89
-1
-73
-157
-243
-333
-414
-507
-610
-691
-765
-817
-871
-896
-909
-896
-875
-832
-788
-728
-653
-568
-469
-380
-270
-172
-70
29
135
221
316
410
508
595
684
768
839
897
949
977
977
961
924
867
781
688
584
480
374
272
165
78
-3
-89
-172
-260
-348
-434
-534
-627
-728
-811
-861
-904
-936
-945
-924
-884
-827
-770
-700
-611
-510
-425
-334
-235
-139
-62
10
91
172
254
342
431
533
630
729
814
884
938
976
984
964
923
847
767
662
563
441
329
225
139
55
-28
-97
-159
-222
-308
-385
-474
-566
-654
-749
-822
-899
-942
-961
-959
-943
-901
-827
-749
-650
-562
-459
-354
-251
-161
-81
-3
68
149
215
282
364
470
576
677
778
881
961
1019
1052
1048
1025
965
890
782
678
566
452
342
241
147
65
-2
-82
-144
-215
-283
-374
-456
-548
-645
-736
-818
-881
-938
-970
-995
-978
-952
-903
-849
-766
-671
-576
-479
-387
-292
-206
-123
-56
18
112
221
330
450
579
718
850
956
1048
1099
1135
1130
1102
1044
972
873
779
683
582
492
392
301
196
109
14
-62
-162
-250
-342
-426
-515
-617
-716
-822
-893
-974
-1027
-1081
-1103
-1078
-1039
-975
-906
-798
-695
-589
-511
-417
-329
-258
-190
-99
7
129
273
416
564
719
869
991
1088
1140
1180
1180
1155
1083
1008
916
834
734
630
544
455
358
245
149
39
-62
-165
-257
-356
-447
-528
-615
-705
-800
-875
-938
-996
-1049
-1065
-1061
-1013
-955
-877
-781
-676
-569
-475
-382
-305
-224
-142
-50
50
168
296
431
566
708
833
941
1031
1095
1125
1134
1099
1047
970
882
785
674
597
503
422
326
248
156
64
-37
-139
-242
-340
-438
-537
-629
-719
-798
-871
-929
-977
-1000
-1000
-987
-941
-879
-808
-718
-630
-548
-464
-376
-301
-222
-132
-34
57
171
285
411
528
654
768
873
953
1007
1038
1050
1024
973
899
805
718
629
542
467
395
325
250
186
102
13
-77
-187
-292
-408
-503
-610
-702
-784
-841
-886
-911
-932
-914
-874
-829
-765
-705
-616
-541
-457
-397
-318
-242
-162
-96
-14
71
158
277
379
486
595
708
795
859
897
909
890
855
798
731
652
579
517
466
402
347
295
223
146
67
-13
-107
-195
-285
-374
-466
-537
-618
-684
-748
-795
-834
-856
-851
-835
-795
-745
-663
-578
-478
-398
-304
-215
-135
-69
-13
60
119
192
270
369
479
578
684
763
835
873
885
861
821
766
707
641
568
508
439
386
326
252
173
97
27
-51
-133
-214
-284
-366
-439
-516
-595
-662
-734
-793
-844
-874
-896
-875
-845
-785
-714
-622
-530
-429
-337
-249
-163
-93
-26
41
110
173
256
344
446
548
643
725
806
856
881
886
863
826
777
721
647
564
482
395
307
215
124
43
-32
-97
-162
-216
-272
-338
-404
-477
-565
-650
-724
-788
-829
-841
-832
-798
-736
-657
-574
-497
-413
-350
-286
-232
-172
-106
-38
41
116
207
298
389
467
536
595
661
715
764
797
826
844
844
818
754
673
568
454
322
211
96
18
-45
-88
-130
-162
-200
-251
-323
-422
-506
-608
-697
-775
-816
-833
-805
-762
-690
-611
-529
-450
-388
-333
-309
-273
-246
-204
-154
-75
11
118
218
313
406
479
547
594
646
690
737
777
809
828
825
796
740
657
553
438
321
200
99
17
-51
-106
-145
-194
-251
-317
-390
-489
-589
-688
-762
-812
-828
-808
-768
-700
-638
-555
-484
-423
-395
-371
-344
-311
-281
-233
-164
-77
27
122
228
333
432
509
581
631
684
736
768
772
777
775
761
715
648
583
516
443
351
269
195
140
67
-6
-81
-161
-251
-342
-449
-552
-633
-696
-736
-752
-754
-727
-692
-662
-618
-576
-526
-482
-432
-389
-337
-279
-224
-170
-101
-48
27
97
171
260
356
457
537
618
689
750
772
772
743
709
659
599
536
485
439
398
360
328
282
227
156
64
-37
-150
-263
-374
-468
-554
-608
-646
-663
-672
-676
-678
-667
-658
-635
-600
-558
-499
-433
-369
-314
-265
-220
-172
-123
-59
12
94
192
303
415
507
594
657
706
723
735
720
689
662
629
596
557
525
467
424
365
315
244
168
79
-15
-89
-191
-288
-383
-458
-538
-606
-670
-709
-735
-752
-748
-736
-706
-665
-610
-553
-493
-438
-377
-319
-281
-228
-162
-93
-11
78
173
280
387
485
571
636
691
721
747
750
752
741
723
701
660
620
545
481
402
326
248
176
104
40
-11
-86
-161
-253
-345
-444
-535
-629
-700
-749
-768
-765
-743
-709
-663
-620
-579
-554
-524
-491
-468
-421
-377
-299
-207
-90
32
148
263
372
466
528
588
627
659
680
700
716
730
741
733
702
647
582
507
420
324
241
180
142
103
66
24
-29
-105
-207
-331
-449
-561
-654
-725
-753
-747
-717
-675
-621
-575
-549
-543
-560
-578
-599
-602
-585
-529
-430
-294
-150
1
148
281
378
456
498
527
545
566
584
616
652
696
747
767
764
738
694
615
527
432
358
292
241
198
163
130
75
3
-90
-193
-309
-403
-490
-557
-600
-617
-605
-589
-578
-575
-565
-588
-619
-659
-683
-686
-659
-609
-524
-399
-261
-110
34
162
244
320
373
414
429
449
481
527
577
626
667
707
722
708
678
628
567
490
429
356
295
238
191
131
58
-19
-98
-174
-268
-350
-427
-475
-511
-534
-545
-546
-543
-536
-541
-563
-581
-586
-590
-591
-562
-509
-425
-328
-221
-108
12
115
200
264
321
363
403
435
459
486
527
558
573
582
577
557
532
498
445
392
339
303
246
195
137
71
9
-56
-134
-201
-261
-320
-373
-415
-450
-476
-489
-502
-509
-521
-528
-537
-541
-540
-531
-516
-472
-418
-350
-266
-169
-69
22
112
196
272
337
393
435
476
508
526
551
568
576
576
588
595
582
561
517
463
408
358
287
221
161
101
43
-24
-98
-171
-242
-313
-375
-432
-469
-499
-513
-522
-531
-543
-555
-570
-578
-569
-555
-524
-481
-418
-351
-260
-192
-112
-39
34
93
142
209
264
329
367
410
452
488
515
526
529
530
525
506
495
470
455
424
386
335
283
213
126
49
-36
-100
-171
-225
-274
-303
-323
-338
-354
-376
-391
-407
-419
-439
-454
-462
-451
-433
-405
-361
-308
-258
-204
-159
-116
-69
-36
3
57
104
156
204
245
283
302
318
329
330
335
351
357
366
369
385
390
377
343
293
241
187
120
48
-19
-70
-113
-154
-191
-224
-253
-271
-289
-313
-330
-341
-347
-346
-334
-315
-282
-254
-217
-190
-171
-153
-133
-110
-94
-69
-28
24
76
135
194
231
263
283
288
279
271
256
258
252
258
263
281
289
296
279
246
211
159
114
51
-5
-73
-113
-162
-204
-246
-283
-319
-339
-347
-361
-367
-360
-337
-322
-296
-271
-227
-191
-144
-100
-64
-25
4
25
51
76
100
146
188
238
279
325
357
370
370
365
353
330
307
290
282
273
260
234
203
169
129
92
39
-16
-73
-125
-180
-240
-305
-366
-415
-458
-486
-503
-504
-497
-475
-454
-436
-416
-388
-348
-306
-256
-193
-120
-42
24
75
128
183
228
259
295
326
369
413
455
487
508
532
538
530
501
471
437
393
352
316
283
246
208
165
119
70
12
-49
-126
-204
-277
-350
-416
-479
-530
-565
-573
-580
-581
-568
-549
-526
-499
-478
-457
-410
-364
-303
-238
-169
-94
-16
54
115
174
217
273
316
353
390
434
482
517
539
550
562
548
516
468
427
384
343
298
268
242
215
178
121
66
2
-69
-148
-225
-301
-368
-411
-453
-489
-505
-515
-517
-515
-504
-503
-491
-477
-448
-419
-381
-329
-274
-212
-149
-87
-29
32
91
155
215
261
310
361
411
450
479
503
515
531
532
515
482
449
415
373
320
287
265
230
192
151
102
51
-10
-93
-168
-233
-297
-350
-393
-429
-450
-451
-448
-441
-448
-449
-444
-443
-443
-437
-417
-386
-340
-288
-221
-159
-95
-37
27
85
139
192
244
298
353
405
444
482
504
524
523
519
497
473
440
403
367
329
300
267
240
208
167
113
46
-33
-110
-184
-254
-312
-359
-400
-425
-440
-457
-472
-492
-507
-515
-514
-507
-483
-449
-402
-356
-308
-266
-208
-151
-105
-44
31
98
165
232
281
332
378
426
461
488
498
519
528
520
490
466
434
393
346
311
280
234
193
137
79
23
-32
-99
-162
-230
-290
-337
-385
-425
-455
-478
-502
-514
-520
-517
-498
-472
-433
-386
-338
-286
-236
-189
-136
-85
-38
13
66
118
179
227
279
336
375
409
442
462
468
472
461
444
428
409
380
344
300
258
212
160
111
61
13
-27
-61
-105
-146
-188
-237
-284
-329
-382
-413
-440
-457
-455
-450
-437
-405
-365
-316
-265
-217
-174
-129
-85
-36
3
41
77
128
174
220
264
296
345
379
395
405
418
411
407
378
347
316
278
240
199
170
133
112
69
37
-5
-41
-79
-119
-159
-198
-226
-265
-291
-342
-367
-400
-417
-439
-454
-452
-432
-392
-366
-319
-271
-218
-177
-131
-94
-60
-26
-2
28
63
104
164
216
268
316
369
405
427
425
415
400
373
346
317
290
261
240
221
191
166
140
111
80
36
-7
-49
-84
-115
-158
-201
-227
-254
-277
-312
-345
-363
-370
-380
-383
-373
-345
-319
-292
-264
-235
-192
-156
-115
-86
-45
4
59
96
128
173
227
279
313
346
377
392
391
390
379
367
357
338
315
292
272
240
196
145
102
69
21
-26
-61
-94
-137
-173
-222
-270
-306
-346
-386
-414
-434
-437
-426
-416
-395
-371
-338
-308
-274
-234
-194
-161
-125
-80
-33
20
76
137
196
258
316
362
393
413
425
443
447
445
442
438
420
394
365
330
288
228
183
134
86
36
-19
-80
-140
-189
-231
-274
-318
-349
-375
-402
-435
-457
-472
-476
-472
-451
-417
-374
-330
-288
-249
-223
-199
-174
-147
-107
-52
7
63
133
209
269
323
364
400
417
431
438
442
428
416
397
387
367
339
316
285
252
199
151
100
50
-3
-60
-120
-170
-223
-269
-304
-340
-368
-387
-391
-381
-380
-388
-363
-350
-342
-309
-278
-253
-216
-162
-121
-79
-41
-1
39
81
117
162
206
254
304
337
363
387
410
420
418
411
407
389
353
313
270
225
190
150
96
48
10
-28
-73
-130
-190
-236
-301
-351
-388
-419
-441
-444
-447
-449
-437
-419
-387
-364
-333
-294
-243
-204
-153
-99
-55
0
59
119
172
218
255
299
335
362
379
400
422
437
437
440
444
428
403
372
326
290
256
211
155
94
44
-12
-68
-144
-191
-244
-285
-325
-353
-379
-403
-428
-463
-471
-480
-471
-457
-431
-395
-347
-299
-258
-223
-197
-156
-110
-56
-1
63
141
206
269
324
367
404
429
438
425
419
416
410
419
423
416
405
392
372
341
279
208
140
73
9
-49
-109
-150
-193
-243
-289
-334
-364
-391
-413
-434
-438
-441
-446
-448
-437
-421
-400
-376
-345
-297
-255
-209
-172
-119
-65
-19
34
95
150
217
274
308
331
359
381
392
407
413
428
445
449
436
421
394
364
320
274
232
189
135
75
21
-36
-87
-145
-192
-234
-259
-290
-320
-349
-380
-402
-422
-445
-456
-454
-438
-406
-390
-358
-322
-287
-255
-218
-170
-121
-70
-19
33
81
131
171
216
254
290
330
359
388
410
434
449
453
442
422
406
385
362
333
306
272
229
189
144
75
10
-52
-102
-143
-190
-237
-277
-299
-326
-352
-390
-408
-413
-402
-393
-376
-348
-320
-295
-274
-240
-203
-163
-134
-100
-57
-6
54
99
142
187
238
272
280
287
291
304
317
325
318
331
352
348
320
284
251
218
176
117
64
31
-9
-54
-103
-134
-155
-187
-229
-269
-296
-316
-342
-372
-393
-383
-366
-353
-344
-319
-285
-236
-210
-186
-144
-105
-61
-33
-2
27
68
118
160
191
235
292
338
351
354
364
363
362
359
347
341
333
329
302
261
229
190
146
72
23
-8
-40
-80
-125
-157
-182
-219
-260
-303
-343
-370
-386
-390
-386
-374
-356
-326
-304
-276
-254
-221
-181
-149
-118
-79
-31
13
58
102
146
184
219
249
264
286
312
325
331
342
345
347
337
326
308
276
246
209
174
138
98
54
26
-15
-54
-86
-122
-166
-204
-247
-281
-302
-326
-339
-337
-336
-337
-328
-311
-299
-278
-270
-247
-216
-184
-157
-125
-85
-37
13
62
101
137
191
226
239
257
265
283
305
316
316
327
329
314
292
266
243
206
164
121
104
77
54
28
1
-24
-51
-85
-132
-175
-211
-240
-277
-300
-318
-315
-314
-304
-289
-278
-257
-245
-234
-221
-205
-194
-175
-159
-123
-88
-47
-9
35
74
119
165
201
237
262
290
308
312
314
311
304
293
289
283
277
273
258
232
209
172
109
63
21
-9
-41
-69
-82
-101
-120
-146
-176
-206
-239
-262
-289
-303
-301
-294
-284
-276
-254
-225
-204
-190
-162
-137
-114
-87
-50
-19
15
65
99
140
179
207
216
228
240
250
253
263
276
281
276
268
259
235
212
179
147
106
73
38
-2
-36
-64
-86
-111
-129
-151
-169
-200
-217
-232
-260
-276
-280
-274
-262
-241
-230
-214
-205
-200
-193
-183
-156
-139
-118
-78
-34
-1
30
60
88
108
118
141
166
186
203
219
227
226
236
233
228
218
205
193
181
170
151
123
79
50
29
7
-24
-61
-89
-102
-119
-146
-167
-171
-169
-169
-162
-152
-143
-134
-136
-145
-154
-155
-147
-134
-113
-91
-63
-31
4
24
56
84
102
125
140
163
177
188
196
199
198
194
184
188
193
191
174
164
154
129
108
77
46
16
-6
-30
-53
-85
-99
-121
-147
-180
-213
-219
-240
-257
-260
-247
-237
-218
-209
-198
-179
-167
-161
-158
-144
-124
-85
-55
-26
15
68
112
131
151
166
183
198
204
210
222
234
249
254
240
234
235
236
209
178
150
129
84
41
-4
-37
-55
-84
-101
-116
-130
-161
-191
-223
-250
-277
-300
-298
-295
-283
-267
-248
-234
-219
-197
-185
-149
-112
-89
-54
-14
21
54
93
109
131
161
191
211
226
239
248
262
271
279
279
277
264
244
214
180
143
106
73
52
46
32
22
4
-21
-50
-87
-125
-158
-179
-195
-199
-206
-212
-211
-209
-209
-214
-197
-181
-175
-166
-127
-94
-68
-44
-30
-10
17
33
41
70
98
118
137
153
178
190
200
204
210
216
212
203
186
171
162
148
120
91
79
64
37
13
-13
-37
-59
-86
-104
-106
-128
-151
-177
-198
-206
-214
-226
-227
-222
-207
-183
-161
-153
-131
-117
-105
-86
-61
-31
-4
29
59
89
112
133
133
142
149
156
163
176
172
182
192
183
171
156
144
126
102
77
59
46
25
-3
-29
-48
-62
-72
-94
-111
-123
-126
-130
-152
-160
-161
-162
-172
-177
-177
-175
-175
-161
-151
-124
-92
-76
-50
-22
0
13
33
48
60
81
111
122
128
134
133
135
131
131
138
158
167
169
162
158
143
113
82
47
34
9
5
2
4
-6
-22
-38
-63
-73
-110
-136
-143
-149
-166
-159
-156
-152
-145
-133
-122
-107
-97
-86
-77
-77
-62
-48
-36
-14
6
35
70
84
94
100
100
98
101
107
119
140
157
161
172
172
160
147
126
96
71
56
39
20
2
-8
-14
-16
-20
-38
-55
-62
-77
-97
-116
-134
-145
-148
-152
-152
-152
-147
-131
-122
-120
-112
-95
-71
-61
-53
-42
-13
12
28
45
43
53
79
89
91
93
102
111
122
124
120
128
122
109
100
93
77
62
55
52
40
19
-6
-25
-25
-38
-56
-61
-66
-62
-55
-50
-57
-63
-64
-75
-69
-69
-71
-66
-57
-52
-36
-21
-7
14
22
38
47
55
54
62
58
68
76
76
68
76
88
73
61
45
41
32
25
7
1
-5
-15
-33
-49
-53
-66
-67
-81
-85
-95
-87
-84
-86
-73
-80
-73
-69
-59
-63
-49
-42
-31
-23
-26
-13
-5
12
14
22
21
22
23
28
39
47
46
44
49
62
72
75
76
80
72
65
57
38
33
26
31
15
5
-13
-17
-16
-27
-36
-56
-52
-62
-70
-95
-111
-116
-110
-113
-122
-108
-91
-62
-49
-37
-15
0
16
30
19
17
31
50
52
58
66
88
116
128
134
138
146
141
130
123
112
103
94
80
62
58
56
55
48
33
34
13
-4
-28
-41
-55
-67
-76
-80
-84
-89
-89
-94
-109
-115
-115
-107
-102
-101
-81
-75
-62
-63
-56
-55
-61
-57
-44
-32
-22
2
11
31
44
46
44
37
31
40
60
74
88
97
107
116
120
98
76
58
46
35
29
32
43
44
33
30
19
24
-2
-22
-35
-27
-33
-50
-59
-72
-71
-86
-96
-109
-106
-106
-106
-120
-118
-114
-95
-87
-80
-55
-42
-28
-25
-25
-27
-17
-20
-22
-2
24
44
60
76
85
107
106
111
102
94
84
75
74
55
46
38
44
53
70
78
75
57
45
21
6
-14
-39
-44
-45
-46
-40
-29
-27
-28
-41
-44
-44
-59
-63
-75
-75
-66
-49
-41
-23
-2
5
20
36
44
47
59
52
54
53
62
64
72
89
99
105
102
92
80
76
64
62
53
40
32
36
30
20
-1
-19
-23
-39
-53
-83
-95
-92
-93
-96
-96
-80
-68
-62
-74
-82
-76
-88
-97
-104
-108
-104
-86
-58
-48
-34
-25
4
8
6
7
0
12
28
41
39
46
47
45
37
35
17
19
15
8
13
17
24
11
12
8
2
0
5
1
-1
-1
5
22
17
9
6
14
14
18
6
-6
2
-5
-6
-19
-38
-30
-24
-26
-16
-13
-1
27
23
11
-4
-4
1
-11
-27
-32
-23
-14
-1
-1
15
42
61
55
38
42
37
37
36
26
16
34
44
36
27
17
25
15
-4
-14
-17
-9
-7
-3
8
20
18
18
2
-5
-18
-22
-28
-39
-39
-38
-24
-26
-16
-7
-4
8
13
-1
-4
2
11
9
5
-2
4
23
23
16
24
37
41
43
39
44
35
25
14
2
-3
-23
-15
-9
-8
-17
-16
-30
-38
-48
-81
-88
-102
-107
-106
-83
-69
-46
-31
-20
-15
-4
-3
-22
-32
-35
-28
-21
-10
7
30
50
60
74
88
90
90
72
62
50
41
39
36
55
81
103
104
96
76
62
40
14
-1
2
2
6
12
6
-11
-26
-42
-68
-82
-82
-79
-70
-80
-90
-86
-86
-78
-86
-80
-89
-85
-74
-71
-81
-89
-77
-64
-47
-41
-23
5
25
15
14
20
21
20
27
33
57
81
103
107
109
109
95
95
68
60
53
60
54
40
40
45
40
23
6
-14
-20
-32
-46
-53
-61
-69
-56
-60
-58
-58
-69
-59
-36
-28
-27
-7
-13
-5
-5
-2
-5
-4
10
18
31
37
43
49
61
64
66
74
72
75
55
40
40
35
24
2
-19
-25
-18
-21
-34
-39
-19
-2
8
-4
-16
-33
-33
-42
-63
-73
-67
-58
-55
-40
-35
-29
-18
-3
-1
-8
-4
3
19
21
25
24
42
50
39
35
44
56
58
76
57
59
59
59
48
42
37
31
38
35
40
27
24
23
12
-16
-29
-17
-13
-14
-28
-29
-20
-2
-13
-36
-44
-45
-45
-46
-42
-54
-40
-24
-24
-30
-34
-35
-30
-22
-17
-24
-20
-10
-9
-21
-32
-35
-33
-22
-29
-19
3
35
40
41
49
54
60
35
24
12
-6
-11
-6
-3
3
2
-1
-4
-4
-7
-32
-42
-54
-69
-62
-56
-61
-49
-32
-28
-28
-26
-30
-32
-39
-57
-50
-35
-15
-1
14
21
36
38
33
23
8
3
14
27
29
39
45
60
63
56
40
37
35
14
2
-2
7
11
19
21
24