-17
34
-6
-30
-18
-21
1
20
-1
-38
-35
3
8
-18
-11
6
17
15
-6
-16
-7
10
18
-6
-34
-6
17
14
-12
-29
-6
9
-22
-25
15
7
-16
11
39
42
43
15
-5
25
43
18
-7
-21
-26
-11
4
-8
-14
-4
0
3
-8
-33
-22
11
1
-41
-54
-16
9
-22
-52
-32
13
18
-7
-15
3
15
-4
-33
-41
-2
25
27
25
20
18
28
28
14
-1
9
20
25
19
-4
-15
21
38
11
7
8
12
-1
-25
-28
-8
-11
-8
9
12
-2
-1
7
24
23
-5
-9
-8
8
23
15
-7
7
12
3
1
-7
-18
-20
-15
-23
-13
-3
-6
-11
-26
-27
14
34
-5
-37
-21
7
8
1
-11
-20
8
15
-13
-20
1
14
12
-25
-27
18
19
-9
-4
28
39
38
3
-24
4
25
16
-1
-21
-7
11
25
12
-19
-17
14
11
-14
-3
10
5
-5
1
-8
2
26
25
-5
1
25
8
-14
-13
-6
-17
-7
-3
-4
-14
-7
22
4
-26
-26
-4
-13
-33
-43
-45
-41
-18
-10
-17
-15
-7
-7
0
3
-6
-5
-10
14
18
13
6
22
31
18
7
13
39
40
28
30
35
46
34
28
11
15
17
12
9
5
13
-4
-8
-9
14
10
-17
-20
12
1
-8
7
8
-3
-12
-15
-7
-11
-26
-34
-20
-23
-33
-37
-46
-20
1
-15
-48
-29
-6
-5
-1
3
4
14
38
39
22
13
31
21
12
2
-8
-20
-23
-25
-44
-55
-48
-47
-59
-49
-42
-44
-50
-63
-53
-30
-31
-34
-2
29
17
-7
15
54
41
23
4
-16
-1
21
-2
-37
-31
-10
8
-17
-92
-92
-33
-16
-53
-65
-25
18
14
-11
-14
13
71
98
94
71
92
162
184
137
108
132
139
135
102
61
15
52
104
72
22
13
62
45
-26
-83
-80
-32
4
4
-49
-43
-14
-11
11
5
-36
-56
-58
-94
-146
-187
-207
-164
-126
-159
-188
-172
-114
-116
-121
-122
-99
-54
30
6
-126
-123
-43
-10
-19
18
75
191
263
195
72
36
59
77
-26
-104
-60
36
40
2
-11
-49
-48
24
119
52
-6
60
155
106
54
55
56
166
275
320
270
280
380
368
205
40
47
60
52
-41
-135
-84
46
151
148
59
-45
-9
-37
-215
-402
-432
-269
-122
-112
-209
-173
-12
111
102
25
16
78
189
190
58
-32
-6
23
-2
-89
-158
-162
-97
-104
-252
-401
-376
-280
-304
-398
-476
-409
-297
-202
-304
-442
-359
-160
-51
-89
-86
50
232
356
381
268
198
320
411
343
224
232
331
381
355
280
284
360
478
427
209
15
41
201
261
220
186
330
480
520
397
219
194
221
173
-57
-329
-403
-330
-265
-320
-476
-561
-428
-282
-391
-670
-798
-628
-395
-332
-480
-586
-353
-28
74
-99
-221
-65
211
169
-131
-290
-127
267
417
219
-21
143
426
417
-11
-368
-270
69
162
-130
-366
-240
116
304
233
85
138
376
557
413
91
48
384
634
447
51
-38
293
643
593
51
-370
-165
264
175
-402
-639
-241
368
439
251
-125
-252
-97
73
-368
-976
-1361
-946
-852
-2963
-4708
-2714
1116
498
-3034
-4720
-1678
2309
3200
548
-906
1484
4208
4846
3686
3464
4366
6092
6184
5767
4059
-1
-1994
2461
6676
1608
-5663
-6557
-2803
-1612
-2164
-4290
-7280
-8095
-5258
-2189
-2759
-4123
-4162
-2553
-1485
1049
3659
3196
1104
2254
5561
5792
4873
4427
4131
3396
4100
3078
842
-318
-1764
-3577
-3118
-1480
-4735
-8197
-8038
-5277
-5742
-7024
-6842
-4364
-3033
-4206
-4186
-1941
971
1540
1444
1055
3498
7340
8495
6446
5652
7716
9194
9437
8271
7440
7890
8536
6197
865
-2626
-1004
3216
1741
-6160
-11464
-8552
-4196
-5083
-8147
-9821
-9615
-7747
-4607
-3367
-4400
-4302
-1905
426
1850
4197
6104
5920
5484
7309
8943
8287
7356
7062
5853
4135
3637
2745
744
-627
-1344
-3792
-6287
-6227
-5168
-6482
-8794
-9371
-8110
-6373
-6588
-7510
-6028
-1476
-181
-2101
-2469
1218
4500
4430
2783
2561
4895
6345
5726
3664
2771
3184
3724
2649
507
-129
31
-184
-575
-289
-516
-1136
-862
-95
1433
2616
2339
561
82
335
-595
-556
1832
3471
555
-2663
-2021
1327
2450
901
-744
-1799
-2266
-1391
648
549
-1708
-3090
-1987
66
2066
2704
768
-1133
-35
2815
3371
1689
336
187
568
1205
1684
693
-931
-1555
-1399
-1808
-2238
-1898
-2646
-6104
-8152
-4326
1509
988
-4640
-7337
-3957
856
2134
-492
-3830
-3437
-220
2323
1922
219
-986
-765
706
2221
2910
1505
-146
75
3182
6100
5528
2234
731
3997
8617
9635
6361
3182
1849
614
-421
1233
3913
1700
-5088
-8777
-5689
-875
-455
-3954
-7667
-8498
-5838
-1285
893
-1521
-4900
-4036
588
4489
5824
4729
2621
2670
6019
8539
7224
4773
3676
3389
3369
3795
3034
615
-1922
-2927
-3412
-3687
-4359
-5092
-7423
-11948
-12778
-6002
800
-3207
-10902
-11273
-3366
2301
1691
-2910
-4885
-2100
1819
4032
3485
1888
823
2014
3015
4116
5482
4283
629
115
4271
6810
4918
1506
285
3322
7913
8617
4833
2683
1912
-1596
-4954
-791
6555
4411
-6829
-12380
-5408
2325
1608
-3227
-6704
-8747
-6446
989
4410
-931
-6039
-3762
1156
4454
6804
6231
1906
-18
4804
10087
8870
3854
1415
2563
4345
5094
3516
-412
-3049
-2208
-1367
-3711
-5297
-6416
-10353
-12987
-7639
-1662
-4723
-10486
-10015
-5015
-2874
-2307
-2037
-1698
-2490
-2482
-82
2952
4588
3753
1890
523
3287
7489
7469
3143
766
2330
4521
6117
5946
3583
610
1134
4784
7232
6201
3251
3047
1592
-4708
-9116
-467
9750
2912
-12845
-14499
-1288
5165
101
-5976
-6737
-6548
-4188
1806
3795
-1255
-4638
-667
2374
3459
7002
8619
2530
-1520
5353
11762
8101
1153
724
3033
3692
3001
1193
-2244
-4062
-2498
-2327
-6127
-10338
-10185
-7697
-5747
-6800
-8714
-8967
-5482
-2467
-3436
-5802
-3666
1398
1798
-1551
-2360
1431
4349
4647
3479
2829
3335
4362
5322
5253
4787
3252
2020
1838
3811
6212
5812
1769
-969
3042
8365
7997
3294
3245
2220
-5639
-10206
1204
12567
2235
-15764
-14570
1635
5520
-2591
-6613
-4937
-7070
-6683
1562
4529
-2419
-6324
-1041
1493
2475
7655
9181
396
-4060
5616
13503
7917
-876
-773
3031
3614
2782
1018
-2751
-5131
-1869
-930
-8130
-13902
-9524
-2565
-4266
-10036
-12309
-8155
-2412
-151
-3603
-6651
-3429
2121
3576
335
-939
1455
4249
4867
5447
6054
4629
3485
5191
7560
6624
4229
2161
1792
3838
6911
5617
594
-794
3028
6118
5001
3631
4994
2394
-8158
-13546
-774
13592
4900
-15156
-17668
-2503
5222
889
-4154
-6067
-9624
-8408
1976
7569
-41
-8177
-4416
1663
5024
8797
8480
-162
-3811
6498
14127
7914
-1283
-289
3890
3833
1418
-4
-1945
-3400
-2436
-6307
-12783
-11657
-2330
-2718
-12603
-16303
-8963
-2043
-1741
-4196
-7032
-6125
-1575
3730
3245
-492
-891
2628
5163
6081
8533
7787
3434
1898
7288
11781
9443
2883
-1230
2061
9068
10699
3005
-4526
-1841
7407
11671
5826
490
606
-3459
-12148
-7525
10955
12050
-9590
-23366
-9904
5675
4916
-2450
-5770
-9623
-12379
-1664
11240
6791
-8827
-10646
-63
6880
10056
10329
2417
-7141
-508
13960
14386
1033
-6399
-1342
4121
3987
678
-2336
-5710
-5288
-4694
-8802
-11840
-6055
-1461
-8608
-15765
-11670
-2127
705
-2489
-6888
-7341
-2725
4103
6111
1063
-2805
3
5371
7121
7934
7570
3930
1260
5011
10452
9299
3606
-584
656
5072
8257
5408
-1031
-3127
3060
8827
5590
-287
1679
7269
-247
-14236
-12223
9185
16949
-2928
-22471
-14218
5872
9234
-709
-7655
-8300
-8225
-1604
7678
5841
-5607
-8589
-4
5617
7197
8395
4799
-3811
-2616
10355
14473
2969
-7140
-2145
5520
4848
-882
-3670
-5184
-7956
-7967
-5773
-4810
-7958
-10863
-12472
-10479
-6421
-4098
-5120
-5609
-4284
-4392
-2935
1518
4755
2089
-1316
200
5533
9727
9589
6655
3283
3323
7589
11804
9560
2516
-916
1684
6203
7504
4810
-183
-2032
2039
6918
7121
3406
3186
287
-9957
-14515
1998
19165
6063
-20405
-21945
2163
12811
2496
-7614
-7452
-7980
-6460
4992
10385
-641
-11750
-5365
4814
8004
8076
5140
-3496
-6874
5304
15802
8134
-7246
-7918
3241
7492
2080
-4912
-8541
-9005
-3954
-864
-5761
-11770
-11076
-7211
-6752
-6983
-6209
-4333
-3251
-3071
-3454
-2908
628
3988
2792
-2002
-1374
5409
9192
6806
4154
4396
4975
6883
9439
8868
4466
1239
2354
4920
6693
5690
2189
-1419
910
7010
8464
2546
1128
4225
-3445
-16334
-8699
15622
14617
-13135
-26236
-5928
10964
4946
-5349
-5921
-7150
-9600
1113
12117
4884
-10083
-8167
3031
7629
8528
7843
143
-7617
578
14682
12582
-3291
-9777
-662
6464
3587
-3237
-8528
-11147
-7527
-1320
-2708
-9813
-13452
-10921
-7586
-5314
-4702
-5476
-5416
-4190
-2361
-1275
834
3286
2162
-1979
-1078
6895
10475
5829
1946
4356
7356
8129
8414
7598
4784
2754
3666
5092
5059
4787
4356
2352
239
1998
5933
6822
6207
-816
-14145
-17707
4059
21973
4855
-23736
-21172
3649
10244
7
-4459
-3112
-9597
-9225
6601
13791
750
-9617
-3093
2246
4520
11140
11811
-3080
-11878
2260
16604
10193
-5602
-8230
-2632
821
2375
1205
-7417
-15812
-10719
-1468
-770
-7925
-12923
-12962
-7986
-1382
-497
-4682
-7735
-4336
336
2145
1787
1058
-137
-118
4380
8061
6245
2609
3577
7421
8452
7001
5391
5681
6007
6461
5954
4359
3322
5126
7218
4795
1498
3356
9618
4412
-13034
-20261
-919
17412
4785
-20346
-22009
-2340
6267
-828
-7410
-6576
-7302
-6177
2276
6940
1360
-3909
641
5189
6999
8979
8888
3864
1537
6576
9122
4115
-1280
819
3392
-458
-5629
-4962
-2401
-5292
-11386
-13979
-10351
-5704
-6644
-12614
-15111
-10166
-3638
-1079
-2244
-4741
-5552
-1928
4329
6577
3047
-609
1126
6648
9489
8029
5325
4245
4846
7424
10180
8447
2775
211
4647
9034
7382
2162
93
2441
6062
7175
5009
3344
-1705
-11715
-15593
-183
14784
3620
-19826
-20988
-442
9462
1955
-5934
-6486
-7827
-4670
6893
10946
522
-7179
-79
7312
9587
10865
7895
-2056
-4508
7853
14744
4090
-8898
-5966
2707
2406
-3631
-6590
-6934
-7143
-7555
-12335
-15609
-9556
-2182
-7622
-17128
-14018
-2303
2888
-1381
-5520
-4444
-231
4195
6432
3182
-1088
1754
7879
7819
4174
4835
6942
5503
3645
5625
8272
6280
1440
234
5499
10159
7879
1400
-461
4847
11278
10517
4869
-768
-7777
-12303
-3426
11993
7800
-13268
-21226
-5937
6206
1772
-5720
-6268
-7615
-10060
-1511
9434
5772
-6328
-6165
2899
8565
11284
10958
3176
-4482
1450
12850
12378
693
-5902
-2099
1945
875
-1711
-3722
-6841
-9910
-12148
-12868
-9824
-5968
-9041
-16108
-16129
-7227
210
-364
-5935
-7706
-2965
3420
5647
2963
-90
687
5346
8526
8070
6184
5357
5836
7226
8378
8359
7140
4887
3225
5063
8508
8642
4228
1588
3365
7633
8447
6378
2476
-6557
-15278
-9553
8590
9261
-10968
-23052
-10317
2725
-405
-6725
-5459
-5164
-9793
-4943
6223
7547
-1095
-2720
2823
6662
10914
13548
8195
55
2836
10737
10341
3142
-739
-86
-1024
-2016
-1987
-3483
-7516
-9764
-11221
-14206
-13688
-8837
-8233
-14475
-16693
-10316
-3011
-1645
-4658
-6081
-3271
2016
5472
4458
1395
1688
6456
9338
7776
6080
6740
7355
7080
7601
8021
6876
4287
3144
5782
8078
6070
2084
2648
5336
6748
5594
4344
2455
-4869
-12888
-9289
6225
7470
-9917
-21017
-9365
2755
-1600
-9228
-6867
-2711
-6222
-5038
2959
5771
479
510
5461
6628
8683
12915
11234
3238
3208
10490
11389
3704
-945
1283
1347
-1939
-3454
-3709
-7086
-10464
-11164
-12397
-13976
-13001
-11547
-13041
-14392
-11568
-7120
-5120
-5394
-3899
-1033
627
1621
3317
4745
5250
6691
7530
6433
6160
8619
10208
7720
4965
5345
7233
6618
5029
4507
4471
3670
4543
5698
4783
4069
6009
5862
-3683
-13867
-10065
6446
9561
-7834
-21325
-11735
3260
2605
-6597
-10189
-8173
-6626
-1859
3550
2189
-2653
-791
5695
7580
8979
12541
11393
4368
4188
11926
13094
5495
861
3090
2407
-1059
-1721
-1159
-5015
-9528
-10354
-11958
-14768
-14290
-11243
-13179
-17036
-14967
-8324
-4895
-6209
-7013
-5336
-1184
3289
5077
2670
1203
5398
10021
9129
5857
6771
9370
8780
6667
6810
7481
5655
3478
4099
5663
5208
3709
3691
3844
3885
5257
8213
4864
-8600
-17013
-5009
13161
7417
-15182
-22454
-6255
6084
1544
-7200
-10049
-9995
-7252
1728
6072
-446
-6246
-354
7288
8510
9393
10849
7996
4159
7816
13072
9879
2472
1553
5757
4400
-1723
-4319
-2030
-1874
-6428
-11278
-13468
-13254
-12598
-12435
-13013
-14129
-13685
-10843
-6339
-4937
-5876
-5377
-1331
1839
1584
1654
4352
7769
7680
6104
5955
8398
10967
10302
6663
3767
5186
7371
6950
4056
2706
3783
4859
4508
3778
4590
5505
6474
1176
-9985
-13703
577
12506
638
-18604
-17425
-734
4531
-2943
-8048
-7032
-8221
-7359
611
4345
-1325
-5591
-596
4569
7917
11190
10179
3975
3106
11445
15142
8001
611
3006
7520
5730
364
-3018
-3561
-2627
-2693
-7357
-13381
-14629
-11885
-11549
-13710
-14100
-12259
-10645
-8763
-6615
-5829
-5780
-2795
1364
1684
-95
2493
8274
9536
6526
5721
7968
9288
9455
9786
7946
4269
3441
6957
8900
5953
2490
2296
3947
4922
5917
5449
4251
43
-8004
-12409
-2615
9608
2564
-15705
-18784
-3778
4479
-1895
-9130
-8644
-7574
-6662
-535
3220
-1180
-5051
-122
4867
6429
9107
10210
5785
3436
9545
13946
9195
2939
3875
6684
4674
1095
-147
-1258
-3819
-5916
-7522
-9358
-11592
-13846
-15240
-14068
-11961
-10971
-10780
-9730
-8513
-7397
-5211
-1774
491
-66
-236
2659
7360
9788
8458
6078
6144
8997
10957
10282
8047
5918
4606
5546
8007
7894
4471
1643
2845
5178
5957
4394
3533
1242
-6424
-12636
-5594
7566
4409
-11933
-18341
-6728
2818
-242
-6777
-7914
-7603
-7223
-1342
3658
527
-4821
-2061
3801
6829
8845
8957
5585
3665
8134
12159
9443
3835
2840
5493
5365
2153
-393
-927
-2037
-4174
-6922
-9031
-10107
-11752
-13790
-14042
-12237
-11207
-10425
-8833
-7767
-7996
-6957
-3191
430
563
-1122
238
5139
9076
8526
5596
4761
8252
12175
11788
7210
3823
5120
9278
10440
6027
825
1466
6381
8642
5652
1200
794
471
-5207
-10304
-3807
4488
-1425
-13586
-13243
-3108
-632
-5724
-7336
-4620
-5979
-7643
-2210
3090
766
-2894
-577
2765
6107
10053
9650
4285
3511
9968
12866
8075
3057
3820
6298
5613
2497
-750
-2552
-2480
-2203
-5675
-10426
-11419
-10414
-11941
-13939
-12960
-10860
-9115
-8124
-7772
-7498
-5695
-2716
-7
676
-238
1014
5300
8532
7516
5254
5400
8251
10838
10616
7461
3962
3515
7392
10884
7489
92
-913
5177
8953
6240
1996
667
-1722
-6774
-7953
-4
4511
-4259
-14656
-11261
-1138
75
-5605
-7866
-5588
-5406
-5124
-1029
1684
-589
-2506
-120
2538
6099
9586
7651
2343
3704
10939
12192
6160
1581
3456
6515
6264
2775
-1351
-3393
-2048
-933
-5028
-10457
-11589
-10478
-11379
-11928
-11120
-10931
-10248
-7491
-5220
-6014
-6791
-4263
-204
879
-146
1013
4407
6748
6789
6241
5916
6951
8930
10080
8195
4622
3426
6613
9626
7554
2726
1357
4065
7215
7751
5608
1445
-5379
-9864
-4759
6024
4309
-9937
-16854
-7338
1738
-980
-6867
-7354
-6004
-6591
-3627
1325
970
-2787
-2046
1055
2476
6530
10674
6994
579
3969
12325
11823
4243
973
3809
5517
4599
2592
-952
-4573
-3834
-1324
-4281
-10207
-12430
-11672
-11561
-10858
-9706
-10352
-10745
-8253
-4406
-3512
-5014
-4753
-1400
1322
1865
2742
3803
4413
5515
7434
7917
6838
6991
8412
8110
5092
4017
6433
8008
5209
2473
3734
6043
6019
5405
5633
227
-9158
-9316
3686
9339
-3869
-17287
-12221
641
2130
-4673
-8008
-7181
-6585
-3357
1398
108
-4233
-2791
1925
2306
3166
7384
7485
2623
3092
9686
10965
5204
1843
4176
5476
3653
2253
1035
-1494
-3016
-2437
-3787
-7024
-8616
-9350
-11509
-12487
-10022
-7981
-8290
-9053
-7736
-5339
-3235
-2486
-2404
-1705
200
2785
4136
4126
4238
5459
6482
6557
6856
7486
7263
5325
3686
4553
6608
7004
4604
2460
2943
5960
7752
6936
2297
-6080
-10051
-1998
8960
3926
-11500
-16464
-5413
3171
-427
-7006
-8134
-6755
-5729
-1416
1086
-1900
-4146
-412
2325
2304
5472
8535
5300
1271
5222
11295
9531
3050
1709
5095
5512
3339
1626
-471
-2830
-2276
-1709
-5131
-8605
-9394
-10087
-11542
-10603
-8898
-9273
-10123
-8232
-4415
-3490
-5161
-4727
-921
1681
2055
2212
2488
3883
6527
8172
6486
4816
6334
9123
8543
4926
3287
5177
7124
6302
4204
2941
4142
6319
7474
3738
-5330
-10434
-2664
8324
3998
-10727
-15666
-5560
2191
-943
-6654
-7536
-6870
-6084
-1670
1104
-2017
-4881
-1450
1943
2567
5036
7343
4554
1321
4777
10287
9638
3994
1216
3445
5666
5170
2483
-814
-2637
-1372
-923
-4082
-6960
-7653
-9221
-11326
-10173
-7671
-7721
-9247
-8806
-5757
-3353
-3423
-3884
-2525
-317
1468
2376
1997
2494
5085
6987
5860
4623
5803
7652
7236
5559
4704
4660
4481
5118
5988
4769
3263
5074
8271
3490
-7515
-9276
3167
9995
-1317
-13850
-10929
-830
728
-3744
-5656
-5713
-7217
-5710
-108
662
-3353
-4104
-1179
-371
1851
6927
7205
1553
-51
6116
10949
8774
3724
1486
2477
4886
6102
3272
-1546
-2820
-684
-1076
-4215
-5444
-6165
-9539
-11784
-8912
-5871
-6935
-9722
-9435
-5994
-3110
-2765
-3199
-2547
-1072
1204
2657
2037
2187
5071
7137
5599
3985
5440
7936
8005
5971
4342
4208
4830
5905
6277
4846
3240
5204
6119
-1049
-8706
-3326
7606
4645
-8517
-13209
-5562
235
-1715
-5109
-5992
-7092
-7082
-2334
586
-2354
-4686
-2529
-1217
345
5280
6952
2056
-124
5676
10453
7855
3742
3818
5137
4753
4276
2865
-66
-705
1488
69
-5490
-7116
-3727
-3528
-8382
-11352
-9695
-6977
-5613
-6288
-8427
-8900
-5708
-1373
76
-1482
-2830
-1073
2285
4209
4079
3556
4180
5415
6158
6181
6612
7166
6751
5704
5132
5386
5832
6636
6145
4791
2742
-1752
-5583
-1178
6820
3105
-8701
-11656
-3276
1088
-2905
-6629
-5934
-5537
-6120
-2955
-339
-2375
-4125
-1742
-793
-705
3875
7225
3277
-840
3160
9357
9094
4452
2015
2938
4303
5482
4398
-1
-3011
-692
1369
-1944
-5771
-5856
-5438
-7358
-8577
-7557
-6681
-7255
-7652
-6670
-5599
-5144
-4327
-2613
-1132
-338
130
134
887
3592
5409
4247
3255
5042
6865
6924
6357
5884
5141
5294
6811
7009
4869
3676
6155
5574
-2443
-8023
-663
8516
3510
-8813
-11475
-3717
1283
-906
-5193
-7327
-7322
-4286
263
-329
-4806
-4910
-324
1009
455
2682
4255
2295
1649
5194
7706
5813
3035
3327
4377
3935
3611
2866
7
-1606
70
298
-2863
-4676
-4035
-4915
-7807
-8634
-6316
-4360
-5225
-7519
-8233
-6214
-2634
-730
-2472
-4930
-3314
1442
3562
1816
315
1461
3649
5109
5352
5140
5289
5594
5622
5638
6083
6396
6089
5267
5382
5765
2120
-4490
-4390
4038
6814
-2014
-10224
-7356
-710
456
-3055
-5922
-7220
-6862
-2826
1116
-653
-5064
-4646
-908
1925
4267
4703
1145
-1362
2729
8687
8941
4122
92
611
4319
7060
4812
-1069
-4055
-1006
2040
-366
-4478
-5211
-4978
-6555
-7039
-5312
-4736
-5973
-6391
-5735
-4880
-4046
-3064
-1948
-1204
-1729
-2101
-371
2168
3497
3123
1692
1104
3215
6492
7476
5031
2142
2663
6601
9325
7723
3814
2774
5218
4604
-1414
-4500
1098
5155
-187
-7357
-6382
-2000
-1293
-2825
-3747
-5443
-7244
-4329
57
-335
-3424
-3061
-1242
-269
2820
6054
4019
-85
1376
6644
8399
5625
2494
1879
3098
4499
3794
757
-1629
-1249
-888
-2846
-4191
-3867
-5326
-8360
-8648
-6229
-4258
-3757
-4952
-6919
-6478
-2963
153
205
-1696
-2675
-1056
1379
2734
3009
2460
1507
1838
3691
5735
6248
4581
2127
2210
5019
7284
6914
5011
3863
2600
-415
-2463
980
5105
1555
-6737
-8609
-2587
1679
-841
-5426
-7093
-5890
-2876
327
-586
-4455
-4662
-425
1833
1388
2184
3213
2496
2541
5293
7339
6065
3808
3453
4384
4732
4188
2383
-265
-1581
-677
-673
-2995
-5331
-6782
-7786
-7547
-5920
-5194
-5942
-7107
-6556
-3944
-1698
-1766
-2431
-1873
-449
1241
2019
1422
1137
2413
3721
3601
2771
3230
5076
5956
4219
2363
2749
4537
5657
5891
4573
182
-4015
-2165
4187
5124
-1530
-7715
-6783
-2635
-679
-1397
-2992
-5478
-6992
-4136
342
1109
-1636
-3706
-3346
135
4992
5960
1631
-1238
2319
7878
8412
4446
1514
2409
5500
7600
5266
-617
-3291
281
3438
142
-5347
-8207
-8307
-6176
-3360
-4460
-8916
-9800
-5507
-1359
-2279
-5351
-4729
-349
2000
949
-193
14
2238
5178
5078
2035
1461
4656
6944
5390
2331
1798
3908
5460
4958
4132
2983
-735
-4119
-1802
3559
3512
-1833
-5872
-5401
-2721
-741
-1070
-3300
-5751
-5945
-2764
186
-55
-1378
-1810
-2206
-697
3406
5351
2579
-72
1481
4896
6023
4342
2661
2420
3191
3856
3397
1721
823
866
-227
-2331
-4517
-5784
-4940
-3026
-4356
-7612
-8018
-4687
-1839
-2722
-5366
-4377
132
1873
-544
-2332
-453
3299
5122
3099
653
1668
4983
6419
4750
1859
1016
3002
5089
4543
3347
2838
-392
-5036
-3474
3589
4789
-2081
-7436
-5632
-1262
631
14
-1959
-4543
-5128
-1560
2213
1593
-960
-1606
-963
412
3169
4555
2187
-532
405
3708
5181
3598
851
-281
1262
3373
2636
-618
-2303
-880
-735
-4212
-6318
-3734
-1509
-3277
-5849
-5961
-3483
-577
-388
-2752
-3525
-1007
2392
3203
825
-771
1290
3863
4073
3297
2763
2471
2905
3517
3117
1974
989
704
1420
3076
2785
-2653
-8625
-5721
3561
5293
-3329
-10136
-7342
-769
2453
1316
-2087
-5169
-3817
2418
6346
3634
-275
-126
2302
4824
6864
5675
1532
-97
2690
5401
4631
1635
-1496
-2464
-385
1553
-764
-5478
-7481
-6038
-4600
-4475
-4801
-5868
-7217
-6097
-3012
-1500
-2207
-1964
-68
1857
2816
3308
3836
4432
5333
6217
6075
4904
4595
5796
6667
5281
2224
297
1279
2900
2147
-565
-2452
-4540
-7443
-7364
-2876
-1253
-5826
-10151
-8972
-5096
-2682
-2518
-3417
-3922
-3264
-564
2832
4109
3711
4237
4794
5024
7139
9943
9452
6626
4742
4922
6185
6665
4292
250
-2232
-2560
-2556
-4027
-6151
-7576
-8269
-9083
-9141
-8458
-8067
-8311
-8420
-7378
-4411
-1046
90
-617
-245
2675
6318
7826
6719
6017
7804
10245
10744
9479
8050
7045
6479
6179
5667
4341
2517
382
-3587
-7745
-7073
-2683
-3034
-9128
-12700
-10492
-7757
-6969
-6579
-6348
-7239
-7252
-4358
-621
1021
1754
2522
2108
2777
7344
11522
9883
5893
5743
8895
10629
9080
5299
2013
997
1582
1198
-746
-3664
-5900
-6926
-7394
-7450
-6953
-7521
-9527
-9945
-7782
-5017
-3236
-2770
-3449
-3061
-59
3701
5422
5107
4589
5499
7618
9228
9018
7872
7121
7284
7905
7812
5971
2123
-1291
-1359
638
-379
-4705
-7328
-6455
-5791
-7143
-8238
-7223
-5573
-5465
-6654
-7025
-5166
-1810
245
-640
-1840
-77
3757
6315
6305
4741
3717
4646
6397
6188
4004
2353
1996
1244
180
-317
-1076
-2617
-3511
-3076
-3061
-4122
-4855
-4190
-3034
-2318
-1985
-1939
-1610
-321
1919
3524
3314
2302
2556
4217
5573
5634
4426
3250
3361
4775
4651
1118
-2779
-2676
33
583
-1638
-4092
-5663
-6066
-4643
-2314
-1886
-4155
-6068
-4802
-1579
806
1197
-298
-1331
587
4076
5346
4286
2617
1546
2436
4452
4138
1351
-460
-295
14
-935
-2338
-2865
-3135
-4376
-5229
-4607
-3901
-3900
-4100
-4485
-3838
-1461
510
751
893
2032
3804
5752
6920
6563
6219
6889
7656
7986
8345
8093
5766
2159
144
1045
1748
-123
-3490
-6068
-7348
-7087
-6125
-6354
-7922
-8972
-8469
-7089
-5624
-4420
-3789
-3654
-2802
-445
2263
3537
3091
2450
3730
6366
7267
5457
3338
2997
4573
5681
4178
1333
-485
-736
-26
291
-1794
-4890
-6034
-4799
-2971
-2266
-3505
-5023
-4029
-1088
891
749
173
638
2085
3790
4879
4903
4830
5335
4903
3315
2742
3462
3447
2112
461
-648
-1198
-1555
-1657
-1339
-1626
-2894
-3877
-3950
-3252
-2171
-1845
-2670
-3012
-2204
-1153
-307
284
217
-753
-1370
-555
679
523
-658
-1711
-2000
-1266
-374
-522
-1299
-1800
-1919
-1458
-500
101
215
-16
-183
583
2515
4280
4643
3876
3460
4345
5860
6717
6237
4835
3926
4204
3968
1808
-479
-1010
-1024
-1952
-3350
-4751
-6172
-6840
-6121
-5214
-5784
-7006
-6576
-4755
-3477
-2650
-1580
-916
-420
1085
2985
4055
4142
3768
4067
5426
6125
5242
4011
3075
2570
2793
2663
1048
-911
-2172
-2719
-2723
-3074
-4623
-6225
-6577
-5764
-4229
-3408
-3867
-3973
-2280
-223
1411
1546
408
1231
5158
7930
8132
7119
4721
3147
3770
4309
4830
5986
4218
626
-1004
-1263
-631
523
-1361
-4271
-4721
-4800
-5305
-4336
-4334
-5169
-4872
-4814
-4680
-2822
-1380
-1335
-1122
-799
-132
1005
1325
1168
1836
2430
2502
2252
1784
2000
2959
2709
1250
307
504
985
1271
1234
903
612
764
1558
2397
2345
961
-51
592
1770
1721
982
-57
-1078
-1422
-1074
-793
-785
-1491
-2880
-3213
-2408
-2212
-2708
-2464
-1956
-2135
-2272
-1555
-522
-3
-101
-30
517
1040
1382
1916
2077
1781
2049
2667
2209
1058
594
858
1081
330
-1354
-2358
-1898
-1083
-1167
-2252
-3327
-3211
-1992
-868
-757
-1517
-1607
-392
1194
2094
2505
2216
2260
3548
4914
4864
4619
4816
4268
3076
2548
2507
2137
1645
679
-573
-1569
-2279
-2765
-2610
-2748
-3972
-5287
-5746
-5122
-3533
-2934
-4187
-5090
-4020
-2033
-327
-397
-1706
-1647
308
1841
1785
845
506
1217
1995
2349
2463
1761
1125
1617
2398
2393
1503
599
1050
2288
2270
1348
1084
1038
1306
1955
2199
1020
-531
-713
767
1531
775
477
632
-49
-1118
-1486
-1498
-750
-149
-1059
-2906
-3108
-1470
657
318
-2008
-3152
-2008
-276
785
415
-1123
-1500
-259
754
607
153
-197
-158
77
-133
-815
-1063
-946
-1138
-1741
-2051
-1798
-1093
-687
-967
-1515
-1485
-647
430
586
-76
-126
847
2117
2816
2925
2839
3140
3721
4104
3959
3624
3536
3644
3662
3425
2198
552
305
1136
1143
-265
-2244
-3373
-2964
-2147
-2179
-3003
-4206
-4750
-3736
-2305
-1985
-2439
-2658
-2403
-1721
-757
-319
-1133
-1810
-1040
28
150
-251
-647
-532
119
505
567
934
1205
1395
1498
1270
1274
1899
2091
1562
1205
1113
1326
1975
2277
1706
745
260
648
1578
1777
672
-482
-128
1117
968
-763
-2093
-1786
-473
546
-139
-1908
-2577
-1371
321
963
168
-989
-1110
-105
1189
1504
311
-1112
-896
218
339
-591
-1300
-1822
-2146
-1597
-830
-1260
-2326
-2493
-1616
-992
-1154
-1125
-693
-599
-661
42
685
580
505
1043
1606
1908
2289
2627
2636
2871
3763
4099
3073
2128
2496
3371
3790
3223
1203
-878
-929
338
647
-549
-2199
-3136
-2863
-2285
-2289
-2548
-2899
-2978
-2741
-2718
-2897
-2237
-1566
-1993
-2444
-2044
-1494
-926
-451
-625
-844
-412
147
688
1062
776
442
793
1407
1997
2159
1291
490
1014
1930
2012
1469
919
914
1488
2015
2040
1787
1377
1097
1521
1808
1318
705
659
628
677
455
-307
-1055
-1058
-453
167
-251
-1390
-1472
-863
-719
-616
-423
-898
-1323
-1287
-1233
-1057
-996
-1477
-1922
-2279
-2343
-2165
-2117
-1968
-1391
-1459
-2154
-2370
-1681
-438
291
-212
-875
-591
465
1760
2252
1473
593
903
2009
3124
3245
2628
2456
2851
2840
2577
2594
2527
2132
1841
1762
1527
1069
937
955
334
-611
-839
-537
-380
-466
-699
-1000
-1401
-1368
-756
-496
-1304
-1925
-1784
-1565
-1548
-1769
-2130
-2411
-2479
-2458
-2245
-2205
-2320
-2183
-1750
-1537
-1770
-1977
-1687
-880
-69
323
-55
-482
331
2006
2668
1833
1057
1590
3129
4211
3881
2786
2391
2959
3642
3361
2328
1572
1756
2231
2390
1787
412
-752
-440
559
262
-1276
-2281
-2115
-1576
-992
-853
-1899
-3016
-2472
-915
-339
-963
-1738
-1842
-1521
-774
37
-117
-1119
-1543
-947
-299
32
-366
-1331
-2082
-1725
-752
-266
-989
-2015
-1997
-1008
-173
64
-399
-1051
-855
383
1409
1569
1386
1447
1999
2512
2679
2923
3492
3414
2783
2396
2897
3651
3829
2726
1332
883
1512
1655
482
-1180
-1756
-1146
-583
-954
-2154
-2988
-2578
-1433
-1100
-1852
-2682
-2828
-2444
-1935
-1824
-2225
-2822
-2917
-2388
-1820
-1857
-2185
-2252
-1914
-1381
-856
-457
-75
429
712
839
1402
2420
2990
2951
2726
2715
3277
4138
4088
3070
2243
2366
3010
3279
2430
914
35
294
909
734
-598
-1954
-2054
-1343
-1121
-1712
-2519
-2723
-1978
-1098
-1033
-1473
-1408
-699
41
423
613
527
306
176
519
732
171
-676
-783
-671
-976
-1324
-1603
-1973
-2263
-2250
-2393
-2636
-2870
-2629
-2249
-2136
-2164
-1747
-1114
-438
307
834
975
1635
2880
3623
3693
3990
4644
5160
5386
5370
5129
4783
4654
4538
3898
2565
1417
937
723
-156
-1523
-2863
-3404
-3284
-3169
-3612
-4255
-4648
-4577
-3890
-3141
-2999
-3469
-3555
-2909
-1830
-988
-564
-520
-602
-193
704
1348
1282
1137
1141
1123
906
780
884
883
427
-226
-703
-908
-744
-420
-514
-967
-1188
-1099
-660
155
890
882
554
680
1596
2741
3319
3296
2927
2810
3243
3871
3880
3339
2784
2348
2210
2098
1625
692
-172
-576
-591
-912
-1848
-2600
-2828
-3010
-3341
-3374
-3659
-4159
-4400
-4050
-3546
-3167
-3140
-2997
-2476
-2013
-1454
-781
-270
-46
457
949
1180
1204
1516
2092
2207
1725
1340
1500
1882
2139
1739
779
252
627
1291
1231
493
-161
101
881
1385
1182
557
284
836
1540
1562
1075
657
609
1020
1422
1182
495
112
197
548
666
180
-528
-941
-1016
-1008
-1107
-1623
-2061
-2181
-2322
-2633
-2619
-2312
-2243
-2388
-2488
-2171
-1664
-1298
-1105
-801
-523
-272
31
219
462
994
1378
1173
947
1328
1974
2216
2054
1928
1915
1957
2079
2139
1906
1623
1665
1719
1350
823
495
264
62
-189
-342
-472
-618
-869
-1016
-1054
-944
-734
-841
-1181
-1406
-1159
-720
-419
-670
-1136
-1255
-1057
-785
-724
-771
-852
-730
-449
-249
-460
-690
-410
-8
49
-91
-224
-310
-145
228
445
273
-140
-204
157
513
652
549
225
110
574
1178
1386
1228
1145
1312
1499
1548
1484
1318
1311
1511
1541
1175
821
824
1267
1562
1136
31
-667
-485
22
-142
-1044
-1861
-2199
-2170
-2175
-2258
-2729
-3121
-3081
-2673
-2415
-2483
-2617
-2384
-1763
-1160
-513
-33
-17
-77
425
1346
2003
2043
1614
1542
2027
2532
2467
2133
1741
1641
1728
1584
1092
754
736
611
296
-59
-230
-279
-287
-455
-669
-738
-728
-628
-432
-138
-56
-6
205
592
827
789
662
796
1230
1183
661
170
94
191
216
-149
-668
-847
-989
-1366
-2064
-2688
-2656
-1949
-1625
-2249
-2978
-3016
-2333
-1563
-1145
-1168
-1377
-1159
-207
863
1202
1103
1156
1495
1918
2319
2582
2559
2421
2415
2507
2411
2226
2149
1949
1395
1004
1037
1077
611
-34
-450
-555
-673
-749
-804
-1052
-1386
-1567
-1449
-1314
-1135
-1059
-1010
-1109
-1092
-866
-592
-359
-71
228
175
-91
-370
-307
94
419
256
-266
-606
-547
-389
-424
-449
-431
-543
-609
-456
-331
-405
-393
-198
-59
-95
-79
141
371
577
685
614
642
1122
1523
1529
1327
975
795
1190
1630
1554
1140
743
780
1206
1188
577
83
9
202
336
-69
-876
-1376
-1313
-873
-727
-1237
-1861
-1923
-1663
-1452
-1338
-1435
-1552
-1492
-1381
-1319
-1181
-952
-494
-79
-64
-106
217
569
760
974
1036
1002
1045
1080
912
842
912
954
996
818
429
314
539
623
639
627
392
158
182
347
532
627
389
161
258
448
504
609
514
281
238
208
85
-30
-301
-716
-904
-1055
-1188
-1202
-1307
-1542
-1441
-1328
-1591
-1753
-1540
-1255
-1093
-1041
-1114
-1013
-608
-203
30
46
-46
143
684
883
897
1161
1428
1253
1062
1182
1510
1781
1631
1181
903
1066
1293
1274
717
86
12
453
570
74
-501
-645
-272
161
240
-12
-253
-240
38
226
91
-42
12
-4
-268
-532
-684
-727
-658
-661
-784
-1033
-1249
-1314
-1276
-1316
-1329
-1161
-1121
-1224
-1292
-1232
-1147
-863
-399
-57
53
81
323
677
1013
1163
1269
1423
1638
1770
1738
1626
1521
1604
1604
1445
1268
1117
739
227
-108
-77
298
470
72
-666
-977
-624
-38
146
-127
-487
-670
-511
-207
-235
-687
-986
-888
-536
-347
-518
-826
-932
-785
-584
-573
-869
-1057
-880
-607
-605
-832
-1023
-852
-457
-246
-292
-346
-400
-265
236
830
1136
1043
865
955
1320
1582
1573
1466
1380
1458
1553
1362
928
608
562
715
694
112
-368
-284
-14
-121
-522
-948
-942
-342
61
-299
-879
-938
-611
-336
-264
-293
-451
-664
-582
-189
-149
-462
-495
-129
-80
-368
-622
-781
-895
-729
-527
-773
-1166
-1100
-724
-574
-695
-773
-512
83
616
610
294
303
857
1465
1612
1409
1380
1633
1848
1842
1613
1367
1347
1412
1377
1207
880
350
-50
-89
-2
-73
-371
-769
-1117
-1154
-873
-669
-880
-1249
-1379
-1201
-903
-785
-893
-943
-780
-640
-585
-528
-528
-508
-293
-86
-174
-332
-401
-382
-243
-131
-269
-435
-409
-258
-118
-151
-222
-35
231
287
394
604
680
730
900
933
973
1197
1351
1220
1054
1051
1236
1285
929
548
449
510
600
644
344
-100
-223
-5
165
43
-304
-564
-480
-304
-312
-471
-674
-914
-901
-627
-557
-803
-1060
-1119
-945
-732
-737
-925
-981
-879
-787
-739
-740
-789
-818
-655
-305
-47
-141
-299
-203
160
565
786
749
695
814
1029
1185
1172
1107
1182
1309
1239
1129
1110
1043
898
733
470
176
85
154
120
-81
-308
-395
-406
-488
-600
-611
-539
-516
-532
-566
-571
-531
-427
-288
-168
-163
-238
-205
-64
66
-8
-143
-183
-233
-301
-342
-392
-512
-467
-376
-466
-661
-678
-535
-414
-332
-225
-79
-29
70
318
565
638
628
710
948
1177
1200
1057
1023
1146
1140
905
713
761
781
513
94
-104
-89
-83
-270
-675
-1064
-1076
-737
-628
-912
-1212
-1117
-813
-505
-304
-327
-549
-655
-272
194
255
-52
-241
-170
151
448
263
-348
-632
-251
210
233
-176
-563
-545
-107
263
229
-15
-78
184
523
745
823
772
683
765
1072
1248
1150
1003
992
913
853
862
760
513
369
308
140
-161
-501
-637
-651
-729
-968
-1157
-1249
-1237
-1240
-1320
-1357
-1212
-988
-874
-855
-867
-734
-448
-179
-117
-120
-23
185
401
407
220
201
459
689
671
426
153
59
173
256
207
32
-122
-90
105
174
107
60
36
76
265
440
433
457
613
741
759
774
787
867
1078
1217
1073
746
501
509
665
619
198
-304
-581
-601
-562
-675
-944
-1222
-1389
-1399
-1275
-1229
-1292
-1243
-1059
-968
-919
-766
-551
-355
-190
-39
123
218
239
433
698
695
484
450
628
862
915
679
319
159
362
682
707
284
-186
-322
-31
358
366
-106
-539
-388
136
436
210
-198
-308
40
481
491
76
-200
7
316
288
3
-220
-229
-50
82
-136
-578
-711
-411
-90
-195
-596
-842
-697
-359
-126
-128
-386
-564
-368
115
357
206
-51
-27
250
494
546
432
268
268
485
658
578
396
409
515
510
354
214
134
133
140
51
-113
-205
-159
-33
-3
-94
-195
-254
-217
-35
114
29
-90
-65
24
52
6
-110
-165
-127
-185
-319
-465
-605
-631
-510
-509
-743
-908
-811
-559
-366
-361
-514
-585
-384
-37
201
244
238
299
497
782
967
958
838
816
931
1098
1122
956
721
599
616
562
377
160
69
-76
-314
-472
-492
-569
-647
-658
-760
-814
-646
-455
-547
-579
-335
-95
-86
-99
7
179
368
423
304
190
297
449
436
253
63
-2
-10
-87
-236
-415
-613
-703
-686
-733
-919
-1021
-890
-700
-624
-649
-685
-550
-126
278
362
304
445
830
1219
1344
1192
1083
1234
1506
1619
1424
1099
943
896
756
555
363
95
-165
-324
-458
-637
-861
-982
-955
-989
-1153
-1189
-1082
-1072
-1114
-941
-652
-595
-663
-515
-208
-12
55
141
232
324
460
552
473
349
390
514
462
257
77
24
63
123
44
-216
-380
-228
-22
-84
-244
-287
-164
14
121
44
-55
38
306
531
536
401
347
455
606
702
724
643
458
317
339
481
520
330
14
-249
-340
-240
-136
-314
-698
-876
-734
-598
-649
-787
-851
-799
-647
-536
-541
-518
-395
-264
-238
-192
-34
191
326
328
295
345
501
638
636
519
466
522
545
439
259
153
200
284
229
5
-187
-172
2
86
-60
-289
-381
-272
-72
26
-107
-332
-381
-198
81
222
102
-114
-110
99
273
306
209
111
110
199
248
259
226
126
12
-5
75
79
-60
-238
-297
-217
-121
-161
-316
-412
-359
-211
-112
-158
-227
-193
-80
-1
33
68
145
174
125
147
254
281
221
200
170
148
131
101
-15
-93
-106
-154
-265
-335
-363
-432
-502
-487
-406
-416
-436
-384
-310
-250
-96
75
91
33
103
247
389
449
437
411
439
470
469
437
373
366
376
319
218
145
115
152
176
33
-154
-101
68
107
-17
-163
-203
-83
75
100
-72
-276
-268
-85
-5
-92
-125
-121
-173
-138
41
79
-117
-240
-148
13
89
14
-166
-231
-49
121
75
-79
-100
-54
-29
-26
-48
-154
-223
-126
-34
-141
-308
-278
-186
-195
-229
-204
-267
-346
-230
-10
3
-122
-111
68
260
352
344
336
398
476
539
546
517
523
582
569
441
325
276
258
210
107
-72
-215
-227
-231
-322
-428
-473
-472
-455
-442
-440
-443
-408
-309
-236
-228
-144
18
102
122
210
324
383
413
447
420
342
347
385
266
26
-109
-88
-97
-210
-397
-594
-690
-597
-480
-569
-749
-755
-520
-278
-214
-319
-373
-174
212
467
364
179
271
617
906
898
668
528
668
899
899
633
364
324
421
387
165
-38
-78
-97
-196
-301
-335
-391
-448
-408
-366
-373
-364
-290
-239
-267
-267
-144
12
43
-4
-64
-119
-25
224
275
-3
-203
-121
50
114
31
-162
-323
-278
-116
-87
-238
-345
-294
-225
-217
-181
-139
-189
-240
-200
-93
23
76
25
-33
78
316
426
258
46
112
424
609
465
211
146
348
592
557
249
47
112
297
346
195
-12
-88
-12
19
-82
-207
-261
-304
-350
-344
-315
-341
-381
-363
-288
-258
-283
-266
-191
-147
-79
-21
-78
-153
-45
125
148
100
80
89
113
199
213
94
-16
52
181
224
172
55
-53
-35
135
263
146
-86
-109
38
116
94
58
-12
-37
76
229
257
169
105
140
239
302
245
92
9
55
91
-6
-189
-294
-240
-172
-322
-562
-589
-436
-359
-466
-577
-575
-462
-336
-201
-129
-156
-137
64
266
293
267
331
482
571
586
566
548
527
566
614
526
339
224
228
258
186
-10
-183
-229
-173
-124
-212
-411
-507
-409
-257
-216
-292
-362
-322
-157
-12
37
-39
-140
-106
65
190
99
-45
-80
-38
-12
-20
-88
-191
-242
-212
-190
-235
-315
-330
-285
-262
-300
-299
-176
-62
-62
-116
-74
76
268
351
300
278
415
597
709
722
623
491
495
646
697
504
238
116
179
263
195
-12
-219
-336
-283
-159
-243
-473
-574
-489
-422
-405
-369
-326
-329
-300
-178
-55
-36
-32
46
127
182
208
166
107
154
210
124
17
9
-4
-75
-148
-215
-268
-268
-260
-287
-348
-375
-309
-244
-263
-277
-152
44
77
-59
-116
53
282
382
321
229
199
303
485
550
398
222
229
345
399
338
200
35
8
132
180
26
-144
-147
-51
-28
-61
-128
-207
-199
-93
-52
-141
-199
-182
-139
-122
-119
-123
-140
-179
-223
-217
-138
-43
-38
-136
-206
-113
69
140
21
-95
-6
243
382
280
126
153
318
435
427
324
203
183
290
352
242
48
-39
-40
-46
-74
-124
-278
-441
-439
-324
-355
-512
-575
-523
-438
-388
-342
-314
-261
-110
72
124
88
177
368
489
478
417
366
400
497
524
398
189
89
124
131
-3
-184
-314
-380
-395
-395
-419
-491
-536
-465
-328
-258
-234
-189
-89
61
196
241
254
315
465
620
627
495
392
432
516
517
337
84
-54
-32
19
-85
-361
-584
-584
-473
-456
-595
-756
-731
-545
-395
-365
-377
-318
-166
-17
67
154
245
336
433
500
506
556
691
743
633
492
448
470
490
397
163
-45
-67
22
20
-167
-399
-444
-310
-207
-244
-402
-521
-422
-182
-85
-217
-354
-271
-52
68
12
-104
-134
-54
108
169
0
-206
-174
29
136
40
-170
-292
-201
-7
57
-82
-247
-250
-59
123
116
1
-58
-6
133
281
329
253
134
133
307
496
487
273
111
178
359
426
312
131
9
54
204
265
124
-57
-77
31
94
45
-41
-116
-172
-144
-20
26
-96
-265
-309
-201
-42
-45
-245
-418
-371
-182
-71
-153
-392
-558
-493
-252
-130
-306
-539
-522
-300
-141
-156
-266
-323
-210
32
159
99
11
98
327
520
535
431
383
506
681
684
555
498
536
556
521
419
318
284
326
265
110
-12
-22
-11
-89
-215
-298
-328
-308
-285
-324
-376
-372
-324
-322
-301
-232
-183
-178
-127
-42
-10
-28
-28
-1
15
-4
-40
-68
-88
-112
-105
-97
-125
-177
-185
-161
-133
-143
-171
-202
-212
-129
-43
-34
-103
-97
-11
98
166
186
193
224
284
323
320
322
345
350
321
273
244
235
219
164
95
62
43
2
-69
-151
-179
-172
-190
-245
-271
-258
-222
-199
-243
-302
-243
-105
-66
-161
-212
-137
-22
53
19
-73
-86
10
93
118
101
67
30
40
113
171
155
82
51
105
178
185
153
140
157
166
166
137
101
122
161
130
35
-31
-15
53
67
-11
-123
-165
-131
-90
-93
-161
-243
-252
-178
-99
-108
-173
-181
-109
-20
25
39
28
17
51
152
199
158
120
110
125
148
150
81
-6
-29
20
31
-66
-166
-168
-106
-86
-121
-191
-228
-155
-25
28
-40
-99
-42
87
164
152
136
131
158
201
235
236
191
143
117
133
154
130
25
-71
-94
-93
-110
-164
-251
-328
-344
-309
-270
-271
-343
-396
-336
-205
-131
-149
-198
-168
-33
132
191
141
101
158
316
431
405
282
246
339
466
502
406
272
227
290
343
310
193
70
26
49
55
16
-85
-198
-252
-243
-217
-238
-322
-408
-439
-404
-334
-300
-344
-394
-359
-249
-158
-147
-197
-176
-79
15
63
69
74
124
233
284
240
174
169
189
178
121
45
-12
-52
-82
-100
-144
-219
-247
-215
-208
-193
-152
-138
-124
-26
103
152
129
177
322
449
497
464
420
460
552
587
508
385
304
293
301
222
47
-139
-214
-222
-262
-378
-526
-632
-620
-554
-546
-603
-626
-563
-429
-309
-275
-290
-242
-43
155
191
124
149
281
413
479
448
342
314
404
427
298
160
105
98
52
-41
-116
-186
-230
-230
-202
-238
-288
-282
-233
-183
-148
-142
-120
-23
86
154
192
221
244
297
374
390
350
317
334
376
357
253
173
162
153
95
-3
-97
-152
-164
-207
-276
-316
-318
-351
-400
-418
-388
-344
-316
-322
-320
-261
-214
-178
-136
-73
-42
-17
26
97
159
180
195
196
189
231
321
340
253
157
139
185
232
214
122
22
9
74
113
59
-48
-118
-130
-104
-73
-89
-143
-196
-208
-172
-135
-128
-180
-225
-200
-112
-56
-83
-133
-135
-65
31
69
10
-52
-35
70
154
136
42
-5
66
194
226
143
62
73
157
220
206
137
89
73
104
156
155
97
51
47
34
49
92
67
-25
-75
-2
84
65
-14
-60
-67
-43
8
1
-67
-133
-139
-82
-40
-68
-142
-187
-148
-66
-31
-91
-184
-209
-128
-30
-38
-155
-228
-151
-18
-2
-104
-162
-116
-21
35
8
-43
-9
63
113
141
153
161
161
174
207
230
215
172
164
171
179
167
126
97
101
116
96
29
-29
-39
-45
-63
-99
-161
-211
-220
-215
-235
-288
-309
-275
-207
-177
-185
-179
-125
-49
16
59
70
69
102
162
181
187
192
192
197
190
164
120
81
41
16
-6
-45
-108
-161
-169
-131
-118
-158
-191
-198
-177
-120
-61
-39
-43
-37
22
93
124
148
185
184
159
182
229
220
167
134
108
81
62
39
-26
-69
-86
-99
-116
-135
-136
-137
-150
-141
-85
-66
-72
-50
9
58
82
82
56
50
77
116
109
73
63
89
86
26
-17
-8
-6
-68
-136
-151
-119
-115
-131
-177
-200
-158
-75
-41
-67
-49
39
128
156
156
178
228
252
267
268
254
225
221
221
185
101
10
-43
-79
-116
-166
-244
-312
-304
-250
-212
-238
-289
-285
-160
-17
16
-61
-92
23
204
289
217
121
154
282
361
317
214
141
151
207
184
69
-63
-144
-158
-149
-215
-324
-402
-396
-347
-320
-360
-399
-367
-303
-234
-170
-128
-88
-36
27
103
179
234
246
250
266
289
329
355
322
258
213
212
223
180
102
39
-4
-38
-76
-105
-161
-220
-223
-164
-121
-153
-203
-219
-167
-80
-33
-44
-51
-7
68
138
168
164
163
187
222
259
269
222
174
165
158
155
142
87
13
-10
-15
-49
-115
-167
-188
-200
-203
-235
-289
-318
-263
-220
-215
-224
-243
-236
-187
-118
-91
-97
-117
-72
7
79
124
128
124
132
190
248
266
228
189
188
206
212
203
190
162
131
103
69
21
2
-2
-26
-86
-147
-151
-95
-56
-110
-210
-234
-149
-61
-48
-95
-131
-100
-7
75
75
58
69
92
116
165
210
200
143
101
118
137
115
57
-16
-74
-88
-73
-108
-183
-227
-234
-213
-172
-179
-226
-225
-175
-132
-124
-142
-122
-42
43
73
78
105
130
154
176
195
207
196
172
159
158
148
139
114
62
6
4
21
-5
-80
-138
-135
-95
-83
-121
-168
-178
-114
-27
-10
-71
-101
-61
24
61
24
-34
-43
14
66
50
-19
-67
-56
-12
12
-18
-62
-71
-46
-3
36
40
26
26
36
49
93
137
121
70
69
131
182
165
99
56
68
115
141
94
19
-17
5
31
10
-43
-75
-61
-13
18
3
-60
-104
-81
-24
18
1
-63
-103
-58
23
52
-12
-95
-106
-66
-44
-54
-112
-162
-160
-137
-136
-149
-149
-145
-137
-134
-123
-110
-78
-31
-7
-6
11
40
101
167
183
169
178
210
248
265
238
198
189
199
198
192
163
121
93
85
89
73
17
-35
-49
-46
-52
-87
-142
-167
-134
-71
-67
-120
-178
-156
-57
1
-35
-92
-86
-57
-23
-10
-40
-71
-68
-53
-57
-67
-83
-83
-61
-72
-116
-128
-87
-32
-16
-43
-58
-33
-8
0
-11
-27
-26
-20
0
23
35
13
4
40
101
106
47
0
4
58
104
74
-7
-27
35
95
71
12
-22
6
46
44
10
1
12
43
72
77
57
46
46
41
53
64
55
9
-18
-3
30
15
-58
-112
-85
-18
-7
-33
-70
-77
-30
37
50
24
-10
-20
14
64
79
44
16
24
62
104
106
35
-40
-40
14
39
2
-66
-114
-126
-88
-48
-64
-110
-116
-72
-17
18
12
8
30
69
97
123
123
96
96
130
164
154
96
46
54
91
95
37
-16
-42
-32
-12
-37
-99
-153
-155
-132
-118
-121
-139
-138
-98
-61
-64
-80
-74
-44
0
13
-6
-15
20
66
87
66
24
28
85
96
48
12
-7
7
45
33
-28
-66
-54
-23
-5
-32
-92
-105
-59
-7
-26
-87
-113
-55
22
34
-4
-44
-17
46
76
51
27
48
85
83
55
53
67
75
58
25
20
38
56
34
5
-9
18
24
-20
-45
-39
-20
-30
-67
-91
-67
-49
-58
-75
-64
-40
-30
-39
-25
-11
-8
-2
15
29
43
59
45
24
14
27
32
29
13
-25
-41
-6
16
-16
-44
-42
-11
15
15
-4
-6
12
38
40
7
1
34
55
39
22
44
90
117
115
89
55
35
38
34
14
-20
-24
-9
0
-5
-18
-18
-20
-31
-49
-44
-18
-8
-22
-29
-8
4
12
25
32
20
13
29
27
5
-22
-29
-40
-58
-62
-44
-34
-49
-75
-105
-104
-98
-104
-116
-112
-93
-83
-76
-42
-30
-46
-32
17
51
45
47
68
101
128
146
165
168
157
160
179
167
144
120
79
31
-8
-4
6
-20
-89
-144
-161
-146
-130
-141
-185
-220
-191
-126
-77
-87
-101
-70
-3
51
34
16
39
82
118
119
91
65
79
113
134
112
77
62
76
65
35
-9
-50
-58
-60
-63
-75
-92
-109
-93
-75
-66
-74
-62
-37
-23
-8
-3
9
21
33
30
35
53
82
85
58
32
23
33
44
12
-41
-40
-21
-31
-50
-60
-70
-62
-68
-86
-99
-84
-76
-62
-53
-44
-27
-11
-10
-18
-10
17
76
102
79
52
63
104
132
122
80
62
84
134
151
106
55
72
116
144
151
102
47
38
94
121
82
8
-26
5
44
29
-28
-77
-93
-99
-92
-82
-106
-152
-167
-120
-58
-52
-106
-138
-114
-60
-29
-53
-110
-115
-77
-28
-20
-49
-41
-3
35
26
12
13
37
49
33
39
63
86
79
52
38
53
51
39
24
10
18
15
4
-19
-36
-24
9
16
-3
-11
-13
-26
-37
-43
-61
-73
-62
-36
-6
-1
7
20
14
19
36
56
55
43
35
46
42
28
1
-15
-21
-25
-35
-58
-66
-42
-10
-13
-55
-92
-82
-48
-34
-56
-86
-69
-22
12
33
30
34
40
46
45
57
77
74
62
55
60
58
53
22
3
1
-13
-21
-21
-18
-30
-35
-43
-57
-68
-66
-51
-36
-42
-39
-29
-13
-3
0
-4
-13
-6
13
6
-40
-54
-27
9
18
8
4
10
14
4
3
3
3
11
18
4
6
32
52
55
57
65
74
86
92
73
57
51
38
34
59
62
44
31
26
24
11
-25
-44
-32
-17
-1
4
2
11
26
19
19
17
-12
-44
-56
-44
-47
-52
-44
-34
-20
-24
-23
-26
-28
-24
-27
-50
-56
-38
-21
-20
-36
-45
-41
-6
18
19
8
9
18
33
34
10
1
15
41
65
74
39
17
26
28
24
20
1
-19
-17
16
35
12
-11
-17
3
14
10
-5
-6
8
31
35
6
1
12
37
55
44
24
33
52
50
37
34
39
32
9
-17
-28
-27
-31
-53
-101
-119
-88
-47
-42
-94
-128
-99
-60
-54
-80
-90
-59
-25
-10
-12
-26
-26
-5
-3
-14
-8
6
22
29
21
22
38
40
44
46
18
4
33
36
23
19
9
4
-2
-13
-37
-35
-48
-47
-23
-17
-34
-44
-18
22
42
19
-9
4
39
37
24
12
6
38
58
47
22
9
15
38
55
38
11
-16
-18
2
16
-9
-20
-23
-22
4
24
22
4
8
12
37
60
40
16
26
32
41
53
36
6
-10
-16
-13
-2
-22
-69
-103
-100
-81
-71
-108
-138
-120
-83
-55
-53
-67
-71
-53
-5
26
31
36
56
81
107
128
155
144
103
99
119
119
93
62
14
8
16
11
15
6
-44
-61
-47
-50
-66
-91
-92
-79
-59
-62
-71
-89
-91
-71
-42
-43
-43
-12
20
45
48
39
26
32
27
25
22
32
27
29
44
49
65
51
33
33
25
2
7
17
-4
-20
-6
11
23
24
3
-13
8
41
54
26
7
18
43
47
28
-15
-15
44
75
57
34
32
39
53
34
3
-19
-21
-7
-3
-28
-50
-50
-41
-50
-61
-76
-101
-106
-91
-79
-75
-77
-67
-51
-30
-39
-45
-51
-33
-3
6
2
-25
-7
23
29
8
8
0
-15
-4
9
6
-14
-24
-19
-4
-9
-10
-1
16
43
30
10
8
27
45
37
25
25
39
61
78
80
66
43
54
79
79
59
35
12
15
19
1
-23
-40
-38
-45
-62
-77
-76
-86
-101
-120
-112
-92
-80
-57
-52
-67
-69
-47
-31
-27
-32
-24
12
32
30
38
61
84
100
101
96
94
98
101
103
87
73
46
37
33
19
13
-4
-29
-33
-18
-17
-10
-14
-45
-47
-24
-11
-14
-38
-57
-40
-23
-28
-19
3
13
17
10
11
28
42
37
23
50
91
100
83
66
64
81
73
36
4
-27
-38
-41
-56
-62
-58
-42
-35
-61
-84
-80
-69
-72
-90
-90
-75
-57
-47
-52
-55
-37
-22
5
28
29
27
32
50
48
62
53
35
37
24
7
1
-12
-13
1
-5
-29
-55
-47
-15
-3
-21
-50
-61
-38
-36
-71
-91
-82
-63
-48
-43
-39
-52
-50
-18
20
27
36
39
46
93
100
80
75
86
88
85
74
56
48
60
63
47
40
32
25
26
6
-15
-18
-4
7
-3
-17
-16
5
15
-13
-31
-16
1
-7
-28
-29
-19
-2
-5
-4
26
41
29
18
17
14
-4
-10
-17
-32
-32
-29
-29
-35
-45
-63
-56
-46
-46
-48
-47
-39
-25
-24
-28
-12
16
36
38
35
48
65
62
44
30
44
62
59
47
49
65
45
17
10
14
11
-2
-8
10
14
8
-2
-15
-23
-18
-7
-12
-8
-12
-17
-27
-24
-12
-11
-23
-14
-11
-16
-10
-25
-47
-61
-70
-70
-42
-25
-33
-30
-32
-23
-12
-8
-18
-18
2
18
18
26
25
31
47
54
74
85
76
60
48
20
4
-12
-12
-1
-13
-33
-29
-2
-1
-20
-50
-52
-35
-17
-18
-40
-44