2
1
1
0
-3
-6
0
-4
-4
4
-1
-5
-1
1
-3
-1
-3
-10
-2
1
-2
-2
7
6
3
3
-5
-6
-3
-8
-20
-16
2
0
-1
11
7
7
2
-3
-3
-5
-6
-20
-19
0
16
4
-2
18
12
-8
-8
-4
-9
-6
-6
-10
-8
6
16
10
5
16
11
-8
-5
11
-1
-22
-10
-4
11
14
10
24
15
-5
4
20
4
-10
-5
-17
-3
17
-5
11
33
6
-3
4
3
2
9
-13
-23
-1
-1
-4
5
8
-8
-9
7
-5
-13
2
7
4
12
3
-12
22
28
0
-15
-22
-5
22
6
-26
-19
5
12
1
-15
-13
3
8
5
-16
-25
10
6
-22
1
16
-3
16
36
-22
-41
9
7
-5
14
12
-6
3
23
18
7
3
17
7
-8
11
0
-21
-7
23
3
-7
1
4
3
-2
-11
-11
-5
-14
15
38
0
-34
6
34
6
-37
-59
-24
25
1
-58
-13
39
23
7
-10
-24
-4
8
-16
-25
-14
20
21
-11
-1
24
9
-5
32
3
-43
-15
7
5
-3
-24
-20
28
31
-3
-13
-17
-7
-12
-26
-13
5
-21
-12
43
-1
-34
1
24
24
2
-3
11
39
37
-5
-6
16
3
-18
12
17
-20
22
25
-24
9
38
-29
-17
78
4
-37
77
-51
-101
132
23
-91
61
-66
-88
183
-3
-144
61
-65
-66
152
-8
-148
26
45
-3
62
-9
-73
36
53
-19
8
7
-31
6
32
16
2
-31
-22
21
19
-43
-27
12
-4
14
-25
-53
18
54
-21
-38
29
28
8
14
-14
-21
10
-24
-18
30
10
-36
-29
11
22
-7
-51
-22
47
36
-22
-7
14
12
6
-14
-22
11
-5
-56
1
35
8
-2
4
14
41
29
-26
-21
12
30
12
-26
-32
11
10
9
9
-27
-11
20
2
-23
7
-17
-19
6
-33
-33
5
15
-44
-51
13
24
-8
-44
-20
15
33
28
-45
-13
24
11
13
-7
5
-10
5
13
11
35
21
8
-8
9
10
4
19
-3
-2
18
12
11
3
4
12
5
-2
27
12
-25
13
23
2
9
6
-29
23
53
-3
-44
-20
1
-18
11
-25
-51
-22
22
21
-34
-19
11
18
20
9
-4
12
-3
-17
35
30
-6
10
10
-31
11
45
11
1
-23
-30
35
49
-12
-9
9
35
50
5
-34
-16
50
22
-28
-15
-16
-1
11
10
-23
-46
-18
20
8
-17
-34
-66
-49
2
-46
-107
-46
-41
-84
-105
-111
-73
-61
-91
-126
-57
9
-24
-49
-16
28
20
49
41
66
124
50
36
115
88
35
59
66
49
72
49
23
103
127
85
9
10
75
60
-8
-26
-7
-24
63
87
-11
-38
-24
-3
11
-1
-69
-82
18
82
51
-68
-56
32
-6
-48
-89
-107
-90
-108
-191
-214
-163
-184
-204
-197
-169
-108
-107
-88
-95
-60
11
68
131
120
113
62
91
156
167
144
154
161
243
286
214
208
247
224
111
40
-30
-19
-80
-224
-186
-58
23
-28
-74
14
83
37
-159
-234
-202
-129
-80
-125
-88
-8
144
194
194
156
21
-62
-121
-143
-248
-394
-440
-338
-198
-245
-271
-179
-125
-74
-82
-95
-38
38
141
213
325
472
527
525
638
710
622
532
555
548
420
382
354
288
212
113
20
-1
-29
-228
-471
-451
-364
-440
-419
-344
-243
-128
-42
-116
-213
-134
-53
-29
-38
-111
-109
32
155
117
6
-58
-143
-205
-275
-312
-414
-525
-593
-534
-482
-565
-568
-563
-511
-573
-528
-441
-291
-153
-126
-39
78
208
259
362
432
352
320
403
483
516
502
460
450
483
445
439
457
385
108
-145
-304
-360
-254
-230
-228
-130
89
256
396
524
535
531
518
453
494
509
436
386
500
552
442
386
368
268
-15
-186
-288
-463
-707
-758
-582
-423
-449
-621
-556
-370
-238
-322
-526
-588
-433
-189
-172
-253
-264
-72
271
339
205
135
199
220
31
-160
-339
-460
-515
-588
-452
-304
-345
-543
-501
-381
-362
-266
-264
-164
41
307
521
668
840
991
1207
1348
1258
1142
1188
1158
1059
1014
891
642
481
465
304
126
31
-108
-260
-271
-276
-546
-727
-710
-441
-382
-732
-1131
-933
-427
-125
-612
-2510
-3049
-1430
368
-447
-2952
-4301
-2772
394
807
-1412
-3744
-3251
-793
1983
2211
-1012
-2699
-385
4206
6588
4663
-1362
-3456
3334
10371
8412
-274
-4759
-439
9104
12080
3872
-5183
-4923
3041
9132
6761
-3719
-10746
-6062
2690
5442
-220
-8417
-10688
-4015
4155
4254
-2098
-8025
-6816
840
6442
3698
-3318
-6400
-3205
2977
5007
305
-5396
-5985
-1915
1743
944
-3607
-6314
-4433
-952
327
-1577
-4234
-4002
-1145
1038
1022
-123
-432
1036
3873
5760
5793
3996
1688
1529
5594
9479
7369
1270
-1620
2795
9755
11104
4438
-2781
-2439
4295
8895
5280
-3625
-9271
-5936
1661
3903
-1650
-8737
-10437
-5244
1601
2840
-2829
-8364
-7389
-907
4334
3123
-2871
-6694
-4029
1758
4485
563
-6106
-7945
-2564
2463
573
-5529
-8692
-5310
290
1394
-3266
-7144
-5181
377
3399
1198
-2193
-1473
3217
7197
7749
5851
4424
4761
4595
5208
8441
9490
4264
-1076
1292
8063
12210
8646
-150
-4223
1353
8599
7799
-211
-8824
-9830
-1844
4659
1281
-7261
-11556
-8821
-1570
3072
-501
-7446
-9444
-4464
2306
4578
-101
-6031
-6336
-1074
3316
1174
-4325
-6673
-3771
-1157
-1927
-3947
-4496
-3345
-2825
-3546
-4399
-3289
-1226
-369
-1594
-3306
-1418
3056
6165
5299
2801
3912
8167
10901
6322
1215
4180
10714
10625
2967
-1012
2866
10764
12558
5239
-2579
-2439
5231
9299
4773
-5414
-11694
-6756
1872
4014
-3239
-11069
-11968
-5508
2757
3116
-4176
-10991
-8639
184
6070
3733
-4227
-8502
-4297
2628
3502
-610
-5351
-7104
-5163
-1612
-251
-1938
-4802
-7306
-6253
-2087
732
-562
-3455
-5170
-3487
1752
5572
5059
2517
1740
4852
10202
13379
7566
-697
1677
12454
15985
6102
-3165
-1145
9587
16154
9964
-2542
-6949
1643
10421
8847
-2975
-13903
-11961
-378
6396
-864
-11918
-15337
-9103
1309
5042
-1883
-11896
-11737
-1881
6618
5577
-3417
-10260
-7475
1231
4486
895
-5290
-8777
-6964
-1480
1498
-955
-5047
-8442
-7115
-1923
2246
288
-4420
-5767
-3077
3095
7204
5808
2885
2047
5391
10498
13881
12354
3452
-2275
5387
19293
18061
1601
-7367
785
15730
19747
8107
-8379
-10030
4406
13783
8610
-7200
-18783
-13465
2904
8894
-3506
-16310
-18067
-9139
3213
6256
-4631
-16832
-13629
-629
7881
4704
-6627
-13004
-9421
8
6804
3763
-7644
-15819
-9653
2709
7212
-533
-11934
-14032
-5261
5907
6207
-3024
-10852
-7788
4092
10678
7843
1723
-220
3374
11303
16904
13298
7704
2412
1423
11544
23252
17598
-2453
-8065
5258
20918
21915
5324
-12337
-10700
8647
17720
7869
-10650
-21725
-12660
5857
11149
-5086
-20734
-20180
-7904
5216
5876
-6680
-19166
-14960
681
9561
4241
-8480
-15752
-12167
1736
10925
2955
-14109
-19846
-7563
7834
9203
-5825
-18503
-14383
694
9759
4166
-8684
-14085
-3160
10951
12602
3804
-3071
495
10196
17682
15312
7312
5033
7712
9126
11138
15782
13966
2268
-3440
5289
17026
17135
4998
-8417
-9094
5218
14053
5884
-9965
-18414
-12571
1900
8386
-3960
-19133
-19073
-7632
2372
3751
-4492
-15567
-14936
-1490
8017
4461
-7535
-16659
-12369
1473
8481
-622
-14102
-17132
-6536
6645
5834
-7622
-16545
-9780
2327
6873
1213
-7798
-7969
1791
11160
11182
4614
1668
6952
15091
18009
13164
3373
1455
14284
24740
14862
-2473
-3145
11449
22472
16881
-1187
-12542
-3127
12991
13765
-2018
-18454
-19483
-3705
10218
2925
-16583
-24029
-13704
1117
6646
-3121
-18772
-20076
-3500
10536
7490
-9033
-21459
-13252
6422
13113
-2538
-20952
-19954
-62
14355
3657
-17124
-21325
-3388
12389
7939
-9067
-17296
-4572
13235
15234
2079
-6441
2308
18216
24454
15989
993
-2670
13484
31429
23330
-2590
-10069
9668
30063
25220
886
-15435
-4957
18745
21259
-1683
-23300
-20752
-900
11466
2133
-20479
-27946
-12148
5384
4584
-10189
-20154
-17240
-3221
7578
2778
-10680
-15056
-8348
-450
4282
1350
-8430
-16355
-11699
1131
8305
-271
-16872
-19384
-3747
12169
7976
-8137
-17001
-7266
12286
18591
6445
-7672
-2736
16111
26993
21068
6372
-2394
6059
25676
31201
9655
-10165
-1623
22026
29609
12286
-8793
-11095
7675
20105
8378
-12458
-20733
-10853
2581
4145
-9856
-22207
-17385
-5378
-744
-5437
-11059
-13879
-11336
-3406
955
-2386
-7966
-11546
-9620
-1350
4879
-691
-13091
-15646
-4799
7126
3665
-11195
-17441
-6740
7473
6498
-4973
-12449
-5470
8897
13237
4716
-3761
2232
15317
20819
15158
8430
5405
9132
19938
25144
13110
-3155
-98
17085
25355
13728
-3717
-8253
4391
17085
10224
-7557
-17376
-10782
1573
3959
-6722
-19489
-17741
-7186
-1393
-4817
-11177
-14193
-12525
-5410
-29
-2004
-8065
-10795
-9760
-5285
481
1080
-6840
-15396
-12521
-263
7353
-1024
-14547
-15466
-1829
10335
6618
-6760
-13822
-2533
14256
15538
3131
-4532
4011
17941
22846
16343
6481
3386
11989
24408
23701
6881
-4505
4567
20744
21786
6886
-5848
-4587
8431
14420
4076
-11704
-15563
-5810
1894
-930
-11759
-17939
-13966
-6358
-3743
-8146
-12031
-12825
-10337
-5532
-2396
-3788
-9901
-13317
-8807
-733
1492
-6278
-14311
-12551
-1054
5936
-1630
-12867
-12659
-91
8425
4058
-7088
-10283
853
12857
12221
1832
-1444
6776
17993
20663
14094
8624
7722
12854
19782
22261
12849
-141
1609
14879
22126
12553
-1880
-7161
1743
13356
9874
-5793
-17379
-12255
-1230
1361
-6292
-17308
-19116
-11447
-3073
-4410
-11261
-14134
-13133
-8010
-2596
-1645
-7371
-11738
-10751
-7377
-912
2170
-4701
-16318
-15068
119
9972
1741
-15262
-17733
-1196
14954
9810
-9254
-16050
-792
19390
19606
3218
-6242
4572
24138
28320
16034
2824
3718
17248
26945
22138
4181
-4209
6342
21018
20127
4271
-6577
-4174
8060
12010
1336
-11959
-14690
-6913
-2001
-3617
-11737
-18157
-14992
-7540
-5149
-9536
-11915
-11933
-11101
-6311
-2550
-4275
-10589
-13215
-7808
-731
1573
-6857
-14965
-11683
1131
7082
-3400
-14413
-12430
2289
9655
2272
-9502
-9902
4376
15224
12289
1203
-617
10211
21532
21973
12540
8592
11317
15798
18945
19227
13577
3180
3363
13112
18958
12140
-78
-5065
98
10220
8500
-4426
-14769
-12992
-4039
-1003
-5741
-15709
-19272
-13016
-6048
-5381
-10358
-13625
-14550
-10617
-3941
-2117
-5975
-10920
-11362
-9188
-3221
2329
-2079
-13401
-17133
-5016
8672
6588
-10338
-19694
-7189
11813
13562
-3706
-16100
-6991
14159
22791
9530
-4980
-160
19845
30388
21126
6677
2141
12627
25548
26386
10705
-3706
1960
17576
22726
10316
-3766
-6069
3284
11326
5558
-6825
-13736
-11015
-5066
-2942
-6903
-14982
-17254
-12854
-7973
-6589
-8508
-11724
-15141
-11380
-3000
106
-5897
-13962
-12677
-4089
3009
-1122
-11938
-14952
-5477
5457
2203
-9584
-13983
-4512
6218
4466
-5441
-10503
-2233
9729
12128
4898
-17
6436
16871
21491
16461
11696
12526
14293
16718
19151
18780
9338
2429
7799
17140
17397
6493
-2963
-3324
5648
9999
1908
-10109
-14977
-8886
-2247
-3122
-11793
-18927
-16085
-9078
-5719
-8813
-13044
-14691
-12165
-5895
-2750
-5213
-9420
-9462
-8044
-5951
-1698
-613
-6834
-13257
-9479
931
5901
-1935
-13320
-13136
638
10609
3521
-9870
-11078
3110
16913
15283
3129
-1675
9694
25237
26050
15201
6012
7987
18540
26646
21634
4731
-1635
9285
21910
17907
2791
-5201
-1860
7491
8470
-662
-11548
-14366
-8018
-3964
-5993
-13073
-17189
-15462
-11584
-8115
-8923
-11670
-14557
-13111
-7056
-2860
-3289
-9209
-12442
-8152
-526
1291
-6141
-11475
-8221
-35
2075
-3727
-8531
-6949
-265
2100
-1388
-5256
-3098
3867
6800
5753
4767
7821
12462
14969
16007
15920
17881
16287
12226
13410
20272
21850
9682
1197
6924
18354
17966
4957
-5306
-4159
6341
9762
134
-13575
-17056
-7989
-1624
-5408
-15607
-20611
-16311
-9733
-7297
-11246
-15130
-15432
-11627
-6363
-4261
-5493
-8576
-10403
-9607
-3629
2422
-788
-10500
-13667
-4078
7118
5779
-7139
-14603
-5546
8848
9703
-2866
-11492
-4031
11141
16573
8192
-378
3828
16980
24893
19371
11356
9072
12614
18273
22316
17977
4917
646
9925
19363
15271
4042
-3331
-2644
5424
8548
964
-11288
-15164
-9485
-4211
-5285
-12728
-18279
-17357
-12174
-8235
-9352
-13013
-15984
-13752
-7523
-3899
-4837
-9799
-12336
-8619
-1065
1589
-4856
-10558
-8208
738
4689
-398
-7400
-7397
854
5661
2220
-4752
-4704
3050
9311
8946
4524
4104
9540
16536
18061
14199
13186
13814
12967
14120
18575
17870
7561
2523
8756
16566
14895
5153
-3119
-3141
5683
8536
-631
-12393
-14626
-7719
-3623
-6365
-14291
-18689
-15608
-10243
-8478
-11755
-14174
-14096
-11848
-8097
-5268
-4682
-7368
-10278
-9085
-2929
2454
-165
-8041
-10961
-3141
7640
7072
-4730
-11886
-3745
8666
8883
-1902
-9314
-3677
8949
14802
8240
-237
3218
15487
21716
16259
10635
10388
11442
14389
18279
17030
7160
1930
7340
14716
15021
7106
-1752
-4488
2795
7829
1714
-9892
-15381
-11008
-5464
-4916
-11269
-17688
-17502
-12411
-8069
-8860
-12155
-14760
-13963
-8700
-3430
-2420
-6683
-11345
-10087
-2208
4798
1690
-8542
-12426
-2816
9695
8228
-5134
-12331
-3677
9342
9947
-1171
-10130
-4555
9586
15297
7868
-917
3279
14980
21509
16331
10186
9759
11423
14508
16921
16121
7590
2229
6049
13110
14505
7244
-1529
-5091
1502
6991
1729
-8887
-15030
-11752
-6565
-5009
-9988
-16862
-17383
-13336
-8856
-8757
-11044
-13911
-14780
-9734
-3744
-1627
-4787
-8655
-10075
-5344
3666
5520
-3901
-13324
-8310
6072
12176
1612
-12374
-10916
5215
15096
5976
-9396
-11143
4149
17929
14327
573
-2933
9366
22126
21446
12394
6845
7451
13502
19302
18361
7547
-619
3369
12703
15734
7906
-2044
-6169
568
7256
3394
-6827
-13943
-12454
-7199
-3781
-7593
-15366
-17513
-13788
-8650
-7130
-9092
-12971
-14761
-9633
-3214
-1144
-4460
-8850
-10166
-5279
2968
4412
-3777
-11576
-7675
4600
10208
1711
-10064
-9233
3703
11804
5176
-6980
-8840
2991
14474
12638
1965
-885
8514
19000
19359
12271
7956
7713
12331
16832
16857
8905
807
2589
10098
14257
8059
-970
-5246
-479
5621
3260
-4935
-12332
-12185
-7449
-4266
-7017
-14022
-16371
-13521
-9129
-7462
-8973
-11523
-13203
-9422
-4186
-1808
-3914
-6796
-7717
-6618
-630
3936
991
-7911
-9703
381
9844
7162
-5620
-10979
-2147
10502
10382
-2524
-10791
-3335
12295
16456
6120
-2475
2783
16263
21795
15134
6567
4682
10575
16785
17504
9720
421
898
9106
14124
8239
-849
-4533
-997
4306
3100
-3639
-10578
-11489
-7804
-5338
-7137
-12272
-14618
-13789
-10959
-8512
-8213
-9972
-12278
-10564
-5987
-2386
-2312
-5440
-8404
-7503
-1097
4119
1294
-6205
-8393
-491
8163
7276
-2570
-8693
-2225
8275
9619
-210
-7681
-2705
9008
13877
7236
167
3283
13262
18813
14632
8866
6663
8601
13071
15829
12781
3038
-475
5378
12325
10516
1677
-4342
-4089
2484
4944
-643
-9518
-13160
-8657
-4469
-5059
-10972
-15615
-14919
-11016
-7688
-8252
-10660
-12684
-11059
-6301
-2566
-2200
-4847
-7867
-7868
-2524
4111
3479
-4774
-9463
-3082
8196
10432
305
-9656
-5461
8281
13049
2951
-8597
-6078
7339
15444
9865
-467
-522
10560
19618
16571
8239
5194
7720
12564
15267
13025
4454
-721
3938
10591
10559
3435
-2717
-4289
189
4171
1142
-6695
-11975
-10089
-5970
-4657
-8234
-13543
-15015
-12460
-8718
-7448
-8967
-11628
-12012
-7827
-3078
-1404
-3403
-6185
-7890
-4915
2301
5499
-583
-8872
-7225
4138
12201
5679
-7675
-9683
3556
14562
8703
-5471
-9613
1852
14756
13879
1861
-3841
5220
17574
18598
10032
4551
5243
10164
14694
14070
5883
-1778
970
8300
10728
5099
-2103
-5293
-1869
3834
2441
-4721
-10976
-11006
-7041
-4409
-5878
-11554
-14556
-12821
-8795
-6261
-7189
-9961
-11874
-8766
-3312
-229
-1659
-5431
-7287
-4585
1931
5476
1276
-6270
-7207
1491
10380
7765
-3908
-8999
38
11154
10111
-1087
-8100
-2295
9909
14304
5699
-2725
1234
12812
17687
12672
6595
3766
6579
12597
15386
8899
-1398
-2328
5209
11388
7715
-1181
-6316
-3358
3816
4030
-2855
-10460
-11627
-7266
-4050
-4902
-10333
-13663
-12396
-8591
-6048
-6806
-8776
-10817
-9239
-4629
-874
-1034
-4323
-6324
-5168
11
4770
3280
-3729
-7620
-1347
8118
8900
-705
-8107
-3298
7322
10752
2576
-6462
-4773
6419
13340
7824
-713
-62
8963
15400
13124
7520
4329
5304
9624
13104
11025
2367
-2384
1920
9051
9465
2151
-4492
-4992
1260
4891
535
-7604
-11831
-8760
-4269
-3429
-7970
-12923
-12740
-9279
-5869
-5705
-7710
-10019
-9758
-5669
-1749
-729
-3293
-5748
-5273
-1727
2933
3697
-576
-5488
-3979
3770
8490
3904
-4946
-6002
1970
8988
6306
-2564
-6028
506
10125
11205
3464
-1249
4013
12951
14955
9835
4831
3479
7218
12338
13008
5535
-2385
-426
7439
11110
4958
-3328
-5362
-61
5297
2294
-5570
-10693
-8841
-4563
-3746
-6756
-11124
-11987
-9840
-7203
-6234
-7112
-8008
-8949
-7775
-4167
-547
-538
-4268
-6747
-4854
1329
5506
2097
-5778
-7767
927
9777
7133
-4211
-9007
-688
9655
8885
-1695
-8156
-2161
9283
12499
4419
-2617
1469
11810
15666
10263
4786
4015
6706
10167
12035
8345
276
-1952
3987
9847
7570
144
-4514
-2938
3028
4771
-773
-8522
-10518
-6310
-2876
-3924
-8852
-12387
-11413
-7520
-4946
-5888
-7697
-8787
-7863
-4457
-1134
-620
-3424
-5174
-4959
-2210
2618
4088
-814
-7379
-4870
4715
9755
3075
-7275
-7271
2999
11097
5745
-5555
-8442
1201
11914
10631
984
-3421
4226
14172
14958
8428
3282
3167
7404
12410
12426
3789
-3564
-224
8276
10663
3829
-3328
-4926
629
5520
2480
-5399
-10349
-8038
-4031
-2931
-6045
-10523
-11549
-9319
-6146
-5058
-5707
-7122
-8657
-6652
-2193
888
-689
-4289
-6136
-4461
1778
5768
1853
-6465
-7529
1541
9827
6797
-4807
-9450
-1188
9499
8384
-2691
-9276
-3435
8217
11564
3951
-3195
482
10891
15193
10479
4709
3096
5711
10141
12615
7653
-1062
-2340
4582
10401
7297
-363
-4816
-2135
4290
4749
-1889
-8988
-9438
-5288
-2859
-4248
-8833
-11401
-10101
-6873
-5032
-5522
-6346
-7698
-7328
-4255
-582
208
-2403
-4895
-5374
-938
4374
4147
-2643
-7365
-2335
6221
7915
-405
-7439
-4411
4612
8117
1498
-6140
-5642
3368
9371
5896
-457
-197
7026
12171
10914
7137
5547
5304
7356
10591
10553
4006
-1286
1332
7115
8814
3628
-2199
-3875
1113
4931
1325
-5492
-9244
-7125
-4088
-3441
-6576
-10705
-10809
-8324
-5925
-5598
-6074
-6840
-7697
-5510
-2101
-27
-1291
-3378
-4475
-3691
1026
4570
1958
-5101
-6384
947
7984
5775
-4080
-8413
-1829
7641
7153
-2823
-8916
-3582
7148
9965
3075
-2804
446
9834
14095
10270
4553
2738
6205
10624
12472
7386
-191
-1009
5267
10552
6939
-317
-4135
-1169
4228
3939
-1710
-7995
-8713
-5293
-2649
-3816
-8504
-10940
-9783
-6688
-4736
-4776
-5951
-8051
-7199
-2983
784
215
-3341
-4882
-3408
411
3265
2003
-2558
-5150
-1548
4074
5488
426
-5459
-4729
1870
6116
1853
-5036
-5700
688
6835
6512
1779
-605
3768
10468
11979
8498
4661
3561
6048
10516
11838
5225
-1791
-214
7470
10331
4493
-2504
-4262
518
4511
2367
-4274
-9190
-7901
-4008
-2373
-5343
-9641
-10675
-8620
-5558
-4154
-4674
-6681
-8112
-5461
-632
1755
-936
-4225
-4102
-1911
1850
3737
1047
-4447
-5397
565
6048
4746
-2971
-7697
-3532
5070
6582
-1510
-8068
-4940
4675
9607
5409
-1176
-1082
7616
14394
12107
5272
1481
4503
9968
13266
8246
-915
-2631
4740
11280
7088
-1016
-4502
-1142
3903
3580
-1726
-7932
-8673
-5204
-3097
-4408
-8234
-9898
-9125
-6869
-4888
-4484
-5099
-6799
-6329
-2895
713
648
-2640
-3868
-2116
398
1873
1255
-880
-2904
-1939
1012
2899
1611
-2607
-4915
-2319
2699
3099
-1540
-4783
-2673
3494
7534
5513
741
841
7725
12954
11262
5406
1343
4117
10886
13691
5563
-3665
-1723
7912
11809
4280
-3930
-4736
1584
5892
2389
-5195
-9572
-6683
-2514
-2634
-6519
-9745
-9139
-7197
-5438
-4626
-4773
-5371
-6206
-4416
-1067
1001
-167
-2882
-3165
-1725
1287
2847
912
-2594
-3838
-345
2999
3295
-1170
-5773
-4520
1180
4204
-312
-5149
-4472
1096
6422
6189
1988
-330
4522
11162
11637
7737
3255
2738
6410
11759
10993
1612
-3816
970
9699
9259
1110
-4758
-3527
2716
4902
820
-6820
-9776
-5848
-2026
-2569
-7146
-9707
-9022
-6600
-4018
-3581
-4434
-6033
-5624
-2747
315
1299
-1059
-2920
-2645
-710
1748
2487
717
-2942
-3963
-583
3862
3893
-2464
-7483
-4454
3306
5214
-982
-6588
-5155
2914
9075
6354
-829
-1831
6655
13503
11701
5125
873
3092
9464
13674
7430
-2872
-3663
5493
11374
5736
-2628
-5200
-668
4644
3820
-2640
-8821
-7855
-3297
-1731
-4301
-8168
-9134
-7757
-5115
-3423
-3813
-4740
-5773
-4572
-1598
1134
758
-2478
-3616
-2396
817
2674
1137
-2473
-4453
-1447
2340
3340
-714
-5274
-4525
570
3844
692
-3740
-4469
-314
5156
6346
2605
-393
3155
9753
11459
8372
4339
2499
5314
10791
11866
3147
-3923
-4
8748
9888
2083
-4129
-4070
1929
5589
1856
-5837
-9594
-5597
-1364
-1711
-6013
-9535
-8699
-6009
-3433
-3412
-4676
-5648
-5431
-2710
-16
1001
-1242
-3473
-2830
-427
1527
914
-1034
-2954
-2863
-688
1510
1460
-1803
-4688
-3402
944
2896
74
-3621
-3789
500
5818
6143
1883
-307
4418
10558
11334
7737
2622
2032
6950
12704
9246
-1187
-4069
3265
10669
7290
-1035
-5125
-1723
4702
4954
-1332
-8340
-8081
-2939
-990
-3583
-8123
-9016
-7125
-4636
-3300
-4171
-4746
-5255
-4049
-1859
124
158
-2253
-2961
-2128
-236
959
582
-1032
-3080
-2569
-157
2403
1417
-3064
-5351
-2220
2834
2745
-1572
-4670
-2622
3575
7376
4816
-77
1022
7699
11502
9650
5005
1733
3360
9347
12300
5016
-3421
-1864
6746
10048
4066
-2911
-4621
579
5478
3308
-4163
-8983
-6261
-1961
-1283
-4712
-8551
-8752
-6305
-3429
-3101
-4150
-5015
-5224
-3465
-917
890
-684
-3046
-3190
-1809
336
1255
328
-2559
-3903
-1690
1754
2766
-923
-5060
-4666
524
3865
1027
-3769
-4560
467
6278
6645
2071
-434
3907
10029
11050
7513
2911
1964
6270
11683
9795
572
-3472
2082
9344
8109
567
-4396
-2565
3537
5026
-21
-6576
-7893
-3996
-1337
-2481
-6548
-8794
-7630
-5229
-3456
-3695
-4376
-5341
-4840
-2439
-87
383
-1692
-3198
-3042
-1235
276
517
-841
-2923
-3513
-1484
1939
2349
-1615
-5582
-3890
1539
3942
451
-4148
-3973
1761
7469
6512
1319
-173
5389
11138
11196
6516
1474
2230
8519
12781
6956
-2481
-2819
5219
10419
5613
-2452
-4998
-98
5473
3733
-3257
-8289
-6346
-1739
-1060
-4358
-8155
-8104
-5937
-3989
-3531
-4285
-4658
-4832
-3516
-1595
54
-176
-2033
-3067
-2977
-1083
911
563
-2318
-4916
-3341
808
3221
2
-5411
-5593
71
4556
1993
-3259
-4605
-13
6226
7215
2710
-549
3180
9839
11322
8046
3401
1990
5472
10756
10374
1615
-3787
421
8250
8570
1472
-4153
-3531
2513
5326
1210
-5724
-8293
-4556
-1260
-1698
-5634
-8589
-7750
-5213
-2898
-3167
-4319
-5362
-4714
-2322
-357
148
-1460
-2582
-2621
-1536
-380
282
-187
-2320
-3916
-2861
979
2980
-78
-4919
-4939
453
4620
2721
-2738
-4581
112
7180
8321
3004
-508
3253
10181
12081
8218
1974
478
6174
11934
8584
-1537
-4524
2139
8957
6872
-1047
-5317
-2245
4166
4507
-1702
-7360
-7191
-2871
-1176
-3141
-6819
-8000
-6091
-3887
-2935
-3824
-4196
-4299
-3725
-2168
-786
-546
-1743
-2444
-2552
-2335
-670
960
75
-3470
-5066
-1784
2839
3106
-2343
-6326
-3361
3368
5473
528
-4769
-3553
3877
9213
6221
209
24
6826
12109
10613
4725
74
2697
9265
11375
3534
-4419
-2249
5748
9034
3130
-3647
-4658
777
5314
2417
-4425
-8149
-5317
-1472
-1398
-4331
-7551
-7312
-5006
-2657
-2370
-3538
-4134
-4405
-2949
-994
321
-893
-2996
-3379
-2333
-52
996
-137
-3125
-4270
-1579
1895
2419
-1366
-4637
-3382
1408
3851
1054
-2704
-3045
1295
6024
6228
2569
671
4240
8980
9995
7577
3465
1654
4637
9779
8714
293
-4073
540
7497
7004
521
-4392
-3211
2712
4887
219
-6531
-7788
-3664
-930
-1996
-5735
-7965
-6769
-3863
-1950
-2884
-3993
-4526
-3871
-1990
-264
-36
-1931
-3014
-3310
-2173
207
1171
-986
-4741
-4544
-346
3465
1893
-3786
-6053
-1802
4033
3800
-1334
-4668
-1956
4448
7641
4476
-50
1136
7390
10913
8753
4511
1753
3267
7668
9950
4384
-2830
-2132
4626
8078
3805
-1951
-3906
-181
4435
3309
-2808
-7383
-5723
-1849
-833
-3237
-6772
-7427
-5213
-2331
-1714
-3340
-4413
-4338
-2510
-755
-117
-1421
-2984
-2609
-1818
-1181
-764
-379
-1352
-3263
-3286
-760
2037
983
-3137
-5032
-1841
2885
3097
-767
-4020
-1774
4448
7768
4553
78
1792
7415
10555
8594
4149
901
3055
8763
9493
2159
-3785
-519
6202
7505
2195
-3054
-3222
1505
4813
1507
-4831
-7095
-3930
-738
-1367
-4565
-7039
-6281
-3679
-2079
-2695
-3898
-3944
-3382
-2097
-751
-166
-1260
-2854
-3047
-1651
-19
-74
-1726
-3272
-3060
-1015
811
343
-2068
-3413
-1908
468
1340
51
-1619
-1673
913
4358
4889
2786
2165
4743
7503
8230
7223
4027
1721
4325
8747
7104
-131
-2784
1675
6703
5864
466
-3568
-2143
3189
4428
-667
-6273
-6340
-2381
-442
-2134
-5618
-7060
-5158
-2538
-1828
-3243
-3962
-3601
-2843
-1729
-698
-544
-1840
-2869
-2736
-1479
-153
-43
-1632
-3605
-3463
-684
1660
420
-3019
-4173
-1379
1860
2218
-305
-2565
-1376
2796
5860
4362
1552
2296
5968
8405
8012
6154
2909
2165
5934
9134
5076
-1911
-2123
3167
6704
4069
-1175
-3909
-1015
3871
3255
-2425
-6722
-5384
-1943
-974
-2890
-6045
-6838
-4839
-2436
-1990
-3054
-3417
-3593
-3073
-1539
195
60
-2097
-3721
-3125
-616
1303
262
-3154
-5174
-2803
1756
2704
-1418
-5531
-4155
996
3866
1493
-3013
-3854
602
5965
6209
1794
-56
3820
8625
9001
6501
3894
2275
3988
7765
7962
1959
-2513
-276
4558
5947
2527
-2039
-3516
388
4243
2206
-3442
-6368
-4375
-1456
-682
-2936
-6122
-6454
-4016
-1677
-1730
-2741
-3399
-3686
-2666
-518
703
-783
-2984
-3109
-1833
-626
-15
-672
-2609
-4192
-2737
404
1756
-610
-4172
-4272
-457
3478
2540
-1876
-4063
-403
5636
6808
2893
21
2735
7625
9399
7485
3284
853
3183
7922
7778
1222
-3291
-910
4609
6023
1999
-3008
-3519
1164
4252
1429
-4012
-6116
-3842
-1139
-824
-3470
-6037
-5620
-3197
-1586
-1911
-2429
-2931
-3228
-2358
-396
628
-855
-2731
-3040
-2201
-727
226
-475
-3211
-4723
-2360
1306
1937
-1697
-4874
-3866
743
3789
1618
-2982
-3845
1259
6492
5892
1732
364
3726
8034
9026
6397
2021
720
4303
8320
6497
-26
-2882
666
5828
5908
1048
-3274
-2423
2412
4235
458
-4668
-5869
-2976
-429
-898
-4083
-6268
-5138
-2594
-1227
-2034
-2923
-3459
-3087
-1887
-254
191
-1461
-3332
-3427
-1575
-148
63
-1784
-3973
-4058
-966
1672
446
-2855
-4434
-2076
1538
3010
238
-3115
-2068
2714
6008
4385
1407
1429
4794
7919
7892
5582
2444
1694
4408
7498
5860
98
-2396
837
5602
5638
1001
-3118
-2320
2285
4094
687
-4593
-6208
-3231
-78
-437
-4129
-6526
-5243
-2259
-684
-1686
-3246
-3950
-3075
-1167
215
-341
-2532
-3478
-2473
-953
-758
-1383
-2091
-2847
-2748
-1720
-338
-165
-1235
-2914
-3128
-479
2370
1785
-1672
-2515
852
5037
5618
2824
1110
3093
7105
8483
6429
2532
1020
3843
7532
6273
217
-2660
584
5410
5394
954
-2861
-2022
2350
4093
568
-4551
-5771
-2643
-46
-1034
-4267
-5977
-4523
-2168
-936
-1732
-2929
-3336
-2709
-1191
-86
-420
-2234
-3172
-2382
-1381
-926
-1024
-1716
-2907
-3089
-1515
175
226
-1729
-3512
-2733
582
2603
726
-2290
-2139
1754
5305
4938
1943
1089
4187
7690
7796
5365
2419
1759
4083
6936
5452
107
-2133
750
4938
4914
1149
-2638
-2257
1978
3963
651
-4587
-5782
-2649
24
-625
-3829
-5806
-4564
-1808
-331
-1518
-3101
-3659
-2709
-995
190
-502
-2586
-3526
-2378
-708
-515
-1372
-2604
-3025
-2264
-829
-202
-843
-1945
-2661
-1609
528
1595
139
-1595
-983
1595
4123
4082
2318
1787
3876
6289
6854
5818
2871
863
2991
7008
6089
106
-2857
228
5239
5875
1333
-3544
-2815
2839
5131
730
-5283
-6054
-1982
1046
-159
-4200
-6348
-4433
-1062
146
-1816
-3677
-3974
-2581
-609
254
-1015
-3461
-3429
-1694
-197
-834
-2209
-2699
-2144
-1153
-1293
-1273
-1083
-917
-1619
-1788
-381
878
976
-438
-1046
460
3279
4660
3064
1721
2702
5366
6991
6020
2731
282
2657
6851
6339
646
-2687
280
5272
6052
1555
-2990
-2117
2979
5093
966
-4555
-5366
-1722
1065
-277
-4090
-6165
-4332
-1149
-209
-2193
-4032
-3975
-2503
-820
-417
-1748
-3390
-3199
-1714
-883
-1611
-2322
-2235
-1735
-1695
-1804
-1112
-417
-645
-1798
-1950
-391
1401
1301
-698
-1481
595
3917
4721
2716
1480
2827
5673
6982
5861
2367
196
2765
6956
6493
788
-2411
296
5294
6307
2000
-2738
-2238
2798
5002
1203
-4095
-5200
-2011
939
211
-3446
-6026
-4539
-1404
-236
-1936
-3896
-4211
-2964
-1014
-371
-1581
-3454
-3453
-2116
-1460
-1813
-1894
-1742
-2362
-2857
-1885
107
586
-1167
-3186
-2421
766
2762
967
-2496
-2651
1416
5473
4776
1113
-3
3288
7269
7666
4700
906
342
4012
7552
5709
-103
-2507
946
5759
6118
1622
-2711
-2024
2798
5001
1406
-3813
-5159
-2217
724
517
-2877
-5782
-4986
-1716
44
-1481
-3754
-4431
-3283
-1237
-156
-1516
-3680
-3821
-1955
-1283
-1889
-2040
-1778
-2108
-2653
-1667
-318
139
-1022
-2467
-2272
-127
2233
1333
-1672
-2473
936
4838
4538
1733
466
2877
6488
7451
5017
1325
761
3837
6795
5418
704
-1683
566
4920
5855
2057
-2173
-1885
2544
4636
1553
-3166
-4537
-2047
692
652
-2529
-5172
-4344
-1471
-169
-1651
-3466
-4065
-3158
-1597
-612
-1484
-3396
-3892
-2377
-855
-1206
-2104
-2622
-2337
-1602
-752
-939
-1695
-1640
-1252
-970
-520
537
322
-750
-509
1384
2984
2809
1996
2068
3381
5003
5262
4289
3009
2365
2961
4290
4887
2621
-213
-167
2992
5079
2916
-724
-1676
1198
3692
2311
-1546
-3949
-2588
168
855
-1600
-4471
-4302
-1934
-429
-1463
-3195
-3828
-3227
-1874
-1005
-1713
-3375
-3423
-2031
-1149
-1882
-2440
-1846
-1193
-1125
-1766
-1958
-1372
-172
-348
-1898
-2211
-294
1574
724
-876
-659
1562
3543
3455
2083
1620
3272
5201
5427
3630
1507
1466
3836
5591
3706
84
-770
2215
5145
4059
171
-1705
460
3341
2879
-547
-3416
-2976
-386
889
-929
-3813
-4206
-2355
-864
-1388
-2756
-3622
-3485
-2330
-1310
-1520
-2668
-2976
-2464
-1835
-1657
-1388
-1418
-1698
-1656
-1329
-914
-786
-478
-793
-1444
-1246
179
1035
131
-777
-60
1593
2729
2608
2014
2067
3279
4476
4390
3653
2544
2049
2668
4226
4205
1693
-175
1004
3866
4281
1849
-568
-305
1954
2906
1111
-1931
-3008
-1399
233
-260
-2416
-3718
-3251
-2069
-1473
-2170
-3236
-3752
-3110
-2135
-1744
-2147
-2980
-3029
-2222
-1536
-1794
-1924
-1345
-812
-1181
-1928
-1552
-5
721
-746
-2361
-1588
836
1869
537
-1303
-903
1887
4045
3355
1314
1031
3057
4912
4831
2979
1119
1104
3246
5136
3664
389
-535
2079
4544
3968
1284
-778
-36
2327
3076
759
-2179
-2635
-1040
374
0
-2071
-3830
-3690
-1964
-973
-1880
-3524
-4267
-3285
-1738
-1019
-1929
-3449
-3534
-1839
-565
-1031
-1776
-1766
-1285
-923
-645
-566
-457
-463
-841
-959
-152
747
585
-141
-443
482
2050
2837
2137
1429
1964
3048
3879
3719
2444
974
1303
3665
4601
2493
-294
167
3177
4821
3313
250
-785
890
3408
3030
-272
-2763
-2188
175
1116
-585
-3564
-4722
-2831
-795
-1223
-3461
-4766
-3993
-2292
-1196
-1930
-3305
-3787
-2451
-900
-738
-1309
-1711
-1399
-918
-248
-92
-335
-591
-729
-597
-169
504
438
-113
-467
147
1476
2214
1787
1160
1660
2833
3380
3221
2696
1982
1677
2336
3696
3545
1816
413
1319
3500
4342
2922
238
-371
1659
3654
2431
-908
-2804
-1773
579
988
-1660
-4561
-4490
-2162
-1031
-2197
-4083
-4900
-3890
-2168
-1347
-2397
-3297
-3208
-2159
-1076
-462
-327
-1271
-1816
-1287
401
1153
292
-1197
-1868
-550
1249
1688
-298
-2138
-1225
1535
2892
1339
-519
-102
2309
4038
3338
1656
1180
2284
3169
3019
2807
2473
1949
1470
2230
3577
3877
2560
579
530
2171
3346
1871
-1046
-2446
-1336
651
253
-2339
-4561
-4166
-2407
-1641
-2442
-4174
-4931
-3943
-2028
-1469
-2394
-3142
-2816
-1669
-848
-411
-330
-574
-826
-751
13
857
1168
80
-1642
-1567
652
2181
557
-1772
-1900
380
2475
2308
300
-947
640
3225
3720
2015
860
1295
2135
2762
3334
3002
1608
923
2232
4062
4367
2837
790
246
1865
3547
2521
-627
-2587
-1576
548
679
-1721
-4274
-4569
-2827
-1305
-1887
-4012
-5195
-3940
-1749
-1090
-2044
-2995
-2753
-1427
-182
153
-319
-588
-404
-86
342
936
995
-372
-1531
-1021
590
1098
-66
-1513
-1859
-187
1726
1614
-353
-1058
542
2335
2426
1663
1372
1344
1471
2077
3192
3417
2443
1260
1476
3378
4998
4009
940
-430
1456
3730
3021
-150
-2623
-2235
-80
819
-1184
-4286
-5325
-3678
-1638
-1805
-3848
-5182
-4440
-2484
-980
-1142
-2421
-2985
-1885
-90
945
794
-385
-1176
-474
1370
2240
696
-1541
-1992
-182
1421
969
-1173
-2746
-1553
1136
1900
54
-1486
-473
1540
2611
2094
1278
1530
2321
2716
2499
3091
3744
3363
2137
2157
3836
4911
4049
1801
744
1589
3173
2930
264
-2248
-2374
-585
112
-1665
-4265
-5232
-4022
-2564
-2394
-3800
-4954
-4553
-3011
-1549
-1382
-1854
-2543
-2348
-947
857
1356
-149
-1491
-1093
974
2178
1034
-1410
-2545
-874
1372
1432
-1053
-3066
-2007
666
1884
440
-1324
-1164
792
2808
2826
1759
1327
2072
2933
3484
4102
3869
2894
2265
3012
4375
4649
3567
1665
875
1796
3053
2372
-464
-2511
-2306
-825
-605
-2241
-4379
-5388
-4268
-2732
-2718
-4216
-5085
-4185
-2738
-1651
-1271
-1724
-2366
-1798
15
1238
834
-388
-903
93
1568
1695
93
-1387
-986
531
1220
-39
-1657
-1710
-309
765
322
-783
-1011
255
1679
1950
1403
1468
2364
3112
2930
2533
2996
3695
3630
2798
2458
3027
3980
3793
2054
755
1111
2039
1494
-257
-2161
-2882
-2144
-1473
-2248
-4217
-5297
-4796
-3401
-2806
-3555
-4429
-4452
-3068
-1326
-396
-1190
-2349
-1617
492
2054
1354
-317
-938
523
2435
2163
91
-1511
-643
1275
1654
24
-1797
-1429
193
1228
507
-884
-734
748
2049
1764
1360
1666
2504
3229
2969
2423
2574
3587
3857
2772
2119
2522
3607
3616
2182
784
578
1343
1151
-174
-2182
-3298
-2764
-2014
-2544
-4309
-5242
-4760
-3660
-2920
-3354
-4031
-3939
-2552
-1293
-1097
-1302
-1142
-445
78
514
769
827
675
438
350
444
759
639
-243
-1068
-860
202
457
-508
-1388
-1031
261
1061
934
273
329
1337
2704
3251
2736
2292
2242
3011
3868
4326
3420
2164
2135
3171
4115
3306
1650
221
410
1241
1030
-646
-2893
-3549
-2872
-2098
-2853
-4237
-5077
-4786
-3390
-2488
-2816
-3668
-3318
-2326
-1359
-725
-575
-733
-871
-373
602
1445
1168
132
-419
-60
900
1214
118
-1549
-1755
-328
518
-101
-1441
-1729
-752
693
1330
689
43
447
1961
3006
2970
2480
2344
2684
3311
4032
4027
3334
2605
2583
3071
3453
3024
1547
226
-32
603
543
-785
-2544
-3390
-3040
-2552
-2658
-3615
-4579
-4508
-3345
-2454
-2569
-2831
-2663
-2037
-1315
-576
-137
-237
-165
123
594
855
1114
1052
375
-122
21
582
433
-271
-976
-1271
-722
-27
112
-582
-856
-246
684
1319
1304
1167
1088
1755
2664
3333
3087
2407
2273
2840
3706
3725
2798
1532
1480
2301
2540
1356
-271
-1051
-672
-161
-804
-2415
-3750
-3709
-2881
-2594
-3481
-4385
-4236
-3268
-2308
-2044
-2457
-2628
-1853
-731
-172
-122
-245
-73
524
1059
1027
668
564
528
523
435
244
-61
-331
-383
-367
-299
-200
-169
-67
308
561
774
962
1424
1650
1764
2097
2445
2805
2836
2936
2728
2844
3122
3166
2700
1917
1778
1662
1389
680
-19
-658
-1128
-1180
-1704
-2540
-3245
-3238
-3282
-3545
-3581
-3522
-3320
-3391
-2906
-2411
-2031
-1788
-1614
-1237
-782
170
358
86
25
522
1066
994
660
103
184
496
554
134
-349
-268
76
332
58
19
346
721
876
930
1096
1336
1920
2317
2226
2092
2413
3061
3172
2810
2346
2398
2683
2568
2126
1321
773
449
455
71
-793
-1509
-2094
-2353
-2493
-2500
-3035
-3738
-3866
-3457
-2901
-2760
-2785
-2865
-2501
-1700
-992
-688
-791
-577
-139
392
696
779
699
503
630
868
908
673
529
431
260
267
450
526
439
318
283
482
955
1267
1182
955
1100
1654
2085
2119
1856
1864
2044
2206
2241
2149
1874
1398
1157
1000
753
266
-384
-888
-1251
-1524
-1865
-2284
-2754
-3058
-3108
-3205
-3285
-3267
-3153
-2940
-2543
-2111
-1936
-1631
-1015
-445
-143
-38
132
373
866
1226
1174
905
877
1187
1366
1341
1013
687
549
771
969
732
372
230
533
834
945
900
901
1010
1202
1496
1579
1502
1511
1681
1752
1711
1751
1642
1378
1135
936
645
244
-116
-490
-832
-1200
-1515
-1828
-2100
-2239
-2396
-2604
-2846
-2805
-2640
-2523
-2353
-2171
-1941
-1676
-1184
-703
-382
-225
-173
26
425
891
970
747
633
946
1364
1386
1087
775
707
866
1033
841
464
334
506
675
710
694
681
772
910
1020
1033
1055
1101
1123
1167
1145
1108
1024
1001
890
643
402
150
-66
-284
-439
-709
-1099
-1360
-1448
-1488
-1597
-1691
-1894
-2097
-2029
-1787
-1635
-1696
-1673
-1544
-1215
-759
-386
-236
-284
-147
190
624
773
622
489
581
877
1082
1088
854
675
705
894
971
789
497
337
402
562
677
557
356
326
562
718
716
604
513
517
618
719
595
396
281
324
287
150
-28
-182
-323
-396
-453
-676
-914
-997
-1033
-1132
-1207
-1234
-1365
-1437
-1273
-1174
-1186
-1187
-1078
-889
-609
-315
-208
-128
19
269
523
641
635
591
685
798
903
912
757
643
692
826
797
670
493
388
401
446
427
245
129
158
276
325
306
220
122
141
239
266
130
11
-43
0
25
-24
-152
-289
-322
-293
-290
-443
-596
-691
-729
-710
-741
-847
-970
-946
-849
-749
-677
-709
-699
-526
-244
-17
64
120
215
383
609
782
787
683
662
775
888
892
769
602
524
578
645
555
353
157
95
162
209
128
-22
-119
-113
9
118
45
-113
-140
-56
7
-4
-64
-174
-237
-204
-141
-164
-310
-402
-380
-343
-385
-417
-456
-541
-542
-485
-454
-532
-537
-468
-387
-302
-254
-188
-145
11
164
322
377
365
490
650
775
736
704
601
555
639
644
511
286
148
89
164
174
-9
-249
-319
-253
-199
-188
-279
-434
-476
-322
-162
-146
-256
-325
-279
-161
-68
-77
-189
-298
-277
-204
-157
-215
-302
-319
-286
-206
-173
-193
-272
-253
-158
-105
-116
-128
-79
-36
85
200
252
223
283
444
550
600
602
623
665
771
835
765
648
573
575
555
465
319
149
26
-12
2
-86
-262
-361
-364
-355
-383
-407
-487
-552
-523
-473
-451
-446
-430
-451
-431
-338
-285
-314
-297
-253
-285
-304
-234
-174
-190
-168
-117
-85
-61
-16
16
7
28
68
101
134
152
180
209
251
308
362
389
393
456
519
563
568
565
561
536
505
490
473
387
282
228
195
101
25
-36
-127
-205
-234
-274
-356
-404
-419
-433
-437
-426
-456
-488
-443
-388
-394
-413
-407
-383
-343
-264
-214
-257
-279
-203
-106
-63
-52
-48
-52
13
129
180
158
138
148
188
253
258
192
159
199
259
300
313
303
300
324
399
425
357
292
317
332
280
264
232
144
86
95
32
-87
-153
-203
-260
-287
-302
-377
-428
-401
-360
-377
-396
-384
-392
-371
-310
-283
-328
-341
-294
-242
-192
-161
-157
-174
-141
-50
16
27
30
80
142
216
293
328
315
325
363
383
417
416
374
350
386
408
422
445
421
399
381
378
364
319
247
191
148
110
74
21
-45
-122
-180
-216
-245
-313
-393
-431
-434
-438
-461
-459
-472
-496
-465
-390
-345
-364
-387
-352
-310
-282
-256
-257
-270
-272
-214
-160
-143
-137
-112
-67
21
107
147
165
216
309
375
407
425
424
427
463
522
540
483
462
491
498
479
450
402
335
295
298
259
151
71
44
10
-44
-86
-149
-217
-256
-264
-287
-344
-374
-376
-369
-360
-362
-388
-399
-358
-320
-312
-319
-315
-313
-297
-267
-265
-295
-314
-306
-267
-218
-226
-233
-188
-141
-103
-46
14
32
72
169
249
294
351
380
401
454
508
525
502
507
517
498
498
492
430
361
330
302
258
207
143
68
16
-29
-76
-128
-174
-214
-260
-282
-288
-289
-295
-302
-302
-288
-273
-257
-229
-206
-206
-221
-211
-181
-172
-177
-168
-172
-175
-151
-122
-122
-129
-119
-103
-78
-23
24
30
50
115
171
205
250
291
310
331
375
410
405
395
388
368
342
324
284
229
198
169
109
68
33
-38
-105
-134
-161
-224
-274
-295
-333
-361
-356
-350
-355
-347
-327
-305
-286
-250
-220
-211
-188
-153
-138
-115
-65
-48
-52
-33
-6
5
21
48
45
29
46
90
116
139
177
201
213
249
296
311
307
319
340
352
372
386
355
308
275
254
224
166
102
42
-23
-85
-123
-144
-195
-252
-270
-286
-321
-350
-370
-393
-422
-430
-411
-392
-375
-334
-286
-267
-243
-189
-150
-146
-117
-63
-43
-27
27
79
97
110
143
158
159
185
188
170
178
205
226
254
296
313
321
353
380
377
377
382
377
363
362
353
303
241
205
156
89
37
-21
-89
-141
-177
-231
-288
-321
-344
-385
-408
-406
-419
-437
-434
-421
-408
-395
-383
-360
-321
-286
-262
-223
-173
-136
-95
-44
-3
23
51
85
119
143
163
181
196
212
236
261
265
259
283
322
334
340
350
354
351
364
370
353
336
309
278
261
234
194
136
82
41
-9
-50
-93
-149
-195
-229
-264
-290
-315
-333
-351
-378
-391
-381
-372
-376
-375
-348
-324
-309
-281
-243
-203
-171
-143
-112
-76
-37
-12
-2
19
54
75
91
117
132
133
136
150
168
176
181
188
202
218
234
240
235
232
238
244
242
234
217
186
161
142
121
92
59
32
-3
-36
-52
-77
-116
-151
-179
-203
-225
-240
-249
-261
-274
-277
-269
-261
-245
-237
-233
-206
-176
-153
-126
-92
-52
-23
3
41
78
99
105
114
125
138
152
163
180
196
196
198
208
203
188
172
168
172
177
180
172
175
177
152
136
131
103
69
57
43
17
-3
-24
-38
-44
-51
-74
-109
-137
-161
-192
-217
-222
-236
-267
-280
-269
-258
-242
-221
-210
-204
-187
-167
-149
-118
-90
-80
-59
-23
10
39
58
74
92
110
133
150
167
178
178
188
194
195
193
182
177
172
175
179
164
151
143
138
137
129
116
92
67
47
22
-3
-20
-50
-79
-82
-87
-108
-134
-152
-166
-186
-196
-201
-220
-235
-234
-232
-231
-218
-199
-199
-186
-158
-142
-121
-87
-63
-39
-12
14
36
50
72
93
92
100
123
135
142
150
157
157
148
146
140
134
139
143
132
131
144
142
133
137
134
115
94
80
71
47
33
19
-8
-15
-16
-36
-54
-56
-72
-104
-113
-107
-115
-119
-120
-125
-128
-129
-131
-134
-130
-119
-115
-103
-84
-67
-52
-37
-16
4
10
19
30
34
42
51
53
57
63
54
54
62
58
54
60
58
56
60
61
57
52
48
46
48
54
50
43
45
34
18
7
-3
-17
-28
-31
-36
-47
-48
-49
-60
-60
-54
-51
-49
-50
-49
-55
-71
-75
-74
-73
-66
-54
-41
-23
-1
8
21
36
35
33
42
52
60
71
84
90
86
79
72
66
56
42
33
26
19
17
18
22
20
12
2
-11
-24
-42
-58
-69
-75
-81
-86
-88
-84
-82
-86
-84
-83
-91
-101
-104
-100
-98
-98
-90
-79
-71
-64
-55
-35
-23
-18
-5
3
14
27
37
64
90
100
120
137
142
149
155
163
173
178
183
193
199
191
179
164
141
121
103
84
70
59
43
31
20
5
-10
-24
-45
-69
-87
-104
-115
-120
-129
-141
-148
-159
-169
-163
-157
-155
-154
-153
-154
-151
-148
-145
-133
-122
-117
-102
-88
-80
-66
-49
-33
-10
10
29
58
79
92
112
139
162
180
196
212
215
212
212
205
193
184
168
153
142
128
113
93
68
47
31
8
-10
-22
-42
-60
-76
-103
-120
-129
-146
-156
-155
-153
-148
-137
-128
-124
-115
-117
-127
-125
-126
-118
-103
-100
-96
-82
-71
-61
-61
-59
-48
-43
-42
-32
-19
-3
21
33
50
88
115
135
150
152
163
167
154
153
157
156
147
131
117
113
106
89
62
40
14
-12
-41
-66
-75
-84
-102
-119
-130
-133
-140
-154
-162
-162
-152
-143
-133
-113
-85
-60
-41
-27
-14
-4
5
7
6
17
28
35
49
69
86
108
124
125
129
128
120
114
103
93
91
90
85
86
93
103
104
96
87
83
81
72
57
47
42
34
15
-1
-13
-31
-52
-83
-109
-118
-128
-147
-163
-177
-185
-188
-195
-195
-180
-167
-166
-165
-159
-147
-126
-113
-93
-66
-35
-10
8
22
41
56
65
77
88
115
139
153
160
170
178
171
157
150
147
142
136
119
118
126
124
111
104
98
86
72
55
47
48
44
21
4
-5
-21
-39
-58
-76
-90
-103
-126
-144
-153
-162
-180
-201
-211
-213
-213
-210
-202
-195
-173
-160
-144
-125