-9
-12
-9
-4
4
10
13
13
10
4
-6
-14
-21
-22
-19
-11
1
12
22
26
26
20
12
2
-9
-14
-17
-16
-11
-1
7
13
17
17
13
9
4
-2
-6
-7
-5
0
4
9
11
12
11
10
6
2
-2
-4
-4
-5
-4
-3
-1
2
3
2
0
-2
-2
-2
-2
-4
-5
-4
-4
-5
-9
-12
-15
-15
-16
-17
-18
-17
-17
-15
-12
-11
-9
-5
-2
0
1
1
3
4
7
10
11
13
17
16
16
15
11
6
2
-1
-3
-5
-5
-5
-3
-3
-4
-4
-5
-6
-8
-8
-8
-8
-5
-1
1
3
4
4
4
3
3
3
4
6
9
10
13
15
17
18
17
15
13
12
10
9
8
8
10
11
12
12
12
10
10
8
8
6
7
8
9
9
9
8
7
5
2
-1
-3
-6
-7
-8
-8
-7
-5
-5
-5
-8
-12
-14
-15
-16
-18
-18
-17
-16
-15
-14
-15
-14
-13
-12
-12
-11
-10
-9
-9
-9
-8
-8
-7
-7
-8
-9
-9
-11
-11
-11
-10
-10
-7
-4
-4
-1
2
6
8
9
8
11
17
21
17
12
9
10
14
21
22
17
15
20
22
12
0
-6
-7
-6
-11
-18
-13
-5
-8
-14
-16
-15
-13
-13
-19
-23
-24
-24
-25
-24
-21
-19
-16
-6
5
14
15
2
-6
8
33
45
41
30
18
12
15
10
1
11
27
33
28
17
16
22
28
11
-17
-27
-21
-17
-11
-5
7
19
23
6
-14
-24
-22
-12
-6
-10
-8
16
25
9
-9
-13
-13
-8
-6
-26
-37
-29
-22
-18
-11
5
31
55
51
28
23
33
29
18
15
9
14
29
16
-10
-9
14
25
13
-15
-38
-35
-10
-3
-18
-30
-14
28
45
26
-5
-1
21
28
-5
-25
-22
-16
-5
3
-10
-11
13
-4
-50
-56
-22
5
-5
-33
-35
-8
2
-21
-33
-12
9
5
-13
-19
-4
12
23
34
34
21
3
-7
-14
-23
-10
-10
-29
-49
-66
-65
-41
-37
-52
-44
-31
-33
-41
-43
-39
-9
3
-19
-31
-23
-17
-8
-5
7
29
50
56
55
46
22
11
42
60
54
56
68
72
73
69
43
6
-9
-1
16
37
38
20
20
24
6
-15
-33
-37
-44
-64
-93
-92
-41
9
11
23
41
23
-5
-24
-7
22
18
3
19
51
85
103
82
44
25
45
74
91
100
96
68
40
76
88
48
-41
-82
-45
-1
25
-22
-90
-138
-97
-19
-15
-73
-101
-38
8
-34
-113
-144
-146
-123
-62
-59
-124
-159
-125
-101
-112
-132
-125
-120
-154
-116
-64
-27
-1
69
58
-36
-58
17
114
92
-16
-92
-3
95
102
27
-14
71
162
173
136
130
175
270
265
117
17
34
69
102
172
194
192
215
313
407
280
83
40
119
104
54
-31
-112
-93
-32
47
-4
-124
-204
-176
-301
-498
-586
-688
-787
-814
-711
-475
-271
-284
-351
-311
-177
11
63
-90
-168
-116
-39
16
104
210
312
373
341
305
226
161
93
84
46
3
30
62
99
178
430
573
436
200
230
356
311
108
12
187
462
680
692
594
442
250
76
100
101
-94
-92
72
6
-263
-436
-424
-217
-23
-217
-469
-464
-143
54
-96
-366
-177
324
483
402
329
397
581
640
263
-89
-94
20
-107
-444
-744
-730
-424
-327
-531
-617
-802
-1026
-951
-741
-906
-1302
-1164
-453
-203
-618
-723
-198
352
651
771
938
1506
2081
1725
1132
1280
1699
1718
1475
1123
779
724
467
-84
-618
-1285
-1718
-1623
-1410
-2321
-4987
-6617
-1210
5014
-687
-10413
-6852
4936
8579
2891
-6447
-6920
6650
16594
6892
-5596
-3558
6309
12536
10225
708
-5684
-572
7419
7312
-1109
-7974
-6592
-387
693
-4159
-8347
-8110
-6088
-5643
-6255
-6373
-5554
-4970
-4603
-3869
-2267
195
840
980
1022
2988
5402
8186
8137
7399
6444
3828
4962
11985
14273
4214
-2878
1348
12036
12511
-2704
-17463
-7540
11162
8359
-11598
-22902
-15497
2831
10795
-6345
-24611
-18286
986
9603
4825
-9036
-16134
-2112
15443
12230
-374
-1772
3824
9094
11695
8676
3884
5508
7123
3590
2253
4088
2172
-736
-2131
-5456
-6206
-4671
-9006
-13589
-10219
-8412
-11150
-11584
-12149
-11162
-4067
-533
-4586
-4013
953
5421
10087
12709
9060
8656
15280
22607
22905
11106
-1591
4815
24807
24884
3161
-15254
-13220
3952
17875
4439
-24208
-30889
-11063
3318
-295
-13155
-27706
-25898
-4022
8693
-2486
-12557
-8982
-1437
6297
10630
6996
4353
8293
9220
7918
12146
15032
10880
7089
5797
4170
5263
6973
2108
-4500
-7081
-7371
-7045
-5019
-8197
-18499
-23344
-15007
-4278
-5561
-15605
-22461
-14256
2826
10023
-226
-8253
-807
13177
20059
16641
9920
9321
17966
26225
26954
19801
7690
-122
7661
22096
18406
-3641
-20134
-16576
-1129
8727
-1647
-24809
-31571
-14480
633
-1654
-13522
-24346
-22226
-4197
9013
2494
-7713
-5984
1997
9080
13126
11760
8323
8952
10393
10740
13339
14895
10234
4961
3833
3387
2903
3083
-509
-6683
-9114
-8385
-8518
-10967
-15747
-18746
-14914
-10036
-11037
-15225
-15326
-8897
257
3177
-1520
-3841
2764
12211
15473
12640
9115
10892
17424
23409
22838
18778
14380
6538
710
8159
19778
11390
-10880
-22834
-14307
1750
8010
-7137
-29142
-29362
-9218
3000
-2638
-15252
-24435
-18659
872
11393
1632
-7566
-3503
4716
11006
15222
12994
8071
8470
10902
11670
13627
13814
8279
3415
2933
2698
1916
1437
-2321
-8379
-10879
-10122
-11569
-15330
-16390
-13590
-11667
-13729
-16298
-13897
-6057
835
422
-4916
-4717
4199
13595
14710
9748
6884
10754
18346
22784
21091
16361
14725
12576
5256
1297
9620
14987
968
-18073
-21237
-8050
5050
2836
-17308
-32578
-22551
-2394
2505
-7661
-19659
-23365
-10958
8177
11301
-1319
-6697
314
8666
14606
16964
12031
6868
8608
12101
13071
13965
11707
4966
1209
2578
2741
956
-1194
-5721
-10888
-13257
-14490
-15105
-12671
-11025
-14224
-18714
-17713
-9833
-670
573
-5384
-8225
-1843
8328
13599
11058
6098
7040
13521
19304
19718
17833
16547
16614
14353
6653
433
5562
14257
6069
-13896
-22249
-11657
1915
3503
-12026
-30334
-28247
-7932
3327
-4586
-17683
-23296
-15128
3362
13111
3552
-6970
-2967
7584
14801
17818
14217
7475
7352
12299
14441
13779
11916
6609
2372
2820
3228
715
-1607
-4250
-11070
-17286
-16619
-11169
-9422
-13514
-19579
-20472
-12696
-3052
-1621
-7101
-8986
-3250
4887
8896
7911
6161
7768
12349
15929
16295
15583
16602
18082
18182
15618
7239
-1248
2513
13618
9700
-10205
-22901
-16293
-1386
4947
-6735
-27119
-30796
-12314
2901
-1382
-14347
-22231
-17447
69
13496
6971
-5461
-3978
6428
13366
16732
15849
9692
6641
10476
13879
13419
11615
7279
2093
1346
2798
694
-2523
-6090
-12738
-17661
-14703
-9971
-10445
-15097
-19308
-17619
-8752
-1606
-3193
-7849
-7069
-50
7144
9328
6665
5735
9194
14608
16469
15448
14272
14994
15845
16491
15750
7758
-3021
-2033
10748
10592
-7834
-22628
-18641
-4987
3765
-4426
-24772
-32105
-15454
1786
599
-11024
-20132
-18357
-1893
14334
10213
-3311
-3745
6269
12807
16289
16802
11037
6264
9028
13076
12797
10891
6785
1498
169
1908
510
-5557
-10401
-11641
-11503
-13281
-14725
-14633
-13704
-11902
-10713
-11231
-9492
-3604
-324
-912
-203
2954
5882
9071
11764
11456
10849
13173
16379
15874
13906
13333
14272
15385
10438
-2203
-7644
5099
14122
-236
-21607
-24669
-11030
2777
1667
-16842
-32581
-23333
-1164
5674
-4752
-16831
-19399
-7653
11117
15188
2202
-5151
2403
11369
15047
16378
13125
7051
5939
9920
12300
11191
7393
1810
-1516
-607
-1763
-6444
-8367
-7604
-10612
-15053
-16004
-13419
-8823
-6370
-10736
-15083
-10206
-869
3269
1219
-1781
-853
5454
12054
13186
10151
8394
10923
14464
15728
13572
11514
11052
11824
11993
5851
-5350
-7690
5564
10635
-5637
-24607
-23392
-7290
5766
-548
-22175
-32533
-15732
6078
6938
-7294
-18301
-15716
330
16503
13616
-1511
-5417
4932
13549
15608
14166
9308
4413
5330
9659
11186
8988
4322
-873
-4437
-4996
-3144
-1530
-5607
-13830
-17477
-13194
-7079
-5019
-9989
-15865
-12685
-2893
847
-2015
-3491
-1625
2392
7175
8731
6624
7430
11273
11972
10186
10642
12798
12585
10830
8650
8970
11554
6808
-6625
-10624
3508
10564
-4400
-22924
-22938
-8909
4420
1205
-18683
-31163
-17023
5039
8001
-4550
-15415
-15137
-1731
15345
15637
1227
-4640
4385
12821
15288
15316
10660
3508
3068
9199
11731
8632
3502
-1198
-3757
-4176
-4515
-4719
-5265
-10355
-16597
-16729
-10536
-5508
-6342
-11912
-14117
-8194
-19
2784
337
-2340
-992
4948
9939
9899
7687
8233
10399
11559
11508
11353
11445
11105
9700
8134
9701
8805
-1957
-12185
-4690
9017
3314
-17107
-26062
-15636
-75
4395
-9279
-27312
-25032
-3230
10035
2482
-11157
-15981
-7540
9814
18907
9127
-3192
-6
11222
15981
15174
11935
6165
2473
5723
10350
9582
4791
-245
-3266
-4435
-5433
-6593
-6880
-7972
-12098
-15736
-15226
-10484
-5830
-5112
-8822
-11832
-8487
480
6892
4352
-1665
-1635
5281
11585
13057
10326
7129
7084
11029
13769
12487
9736
8645
7531
7140
8968
5800
-6461
-13083
-2045
7914
-2593
-21024
-24219
-11910
1938
2543
-13332
-27845
-19238
2497
10390
194
-11602
-13489
-2299
14785
18861
5683
-3706
3515
13633
15662
13715
10278
4655
2328
6620
10134
7417
1848
-2025
-3770
-5099
-7188
-8334
-7321
-8226
-13035
-16853
-15057
-8862
-3069
-3648
-10642
-13681
-5540
5962
8278
1564
-3587
146
9126
14444
12087
6801
5831
9616
13100
11995
9095
8016
8755
7376
5324
6492
5227
-5254
-13527
-4857
6471
-837
-18739
-23777
-13131
676
3459
-10091
-25351
-19398
1819
11099
2328
-8678
-11331
-3274
12397
18996
8304
-2257
2217
11101
13709
13793
11616
4819
678
4758
9086
7170
1948
-3082
-6008
-5422
-4655
-7462
-11097
-11556
-10921
-11623
-12729
-11740
-8395
-4245
-3400
-6907
-8274
-1629
7100
8082
2598
-285
3603
10459
14385
12069
6796
5261
9160
12519
11201
7904
5782
5240
5588
7107
5375
-4218
-13277
-7928
5085
2879
-14668
-24948
-16229
-410
5437
-5742
-22018
-21619
-2782
11862
7394
-6126
-12978
-6344
9567
19326
12011
-1016
-1789
7741
14491
14877
11189
4658
-69
2664
8442
8390
1773
-3826
-4914
-4442
-6044
-7866
-7768
-8005
-11290
-14323
-13130
-8689
-4479
-4000
-7726
-9822
-4583
3434
6276
2941
-340
1338
7354
11588
10263
7042
6576
8722
10099
9981
7976
6587
6803
6982
4794
4078
5766
569
-10770
-12265
1253
6520
-7099
-22377
-20061
-5763
5364
862
-15732
-23742
-9970
9033
10701
-1718
-11488
-9117
3937
17084
15171
2028
-2867
5761
13199
13063
10760
7451
2677
1565
5097
6358
3476
382
-2932
-7576
-9049
-5116
-2601
-6474
-13260
-16352
-12454
-4372
-1320
-7239
-12732
-8840
-28
4246
2534
-619
-688
3813
9102
9632
6078
5143
8187
10065
8497
7143
7476
7910
7230
5714
4103
3970
5668
2938
-7106
-13269
-4252
6817
345
-17019
-22427
-11038
2665
4104
-8728
-21369
-16040
2168
10937
3214
-7631
-9882
-1512
11803
16560
7565
-1261
2261
9884
12038
11586
10258
4999
111
1821
6188
6211
2234
-2810
-6726
-6864
-5226
-5989
-7926
-8257
-10000
-12903
-12366
-7577
-2941
-1841
-5578
-9648
-6312
3538
9415
5354
-1842
-2161
5925
13456
13005
6736
2544
4847
10537
12512
8017
3543
3845
5983
5336
4713
3614
-3545
-11491
-7173
4503
2671
-12520
-21152
-13910
-1351
3538
-4872
-17968
-17882
-2551
9348
5505
-5021
-9715
-3966
8640
15958
9729
-142
363
8129
12480
12198
9568
4773
939
2339
6000
6307
2544
-2515
-5628
-6425
-6050
-5171
-5050
-8048
-12739
-13895
-9668
-3915
-2511
-6836
-10259
-7068
-214
3720
3511
784
-915
2422
8887
11235
7601
5041
6473
8922
9237
8522
6998
5608
5133
5315
4806
4351
4260
-1326
-10156
-9750
2447
5517
-8291
-21183
-17047
-3718
4333
-878
-14848
-20285
-7530
8608
8718
-2704
-9990
-6133
5363
15138
12512
1655
-1617
5895
11891
11524
9466
6403
2109
1339
4725
6072
3067
-987
-3976
-6218
-6932
-5857
-4750
-5923
-9562
-13274
-12350
-6146
-1249
-3589
-8783
-9149
-3585
2792
5284
2407
-1802
-270
7135
11650
8681
4925
5425
7704
8694
9148
7767
5135
4318
5593
5062
3555
4333
1986
-7434
-12171
-2391
6700
-1495
-17025
-20180
-9323
3150
3946
-9065
-20600
-13442
4098
10245
1444
-7932
-8194
716
12025
13898
4967
-861
3753
9582
10226
9684
8175
3943
869
2661
4884
4167
1104
-3133
-6280
-6800
-5607
-4521
-4482
-8258
-13406
-13174
-6536
-1298
-3027
-8718
-10127
-3966
3578
4875
811
-2116
779
7382
10915
7988
4153
5108
8599
10021
8625
6397
4967
5744
6372
4854
3015
4194
3632
-4591
-12080
-6381
5311
2907
-12388
-21314
-13952
140
6091
-3725
-18566
-18449
-1833
10424
5994
-5129
-9851
-4173
8057
15601
9823
164
246
7092
10445
10685
9838
5480
182
553
4848
6077
2689
-1956
-5599
-7035
-5913
-3899
-3690
-6984
-12139
-13678
-8712
-2743
-2599
-6785
-9059
-6150
-68
4163
3161
-137
-100
4119
8375
8990
6726
5229
6303
8021
8242
7457
6263
5101
4345
4348
3990
3490
3452
-415
-8695
-10776
-849
5447
-4267
-17836
-17931
-6660
3333
2148
-9943
-18879
-10850
5188
9599
1106
-6652
-6251
1727
11911
14095
6099
6
3363
8754
10334
10216
8062
2499
-840
1865
5428
4483
375
-3853
-6416
-6235
-4433
-4238
-6777
-9757
-11287
-10484
-7452
-4290
-4331
-5944
-5603
-3238
-448
2726
4346
2545
1512
4542
7990
7960
6820
6556
6172
6345
7371
7183
4684
3736
4276
3491
1504
1861
3194
-813
-8844
-10703
-1886
4413
-2578
-15517
-18121
-7648
4627
4134
-8990
-18036
-9903
5364
10450
3550
-5331
-6970
1376
13000
14414
5285
-1079
2313
7720
9783
9310
6080
704
-1310
1941
4745
3054
-1143
-4285
-5032
-4251
-4325
-5675
-6815
-7647
-9094
-9181
-6908
-4485
-3987
-4105
-4193
-3164
-80
3186
3381
2129
3103
5359
6170
6098
6378
5991
5404
5980
6338
4870
3796
4044
3273
1360
1572
2703
1924
-678
-5211
-9059
-5652
3070
2156
-10762
-18643
-10440
2832
5706
-3670
-14046
-12823
-27
10760
8538
-1788
-7779
-2897
8523
14927
9524
52
-1676
3981
8839
9821
6963
1158
-2783
-468
3773
3843
369
-3309
-5520
-5283
-3170
-2600
-5074
-8046
-8729
-7658
-6036
-4680
-4238
-4123
-3269
-2393
-1629
708
3864
4546
2924
2226
3799
6225
7386
6077
3530
3015
4907
6217
4715
1953
507
1666
3218
2536
-99
-623
1012
-1679
-7872
-7456
905
2714
-6274
-13856
-10410
-631
5796
1700
-9348
-12938
-2426
9660
9543
394
-6258
-4309
4826
12737
10227
625
-3480
1468
7059
8228
5978
1632
-2569
-2159
2246
4344
1178
-3297
-5206
-4368
-2503
-1398
-2772
-6638
-8966
-6734
-2882
-2138
-4044
-5369
-4334
-1369
1342
1743
862
817
2198
4140
5079
3926
2693
3504
4556
4027
3236
3171
2251
1720
2380
2314
548
621
2308
2223
1334
-319
-5254
-8393
-1399
6086
-147
-12738
-13139
-2308
6218
4514
-4648
-12121
-7425
5562
11082
3668
-5670
-6624
311
9093
10899
3626
-3481
-1415
4853
7342
6252
3460
-748
-2731
641
4151
2926
-1038
-3512
-4167
-2944
-1124
-1190
-3482
-6247
-7469
-5825
-2254
-1110
-3512
-6096
-4993
-783
2633
1989
-465
-875
1682
4613
5167
2917
1156
2191
3875
3552
2440
2544
2556
1598
931
2024
2940
2572
1307
982
1647
-177
-4886
-5917
357
4200
-1831
-10694
-10368
-1255
6459
3738
-6475
-11615
-4511
6110
8284
1545
-5928
-6749
705
9426
9310
1535
-3171
-360
4234
6745
6878
3784
-1409
-2915
927
4998
4385
-17
-4377
-5051
-1956
1014
321
-3300
-6843
-8115
-5293
-733
161
-4001
-7460
-6386
-1403
3631
3624
-1686
-4533
-63
5733
6094
2196
-820
-137
3453
6106
4241
431
-233
2635
4114
3015
1661
1500
1596
2216
3490
966
-5498
-7251
867
6599
-3
-10860
-11617
-2233
6840
5621
-5220
-13190
-7406
5271
9603
2561
-6553
-8406
-905
9365
10628
2166
-4349
-1394
4773
7584
6567
2894
-1233
-1584
2302
5079
3462
-568
-3164
-2755
-935
-545
-1786
-3005
-4172
-5984
-6331
-3635
-1125
-2363
-5355
-6539
-4344
391
3412
329
-4462
-2895
3279
5769
3152
498
267
2147
4738
5328
2691
506
1733
3726
3219
2111
2520
2843
1855
2151
2776
-1215
-6236
-3152
4632
3361
-6769
-11938
-6320
2735
5684
-751
-10477
-11158
-596
8315
5700
-3091
-7785
-4541
4551
11092
7449
-1683
-4025
1910
7425
8396
5817
1078
-2504
-346
4773
6101
2029
-2752
-4385
-2671
-57
312
-2007
-5219
-6665
-6099
-4604
-3497
-3027
-3600
-5206
-6559
-4902
617
4461
1001
-5008
-3945
3335
7990
6166
1359
-1535
856
6787
8885
3849
-1501
-162
4167
5452
3378
1298
261
1367
3720
2244
-4445
-7526
-892
5134
-62
-10247
-11470
-2978
5067
3369
-5812
-11502
-5896
4475
7667
1705
-5219
-5432
1097
8359
8674
2666
-1574
905
5423
7139
5944
3120
306
-157
1795
2910
1893
-370
-2439
-3365
-2484
-1467
-1913
-3457
-5100
-5907
-5490
-4545
-3921
-3450
-3374
-4297
-5066
-3120
1571
4030
546
-3658
-1167
5677
8331
4767
210
-372
3270
7229
6490
1316
-2258
32
4299
4927
1566
-1202
-730
1559
3236
1117
-4939
-8115
-2153
4775
1012
-9059
-11322
-3344
4948
4687
-3323
-9817
-5984
4329
8822
3590
-3388
-4751
163
7586
10040
4117
-2393
-1025
4373
6633
5655
3151
-641
-2526
49
2947
1944
-1299
-3575
-4242
-3113
-1144
-895
-3147
-5398
-5719
-4267
-2925
-3233
-4129
-3379
-1885
-2062
-2661
-446
3054
3181
388
-185
2785
5546
5526
3114
599
656
3561
4755
1973
-1140
-382
2034
2476
703
-782
-491
1335
2885
151
-6053
-7417
221
6016
564
-9164
-9854
-1095
7049
5553
-3518
-9236
-4152
5415
8583
3739
-2904
-5036
-274
7600
9370
3018
-2896
-1976
2222
5338
6073
2660
-3069
-4429
41
3486
2044
-1666
-4499
-4908
-2179
730
-286
-4055
-5775
-4314
-2140
-1488
-2545
-3702
-2868
-999
-740
-1637
-777
1888
2873
1194
-193
1285
3804
4464
2540
93
-513
1327
3047
1965
-878
-1653
305
1928
1124
-419
-478
1235
3216
1969
-3519
-6419
-390
6926
3903
-6065
-9316
-2384
6256
7307
-182
-8019
-6304
3139
8593
4440
-3066
-5920
-2023
5013
7791
2991
-3118
-3226
953
3990
4388
2290
-1509
-3385
-954
2351
2562
105
-2412
-3272
-1707
459
377
-1738
-3329
-3397
-2267
-1053
-1530
-2847
-2551
-1035
-1138
-2375
-1674
1192
2245
-1
-1658
119
2871
3342
1615
-565
-1312
356
2452
1856
-629
-1230
583
2000
1808
1241
1157
1876
3320
2762
-1862
-4793
174
6641
3661
-5597
-8676
-2334
5563
6242
-1324
-8878
-6841
2161
6829
2803
-3911
-6491
-2678
4435
7160
2222
-3415
-2723
1535
4075
4533
2848
-784
-2382
474
3442
2945
732
-1118
-2070
-1102
901
756
-1532
-2995
-2919
-2422
-1988
-2107
-2693
-2340
-1510
-2512
-4174
-2419
1718
2240
-1460
-3288
-553
3016
4103
2205
-1268
-2484
1058
4785
3323
-612
-1144
1268
3051
3429
2580
1024
1265
4139
4416
-1240
-5586
-1098
5894
3934
-5012
-9180
-4110
3684
5398
-1063
-8695
-8068
138
5856
3081
-3422
-6203
-2821
3488
6467
3188
-1853
-2349
1213
4459
5252
3447
156
-1483
373
2967
3432
1595
-924
-2436
-1311
738
653
-1683
-3496
-3910
-3206
-1613
-1213
-3194
-4788
-3496
-1882
-1768
-1676
-739
-874
-1349
-129
1699
1655
974
1190
1155
795
1775
2958
1849
395
1268
2847
2677
2185
2290
2154
2170
3670
3743
-993
-5380
-1911
5115
4141
-4487
-9494
-5183
2733
5497
-208
-8287
-8694
-649
5847
3947
-2288
-5795
-3513
2970
7449
4762
-1193
-2449
1267
4600
5666
4558
1025
-1983
-409
3417
4180
1352
-1678
-2867
-1674
430
462
-2100
-4083
-4044
-3028
-2251
-2564
-4050
-4477
-2873
-2006
-2998
-3070
-906
382
-373
-1120
-387
1203
2948
3185
974
-587
1443
4268
3586
1033
453
1908
3195
3407
2364
1049
1690
4156
4342
-942
-5942
-3063
4453
4804
-3561
-10005
-6865
1670
5874
829
-7884
-9159
-1411
5440
4165
-1431
-4965
-3478
2201
6804
5139
321
-1040
1013
3035
4926
5498
2439
-1331
-868
2131
3466
2435
-107
-2968
-3040
-291
732
-1543
-3640
-4099
-3946
-2734
-1751
-3395
-5489
-4085
-1920
-2270
-2816
-1475
-665
-764
191
1308
1309
1704
2758
2405
1467
2254
3428
2808
1797
2059
2621
2935
3202
2424
959
1344
3750
3840
-1310
-6420
-3948
3455
4437
-3754
-10692
-7677
1306
5637
479
-8096
-9374
-1611
5823
4983
-1315
-5459
-3240
3518
8063
5623
151
-1261
1532
4459
5903
5088
1534
-1419
-201
2766
3286
1304
-1290
-3181
-2882
-908
-464
-2437
-4381
-4942
-4419
-3057
-2269
-3758
-5220
-3939
-2071
-1945
-1749
-663
-450
-313
1189
2426
2230
2462
3429
3171
2364
2885
3680
2885
1955
2213
2620
2367
2077
1652
928
1040
2288
2378
-1810
-6558
-4821
2309
3854
-3563
-10273
-7783
416
5207
1687
-6490
-9143
-2137
6241
6328
298
-4082
-2794
2922
8171
7113
1254
-1705
951
4525
5764
4611
1394
-1680
-1202
1761
2724
480
-2531
-3964
-3289
-1683
-1599
-3304
-4792
-4876
-4083
-3082
-3060
-4253
-4286
-2170
-1028
-2080
-1934
483
2023
1718
1572
2064
2871
4306
4986
3284
1497
2679
4425
3545
1390
1079
1631
1857
1712
1120
-192
-266
1480
306
-4829
-6930
-1526
2875
-816
-7837
-8680
-2793
3498
3567
-2683
-7631
-4103
4258
7433
3152
-2277
-2857
1704
7257
7955
3380
-516
382
3420
4998
4407
1938
-1000
-1937
-390
1091
681
-1496
-3972
-4809
-3395
-1903
-2303
-3965
-5251
-5249
-3723
-1887
-2194
-3956
-3540
-935
280
-362
-109
1236
2268
2800
2920
2424
2736
4567
5270
3083
939
1846
3518
2780
649
-159
294
1030
1152
217
-1212
-520
961
-1535
-6191
-5091
1045
2087
-3879
-8328
-5462
1160
4925
1872
-4606
-6010
525
7344
6928
983
-3331
-1496
4728
8662
6027
534
-1509
824
3960
5040
3009
-843
-3199
-2079
435
1156
-877
-3917
-5386
-4263
-2141
-1400
-2722
-4706
-5284
-3685
-1595
-1368
-2646
-2905
-1344
213
448
161
998
2588
3104
2180
1887
2963
4133
4146
2896
1102
639
2213
3092
1129
-1192
-896
787
1393
565
-1057
-1690
-230
-425
-3859
-4704
-110
1864
-2742
-6789
-4475
889
4039
2330
-2995
-5213
-151
6416
6632
1749
-2433
-2024
3079
8214
6970
886
-2268
83
3470
4660
3055
-805
-3857
-2735
622
1445
-995
-3743
-4654
-3842
-2226
-1363
-2134
-3871
-4575
-3486
-1773
-1197
-1618
-1654
-1214
-976
-302
994
1880
2074
1972
1518
1653
3282
4478
3174
1201
987
1766
1896
1590
790
-491
-895
501
1420
391
-1014
-708
224
-1306
-4273
-3821
635
2043
-2471
-6889
-4910
1206
5043
2563
-3422
-5417
-210
6015
6416
2079
-1992
-2284
2106
7459
7195
1449
-2441
-784
2701
4518
3548
-225
-4013
-3499
290
1842
-655
-3884
-4831
-3681
-1956
-1266
-2068
-3509
-4082
-3255
-1903
-1226
-1503
-1569
-1013
-718
-449
850
2081
1904
1542
1915
2235
2631
3665
3666
1719
538
1651
2450
1358
335
211
2
101
957
973
-344
-494
-25
-2363
-5123
-2533
2346
1161
-5071
-7689
-3266
3196
5037
265
-5595
-4663
2540
7324
4943
-382
-2890
-496
4705
7464
4732
86
-1297
758
3288
4276
2661
-926
-3513
-2665
117
1314
-717
-4154
-5416
-3485
-1098
-988
-2512
-3858
-4092
-3045
-1596
-1095
-1573
-1582
-1077
-905
-279
1814
3291
1924
39
1019
3722
4638
3344
1438
329
1177
3396
3555
448
-1833
-515
1821
1894
422
-993
-1090
56
-477
-3706
-4663
-727
1443
-2291
-6512
-5191
-217
3263
1928
-2923
-5054
-658
5258
5800
1838
-1656
-1420
2704
7048
6230
1470
-888
889
3035
3903
3396
677
-2455
-2320
177
860
-748
-2677
-4058
-4284
-2487
-786
-1574
-3658
-4474
-3686
-2444
-1458
-1239
-1725
-2119
-1304
324
1591
2056
2024
1623
1308
2038
3632
4284
2814
994
808
2104
3036
2626
832
-838
-652
1378
2509
1179
-919
-2742
-3964
-2877
747
1319
-3546
-8112
-6070
32
3403
640
-4858
-6334
-1261
4818
5422
1375
-2211
-1770
2482
6812
6547
2396
-427
689
3550
5356
4423
1048
-1791
-1574
502
1471
284
-2312
-4264
-3953
-2148
-1429
-2389
-3637
-4165
-3873
-3355
-2905
-2390
-1622
-1250
-1460
-1615
-396
2170
3735
2597
654
1047
3438
4959
4182
2362
1074
1380
2725
3309
2106
648
380
794
856
868
1123
-445
-3798
-4776
-1239
1325
-1607
-6592
-7269
-3003
1453
1420
-2943
-6007
-3290
2382
4782
2379
-1403
-2173
1559
6145
6416
2784
312
1296
3696
5123
4357
1708
-625
-570
810
1238
-72
-1946
-3052
-2855
-2389
-2539
-2915
-3265
-3924
-4813
-4571
-3094
-1703
-1630
-2366
-3049
-1964
1264
3705
2410
-252
128
3473
5804
4804
2087
450
1744
4452
5110
2491
-15
264
2215
3046
2115
542
-1519
-3618
-3357
-38
1457
-2276
-7353
-7610
-2852
1793
1314
-3951
-7625
-4534
1973
4639
1918
-2111
-3269
86
5410
6978
3548
297
815
3180
5079
5461
3419
232
-753
841
2109
1528
-403
-2690
-3633
-2242
-839
-1760
-3917
-5369
-5731
-4408
-2054
-1494
-3459
-4488
-2544
289
1429
862
-100
143
2276
4263
3681
1993
2190
3676
4042
3290
2666
2421
2511
2799
2376
1238
988
1070
-799
-3274
-2560
-41
-525
-4176
-6441
-4866
-1376
163
-2172
-5487
-5113
-1185
1738
1296
-860
-2169
-845
2674
4916
3660
1437
1430
3000
4226
4577
3857
2217
989
1113
1647
1551
700
-636
-1893
-2256
-1744
-1581
-2696
-4260
-4786
-4039
-3127
-2854
-3257
-3507
-2664
-896
183
-77
-249
779
2082
2670
2722
2477
2270
2843
3810
3787
2894
2530
2755
2722
2581
2618
2197
411
-1902
-2594
-798
579
-1343
-5195
-6617
-4049
-556
-266
-3430
-5935
-4575
-833
1476
942
-1213
-2438
-844
2675
4555
3328
1208
810
2207
3973
4531
3359
1522
558
993
1939
2272
989
-1323
-2705
-2016
-896
-1316
-2817
-4093
-4264
-3244
-2059
-2346
-2899
-2057
-996
-1109
-837
584
1351
1184
1394
2059
2351
2888
3556
3251
2464
2745
3278
2932
2462
2553
2434
1188
-735
-1887
-961
550
-284
-3656
-5913
-4512
-1333
-310
-2592
-5433
-5452
-2453
594
1012
-966
-2495
-1237
1826
3733
3219
1643
888
1718
3216
3931
3185
1741
721
855
1497
1358
258
-588
-908
-1671
-2569
-2393
-1535
-1698
-2911
-3939
-3527
-1759
-163
-619
-2277
-2461
-333
1770
2012
1108
684
1253
2533
3601
3403
2400
2197
2839
3029
2743
2617
2489
1707
362
-832
-908
-143
-94
-1976
-4415
-4857
-2812
-934
-1573
-3734
-4655
-3373
-1254
180
-105
-1633
-2163
-280
2064
2788
2333
1836
1559
2017
3212
3888
3258
1849
544
113
937
1560
411
-1744
-2780
-2383
-1637
-1482
-2301
-3508
-3706
-2554
-1517
-1548
-1859
-1604
-904
-70
775
1329
1608
1958
2399
2713
2978
3332
3411
3035
2551
2611
2911
2780
2107
1150
-67
-848
-413
48
-1032
-3113
-4062
-3312
-2062
-1945
-3193
-4323
-3672
-1929
-1034
-1366
-1723
-1397
-342
906
1514
1343
1329
1818
2154
2250
2478
2503
1845
1200
1226
1459
1147
385
-420
-805
-727
-753
-1566
-2406
-2398
-2036
-2220
-2554
-2536
-2203
-1483
-629
-316
-424
156
1445
2030
1585
1587
2650
3523
3332
2728
2614
3139
3725
3609
2166
266
-194
978
1303
-358
-2356
-3192
-2779
-1556
-851
-2139
-4007
-4024
-2538
-1641
-1493
-1680
-2297
-2554
-1303
503
1289
1012
507
327
950
2113
2563
1759
613
301
707
1142
1029
225
-742
-899
-284
62
-405
-1215
-1562
-1136
-612
-696
-1052
-922
-503
-239
76
593
561
136
483
1620
2115
1707
1383
1567
2044
2698
2843
1467
-169
107
1729
1793
-361
-2217
-1690
216
765
-892
-2739
-2346
-329
401
-1052
-2370
-1827
-442
237
-122
-798
-872
-52
725
444
-367
-654
-212
194
112
-334
-758
-862
-603
-471
-997
-1469
-1053
-324
-506
-1069
-971
-233
337
643
584
377
785
1939
2530
1712
804
1122
2275
2595
1867
925
904
1272
1382
930
48
-994
-1111
-427
-553
-1377
-1641
-1493
-1839
-1613
-553
-49
-819
-1235
-621
400
1169
1220
350
-179
811
2093
2122
1110
325
216
649
779
198
-678
-1120
-1270
-1531
-1842
-1824
-1773
-2249
-2943
-2933
-1950
-1000
-1208
-2057
-1818
-414
740
943
748
827
1731
2833
2900
2189
2370
3331
3413
2461
1938
2227
2613
2449
1177
-586
-963
177
353
-1344
-3076
-3184
-2163
-1420
-1768
-2689
-3048
-2366
-1266
-547
-465
-701
-510
451
1428
1768
1717
1686
1721
1799
1806
1708
1590
1241
578
-24
-209
-210
-465
-1117
-1839
-2283
-2300
-2031
-1977
-2326
-2554
-2276
-1701
-1059
-499
-193
69
555
1012
1345
1963
2621
2482
1947
2066
2655
3042
3007
2148
775
453
1399
1545
61
-1451
-1862
-1543
-1004
-923
-1840
-2830
-2557
-1415
-771
-846
-1081
-1129
-795
60
859
871
364
184
489
873
1096
939
332
-177
-114
266
325
-265
-1118
-1357
-773
-354
-879
-1657
-1481
-598
-170
-466
-675
-191
818
1529
1221
472
550
1668
2597
2298
1175
714
1622
2728
2344
694
-503
-290
540
589
-698
-2298
-2608
-1625
-845
-1163
-1955
-2359
-1890
-789
5
-184
-673
-509
145
843
1304
1284
815
770
1276
1590
1322
939
594
123
-339
-529
-581
-988
-1663
-2080
-1993
-1700
-1727
-2130
-2274
-1706
-1006
-792
-730
-194
827
1610
1651
1463
2076
3261
3843
3263
2462
2525
3412
3757
2635
898
225
751
1043
95
-1667
-2819
-2585
-1844
-1950
-2864
-3631
-3618
-2741
-1829
-1788
-2240
-1997
-1154
-427
96
514
617
725
1337
1905
1882
1723
1740
1580
1321
1226
1054
514
4
-154
-247
-658
-1096
-1307
-1468
-1529
-1453
-1393
-1367
-1066
-737
-606
-361
285
885
1083
1095
1248
1772
2479
2752
2190
1545
1597
2135
2244
1625
673
55
99
444
306
-669
-1591
-1696
-1283
-1233
-1533
-1944
-2110
-1866
-1379
-1226
-1380
-1358
-1049
-791
-706
-547
-361
-262
-231
-135
-46
13
108
309
401
279
176
259
411
550
512
305
255
682
1164
1090
554
344
902
1608
1598
834
412
823
1503
1439
663
-191
-356
105
489
47
-921
-1450
-1136
-587
-458
-807
-1253
-1283
-814
-235
-89
-235
-367
-252
27
446
622
425
192
206
256
110
-30
-113
-237
-484
-775
-1006
-967
-698
-646
-1113
-1600
-1449
-738
-309
-501
-765
-392
381
914
897
736
1064
1864
2213
1708
1339
1869
2524
2352
1571
812
586
1051
1503
841
-600
-1305
-871
-403
-548
-1099
-1806
-2161
-1609
-799
-706
-1121
-1400
-1413
-1013
-242
119
-235
-589
-480
-124
264
461
181
-265
-327
-79
75
117
51
-233
-481
-423
-194
21
48
-153
-221
216
760
859
618
599
997
1545
1642
1132
717
1141
1809
1709
954
248
55
402
824
460
-624
-1463
-1302
-618
-335
-840
-1560
-1783
-1274
-599
-291
-359
-655
-866
-439
462
829
443
12
-78
54
469
753
293
-594
-882
-530
-263
-482
-1047
-1609
-1673
-1221
-901
-1096
-1449
-1394
-836
-67
322
169
85
677
1715
2443
2366
1870
1945
2768
3457
3323
2584
1828
1551
1758
1867
1343
199
-880
-1128
-730
-714
-1465
-2387
-2811
-2680
-2294
-2097
-2136
-2357
-2396
-1961
-1154
-624
-548
-568
-364
61
659
1087
1050
823
883
1197
1406
1297
870
408
318
522
352
-317
-762
-667
-487
-485
-688
-1059
-1191
-683
46
166
-268
-394
272
1134
1475
1291
1004
961
1340
1901
2040
1599
947
730
1025
1377
1155
544
-41
-264
-208
-86
-286
-848
-1367
-1527
-1421
-1296
-1340
-1639
-2013
-2016
-1662
-1361
-1409
-1601
-1540
-1098
-592
-413
-456
-401
-86
305
519
437
379
667
1112
1288
1159
901
791
1078
1590
1515
779
318
697
1139
1078
783
439
111
249
684
657
204
-43
-87
-124
45
292
140
-279
-367
-129
79
100
-32
-286
-451
-383
-234
-297
-572
-799
-814
-714
-685
-815
-963
-915
-798
-843
-893
-760
-655
-594
-423
-312
-386
-309
32
293
271
190
182
283
547
848
745
323
198
550
804
643
417
333
378
491
627
562
469
504
507
409
516
754
729
592
582
664
735
787
677
486
404
311
24
-276
-380
-513
-844
-1234
-1472
-1544
-1541
-1697
-1998
-2197
-2062
-1831
-1668
-1591
-1412
-1107
-690
-293
84
434
655
849
1240
1830
2184
2098
1876
1970
2280
2368
2042
1541
1189
1050
888
468
-112
-578
-864
-1088
-1335
-1537
-1710
-1770
-1753
-1651
-1454
-1091
-771
-550
-254
221
665
911
1122
1368
1552
1565
1573
1557
1515
1431
1224
675
70
-119
-157
-608
-1332
-1774
-1995
-2107
-2077
-2084
-2447
-2736
-2481
-1933
-1516
-1211
-981
-798
-344
477
1228
1594
1758
1978
2344
2723
2983
3020
2839
2501
2177
1978
1770
1398
930
480
14
-445
-748
-912
-1150
-1556
-1943
-2102
-2008
-1827
-1768
-1828
-1774
-1516
-1230
-950
-591
-203
-32
30
285
733
1044
1140
1092
911
842
1087
1295
1000
370
29
152
320
105
-513
-1090
-1099
-656
-459
-844
-1320
-1281
-761
-320
-313
-499
-483
-204
144
391
537
594
642
800
1074
1215
1220
1287
1342
1250
1121
1079
969
812
724
547
139
-181
-161
-169
-515
-930
-1099
-1107
-1067
-1058
-1185
-1386
-1348
-1056
-853
-873
-828
-600
-365
-266
-215
-124
167
600
709
328
152
646
1207
1186
778
448
464
800
1073
773
91
-249
-8
208
-55
-479
-600
-469
-382
-426
-575
-633
-463
-211
-132
-234
-314
-190
99
340
337
171
32
120
359
503
355
3
-219
-89
220
298
85
-227
-311
-109
167
145
-115
-232
-82
-2
-91
-47
167
192
21
-51
18
128
306
320
-47
-359
-152
197
236
11
-273
-448
-227
210
282
-127
-406
-161
237
390
299
114
20
263
645
701
435
241
257
393
431
245
-75
-265
-325
-372
-473
-612
-819
-952
-896
-792
-830
-888
-854
-755
-596
-369
-215
-172
-71
181
429
567
675
749
794
908
1069
1083
942
791
783
817
658
290
60
89
48
-156
-395
-629
-775
-678
-548
-660
-850
-841
-615
-362
-202
-165
-140
-29
176
408
569
613
549
490
522
667
692
486
185
34
79
131
4
-266
-517
-629
-557
-451
-524
-759
-837
-676
-506
-501
-509
-447
-327
-163
2
68
106
273
492
550
450
449
576
665
636
565
406
258
303
443
366
69
-130
-129
-48
-2
-53
-252
-409
-276
-21
-14
-226
-286
-141
-17
21
30
-26
-88
12
152
118
-1
29
129
123
26
-5
7
38
57
24
-92
-140
-88
-40
-70
-139
-228
-257
-152
-40
-89
-207
-191
-102
-39
-49
-100
-176
-147
-37
15
-76
-162
-117
22
132
118
24
-1
140
257
237
174
180
203
240
260
193
95
146
221
175
63
23
44
66
69
13
-78
-119
-26
32
-74
-161
-80
28
-23
-122
-142
-94
-26
24
-2
-105
-120
23
132
69
-52
-57
-2
9
-47
-105
-128
-115
-129
-195
-238
-197
-155
-186
-226
-242
-239
-141
-43
-92
-160
-38
94
31
27
171
236
175
225
279
261
332
485
409
224
269
466
463
311
231
192
174
250
234
7
-148
-61
28
-47
-163
-265
-310
-236
-132
-174
-312
-343
-226
-122
-115
-136
-151
-181
-136
-13
14
-112
-140
-26
-11
-125
-154
-112
-139
-175
-175
-236
-304
-235
-155
-231
-325
-245
-145
-162
-174
-96
-28
37
168
231
184
220
413
553
553
520
507
550
649
709
606
443
387
429
379
230
118
60
-64
-230
-328
-409
-475
-490
-499
-667
-815
-765
-557
-476
-483
-508
-453
-306
-86
83
163
191
237
405
570
630
570
538
531
485
419
326
166
31
-46
-143
-309
-405
-451
-490
-572
-630
-627
-554
-433
-321
-276
-231
-55
208
365
414
515
673
786
846
875
865
829
781
706
566
405
239
60
-92
-225
-412
-624
-754
-831
-890
-930
-958
-973
-926
-828
-738
-623
-452
-255
-101
-10
110
301
485
569
599
611
619
650
694
690
594
467
338
206
103
51
1
-131
-314
-406
-365
-294
-246
-217
-281
-369
-303
-76
79
118
111
116
148
257
386
418
335
189
87
104
145
85
-21
-119
-243
-359
-371
-310
-311
-377
-385
-345
-343
-325
-202
-86
-55
-58
-22
59
162
220
210
190
213
242
219
156
103
100
81
11
-64
-96
-119
-119
-106
-107
-95
-42
46
108
142
198
313
400
393
396
484
577
556
472
438
411
294
144
59
-32
-199
-329
-412
-520
-630
-685
-748
-771
-695
-651
-711
-696
-524
-372
-277
-129
-4
36
126
301
405
441
490
491
412
434
544
538
420
323
243
137
106
104
24
-120
-221
-289
-325
-297
-234
-250
-301
-280
-169
-44
48
62
49
121
248
340
346
333
306
319
347
342
271
200
164
115
33
-72
-128
-133
-177
-262
-313
-315
-299
-273
-265
-307
-338
-313
-250
-223
-237
-235
-220
-209
-184
-136
-113
-82
-55
-64
-47
68
184
196
134
133
208
280
293
311
322
300
315
378
382
320
294
299
249
173
134
71
-13
-23
-25
-128
-253
-310
-323
-330
-371
-467
-546
-528
-482
-450
-446
-458
-420
-281
-151
-96
-35
70
134
160
236
368
453
471
466
497
551
593
548
426
328
330
327
220
43
-72
-105
-174
-316
-457
-521
-529
-518
-539
-562
-546
-455
-316
-193
-115
-37
75
224
379
474
491
526
626
714
703
635
565
481
420
378
255
34
-153
-229
-294
-455
-655
-763
-800
-832
-830
-824
-857
-811
-649
-497
-411
-283
-72
157
329
445
578
757
988
1152
1138
1000
982
1090
1143
1039
808
567
434
362
189
-79
-343
-516
-640
-777
-981
-1165
-1168
-1033
-1008
-1106
-1116
-961
-721
-485
-379
-364
-222
74
319
409
475
582
681
788
855
749
561
552
624
458
132
-71
-133
-227
-343
-487
-708
-859
-789
-669
-720
-805
-743
-597
-427
-225
-34
55
160
404
669
811
877
945
1013
1069
1090
1065
994
888
783
683
532
328
163
0
-204
-377
-510
-642
-766
-813
-808
-834
-888
-890
-809
-684
-568
-482
-410
-339
-202
24
211
248
222
287
407
505
515
409
258
236
325
306
127
-33
-53
-43
-92
-180
-284
-343
-321
-268
-279
-301
-236
-128
-92
-64
37
134
161
205
291
339
346
387
423
396
374
405
402
298
197
170
177
129
15
-106
-173
-145
-139
-240
-375
-405
-324
-258
-296
-357
-338
-242
-126
-65
-93
-129
-28
123
161
94
49
79
168
215
153
79
67
84
76
49
7
-25
-39
-33
-4
0
-29
-60
-40
24
75
43
-34
-47
33
98
76
0
-28
42
129
88
-52
-119
-72
-11
-41
-172
-288
-231
-94
-105
-230
-262
-180
-108
-83
-94
-86
3
133
155
93
125
257
320
285
271
309
341
329
287
236
199
193
178
94
-17
-62
-55
-75
-136
-201
-261
-293
-298
-305
-313
-297
-282
-308
-268
-143
-62
-70
-50
7
61
133
209
208
161
179
243
257
216
167
136
125
101
18
-100
-158
-160
-186
-254
-305
-329
-326
-284
-253
-270
-258
-179
-119
-105
-35
92
164
192
249
312
359
423
478
477
432
408
398
355
304
268
201
97
14
-22
-65
-135
-209
-262
-317
-366
-386
-383
-417
-432
-366
-319
-337
-333
-247
-168
-106
-38
-3
18
124
254
270
221
243
320
350
330
268
188
167
201
190
111
27
-27
-49
-53
-75
-140
-221
-258
-236
-217
-223
-257
-273
-242
-183
-159
-160
-122
-50
2
39
100
164
208
240
261
288
342
387
362
298
286
322
318
231
147
98
55
13
-21
-92
-179
-232
-282
-346
-357
-284
-269
-361
-411
-330
-210
-149
-167
-193
-150
-31
97
159
164
172
230
296
357
400
378
298
242
243
232
171
66
-48
-125
-140
-143
-203
-320
-416
-444
-404
-365
-374
-413
-425
-368
-246
-114
-44
-30
-6
96
248
346
339
295
336
467
541
463
344
321
357
359
288
147
-18
-90
-42
-47
-202
-378
-422
-354
-282
-301
-391
-412
-293
-146
-107
-162
-165
-10
203
275
185
129
227
376
447
399
286
218
241
275
231
137
47
-45
-132
-174
-205
-285
-353
-368
-393
-445
-441
-342
-251
-253
-281
-227
-115
2
72
88
86
139
253
340
359
339
317
297
276
275
250
170
93
60
40
-16
-81
-120
-121
-122
-150
-193
-207
-171
-110
-63
-54
-45
2
63
103
124
147
162
161
144
128
135
157
140
59
-18
-18
20
-13
-108
-169
-156
-134
-157
-208
-233
-199
-150
-153
-206
-183
-65
8
-41
-99
-52
60
117
73
8
28
124
174
126
63
77
132
138
82
30
38
73
62
11
-14
15
40
10
-46
-47
-2
-2
-52
-81
-72
-59
-58
-81
-111
-87
-27
-29
-82
-77
2
49
36
6
7
39
81
114
82
33
44
84
78
55
42
20
0
20
36
40
51
24
-53
-67
18
60
3
-70
-98
-79
0
53
-5
-97
-57
48
75
38
42
86
93
76
73
82
85
66
25
-21
-42
-38
-43
-77
-135
-172
-190
-179
-147
-140
-185
-209
-171
-111
-60
-35
-43
-37
15
87
128
122
122
139
159
166
167
166
184
185
155
108
87
83
50
-6
-31
-37
-75
-116
-101
-57
-67
-108
-133
-119
-78
-38
-56
-100
-89
-31
12
9
-9
-22
2
47
57
15
-29
-33
-25
-10
-15
-46
-54
-5
40
17
-30
-26
34
64
37
-16
-31
8
60
61
5
-36
-6
52
56
14
-19
-19
21
54
31
-10
4
69
102
76
44
56
102
139
142
98
55
74
133
133
68
17
27
51
26
-33
-97
-126
-118
-111
-153
-213
-219
-184
-162
-164
-174
-174
-152
-105
-60
-50
-49
-21
20
39
59
101
135
143
144
143
138
130
117
114
110
87
32
-10
-11
0
-10
-52
-99
-99
-65
-47
-62
-68
-50
-17
9
15
15
30
62
85
77
56
69
108
118
84
45
32
44
51
14
-58
-88
-56
-48
-85
-118
-126
-123
-119
-126
-145
-150
-126
-96
-87
-85
-62
-19
15
29
28
45
71
90
99
94
84
84
89
86
71
44
34
45
48
33
10
3
23
40
37
21
0
-6
9
21
5
-29
-53
-41
-23
-32
-53
-58
-46
-37
-47
-62
-53
-33
-33
-55
-70
-50
-15
-12
-17
-4
19
36
53
56
50
51
57
69
76
68
51
48
67
80
68
34
15
20
21
-15
-58
-71
-65
-59
-67
-77
-79
-59
-36
-31
-41
-37
3
47
67
57
51
75
100
111
98
76
72
86
72
23
0
-3
-31
-83
-100
-96
-96
-112
-138
-150
-131
-97
-98
-124
-111
-67
-29
-1
16
33
75
126
140
138
157
191
207
191
159
156
174
165
111
48
12
-3
-18
-50
-93
-134
-154
-160
-165
-168
-165
-157
-164
-185
-187
-160
-112
-79
-68
-59
-24
24
57
74
86
97
108
118
123
124
117
105
93
79
52
19
-7
-18
-39
-64
-90
-92
-76
-80
-106
-119
-98
-72
-66
-72
-69
-44
-5
23
35
61
104
133
142
150
156
164
172
158
141
142
131
107
85
65
33
-7
-39
-72
-104
-126
-148
-169
-175
-183
-196
-194
-175
-155
-143
-126
-103
-78
-50
-16
20
50
78
103
122
145
172
185
172
171
183
162
122
96
83
57
22
-8
-31
-52
-67
-95
-127
-134
-128
-127
-144
-136
-97
-55
-52
-58
-36
6
44
55
38
44
96
127
95
64
82
121
141
107
59
47
67
60
-1
-65
-78
-56
-60
-115
-169
-157
-106
-84
-116
-150
-141
-87
-56
-67
-78
-59
-5
35
35
26
60
111
135
122
92
99
139
157
124
82
70
86
97
93
75
36
13
12
16
-3
-35
-61
-80
-87
-105
-122
-132
-126
-124
-127
-125
-109
-86
-63
-41
-39
-42
-22
29
66
64
52
76
120
148
156
150
134
128
135
124
90
58
36
9
-20
-41
-70
-117
-150
-164
-175
-198
-210
-210
-197
-163
-127
-85
-50
-26
-10
28
77
109
128
147
165
178
193
195
191
189
177
142
87
56
39
2
-67
-127
-145
-150
-166
-197
-231
-224
-189
-195
-230
-209
-125
-56
-53
-61
-21
64
149
167
153
161
213
268
273
246
224
225
214
174
133
109
78
30
-34
-80
-89
-100
-139
-186
-204
-188
-170
-169
-187
-188
-161
-126
-98
-66
-36
-27
5
60
109
127
119
109
114
133
139
108
52
22
32
57
58
19
-31
-52
-52
-50
-59
-87
-114
-101
-72
-70
-78
-74
-58
-37
-16
-3
12
40
55
50
46
79
112
114
95
85
84
101
122
121
90
55
38
33
46
58
44
2
-24
-21
-6
-16
-56
-100
-127
-129
-102
-97
-138
-168
-149
-113
-96
-107
-123
-105
-61
-7
2
-26
-25
25
79
96
84
64
73
97
122
120
81
56
76
107
108
82
48
40
47
30
-6
-27
-23
-31
-66
-104
-101
-84
-88
-105
-121
-113
-75
-34
-29
-40
-27
5
33
35
23
23
46
73
79
61
42
44
53
44
17
-10
-13
-10
-25
-44
-68
-82
-75
-73
-91
-120
-128
-102
-53
-42
-62
-57
-8
46
77
75
57
71
123
160
153
125
111
133
150
152
134
96
78
75
60
34
3
-30
-54
-64
-68
-76
-95
-117
-132
-128
-102
-97
-113
-126
-118
-94
-49
-13
-13
-20
0
41
89
108
87
56
61
103
123
104
67
49
47
55
56
32
-16
-42
-26
-25
-42
-67
-76
-65
-48
-51
-67
-59
-37
-35
-54
-61
-55
-33
-2
26
43
55
69
91
114
124
114
88
61
49
53
51
31
2
-14
-16
-5
-5
-29
-62
-83
-80
-71
-79
-105
-126
-110
-68
-57
-80
-90
-64
-20
-3
-10
-14
7
36
52
52
54
70
95
98
69
43
46
71
74
47
2
-15
8
29
2
-54
-81
-60
-23
-28
-69
-84
-52
-26
-31
-47
-55
-51
-48
-41
-26
2
19
18
18
34
65
86
86
71
53
69
102
96
64
56
70
62
31
10
11
4
-13
-42
-68
-74
-74
-76
-88
-89
-79
-67
-65
-58
-34
-17
-9
-8
-5
7
37
53
43
22
30
63
64
38
26
40
47
32
12
-10
-12
0
-6
-44
-58
-32
-15
-32
-51
-45
-32
-23
-30
-34
-6
21
26
16
6
14
30
34
35
33
28
22
21
11
4
0
6
8
9
-3
-6
-3
0
-1
-19
-38
-33
-10
-7
-5
-3
2
14
21
15
3
2
14
24
22
11
6
9
17
11
-5
-20
-24
-15
-5
1
-7
-25
-33
-9
25
34
24
8
5
14
25
13
-7
-7
6