-2
-2
6
7
1
-2
-2
1
5
0
-1
2
4
0
-1
0
0
-1
-3
-2
0
-1
0
4
4
0
0
8
9
5
-4
-7
-1
6
0
-6
-8
-6
1
1
-7
-11
-9
-6
-5
-4
-9
-11
-5
1
3
-2
-3
0
8
9
-3
-9
2
8
-1
-14
-15
-9
-4
-3
-7
-6
4
5
-5
-5
6
15
16
6
-2
9
27
33
23
8
13
27
24
18
10
11
24
28
19
17
12
4
0
-2
-10
-22
-36
-39
-28
-25
-25
-27
-27
-29
-22
-23
-29
-35
-37
-29
-29
-24
-12
3
6
-6
-14
-12
-5
-4
-1
-15
-15
3
20
25
24
28
27
29
15
21
28
24
17
21
18
21
36
35
33
31
40
27
24
24
17
0
-1
1
-4
-12
2
18
13
-4
-21
-29
-27
-15
-11
-5
-29
-38
-9
3
-31
-24
-20
-35
-28
-4
-8
-19
-35
-52
-26
-3
-11
-29
-30
-28
4
42
31
-2
7
52
46
11
19
31
7
5
45
40
14
4
16
15
28
52
40
-27
-55
2
19
-14
-31
-16
-1
-8
-32
-25
0
16
2
-4
-17
-21
5
22
13
-18
-21
-8
-6
-29
-18
-24
-49
-52
-24
2
-39
-46
-34
-37
-26
39
61
12
-11
13
49
51
64
74
50
20
23
39
7
-26
-31
-11
-18
-31
-22
0
15
-34
-66
-50
-51
-84
-71
-25
-33
-59
-19
0
-3
17
59
27
3
42
82
55
21
93
139
117
65
81
79
79
83
64
55
51
37
15
18
26
12
-32
-51
-33
-37
-36
-27
-75
-102
-64
-40
-37
-31
-56
-74
-41
1
-18
-88
-92
-36
-6
-26
-63
-94
-76
-39
-38
-53
-52
-60
-41
-22
-45
-58
-39
-33
-44
-32
-18
16
12
2
62
109
123
126
137
117
104
109
107
70
48
75
78
34
52
92
75
71
69
64
65
96
110
129
125
123
136
126
68
14
-28
-79
-81
-35
-42
-43
-44
-103
-136
-129
-113
-121
-131
-183
-229
-135
-29
-56
-199
-260
-194
-7
51
-93
-224
-229
-149
-125
-146
-178
-173
-128
15
69
-13
-48
31
85
116
134
118
127
122
139
115
126
164
194
195
203
161
30
50
80
75
41
-41
-106
-16
105
6
-171
-156
11
104
123
40
-69
-94
59
162
100
21
-1
58
173
222
88
-31
-20
41
20
-68
-135
-137
-68
-37
-76
-12
224
192
-75
-71
95
88
15
-19
-79
151
449
374
65
107
185
146
84
28
-260
-393
6
-689
-2393
-1835
1117
1425
-1656
-3286
-1811
1378
2945
259
-3560
-2833
1118
2948
1709
-1880
-4426
-2782
2145
4083
1235
-3007
-3660
-171
4535
5295
563
-3478
-1301
4016
6080
3870
-317
-1602
1873
5997
5703
2134
-522
-896
441
2686
3571
355
-4127
-4698
-1559
1458
838
-3411
-6845
-5158
-1033
1011
-521
-4317
-6308
-3091
1596
1821
-1065
-2630
-2156
7
2948
1744
-2350
-1702
2756
2297
-1608
-3070
-1210
2124
2610
-2349
-6286
-3239
2030
3384
-819
-6603
-5598
2131
6602
2921
-2345
-3219
1955
7738
8133
3525
710
3100
7624
8669
4405
-464
442
5927
6917
216
-5447
-3449
2355
3815
-2083
-9360
-8810
-1439
2252
-1901
-8746
-10978
-5509
2599
2858
-4588
-8209
-3637
2463
5013
3371
-1192
-2430
2597
7037
5642
2295
1078
1928
3691
4378
3017
1280
783
900
582
-157
-688
-592
-887
-2181
-3288
-2751
-1663
-1453
-2011
-3658
-5336
-3577
482
522
-3609
-5560
-3474
246
2341
-28
-4607
-4542
250
3524
2335
-1727
-3743
-856
3599
4040
1149
-1164
-363
2786
4876
3817
1693
1429
2873
4511
5125
4590
3390
2954
3356
2891
1098
702
2382
2209
-1554
-4587
-3394
143
1536
-1968
-7088
-7208
-2009
1519
-56
-4547
-7191
-4181
2449
4494
173
-3367
-1853
2105
5209
5280
1983
-678
1079
4474
5014
2963
892
-234
151
1331
1301
-391
-2022
-2866
-3101
-2678
-2458
-3048
-3863
-4430
-4271
-3614
-4288
-4679
-2008
218
-3078
-6504
-4235
1330
3875
366
-5386
-5244
2253
7646
4721
-2788
-5151
593
7733
7738
1349
-3255
-429
6487
8940
5316
1113
1366
5453
8382
6379
2368
2093
3212
1829
590
2245
2053
-2126
-4993
-4121
-1461
-216
-2331
-6853
-8181
-4500
-500
-569
-4665
-7368
-4555
1296
3040
291
-1870
-1148
1451
4650
6011
3380
954
2406
4980
5314
4410
2950
876
512
1757
1744
-279
-1794
-2614
-3447
-3749
-3472
-3666
-4660
-5306
-5601
-6164
-6412
-4267
-1485
-3229
-7615
-7009
-771
3402
1147
-4222
-5590
413
7351
6833
-23
-3736
733
7973
9002
3285
-1125
749
6109
8887
6368
1918
1627
5570
7973
5998
2611
1468
3093
4160
1125
-3335
-2657
1812
1201
-5470
-9148
-5780
-418
411
-4742
-10656
-9251
-1266
3381
-385
-6890
-7765
-1242
6341
6515
138
-3495
163
6414
9082
6319
1308
237
4523
8233
6551
2265
129
760
1862
1578
-490
-2969
-3877
-3314
-3737
-5462
-6283
-5454
-5414
-7217
-8499
-7426
-4737
-3466
-5037
-7858
-6485
-754
2735
-103
-3706
-1806
3394
6710
5240
1161
-317
4077
8516
7029
2766
1684
4146
6794
7044
4534
2528
3425
5339
5772
4680
3170
2010
2580
2639
-478
-3329
-817
1901
-2323
-8066
-7574
-2369
740
-1751
-8050
-10381
-4709
1603
1189
-4457
-8505
-5954
2456
7015
2090
-3934
-2174
3852
7523
7774
4156
-67
1841
8023
8760
3613
830
1452
2146
2603
2307
-900
-3677
-2627
-1623
-3947
-6216
-5729
-5990
-7811
-8814
-8259
-7121
-5755
-5277
-7317
-7987
-4108
1393
1622
-2571
-3568
1155
6310
6827
4027
653
1963
7591
10463
6669
2574
3360
6530
8467
7357
4514
2685
4141
6556
6542
4120
1424
904
1874
501
-3334
-3328
188
-1691
-8070
-9783
-4623
-130
-1496
-7767
-11759
-7527
152
1964
-3824
-9692
-8595
377
7671
4538
-3296
-3948
2511
8267
9638
5921
355
545
7170
10396
5898
1319
1340
2886
3353
3160
1026
-2261
-3063
-1899
-3045
-5691
-5960
-5758
-7951
-10442
-8804
-5582
-5043
-7449
-8896
-7211
-2511
2000
363
-4805
-4003
3561
7709
5213
1293
237
4074
9666
10107
4222
1095
4670
8920
8695
5405
2913
2781
5505
7539
6085
2858
1515
1992
1977
-220
-3227
-2421
1362
-937
-9163
-11267
-3378
2677
-1206
-10168
-13765
-6987
2718
4018
-5071
-13259
-9932
3179
10668
3794
-6776
-6337
3399
10825
10222
3243
-2720
235
9216
11791
4985
-389
883
3857
4553
3423
483
-2463
-2262
-1235
-2853
-5435
-4960
-5769
-10901
-12150
-5303
-1288
-8164
-14572
-11005
-885
3862
-1749
-9731
-8076
3232
10787
6432
-4173
-4815
6108
14489
10734
2105
-631
5070
12367
11972
5461
1296
3787
8308
9055
6030
3054
3357
4470
4009
948
-3573
-4603
850
4897
-4206
-15573
-12256
1746
6237
-4121
-16272
-16422
-3230
8207
4711
-11120
-18804
-7551
10005
12864
-364
-11426
-7280
6908
15283
10426
-1536
-6188
2722
13617
12801
2842
-2222
600
5518
6712
3661
-1547
-3775
-1463
-240
-2729
-7105
-7688
-5895
-5723
-8958
-10353
-8547
-6830
-5559
-6322
-7428
-5970
-1468
190
-906
-1241
110
2628
4105
5001
4761
4862
5364
6345
6913
6983
7410
6745
6224
5972
7053
7173
6402
5208
4764
4980
5215
5497
-130
-8194
-6086
7932
8998
-10454
-22707
-10414
7924
8665
-6960
-23084
-19819
1645
15408
2685
-20159
-23015
-2897
16548
12951
-6660
-17233
-5850
13307
18538
7248
-6666
-5972
7981
18185
11501
-1091
-3254
3752
8266
6280
1963
-2510
-2778
457
653
-5351
-9142
-6884
-4206
-5468
-9786
-12891
-11446
-4095
216
-5552
-13930
-9854
3148
7254
387
-6238
-4793
2763
11591
10690
1027
-2637
5285
13274
11726
6308
3299
5019
8008
10313
9044
5467
3991
5651
7139
6466
5889
156
-9472
-7997
7818
10832
-10767
-25852
-13013
7812
9281
-7053
-23555
-22090
-389
16530
4847
-21163
-24548
-2580
16616
13528
-4512
-16564
-7894
13602
21314
7923
-7873
-5977
8170
17569
12723
373
-4865
1431
9416
8052
981
-3767
-3132
77
849
-5091
-10920
-7132
-165
-3707
-13441
-15265
-7470
579
180
-9235
-16086
-7795
6889
8676
-3344
-11229
-5164
7530
13255
6332
-3900
-3427
7492
14288
10013
2416
801
5618
10561
10307
5743
3395
5892
8606
8090
5703
5918
6403
-693
-9747
-3582
12570
8037
-15698
-24587
-6432
11765
8290
-11517
-26669
-18025
6256
16711
-2365
-25647
-22870
2119
18913
9834
-10989
-18074
-2444
16967
18786
2968
-10015
-4559
11622
18450
8129
-3847
-3468
4928
8867
5814
-511
-4820
-2617
1316
-1611
-9289
-9333
-3104
-2663
-10286
-14201
-9286
-2362
-335
-6069
-12822
-9253
3527
7531
-1398
-7849
-3024
5503
9315
7061
1147
-207
6101
12018
9410
4272
4471
7006
7486
7043
7169
6526
6193
6499
6013
5500
7867
5329
-6387
-10639
4646
14687
-3088
-24059
-17441
5267
12456
-1850
-20924
-23732
-4748
15129
9130
-17216
-27873
-8677
15133
15084
-4189
-17550
-10188
9708
19807
9860
-7491
-9077
5903
17120
11300
-632
-3750
1659
7344
7422
2733
-3081
-3138
-52
-1579
-6845
-6401
-1993
-4962
-12723
-13294
-4557
242
-4413
-11431
-11946
-4065
5395
5137
-6217
-10141
789
10464
7042
351
-538
2671
8251
11008
6699
1073
4663
10205
7649
2860
5193
8831
7395
5732
5713
5857
7387
5184
-5400
-8013
7945
14563
-6846
-24698
-11532
10158
10417
-6952
-22341
-20135
142
16560
4670
-22627
-26950
-2003
17919
10397
-9539
-17952
-7667
11648
19955
6822
-11456
-8655
10051
17968
8424
-1919
-3530
1088
8050
9288
1172
-5542
-1979
2889
-265
-6200
-7944
-5192
-1460
-3320
-10782
-13937
-6527
1451
-137
-8928
-13416
-6104
6167
8968
-1482
-9863
-4921
7873
13448
6181
-4201
-3887
7245
13510
8725
721
-714
3970
9254
8453
2438
530
4982
8147
5745
3503
3882
5704
2404
-5605
-5847
7789
11970
-7869
-22907
-8752
12708
10891
-7543
-20657
-15647
4116
17273
3410
-22495
-23795
914
18194
9236
-9983
-17724
-6351
13534
18743
2350
-13713
-6976
10566
15768
5591
-5285
-5916
2534
9939
6623
-2476
-5999
-702
4494
1101
-7860
-10356
-1841
3869
-4463
-15462
-12216
1237
5781
-4090
-15245
-11644
3512
11501
2159
-11198
-9949
3768
13337
7906
-3858
-6718
2739
11719
9973
2386
-1748
1752
7516
8615
4078
1264
4086
7047
6919
5942
6935
7176
1903
-5686
-3092
11356
13013
-8239
-23732
-9146
14013
13374
-7980
-24004
-17149
4595
17315
2729
-23944
-27368
-1297
20167
10297
-13245
-20340
-5347
13635
17969
3321
-13595
-9073
11072
18908
6179
-5619
-3915
4203
9921
8562
621
-5510
-787
5681
2628
-5678
-8503
-4383
152
-170
-7795
-13276
-8448
1247
1875
-7559
-13088
-7058
3475
5637
-667
-7975
-6901
3859
12049
6408
-4675
-4064
4886
10283
8385
3035
-1946
192
8613
10591
3704
-441
3189
6385
6816
6935
4822
3116
3567
-494
-6439
1709
14048
2285
-20646
-18023
6337
15221
552
-17719
-21415
-6143
13720
12478
-13201
-28786
-12060
14046
16271
-2893
-17479
-12730
6416
18930
10451
-8818
-11707
4868
17268
10901
-2409
-5301
2010
9927
9121
890
-5412
-1320
5846
3717
-6067
-11129
-5083
3087
1103
-11019
-16738
-7611
4578
3653
-9081
-16541
-7920
7566
9967
-2853
-12740
-5622
8976
13068
4143
-5517
-3622
7251
13909
7881
-1422
-1178
6546
10081
6258
1973
1567
4782
7551
6890
3744
4141
5631
-528
-7427
-182
12580
4328
-16934
-19349
747
13266
3550
-14484
-21877
-9448
10730
13155
-10139
-27825
-14544
11074
15969
-1458
-16467
-13638
4377
17900
11746
-6960
-12071
3020
16400
12745
561
-4913
-654
8537
11503
3847
-4554
-3072
3936
4673
-1027
-6332
-7451
-4069
153
-958
-8735
-12918
-7659
1307
2786
-5944
-13037
-7205
5190
7209
-1507
-8783
-5087
5872
11475
4624
-5141
-2972
7147
11708
6226
-468
-1040
4707
9674
7100
1461
1059
5614
8121
7278
5812
4854
-31
-5494
-606
12155
8897
-13435
-22853
-3878
15079
7643
-13384
-23670
-13011
8082
15240
-5036
-27829
-20503
6581
17973
3212
-15251
-17104
84
18054
15782
-3561
-13360
-296
15865
15912
3204
-5451
-2557
7679
12704
5575
-4389
-4640
3305
6240
336
-6748
-6571
-2115
-637
-3758
-7036
-7436
-6172
-4258
-3429
-3861
-5020
-4923
-3268
-404
1642
341
-2505
-1593
3028
4437
2352
1417
1809
2035
4275
5913
2884
556
3620
5917
3639
3374
5444
4830
3698
6059
6958
5581
4056
-1246
-5658
2906
13364
1094
-19146
-15263
6401
12401
-2110
-17368
-18345
-3920
11073
6335
-15693
-24614
-7414
12310
10353
-6096
-14851
-7607
7926
15254
7036
-6731
-6868
6702
15330
9140
-1212
-2632
3324
8892
7617
1362
-2957
-137
4519
2545
-3788
-6765
-4324
-1773
-1741
-4651
-8842
-9612
-5115
225
-909
-7092
-10162
-4077
4160
4331
-2401
-6884
-2989
5011
8513
2803
-3690
-1520
6453
9971
5322
-416
-540
5353
9234
6867
1925
1393
5400
8656
8350
5019
3371
1154
-2486
-1542
7353
7867
-8633
-19362
-7247
9840
6875
-9114
-19245
-13869
1831
10859
-983
-20920
-20137
635
13933
5036
-10088
-13156
-1873
12450
14339
1919
-8744
-1680
12067
14349
4716
-2491
-638
5880
9618
5307
-1532
-2581
2221
3670
-730
-5242
-5864
-3908
-2773
-3456
-6189
-8374
-7940
-4854
-1661
-1866
-5879
-8139
-3288
3017
3273
-1661
-4955
-2223
4556
7750
3482
-1464
-30
5556
8289
5664
1428
983
5015
7391
5440
2983
3841
5530
6662
6987
6247
3927
-1319
-4662
953
10240
3469
-15512
-19044
-374
12506
2051
-15827
-20856
-8212
8450
9581
-9945
-25174
-14058
9057
14576
-976
-14400
-10749
5422
16583
11558
-3371
-8623
3083
15544
13541
1396
-4210
738
8529
9467
3361
-2983
-3019
2200
3780
-1544
-7448
-5965
-1834
-2336
-6377
-7894
-6375
-4306
-3125
-4565
-6224
-4510
-601
-115
-2059
-1789
419
1349
1627
2459
2234
2264
4107
4687
2910
2894
4265
3531
2753
4373
4431
2753
3383
5193
4698
4637
6096
4794
3042
1552
-2298
-3862
4624
7911
-7344
-19576
-7589
9861
6049
-9961
-18372
-12548
1665
10489
-634
-20433
-19520
2344
15501
5146
-10138
-12221
-416
13454
14950
1899
-9209
-1810
12903
15152
3816
-4105
-1454
5750
9160
5496
-1862
-4988
322
4902
671
-6920
-7199
-2766
-1377
-3499
-6211
-7853
-6841
-2754
-772
-2973
-6046
-5622
-1616
2544
2914
-1243
-4201
-1037
5518
7170
2725
-1457
-57
5198
7852
4733
-127
-13
4704
7496
5180
1520
1819
5229
8082
6932
4127
1775
-1742
-3546
2397
9329
480
-15986
-15606
2494
11424
-156
-15854
-18447
-5780
8904
8330
-10816
-23861
-11100
11662
14658
-2386
-14790
-9219
7225
17029
10229
-5706
-9438
4485
16721
11763
-1509
-5670
627
8528
8880
1558
-5698
-4049
3052
3989
-2690
-8045
-5539
-676
-1122
-6748
-9390
-5081
-828
-2509
-7307
-7077
-1650
2204
19
-3488
-2743
1230
4541
3380
-68
-587
3606
6392
4469
1840
2086
3772
4456
4900
4201
2635
2895
5045
5699
4421
4878
5539
5000
2348
-2234
-4211
2587
8665
-2101
-17373
-13169
5200
9294
-4623
-17236
-15390
-2348
9003
4510
-14266
-21600
-4754
14335
10614
-6636
-13561
-4113
10677
15793
5985
-7910
-6396
8851
16727
7771
-3969
-4518
3094
9397
7177
-1112
-6771
-2609
3949
2867
-4531
-8382
-4914
9
-233
-7832
-12041
-5653
3332
217
-9835
-11470
-1580
7589
4097
-6205
-8640
1405
10170
7293
-2557
-5285
2639
10128
8014
-23
-2958
2056
8703
7796
1330
-1305
3580
8450
7060
3739
3069
5443
4822
-1099
-5063
2092
9644
178
-15752
-13892
3661
9952
-1468
-14752
-15999
-4797
8898
7574
-11505
-22255
-8126
11959
11962
-3223
-13257
-7899
7347
16485
8673
-6897
-8326
5159
14724
9191
-1818
-5708
-182
7594
7582
59
-5784
-3166
1855
2270
-2673
-6574
-5206
-2035
-2100
-4714
-5631
-5728
-4722
-2704
-1123
-2648
-4102
-2334
1149
2584
1092
-642
-545
2276
4842
4715
2058
813
2632
5307
5258
2465
1417
2899
4491
4158
3834
3478
3129
4415
5882
5928
1853
-4287
-5882
3957
10980
-1727
-19279
-14082
7160
11785
-3338
-16957
-14569
-1317
11146
6683
-13519
-21809
-4289
14864
10198
-5783
-12017
-4412
8339
15010
7013
-7300
-7047
6464
13653
6062
-2884
-4603
88
5962
6110
-823
-6580
-3011
2120
992
-4652
-7232
-5287
-1741
-728
-4766
-8308
-6410
-447
951
-3033
-6208
-3325
2342
4372
1797
-2324
-2295
2457
7526
5681
-195
-1399
4000
8113
5836
1820
266
2525
5866
7078
3654
550
3229
7471
7534
3163
-3150
-6547
1322
11831
3567
-16653
-18021
2194
12185
477
-14554
-16682
-5893
8898
10495
-7676
-21711
-10074
11092
12717
-2093
-11731
-7144
5269
13684
9055
-3839
-6881
3972
12809
7904
-1534
-3769
851
5260
4281
-1070
-5213
-2516
1990
536
-6032
-7933
-3697
-1416
-3722
-5901
-5424
-4969
-3220
-905
-1133
-4089
-3812
500
3500
2775
772
-527
-109
3961
7103
4102
-569
813
5280
6287
4714
2609
619
1529
5734
6565
2570
1381
4204
6091
4626
-1264
-7417
-1997
11273
7037
-14404
-20033
-111
13204
3137
-12352
-16450
-8085
7135
13531
-2668
-21366
-13590
10418
16065
652
-11636
-8960
2928
13555
12356
-1832
-9811
121
13055
10460
-626
-5248
-1971
3269
5386
1605
-5734
-6362
-171
2286
-3875
-8221
-5794
-3116
-3548
-4365
-4966
-6468
-4247
-95
377
-3293
-3571
106
3188
3433
1910
-98
114
4364
6570
3345
-137
2000
5504
5917
3845
1690
1385
3953
6605
4235
443
1589
6070
7241
2729
-5219
-7924
2235
12246
1920
-17570
-16128
4329
12467
-82
-13708
-14144
-3847
9325
10518
-6255
-19450
-7567
13005
13213
-2014
-10534
-6042
4410
12990
9393
-4639
-9000
3108
12692
6308
-3279
-4808
-613
3609
4202
-1361
-7423
-4702
1589
440
-6749
-9454
-5529
-1199
-1188
-5884
-9513
-6495
1505
3927
-2397
-7437
-2492
6328
7738
1889
-3761
-1843
5774
10677
5463
-2739
-2357
5844
10282
6157
226
-1448
2503
7270
7622
2560
-294
2568
6482
3384
-5096
-6924
3075
9293
-3350
-17827
-10997
7621
9766
-4284
-14851
-11567
1125
12357
7371
-11883
-18342
-357
17178
11349
-4959
-11140
-3683
9074
15290
5949
-9042
-8649
5471
12296
4221
-4976
-6570
-1629
3910
4019
-3149
-8574
-4930
697
-633
-7381
-9737
-5404
100
-1174
-7329
-9301
-2722
4298
2167
-4592
-5427
1625
7180
5648
-461
-2493
2352
8120
7571
1791
-1680
1419
7644
8433
2875
-1262
1702
6494
6917
3693
889
1633
5714
4298
-5628
-8982
3687
10640
-4386
-19253
-10296
7214
8079
-4132
-13400
-11695
-274
12455
8276
-10836
-17548
892
17884
11407
-4474
-9562
-2188
9090
14998
5821
-8662
-7822
6711
11795
2124
-6469
-6504
-1614
3198
2936
-5009
-9998
-4838
1688
-1760
-9417
-10054
-3774
588
-2276
-7457
-7758
-1070
4733
2970
-4031
-4733
2971
8985
5357
-1049
-1791
2752
7665
7848
2247
-2519
1522
8132
6949
970
-105
3561
6058
6387
3941
1406
1881
1134
-4019
-3469
5830
3870
-12101
-16967
-696
9443
906
-10340
-11761
-6147
4388
11467
567
-15480
-10703
10585
16612
4474
-5970
-4812
3162
12893
13501
-230
-9849
-1463
10975
7849
-2353
-6876
-4685
-884
2265
-770
-8941
-10626
-3892
-456
-7075
-12472
-8365
-570
13
-6244
-9687
-4126
5791
7764
-389
-6778
-143
10851
11814
2512
-4032
-465
7948
11355
4966
-3508
-3056
5880
9624
3659
-2509
-712
4413
6745
4776
2007
-294
-3331
-4511
1377
7884
-242
-15332
-14670
2503
9417
-404
-10747
-11018
-4915
5896
11434
-316
-15118
-8417
11837
15896
4191
-4694
-3233
3786
13383
13783
852
-7941
44
10516
7462
-1117
-5739
-4935
-1823
1557
-1766
-8907
-10615
-6170
-4761
-8754
-10201
-7662
-5494
-6941
-7055
-4442
-500
1298
874
-456
557
5057
8422
6957
2947
2608
5106
7598
7287
4658
1242
1486
4581
5750
3540
1458
945
1354
3158
5057
2790
-5220
-9238
-1015
9846
3106
-15277
-18875
-1214
11005
3337
-10213
-13763
-7076
5239
12574
2075
-14278
-10987
9410
16998
6514
-3894
-3910
2755
12649
15190
3823
-6278
-254
10663
8925
631
-3457
-2739
-1034
1508
-455
-6781
-9308
-6007
-5712
-9989
-10526
-7242
-6223
-8587
-8777
-6491
-2835
-200
135
-2120
-1779
3261
7656
6360
2548
2408
5474
8510
8023
4897
2131
3366
6272
6859
4410
1884
1702
3297
5011
3886
-2271
-8977
-5913
5476
6415
-9187
-19400
-8107
7245
5768
-5819
-11881
-8799
297
10108
7360
-7542
-13386
994
14515
10881
392
-3671
-1361
5791
13583
9974
-2230
-5730
3716
9191
5235
-662
-3742
-4067
44
3299
-1314
-7457
-7346
-5007
-6126
-6436
-5663
-6914
-8288
-6124
-3521
-3080
-2499
-1241
-776
-845
1002
3385
4064
2887
2071
2494
3927
5487
5481
3513
1604
2583
5230
6490
4440
1796
1740
5204
5782
-1725
-9064
-3071
8837
4495
-13309
-18198
-2597
9084
3638
-7708
-11615
-7009
4425
11998
3405
-11802
-10104
7174
15007
6795
-2906
-3880
1345
9883
12347
3258
-6422
-2578
6799
6881
224
-4360
-4726
-2668
1661
1035
-5109
-8542
-5433
-3381
-4721
-5054
-5368
-6246
-5237
-1109
-279
-1561
-1028
1729
2094
1915
3199
3370
2543
2806
4153
2639
1954
3016
4171
1895
475
1224
2669
2712
2246
1361
465
-126
-3704
-6613
-2122
5606
-377
-14025
-13589
2626
8681
-657
-8840
-7277
-1901
6623
11592
2071
-10850
-5492
12115
16048
5979
-2634
-2546
2806
12190
13643
1755
-8881
-2725
8102
7087
-1479
-6726
-6778
-3892
588
-739
-8226
-13049
-8330
-2755
-3558
-8274
-9432
-6265
-1412
1244
-434
-2744
-229
5526
6881
4145
2582
4569
6813
7827
6441
3745
2815
5383
6729
3823
569
1380
3169
2538
563
-121
-1533
-6345
-9869
-5191
2747
-1603
-15591
-19113
-4888
5449
365
-8929
-10102
-5601
3850
12497
7204
-7343
-7237
9865
18192
10868
2422
1167
3488
11003
15355
7385
-3806
-1595
6582
6140
116
-3494
-5063
-5233
-2345
-2563
-8745
-13397
-10133
-5293
-6086
-11001
-13213
-8961
-1389
1215
-3330
-6879
-1790
6665
9311
4553
490
2783
9827
13132
8963
2878
3712
9707
11762
7051
2230
2727
6342
7674
4174
-1240
-6626
-8235
-3682
2805
-2729
-17137
-21077
-7330
2670
-3225
-13036
-14048
-8765
-742
6384
3008
-7741
-8842
5037
14851
11579
3375
864
3728
11809
17155
11572
436
-562
7559
10480
5219
-946
-3491
-3249
-41
-244
-6676
-12614
-9451
-4290
-6273
-12925
-14025
-7982
-1716
-1678
-6667
-8639
-2494
6625
7781
971
-3162
2168
9864
11403
6291
1626
2797
9254
12748
8927
2895
2966
7411
9941
7430
-813
-8942
-6725
5263
6216
-9404
-21175
-12204
1438
2364
-7043
-14713
-15197
-6281
5940
5578
-7876
-15162
-3802
10091
12130
4134
-1858
-1655
6319
14609
13272
2998
-2013
3588
9207
8084
3110
-892
-3232
-1355
1355
-648
-6211
-8094
-6735
-6645
-7139
-6440
-5557
-5268
-4446
-3864
-3123
-282
2959
2890
4
-13
3676
7242
6816
4229
2536
3854
6862
8667
7012
3297
2294
5046
7385
2370
-6173
-7712
1419
5928
-4056
-16324
-12862
-287
3309
-3526
-9971
-11239
-7236
2786
7592
-976
-10959
-5036
7226
10620
5664
1184
-1198
2072
10102
12112
3879
-2641
347
4691
4699
2299
-1023
-5129
-4925
-1505
-2005
-6611
-7773
-5679
-6132
-7975
-6259
-1997
-191
-1751
-3960
-3141
1752
6762
5952
334
-1687
3474
9852
10651
6041
1006
1286
7427
12027
8581
1458
-332
3761
4047
-2033
-6042
-1595
1034
-5897
-13822
-10184
-1632
-460
-5681
-9686
-9970
-6284
1909
4743
-2567
-9475
-3033
7227
9300
4335
1163
704
4169
9757
10193
3567
-203
3447
5678
3163
532
-180
-2952
-4699
-3638
-2766
-5170
-6885
-6790
-6741
-6271
-4287
-2556
-2916
-2970
-2106
-360
1398
3259
3383
2818
3200
5155
6966
7632
6911
5300
4734
6058
8076
7450
4860
1750
-1929
-4076
-249
4957
-551
-12836
-15378
-4787
1905
-2138
-9259
-11898
-10140
-2746
4661
2068
-7586
-9086
747
8895
8263
2786
-827
325
6534
10855
7664
572
-1383
2113
4375
1921
-2195
-4442
-3898
-2017
-1714
-4323
-6646
-5195
-1873
-1484
-3814
-4814
-2613
594
1862
258
-1571
23
4219
6606
5082
2850
2955
5693
7950
7970
5351
3788
5043
7947
6467
-646
-6003
-2047
5029
1686
-9543
-14333
-7157
-248
-665
-6762
-11597
-11262
-3542
3470
916
-7633
-9193
-1090
6587
7112
2250
-1415
-185
5905
9979
7876
2126
-511
1647
5016
4541
-318
-4391
-3818
-1058
-1200
-4021
-5916
-4572
-2149
-1814
-4089
-5291
-2725
1067
1800
-507
-1873
-224
3544
6182
5068
2043
1774
5373
8125
7618
4922
3567
3739
2862
802
1252
3912
1133
-5605
-7436
-2214
70
-2030
-4175
-4995
-6429
-4556
52
733
-3535
-5602
-2775
860
3047
2307
-949
-2794
336
3886
3107
-294
-2047
-1625
-307
-7
-1736
-3199
-2175
-1155
-2493
-3455
-1534
400
216
-1272
-1733
-74
3610
5355
3571
1540
2698
5291
7039
6819
4373
2371
3790
6319
5341
2862
-269
-3829
-4761
333
2036
-5569
-12991
-9941
-2864
-1380
-4015
-7404
-8669
-5379
1951
3758
-681
-3484
659
5803
7961
6517
3698
2973
5849
8360
6103
2140
361
1309
1843
514
-3148
-5718
-4708
-2881
-4560
-8094
-8812
-6834
-4863
-4821
-5901
-6567
-4209
94
2894
2287
1618
3546
6841
9160
9815
9340
8050
8432
8962
6505
2633
3355
6084
2847
-4121
-6427
-2999
-993
-2450
-6661
-10362
-10291
-5421
-2299
-4751
-8902
-9148
-4877
512
2921
112
-2830
-677
5034
7674
5828
2596
1514
3542
6048
5298
1409
-842
-11
1292
413
-1500
-3200
-3644
-2933
-2217
-3060
-4326
-3258
-699
365
-501
-305
1371
3298
4634
4950
4578
4932
6664
6441
3004
332
2427
5447
2863
-3446
-6375
-3358
109
-11
-4295
-8558
-8801
-4025
-258
-1917
-6352
-7342
-3783
666
2689
925
-1829
-1424
2870
5656
4483
1994
1497
2537
3679
3430
1628
572
1270
1567
-567
-2530
-2347
-1124
-1428
-3155
-5017
-4980
-2351
264
-151
-2377
-2138
838
3852
4776
4200
3698
4886
7147
6552
2904
909
3767
5968
3166
-2042
-4065
-2180
562
875
-2525
-6508
-7291
-4115
-1424
-1820
-4809
-6432
-5108
-1370
1142
531
-1873
-2392
-241
1998
2757
1823
566
-449
9
799
1257
764
-207
-1702
-2186
-727
745
-27
-2116
-2482
-1165
1052
2541
2544
836
813
3415
5996
6042
4814
4205
4287
5685
6113
3385
-736
-621
1897
1083
-3037
-5446
-5077
-4321
-3350
-3339
-5227
-7280
-5593
-2404
-1366
-2444
-2814
-2511
-1073
1742
3495
2115
711
1703
2791
3002
3423
3260
1004
-444
194
761
-412
-1345
-1882
-2889
-3536
-2980
-2764
-3798
-4082
-3066
-1921
-1423
-406
795
1785
2614
3650
4661
5673
6811
7410
7466
6642
4967
3468
3811
4663
3147
-424
-3048
-3178
-2419
-2240
-3382
-5293
-6947
-6833
-5203
-3657
-3804
-4954
-5048
-3271
-936
246
340
284
572
1366
2560
3488
3204
2014
1095
1261
1804
1577
479
-707
-1419
-1741
-1777
-1921
-2045
-2170
-2373
-2628
-1953
-175
1292
1516
1159
1576
3032
5135
6405
5879
4877
4301
3771
3159
3839
3952
1587
-1805
-2823
-1855
-1293
-2054
-3731
-5328
-5768
-4313
-2826
-2901
-4071
-4043
-2746
-1067
158
699
239
-185
656
2235
2801
1939
934
756
1414
1734
879
-679
-1386
-1212
-1072
-1527
-2350
-3163
-3342
-2705
-2054
-1741
-1604
-1150
-59
1651
2714
2831
3215
4527
5739
6237
6452
5658
4071
3277
4188
4365
2594
138
-1332
-1771
-1471
-1206
-2294
-4303
-5407
-4494
-3195
-3118
-4227
-4712
-3885
-2324
-1216
-963
-1639
-2048
-1184
474
1277
749
-277
-693
175
1438
1689
667
-322
-655
-199
752
1266
392
-872
-920
68
1011
1465
1381
1022
1223
2176
2953
3296
3486
3369
2914
2740
2359
1339
474
520
56
-1291
-2203
-2187
-2210
-2359
-2340
-2571
-2793
-2253
-1245
-919
-1185
-1108
-113
1173
2094
1931
1169
700
1413
2359
2376
1281
-190
-1320
-1543
-925
-960
-2317
-4071
-4720
-4237
-3202
-2766
-3511
-4641
-4323
-2486
-716
-57
-18
412
1722
3729
5366
5922
5657
5763
6524
7606
7830
6294
3666
2480
3367
3565
1346
-1618
-3171
-3616
-3372
-3259
-4264
-6150
-6662
-5497
-4426
-4178
-3859
-3333
-2699
-1238
528
1074
933
1679
2744
3030
3200
3417
2852
2020
1934
1997
1278
299
-629
-1486
-2179
-2354
-2727
-3521
-4186
-3917
-3344
-3090
-2779
-1919
-1085
-424
696
1922
2631
3252
4547
5582
5771
5092
4279
3848
4594
4944
3362
803
-335
-319
-505
-816
-1620
-3348
-4846
-4229
-3014
-2832
-3544
-3811
-3670
-2610
-1186
-576
-955
-658
430
1006
1134
1475
1685
1305
1208
1378
1450
1314
1168
340
-557
-607
-220
-611
-1271
-1403
-1363
-1450
-1016
-286
-66
-140
381
931
1139
1521
2300
2643
2437
2045
1386
825
907
1349
834
-414
-1423
-1653
-1547
-1204
-925
-1226
-1930
-2074
-1210
-208
108
-195
-373
-98
373
874
1050
726
117
138
546
637
242
-126
-608
-1121
-836
-236
-533
-1567
-1790
-1406
-1065
-722
-350
-716
-1393
-1090
243
1429
1602
938
287
772
2408
3584
3137
1953
1741
2603
3216
2555
1139
242
233
497
370
-406
-1615
-2278
-1772
-923
-737
-1303
-2038
-2528
-2156
-998
-131
-547
-1694
-2096
-1214
38
239
-701
-1627
-1578
-918
-416
-405
-813
-1284
-1283
-575
253
525
140
-126
313
1298
1910
1822
1493
1677
2505
3366
3452
2882
2483
2623
2834
2590
1847
1151
854
561
-346
-1495
-2340
-2992
-3511
-3562
-3485
-3915
-4493
-4461
-3732
-2594
-1331
-616
-643
-440
893
2866
4127
4119
3416
3310
4273
5241
4853
3208
1708
1142
1111
627
-658
-2343
-3577
-4040
-4136
-4517
-5365
-6002
-5714
-4823
-4427
-4545
-4083
-2559
-855
276
1029
1866
3144
4736
6001
6307
6144
6356
6922
7065
6462
5425
4215
2993
1876
848
-301
-1527
-2649
-3721
-4734
-5431
-5750
-5897
-5882
-5769
-5660
-5129
-3871
-2607
-2144
-2019
-1219
413
2161
3167
3118
2715
2973
4001
4914
4897
3961
2877
2474
2693
2514
1348
-48
-671
-722
-1073
-1953
-2816
-3177
-3004
-2681
-2537
-2600
-2568
-2105
-1181
-256
178
247
508
1190
2069
2702
2678
2104
1725
1944
2268
2123
1599
1007
607
581
598
159
-649
-1309
-1619
-1626
-1410
-1355
-1941
-2813
-2906
-1971
-1026
-902
-1426
-2016
-2016
-1047
58
160
-468
-665
-37
920
1750
1864
1283
1071
1384
1330
912
915
1132
897
500
381
415
705
1134
1082
514
218
558
1028
1086
552
-225
-556
-190
195
-67
-763
-1160
-860
-225
58
-371
-882
-798
-253
114
42
-336
-627
-307
298
365
-52
-117
159
251
102
-137
-461
-608
-380
-309
-692
-1098
-1209
-1251
-1202
-999
-955
-1085
-1049
-960
-992
-556
336
724
386
288
850
1688
2372
2393
1731
1336
1882
2574
2409
1492
681
515
754
709
63
-783
-1175
-918
-627
-930
-1592
-1813
-1363
-806
-650
-813
-991
-868
-259
395
402
-47
-93
335
701
804
602
104
-141
248
545
221
-156
-253
-430
-520
-313
-314
-559
-419
-139
-272
-342
21
226
98
149
317
309
393
586
424
93
96
170
7
-101
-77
-222
-434
-500
-607
-726
-465
-54
-125
-493
-517
-166
293
711
753
404
423
1068
1445
1126
764
780
883
946
854
306
-346
-419
-181
-436
-1060
-1474
-1624
-1660
-1495
-1350
-1528
-1704
-1445
-920
-529
-259
0
342
821
1244
1391
1422
1725
2230
2455
2091
1512
1339
1615
1719
1156
211
-450
-555
-530
-896
-1591
-2073
-2074
-1955
-2067
-2226
-2103
-1777
-1447
-1151
-896
-565
10
569
640
565
965
1547
1728
1594
1458
1305
1252
1342
1123
515
152
179
-26
-549
-800
-621
-428
-504
-798
-1028
-728
116
637
227
-442
-338
504
1186
1070
368
-122
133
736
880
350
-337
-615
-481
-319
-408
-727
-1044
-1202
-1147
-890
-581
-430
-412
-309
-64
252
636
975
1074
1026
1052
1080
1006
965
884
553
208
116
-1
-396
-773
-945
-1114
-1275
-1255
-1232
-1358
-1328
-1042
-797
-567
-145
168
160
285
853
1416
1520
1362
1278
1410
1704
1894
1665
1119
797
824
716
209
-346
-683
-987
-1356
-1628
-1736
-1753
-1782
-1987
-2209
-1931
-1140
-632
-747
-905
-559
351
1319
1483
791
576
1481
2355
2223
1441
693
500
1098
1553
793
-492
-880
-427
-83
-249
-840
-1421
-1408
-835
-428
-523
-772
-726
-277
139
143
91
372
643
705
792
775
511
425
613
478
48
-101
-80
-277
-468
-481
-635
-787
-601
-456
-652
-707
-392
-200
-234
-70
304
545
534
380
266
471
872
880
337
-62
151
460
311
-126
-428
-455
-277
-161
-268
-411
-442
-418
-290
-24
143
106
36
34
141
392
521
355
195
284
439
441
333
156
-21
-93
-123
-223
-342
-346
-292
-308
-363
-285
-117
-111
-208
-137
-6
-82
-195
-151
-98
-53
125
134
-221
-404
-119
89
-27
-129
-253
-519
-438
131
382
-4
-298
-96
297
692
939
735
316
351
820
1152
1082
735
365
243
346
379
181
-247
-807
-1099
-898
-753
-1115
-1594
-1686
-1494
-1168
-869
-883
-1026
-686
64
502
531
666
1058
1415
1643
1719
1632
1553
1599
1569
1297
971
655
272
-119
-373
-576
-917
-1320
-1598
-1642
-1550
-1481
-1551
-1525
-1154
-674
-470
-440
-118
476
918
1021
1039
1189
1438
1628
1619
1418
1190
1072
963
677
242
-117
-380
-690
-1000
-1201
-1423
-1696
-1800
-1736
-1718
-1651
-1352
-1059
-920
-661
-188
191
466
824
1125
1261
1374
1529
1696
1854
1763
1322
978
1042
1123
793
153
-496
-851
-717
-436
-632
-1286
-1713
-1474
-876
-486
-627
-1014
-987
-305
455
641
322
107
459
1091
1321
992
669
660
713
683
535
144
-292
-374
-377
-667
-919
-917
-1014
-1211
-1142
-1013
-1048
-864
-454
-443
-591
-202
354
428
395
652
851
931
1039
947
695
800
1115
951
421
153
234
403
482
197
-401
-665
-276
194
102
-441
-839
-658
-16
379
12
-651
-684
-37
421
190
-331
-561
-327
114
178
-279
-602
-392
-106
-142
-253
-269
-230
-80
72
-54
-258
-42
405
490
237
59
10
108
465
736
455
-93
-272
-11
341
428
15
-660
-830
-300
151
-20
-449
-682
-602
-116
488
505
21
-67
398
802
1019
1145
900
516
714
1206
1173
789
546
274
-17
67
173
-293
-952
-1195
-1183
-1196
-1221
-1403
-1746
-1771
-1358
-1115
-1234
-1173
-731
-296
-66
88
266
578
1003
1292
1296
1171
1185
1358
1439
1269
988
739
523
370
268
16
-356
-518
-502
-601
-809
-909
-905
-828
-621
-502
-622
-637
-269
145
256
194
244
527
893
1042
893
827
1026
1082
837
669
686
568
309
83
-193
-460
-431
-360
-781
-1385
-1455
-1074
-830
-935
-1268
-1576
-1387
-648
-86
-272
-779
-789
-161
522
726
527
324
392
732
1087
1157
953
809
860
865
729
670
732
632
312
27
-81
-79
-31
-66
-403
-867
-904
-472
-195
-398
-749
-874
-649
-118
276
93
-278
-150
353
620
579
488
422
438
596
662
447
243
245
196
-54
-264
-330
-427
-621
-869
-1082
-1123
-1003
-966
-1079
-1142
-999
-736
-535
-379
-98
259
480
597
818
1162
1448
1604
1607
1431
1329
1483
1575
1294
846
486
224
109
51
-307
-906
-1188
-1094
-1115
-1327
-1440
-1425
-1342
-1171
-1075
-1087
-819
-252
42
-72
-62
388
1005
1344
1178
819
853
1320
1579
1246
656
267
219
339
214
-350
-916
-1054
-974
-997
-1124
-1295
-1447
-1322
-903
-627
-715
-767
-384
195
538
584
582
762
1152
1530
1594
1342
1175
1358
1593
1500
1131
739
447
349
418
262
-332
-925
-1048
-942
-1027
-1241
-1433
-1611
-1605
-1313
-1115
-1189
-1133
-772
-490
-428
-252
113
395
482
492
501
618
851
935
723
463
439
542
508
270
7
-80
-43
-144
-376
-430
-258
-148
-212
-267
-210
-21
276
477
436
354
485
723
902
1007
874
512
379
634
764
480
100
-145
-266
-250
-228
-439
-763
-877
-918
-1100
-1146
-900
-793
-1049
-1252
-1099
-687
-254
-93
-297
-430
-110
403
722
758
562
343
466
860
1063
890
522
210
160
365
467
198
-212
-426
-371
-200
-117
-212
-358
-371
-210
31
192
224
248
342
454
563
672
717
718
718
670
557
485
465
354
178
38
-142
-412
-595
-610
-638
-770
-963
-1159
-1198
-989
-841
-996
-1171
-1031
-731
-528
-403
-326
-290
-141
194
454
482
491
634
782
816
854
927
921
842
807
787
695
616
587
504
348
258
213
60
-109
-103
-66
-197
-409
-552
-611
-532
-349
-384
-703
-914
-777
-484
-266
-232
-436
-639
-436
68
329
209
53
62
237
558
764
569
261
335
593
557
305
139
61
-7
-82
-259
-486
-543
-419
-447
-729
-928
-789
-496
-411
-537
-593
-415
-69
298
501
495
548
858
1219
1328
1257
1239
1295
1357
1344
1156
840
646
633
476
3
-493
-690
-704
-827
-1162
-1584
-1836
-1756
-1511
-1465
-1643
-1727
-1498
-1119
-803
-543
-302
-108
110
455
785
987
1188
1405
1375
1210
1269
1467
1448
1239
977
596
276
261
329
49
-458
-788
-818
-695
-623
-733
-946
-963
-740
-499
-384
-282
-152
-41
90
294
508
626
664
660
647
667
749
751
570
320
163
117
91
-46
-336
-593
-652
-650
-775
-918
-939
-929
-952
-917
-832
-755
-642
-493
-356
-233
-104
7
173
421
564
549
550
683
851
984
1017
899
734
738
901
935
762
551
391
241
186
259
191
-164
-473
-458
-382
-477
-605
-687
-797
-829
-684
-614
-717
-717
-572
-474
-400
-274
-210
-143
81
250
186
161
358
579
644
550
367
288
439
600
487
160
-95
-123
47
142
-93
-464
-603
-472
-292
-204
-316
-526
-504
-195
36
67
111
194
265
420
611
643
614
635
587
544
689
739
393
56
115
225
49
-233
-453
-631
-662
-623
-759
-957
-942
-799
-769
-787
-741
-640
-492
-322
-202
-96
112
270
291
370
583
733
730
680
599
594
742
839
624
289
193
311
378
239
-28
-285
-306
-104
-6
-188
-399
-401
-234
-77
-49
-131
-192
-120
37
94
2
-65
-3
84
88
11
-135
-206
-100
35
-48
-251
-339
-255
-71
27
-86
-291
-302
-101
91
116
1
-157
-173
26
219
183
15
-80
-83
16
191
211
12
-119
-30
66
70
104
121
80
91
199
232
231
344
444
327
152
194
377
460
319
56
-145
-110
44
31
-252
-578
-674
-552
-443
-482
-644
-831
-838
-585
-324
-332
-434
-360
-155
52
261
347
277
358
626
719
584
573
682
690
670
633
432
222
290
371
173
-94
-239
-369
-411
-253
-204
-448
-670
-574
-322
-160
-151
-249
-310
-158
128
297
264
194
191
261
357
418
392
269
117
-6
-34
-7
-57
-235
-390
-448
-476
-484
-488
-544
-592
-546
-473
-444
-372
-199
-38
41
103
178
306
533
737
726
589
560
661
740
767
678
414
173
188
289
214
-2
-227
-371
-337
-170
-198
-451
-577
-407
-220
-202
-236
-251
-221
-76
102
127
52
43
106
180
234
202
55
-77
-76
-24
-61
-222
-396
-414
-278
-215
-350
-488
-428
-268
-154
-122
-141
-119
35
225
322
357
438
550
601
581
564
583
592
554
418
231
125
149
140
-56
-325
-447
-414
-370
-418
-566
-714
-695
-507
-373
-415
-447
-307
-92
9
-2
23
185
379
405
277
209
314
454
456
293
101
30
114
143
-24
-254
-333
-273
-238
-317
-458
-469
-301
-130
-155
-222
-79
173
311
325
351
429
572
703
719
621
587
632
630
524
400
295
174
80
16
-76
-263
-426
-480
-489
-561
-625
-614
-650
-767
-816
-678
-507
-488
-581
-611
-505
-288
-68
3
-84
-82
130
344
387
372
389
405
446
567
655
600
451
332
334
430
472
342
125
-8
18
110
131
22
-159
-263
-194
-94
-120
-204
-204
-169
-177
-162
-77
37
110
83
14
66
233
339
317
212
107
64
105
125
21
-195
-381
-430
-381
-391
-562
-728
-740
-638
-585
-622
-710
-693
-437
-159
-138
-238
-109
214
472
578
562
538
672
938
1016
838
727
770
774
653
493
372
304
215
-4
-267
-391
-345
-304
-417
-672
-815
-627
-307
-250
-462
-558
-365
-57
150
133
-45
-68
212
486
442
209
103
194
313
272
40
-205
-241
-124
-149
-395
-597
-527
-312
-206
-321
-474
-404
-95
179
204
81
42
238
563
767
662
438
380
533
667
635
425
125
-32
52
136
-29
-284
-397
-377
-366
-377
-375
-354
-337
-339
-325
-228
-45
86
49
-49
6
192
271
172
31
-60
-46
17
-46
-264
-391
-347
-321
-404
-492
-517
-433
-226
-71
-126
-177
82
496
702
656
568
641
916
1211
1208
906
676
734
856
753
435
116
-44
-140
-302
-530
-716
-808
-858
-964
-1114
-1131
-942
-756
-783
-850
-661
-315
-103
-19
79
195
341
575
716
610
477
532
618
510
314
153
29
-45
-132
-367
-643
-719
-601
-521
-610
-765
-785
-560
-206
35
38
-36
94
474
835
949
832
730
828
1059
1180
1040
730
527
551
584
382
21
-244
-325
-354
-463
-659
-825
-870
-822
-772
-768
-768
-716
-622
-515
-375
-253
-200
-131
52
212
240
219
272
345
344
306
264
203
156
160
153
94
67
89
79
28
46
138
204
159
84
78
157
292
310
135
-61
-17
152
185
31
-127
-196
-156
-61
-21
-102
-192
-177
-94
-38
-12
18
3
-4
40
99
87
105
170
152
43
-23
-2
14
-7
-120
-307
-414
-324
-199
-216
-370
-492
-443
-249
-73
-65
-184
-193
45
296
325
255
315
451
526
535
487
422
405
406
323
186
94
47
-26
-137
-217
-251
-284
-336
-387
-389
-323
-252
-233
-274
-250
-78
108
131
47
50
173
308
374
297
120
38
138
222
124
-103
-291
-321
-240
-203
-325
-486
-533
-443
-339
-282
-284
-257
-143
-20
64
144
246
319
378
407
398
382
394
412
387
274
122
41
54
59
-34
-193
-293
-277
-171
-77
-98
-203
-213
-26
211
290
213
177
289
433
465
400
329
296
272
189
56
-76
-184
-279
-415
-549
-645
-675
-693
-742
-796
-800
-723
-573
-387
-274
-245
-133
169
479
609
656
766
906
1016
1056
998
866
765
728
603
338
91
-34
-151
-340
-568
-741
-813
-811
-818
-866
-904
-796
-555
-346
-236
-147
20
262
513
653
655
622
721
879
887
705
520
430
371
265
54
-232
-458
-506
-548
-753
-990
-1028
-911
-815
-829
-868
-794
-530
-221
-85
-81
49
364
627
685
642
682
822
960
937
744
573
553
563
456
242
24
-110
-149
-187
-287
-396
-436
-428
-381
-329
-300
-280
-223
-152
-121
-102
-58
65
133
82
1
21
120
182
101
-63
-145
-101
-7
18
-58
-191
-200
-45
97
61
-47
-83
-4
119
157
63
-60
-61
10
36
-34
-145
-231
-236
-190
-211
-290
-348
-342
-289
-207
-144
-160
-148
-9
194
314
353
376
445
580
710
727
608
526
580
633
489
251
109
70
6
-162
-388
-560
-611
-586
-638
-771
-841
-765
-626
-527
-464
-397
-282
-107
107
281
379
389
454
620
761
769
696
592
507
505
531
424
159
-71
-150
-166
-221
-350
-535
-674
-647
-532
-481
-493
-460
-361
-233
-65
120
220
243
299
407
480
499
509
447
333
258
263
219
91
-61
-186
-268
-292
-300
-375
-489
-545
-492
-382
-306
-304
-284
-184
-23
96
168
226
271
312
360
409
400
327
250
238
235
161
45
-80
-155
-122
-91
-182
-315
-343
-266
-179
-101
-56
-76
-65
57
195
245
222
191
187
224
284
268
161
67
46
-6
-98
-142
-161
-252
-381
-409
-371
-338
-318
-293
-323
-324
-187
11
104
81
62
131
306
483
487
340
268
360
472
449
303
133
71
107
124
28
-146
-250
-219
-163
-224
-338
-369
-323
-275
-263
-267
-266
-224
-116
-39
-67
-133
-73
70
150
121
57
61
160
258
261
200
182
229
249
229
174
131
160
213
167
53
4
59
92
25
-96
-206
-262
-219
-164
-228
-356
-375
-254
-152
-125
-146
-170
-123
10
139
169
140
144
211
302
340
302
256
260
262
217
144
67
22
2
-68
-215
-337
-347
-291
-300
-408
-536
-553
-422
-269
-234
-318
-357
-220
9
159
166
133
167
309
468
517
451
376
372
412
424
365
254
138
78
61
0
-103
-172
-206
-241
-276
-288
-273
-234
-217
-249
-232
-123
9
34
-24
-27
86
225
264
213
179
231
293
291
216
125
98
129
104
-34
-174
-191
-131
-130
-237
-355
-377
-286
-209
-228
-270
-238
-159
-80
-22
21
66
105
125
130
151
185
217
191
119
74
112
162
137
50
-14
-3
41
59
27
-7
-3
46
84
71
52
90
130
112
78
63
62
62
63
49
5
-51
-96
-105
-72
-80
-184
-281
-279
-213
-166
-177
-241
-272
-219
-107
-25
-25
-61
-29
51
125
182
199
179
163
196
226
232
211
161
87
71
106
92
21
-48
-84
-97
-93
-103
-130
-138
-122
-93
-84
-67
-44
-3
53
70
42
54
126
155
129
106
102
101
96
73
28
-46
-120
-150
-148
-180
-235
-302
-329
-297
-242
-236
-273
-271
-218
-146
-102
-58
-9
44
109
174
234
283
332
362
361
342
320
319
290
215
147
130
109
31
-48
-68
-63
-109
-175
-216
-245
-263
-266
-268
-265
-236
-167
-108
-91
-43
34
113
170
203
182
160
223
307
298
194
129
141
176
142
30
-89
-105
-42
-56
-184
-292
-267
-177
-161
-227
-281
-264
-181
-105
-106
-155
-123
-7
53
28
41
141
229
236
201
193
248
338
349
231
124
132
206
228
148
12
-95
-95
-38
-52
-177
-263
-266
-231
-218
-250
-283
-281
-218
-185
-199
-173
-78
19
44
28
60
158
256
285
252
215
247
324
362
308
207
161
171
174
79
-66
-156
-132
-109
-204
-342
-369
-270
-201
-238
-314
-307
-198
-65
15
-5
-43
20
181
290
269
196
179
238
312
321
231
125
104
119
84
7
-84
-164
-209
-220
-257
-273
-246
-246
-300
-299
-235
-165
-118
-100
-98
-70
15
98
151
162
154
156
206
257
254
195
124
86
113
142
89
-11
-105
-113
-40
0
-40
-93
-125
-90
3
51
-8
-81
-61
14
62
57
26
-16
-45
-24
15
-6
-59
-100
-110
-110
-71
-34
-55
-96
-93
-34
29
48
27
19
47
78
111
135
133
118
120
136
130
110
63
24
9
38
55
6
-68
-88
-64
-47
-75
-158
-205
-148
-55
-19
-59
-103
-72
24
110
104
65
57
95
145
165
122
85
91
90
74
57
43
-1
-71
-102
-87
-80
-103
-137
-179
-178
-124
-104
-138
-156
-113
-80
-79
-57
-4
42
77
113
135
138
157
183
193
187
165
140
130
131
116
57
-18
-34
-25
-37
-72
-127
-169
-139
-74
-61
-106
-145
-119
-41
-4
-26
-51
-32
12
67
64
34
51
92
81
47
59
65
37
1
-13
-11
-15
-34
-62
-83
-78
-59
-58
-91
-135
-124
-95
-83
-74
-73
-75
-71
-42
1
57
81
54
19
35
115
186
143
49
18
72
157
165
75
-23
-29
19
56
40
-26
-90
-86
-3
48
15
-53
-50
-2
20
4
-22
-16
15
58
53
10
-4
34
51
19
-15
-23
-16
-23
-44
-73
-93
-94
-92
-110
-134
-125
-107
-89
-56
-47
-44
6
99
104
53
53
130
198
206
161
104
142
226
232
106
-10
-2
70
52
-49
-140
-146
-99
-67
-90
-149
-178
-116
-32
-56
-137
-137
-66
-5
-5
-27
-11
36
94
143
148
134
137
131
118
108
88
56
29
-20
-71
-91
-104
-118
-137
-168
-200
-216
-189
-124
-82
-107
-133
-101
-2
91
105
65
40
103
180
161
91
51
83
113
85
22
-16
0
20
-5
-71
-97
-38
31
0
-99
-118
-31
56
57
13
-28
-15
65
126
96
12
-18
22
69
70
21
-36
-52
-29
-17
-27
-58
-109
-113
-77
-34
-28
-53
-72
-47
12
66
104
109
76
70
128
160
137
93
54
35
27
0
-43
-82
-103
-123
-140
-128
-134
-162
-152
-97
-48
-25
-4
15
41
84
110
111
116
153
188
200
179
132
94
104
121
72
-22
-67
-61
-73
-104
-171
-222
-187
-115
-125
-190
-201
-147
-81
-60
-57
-63
-20
86
185
192
152
175
233
262
232
180
139
125
120
92
32
-27
-59
-88
-135
-172
-200
-237
-262
-266
-253
-225
-192
-162
-130
-78
-29
12
72
116
123
152
200
227
213
197
194
192
186
141
83
48
15
-30
-76
-134
-185
-208
-211
-203
-183
-196
-213
-194
-121
-53
-28
-27
-3
45
95
166
193
167
147
177
234
273
247
166
80
75
130
132
41
-66
-123
-126
-114
-132
-184
-228
-241
-217
-176
-146
-118
-117
-124
-97
-40
14
53
58
46
81
132
170
161
111
94
127
136
90
63
65
67
41
5
-15
-35
-38
-42
-62
-97
-91
-58
-70
-101
-102
-74
-60
-63
-98
-115
-73
-24
-9
-3
18
54
73
78
92
94
57
46
90
101
47
5
47
102
113
75
26
-17
3
28
23
2
-21
-21
-10
5
-13
-37
-60
-61
-60
-64
-85
-82
-43
-24
-9
-4
15
59
59
32
34
73
90
73
41
26
44
65
59
33
14
-7
-16
-19
-25
-63
-99
-94
-88
-86
-83
-89
-102
-90
-79
-87
-98
-99
-77
-55
-15
31
50
72
102
128
119
110
106
102
86
55
37
53
54
17
-7
-30
-31
-28
-36
-65
-89
-70
-43
-38
-43
-36
-27
-22
-2
6
23
46
52
48
43
54
70
71
57
25
3
13
29
8
-25
-46
-51
-43
-32
-39
-63
-72
-46
-24
-32
-26
-10
-38
-50
-15
32
53
23
-16
10
57
75
65
23
-22
-7
51
48
-5
-50
-41
11
45
11
-47
-65
-40
-15
-15
-43
-36
13
53
39
28
28
51
100
107
36
-19
20
76
72
22
-10
-8
29
44
-1
-49
-55
-53
-66
-89
-107
-101
-80
-85
-118
-117
-61
-3
-7
-20
-11
38
77
101
112
97
103
124
141
133
119
90
39
-10
-15
10
-14
-90
-153
-162
-125
-83
-116
-190
-201
-123
-66
-60
-63
-47
-27
8
42
57
64
82
108
90
117
141
121
81
68
66
57
46
14
-29
-42
-21
-38
-107
-167
-173
-143
-122
-149
-177
-156
-95
-12
36
37
58
119
179
191
195
196
190
173
154
150
140
106
72
36
-14
-38
-50
-88
-120
-139
-170
-180
-164
-155
-168
-153
-124
-100
-55
-22
0
16
65
104
103
100
100
117
138
132
119
125
122
106
86
34
-25
-23
1
-44
-100
-122
-88
-39
-46
-70
-73
-56
-13
17
8
-6
-1
48
113
119
63
32
58
100
99
27
-56
-35
34
30
-45
-85
-56
-25
-22
-56
-99
-100
-60
-37
-30
-47
-64
-61
-37
-20
-20
-24
-38
-23
15
71
75
36
9
15
31
39
35
33
21
7
0
4
60
70
6
-64
-53
15
44
-6
-76
-81
-7
70
70
-2
-45
-15
60
73
19
-21
-17
18
30
1
-15
-4
-17
-46
-35
-4
-3
-29
-53
-35
-10
19
25
14
14
44
41
18
6
5
22
5
-34
-58
-47
-41
-30
-51
-107
-119
-94
-78
-82
-82
-86
-53
10
32
4
8
65
84
56
40
54
85
123
137
109
88
97
120
120
86
41
-2
-17
-7
-18
-73
-99
-85
-66
-90
-140
-130
-95
-73
-71
-62
-54
-33
-2
28
39
43
66
92
102
99
106
93
72
68
81
69
49
4
-32
-18
-3
-32
-85
-123
-122
-88
-74
-111
-136
-122
-73
-26
-43
-48
-9
70
118
128
102
85
116
138
153
127
88
81
102
95
65
45
49
51
9
-64
-91
-72
-66
-96
-107
-80
-69
-83
-111
-110
-67
-7
3
-40
-56
-16
38
68
64
52
63
95
108
101
64
21
-3
9
-2
-15
1
-9
-26
-41
-37
-40
-72
-115
-146
-156
-141
-125
-130
-125
-105
-71
-22
32
50
41
39
45
60
96
130
140
125
126
146
160
110
65
53
20
-16
-31
-58
-69
-57
-52
-78
-112
-114
-100
-101
-127
-108
-68
-37
-37
-12
7
14
26
43
19
-4
26
55
69
75
77
67
89
116
96
46
29
52
39
10
-36
-55
-56
-37
-26
-48
-52
-37
-17
-23
-21
-43
-57
-45
-41
-38
-31
-18
-9
1
33
57
50
27
26
60
66
42
35
66
82
99
91
50
23
35
69
60
10
-41
-40
-10
-8
-52
-78
-66
-41
-22
-28
-32
-31
-10
16
22
9
5
5
20
29
3
-23
-8
17
2
-8
-26
-26
-14
-14
-51
-63
-55
-58
-54
-53
-47
-29
-33
-42
-50
-61
-42
7
8
-39
-28
36
95
100
51
14
50
104
107
47
1
16
52
42
6
-9
10
24
-1
-21
-22
-24
-43
-58
-55
-34
-26
-28
-38
-31
-14
3
6
7
9
12
15
7
10
16
34
20
0
-19
-18
-8
-7
-33
-63
-53
-38
-32
-30
-36
-44
-42
-33
10
40
20
-12
-15
19
23
6
-6
-10
22
43
39
43
45
45
53
74
76
61
41
16
5
12
-1
-29
-22
-3
2
-33
-46
-37
-6
25
30
14
16
28
32
34
8
-18
-32
-14
10
6
-8
1
-5
-32
-40
-60
-71
-25
-15
-66
-78
-55
-5
31
17
-10
-19
10
37
30
19
35
50
55
65
69
87
91
71
54
28
9
0
-13
-49
-72
-68
-45
-8
-16
-30
-29
-18
-7
-5
-11
5
29
24
51
115
116
86
74
80
75
57
37
-4
-18
-9
10
-15
-64
-102
-83
-51
-69
-111
-145
-98
-80
-81
-107
-121
-106
-73
-58
-70
-50
-25
32
64
81
83
96
122
142
131
112
99
106
103
57
16
8
30
22
-10
-67
-93
-76
-64
-90
-112
-107
-88
-49
-47
-68
-37
-8
-17
-30
-32
-13
8
14
21
29
59
71
68
44
49
75
62
15
-5
-9
-32
-41
-40
-23
-43
-72
-104
-114
-79
-53
-90
-97
-60
-4
31
35
28
45
96
113
112
112
122
109
90
52
22
23
24
10
-6
-5
-3
-12
-23
-30
-46
-67
-82
-88
-78
-30
22
36
44
48
48
70
88
60
11
-4
6
53
72
30
-14
-7
29
20
-23
-59
-67
-77
-92
-90
-69
-45
-58
-95
-78
-26
1
-15
-29
-3
33
57
65
74
38
33
61
79
66
15
-30
-37
-9
34
24
-29
-24
7
15
-5
-30
-58
-61
-41
-22
-47
-66
-37
-21
-21
-13
3
17
42
38
3
9
12
22
31
29
23
39
44
11
0
2
1
-11
-20
-16
13
5
-11
-9
21
43
12
-8
-11
-2
8
16
15
21
19
16
27
29
23
15
-7
-44
-41
-9
29
26
2
0
13
13
7
-6
-18
-12
-2
-12
-33
-15
15
25
-5
-7
13
38
33
-14
-29
-12
11
-5
-28
-26
-7
6
1
11
5
7
13
16
27
18
6
-20
-23
-27
-57
-81
-85
-73
-59
-56
-66
-74
-58
-36
-18
8
32
36
55
73
80
86
83
99
104
96
67
83
98
59
25
8
4
-11
-29
-46
-48
-32
-57
-82
-86
-82
-83
-88
-107
-97
-50
-35
-18
-15
21
65
106
119
102
99
111
120
83
26
-17
-12
-9
-29
-56
-56
-45
-53
-51
-89
-117
-115
-121
-102
-81
-68
-69
-34
0
22
12
12
18
50
113
106
51
17
88
123
112
72
77
74
68
23
-3
1
-13
-13
-59
-82
-81
-71
-64
-54
-112
-111
-50
-6
-7
-31
-64
-13
52
44
22
-18
-11
52
81
36
-9
-15
16
30
-7
-35
-45
-35
-15
-3
12
50
49
-13
-9
41
56
20
-8
-3
31
62
39
3
1
25
17
-12
-41
-34
0
30
-6
-61
-62
-39
-8
12
3
-28
3
39
33
-8
-18
10
26
-8
-39
17
71
71
67
39
29
62
79
45
3
-3
5
36
56
47
-7
-12
21
9