-3
-2
-4
-5
-4
-1
1
2
2
2
2
1
-2
-1
4
4
5
8
9
10
9
5
0
-1
0
-1
-5
-3
0
2
5
4
2
2
6
8
7
3
0
0
1
2
-1
1
1
1
2
5
1
1
1
0
-1
-1
-4
0
6
2
-3
-3
3
3
2
-6
-7
1
4
2
-1
1
4
4
3
3
0
-4
-1
2
1
0
2
6
6
7
4
1
7
3
-4
-5
-2
0
2
1
-2
1
0
-6
-10
-9
-9
-8
-4
-2
-2
0
2
5
2
0
-2
-3
-5
-10
-8
-6
-9
-12
-9
-6
-7
-6
-6
-2
-2
-1
2
5
5
4
2
4
5
0
-5
-1
2
3
1
-5
-3
3
3
-1
-4
-2
3
4
1
-3
-2
3
3
-2
-3
-3
-3
-7
-5
-2
-1
0
-2
-1
3
-1
-4
-3
-2
2
7
8
6
8
7
7
1
-7
-6
-1
-1
-4
-6
2
5
3
0
3
6
4
1
-2
-1
0
-1
0
1
-5
-3
2
3
-2
-2
0
1
1
6
6
3
7
8
7
9
9
5
6
6
6
5
4
1
1
5
2
-9
-7
0
0
-1
-1
1
9
9
-1
4
14
10
1
1
-1
-1
6
2
-4
-5
-2
1
-2
-6
-11
-5
-5
-6
-1
2
-4
-2
2
-5
-10
-8
-7
-8
-8
-4
-3
-3
1
6
7
5
-4
-1
0
-9
-17
-14
-11
-20
-17
-5
-6
-7
4
16
22
18
11
13
13
0
2
0
-17
-20
-10
-9
-16
-21
-9
4
3
-2
6
14
15
14
8
8
4
9
1
-10
-3
4
-10
-17
-7
-3
-7
-7
-2
1
9
11
10
8
5
7
6
-8
-14
-3
-7
-22
-20
1
5
-6
-8
3
11
9
-2
-6
5
9
9
20
30
31
28
26
27
19
-6
-21
-22
-28
-37
-30
-12
-10
-11
-3
9
5
-3
2
5
6
-3
-6
9
17
8
3
5
3
-1
-2
-13
-23
-28
-24
-11
4
-8
-7
19
35
22
9
21
25
18
8
7
14
5
-7
-3
-2
-7
-5
-2
-11
-13
-6
8
2
-9
4
23
11
4
8
4
5
13
5
2
7
-4
0
14
12
-5
3
13
6
-1
6
4
-9
-9
-6
0
4
2
-5
-6
-2
4
9
5
6
6
21
27
24
12
-6
-11
-14
-26
-35
-44
-51
-31
-24
-42
-53
-36
-23
-21
-23
2
18
2
-7
27
52
58
57
53
52
37
11
-25
-24
-16
-10
1
31
53
59
74
90
91
82
76
66
83
79
72
102
110
89
60
18
-17
-39
-44
-57
-50
-4
34
18
2
-17
-45
-60
-88
-126
-183
-207
-163
-101
-91
-101
-109
-96
-101
-106
-91
-84
-116
-149
-159
-155
-162
-122
-53
-23
-8
-15
-66
-124
-149
-168
-136
-128
-112
-87
-78
-97
-118
-111
-122
-137
-159
-118
-57
48
154
247
272
198
206
238
202
212
302
330
314
265
213
156
67
-46
-141
-117
-22
81
150
199
194
124
18
-92
-195
-281
-303
-254
-142
-5
124
242
323
402
400
318
221
188
123
27
61
146
207
240
255
151
28
-40
-69
-100
-142
-216
-197
-90
5
59
30
-28
-34
-52
-163
-290
-398
-383
-199
-98
-45
0
-16
-40
-9
87
41
-83
-125
-64
42
156
174
74
76
75
-2
-145
-279
-354
-429
-447
-329
-250
-255
-79
120
244
340
364
297
288
344
321
230
248
290
315
262
290
380
422
375
207
106
10
30
-3
-129
-156
-68
-15
79
53
-161
-361
-304
-335
-387
-441
-298
-219
22
49
-1435
-2424
-918
400
-303
-1236
-718
1265
2413
1995
657
-152
364
1097
322
-1265
-2278
-1493
29
613
-522
-1386
-358
1053
942
-298
-991
-384
598
1011
1164
956
752
1105
1398
741
-570
-1265
-870
-470
-707
-1067
-1072
-815
-236
272
-47
-708
-756
-192
203
118
-40
219
906
1527
1593
1097
890
1170
1523
1698
1491
960
522
470
227
-771
-1915
-2608
-2614
-2188
-1780
-1426
-660
374
1456
2019
2001
1600
1277
975
590
-218
-923
-1164
-1149
-1321
-1683
-2151
-2393
-2581
-2559
-2598
-2521
-2162
-1376
-519
157
567
816
730
567
205
-263
-624
-786
-222
1195
3064
5235
7497
8916
9408
9082
8003
6402
4823
3859
2563
-1760
-8871
-13960
-15047
-15474
-17571
-18332
-14181
-5786
2871
9154
12682
15335
18676
21170
19209
12562
5344
1492
-300
-3643
-9118
-13117
-13126
-11221
-10659
-12066
-12979
-11304
-7338
-2591
1731
5151
8883
13717
17723
17790
13425
7643
3195
-519
-4985
-10030
-13953
-14610
-11929
-8855
-7892
-8169
-6930
-3772
-901
214
580
2387
6342
10535
12047
10529
8275
6829
5142
1525
-2704
-4538
-2121
2083
3947
4152
5381
7891
9365
6992
1341
-3506
-6937
-10412
-13537
-15040
-14333
-11347
-6236
-505
3839
6571
9357
11900
12780
11770
10166
8538
6680
4275
1856
-957
-4219
-7426
-8937
-9616
-10278
-10941
-10173
-7666
-4371
-1754
679
3412
6214
8301
9113
8528
6964
4860
3056
1085
-2134
-5742
-8174
-9203
-9504
-9914
-10049
-9433
-7699
-5255
-3094
-1463
533
2879
5179
6943
7747
7390
6729
6027
5699
6281
8086
8785
7636
6724
7187
7467
5573
1283
-2631
-4862
-8190
-14133
-19830
-21467
-19001
-14804
-10397
-4895
2325
10630
17902
21477
20833
18994
17739
15570
10022
2360
-3579
-6373
-8232
-10816
-13378
-14912
-14281
-12283
-10411
-9202
-7529
-4104
1365
6892
10732
12655
14022
15110
14622
11194
5697
-24
-4577
-8057
-11306
-15061
-17940
-17566
-14383
-11513
-10089
-8268
-4147
1337
5763
8249
9805
11704
13563
13607
10457
5915
3215
3742
5554
4936
2435
2152
4618
6199
5044
1839
-1092
-2698
-4702
-9895
-16724
-19840
-17655
-13511
-10466
-6894
-666
7733
15337
19267
19029
17515
16709
15477
10910
3571
-3278
-6799
-8192
-9670
-11922
-12872
-11320
-8586
-6596
-5671
-5287
-4044
-1177
3300
6937
8785
9703
10994
11789
10451
6687
1924
-1668
-3792
-5065
-7371
-9935
-15223
-22655
-23385
-17019
-13126
-12459
-9300
260
13601
22470
22648
18109
16895
18552
16326
7775
-1133
-5473
-3373
827
1596
-1152
162
5551
10110
7080
-1452
-11031
-18322
-22476
-21489
-18918
-17418
-13461
-1997
11798
19451
19632
17917
17985
19114
18185
12638
3682
-2778
-3510
-2583
-5934
-13665
-18608
-16083
-10486
-9175
-11428
-11011
-4633
3686
9148
10737
10767
12014
15057
15789
10873
2680
-2763
-3566
-3184
-5527
-8895
-10486
-8401
-9436
-17014
-22863
-21719
-17778
-12813
-7620
-296
11229
23182
29275
27718
23564
19604
14775
7282
-1631
-9823
-12385
-8386
-3099
-1548
706
5045
9745
11041
7776
-367
-12171
-21692
-21300
-15455
-14291
-16018
-10893
2794
14952
18092
14721
12253
13856
17677
17266
9385
-1051
-4837
-1177
547
-6845
-16534
-17478
-10462
-5642
-7443
-10566
-8850
-2343
4847
9007
8620
6987
9004
13807
14071
7115
-1277
-3938
-2391
-1694
-4711
-7970
-11272
-15426
-16438
-14389
-15787
-18846
-16766
-7403
4280
12273
15961
18372
22078
25219
22808
13700
3425
-2345
-2972
-3086
-5629
-7652
-3321
4530
9115
8056
5106
4964
6609
-102
-14886
-23924
-19817
-12578
-12339
-16053
-11499
1615
13813
17508
15366
13886
17463
21919
20604
10020
-2734
-7833
-4510
-4579
-12405
-18751
-15158
-6852
-2852
-4341
-6471
-6695
-4207
891
5105
4975
3613
7025
13709
15435
9174
1550
-2192
-2400
-5559
-13874
-20405
-20029
-14919
-9229
-8316
-10645
-8669
29
7234
6519
3892
7334
14411
18180
16142
10259
6232
6779
7600
3443
-2877
-4753
-722
3988
4964
1660
268
3085
8595
7931
-6447
-22892
-23142
-13170
-10845
-20096
-23186
-9218
10798
21956
22312
19197
20060
25781
28497
18522
-1445
-14870
-12157
-4229
-7152
-16551
-17392
-6657
2620
1995
-5760
-12351
-13493
-8138
-5
3667
1572
3757
14579
24334
18001
-1157
-14666
-15754
-14461
-17022
-21184
-19846
-9165
7021
17781
14819
5283
2866
7393
6547
-2878
-11418
-8575
2115
11226
12528
9730
9065
12747
14264
7993
-1635
-5681
-1917
3304
7067
6887
-990
-15408
-21742
-14254
-9616
-21408
-32416
-21183
5465
21661
19282
14445
19143
28951
32664
23325
2888
-14050
-13741
-1545
-1175
-15899
-24203
-10841
6179
6472
-6942
-14832
-12051
-4938
113
2265
852
1930
12561
26714
26690
8126
-10399
-13177
-10763
-18041
-28976
-30657
-20464
-4695
8772
12449
7281
4875
11377
15396
6842
-5778
-7358
2789
11671
11001
6524
6087
10428
12655
8099
-705
-5927
-3906
1648
3758
4046
6491
2451
-10632
-19150
-17110
-16777
-25728
-32021
-19178
3461
17981
20511
21678
26022
31218
30150
20337
2843
-10926
-11201
-3047
-4822
-15878
-18988
-8019
997
-3587
-13352
-15813
-12031
-8191
-3027
3161
6328
9224
18842
29380
27681
11532
-3466
-7625
-10577
-20927
-30102
-31563
-25542
-12931
1738
8168
5752
6108
13755
16642
7293
-3520
-4333
3317
10146
12260
10848
11353
14543
16326
11791
2066
-5221
-4980
-1103
266
1816
2152
-5722
-17456
-19753
-16027
-18755
-29444
-30797
-13185
8443
17927
18964
21869
28416
32471
28501
15548
-1505
-11933
-10198
-5525
-10279
-18074
-15843
-4063
1595
-4557
-13369
-15122
-12113
-8256
-3899
533
4249
11932
23602
29202
19730
4002
-2808
-3422
-10337
-21131
-25171
-20155
-10534
-1250
3722
2902
1893
5388
8219
3043
-5656
-7462
132
8412
11644
12636
16040
19384
19332
14361
6420
-1698
-5933
-5801
-4184
-1608
-2330
-9954
-16508
-14658
-11453
-17413
-28708
-27698
-11068
6077
12757
14806
20035
27857
32538
29084
16366
525
-8155
-6565
-5543
-13321
-20689
-15709
-3304
986
-5725
-12726
-13005
-10612
-8594
-5792
-2960
937
9964
22625
28299
19527
7567
3721
1715
-6855
-17403
-21746
-17852
-9853
-1731
2300
1534
848
4271
6187
1003
-7534
-9000
-1586
6248
8805
10800
15679
20279
20693
16239
8578
894
-3878
-5299
-4654
-4889
-10264
-16796
-16262
-10535
-10764
-19541
-25376
-17892
-3606
6308
10049
13351
20256
28922
32529
26135
12122
-63
-3794
-3308
-7962
-17123
-19970
-12351
-3026
-2455
-8472
-12630
-11393
-8628
-6221
-4786
-3173
1709
11975
22375
24574
18825
10846
3497
-2389
-8874
-16333
-20904
-20098
-12698
-1513
5414
5019
3576
6375
9130
5100
-3677
-8348
-5718
321
5131
7136
8697
13669
19330
19955
13429
4899
532
80
-1361
-6340
-15389
-21508
-18353
-11397
-12189
-19611
-21256
-10965
952
6530
7742
11250
18183
26370
29154
23068
10979
2264
666
-315
-8324
-17570
-18825
-11433
-5227
-5530
-9187
-10785
-9565
-6552
-3601
-3176
-3672
876
10139
15434
12535
7437
6196
6574
3276
-3340
-7929
-8338
-5883
-3261
-1927
-2319
-2367
-533
1324
-160
-3734
-4726
-1237
3269
5873
7027
9126
11962
13526
12601
10010
7041
4679
4032
3688
2982
-2838
-14114
-19376
-15323
-14089
-21388
-27124
-19332
-3903
4924
7117
10155
16091
22014
25311
22197
12349
1903
-189
3456
1117
-9532
-14833
-9128
-2205
-4762
-11338
-13273
-10653
-9027
-6962
-3643
-2250
-1479
5433
14808
15209
7042
3248
6116
4874
-3560
-10267
-10104
-7144
-4635
-2289
-469
12
1170
3872
4142
-62
-3784
-2121
2259
3932
3475
5220
9037
11097
10440
9066
7092
5257
3798
3210
2627
2636
751
-6291
-13972
-15722
-14763
-18287
-24539
-23699
-13029
-1117
6269
10787
16256
22125
26459
25256
17498
6133
-1199
-2099
-2310
-8117
-13180
-11083
-4353
-2584
-6130
-9309
-9340
-9433
-8775
-5531
-1946
83
4355
12133
16380
12034
5676
2461
-674
-6095
-11103
-12204
-10159
-7186
-2601
3005
5705
4543
3469
3860
2327
-2221
-5006
-2894
1286
4633
7495
10780
12693
12615
11383
8822
4478
-115
-1871
-96
1753
-2261
-10076
-13346
-10413
-10414
-17269
-23874
-20462
-10025
-774
4378
8813
14922
22496
27596
25750
15970
4461
-1384
-1670
-4600
-12106
-15692
-10794
-3132
-1347
-4509
-7542
-8257
-8403
-7337
-5591
-4177
-1631
5581
14662
18824
13850
6363
2937
1038
-5122
-12870
-16540
-13755
-7133
-522
2682
3035
3743
6070
6364
1887
-4783
-6949
-2469
3389
5414
6278
9966
14752
16130
12642
7179
2572
200
-964
-363
-1215
-7571
-13938
-12693
-8832
-11930
-20935
-23558
-14894
-3732
2454
5839
11130
18908
26292
28431
22144
10068
716
-1368
-1992
-8638
-16408
-16239
-8185
-2220
-3472
-7723
-8894
-7610
-6364
-5397
-4612
-3281
1480
10273
17607
16806
10968
7372
5237
-113
-8374
-14716
-15486
-11989
-7418
-3300
-51
2181
4282
5681
4593
394
-3103
-2339
1309
3566
4764
8050
12549
14918
14175
11324
7321
3388
263
-1145
-1589
-5007
-11672
-14678
-12126
-10411
-15282
-21600
-19979
-10472
-1845
2743
6462
13162
21636
28083
27646
19772
9179
2924
1310
-2877
-12293
-18375
-15394
-8475
-6390
-8984
-10632
-9292
-7708
-6337
-4432
-2493
276
6169
14065
18011
15005
10323
7467
3807
-2311
-9086
-13148
-12887
-9563
-5481
-2195
-110
1275
2585
3111
1524
-1865
-3634
-1237
2542
4873
6948
10061
13381
14627
13420
10549
6506
2765
837
733
-2078
-9964
-16164
-14696
-11143
-13646
-20405
-21480
-13506
-4052
885
3215
7847
15819
24153
27309
22868
14110
7913
6137
3371
-5043
-13835
-15749
-11164
-7931
-9821
-13221
-12951
-10064
-7367
-5685
-4188
-1897
3188
10620
16102
16353
13359
9864
5977
1206
-4406
-9697
-12879
-12172
-7879
-3202
-1036
-153
1530
3548
3497
768
-2328
-2880
-429
2798
4979
6760
9392
12759
14624
13095
8833
5039
3244
2483
367
-5825
-13394
-15544
-12539
-12121
-17712
-22104
-17356
-7644
-981
1681
4863
10846
18332
23465
22524
16077
9557
7145
6397
1453
-6661
-11603
-10103
-6828
-7507
-11286
-13477
-12237
-9924
-7794
-6105
-4318
-787
5632
12085
14525
13137
10863
8445
4359
-1551
-6861
-9997
-10535
-8486
-5544
-2954
-448
2091
3632
3409
1999
426
-708
-521
764
2456
4156
6409
9570
12098
12309
10452
8316
6186
4146
2316
-2054
-10439
-15915
-14217
-11429
-14882
-20388
-18536
-9163
-1590
979
2681
7618
14285
19770
20543
16223
9542
6119
6168
4011
-3280
-9217
-8812
-5127
-5202
-8772
-11737
-11658
-10454
-8627
-6652
-5013
-2760
2520
9316
12121
9313
6384
6391
6108
2466
-2845
-6283
-6262
-3796
-1806
-2569
-4222
-2870
879
2060
-966
-3729
-2081
2223
5004
5077
5470
7874
10985
12327
10481
6894
4966
5006
5251
3964
-1391
-9005
-12768
-11365
-11118
-16278
-22022
-19624
-10137
-2119
916
2912
7864
15240
20613
20242
14196
7210
4752
5775
3349
-4002
-9091
-7021
-2387
-2745
-7771
-11822
-12188
-10782
-9241
-8235
-7215
-3977
3389
11278
14506
12547
10544
9255
4673
-2595
-7893
-10375
-11027
-9476
-5781
-1867
601
2346
4332
5099
3446
1416
994
1595
1545
1828
3867
6107
7428
8813
10019
9591
7919
6027
5301
3747
-2917
-11297
-13525
-10794
-10938
-16047
-18909
-13911
-5971
-1635
-760
1287
6522
13005
16857
16310
12023
8191
7945
8639
4079
-3977
-8036
-5684
-3823
-6854
-11312
-12309
-10627
-8978
-7404
-5408
-3657
-1020
3922
9306
10486
6969
4575
5546
5430
1671
-2902
-5054
-4326
-2574
-1771
-3249
-5408
-4849
-1494
213
-1562
-2880
314
5886
8379
7449
7067
8520
9926
9182
6540
4364
3882
4687
5560
2103
-5714
-10493
-9092
-8442
-13893
-19934
-17692
-9398
-3229
-1192
748
4842
10392
14575
14486
10001
5171
4437
6609
5666
352
-3680
-2503
381
-723
-5758
-10476
-11930
-11003
-9370
-8343
-7388
-4157
2214
8871
11678
10435
8382
6416
3973
228
-4713
-8566
-8660
-5823
-2543
-1186
-1016
28
2145
2923
1222
-1002
-1080
1161
3023
3351
3516
5395
7971
8802
7639
6435
6380
6614
6270
2036
-5957
-10859
-9098
-7051
-10465
-16020
-14409
-5870
518
386
-1030
1307
6746
10704
10632
6842
2985
2934
6349
6851
1536
-3896
-3680
-220
-653
-5775
-10218
-10259
-7921
-5490
-3877
-2831
-1419
2642
7938
10115
6252
819
-469
1157
84
-3595
-5933
-4473
-339
2808
1682
-2056
-3555
-1486
-235
-2390
-4753
-3080
2505
7669
8697
6912
6753
9002
9751
5735
205
-1035
2083
4819
2526
-3798
-7375
-5376
-3182
-6621
-13531
-15279
-8688
-775
1928
1221
2883
8093
12670
12220
7086
946
-1683
-94
1068
-1879
-5619
-5088
-683
1541
-1333
-6194
-8220
-7231
-5510
-4470
-3660
-1806
2315
7946
11519
10209
5634
1485
-98
-1381
-4841
-8513
-8784
-4867
246
2309
776
-603
639
2054
280
-3199
-4104
-901
3551
5850
6350
7339
9305
10695
9275
5190
1525
602
1410
-1750
-8874
-11761
-7623
-3942
-6423
-10577
-8414
-1571
2505
1978
1528
3892
7839
10523
9932
5969
1573
666
2097
391
-4893
-7715
-5242
-2336
-3321
-5960
-7068
-6744
-6124
-4446
-2322
-1390
202
5022
10358
11081
7838
5036
2964
-24
-3858
-7163
-8667
-7709
-4425
-256
1352
393
130
1808
1992
-779
-3359
-2232
1264
4106
5224
5897
7483
9710
10095
7515
4047
2038
2174
1284
-4651
-11611
-12107
-7588
-5906
-9386
-11284
-6079
1689
5165
4167
3527
5996
10063
11820
9339
4109
759
1652
3274
-93
-6310
-8900
-6080
-3816
-5820
-9052
-9477
-7395
-4636
-2163
-612
238
2687
7600
11645
10838
6345
2386
1122
264
-3150
-7612
-9215
-6766
-2464
131
-331
-1428
-469
1802
2203
-182
-2312
-935
3295
6338
5979
5201
7081
9653
9273
5520
1949
1018
1691
-767
-7805
-13241
-11707
-7220
-6958
-10710
-10407
-2936
4941
6972
5295
5611
9071
12361
11978
7497
1933
61
1949
2146
-2796
-8178
-8554
-5393
-4965
-8245
-11124
-10406
-7486
-4129
-1356
492
2267
6324
11591
13481
10153
5759
3394
1100
-3253
-7410
-9205
-9104
-7247
-3756
-1038
-552
-366
1162
2346
1396
30
639
2966
5030
6075
6723
7487
8120
8187
6831
4322
1901
902
-183
-5212
-11948
-13865
-10705
-8878
-11031
-11927
-6441
1808
6829
7545
7601
9463
12560
13570
10479
4561
405
531
1904
-622
-5896
-8434
-6542
-4952
-7190
-11188
-12592
-10794
-7634
-3945
-413
2273
5498
10666
15080
14211
9148
4766
2115
-1099
-5039
-7907
-8756
-7761
-5153
-2295
-1413
-2239
-2439
-1235
-367
-645
-574
1560
5054
8064
9345
9666
9938
9942
8605
5810
2714
594
-380
-3566
-9733
-13726
-12298
-9744
-10895
-13626
-11275
-3767
2866
5251
6076
8710
13068
16003
14876
10004
4799
2751
3030
1060
-4418
-8733
-8117
-5644
-6707
-10614
-12798
-11575
-9504
-7275
-4266
-841
2759
7738
13186
15077
12102
8261
5304
1878
-2359
-5881
-7689
-7485
-5683
-2963
-1496
-2147
-3046
-2543
-2000
-2580
-3012
-1143
2658
6633
9333
10631
11144
11605
11033
8163
3901
821
-88
-2677
-9135
-13878
-12215
-8757
-9741
-13043
-11520
-4940
782
2694
3271
5514
9874
14206
15229
11707
7046
5362
5807
3591
-2476
-7595
-8041
-6064
-6436
-9452
-11673
-11000
-8878
-6651
-4595
-2754
-373
4211
9582
11874
9928
7459
6103
3884
342
-2683
-4680
-5546
-4644
-2490
-1262
-2098
-3223
-2957
-2606
-3365
-3969
-2321
993
4304
7026
9569
11357
11823
11146
9515
6951
3984
1542
-2690
-9189
-13251
-12118
-10033
-11425
-13673
-10563
-3265
2073
3161
3381
5740
9788
12394
11471
7618
4549
4849
6176
3862
-1424
-4735
-4059
-3248
-5872
-10159
-12188
-11068
-9082
-7139
-4935
-2152
1409
6039
10038
10775
8454
6466
5650
2457
-3214
-6604
-6243
-4843
-3907
-2936
-1359
354
1434
1147
-622
-2413
-2486
-741
1268
2318
3083
5679
9128
10775
9698
7781
6542
6091
3838
-2605
-10288
-12962
-10766
-9455
-12093
-13760
-8977
-863
3838
4120
4230
6789
10287
11857
9815
5177
2083
3100
4819
2263
-2719
-4786
-3195
-2639
-5627
-9675
-11413
-10584
-8419
-5622
-3014
-821
2586
7558
11014
10096
6610
4530
3153
-183
-3953
-5638
-5603
-4877
-3557
-1769
-634
-554
-548
-316
-470
-897
-687
521
2357
4169
5628
7017
8029
8175
7405
6241
4917
3747
897
-4651
-9470
-10035
-8464
-9183
-12086
-11859
-6381
-245
2391
2639
4235
8157
11834
12272
9114
4856
3086
3821
3273
-1047
-5450
-5759
-3167
-2955
-6154
-9309
-9404
-7919
-6501
-5048
-3234
-873
3417
8920
11966
10532
7978
7200
5380
-367
-6455
-8943
-8764
-8032
-6992
-5442
-3325
-757
1760
2545
1602
1184
2678
4386
4463
3449
3760
5661
7038
6663
5661
5052
4920
4435
666
-6594
-11775
-11316
-9131
-10286
-12938
-10505
-2801
3739
5315
4736
6043
9405
11775
10515
6144
2273
2056
3826
2918
-1628
-5296
-5158
-3567
-4768
-8471
-11058
-10298
-7719
-4879
-2258
67
2699
6898
11459
12506
8894
5378
4371
2578
-1693
-5710
-7239
-6733
-5527
-4450
-4379
-4737
-4021
-2344
-1458
-1574
-717
2303
5606
7323
7781
8427
8932
8421
6791
5114
3430
2229
555
-4005
-9321
-10920
-9405
-9296
-11836
-12056
-6776
-318
3016
3997
5667
8653
11578
12327
9730
5194
2590
3108
3065
-730
-4994
-5570
-3914
-4428
-7380
-9813
-10074
-9243
-7817
-5478
-2675
220
4404
9578
13039
12771
10995
8937
5058
114
-3498
-5896
-7864
-8916
-7519
-4631
-3239
-3390
-3050
-1801
-977
-721
309
2090
3822
5652
7826
9159
9123
8831
8752
7628
5138
1815
-3627
-9568
-12296
-11381
-10887
-12741
-12752
-7156
-93
3340
3522
4514
7504
10726
11707
9604
5608
3423
4385
4936
1045
-4470
-6229
-4283
-4105
-7539
-10842
-10690
-8754
-7238
-5644
-3477
-1335
1822
6775
10754
10644
8841
9051
9704
6430
587
-2881
-3497
-4467
-6310
-7242
-6901
-6071
-5015
-3901
-3246
-2531
-340
2967
5087
5153
5252
6948
8559
8254
7142
6840
7044
6312
2102
-4646
-9362
-10293
-10883
-13621
-15671
-12544
-5538
515
3352
4829
7443
11118
13059
11288
7023
3835
3344
3647
1863
-1685
-3957
-3649
-3073
-4921
-8332
-10508
-10553
-9442
-7699
-5514
-3292
-367
4082
8840
10951
10306
9004
7339
5286
2776
-228
-2914
-4619
-4847
-3496
-2815
-3995
-5201
-4305
-2521
-2052
-2461
-1407
1221
3870
5411
5953
6241
7074
7876
7727
6596
4651
649
-3869
-6091
-6511
-8292
-11478
-12262
-8513
-3900
-1448
-274
1969
5366
8578
10005
8922
6145
4597
5227
5239
2001
-1934
-3091
-2294
-3139
-6145
-8746
-9109
-8032
-6906
-5728
-4198
-2196
400
3180
5119
5623
5467
5503
5408
4563
3434
2648
1704
142
-1066
-1559
-2532
-4224
-5428
-5537
-4816
-3553
-1838
-19
2033
4157
5685
6160
5753
5205
5110
4914
4294
1905
-2276
-4818
-4338
-4102
-6658
-9711
-8738
-4488
-1397
-821
-338
2045
5765
8631
8725
6120
3563
3565
4509
2961
-937
-3158
-2317
-1206
-2569
-5423
-7437
-7445
-6431
-5309
-4511
-3604
-1698
1600
4694
5334
3868
3012
3600
3759
2478
936
247
462
1235
1467
97
-1881
-2613
-2204
-2583
-3735
-3553
-1173
1733
3331
3792
4407
5124
5026
4004
2651
1918
1352
-1264
-4700
-5651
-4349
-4148
-6055
-6969
-4621
-1290
491
731
1302
3035
5576
7432
6844
4228
2726
3540
3837
1031
-2345
-3005
-2178
-2874
-4978
-6463
-6549
-6016
-5065
-3359
-1623
-448
1130
3404
4644
3538
1735
1188
1316
843
345
743
1388
1710
2038
1952
557
-1400
-2634
-3068
-3426
-3400
-2103
409
3016
4651
5344
5854
5781
4749
2958
1378
142
-2582
-6079
-6923
-5212
-4377
-5656
-6007
-3376
-10
1607
1632
1527
2500
4837
6880
6292
3595
2209
3394
4070
1394
-2529
-3889
-2786
-2469
-4176
-6071
-6155
-4887
-3549
-2529
-1718
-1017
413
2734
4004
2780
858
785
1870
1729
402
-21
980
2206
2418
1600
443
-412
-1049
-1894
-2951
-3226
-2045
-42
1747
3444
5133
6122
6020
5010
3785
1609
-2561
-6548
-7524
-6359
-5946
-6745
-5900
-2336
1355
2911
2821
2820
3569
4450
4640
3552
1663
842
1856
2810
1400
-1182
-2168
-1552
-2021
-4335
-6344
-6225
-4967
-3755
-2334
-413
1265
2554
3855
4435
3203
1379
372
-579
-1641
-1827
-1097
-449
193
1506
2702
2596
1632
939
560
-61
-692
-757
-230
479
1480
2795
3913
4304
4080
3880
2608
-1334
-5725
-7109
-6217
-6357
-7752
-6891
-2761
1355
3128
3413
3963
5109
6227
6273
4389
1408
-210
384
769
-1243
-3640
-3630
-2024
-1787
-3398
-4773
-4751
-4172
-3421
-2319
-1249
-162
1460
3505
4584
3817
2678
2350
1942
787
-574
-1445
-1533
-1092
-551
-412
-508
-166
668
1230
1244
1338
1952
2685
3041
2953
2862
2903
2908
2736
1703
-974
-4058
-5509
-5660
-6300
-7522
-7225
-4538
-1245
1172
2802
4078
5266
6555
7331
6419
4035
2118
1432
604
-1487
-3621
-4404
-4262
-4379
-4799
-5023
-4883
-4428
-3545
-2096
-660
310
1594
3406
4220
3372
2275
2027
1979
1411
688
299
338
471
255
-501
-1328
-1724
-1365
-795
-376
364
1675
3143
4133
4413
4330
4059
3571
2849
1322
-1395
-4046
-5360
-5613
-5908
-6583
-6705
-5206
-2533
-130
1111
1997
3736
6040
7291
6670
5153
3987
3343
2514
789
-1430
-3202
-3847
-3981
-4873
-6567
-7624
-7173
-5748
-4136
-2565
-985
1170
3883
6021
6118
4583
3465
3288
2522
734
-936
-1433
-851
-283
-479
-1124
-1371
-928
-116
316
264
309
1281
2937
4033
4079
3881
3931
3932
2585
-500
-3516
-4897
-5080
-5443
-6131
-5885
-3926
-1052
1084
1657
1610
2290
3759
4543
3837
2482
2045
2670
3007
1913
17
-1437
-1992
-2591
-4292
-6155
-6719
-6037
-4695
-3544
-2817
-1872
-259
1771
3027
3042
3013
3732
4409
4148
3102
2064
1263
547
-221
-1126
-1978
-2146
-1424
-374
264
585
1237
2212
2831
2621
2011
1612
1304
255
-1418
-2620
-2864
-2750
-2663
-2687
-2554
-1865
-492
686
981
1036
2015
3405
3868
3053
1935
1266
971
461
-507
-1544
-2113
-2063
-1770
-2020
-3273
-4372
-3909
-2745
-2312
-2444
-1843
164
2090
2391
1807
1672
1879
1763
1217
605
187
479
1291
1728
1229
602
640
1064
795
-49
-219
857
1902
2060
1915
2030
1987
854
-1329
-3468
-4645
-4952
-4854
-4590
-3598
-1604
934
2914
3642
3650
3828
3905
3228
1915
934
482
178
-15
-39
-283
-1063
-1748
-2109
-2780
-3914
-4582
-4754
-4558
-3326
-1405
196
1376
2672
4133
4802
3865
2292
1221
524
-454
-1333
-1600
-1366
-783
184
848
931
909
1219
1463
1156
709
978
1903
2552
2598
2503
1721
-307
-2418
-3622
-4369
-5261
-5507
-4322
-2324
-482
978
1966
2398
2555
2974
3221
2516
1352
1050
1560
1398
113
-1100
-1325
-1217
-1493
-2075
-2863
-3594
-3377
-2302
-1749
-2028
-1727
-46
1761
2474
2315
2247
2366
2286
1803
963
-101
-592
-1
752
581
307
908
1633
1454
849
584
631
565
395
503
529
-64
-888
-1378
-1664
-2088
-2540
-2690
-2447
-1751
-804
-35
372
828
1622
2250
2066
1233
475
285
311
26
-471
-704
-602
-513
-853
-1444
-2178
-2825
-2689
-1843
-965
-225
411
1293
2479
3088
2589
1604
1153
1193
1150
497
-534
-983
-412
356
500
117
195
844
1443
1342
723
300
415
772
976
365
-913
-1643
-1377
-1176
-1922
-2848
-2657
-1483
-425
91
409
858
1433
1946
1856
873
-365
-795
-581
-675
-1239
-1364
-708
-93
-486
-1384
-1685
-1513
-1530
-1537
-1201
-497
628
1797
2328
2165
1986
2108
1946
1123
170
-86
376
879
1039
1209
1610
1861
1695
986
69
-520
-559
-356
-275
-104
491
608
-319
-1558
-2243
-2624
-3180
-3495
-2887
-1473
303
1912
2900
3128
3013
2798
2017
324
-1680
-2788
-2668
-2368
-2431
-2174
-1301
-776
-1181
-1857
-2051
-2007
-1944
-1415
-275
1013
2302
3349
3730
3393
2728
2031
1131
79
-651
-652
-72
645
1346
2018
2372
2461
2165
1401
425
-197
-445
-443
-324
-1
80
-304
-947
-1443
-1901
-2445
-2908
-2896
-2255
-1206
-139
705
1268
1722
2082
1877
906
-203
-689
-784
-1068
-1374
-1173
-747
-661
-972
-1862
-2887
-3048
-2637
-2279
-2042
-1601
-309
1531
2573
2436
2019
2191
2502
2298
1505
858
975
1757
2468
2654
2362
2247
2284
2038
1074
-67
-567
-369
-105
170
142
-406
-1046
-1446
-1844
-2550
-3361
-3489
-2553
-1052
268
994
1373
1895
2263
1867
564
-913
-1761
-1792
-1610
-1758
-1843
-1447
-1046
-1039
-1295
-1612
-1913
-1754
-1078
-347
198
835
1711
2438
2412
1901
1404
864
-8
-827
-1257
-1233
-817
164
1303
2134
2564
2949
3251
3073
2390
1859
1868
1952
1604
918
81
-733
-1325
-1748
-2248
-2949
-3142
-2310
-1206
-793
-815
-378
611
1121
749
33
-417
-549
-664
-1101
-1747
-2402
-2393
-1675
-1267
-1712
-1858
-988
122
558
512
607
1149
1705
1747
1211
465
36
58
115
-166
-417
69
1282
2168
1973
1353
1142
1170
640
-483
-1252
-911
-14
769
1071
1099
1338
1675
1505
744
3
-208
29
369
560
656
845
1016
844
157
-845
-1758
-2389
-2872
-3211
-3486
-3450
-2908
-2275
-2005
-1855
-1576
-1026
-374
78
414
894
1530
1949
1930
1634
1404
1329
1189
1018
1051
1236
1473
1551
1323
849
336
-75
-448
-890
-1104
-776
-96
567
979
973
672
361
12
-581
-1305
-1622
-1185
-311
437
1040
1649
2046
2030
1669
1058
264
-574
-1121
-1293
-1334
-1522
-1482
-1213
-1212
-1599
-1880
-2035
-2126
-2154
-2039
-1624
-925
-231
316
620
680
670
691
634
574
837
1377
1925
2293
2506
2577
2535
2334
1949
1371
886
636
329
-100
-700
-1443
-1958
-2217
-2348
-2223
-1810
-1162
-379
548
1372
1703
1511
1315
1224
869
81
-572
-776
-782
-897
-1012
-977
-967
-1125
-1151
-1160
-1255
-1264
-1005
-526
-3
371
653
907
970
657
131
-339
-609
-705
-568
-307
61
463
866
1083
1069
823
625
655
800
1017
1302
1537
1590
1512
1257
710
72
-299
-396
-479
-560
-524
-228
82
106
-227
-633
-920
-1325
-1882
-2301
-2261
-1827
-1203
-611
-150
229
451
472
319
58
-161
-127
242
698
924
823
692
626
324
-376
-1021
-1053
-620
-227
97
554
1128
1467
1417
1046
571
142
-66
-61
-69
-83
24
190
204
-113
-408
-369
-283
-331
-133
492
1048
1206
1259
1341
1170
667
1
-547
-1005
-1379
-1555
-1509
-1499
-1623
-1570
-1384
-1437
-1559
-1341
-922
-534
52
763
1251
1289
1198
1244
1142
661
386
538
719
748
861
1055
1051
708
233
-101
-413
-686
-745
-637
-456
-188
167
430
370
251
327
287
2
-198
-49
124
125
177
333
247
-143
-493
-753
-1156
-1508
-1535
-1271
-918
-518
-19
415
602
679
915
1070
890
564
418
423
345
-58
-610
-927
-875
-671
-543
-460
-281
238
779
991
930
1003
1251
1350
1060
571
112
-231
-517
-832
-1082
-1169
-975
-598
-379
-389
-351
-121
95
96
106
266
471
571
523
268
-37
-278
-550
-905
-1112
-1094
-946
-770
-486
-161
88
257
455
622
661
539
433
460
555
724
905
1016
1075
1179
1192
895
485
135
-162
-424
-661
-767
-782
-726
-574
-429
-260
-130
-104
-183
-204
-103
-76
-209
-414
-529
-546
-675
-906
-1106
-1130
-1007
-863
-671
-364
15
432
804
1103
1250
1367
1513
1529
1324
1039
814
572
46
-540
-936
-1176
-1294
-1228
-1083
-786
-220
605
1327
1516
1516
1716
1746
1175
317
-355
-644
-848
-996
-923
-621
-321
-20
287
407
151
-193
-391
-490
-613
-732
-729
-631
-508
-444
-613
-1002
-1272
-1318
-1282
-1302
-1173
-718
-50
583
1103
1534
1898
2154
2168
1875
1494
1141
954
833
576
255
238
411
385
47
-276
-411
-525
-753
-944
-1009
-1013
-884
-592
-196
69
188
410
604
514
236
-47
-265
-423
-517
-486
-462
-543
-516
-396
-520
-861
-992
-979
-1005
-1076
-990
-661
-221
195
612
885
1065
1299
1499
1301
757
308
184
81
-78
-144
-62
154
374
526
501
366
418
625
741
685
625
728
755
578
324
160
-15
-262
-383
-320
-329
-427
-578
-645
-720
-960
-1242
-1283
-1072
-895
-845
-708
-469
-357
-374
-366
-337
-373
-299
42
456
663
717
924
1133
1032
604
186
-55
-176
-316
-331
-199
84
362
571
589
494
358
380
437
414
312
313
439
428
130
-132
-283
-419
-569
-666
-556
-288
59
429
694
820
847
735
441
-42
-566
-931
-1060
-1105
-1053
-890
-654
-491
-452
-553
-649
-776
-849
-767
-492
-154
136
372
642
905
1032
988
884
833
905
1017
973
695
417
289
157
-191
-636
-857
-796
-671
-549
-453
-422
-331
-142
58
108
60
183
595
955
1011
861
798
768
462
-151
-712
-993
-1090
-1167
-1098
-718
-209
164
370
457
407
222
-1
-167
-163
-15
207
407
499
451
253
-144
-640
-1040
-1237
-1267
-1038
-530
175
806
1165
1365
1438
1219
709
94
-307
-425
-415
-371
-293
-140
126
212
-94
-556
-790
-719
-663
-600
-413
12
449
791
917
854
700
690
598
436
236
190
253
279
85
-125
-295
-400
-517
-647
-768
-696
-531
-380
-286
-157
-48
58
126
253
399
492
517
536
498
362
125
-122
-383
-630
-748
-807
-818
-795
-691
-543
-391
-248
-119
-43
61
200
286
306
332
386
461
535
575
547
526
641
805
875
761
650
571
540
336
84
-152
-232
-268
-192
-209
-200
-222
-123
-152
-270
-499
-606
-665
-652
-656
-677
-722
-637
-426
-278
-241
-268
-60
268
496
392
292
309
500
396
44
-363
-454
-491
-555
-729
-805
-800
-590
-350
-194
-119
90
472
818
995
1115
1279
1363
1310
1179
969
736
473
253
57
-11
32
207
294
368
436
500
248
-238
-704
-896
-1045
-1130
-1154
-970
-654
-285
-114
-122
-356
-595
-750
-840
-915
-903
-701
-294
196
582
694
526
405
291
57
-374
-680
-621
-200
208
462
650
929
1105
958
579
250
29
-28
97
290
364
423
612
784
597
202
-38
-92
-202
-337
-348
-180
35
282
455
433
206
128
124
-84
-510
-769
-730
-575
-670
-873
-949
-905
-914
-977
-1008
-889
-720
-429
-71
158
270
347
519
660
599
504
616
819
957
901
772
690
565
307
65
-120
-163
-113
111
323
439
487
584
584
378
29
-255
-400
-469
-537
-570
-458
-285
-119
-46
-72
-194
-263
-253
-217
-223
-195
-45
161
273
211
-12
-238
-439
-661
-955
-1166
-1159
-886
-529
-252
-29
238
470
530
437
351
426
498
573
677
841
920
917
804
690
500
336
173
70
30
87
114
110
91
87
59
-60
-211
-392
-484
-536
-557
-590
-557
-486
-329
-275
-371
-511
-517
-439
-431
-519
-459
-206
55
229
290
391
447
411
298
203
0
-92
-114
-43
-129
-228
-211
23
118
120
102
167
247
308
357
391
444
534
701
717
585
379
327
219
104
-104
-140
-92
-22
-43
-104
-222
-231
-234
-293
-382
-423
-421
-388
-410
-482
-533
-540
-427
-323
-295
-275
-152
-27
45
9
60
159
244
311
401
456
541
626
618
459
311
237
127
-127
-389
-460
-463
-505
-531
-431
-307
-165
-1
224
296
297
376
566
605
546
485
545
557
459
285
57
-126
-240
-376
-650
-836
-863
-790
-837
-877
-810
-601
-370
-81
201
449
630
785
827
664
389
149
9
-126
-233
-238
-103
35
128
141
76
-42
-110
-118
-113
-81
58
363
589
652
614
526
252
-111
-439
-635
-780
-825
-642
-336
-95
32
221
389
343
67
-117
-145
-125
-111
19
177
343
486
536
339
19
-203
-307
-462
-636
-592
-342
-69
128
279
402
492
538
505
325
131
89
134
92
-43
-106
-23
22
-48
-154
-207
-204
-204
-268
-319
-348
-348
-296
-207
-119
3
165
305
363
368
290
88
-211
-477
-631
-748
-800
-683
-402
-78
230
490
703
766
724
614
495
346
251
217
256
361
416
346
197
19
-174
-393
-627
-721
-610
-368
-78
160
344
517
629
573
333
41
-154
-265
-331
-334
-318
-298
-196
-87
-117
-272
-448
-510
-497
-458
-406
-334
-263
-122
56
70
-85
-208
-154
-4
44
70
196
407
541
534
433
330
258
265
345
392
422
507
625
628
481
282
112
-82
-237
-301
-287
-221
-104
93
244
214
60
-42
-163
-352
-559
-604
-527
-416
-336
-210
-162
-207
-287
-328
-380
-445
-458
-347
-182
-54
22
33
47
43
15
-75
-167
-166
-16
136
228
291
377
442
500
535
546
491
491
574
604
481
342
275
197
71
-48
-81
-67
-31
50
158
143
34
-63
-146
-343
-580
-687
-630
-521
-420
-285
-124
-48
-81
-185
-322
-467
-559
-521
-362
-199
-54
134
337
453
363
173
31
-56
-159
-228
-193
-31
190
395
544
613
651
650
523
275
74
32
89
103
92
161
330
447
409
286
156
45
-62
-165
-279
-382
-424
-361
-307
-335
-383
-371
-302
-279
-321
-374
-382
-402
-425
-424
-403
-391
-306
-97
134
275
341
413
452
390
211
9
-166
-244
-182
-20
138
313
530
721
763
652
466
280
120
-29
-113
-116
-5
158
311
368
350
259
98
-107
-307
-432
-422
-312
-201
-106
-6
72
9
-205
-451
-599
-673
-723
-748
-658
-435
-215
-117
-103
-81
-66
-80
-93
-40
54
152
314
472
515
474
445
448
372
236
164
203
265
305
340
383
381
361
319
209
59
-54
-62
-18
15
14
24
80
96
22
-107
-212
-264
-292
-337
-352
-304
-237
-202
-216
-258
-306
-365
-430
-452
-414
-325
-255
-197
-140
-55
-29
-51
-68
-60
-37
30
164
281
358
452
537
522
418
342
321
280
258
309
392
428
451
499
453
240
5
-102
-134
-207
-297
-294
-160
-50
-44
-107
-187
-282
-364
-439
-500
-560
-535
-390
-223
-152
-131
-71
-10
-27
-114
-182
-209
-188
-131
-47
9
48
99
151
141
71
20
26
86
152
213
262
301
359
402
349
238
211
288
354
342
328
370
423
365
221
70
-28
-70
-87
-118
-117
-61
-25
-88
-235
-377
-502
-612
-680
-671
-610
-487
-314
-144
-59
-53
-74
-111
-173
-242
-267
-199
-79
55
214
382
499
498
407
324
247
128
-6
-69
-32
8
19
40
81
106
121
155
199
232
266
326
378
343
257
202
168
107
41
9
29
54
24
-74
-183
-264
-363
-480
-583
-611
-550
-429
-299
-193
-142
-114
-69
-60
-158
-273
-248
-106
-9
34
105
236
320
289
206
116
53
37
71
103
148
254
418
469
371
261
220
164
48
-6
63
146
182
236
282
242
108
-23
-110
-205
-319
-348
-284
-200
-132
-68
-44
-92
-170
-211
-282
-424
-494
-400
-244
-132
-71
-1
61
32
-62
-152
-200
-209
-150
-49
69
201
365
482
468
350
252
200
101
-59
-152
-88
74
196
212
199
210
203
122
-12
-114
-98
12
149
230
258
305
375
336
149
-85
-230
-304
-383
-449
-476
-438
-379
-325
-300
-324
-378
-369
-308
-237
-165
-82
28
152
254
270
214
167
160
136
74
48
115
189
181
141
125
122
105
90
67
49
61
128
198
197
153
137
164
124
49
1
13
39
58
66
59
31
-1
-37
-113
-215
-306
-288
-194
-118
-68
14
95
102
39
-55
-173
-312
-423
-445
-401
-343
-274
-152
-5
89
107
87
88
95
118
160
203
244
332
434
454
371
262
182
71
-95
-238
-289
-231
-117
-12
75
133
195
254
250
158
45
-17
-24
-14
-35
-69
-83
-53
-11
-18
-74
-127
-125
-95
-105
-162
-219
-241
-239
-225
-228
-241
-218
-160
-81
-26
-29
-52
-45
-29
-47
-77
-69
-9
81
166
212
232
276
323
310
226
152
137
145
135
144
176
193
218
233
175
42
-61
-94
-135
-212
-233
-170
-76
-23
-23
-46
-67
-40
17
9
-68
-69
36
121
59
-43
-43
14
-12
-132
-241
-276
-252
-262
-307
-329
-304
-222
-116
-62
-54
0
150
288
318
288
283
314
297
209
103
56
87
140
125
75
95
184
191
66
-29
-21
-2
-53
-122
-127
-76
-57
-64
-76
-107
-125
-120
-90
-81
-89
-51
11
36
31
40
65
68
52
47
58
83
64
2
-85
-160
-213
-268
-343
-359
-272
-161
-86
-9
91
147
117
53
47
50
27
52
158
269
320
341
352
287
148
36
-11
-47
-100
-83
7
69
83
87
61
-22
-107
-155
-160
-137
-77
10
63
75
74
33
-46
-125
-179
-177
-136
-106
-63
7
62
48
-31
-87
-107
-141
-188
-191
-129
-48
1
33
56
59
47
19
-26
-66
-72
-38
-3
5
22
84
157
175
142
109
123
163
191
169
149
172
239
246
138
24
-12
-12
-62
-154
-201
-158
-92
-71
-101
-118
-109
-80
-58
-71
-82
-30
39
37
-30
-80
-78
-94
-142
-155
-124
-84
-54
-21
26
32
-3
1
38
42
0
-5
45
91
111
100
75
64
62
54
10
-63
-70
-5
15
-43
-53
39
123
118
83
121
203
245
233
223
216
203
170
75
-66
-198
-264
-299
-339
-359
-301
-178
-65
-34
-50
-54
-40
-29
-42
-56
-38
28
99
129
103
42
-10
-35
-86
-149
-146
-61
34
98
143
196
231
220
195
142
51
-22
-11
15
6
-23
3
59
44
-34
-105
-127
-116
-95
-68
-14
89
194
221
164
106
69
2
-84
-136
-167
-191
-165
-100
-92
-154
-201
-195
-206
-261
-287
-239
-140
-29
101
208
255
263
273
273
208
99
43
44
52
22
3
25
44
38
11
-15
-25
4
42
47
32
53
93
106
90
85
83
62
31
-5
-39
-70
-83
-120
-171
-181
-125
-63
-36
-9
65
143
145
85
6
-45
-92
-179
-271
-314
-304
-252
-177
-115
-64
-27
22
63
33
-20
-2
74
141
168
211
296
350
340
290
208
104
34
-2
-70
-122
-79
23
57
27
39
96
74
-36
-114
-142
-161
-186
-168
-131
-82
-13
63
76
25
-4
12
-4
-73
-105
-86
-66
-78
-91
-84
-65
-62
-72
-104
-124
-85
-17
0
-44
-37
49
133
131
104
104
130
158
153
118
77
82
144
199
188
150
136
141
123
60
-17
-88
-123
-101
-83
-125
-182
-145
-65
-59
-124
-157
-103
-37
-20
-59
-71
-13
65
63
-28
-110
-96
-32
-21
-80
-102
-28
59
75
20
-38
-29
27
33
-51
-116
-67
21
57
36
42
99
154
165
144
96
58
64
94
93
64
64
94
98
40
-16
-49
-66
-74
-58
-48
-46
-30
-16
-18
-51
-98
-117
-101
-74
-33
16
56
68
49
23
-3
-38
-96
-135
-102
-45
-2
29
61
109
135
102
39
8
20
11
-31
-34
10
64
70
39
42
68
49
-24
-96
-101
-70
-73
-111
-116
-55
1
6
-35
-66
-31
22
34
-28
-70
-21
58
76
40
30
82
146
148
104
68
67
79
68
14
-42
-73
-51
-26
-40
-70
-68
-15
37
34
-9
-24
1
18
-11
-66
-98
-83
-65
-60
-68
-61
-31
-2
-8
-46
-76
-75
-34
-1
0
-21
-19
-2
12
-19
-68
-73
-32
6
-4
-14
8
57
83
70
52
87
132
139
123
107
110
114
96
68
47
31
30
22
16
14
8
1
-18
-18
-27
-50
-77
-81
-80
-95
-104
-83
-54
-57
-64
-47
-13
-8
-26
-32
-15
2
7
-7
-40
-70
-49
-24
-41
-90
-99
-44
7
8
-32
-15
73
152
160
144
177
250
261
178
92
49
34
4
-32
-53
-54
-15
54
82
52
17
15
4
-42
-113
-159
-147
-117
-90
-50
-9
14
26
6
-41
-82
-94
-101
-107
-77
-7
51
60
53
62
51
-13
-75
-87
-90
-120
-129
-85
-33
-11
12
30
26
44
78
64
22
36
119
160
109
73
97
118
82
33
10
4
19
36
18
-44
-78
-39
1
-35
-84
-71
-30
-30
-78
-99
-89
-88
-101
-92
-66
-17
42
96
133
134
145
156
127
52
-4
-35
-70
-111
-122
-92
-80
-92
-67
-9
9
-8
-1
53
86
64
40
72
104
90
70
47
12
-22
-26
-16
-17
-20
-5
18
11
-31
-60
-75
-93
-89
-40
8
21
24
42
48
10
-44
-78
-81
-75
-62
-44
-10
44
88
88
63
47
63
85
83
56
24
30
53
53
2
-41
-26
18
8
-44
-63
-41
-26
-52
-77
-75
-48
-24
0
19
32
55
92
103
65
32
33
22
-31
-89
-110
-100
-110
-126
-115
-99
-79
-39
-12
-23
-54
-33
28
36
10
48
143
184
138
113
148
169
122
39
7
31
63
52
19
4
27
55
31
-38
-66
-39
-39
-70
-87
-80
-56
-34
-43
-65
-60
-49
-48
-56
-66
-59
-34
-16
-8
-9
-7
7
3
-26
-39
-28
-16
-18
-23
-13
7
15
17
5
-6
13
44
47
19
19
53
68
40
28
75
139
137
98
65
60
76
43
-43
-102
-79
-28
-21
-75
-110
-62
13
24
-28
-68
-30
34
20
-57
-68
-4
34
0
-48
-57
-59
-45
-39
-45
-62
-52
-17
33
25
-38
-97
-95
-28
28
29
7
40
109
144
82
19
26
62
51
1
-20
5
39
32
-10
-53
-48
5
32
2
-13
64
162
152
75
38
62
70
10
-75
-130
-115
-77
-68
-104
-119
-54
32
35
-33
-46
-8
4
-31
-61
-59
-29
4
22
4
-25
-15
23
37
-13
-44
-1
62
77
58
63
105
143
145
117
90
74
51
28
-10
-72
-113
-97
-64
-58
-61
-19
58
89
67
27
14
20
-2
-44
-53
-18
19
32
38
52
59
32
-17
-58
-86
-94
-104
-123
-122
-91
-28
-5
-35
-46
-14
7
-28
-76
-74
-25
6
13
26
52
80
87
67
34
-6
-36
-24
-4
-12
-19
6
48
54
39
32
24
15
9
4
-6
-3
10
33
41
30
17
20
10
-9
-18
-11
7
23
22
8
-8
-16
-24
-53
-66
-57
-34
-27
-26
-15
-1
-1
-26
-34
-32
-49
-65
-43
7
36
47
61
86
96
90
66
33
17
15
10
-25
-63
-66
-38
-37
-56
-75
-65
-31
-14
-22
-33
-19
10
26
13
10
38
95
119
85
55
72
76
37
-4
-26
-26
-12
21
35
10
-15
-3
26
22
-7
-19
-23
-22
-13
-6
-18
-37
-27
0
7
-6
-12
-5
-10
-27
-27
-9
-6
-11
-22
-8
25
23
-6
-21
1
19
-10
-50
-52
-24
0
-5
-28
-37
1
38
36
0
-9
26
59
59
28
18
40
60
58
24
-21
-16
2
-26
-77
-92
-60
-17
-11
-25
-39
-19
13
10
-25
-45
-23
10
1
-41
-50
-25
4
-16
-36
-19
24
55
45
35
41
42
30
5
-20
-27
-21
-15
2
11
17
39
51
45
30
30
37
23
4
7
33
51
31
19
42
59
51
37
31
40
38
19
-10
-28
-31
-48
-76
-102
-107
-89
-72
-85
-91
-71
-45
-44
-50
-24
5
14
10
24
49
81
97
89
75
79
79
51
15
-28
-47
-36
-31
-38
-29
20
79
94
68
53
74
89
43
-7
-9
0
-15
-34
-46
-42
-33
-32
-33
-40
-27
-15
5
1
-2
3
0
-23
-45
-55
-64
-68
-83
-76
-72
-62
-56
-65
-63
-33
-4
12
13
24
59
73
52
23
20
18
4
-7
-15
-10
1
25
56
64
60
76
107
107
72
32
19
37
44
18
-5
12
35
30
-14
-53
-51
-33
-42
-79
-100
-87
-47
-25
-41
-73
-64
-29
-9
-20
-36
-14
9
7
-11
-21
-4
0
-4
-24
-38
-24
-14
-33
-56
-44
-24
7
23
27
31
46
59
76
74
58
54
65
68
59
48
41
47
52
55
55
67
80
61
25
5
-14
-35
-69
-102
-93
-58
-54
-64
-51
-39
-33
-37
-37
-41
-38
-28
-9
2
-12
-13
5
41
50
34
16
19
32
27
1
-10
7
31
35
20
19
26
29
16
-8
-23
-19
-9
-8
3
16
28
42
53
39
22
16
4
-12
-23
-26
-15
-12
0
8
8
-2
-18
-18
-27
-42
-53
-47
-37
-34
-37
-24
-13
-6
8
8
-15
-32
-27
-6
-4
-14
11
59
83
77
56
46
43
31
11
-26
-48
-25
2
-14
-43
-54
-25
-3
-23
-55
-61
-15
12
7
4
33
77
90
78
60
56
55
35
-13
-59
-90
-93
-80
-85
-86
-66
-26
16
43
49
35
40
50
40
14
5
8
8
16
13
0
-5
20
37
24
3
-4
9
28
40
27
16
8
3
-6
-27
-31
-30
-33
-52
-58
-25
-9
-23
-35
-21
0
3
-15
-22
-13
6
14
-4
-20
-5
-4
-25
-37
-32
-16
-28
-32
-16
-9
-29
-36
-4
26
36
33
33
46
48
33
15
6
3
11
12
2
-12
-11
5
11
1
-1
18
26
36
36
25
14
-14
-39
-46
-55
-64
-46
-25
-9
24
48
68
77
69
46
46
45
24
7
1
7
16
5
-15
-7
14
1
-39
-45
-24
-28
-50
-52
-23
9
21
13
-1
-1
8
3
-30
-58
-40
-2
3
-21
-26
0
32
32
25
34
69
74
46
38
50
45
9
-10
3
20
19
-13
-25
9
36
1
-39
-33
1
7
-28
-41
1
56
48
-8
-38
-17
9
1
-53
-101
-88
-18
17
-20
-61
-28
38
57
10
-32
-21
18
19
-31
-56
-42
-4
-4
-22
-18
-8
15
14
-15
-26
-13
-4
0
4
2
9
45
48
17
2
33
57
35
1
3
20
17
-4
-25
-13
1
-13
-45
-45
-33
-25
-31
-15
7
28
50
61
48
29
21
14
-1
-23
-41
-36
-13
-16
-29
-29
-1
16
17
18
21
24
29
33
22
8
10
25
36
25
25
20
21
1
-8
-7
-32
-51
-29
0
-20
-19
10
24
-10
-34
-30
-7
-6
-25
-26
-9
13
15
8
-5
-3
13
0
-42
-49
-26
-15
-25
-44
-36
-8
7