-1
0
1
3
3
1
1
2
5
2
1
0
-2
-1
-1
-1
-2
0
1
0
3
3
0
-1
-1
-1
-1
-2
-4
-3
0
0
0
0
1
1
1
-1
-1
-1
-2
-3
-4
-3
-2
-3
-5
-4
-2
-2
-3
-3
-3
0
1
-1
-2
-1
-1
0
0
1
1
0
1
-1
1
1
0
-2
-3
-2
1
0
-1
0
-1
0
1
-2
-3
-4
-5
-4
-1
0
-1
0
0
1
2
2
1
3
4
3
2
2
2
1
-1
-2
-1
-3
-2
1
1
0
3
2
1
3
2
-2
1
2
2
1
0
0
-1
1
-3
-4
-2
-4
-1
0
-1
-1
3
1
3
3
1
0
2
1
0
1
-1
-1
-2
-3
-1
0
-1
0
1
3
2
3
2
0
1
0
-4
-3
-4
-5
-4
-5
-2
-3
-2
0
1
2
-1
0
2
-1
0
-1
0
2
1
1
2
3
0
1
1
-1
1
1
-3
-2
1
2
3
2
2
2
4
3
4
6
0
-1
3
5
3
-1
-2
-4
-5
-4
-5
-8
-4
-1
0
4
0
1
1
2
0
-1
0
0
1
0
2
2
3
2
-3
-4
-6
-5
-3
-1
-2
1
5
3
3
9
8
-2
5
13
5
0
5
4
0
2
3
-4
-5
2
5
-2
-4
3
1
5
8
7
6
13
6
-2
0
5
0
-6
-9
-8
-1
-1
-7
-6
2
3
5
8
1
-2
1
4
-1
-5
-7
-8
-2
2
-4
-9
-8
-5
-1
-10
-19
-3
9
-3
-9
1
9
14
13
4
-1
9
14
3
-8
1
6
3
-7
-11
-7
-3
-4
-7
-9
-2
12
7
-1
5
13
7
0
2
-1
-4
-3
-9
-17
-17
-6
-1
-5
-10
-6
5
8
5
9
6
2
2
1
-3
-7
-10
-4
2
2
0
2
2
-3
-2
-7
-14
-3
5
-3
-1
9
12
10
11
8
-4
-3
5
3
-3
-8
2
6
-1
1
-4
-8
-2
-3
-15
-10
-1
-8
-6
-2
-9
-7
3
8
4
2
9
15
17
10
4
1
0
-7
-3
5
1
3
9
4
5
15
14
9
9
11
6
12
16
9
3
2
5
6
-3
-11
-19
-18
-23
-25
-23
-36
-40
-29
-21
-39
-27
-7
-3
8
12
-1
-10
-4
-19
-33
-17
-10
-11
17
30
5
-2
-11
-40
-46
-14
-23
-49
-30
-17
-22
-28
-31
-24
19
43
40
21
4
16
60
69
51
66
82
113
142
122
61
11
-10
-58
-103
-109
-91
-57
-8
46
108
151
182
213
175
83
15
-1
2
-51
-87
-72
-20
5
29
9
8
54
59
-5
-91
-82
-33
-15
-38
-24
-17
-10
-20
-72
-171
-243
-254
-243
-269
-300
-328
-321
-268
-214
-199
-225
-197
-93
-18
5
4
2
11
0
17
51
62
53
108
185
248
220
174
208
304
382
406
418
413
374
279
189
65
-2
-67
-104
-143
-153
-98
-31
20
14
-10
-14
15
9
-30
-173
-284
-376
-395
-416
-446
-443
-363
-259
-208
-125
-20
114
169
196
191
158
37
-77
-112
-128
-110
-61
21
124
263
360
375
361
356
345
286
193
96
12
6
21
93
178
258
424
598
657
570
439
296
191
74
-28
-16
82
271
381
346
326
261
195
29
-115
-201
-360
-492
-516
-521
-569
-524
-420
-301
-251
-298
-361
-473
-560
-613
-580
-495
-328
-107
49
132
153
183
184
74
-67
-165
-204
-229
-189
-45
48
114
227
353
371
290
151
-18
-143
-233
-201
-91
26
131
182
230
178
118
71
50
64
33
-32
-71
-125
-299
-450
-485
-428
-345
-333
-319
-222
-177
-136
-29
36
-13
-88
-107
-190
-269
-300
-283
-231
-86
156
307
365
437
460
480
426
279
169
89
21
-35
9
123
253
343
360
369
312
231
156
118
112
123
267
508
606
581
549
509
421
318
182
47
26
106
210
226
124
153
210
153
-25
-207
-357
-376
-242
-332
-550
-634
-446
-152
23
40
-64
-173
-107
-62
-76
-171
-154
-28
47
-10
-27
-140
-23
67
206
212
249
147
-588
-1746
-6972
-12809
-13046
-8081
-3140
1416
7373
12198
16029
18834
16127
7906
971
-1932
-3779
-6636
-8928
-12051
-17252
-19917
-15728
-8032
-2045
4452
11849
17882
23526
27613
26236
18575
10504
3207
-4891
-12806
-18329
-20276
-20391
-19537
-16663
-12573
-8437
-4590
-1373
1111
5800
13406
18696
20706
21643
21275
17741
11378
2858
-6343
-13065
-16871
-19350
-20211
-18784
-15756
-12111
-8557
-5144
-1704
2767
8046
13229
16917
18746
19781
19046
15542
5870
-5637
-12433
-14735
-17827
-21803
-22434
-19933
-14544
-8401
-5976
-5280
-312
8526
16171
20488
23363
25381
27489
25463
19191
12296
7055
3675
1775
-1861
-14858
-29232
-31952
-26707
-26302
-28269
-21892
-9189
5747
21018
27426
22515
20137
26079
26596
16224
6765
3700
3708
2633
-2585
-12672
-20867
-21953
-21661
-25305
-27951
-22688
-10655
1577
10621
15980
19269
22718
24887
21419
13588
7525
5932
4864
2354
-3507
-11277
-17852
-24037
-28608
-30516
-27875
-21754
-11597
465
10575
18507
23171
23154
20878
18680
16494
13871
11871
10411
9652
9125
7047
3794
293
-6199
-12692
-17093
-24857
-32101
-29008
-18070
-12411
-7337
4594
15504
20747
24801
24468
16344
10928
13723
12654
4865
113
854
73
-4721
-11298
-19299
-24706
-23686
-20011
-18444
-14656
-3649
9120
16426
19074
19279
17460
15314
13524
9181
3022
621
2019
505
-6299
-15242
-21564
-24100
-23001
-22555
-23831
-19378
-5972
8752
16097
17774
19069
22132
24787
23063
15300
7962
6224
8305
6942
1525
-3177
-2700
227
-803
-7666
-21229
-31747
-29471
-18970
-15430
-16087
-6841
10155
23596
29505
26573
16712
11123
14441
13697
3075
-4266
-1287
3708
2137
-4412
-13691
-21370
-22424
-19767
-20833
-22146
-13595
2354
14067
18987
20690
20234
18299
16233
10951
762
-6091
-7868
-8902
-11030
-12414
-14160
-16108
-14637
-12761
-12389
-9524
-2046
5794
11565
16550
20146
21236
21332
18897
13719
7805
5633
6274
5996
5130
3991
4063
-2386
-17864
-30859
-31001
-25357
-25164
-22254
-10218
4839
17735
27049
26242
16869
13158
17507
14796
4648
210
5356
8370
4937
-1678
-10476
-19318
-23404
-24596
-28200
-28794
-18103
-2630
7736
14494
19587
19756
16460
13306
7501
-1076
-4762
-2060
1420
2221
1507
-760
-3321
-5654
-9658
-15274
-17202
-12068
-3198
4095
9370
14865
19421
20597
17789
13720
10216
10380
11568
12328
8587
-2582
-15455
-21005
-21073
-26280
-32363
-28918
-17018
-4290
7384
14370
14175
14533
21215
23152
15019
6966
8071
11139
9616
5394
-199
-7050
-11849
-14234
-20108
-28523
-29003
-21534
-15003
-10532
-3339
4826
10487
14981
16954
14501
11667
11891
12055
9199
5082
1965
-115
-1825
-5292
-10192
-13498
-11945
-7594
-4113
-2672
-478
3875
8928
11986
12386
11742
10780
10642
11787
10737
4314
-4044
-7948
-8561
-11245
-15285
-17321
-16195
-12422
-6330
-2095
-1380
575
6927
12341
12674
11401
11901
12083
10895
8785
4684
-1241
-5212
-6507
-9344
-14339
-17157
-17869
-18013
-16577
-12660
-8512
-4033
1931
7428
10608
12289
13149
12621
11145
9204
6482
3843
1686
-131
-2599
-4888
-5223
-3176
-900
-606
-674
758
3322
5816
6943
7586
9050
13156
16999
10231
-4346
-13545
-11493
-11114
-17887
-21839
-16458
-6265
3379
8212
5248
641
3729
9374
7507
1344
1641
8291
12792
13094
10010
4320
-1339
-4456
-8959
-16921
-22109
-18925
-14430
-12475
-9611
-4027
89
2163
4233
4655
3732
4663
7576
8823
7818
6778
6285
5290
2742
-1600
-5368
-7416
-6444
-3652
91
2987
5409
7744
9423
9629
8529
6661
5445
5693
8696
10803
3577
-9170
-15109
-11023
-11332
-19042
-22727
-16638
-6734
2750
8130
6161
3808
10001
16901
13302
4313
2367
6759
9561
8682
4388
-1326
-4368
-4211
-8100
-17304
-22678
-18980
-14659
-13201
-9566
-2708
2527
5674
7943
7180
4959
5145
6895
6529
5102
4810
5020
4293
1848
-2809
-6770
-7806
-5867
-2983
98
3236
6597
9394
10523
9916
8496
6835
6068
6965
9037
10794
6084
-5363
-14932
-15136
-13565
-18740
-23944
-20310
-9814
856
7647
8109
5857
8659
14621
14452
8089
4574
7535
11049
11348
7770
1746
-3721
-6261
-9581
-16809
-22838
-21324
-16001
-13787
-11399
-5023
1584
4295
5353
6502
6912
7747
9559
9950
8395
7530
7464
5692
874
-5404
-9749
-10302
-9473
-8425
-5174
698
6329
9654
10870
10466
9099
8237
7809
7006
6581
8769
12401
8675
-4297
-15453
-16326
-15100
-20185
-24883
-21291
-10912
389
8034
8477
6101
8493
13915
13577
7841
4780
7530
11004
11508
8155
2548
-2428
-5377
-9750
-17070
-22190
-20787
-15957
-13176
-10779
-5219
1499
5413
5912
5451
5764
7693
9907
10229
8541
7767
8207
7165
2493
-3975
-8744
-10075
-9783
-9237
-7088
-2795
2479
6901
9214
9423
9161
9582
9377
8080
7678
8996
10705
7932
-1880
-12563
-16069
-14801
-17532
-22179
-20863
-12439
-2813
4372
6836
6153
7246
11825
13879
10567
6844
7648
10008
10221
7617
3387
-1009
-4213
-7571
-12985
-17711
-18253
-15877
-14631
-13537
-9297
-3056
1582
3895
4860
5737
7950
11207
12254
9766
7585
8362
8711
4795
-2051
-7196
-8329
-7469
-7777
-8423
-6781
-1972
3554
5938
5047
5041
7971
10997
10521
8807
8907
11308
12686
6769
-5343
-14556
-14961
-13937
-17733
-22109
-19482
-10812
-1367
3998
4480
4163
8076
13195
13555
9145
6791
8600
10882
10420
7502
3614
433
-1924
-5907
-12361
-18168
-20311
-19034
-16918
-14525
-10876
-5131
1310
5875
7677
8275
9528
11355
11959
10246
8085
7356
6960
4292
-272
-4227
-6475
-7911
-9593
-9790
-7543
-3733
-89
2644
5337
8028
10113
10652
10021
9756
10187
11238
10784
4302
-5542
-11856
-11891
-13697
-19366
-22885
-18904
-10460
-1906
3183
4616
6450
11694
15320
12778
7209
5279
6792
8144
8082
7134
5787
3963
1165
-4295
-11992
-18695
-21713
-21367
-19365
-15777
-10013
-2440
4362
7794
7832
7187
7661
8292
7644
6384
6359
7901
9122
7382
2500
-2655
-5864
-7956
-10182
-11456
-9789
-5405
-96
4139
6575
8337
9773
10642
9721
8067
7831
10072
11344
6032
-3281
-9453
-10215
-12575
-18517
-22618
-19694
-11486
-2004
4160
5991
7322
11629
14674
12089
6242
3526
4690
6992
8162
7506
5680
3688
1024
-4539
-11905
-17684
-20003
-19827
-17628
-12828
-7613
-2692
2037
5499
6223
5827
6110
6426
6593
7363
8003
7648
7063
5875
2514
-1736
-5087
-7356
-9163
-9358
-7192
-4411
-1171
2321
6031
8085
8688
8998
8904
8319
7947
9005
9424
4925
-2929
-8235
-8890
-10631
-15588
-18696
-15933
-9031
-1900
2778
4045
4970
8408
11320
9815
5894
4645
6482
8511
8579
6772
4232
1954
-1165
-6417
-12054
-15322
-16111
-15637
-14135
-10830
-6680
-3208
-86
2395
3405
3694
4647
5948
6579
6847
7286
7254
6904
5801
3159
-211
-2877
-5039
-7027
-8287
-7786
-5796
-2653
672
3759
6086
7674
8666
8936
7738
5952
6001
8312
8123
2082
-4781
-6529
-5553
-8715
-14399
-16611
-13270
-7216
-1051
2195
2689
4539
9357
11935
9287
4896
3713
5246
6679
6125
4164
2323
1043
-1409
-5693
-10231
-13533
-15395
-14966
-12475
-9899
-7433
-3798
718
3133
3714
4194
5156
5905
6640
6967
6687
6556
6799
5754
2720
-1120
-4161
-6455
-8307
-9344
-8195
-4818
-509
2954
5169
6782
7961
8118
6632
4780
4790
7252
10187
8770
2706
-2285
-2815
-3661
-9815
-16621
-17736
-12915
-6278
-985
1177
2746
6879
11375
10611
5364
1469
1890
3740
4681
4249
3787
3969
3940
769
-5325
-11219
-14098
-15123
-14647
-12369
-9291
-5891
-1430
3224
4867
3814
3201
4050
5090
5828
5908
5539
6021
7146
6037
1727
-2952
-5457
-6707
-8147
-8952
-7204
-3010
1580
4696
5831
5686
5882
6393
5465
3565
4186
8477
12285
10239
3905
-769
-2147
-4929
-11690
-17459
-17527
-12266
-5323
-122
1744
3329
6854
9524
7301
2496
-178
624
2467
3968
4431
4334
4351
3900
899
-4583
-9701
-12593
-13552
-13055
-10528
-7534
-4757
-1169
2839
4879
4171
3269
3713
4730
5172
4917
4513
4841
5534
4712
1399
-2622
-5376
-6551
-7547
-7969
-6526
-2668
1488
4720
5851
6308
6654
7024
6158
5018
5731
8949
11539
8688
2179
-2297
-2855
-5623
-12108
-17073
-15796
-10784
-4877
-1198
137
1446
5552
8272
6309
1868
519
1923
3554
4067
3879
3858
4412
4120
716
-4512
-8434
-10592
-12167
-12237
-9855
-6128
-2540
773
3289
4264
3937
3323
2532
1785
1777
2868
4256
4891
4763
3747
1731
-1195
-4053
-6510
-7874
-7684
-5363
-2075
1146
3861
6038
7540
7559
7080
6212
5737
6219
8112
9406
6702
1490
-1926
-2870
-5734
-11310
-15212
-14382
-10402
-5781
-2415
-683
1390
4833
6592
4848
1827
794
1552
2837
4163
4922
5244
5428
4672
1317
-3432
-7464
-10277
-11919
-11328
-8373
-5176
-2087
1148
3239
3374
2430
1593
678
-96
78
1306
3129
4722
5413
4707
2687
-22
-2574
-4858
-7033
-7748
-5597
-1374
2163
4223
5530
7026
7745
7059
5083
3827
4738
7281
9572
7586
2059
-2177
-2635
-4361
-10666
-16308
-15830
-10954
-5850
-2315
-599
896
4037
6958
5839
1940
-91
1656
4122
5396
5333
5253
5706
5591
2566
-2632
-7178
-9470
-10477
-10344
-9008
-6973
-3997
346
3552
3090
1228
1021
1466
690
-466
-458
1046
3535
5472
4962
2549
492
-701
-2262
-4762
-6508
-5457
-1663
2092
3524
4188
5579
7232
7167
5590
4165
4431
6045
8168
7712
2924
-2335
-4248
-5142
-9649
-15160
-16290
-12707
-7626
-2739
118
1363
3580
6990
7421
4236
1349
1661
3363
5044
6031
6145
5912
5809
4050
-587
-6103
-9733
-11320
-11796
-10874
-8510
-5087
-963
2819
4433
3322
1795
1136
830
72
-778
-732
1387
4716
5924
3607
750
-130
-705
-2877
-5436
-6101
-3921
184
3459
4461
4495
5980
7918
7843
5278
3299
4053
6116
7247
4472
-1179
-5401
-6008
-6886
-11125
-14999
-14144
-9458
-4120
-317
1071
1955
4441
6872
6323
3892
2537
3475
5338
7048
6943
5560
4402
3487
565
-4335
-8551
-10563
-11310
-10856
-8897
-5969
-3018
71
2792
4013
3343
1215
-647
-721
80
215
477
2377
4881
5809
4726
2302
-438
-2198
-3057
-4014
-4769
-3759
-328
3399
5134
4957
5379
6529
6832
4896
3039
2914
4531
5426
2466
-2730
-5589
-5186
-6212
-10025
-12856
-11606
-7809
-3254
-245
517
1426
4661
7154
6438
4173
3567
4152
5040
5424
4946
3834
3088
1905
-1054
-4658
-7242
-9100
-10366
-9869
-7477
-5030
-3134
-924
1380
2771
2652
1702
937
942
1477
2076
2545
2934
3219
3461
3053
1214
-1226
-2632
-2830
-2963
-3259
-2531
-203
2575
4236
4580
4899
5599
5839
4877
3853
3430
4140
5244
3383
-1510
-5213
-5453
-6170
-9745
-12736
-12036
-8520
-3851
-93
1068
1690
4398
7201
7005
4793
3466
3714
4847
5894
5194
3318
2159
1505
-895
-4724
-8017
-10005
-10785
-9690
-7557
-5878
-4071
-737
2916
4603
4220
3393
3045
3006
2420
1111
182
775
2263
2824
1861
286
-827
-1359
-2336
-4085
-5151
-3959
-645
2388
3686
4358
5927
7635
7415
5532
4052
3961
4617
5467
3784
-988
-5018
-5600
-6217
-9958
-13529
-13117
-9587
-5121
-1213
672
2068
5176
8324
8324
6066
4301
3889
4112
4605
4090
2670
1802
1653
-140
-3883
-7623
-9976
-11032
-10562
-8809
-6524
-3645
241
3952
5953
6059
4868
3666
3376
2900
1163
-387
37
1548
2082
1046
-863
-2464
-2979
-3283
-4518
-5551
-4353
-855
2931
5115
5785
6312
7244
7310
5797
3609
2572
2967
4534
5701
3275
-2330
-6296
-6874
-8367
-12824
-15794
-13841
-8437
-2074
2898
4716
5521
8071
10191
8224
3648
913
1463
3438
4838
4388
3200
2608
1891
-1289
-6427
-10872
-12842
-12290
-9949
-6919
-3673
274
4550
7298
7515
6116
4341
2961
2059
982
-393
-856
277
1390
878
-892
-2466
-3305
-3758
-4320
-4667
-3920
-1437
2073
5108
6056
5510
5401
5959
5316
3355
1975
2613
4206
5339
4945
1395
-3916
-7372
-8600
-10900
-13998
-13942
-9505
-3655
1564
5049
6180
6553
7395
6832
4077
1590
1411
2639
4038
4997
4752
3309
1505
-993
-4918
-8968
-11343
-11482
-9832
-6818
-3124
359
3392
5488
6105
5447
4035
2534
1536
1372
1254
839
676
911
871
-182
-2102
-4035
-4872
-4401
-3750
-3250
-1869
814
3529
5331
5704
5049
4393
4114
3539
2284
1414
1968
3337
4350
4489
1815
-3154
-6888
-7648
-8439
-10797
-11703
-8779
-3806
991
4105
4615
4317
5385
6479
5261
2872
1653
2152
3163
3732
2617
612
-624
-1311
-3425
-6304
-7878
-7783
-6844
-4976
-2528
-441
1264
3127
4469
4662
4126
3530
3233
3133
2571
1271
125
-418
-992
-2293
-4074
-5148
-5036
-4046
-3221
-2369
-966
1106
3237
4922
5416
4500
3584
3478
3154
2057
1447
1963
2998
4060
5218
3803
-1082
-5546
-6529
-7018
-9797
-12018
-10383
-5837
-916
2986
4459
4587
5717
7246
6230
2999
453
331
1378
2092
1605
678
451
564
-712
-3305
-5628
-6700
-6619
-5426
-3567
-1651
212
2451
4491
5458
5193
4356
3535
2874
1851
286
-1366
-2508
-3048
-3404
-4074
-4751
-4602
-3450
-2065
-961
105
1390
2931
4310
4967
4483
3519
2800
2330
1989
1985
2237
2950
3962
5035
4862
1589
-3529
-6846
-7678
-8914
-11011
-11161
-7759
-2709
2113
4770
4772
4595
5718
5682
2916
-351
-1472
-452
1493
2986
3073
2658
2958
2752
213
-3609
-6573
-7726
-7100
-5174
-2938
-776
1873
4643
5985
5368
3629
1857
840
539
-197
-1929
-3041
-2553
-1866
-2388
-3510
-4066
-3438
-1892
-553
-49
457
2035
4053
4997
4307
2825
1997
2157
2073
1368
1218
2230
4011
5357
5771
4014
-627
-5220
-7009
-7816
-10183
-11877
-9850
-4997
-149
3327
4270
3580
3882
4769
3364
278
-1101
425
2939
4871
5540
5251
4643
3670
1032
-3092
-6690
-8409
-8105
-6260
-3781
-1553
575
2896
4297
3724
1986
643
96
56
26
-211
-441
-408
-157
-353
-1543
-2952
-3324
-2624
-2031
-1798
-1033
487
1951
3016
3655
3637
3087
2572
2258
1956
1901
2287
3074
4048
4544
4550
2859
-1268
-5545
-7404
-8096
-9660
-10628
-8787
-4675
-339
2729
3364
2967
3825
4766
3534
1523
1265
2744
4393
5621
5689
4590
3262
1869
-838
-4517
-7164
-7780
-6958
-5382
-3552
-1644
450
2386
3033
2358
1370
737
536
703
650
290
254
675
609
-454
-1970
-3204
-3652
-3502
-3072
-2479
-1171
779
2835
4222
4522
3924
3194
2615
1851
1113
1086
1689
2586
3608
4447
4520
2180
-2058
-5469
-6737
-7975
-9820
-10244
-7823
-3875
116
2843
3476
3583
4696
5340
4112
2333
1813
2706
4064
4898
4364
3139
2217
1060
-1399
-4364
-6494
-7259
-6760
-5238
-3473
-1778
52
1657
2434
2392
1776
939
643
1167
1319
706
348
521
136
-1108
-2402
-3342
-3831
-3597
-2658
-1381
126
1819
3362
4271
4307
3521
2433
1412
621
193
614
1624
2910
4169
5120
5159
2730
-1744
-5456
-6986
-8386
-10265
-10540
-7804
-3516
616
3297
4074
4365
5264
5385
3807
1948
1498
2565
4082
4969
4610
3653
2556
716
-2326
-5446
-7590
-8358
-7580
-5509
-3159
-1087
780
2177
2504
1953
1109
439
393
1209
2201
2410
2020
1687
910
-767
-2823
-4469
-5078
-4498
-2971
-1171
537
2217
3674
4405
4022
2539
873
1
54
442
1126
2371
4093
5578
6038
5355
2427
-2480
-6501
-7975
-8944
-10301
-10076
-7159
-2890
1264
4059
4452
4008
4717
5403
4328
2508
1944
3086
4664
5129
4030
2461
1100
-680
-3453
-6173
-7821
-8074
-6841
-4702
-2689
-1119
467
1830
2240
1781
1311
1323
1835
2713
3384
3219
2352
1249
-260
-2290
-4323
-5576
-5524
-4245
-2335
-408
1227
2543
3438
3618
2776
1306
231
207
702
1197
2066
3468
4774
5539
5387
4254
1543
-2606
-6205
-7841
-8593
-9256
-8657
-6045
-2284
1541
4214
4691
4114
4437
4830
3706
2008
1503
2533
3914
4286
3186
1587
263
-1288
-3776
-6343
-7614
-7253
-5742
-3858
-2207
-642
939
2150
2425
1996
1561
1729
2409
2929
2757
1948
1214
494
-858
-2732
-4207
-4745
-4158
-2785
-1403
-297
824
2014
2798
2637
1694
661
640
1431
1814
1763
2481
3985
5037
4824
3658
2322
383
-2594
-5392
-6740
-7172
-7194
-6237
-4190
-1912
463
2544
3334
3049
3213
3692
3428
2489
2160
2696
3044
2528
1511
491
-652
-2101
-3656
-4891
-5553
-5404
-4448
-3133
-1915
-767
487
1645
2250
2450
2581
2723
2807
2562
1855
861
-109
-968
-1951
-2940
-3380
-3077
-2406
-1723
-1097
-413
375
989
1301
1416
1532
1746
2019
2393
2746
2966
3297
3587
3556
3296
2970
2084
-21
-2689
-4511
-5331
-5991
-6547
-6338
-4858
-2251
444
1955
2287
2724
3635
3935
3071
1848
1407
1795
2166
1836
1083
374
-396
-1494
-2863
-4214
-5028
-4816
-3780
-2620
-1537
-178
1338
2413
2804
2714
2268
1772
1454
1002
213
-490
-782
-943
-1344
-1930
-2355
-2430
-2182
-1836
-1539
-1033
-37
1177
2178
2738
2880
2882
2867
2857
2703
2346
2128
2420
2988
3277
2702
937
-1322
-3089
-4316
-5647
-6785
-6789
-5262
-2714
-196
1294
1964
2748
3478
3226
2157
1184
930
1325
1834
1827
1352
812
271
-696
-2215
-3755
-4440
-4012
-3108
-2115
-896
425
1455
2135
2418
1991
1146
559
442
328
-30
-348
-350
-390
-828
-1559
-2294
-2738
-2765
-2324
-1631
-852
297
1917
3351
3854
3510
3069
2794
2328
1730
1457
1608
2082
2799
3377
2876
981
-1222
-2995
-4557
-5975
-6737
-6434
-4920
-2407
165
1642
2122
2468
2734
2354
1366
520
488
1155
1788
1945
1634
1084
342
-703
-2047
-3336
-3940
-3467
-2280
-1115
-166
751
1680
2182
1858
976
197
-290
-410
-341
-308
-299
-264
-289
-587
-1331
-2294
-2763
-2475
-1763
-979
-3
1419
3014
4091
4067
3337
2765
2317
1586
940
837
1337
2167
2906
2872
1578
-318
-1923
-3391
-5001
-6164
-6150
-4867
-2886
-806
812
1685
1997
2085
1862
1139
258
103
816
1570
1855
1833
1711
1183
136
-1182
-2383
-3089
-3039
-2372
-1480
-553
480
1397
1701
1302
562
-171
-741
-1029
-976
-728
-403
75
454
367
-242
-1163
-1953
-2281
-2110
-1611
-679
782
2455
3729
4272
4152
3447
2427
1476
758
280
292
965
1915
2483
2157
903
-739
-2257
-3681
-4818
-5432
-5211
-3872
-1759
31
978
1571
2082
2056
1375
475
-146
-84
508
1081
1339
1411
1398
1068
185
-1081
-2158
-2574
-2348
-1839
-1113
-189
626
1102
1070
528
-295
-1024
-1362
-1362
-1076
-496
219
786
981
678
-11
-876
-1669
-2114
-1919
-1079
206
1800
3421
4374
4384
3937
3228
2010
559
-375
-515
-48
716
1522
1792
1137
25
-1269
-2860
-4356
-5097
-4936
-3910
-2114
-161
1354
2411
2832
2378
1495
644
-202
-844
-878
-273
565
1260
1496
1182
533
-305
-1246
-2132
-2616
-2434
-1644
-597
299
712
778
680
227
-524
-1145
-1408
-1198
-546
221
695
855
815
544
-98
-963
-1601
-1655
-1019
188
1545
2632
3468
4096
4097
3258
1994
860
-31
-459
-286
140
628
916
684
12
-1113
-2539
-3673
-4275
-4234
-3419
-1776
68
1440
2354
2890
2700
1798
584
-421
-926
-987
-605
71
723
1151
1160
627
-358
-1438
-2292
-2717
-2609
-1957
-997
-68
700
1118
946
326
-400
-1105
-1427
-1224
-709
-51
725
1415
1534
1029
327
-298
-867
-1229
-1021
-130
1016
1991
2745
3251
3352
2943
2129
1159
381
34
109
381
423
47
-344
-723
-1493
-2547
-3420
-3672
-3108
-1927
-665
328
1341
2267
2486
1982
1168
253
-308
-401
-296
-234
16
457
699
344
-469
-1376
-2016
-2402
-2613
-2448
-1691
-616
343
926
1087
967
674
155
-378
-630
-519
-205
282
791
946
749
523
120
-515
-856
-585
-30
504
928
1426
1882
2102
2061
1770
1406
1162
1032
1101
1257
1216
745
-116
-1008
-1819
-2579
-3063
-3287
-3074
-2127
-655
528
966
1065
1265
1340
1003
452
72
140
579
978
1040
682
207
-276
-904
-1750
-2447
-2625
-2320
-1873
-1297
-640
-213
-34
90
165
161
132
198
547
1003
1258
1142
758
358
28
-379
-873
-1177
-861
25
851
1235
1388
1574
1800
1685
1021
342
324
935
1488
1609
1668
1824
1754
921
-702
-2385
-3357
-3514
-3313
-3051
-2313
-821
783
1629
1633
1195
787
597
428
136
81
570
1280
1597
1339
651
-255
-1157
-2010
-2819
-3260
-2966
-2084
-1069
-267
175
311
286
107
-265
-532
-364
245
959
1492
1713
1552
988
199
-687
-1448
-1757
-1345
-419
582
1454
2149
2516
2354
1698
911
267
21
182
653
1330
2008
2310
2029
929
-587
-1914
-2937
-3697
-4057
-3576
-2299
-827
319
1062
1401
1449
1238
753
104
-174
193
844
1221
1319
1264
1150
610
-425
-1650
-2535
-2806
-2652
-2268
-1771
-1093
-222
319
220
-213
-560
-506
-261
-20
424
1150
1912
2289
1983
1151
189
-522
-869
-1186
-1325
-795
349
1543
2281
2364
2048
1692
1378
913
224
-336
-517
-60
657
753
202
-356
-701
-942
-1315
-1910
-2280
-1908
-933
-107
71
-33
117
434
394
-8
-369
-357
168
912
1274
1149
893
847
665
19
-947
-1782
-2099
-1931
-1675
-1519
-1262
-717
-50
265
64
-345
-549
-405
-150
18
239
806
1581
2124
2133
1721
1025
271
-257
-644
-881
-627
138
1140
1996
2413
2438
2081
1542
958
228
-602
-1169
-1159
-772
-615
-778
-1022
-1109
-1054
-1139
-1443
-1572
-1234
-584
15
315
380
482
599
486
135
-184
-203
47
335
494
525
475
241
-244
-785
-1327
-1706
-1684
-1422
-1125
-751
-248
214
410
333
148
-133
-343
-364
-247
1
476
1080
1494
1562
1468
1303
977
469
-12
-166
68
549
1092
1569
1977
2230
2188
1705
698
-490
-1233
-1544
-1831
-2049
-1836
-1202
-542
-283
-449
-648
-637
-548
-580
-559
-415
-66
362
550
325
-40
-155
-33
-85
-321
-316
-48
165
110
-119
-299
-400
-468
-483
-519
-551
-460
-233
-25
2
-94
-64
81
151
50
-58
-45
-19
-148
-191
53
517
972
1330
1571
1715
1700
1522
1196
815
541
523
710
859
704
418
146
-197
-710
-1190
-1513
-1683
-1543
-1132
-690
-431
-263
-159
-159
-252
-359
-439
-472
-378
-152
53
94
2
-125
-311
-546
-686
-687
-497
-166
177
443
585
598
536
269
-63
-281
-359
-342
-234
-51
151
315
424
392
24
-433
-695
-704
-614
-470
-162
384
1061
1619
1868
1891
1824
1665
1383
1018
573
223
6
-117
-229
-350
-413
-375
-332
-410
-624
-806
-936
-1062
-1157
-1148
-1045
-769
-486
-346
-297
-224
-144
-125
-203
-289
-291
-195
-164
-264
-335
-216
79
283
223
103
219
448
470
254
123
274
518
685
684
540
326
119
-77
-336
-550
-527
-344
-198
-28
195
368
321
225
301
526
656
726
887
1164
1277
1013
584
262
93
-58
-272
-498
-482
-214
81
-12
-414
-686
-775
-937
-1314
-1680
-1710
-1335
-813
-401
-255
-180
12
194
130
-127
-286
-104
198
391
422
341
278
268
149
-87
-273
-191
173
585
821
893
904
942
829
526
238
78
0
-11
43
20
-29
-35
65
100
-21
-197
-295
-330
-327
-404
-420
-259
17
427
799
1018
1024
909
755
511
49
-378
-708
-763
-638
-521
-592
-736
-835
-880
-1061
-1325
-1494
-1351
-872
-376
-4
245
448
610
658
559
379
188
211
377
443
346
250
277
275
144
-73
-196
-64
294
645
820
958
1142
1262
1084
680
261
22
-45
-10
0
-2
-15
-83
-316
-730
-1207
-1556
-1609
-1359
-912
-406
159
665
1061
1231
1181
887
513
188
45
-8
-100
-291
-435
-547
-723
-990
-1246
-1378
-1375
-1181
-825
-445
-200
4
198
354
333
214
183
291
504
726
924
1083
1110
973
676
250
-154
-354
-333
-164
43
360
761
1001
953
756
562
377
182
68
-15
-74
-20
12
-174
-478
-688
-775
-870
-997
-1046
-918
-628
-375
-251
-147
-3
219
446
569
549
512
561
645
522
183
-170
-397
-504
-695
-994
-1162
-1092
-867
-651
-523
-399
-250
-62
86
160
144
215
429
712
862
864
848
912
957
873
642
404
210
90
56
44
17
-1
66
206
305
267
182
91
66
31
-34
-141
-195
-192
-165
-252
-344
-349
-336
-382
-518
-622
-683
-686
-639
-550
-481
-290
33
335
497
574
563
478
346
241
111
-53
-171
-206
-247
-329
-457
-585
-625
-614
-573
-491
-342
-137
70
215
300
337
409
597
783
820
712
709
845
918
723
418
174
57
-29
-197
-431
-551
-457
-208
-21
-4
-5
54
137
150
45
-125
-186
-170
-71
0
4
-5
12
-44
-187
-401
-595
-758
-793
-674
-501
-323
-58
262
504
587
590
546
368
158
16
-24
-65
-43
-33
-31
-84
-137
-271
-495
-735
-804
-711
-466
-138
223
571
892
1051
966
665
390
242
172
157
230
396
600
726
588
217
-271
-613
-814
-892
-903
-713
-290
227
513
437
232
59
-78
-308
-422
-329
-7
362
607
565
360
55
-264
-670
-1045
-1166
-940
-534
-146
126
298
403
344
137
-175
-350
-307
-30
368
717
875
879
748
403
-142
-716
-1091
-1197
-1009
-607
-92
408
775
964
911
638
231
-139
-360
-327
-103
225
595
899
1038
936
573
32
-478
-809
-955
-942
-774
-457
-99
191
286
166
-55
-190
-231
-224
-148
101
416
621
650
494
199
-134
-431
-659
-789
-729
-491
-202
7
52
-1
-79
-170
-273
-298
-144
171
514
782
919
887
676
301
-184
-591
-813
-821
-680
-424
-109
220
482
581
496
337
150
-45
-216
-264
-193
1
273
541
706
746
670
482
184
-149
-401
-514
-581
-571
-451
-288
-235
-233
-202
-170
-213
-218
-79
119
276
397
488
461
352
179
-9
-219
-368
-426
-400
-371
-286
-188
-141
-182
-254
-267
-229
-103
61
263
479
686
778
678
392
37
-257
-445
-509
-497
-394
-149
158
365
344
156
-45
-172
-233
-296
-333
-212
109
467
695
767
746
703
656
495
208
-121
-312
-370
-440
-558
-616
-584
-523
-483
-461
-411
-340
-179
45
245
366
498
612
612
466
254
51
-94
-165
-210
-265
-338
-347
-289
-288
-408
-512
-481
-337
-144
40
219
380
524
649
661
503
276
126
59
-39
-179
-297
-298
-210
-94
-45
-60
-64
-16
81
111
77
43
105
267
454
582
630
605
587
562
400
63
-326
-592
-702
-761
-806
-796
-710
-554
-377
-261
-185
-65
139
363
525
573
608
595
461
172
-130
-322
-360
-365
-385
-378
-323
-200
-144
-185
-356
-456
-390
-199
-84
6
157
419
643
720
591
386
236
161
67
-101
-243
-209
-40
88
132
101
92
83
58
45
46
62
123
261
422
530
578
582
534
392
199
-35
-330
-628
-833
-867
-842
-810
-755
-558
-298
-62
62
114
180
287
372
355
251
156
136
147
90
-30
-145
-171
-165
-218
-371
-513
-530
-454
-404
-386
-290
-108
101
233
273
241
276
365
468
495
512
530
567
520
346
82
-133
-236
-265
-231
-127
14
148
297
355
290
113
3
-27
31
117
243
368
451
431
276
-34
-399
-722
-919
-991
-920
-730
-454
-178
52
192
214
158
75
23
26
84
197
342
427
402
288
104
-175
-498
-748
-851
-848
-727
-511
-210
28
213
314
337
236
146
124
174
298
481
712
856
898
789
566
268
-19
-300
-455
-427
-276
-74
97
184
186
136
19
-155
-297
-293
-170
25
205
362
428
386
201
-67
-397
-671
-836
-789
-609
-386
-154
84
263
255
113
-78
-213
-271
-188
5
242
447
601
649
478
115
-288
-630
-869
-953
-849
-581
-244
83
329
415
355
209
74
-28
-11
144
396
674
926
1078
1066
830
454
46
-318
-594
-711
-633
-429
-165
82
235
224
86
-115
-306
-418
-433
-354
-183
57
285
406
370
213
15
-181
-352
-474
-494
-398
-220
-50
49
61
40
16
-58
-165
-197
-60
133
281
348
399
394
253
1
-287
-510
-602
-549
-394
-210
-26
182
353
386
260
121
39
17
49
171
366
563
724
802
770
558
255
-74
-313
-464
-526
-508
-382
-174
7
107
67
-52
-193
-283
-340
-372
-342
-219
-47
97
199
249
227
151
73
-6
-82
-158
-213
-242
-236
-220
-195
-161
-133
-98
-52
19
64
95
137
184
194
186
149
75
-10
-59
-65
-64
-78
-54
-14
25
47
67
64
24
22
99
213
304
401
467
490
459
384
233
53
-107
-210
-277
-273
-218
-167
-137
-128
-153
-204
-273
-344
-386
-362
-251
-136
-34
83
219
302
320
288
255
216
157
67
-69
-188
-250
-296
-340
-395
-384
-285
-182
-115
-74
4
92
150
149
149
148
160
164
158
121
88
60
13
-48
-120
-138
-132
-61
14
111
202
305
337
321
288
275
250
191
139
120
115
75
21
-70
-184
-283
-343
-387
-401
-400
-342
-228
-106
-44
-10
34
76
89
98
97
112
161
255
341
364
315
218
97
-51
-241
-447
-595
-616
-517
-379
-266
-178
-43
117
194
142
68
60
126
192
203
174
183
234
245
137
-28
-124
-131
-106
-95
-60
37
186
312
367
350
317
285
231
122
9
-55
-56
-46
-68
-119
-181
-231
-275
-332
-400
-444
-420
-305
-181
-103
-69
-5
99
187
209
192
235
353
463
482
441
390
304
140
-94
-321
-517
-636
-656
-589
-467
-314
-141
0
61
69
55
57
61
73
122
226
316
332
290
214
75
-92
-215
-260
-228
-124
44
232
388
468
480
412
269
93
-57
-155
-185
-177
-137
-79
-44
-85
-195
-316
-413
-497
-544
-498
-376
-212
-33
147
280
336
350
350
334
306
286
308
374
436
457
391
237
35
-178
-382
-581
-703
-692
-569
-408
-259
-117
4
62
44
16
-4
3
79
206
303
343
352
339
254
99
-56
-145
-159
-98
21
162
268
334
378
340
194
19
-100
-169
-218
-234
-214
-165
-104
-96
-171
-284
-369
-401
-394
-367
-287
-137
43
178
238
244
242
245
218
187
214
326
470
552
528
423
268
78
-165
-458
-701
-770
-677
-550
-445
-312
-156
-54
-29
-64
-108
-99
6
164
293
382
467
525
474
312
126
-11
-90
-100
-32
64
159
256
319
291
176
50
-65
-164
-218
-218
-175
-138
-112
-97
-117
-207
-329
-402
-404
-362
-284
-156
-11
123
208
230
193
133
102
131
185
256
356
472
518
440
260
54
-139
-332
-497
-601
-598
-514
-383
-292
-268
-273
-251
-206
-169
-108
7
182
375
553
626
592
509
432
339
216
108
81
140
202
224
205
151
75
-7
-122
-256
-333
-293
-200
-154
-160
-155
-142
-170
-264
-391
-486
-482
-356
-185
-52
49
166
271
305
242
129
59
66
117
174
249
332
391
390
322
189
26
-129
-267
-368
-433
-464
-449
-404
-376
-371
-358
-320
-263
-189
-76
76
231
373
491
554
567
547
499
431
359
310
278
256
218
171
110
38
-79
-211
-304
-345
-354
-335
-275
-212
-162
-131
-117
-150
-201
-242
-243
-225
-201
-140
-36
65
110
117
115
125
135
128
93
64
78
131
182
185
153
148
184
202
127
-14
-144
-233
-310
-418
-525
-559
-492
-370
-259
-171
-80
37
164
235
240
242
294
385
469
500
482
467
460
401
259
93
-23
-74
-107
-149
-166
-149
-128
-129
-159
-201
-248
-284
-271
-212
-152
-109
-58
12
51
25
-32
-87
-115
-100
-52
-4
37
110
222
275
214
115
69
57
34
0
0
59
152
211
171
44
-91
-182
-273
-396
-496
-475
-349
-201
-103
-52
-11
36
71
65
15
12
110
249
335
366
386
396
368
266
106
-48
-120
-121
-104
-104
-107
-96
-82
-110
-192
-274
-289
-234
-148
-56
40
141
209
218
174
104
18
-56
-85
-61
5
78
148
202
221
195
129
52
-2
-22
-14
34
126
220
262
259
195
54
-122
-263
-356
-432
-467
-413
-306
-207
-146
-125
-125
-125
-109
-81
-42
14
117
235
302
292
229
166
99
17
-61
-111
-109
-61
1
24
6
-25
-63
-113
-171
-203
-192
-142
-82
-14
71
124
117
89
71
44
4
-24
-24
13
63
128
178
198
206
230
250
212
165
172
211
207
170
138
123
111
54
-45
-132
-174
-196
-250
-318
-349
-320
-268
-240
-239
-200
-98
5
48
50
69
118
143
100
34
2
9
29
22
0
-8
3
9
-24
-103
-179
-212
-215
-206
-196
-172
-123
-55
11
51
64
71
90
98
89
81
88
112
149
179
204
226
244
242
222
204
179
149
123
98
81
76
74
72
52
19
-15
-43
-93
-160
-219
-254
-267
-265
-254
-241
-202
-145
-88
-56
-41
-13
40
77
83
89
124
156
157
143
130
119
100
77
17
-78
-158
-193
-231
-284
-303
-269
-208
-155
-102
-59
-22
4
32
66
96
127
169
207
220
232
226
188
141
102
68
41
31
34
33
26
23
15
7
-13
-52
-84
-99
-103
-115
-142
-169
-177
-160
-148
-151
-139
-104
-62
-35
-20
3
38
80
118
146
162
186
217
232
213
178
164
162
151
114
74
25
-51
-136
-203
-245
-272
-274
-251
-204
-145
-88
-35
-4
13
42
82
114
142
173
214
240
225
184
139
92
44
7
-17
-35
-52
-62
-72
-94
-136
-183
-221
-240
-236
-205
-162
-119
-85
-51
-20
-23
-56
-89
-103
-104
-95
-67
-18
62
155
236
274
281
295
308
287
228
172
154
174
178
140
88
45
3
-55
-147
-245
-292
-275
-244
-210
-162
-104
-53
-13
12
21
18
18
47
100
157
196
219
216
179
137
84
0
-82
-106
-90
-87
-113
-124
-117
-133
-189
-252
-275
-256
-206
-146
-83
-16
54
80
41
-32
-102
-139
-144
-121
-74
9
119
218
276
269
221
170
119
51
-4
-11
28
85
132
153
132
83
17
-63
-157
-221
-229
-191
-109
-18
54
94
114
102
57
-7
-57
-60
-21
40
115
189
254
287
272
215
143
82
41
16
-5
-10
-4
-12
-54
-121
-182
-235
-283
-287
-241
-178
-125
-71
-29
-23
-61
-116
-158
-164
-138
-86
-15
63
145
201
203
151
87
55
47
39
32
57
99
127
125
88
31
-34
-90
-132
-160
-153
-109
-53
-16
3
14
2
-32
-82
-104
-89
-49
16
92
153
192
224
224
188
122
80
82
104
122
135
142
132
90
32
-45
-127
-186
-204
-188
-165
-136
-107
-78
-85
-108
-132
-156
-172
-163
-126
-71
-19
36
86
102
92
76
67
46
25
25
31
36
43
52
46
25
6
-9
-22
-36
-41
-31
-7
3
8
3
-21
-61
-96
-121
-123
-101
-76
-42
10
57
81
86
85
84
84
97
114
133
164
200
196
158
109
68
31
-17
-58
-91
-90
-74
-59
-67
-80
-90
-95
-108
-125
-130
-116
-77
-42
-15
-6
13
38
43
28
10
-2
3
25
38
38
35
48
79
92
64
29
24
35
29
9
-6
-10
-15
-35
-62
-80
-93
-99
-79
-41
-7
24
57
66
40
3
-17
-28
-34
-24
7
44
92
134
142
116
77
49
27
11
-11
-33
-30
3
15
-29
-91
-126
-137
-144
-163
-169
-124
-51
2
30
49
58
71
63
30
0
-8
9
18
2
-11
7
30
24
-8
-34
-29
-14
-21
-27
-3
36
51
49
39
20
5
0
-16
-30
-17
34
69
64
46
39
30
-2
-30
-32
14
77
119
132
140
151
129
81
27
-12
-30
-33
-36
-27
-22
-34
-56
-105
-177
-231
-231
-213
-193
-166
-116
-53
6
24
8
-6
-3
18
34
56
83
128
172
179
140
91
43
6
-27
-61
-74
-44
10
48
61
50
40
22
-10
-69
-109
-106
-61
-3
44
69
86
101
101
52
-26
-70
-75
-53
-30
-3
42
84
100
93
57
18
-7
-31
-68
-83
-53
-4
19
-4
-60
-112
-144
-171
-203
-217
-193
-117
-19
47
62
60
75
72
52
34
40
86
145
187
215
210
185
129
67
-2
-67
-87
-64
-26
11
27
19
11
-8
-51
-94
-116
-78
-15
14
28
39
75
69
46
-14
-44
-44
-31
-1
-11
-33
-34
20
42
11
-24
-5
49
57
-6
-37
-1
6
-40
-95
-92
-78
-73
-90
-150
-191
-146
-64
-26
-23
16
123
224
240
180
152
133
102
43
3
9
52
107
142
120
47
-22
-68
-117
-184
-239
-199
-79
30
58
18
-34
-70
-96
-153
-184
-142
-47
34
73
72
56
22
-8
-61
-113
-94
-18
49
73
80
97
105
66
16
5
31
77
102
110
102
94
78
21
-63
-110
-121
-136
-151
-137
-87
-19
43
62
89
124
147
103
41
15
44
78
71
54
76
127
128
75
-12
-75
-108
-116
-142
-164
-158
-110
-74
-98
-153
-180
-168
-161
-154
-124
-62
15
65
71
66
71
75
48
2
10
73
136
163
159
162
187
180
133
95
70
71
61
51
47
72
97
104
60
-5
-49
-69
-88
-130
-170
-145
-80
-42
-24
-21
-23
-22
-20
-23
-16
-20
15
52
62
61
66
64
7
-44
-81
-122
-159
-169
-153
-146
-111
-56
-20
-25
-31
-18
-4
-12
-44
-48
-33
-26
-33
-14
27
50
54
49
51
47
56
53
53
47
71
110
132
135
132
123
115
65
11
-6
-10
-32
-41
-1
40
58
27
3
-35
-49
-65
-72
-83
-52
2
30
40
29
18
5
-22
-40
-48
-62
-68
-51
-11
18
35
31
20
-11
-15
-23
-41
-48
-56
-64
-55
-28
-38
-54
-53
-55
-60
-59
-64
-66
-47
-9
5
20
46
73
59
19
-4
-6
-10
-1
31
72
106
135
141
121
83
59
54
41
33
50
106
108
57
19
-16
-57
-83
-79
-64
-42
5
32
10
-14
-43
-76
-110
-120
-92
-55
-48
-21
32
52
21
-25
-62
-60
-48
-51
-48
-7
54
79
63
18
16
29
7
-63
-109
-111
-75
-54
-56
-55
-12
56
57
24
12
26
16
-20
-48
-24
50
109
110
69
76
98
67
-6
-41
-31
4
13
29
57
70
46
23
-8
-33
-33
-20
-14
10
42
50
24
-31
-69
-91
-77
-70
-28
14
76
94
96
79
54
57
73
83
24
-2
40
94
77
-5
-43
-29
-42
-93
-139
-160
-139
-108
-85
-73
-54
-12
39
42
23
12
33
75
72
26
4
53
78
54
-9
-29
-14
3
-9
-45
-49
-42
-34
-34
-16
3
25
32
17
-22
-45
-59
-74
-104
-101
-53
-1
33
33
51
72
56
16
-19
-30
4
45
89
110
101
81
64
51
6
-42
-64
-60
-6
38
42
27
-2
-27
-73
-138
-171
-140
-83
-52
-8
52
86
97
92
52
-7
-43
-31
-9
-7
-7
34
99
109
74
50
25
2
-17
-37
-75
-76
-41
4
16
-7
-24
-13
-18
-76
-127
-140
-111
-89
-79
-66
-28
24
63
79
89
98
92
57
29
27
32
46
58
66
69
72
51
19
11
30
39
28
23
0
-24
-46
-71
-96
-115
-115
-80
-4
41
48
40
54
55
48
26
-7
-10
15
46
51
52
40
51
29
-18
-48
-49
-35
-58
-81
-73
-32
-13
-36
-79
-101
-87
-81
-108
-130
-87
-23
4
2
5
32
63
68
52
41
47
79
93
80
79
97
119
101
62
32
37
53
47
24
7
6
-4
-23
-50
-56
-51
-42
-53
-61
-37
-15
-2
-5
-15
-10
19
16
0
10
29
32
22
29
49
45
41
28
2
-28
-42
-35
-40
-50
-43
-17
1
-15
-34
-65
-94
-109
-97
-94
-55
0
52
88
76
34
-22
-46
-46
-41
-44
-15
55
123
129
104
82
74
30
-12
-28
-8
42
88
101
94
80
68
58
7
-68
-102
-82
-45
-27
-52
-49
-38
-30
-42
-58
-62
-75
-60
-20
34
56
80
88
99
103
77
21
-34
-41
-45
-79
-127
-121
-70
-40
-52
-74
-58
-1
29
16
-28
-46
-27
8
2
-28
-34
-1
15
2
-10
17
56
62
43
22
7
-6
0
-18
-39
-10
75
106
71
38
55
76
43
-27
-76
-59
-29
-13
-54
-68
-37
6
11
-11
-6
25
65
66
46
32
42
64
75
52
19
30
65
51
0
-40
-46
-32
-42
-78
-85
-48
-17
-10
-19
-19
2
10
18
16
22
18
16
17
20
2
-22
-33
-21
-19
-36
-42
-47
-28
-20
3
17
28
56
79
83
66
51
38
26
11
-5
-8
-8
-18
-17
-17
-28
-31
-9
12
15
2
-5
7
9
-5
-28
-33
-8
14
20
29
28
2
-29
-51
-82
-121
-127
-114
-98
-75
-46
-29
-20
-17
-9
-5
-5
-24
-32
-8
14
42
49
76
85
73
37
8
20
16
13
19
40
75
99
93
75
73
77
52
-1
-38
-52
-47
-33
-30
-13
3
26
27
-2
-37
-53
-42
-31
-37
-42
-19
8
29
28
11
-4
-3
6
6
21
38
58
57
53
38
9
-18
-13
-25
-72
-96
-66
-38
-34
-60
-73
-50
-44
-50
-54
-40
1
35
19
20
35
68
86
75
60
71
79
64
43
19
24
37
35
24
19
27
46
34
-15
-34
-26
-16
-29
-57
-45
-28
-16
-32
-67
-74
-51
-29
-8
21
55
76
85
53
1
-30
-34
-55
-92
-79
-15
40
34
24
19
22
2
-47
-85
-94
-71
-61
-64
-57
-35
-20
-33
-42
-53
-38
-2
5
1
28
62
89
95
60
42
42
39
32
29
41
51
54
52
38
8
-6
-21
-25
-13
-13
1
13
19
28
37
27
20
27
22
10
-17
-27
-27
-50
-96
-112
-101
-83
-72
-62
-56
-15
8
15
24
34
26
14
18
0
-7
-1
6
-1
4
12
24
38
5
-34
-26
5
21
12
14
41
74
86
79
45
25
26
17
6
7
37
72
61
35
28
31
18
-2
-28
-45
-32
-12
1
-5
-2
23
35
24
-11
-25
-28
-30
-55
-76
-82
-60
-21
-2
-11
-14
0
12
17
11
-5
-19
-38
-40
-26
-27
-7
18
41
40
25
9
1
-10
-36
-50
-39
-21
-13
-21
-27
-10
5
-2
-18
-24
-7
11
2
15
38
48
41
22
4
-6
7
11
-4
-18
15
41
23
-6
-12
0
15
6
-5
7
42
49
28
3
-2
-9
-11
-25
-48
-44
-28
-13
-15
-13
-7
-2
-11
-8
2
8
8
11
21
21
18
5
-8
-15
-14
5
33
20
-12
-8
6
-1
-26
-24
-16
16
27
10
-28
-35
-21
-20
-20
-27
15
49
33
11
-5
-23
-34
-35
-45
-51
-21
6
28
46
55
45
52
71
88
80
61
61
53