0
-1
-1
1
3
0
-1
-1
-1
-2
-4
-5
-5
-3
-3
-3
-1
-2
0
-1
0
-2
-4
-5
-4
-3
-2
-1
-3
0
-2
1
0
0
-1
-3
-1
-1
0
-1
0
0
2
2
1
3
2
0
2
1
3
1
0
-1
0
-2
-1
-1
-2
1
-2
0
3
3
2
1
2
0
2
-1
0
-2
1
0
0
2
1
2
3
3
2
1
0
1
1
1
3
1
1
3
2
2
0
0
-2
0
0
-1
-1
-1
1
1
1
-1
1
1
-1
-1
-1
2
0
1
0
1
2
1
2
1
3
2
2
3
3
4
3
3
2
3
2
1
-2
-2
1
-2
-1
-2
0
-1
1
0
-2
-1
-1
0
-1
1
-1
1
-1
-1
0
-1
-3
-6
-3
-5
-4
-4
-3
-2
-3
-2
-2
-3
-2
-5
-4
-5
-3
-2
-3
-2
-3
0
0
-2
-5
-1
-1
0
-3
-2
1
3
1
0
-1
-3
-1
-3
-5
-4
-2
-1
1
2
0
1
2
0
-4
-6
-4
-2
-4
-7
-6
3
4
3
1
1
2
6
3
-3
-4
5
5
3
1
1
7
6
4
-1
-1
5
10
6
2
4
8
14
9
5
3
4
5
1
-3
-3
1
-2
-7
-5
-1
-3
-5
-11
-5
-3
-3
-2
0
-1
-2
-1
3
0
-3
-3
-4
-1
-1
-2
1
4
6
4
9
7
7
7
6
6
5
7
8
11
11
6
9
7
9
7
4
0
0
-1
-5
0
0
0
-4
-5
-1
1
-4
-9
-7
-7
-9
-8
-13
-10
-11
-7
-10
-9
-3
-4
-6
-4
-7
-4
1
-3
-9
-6
0
3
-4
-6
-1
1
-1
-2
-1
-1
-1
2
1
1
3
6
2
2
6
4
-2
0
5
3
0
2
6
7
10
6
8
9
11
10
0
2
5
6
4
1
0
5
5
-1
-2
1
12
2
-9
-13
2
13
8
-9
-9
5
11
5
-2
-3
3
12
5
-4
-18
-13
-9
-20
-40
-44
-37
-31
-31
-28
-31
-35
-28
-20
-8
-21
-22
-36
-30
-39
-32
-29
-26
-4
12
4
0
30
52
48
28
29
46
65
66
66
42
34
48
69
58
25
11
8
10
-6
-16
-22
-24
-10
8
32
16
13
16
39
59
57
42
50
53
37
36
35
26
9
5
0
-17
-14
-15
-62
-114
-126
-109
-117
-133
-162
-152
-144
-163
-162
-146
-110
-76
-39
-43
-17
19
51
64
108
159
153
167
204
226
186
175
185
173
90
35
-20
-57
-83
-63
-43
-62
-85
-36
58
81
65
45
75
102
111
70
41
12
-35
-74
-119
-138
-165
-177
-215
-195
-211
-239
-317
-311
-231
-202
-221
-210
-109
-9
78
64
75
135
220
251
266
224
192
215
245
231
212
190
158
120
88
60
70
59
56
53
76
85
87
152
137
126
88
41
-71
-92
-39
-81
-223
-362
-356
-289
-235
-330
-419
-472
-370
-307
-273
-331
-339
-210
-55
-38
-79
48
152
216
147
142
137
232
241
205
132
129
175
198
214
146
163
145
182
167
181
186
252
269
244
292
320
330
232
205
158
172
141
52
15
3
46
-10
-118
-165
-140
-112
-194
-286
-250
-205
-178
-237
-278
-267
-217
-207
-255
-166
-84
-78
-143
-174
-49
47
2
-68
-76
-61
-56
-37
-57
-50
5
30
61
73
109
80
-57
-105
-75
-22
-41
-59
-73
-47
47
55
24
74
143
135
80
2
-10
55
52
-15
-50
-47
-18
7
-20
-113
-196
-172
-119
-107
-166
-241
-235
-128
-23
-39
-144
-86
134
217
162
98
216
424
546
519
424
504
668
714
636
581
641
540
375
266
223
123
-31
-140
-257
-271
-618
-581
-760
-610
-700
-362
-1166
-2475
-1177
779
765
-2511
-3112
-567
1541
386
-1895
-2303
-1017
883
1055
-613
-2160
-744
2253
2012
-219
-354
2088
3052
1636
980
1697
2752
2681
2072
1241
1043
1850
2049
626
-729
-83
1163
209
-1352
-1520
-366
-225
-922
-1544
-1758
-1483
-1282
-792
-1158
-1738
-1994
-1385
-850
-994
-1525
-2025
-1837
-1208
-791
-1168
-1806
-1023
-141
335
-342
-577
786
2219
2319
881
850
2295
3613
3288
1939
1498
2273
3374
3131
1653
697
881
1602
1011
-388
-1048
-785
-349
-745
-1206
-1305
-777
-271
-354
-627
-741
-184
20
-313
-891
-818
-580
-680
-1270
-1669
-1715
-1521
-1566
-2847
-3170
-1802
-782
-2481
-3660
-2130
-440
-942
-2028
-1113
-601
-299
-85
489
-181
-9
1560
1583
92
-366
2870
3985
2473
879
2764
5223
5349
4051
3549
3693
4228
4684
3936
1232
530
1677
1709
-983
-2411
-1685
-1377
-2199
-3157
-3048
-2922
-2541
-2098
-2003
-2380
-1833
-450
-339
-1519
-1399
-147
-60
-922
-997
-777
-954
-731
-495
-1266
-1762
-1364
-195
-1520
-1800
-667
-452
-1218
-826
1677
712
-1144
-271
1961
1464
-663
-571
-134
-364
-229
-94
-662
-1525
1376
2669
-273
-1240
3085
5360
1321
233
3597
5093
3190
2949
3811
2686
2563
4147
3247
86
-783
1603
876
-2518
-3123
-942
-1303
-3810
-2915
-1251
-2305
-3232
-1770
-1135
-2360
-1418
446
-379
-1966
-534
1388
263
-1373
-662
357
-440
-1201
-829
-988
-2674
-2591
367
-261
-4059
-3599
812
2089
-1723
-2674
-401
1114
822
356
-595
-1446
-139
2364
2003
-169
-275
1653
1801
1606
2181
2131
1403
2429
3934
4096
3723
3967
3978
3983
3847
3550
2616
1189
327
168
-455
-1697
-2580
-2892
-3620
-3435
-2668
-2976
-3866
-3370
-1891
-1392
-1467
-1388
-1227
-840
-76
476
-102
-995
-979
39
-50
-987
-1424
-1366
-1226
-1198
-861
-3109
-3627
-1180
659
-1364
-3803
-1690
802
1152
-258
-696
-106
989
2284
1948
742
1097
2873
1959
390
1954
4050
2703
1216
3012
4330
4049
4167
4204
2967
2974
4313
3802
1188
-444
418
821
-923
-2549
-2660
-2844
-3528
-2934
-2491
-3907
-4203
-2299
-1269
-2263
-2318
-1234
-941
-845
-282
349
-147
-489
-97
407
-304
-994
-715
-892
-1156
-992
-483
-2753
-3336
-399
1117
-1363
-4003
-1796
973
1100
-277
-1308
-709
367
2472
1805
912
545
399
1448
1684
3099
2540
2550
2289
2690
4818
6122
4776
2210
2844
5132
4541
2493
4
-319
97
437
-558
-2888
-3430
-2755
-1663
-2302
-3730
-3735
-2997
-2204
-2378
-2131
-1973
-2019
-1156
-393
35
-298
-360
-679
-713
-238
-120
-2051
-3543
-1598
875
-612
-4841
-3837
1189
2417
-1593
-4195
-1835
963
1756
152
-2314
-2349
955
4236
1102
-651
763
2368
1932
1491
3858
3076
2865
2969
4051
4647
5493
5696
3713
2678
3803
4623
3216
-427
-1308
-912
-309
-1236
-2334
-3352
-4135
-2831
-2035
-2884
-4533
-4202
-2353
-1693
-1631
-1620
-1502
-1042
-36
1266
705
-784
-1122
-503
191
-1827
-4219
-2885
-899
-454
-4476
-4757
-1269
1889
-166
-4263
-3472
-44
2373
596
-1681
-1928
642
4179
2943
737
1871
3655
2307
494
3908
6316
4267
1831
3023
6149
7559
7198
4612
2495
3819
6242
5234
46
-2737
-993
476
-1522
-4393
-4532
-4202
-3959
-3779
-3973
-4910
-5151
-3171
-2121
-2581
-2613
-1203
-393
-864
-313
1217
812
-253
-1187
-313
-1453
-3642
-2374
-1322
-1884
-5937
-4996
-1287
459
-1762
-4677
-3492
-802
2053
1040
-1492
-1960
929
4716
3351
642
2270
4644
2768
-486
2907
7438
5596
1816
2135
6158
8174
8587
6307
2874
3385
7344
8156
2031
-2650
-487
2134
335
-4021
-5041
-4365
-3778
-3559
-4629
-6207
-6517
-3787
-2044
-3515
-4690
-2757
-398
-871
-1435
-593
-325
-624
-611
-312
-2382
-3770
-2229
-488
-2902
-6943
-4851
-377
-206
-3764
-4827
-2101
-350
477
-110
-823
-870
2041
3724
2419
1395
4433
6225
1186
-1908
3456
10360
6580
267
984
7508
10378
9271
5566
2162
3202
8660
8925
1617
-4049
-520
3378
918
-4185
-5055
-3872
-3498
-3231
-3956
-5926
-6415
-3186
-1477
-3469
-4803
-2491
-278
-1070
-1761
-604
220
-1092
-1157
-1035
-2214
-2874
-1856
-1697
-5862
-6109
-1767
196
-4373
-7393
-3534
-242
-845
-3235
-3027
-1730
979
3480
1575
-447
2276
8590
7327
-1014
-2363
6894
13410
6574
-1081
1790
9314
11864
9230
5123
1506
3534
9783
8557
-847
-5009
580
3446
-2022
-5558
-4096
-3005
-4209
-4176
-3992
-5507
-4767
-2253
-2061
-4484
-4012
-423
-152
-2449
-2910
464
829
-837
-2232
-2594
-2541
-1513
-404
-4986
-8116
-4061
1865
-1106
-7952
-7051
-991
1212
-1508
-3828
-3184
-872
3305
3310
221
-190
5873
9803
2999
-3160
2245
12821
11002
479
-960
8020
12732
9429
5050
3292
3114
7439
9108
1854
-5625
-2036
4489
-78
-7334
-6081
-1585
-2540
-5665
-5271
-4915
-4553
-2412
-1206
-3532
-5420
-1453
1452
-698
-4206
-2292
695
220
-2317
-4073
-3155
-1414
-36
-4134
-7774
-5253
931
202
-6506
-8087
-2558
1566
-233
-3398
-3224
-787
2992
3734
1275
984
5436
9897
5374
-2113
-164
11545
15348
3657
-4194
5315
16357
13183
4557
2395
3892
7477
10585
5258
-5841
-6700
3675
4522
-6596
-11232
-4533
-678
-4682
-7215
-6342
-5565
-4035
-1584
-2619
-6306
-4789
840
1392
-3516
-4997
-607
1492
-3053
-4835
-2171
-361
-3585
-6049
-4466
-2822
-1854
-2854
-4747
-5803
-2773
1127
-602
-4181
-2708
2706
3624
123
217
4583
7999
7828
5053
-106
213
10031
17033
7062
-4670
2644
17706
16271
4955
1814
5132
6979
8626
7055
-2272
-7935
-317
4995
-3964
-12194
-6713
-1064
-5712
-9908
-6985
-4253
-5344
-4668
-3267
-4332
-4786
-538
1724
-2505
-5412
-880
3493
-2329
-7226
-3284
1304
-2553
-6989
-5493
-3723
-3642
-2227
-2303
-6144
-6394
-31
2765
-1943
-4144
1040
4781
2696
1894
5008
6681
7172
8025
3285
-1706
5692
17653
11818
-4137
-1165
15637
18222
6474
1710
4515
5917
7924
8654
-418
-9236
-2666
6399
-1618
-13152
-8711
88
-3450
-10260
-8033
-4344
-4760
-4538
-2884
-4924
-6254
-927
3403
-1716
-6703
-2121
3231
-1382
-5387
-2922
-1667
-4435
-4641
-2217
-5510
-7811
-3996
-537
-4623
-7304
-2709
560
-1073
-1277
2425
1724
133
4873
9538
6549
4340
8082
4929
91
7337
18343
9660
-4598
2198
18480
16492
4684
2396
5055
4652
7805
9100
-2261
-11600
-1901
8104
-2634
-14781
-8336
177
-4701
-10630
-7521
-5497
-6770
-4539
-1732
-5333
-7234
-327
4083
-1782
-6200
-70
2283
-2146
-3949
-918
-1586
-5396
-3544
-1831
-4682
-6728
-3435
-2475
-6087
-5861
-1228
-577
-3306
-1096
3495
1745
113
5126
9547
7385
6638
6545
1883
2427
13497
17444
2998
-4788
8985
20786
12607
2137
2537
5082
5647
8630
4975
-7112
-9936
2507
5926
-7710
-14373
-5779
-900
-6848
-9880
-7611
-7466
-6875
-2476
-2288
-7562
-6770
1770
3451
-3204
-4797
-536
700
-1197
-1116
-2147
-4349
-3349
-648
-2963
-6719
-5457
-2436
-3827
-6185
-4729
-1917
-1621
-1385
561
1035
1188
4358
7693
7050
6773
9594
6555
808
5781
17648
14975
146
-8
14379
18559
9444
4053
4100
2582
5596
9922
1852
-11061
-7911
4725
1210
-11476
-11603
-3894
-5019
-9632
-7165
-6201
-9681
-7868
-1312
-2685
-8163
-4892
2372
582
-4104
-1952
-47
-2025
-2527
-247
-2226
-5105
-2949
-1193
-4939
-6801
-3301
-2309
-5963
-6573
-3073
-1265
-1404
-114
1007
-14
2356
7311
8818
5852
7573
9623
3756
1785
12688
20256
6921
-4041
7450
20851
14715
4640
3993
4336
3366
9605
8860
-6220
-14016
-90
7815
-6558
-16424
-8086
-1973
-7807
-9476
-5835
-8253
-10367
-3593
188
-6321
-8917
-644
3414
-2467
-3913
-631
-544
-2688
-289
639
-4272
-5826
-1490
-650
-5437
-6019
-3562
-4049
-5888
-3503
-2207
-3533
-2545
2616
2835
-215
1967
7121
8408
6954
9958
6666
-1310
3254
19354
19293
-944
-5367
13355
22360
11130
2635
4077
3194
4946
12095
5660
-11740
-12362
5583
5493
-12361
-15793
-3822
-2737
-10794
-8727
-4633
-8866
-9317
-1283
-898
-8137
-6268
3542
2010
-4784
-3622
1969
718
-2987
-681
-555
-3618
-4591
-1702
-3416
-6506
-4817
-3074
-5547
-6471
-2638
-908
-2974
-2076
2560
3367
2198
3413
7839
8596
9082
8932
2673
647
11233
21784
9646
-4903
3385
20486
18107
5894
2111
4382
4533
8777
8066
-4025
-13360
-3491
6069
-4467
-15728
-10420
-3091
-8004
-11699
-7531
-7079
-10055
-7002
-2297
-4781
-6983
-1551
2294
-1827
-3113
1528
2111
-2598
-1857
2578
222
-5091
-4700
-1899
-3127
-3675
-3841
-6247
-7223
-2069
717
-3153
-6318
-1112
3826
3445
1470
3425
6704
9616
12170
5779
-2589
4437
22631
21084
-1102
-5679
15084
25290
12633
1290
2097
4172
7984
11913
2049
-13865
-10510
6632
2997
-15751
-16633
-3190
-3387
-13128
-12014
-6515
-8173
-8261
-3681
-4819
-8825
-3201
4716
-151
-7554
-2234
5931
1449
-6024
-2559
2846
-241
-4793
-4208
-3235
-2786
-944
-2689
-7985
-6462
1163
2442
-4523
-5871
917
6086
3456
1889
3992
9170
13350
6647
-3911
1777
23290
23945
-286
-7871
14081
26859
15223
2707
1188
2268
9314
15468
2667
-17039
-11262
9396
4003
-17482
-17749
-2507
-3249
-12914
-11753
-8184
-9734
-6750
-2184
-7409
-11878
-2152
6506
-1878
-11116
-4320
6068
3786
-5549
-7197
-2495
1796
1933
-3243
-9207
-6498
2753
3621
-5779
-10190
-2678
4574
2744
-2435
-2542
1962
6860
8990
6415
7018
8496
4338
385
9917
22328
12528
-4400
1872
21502
22105
9084
2886
2473
4219
13118
13735
-5278
-18667
-2912
11005
-3611
-19507
-12633
-3588
-8402
-11173
-8600
-11843
-13287
-5035
-1974
-10137
-10845
1239
3716
-6760
-9251
1153
5303
-1896
-5761
-3554
-1136
292
901
-4187
-9017
-3997
4179
242
-7943
-7295
1113
3211
667
-971
1787
4310
7220
9065
9099
9592
5069
207
4585
19204
17897
650
-4613
12639
22298
15511
5675
1630
254
9402
17818
4718
-16757
-12498
8206
6195
-12842
-16637
-7063
-6201
-8878
-7099
-10271
-16789
-9838
-326
-5192
-14071
-6672
2391
-2721
-8015
-2598
2404
-3180
-4038
803
472
-4887
-2762
1182
-2225
-5692
-1337
-116
-4348
-3977
2222
948
-3478
-175
7749
6462
2517
5523
11908
13393
6070
-566
2506
16612
19796
4895
-5372
7108
20566
17648
6634
1409
323
7342
15486
7284
-12435
-13086
4718
6025
-10628
-15202
-6138
-5681
-10667
-8362
-7384
-12909
-10763
-3863
-6196
-12494
-5930
1965
-4985
-11470
-3786
4378
-2591
-8457
-2807
1877
-1764
-3680
-1764
-2847
-3393
747
162
-5542
-4293
3861
4119
-3368
-2226
6549
9935
4703
4103
8382
14469
12995
2937
-3209
8845
23504
13752
-5832
-2894
16471
21169
11005
1486
-1253
2544
14661
14312
-5973
-18969
-2504
11367
-2930
-18968
-12137
-2231
-5703
-9756
-9408
-12115
-11062
-2829
-3750
-14634
-13774
1344
2822
-10502
-13207
-851
3809
-3451
-6534
-3806
-2410
-920
1719
-2128
-7515
-3152
4333
1085
-4990
-1871
4380
2570
227
3648
7492
5857
5029
7860
10805
13848
9924
-168
-1631
15256
23995
6478
-9394
2587
20306
18472
6463
-592
-2165
5058
16381
9311
-13213
-17505
3424
9491
-9005
-19156
-9100
-3093
-7390
-8855
-9673
-13731
-9731
-1366
-5370
-15593
-10109
3596
-853
-12897
-9881
2778
2627
-5747
-7187
-3136
-750
1695
928
-5932
-8147
1473
6931
-973
-6843
-406
6511
3903
1938
4566
7026
6317
8439
9926
11140
12860
8146
-1376
1562
19494
21153
-248
-10102
7959
22542
15834
2467
-3327
-2723
8475
17252
3639
-19983
-16055
7674
8377
-12664
-19327
-8519
-4707
-7211
-6648
-10274
-16192
-9836
-313
-5123
-14090
-7278
1313
-5190
-11499
-3878
3679
-2567
-8208
-4272
158
-37
-143
-2287
-6776
-4565
4389
3968
-5135
-6566
3182
7608
3767
1478
5708
8498
9569
10532
11329
12914
10643
4365
1235
12302
21024
9484
-6292
33
16625
18967
7994
-1474
-5250
1533
14395
10879
-12002
-21678
-2610
9728
-3647
-17501
-13120
-6809
-6771
-5376
-6836
-14836
-13991
-3306
-1328
-10544
-9780
-1440
-3741
-10084
-5542
2957
-1796
-9120
-5795
985
560
-2053
-2975
-4823
-4239
2618
4171
-3492
-7007
1984
8422
4307
191
4205
9606
10367
10559
10443
12214
12911
8657
2529
6681
17973
15387
-14
-3305
9892
17890
11984
2395
-3593
-3028
8007
12983
-2390
-20163
-12136
5533
1983
-13715
-16070
-8924
-6568
-6027
-5480
-11421
-14734
-6690
26
-6677
-11618
-4575
-1211
-7165
-8005
-494
-71
-6613
-6543
-474
186
-2306
-2803
-3293
-4479
-286
3212
-1288
-5937
-452
7014
4770
833
3094
8816
9938
9824
9665
10781
13461
10929
3695
2552
14590
18688
5427
-5222
4596
16179
14593
4885
-1616
-4257
3451
13006
5227
-15478
-17577
785
5775
-9077
-17321
-10848
-6357
-6402
-5244
-8243
-14139
-9882
-643
-2579
-11145
-7743
-755
-4090
-8803
-3437
1820
-4423
-8208
-2091
2244
-1708
-4206
-2727
-2996
-2233
2107
914
-5280
-3783
6043
7285
217
-38
8836
12297
8483
6977
10140
14455
12803
5055
-293
8178
19321
12631
-3940
-3660
11507
18187
9808
-380
-5305
-745
11074
11589
-6998
-20158
-6969
7613
-421
-14812
-13899
-7022
-5716
-5106
-5746
-11952
-13045
-4387
-310
-8417
-10668
-3350
-1970
-7957
-7172
-228
-1864
-7178
-5283
-245
-1410
-3529
-2477
-2672
-3990
-65
2478
-1374
-4172
1980
6635
3443
1401
6033
10924
9057
8299
9901
13721
14534
8598
995
3805
17031
17975
2156
-6695
4752
16672
14449
3091
-4714
-5140
6095
13122
1454
-17496
-14820
2638
4336
-9731
-15952
-10322
-6349
-5636
-4958
-9414
-13282
-7948
-837
-4524
-10130
-5482
-1436
-5324
-8291
-2889
-227
-4347
-6325
-3228
-1825
-1818
-1071
-2167
-5471
-2689
2672
1376
-3574
-1943
3737
3988
3033
5093
7982
7558
8289
11362
12423
13653
11096
4622
1604
11418
19461
9161
-5038
-660
13233
16034
7476
-660
-4727
-335
10385
8865
-8794
-18875
-5659
5236
-3291
-14308
-12295
-7570
-7013
-4919
-4939
-11151
-11829
-4016
-1023
-7387
-7977
-2320
-3634
-8056
-5069
570
-2876
-7643
-4899
-836
-1681
-2613
-2147
-3792
-4674
357
2534
-1764
-4171
1742
5615
3234
2671
6848
9059
7589
9331
11760
12967
12504
8412
2677
5062
16182
16212
1519
-5277
6079
15833
11642
2372
-2943
-3499
4562
11020
1041
-16660
-14786
1254
2543
-10737
-15361
-9265
-6640
-6556
-4495
-7229
-11966
-7991
-861
-3273
-8685
-4261
-589
-5479
-8012
-1063
1822
-4698
-7652
-2533
529
-1229
-2238
-3187
-5104
-2213
3179
1303
-4573
-3203
4384
5753
3003
3166
7118
8341
8545
10040
10940
12642
11514
5428
1303
9260
18628
10763
-4292
-2741
11109
15667
7683
-1054
-5208
-1577
8985
9273
-7648
-19846
-8058
5199
-2343
-15343
-14173
-7487
-6290
-5283
-4846
-10158
-11581
-3550
856
-5799
-8568
-1856
-113
-5642
-5706
596
110
-5045
-4843
-813
-532
-1405
-1244
-3594
-5493
-893
3463
-377
-4730
-1135
4757
4753
3579
4674
6726
7249
9158
10624
10217
11948
10244
3865
1255
11850
17910
6326
-6210
409
12674
13120
4304
-2869
-5789
250
9957
5599
-12117
-17568
-2673
4753
-6089
-15185
-11110
-6477
-5919
-4569
-5978
-11309
-9084
-724
-322
-7223
-6418
735
-285
-5631
-4464
813
-534
-4341
-3939
-1654
-959
-149
-1027
-4896
-5259
991
3897
-1504
-4905
-488
5049
4156
2983
3556
5777
7067
9348
9992
9358
11412
9970
3417
1743
12336
17014
4799
-5968
1910
12837
11863
2777
-3066
-4747
1397
9183
3716
-12120
-15174
-1445
3620
-7082
-14280
-10117
-6376
-5986
-4694
-5928
-10583
-7942
-816
-402
-6286
-5340
-178
-1440
-4897
-3026
616
-2049
-4994
-3217
-364
-628
-1311
-2483
-4205
-3182
1594
1948
-3046
-4568
476
5030
3305
1987
3227
6355
7520
9125
9213
9154
11441
9222
2796
2125
12922
15811
3349
-5170
3927
12988
10226
1623
-2702
-3693
2226
8248
1316
-12875
-13228
19
1838
-9242
-14182
-8981
-6028
-6423
-5278
-6626
-9829
-6310
-418
-1512
-6211
-3876
449
-1664
-4495
-2072
301
-2514
-3757
-1069
-76
-1843
-1537
-901
-2844
-3182
546
788
-2955
-3335
1208
3351
2011
3076
5297
6278
6537
9151
9960
9442
10433
7829
2309
3204
12936
13772
1683
-3828
5314
12376
7951
858
-1955
-2431
2148
6064
-506
-11896
-10783
-42
-69
-9725
-12741
-7403
-5162
-6402
-6095
-6682
-8118
-5074
-1228
-2735
-5909
-2985
823
-1188
-4283
-2622
185
-799
-1858
-1438
-1541
-1852
107
457
-3181
-4462
-339
1541
-1540
-3129
-240
2068
2420
3964
4849
4429
5255
8724
9653
8427
9061
6855
1982
3096
12417
12586
1212
-3290
5826
11409
6794
1188
-779
-1927
1322
5382
-133
-10607
-9895
-121
-587
-9402
-11196
-5709
-4829
-6973
-5958
-5435
-7283
-5291
-1526
-2799
-5972
-2850
1809
-548
-5042
-3679
402
517
-1188
-1927
-2468
-1919
1400
1864
-3330
-5970
-959
2907
-250
-3734
-2332
1240
3201
4450
3449
2297
4137
8801
10037
7663
7317
5816
2844
3979
11120
10841
1436
-2136
5891
10396
6500
1828
381
-1045
1126
4963
788
-8863
-9559
-1125
-398
-7785
-9901
-5440
-4764
-6529
-4929
-4210
-7003
-6227
-2005
-2110
-5447
-3497
1172
-681
-4889
-3452
722
438
-1851
-2085
-1805
-1361
902
1069
-3378
-5376
-635
2863
-694
-4202
-2496
1819
3402
3667
2393
1954
4086
8463
9457
6811
6353
5730
3433
3491
9579
10210
2479
-1708
5053
9696
6800
2249
874
-796
660
4514
1768
-7537
-9839
-2003
147
-6346
-9228
-5457
-4666
-6029
-4220
-3354
-6734
-6697
-2143
-1284
-4553
-3752
399
-752
-3911
-2474
766
-395
-2435
-1405
-579
-1276
-746
-443
-2990
-4136
-714
1226
-2057
-4131
-1221
2177
1942
1635
2497
3177
4278
6761
8031
6540
6896
6685
3462
2021
7931
11461
4536
-1985
2687
9383
7971
3068
493
-857
77
4311
2671
-6161
-9981
-2725
935
-4846
-8997
-5758
-3871
-5273
-4480
-3369
-5758
-6240
-2356
-1224
-4235
-4309
-275
-214
-3269
-2935
189
-298
-2330
-1707
-330
-1099
-1541
-1203
-2378
-3225
-1156
233
-2372
-3614
-454
2484
1177
204
2385
4290
4781
4989
6177
6317
8235
7450
2312
-84
7217
13170
6228
-2736
517
9045
9690
4651
208
-1854
-381
5282
4258
-5255
-10541
-3369
2024
-3318
-8793
-6431
-3616
-4562
-4452
-3569
-5735
-6336
-2717
-1147
-4241
-4792
-454
29
-3394
-3640
-13
20
-2362
-1943
-288
-1365
-2159
-1267
-1703
-3262
-1726
-12
-1743
-2823
-52
2140
421
242
3427
4740
3826
3777
6397
7185
8452
7004
1980
-130
7417
13569
6241
-3490
-312
9018
9949
4580
-11
-1678
-373
5422
5139
-3900
-10334
-3960
2309
-2146
-8275
-6748
-3910
-4667
-4331
-2994
-5317
-6917
-3315
-745
-3601
-5200
-1576
-418
-3080
-3575
-847
-920
-2621
-1474
-321
-2283
-2901
-649
-527
-3200
-2807
-672
-972
-1835
-264
591
-476
872
4333
4236
2298
3070
6789
7813
8012
5852
1566
843
8093
12811
5216
-3338
458
9143
9584
4186
-51
-1445
229
5638
5099
-3853
-9676
-3295
2624
-1970
-7813
-6331
-3653
-4416
-3904
-2683
-4954
-6302
-2984
-713
-3474
-4601
-1514
-769
-3212
-3369
-1243
-1690
-2721
-1249
-678
-2816
-2722
-128
-474
-3401
-2829
-547
-457
-1255
-323
-302
-584
2089
5247
3770
1153
3017
7657
8504
7421
4530
1131
1571
8726
12120
4058
-3592
1088
9607
9241
3148
-555
-1211
551
5119
4490
-3881
-9154
-2659
2865
-1929
-7493
-5652
-3393
-4772
-4298
-2592
-4742
-6640
-3471
-952
-3440
-4658
-1647
-1024
-3597
-3560
-1111
-1465
-3003
-1850
-994
-2411
-2304
-117
-838
-3508
-2594
253
224
-1221
-976
-566
83
2941
5436
3096
656
3208
8481
8988
6624
3612
1215
2482
8675
11470
3671
-3433
1339
10293
9385
2766
-814
-128
1596
5116
4063
-3452
-8453
-2475
3077
-1487
-7527
-5998
-3310
-4683
-4634
-2893
-4808
-7179
-4265
-1302
-3414
-5190
-2667
-1831
-3943
-3650
-1162
-1672
-3517
-2242
-622
-1850
-2420
-868
-1270
-3332
-2345
213
-35
-1562
-1280
-232
804
3314
4887
2659
807
3955
8963
8657
5656
2995
1937
3353
8400
10172
3399
-2586
2384
10389
9049
2295
-425
1025
2644
5072
3646
-3068
-7232
-1629
3327
-1274
-7303
-5878
-2836
-3772
-4268
-3166
-5021
-6915
-4073
-1248
-3279
-5537
-3649
-2313
-3272
-3212
-1857
-2729
-3805
-2012
-341
-1797
-2847
-1481
-1105
-2679
-2396
-382
-238
-1366
-1262
-153
1065
3074
4223
2472
1407
3936
7999
7653
5238
3159
2052
2914
6991
9213
3789
-1811
1944
9232
8659
2779
-29
1264
2675
4917
3603
-2308
-6315
-1408
3168
-978
-6846
-5672
-2475
-2979
-3984
-3490
-4968
-6112
-3637
-1403
-3572
-5790
-3785
-2185
-2993
-3535
-2504
-2792
-3130
-1564
-237
-1687
-2692
-1498
-738
-2074
-2141
-592
-224
-1134
-887
479
1559
2770
3716
2923
2026
3684
6905
6955
5143
3379
1994
2471
6258
8868
3916
-1545
1442
8561
8274
2794
-261
911
2424
4549
3230
-2156
-5929
-1349
2919
-1097
-6730
-5493
-2152
-3096
-4492
-3952
-4808
-6170
-4214
-2069
-3932
-6082
-4331
-2572
-3258
-3718
-2838
-3144
-3583
-1531
79
-1693
-3254
-1565
50
-1252
-2055
-833
77
-138
328
1165
1707
3000
4783
4140
2620
3672
7253
7874
5921
3589
2067
2742
6460
8748
3656
-1615
1473
8251
7447
2043
-164
1493
2509
3817
2839
-1656
-4882
-1082
2436
-1541
-6282
-4688
-1803
-3487
-4839
-3826
-4665
-6324
-4567
-2326
-4310
-6505
-4746
-2737
-3263
-3704
-3095
-3563
-3705
-1156
260
-2008
-3652
-1432
408
-1231
-2302
-1126
-51
-229
387
944
1443
2608
4740
3916
2561
3510
6824
7429
5755
4391
2617
2196
4960
8470
4687
-912
481
7153
7188
3042
798
1745
1586
3243
3906
-87
-4768
-2200
2305
-490
-5640
-4955
-2032
-3111
-4403
-3738
-4685
-6605
-4482
-2024
-4131
-6979
-4944
-2245
-2755
-3688
-3301
-3536
-3531
-919
427
-2144
-3999
-1524
807
-823
-2369
-1460
-287
-197
794
1101
636
1402
4414
4693
2672
2616
5619
7192
5699
5083
3747
2125
2470
6698
6819
1606
-964
3733
6918
5081
2321
1700
896
1762
4463
3009
-2728
-4769
-126
1527
-2602
-5519
-3916
-2874
-3496
-3325
-3983
-6302
-5829
-2609
-2510
-5930
-6396
-3098
-1606
-2754
-3665
-3349
-2943
-1277
414
-823
-3129
-2265
562
287
-1742
-1844
-462
-163
156
1001
893
675
2549
4439
3297
2116
3615
6118
5666
4965
4381
2328
883
4270
8055
4422
-1223
312
6271
7149
3969
1330
372
763
4426
5174
-723
-6367
-2837
2594
162
-5586
-6163
-3462
-2670
-2934
-3872
-6336
-7037
-3502
-1391
-4564
-7413
-4648
-1157
-1597
-3445
-3511
-2748
-1484
572
458
-1973
-2613
262
1350
-681
-1874
-494
118
-22
664
1310
744
1603
3703
3676
2200
2817
5381
5262
4167
4671
4003
917
1449
6816
7298
983
-1249
4059
7533
5350
2672
1218
237
2674
6000
2706
-4914
-5290
1169
2003
-4014
-7039
-4593
-3287
-3793
-3982
-5683
-7940
-5939
-2212
-3438
-7423
-6622
-2558
-1410
-2720
-3096
-2783
-2562
-299
1785
409
-2350
-1421
1114
1033
-368
-487
-717
-1164
482
2583
1522
-71
1293
3793
3603
2999
3474
3900
3797
5403
5750
1887
-317
4181
8822
4933
-408
1101
6450
7046
4890
2227
754
1494
5469
5131
-1089
-5105
-1221
2282
-1166
-5807
-5745
-3818
-3653
-4058
-5303
-7181
-6937
-3775
-3082
-5640
-6991
-4702
-2288
-1995
-2325
-2952
-3312
-1790
1294
1752
-1041
-2651
-865
1116
1183
-101
-1598
-2375
-299
2609
2225
-476
-619
2495
4301
3557
2314
2443
3480
5229
6147
3463
-26
1592
6848
7450
2298
-8
3539
6857
6182
3534
1529
1201
3393
5125
2176
-2624
-3047
584
651
-3518
-6014
-4549
-3270
-3928
-5294
-6195
-6588
-5028
-3446
-4142
-6194
-6057
-3166
-1226
-1417
-2891
-3086
-1843
817
2013
590
-2136
-1965
506
2109
536
-1718
-2609
-863
1679
2138
26
-1208
649
3401
3847
2181
1178
2298
4327
5301
4466
1549
381
3036
6941
5802
1326
390
4397
6733
5137
2771
1903
1907
3272
4059
1628
-2232
-2141
536
-419
-4169
-4953
-3126
-3599
-5562
-5695
-5025
-5618
-5360
-4386
-4618
-6040
-4725
-1869
-1225
-2482
-2479
-995
-224
588
1199
271
-1777
-1060
1475
1725
-988
-2242
-1300
648
1456
955
-814
-1113
1236
3718
2918
432
391
3091
4801
4548
3229
1322
1047
4029
7317
4965
598
1219
5766
6785
4385
2862
2532
2212
3154
4027
1415
-2268
-1945
284
-1172
-4128
-4098
-3361
-5105
-6096
-4593
-4477
-6282
-6192
-4436
-4410
-5088
-3875
-2362
-2344
-1905
-559
-361
-1085
15
1597
511
-1410
-619
1224
609
-1133
-1450
-907
14
906
545
-1191
-949
1704
3351
1624
-112
1000
3695
4418
3675
2834
2074
2234
4263
6277
4601
1928
2626
5626
6076
4791
3973
3224
2006
2742
3985
2207
-1802
-2800
-818
-730
-3007
-4623
-5025
-5602
-5130
-4117
-5102
-7268
-6554
-3814
-3107
-4937
-5113
-3033
-1091
-605
-826
-1255
-1206
362
1566
502
-1402
-855
578
152
-1362
-1273
-514
-311
-501
-361
-475
-16
1336
1867
724
240
2231
3755
3046
2191
3417
3952
2749
2724
4857
5689
3914
3193
4545
5487
5366
5217
3855
1846
1970
4071
2978
-1176
-3095
-1146
-547
-2898
-4870
-5133
-5266
-5259
-4618
-5265
-6749
-6141
-3431
-2987
-4856
-4811
-1961
-265
-649
-1007
-873
-446
696
1728
441
-1255
-862
618
164
-1276
-1553
-954
-682
-583
-536
-683
-334
782
1254
445
350
1686
2597
2347
2371
3612
3893
2495
2135
4650
6527
4857
2897
3677
5584
5994
5303
3506
1589
1720
4057
3443
-761
-3318
-1379
-290
-2529
-5002
-5392
-5352
-5283
-4755
-5249
-6711
-6051
-3318
-2620
-4488
-4547
-1861
-167
-508
-860
-619
-708
34
1490
1100
-1146
-1770
-135
517
-754
-1660
-1680
-1544
-1062
66
170
-954
-908
1049
2064
1164
694
1730
2816
3501
4469
4124
2143
2244
5718
7591
4708
2069
3760
6374
6160
4486
2824
1565
1997
4059
3099
-1159
-3318
-1253
-305
-2922
-5405
-5472
-5232
-5427
-5223
-5430
-6511
-5942
-3449
-2520
-4034
-4253
-1843
101
69
-547
-809
-926
259
1838
1201
-1585
-2267
-46
1177
-591
-2577
-2592
-1483
-457
-115
-1056
-2133
-889
1629
2118
172
-148
1908
4056
4154
3497
3377
3681
4440
5434
5917
4880
3977
4705
5922
5366
4213
3612
3232
2501
2461
2218
504
-1539
-1908
-1531
-2663
-4533
-5299
-5149
-5286
-5647
-5688
-5823
-5445
-3998
-2984
-3849
-4357
-2235
364
317
-1111
-1508
-446
1043
1705
488
-1669
-1717
331
1321
-963
-3234
-2706
-725
-184
-1096
-2175
-2153
-694
1273
1173
-540
-648
1931
3962
3466
2405
3455
4923
4740
4029
4787
5765
5231
4685
5016
4914
4319
4582
4309
2427
1229
2161
1957
-464
-2342
-2183
-2611
-4069
-4728
-4641
-5399
-6179
-5462
-4584
-4736
-4459
-3694
-3622
-3610
-1749
-22
-645
-1869
-871
1042
1122
-65
-664
-357
-28
343
-176
-1876
-2886
-1414
-80
-1230
-2900
-2299
-833
-248
-226
-241
-491
105
2163
3423
2612
2229
3879
5700
5120
3791
3943
5514
6284
5536
4435
3981
4417
5220
4805
2804
1218
1520
2047
612
-1713
-3149
-3146
-3263
-3938
-5032
-5767
-5627
-4883
-4309
-4538
-4722
-4151
-3113
-2367
-2059
-1853
-1379
-561
411
364
-283
-245
685
850
-231
-985
-1087
-947
-1418
-1680
-1965
-2098
-1976
-1503
-1487
-1484
-901
8
115
365
1445
2524
2893
3326
4114
4761
5259
4797
4113
4422
6039
6146
4488
3488
4340
4849
4292
3188
2113
1036
924
789
-649
-2828
-3559
-3264
-3797
-4913
-5037
-4664
-4944
-5135
-4439
-3883
-3786
-3459
-2774
-2520
-2186
-1063
54
-119
-536
-209
679
794
307
-284
-798
-957
-860
-1291
-2222
-2620
-2010
-1689
-1949
-2080
-1597
-984
-319
391
692
968
1795
3303
3895
3922
3895
5082
5588
4871
4070
4765
5876
5477
4515
4048
3987
3767
3977
3380
1432
-311
90
468
-872
-3142
-3910
-3939
-3952
-4013
-4058
-4986
-5691
-4630
-3065
-3155
-4013
-3758
-2696
-1668
-888
-347
-836
-827
-43
1045
606
-298
-705
-442
-519
-1048
-1816
-2620
-2808
-2147
-1678
-2341
-2919
-2305
-881
-165
103
35
672
2064
3485
4040
3572
3802
4715
6375
6170
4372
3295
5035
6893
5963
3737
2850
3437
4299
4226
2183
-453
-1033
655
773
-1710
-4354
-4228
-3180
-2934
-3729
-4725
-5468
-4654
-2921
-2578
-3906
-4399
-2800
-1277
-815
-1302
-1388
-959
304
882
107
-1304
-995
254
407
-1422
-2841
-2670
-1613
-1341
-2106
-3264
-3313
-1535
101
-327
-1683
-925
1435
2952
2684
2105
2523
3983
5688
5747
4760
3898
4257
5062
5669
5253
3819
2953
3419
3894
3169
1809
693
-21
-199
67
-666
-2379
-3662
-3054
-2588
-3364
-4485
-4330
-3814
-3489
-3349
-3347
-3481
-2960
-1709
-1297
-1690
-1554
-329
35
-426
-560
-66
-175
-597
-762
-1071
-1618
-1736
-1623
-2279
-2826
-2215
-1258
-1391
-1755
-1168
-291
388
1002
1582
1523
2038
3203
4261
4101
4066
4341
5168
5458
4571
3606
3826
4828
4249
3146
2101
1819
1653
2068
1395
-226
-1395
-824
-369
-1107
-2540
-3278
-3525
-3355
-2939
-3024
-4116
-4581
-3144
-1708
-2317
-3287
-2585
-1139
-510
-529
-864
-1002
-323
698
458
-695
-1118
-577
-405
-1180
-1955
-2105
-1997
-1887
-1696
-1636
-1585
-1046
-202
47
204
675
1250
1396
2072
2755
2920
3078
3682
4344
4482
4918
4472
3356
2972
4395
4605
2778
1188
1553
2058
1884
1311
377
-775
-758
221
-266
-2281
-3250
-2310
-2271
-3484
-4034
-3343
-2913
-2866
-2581
-2743
-2817
-1869
-801
-1244
-1905
-1230
-267
-292
-678
-545
-384
-591
-840
-806
-1148
-1654
-1652
-1369
-1804
-2125
-1359
-628
-746
-659
174
396
427
922
1637
1444
1595
2293
3060
3158
3247
3539
3915
4401
3862
2820
2189
3303
3905
2806
922
447
1313
2333
2133
346
-1510
-1135
649
925
-1231
-3232
-3250
-2121
-1490
-1999
-3286
-3881
-2540
-812
-1242
-2642
-2423
-1066
-574
-973
-1310
-1483
-1088
-259
-21
-1115
-2104
-1457
-422
-598
-1782
-2134
-1874
-1358
-708
-402
-1039
-1341
-213
1022
986
499
495
1106
1877
2633
2430
2032
2276
3451
4050
3720
2825
2008
2183
3179
3684
2184
675
764
2030
2199
1389
395
-98
-47
610
547
-801
-2094
-1764
-1048
-1474
-2468
-2508
-2107
-1898
-1748
-1819
-2093
-2037
-1387
-1093
-1330
-1667
-1709
-1443
-931
-755
-1111
-1579
-1495
-1222
-1093
-1279
-1369
-1402
-1428
-1238
-958
-791
-644
-186
179
151
328
1086
1678
1606
1287
1746
2467
2975
2658
2338
2537
3441
3676
2300
1123
1654
3395
3215
1583
273
872
1981
2558
1620
-11
-705
396
1198
214
-1507
-2006
-1687
-1499
-1686
-1895
-2360
-2583
-2286
-1924
-1950
-2084
-1964
-1906
-1963
-1831
-1457
-1286
-1379
-1341
-1111
-1005
-997
-1068
-1147
-1169
-926
-943
-1241
-1306
-862
-515
-530
-303
147
601
690
978
1225
1571
1798
2055
1907
2060
2502
3021
2769
2672
2902
2546
1928
2083
2934
2456
1561
1162
1550
1726
2023
1818
760
-59
553
1309
351
-1325
-1728
-1231
-1271
-1775
-2084
-2444
-2643
-2219
-1912
-2472
-2845
-2173
-1796
-2183
-2357
-1660
-1276
-1526
-1555
-1146
-950
-1164
-1156
-1157
-1202
-987
-592
-949
-1652
-1211
81
486
-260
-548
210
1079
1495
1318
885
890
1953
2634
2166
1445
2027
2917
3143
2749
2049
1384
1756
2948
2911
1446
611
1409
2239
2237
1645
986
422
638
1230
712
-762
-1508
-1002
-908
-1512
-2053
-2306
-2495
-2120
-1762
-2259
-2965
-2666
-1768
-1468
-1832
-2087
-1796
-1153
-621
-680
-1427
-1941
-1222
-235
-368
-1539
-1933
-1136
-56
120
-490
-1062
-521
745
1287
517
-181
431
1577
2015
1514
955
1057
2041
2783
2571
1703
1684
2382
2339
1754
1526
1930
1756
1780
1876
1710
1289
1561
1972
1305
440
240
428
-164
-792
-1047
-1352
-1907
-2027
-1687
-2084
-2569
-2400
-2020
-2377
-2536
-2090
-1794
-1919
-1714
-1355
-1333
-1359
-935
-787
-1109
-1240
-790
-610
-784
-741
-460
-381
-249
285
397
105
239
818
997
754
841
1106
1205
1329
1637
1651
1241
1456
2090
2368
1801
1576
1674
1587
1721
2001
1880
1119
1335
1978
2013
1279
1096
1182
939
539
363
-134
-773
-933
-718
-1194
-2051
-2159
-1703
-1760
-2265
-2439
-2502
-2385
-1999
-1678
-2147
-2536
-2032
-1215
-1153
-1688
-1817
-1473
-992
-702
-814
-1253
-1159
-256
332
-124
-527
-43
683
811
751
602
626
816
1362
1476
1171
1002
1368
1682
1631
1659
1656
1660
1572
2012
2131
1717
1280
1650
2154
1995
1727
1508
1502
1540
1750
1467
758
317
421
510
-59
-756
-1088
-1131
-1293
-1621
-1850
-2104
-2142
-2194
-2245
-2507
-2502
-2288
-2181
-2315
-2291
-2049
-1834
-1668
-1693
-1686
-1354
-870
-699
-924
-767
-314
185
173
-16
30
469
877
810
692
545
771
975
1153
864
756
905
1382
1506
1365
1278
1405
1706
1791
2023
1717
1586
1639
2197
2198
1940
1623
1554
1763
1919
1791
1071
569
505
681
373
-472
-1107
-1258
-1114
-1334
-1916
-2433
-2410
-2019
-2065
-2596
-3027
-2679
-2086
-1913
-2259
-2504
-2151
-1483
-937
-1069
-1320
-1074
-302
104
-36
-161
-63
199
487
624
431
260
434
638
710
530
477
339
322
447
733
958
849
874
980
1407
1666
1829
1686
1615
1805
2091
2242
2072
1917
1790
1830
1877
1853
1599
1135
825
617
507
60
-494
-1064
-1364
-1600
-1747
-1963
-2389
-2756
-2745
-2425
-2374
-2545
-2635
-2483
-2147
-1725
-1473
-1489
-1429
-994
-416
-85
-49
-30
84
322
590
697
460
170
174
368
392
271
38
-120
-98
109
136
-48
-48
212
538
686
782
924
1165
1405
1635
1783
1911
1996
2187
2301
2231
2159
2145
2157
1963
1809
1589
1327
949
610
268
-159
-605
-1002
-1396
-1810
-2026
-2176
-2448
-2816
-2845
-2628
-2458
-2484
-2519
-2361
-1942
-1481
-1228
-1185
-1042
-602
-55
214
125
32
208
620
798
536
110
-3
182
301
157
-247
-452
-370
-28
98
-128
-307
-56
572
812
846
740
1040
1428
1917
1976
1845
1891
2237
2565
2422
2308
2114
2089
2034
2050
1679
1160
858
750
505
-36
-507
-984
-1294
-1428
-1650
-2121
-2599
-2507
-2396
-2404
-2636
-2500
-2361
-2118
-1826
-1604
-1534
-1375
-853
-546
-464
-359
-67
19
44
198
251
173
10
16
-99
-136
-235
-287
-348
-346
-208
-152
-85
-137
196
423
659
709
1058
1323
1537
1800
1956
2125
2147
2425
2365
2364
2125
2234
2089
1927
1636
1500
1326
952
682
353
117
-298
-523
-943
-1292
-1570
-1698
-1959
-2233
-2259
-2235
-2238
-2296
-2128
-1988
-1859
-1786
-1537
-1320
-1042
-777
-654
-648
-408
-30
75
-125
-179
1
161
39
-237
-401
-314
-56
-83
-318
-455
-116
245
265
92
72
465
877
1152
1099
1163
1458
1813
2038
1964
1929
1904
2078
2051
1961
1753
1566
1420
1293
1211
998
770
351
112
-38
-104
-404
-830
-1194
-1318
-1316
-1438
-1768
-1996
-1881
-1701
-1683
-1757
-1735
-1531
-1379
-1224
-1122
-862
-647
-502
-566
-475
-235
1
-34
-320
-346
-155
75
-77
-352
-513
-325
-5
62
-143
-290
-64
273
461
401
398
503
833
1097
1247
1181
1135
1216
1401
1530
1508
1375
1167
1206
1341
1461
1226
893
722
818
927
765
356
-6
49
165
13
-415
-754
-805
-715
-763
-1067
-1322
-1310
-1157
-1123
-1212
-1279
-1190
-1004
-874
-901
-896
-778
-681
-741
-730
-672
-538
-512
-529
-513
-381
-220
-176
-215
-220
-7
129
164
88
173
270
412
431
437
472
614
719
688
633
626
696
668
607
551
602
634
686
631
595
609
766
821
780
656
615
626
716
634
429
276
275
302
129
-94
-342
-390
-448
-493
-668
-853
-949
-915
-871
-938
-1031
-1047
-928
-809
-838
-944
-1006
-795
-630
-540
-597
-495
-305
-39
90
29
49
166
401
405
356
271
383
506
532
413
362
476
549
510
388
291
332
405
364
237
194
273
367
405
353
265
290
468
596
551
390
343
411
527
470
254
20
-41
48
-39
-284
-486
-534
-496
-442
-530
-763
-858
-695
-542
-648
-764
-750
-586
-416
-393
-523
-564
-345
-113
-71
-145
-123
-28
126
233
220
135
83
189
257
302
240
201
146
205
263
272
206
133
171
243
341
261
193
138
274
376
391
290
287
365
453
475
435
410
402
353
274
226
195
53
-131
-285
-312
-287
-354
-537
-715
-666
-565
-548
-687
-760
-712
-517
-390
-419
-496
-380
-169
-23
-43
-89
-87
24
120
175
93
73
109
179
225
192
144
89
175
210
208
116
130
174
237
216
188
194
287
406
415
352
332
412
502
513
374
306
343
480
493
331
126
152
306
299
66
-212
-310
-192
-118
-303
-609
-687
-539
-450
-556
-784
-848
-714
-527
-529
-613
-577
-465
-335
-291
-253
-169
-109
-113
-106
-10
56
44
-62
-62
66
270
279
138
75
200
380
419
318
220
304
465
521
387
347
412
532
499
467
442
495
526
436
345
358
457
402
249
116
158
177
133
-31
-171
-195
-162
-210
-380
-504
-501
-434
-437
-497
-526
-504
-463
-453
-455
-454
-395
-318
-271
-276
-271
-220
-188
-131
-118
-113
-168
-138
-144
-163
-224
-204
-165
-136
-85
-48
-9
5
105
122
167
205
304
345
368
351
379
474
535
518
418
441
513
587
490
348
268
329
375
263
42
-71
-8
49
-12
-218
-364
-339
-174
-120
-225
-413
-435
-309
-153
-154
-240
-318
-221
-8
100
46
-51
1
125
274
241
37
-130
-68
46
9
-226
-369
-353
-219
-257
-413
-576
-560
-384
-232
-232
-336
-286
-86
109
111
108
165
333
444
461
391
415
520
601
503
391
470
594
594
436
241
140
209
267
122
-171
-306
-164
6
-70
-301
-448
-387
-180
-48
-206
-419
-333
-16
124
-1
-138
-99
41
203
238
54
-122
-56
119
55
-230
-411
-351
-245
-215
-350
-545
-616
-436
-235
-288
-489
-528
-296
-53
50
-26
-68
97
390
531
443
366
478
664
706
592
466
468
573
613
470
275
205
301
349
151
-110
-186
-76
-32
-201
-411
-435
-259
-129
-187
-390
-429
-198
61
22
-220
-281
-41
203
136
-119
-265
-143
60
117
-56
-290
-344
-175
-37
-144
-425
-553
-421
-184
-140
-344
-544
-448
-91
152
59
-204
-184
196
508
440
199
209
499
753
709
480
366
542
774
658
332
206
419
502
277
-50
-163
-78
4
-121
-429
-582
-445
-247
-294
-456
-515
-376
-211
-148
-203
-241
-160
-38
82
90
51
43
114
130
88
92
46
-57
-97
-1
-21
-133
-243
-234
-178
-161
-246
-352
-293
-120
-42
-157
-197
-20
216
264
213
190
261
449
596
478
279
387
668
706
455
261
278
412
490
285
-87
-196
-7
27
-291
-620
-653
-489
-367
-457
-738
-862
-595
-232
-247
-500
-525
-269
46
174
53
-116
-6
332
529
353
73
75
277
404
242
-41
-180
-63
108
-2
-251
-408
-273
-100
-91
-284
-414
-253
-30
51
-53
-65
8
238
396
382
277
303
489
614
582
454
446
501
588
535
393
211
198
254
227
33
-206
-246
-195
-210
-375
-533
-595
-492
-388
-370
-528
-597
-451
-246
-196
-268
-266
-171
-3
121
127
32
20
138
221
159
43
-7
18
53
7
-108
-185
-180
-154
-180
-231
-273
-235
-152
-141
-162
-125
-33
69
113
176
233
323
379
475
546
535
520
540
616
628
609
536
498
506
506
391
239
147
111
41
-58
-179
-306
-392
-416
-451
-551
-578
-523
-498
-522
-498
-412
-376
-378
-354
-279
-230
-196
-143
-123
-89
-38
-11
-56
-67
1
16
-85
-145
-104
-84
-122
-173
-207
-196
-122
-49
-126
-177
-74
82
104
43
58
181
328
414
391
348
456
639
711
608
535
561
637
632
542
381
309
330
349
245
72
-35
-34
-64
-195
-331
-423
-444
-491
-531
-572
-555
-520
-467
-427
-425
-395
-322
-264
-263
-250
-190
-136
-89
-59
-41
-40
-21
-15
5
-29
-70
-113
-140
-143
-124
-85
-135
-147
-124
-67
-34
-4
-8
6
90
246
263
243
282
420
534
555
579
524
546
589
656
579
474
410
410
383
347
246
94
29
9
-6
-122
-247
-361
-402
-413
-399
-447
-521
-542
-460
-374
-360
-402
-400
-315
-217
-178
-177
-182
-148
-79
-39
-23
-59
-45
-35
-4
-24
-32
-69
-96
-123
-113
-117
-156
-148
-157
-146
-147
-79
-49
-6
34
93
143
236
308
338
389
484
529
534
558
590
575
539
575
550
482
344
329
304
259
176
56
-28
-113
-86
-151
-262
-403
-414
-357
-391
-455
-521
-461
-392
-324
-343
-342
-334
-262
-153
-162
-206
-209
-107
-61
-67
-102
-108
-80
-38
-37
-129
-193
-190
-157
-178
-214
-213
-179
-138
-128
-100
-44
-13
20
77
122
177
270
389
400
395
459
551
603
566
548
532
572
564
474
374
318
307
238
141
44
13
-36
-118
-244
-354
-343
-280
-318
-458
-519
-429
-301
-296
-362
-414
-333
-143
-23
-101
-213
-152
43
128
37
-72
-72
25
104
57
-119
-185
-94
-16
-105
-230
-247
-174
-117
-125
-161
-174
-87
-1
46
38
103
217
318
328
370
420
459
487
498
508
454
466
463
434
341
260
202
145
82
-4
-96
-203
-247
-250
-290
-370
-441
-428
-407
-381
-387
-394
-398
-320
-215
-180
-212
-206
-108
-17
25
3
38
56
105
137
95
62
62
87
56
37
7
-33
-57
-91
-58
-70
-90
-134
-108
-68
-34
-14
-19
2
59
138
171
162
178
274
310
308
263
280
288
251
189
176
137
111
86
9
-56
-65
-4
-91
-208
-232
-150
-124
-187
-237
-255
-217
-142
-107
-156
-179
-119
-35
2
-7
-32
-15
28
62
106
63
47
52
113
106
33
-23
-47
-18
-40
-87
-181
-176
-119
-51
-74
-121
-101
-4
49
45
42
60
121
186
222
198
237
292
332
330
331
327
296
255
212
157
94
70
34
-31
-96
-84
-92
-153
-217
-226
-238
-244
-236
-264
-305
-295
-205
-175
-179
-189
-130
-73
-16
-21
-50
-36
30
101
50
-15
-24
37
55
29
-52
-97
-76
-25
-27
-84
-153
-130
-63
-46
-55
-95
-35
21
77
55
60
108
191
267
254
244
227
304
371
399
315
276
280
309
278
132
28
-19
42
-9
-94
-207
-237
-228
-209
-263
-373
-399
-342
-243
-258
-308
-309
-229
-147
-98
-97
-116
-76
45
91
50
38
106
148
149
112
97
95
125
99
32
-25
-31
-9
-38
-85
-122
-93
-90
-89
-117
-103
-93
-34
-24
1
23
107
174
168
182
206
269
265
295
273
286
279
275
248
220
193
150
89
39
38
3
-83
-174
-192
-197
-192
-249
-286
-310
-267
-210
-223
-260
-280
-189
-122
-98
-105
-80
-11
63
123
107
72
94
155
136
75
27
48
71
44
-21
-73
-76
-82
-83
-137
-161
-170
-127
-121
-117
-87
-74
-45
-19
30
39
81
119
168
173
214
247
268
283
309
315
266
242
244
244
184
147
109
82
42
20
-34
-85
-125
-122
-145
-183
-180
-203
-227
-217
-196
-236
-250
-201
-123
-109
-117
-83
-63
-22
1
3
-17
0
32
14
-27
-67
-43
-63
-87
-112
-116
-111
-103
-111
-160
-153
-104
-72
-67
-78
-54
-11
40
65
38
43
85
143
163
159
143
162
221
262
255
218
217
225
240
219
161
138
134
135
111
81
62
53
40
10
-35
-40
-26
-51
-85
-99
-85
-59
-57
-96
-117
-93
-49
-57
-101
-131
-103
-71
-64
-100
-138
-141
-103
-88
-127
-162
-156
-118
-97
-88
-123
-136
-112
-58
-38
-55
-71
-44
24
54
53
32
19
66
131
159
135
130
160
223
274
251
196
176
228
242
211
149
105
115
132
89
25
3
13
14
-12
-50
-67
-65
-82
-97
-112
-123
-137
-134
-128
-118
-112
-119
-123
-125
-138
-126
-139
-159
-156
-132
-102
-108
-118
-120
-87
-67
-94
-116
-85
-44
-19
-43
-66
-35
47
79
57
38
62
136
176
149
103
123
174
228
207
190
176
200
229
208
175
140
143
136
121
86
62
34
22
-7
-30
-57
-79
-81
-70
-101
-133
-130
-132
-128
-137
-151
-165
-144
-160
-155
-133
-97
-103
-124
-120
-111
-103
-90
-104
-133
-116
-84
-72
-90
-86
-60
-1
31
29
28
55
86
99
84
87
119
146
146
155
184
223
255
255
225
225
241
221
199
179
160
134
109
100
82
42
-4
-16
-15
-28
-74
-117
-138
-147
-134
-137
-147
-186
-171
-163
-149
-172
-215
-214
-168
-129
-142
-143
-122
-91
-86
-69
-65
-79
-83
-73
-66
-37
-18
-12
4
36
39
39
55
57
67
77
94
106
99
100
117
151
153
142
154
172
178
166
147
137
119
125
118
106
111
84
59
37
25
2
6
-23
-42
-56
-42
-62
-112
-144
-151
-112
-134
-152
-175
-144
-128
-133
-151
-154
-123
-82
-61
-87
-74
-56
-28
-33
-58
-62
-41
-12
-37
-73
-77
-38
-11
-19
-32
-20
14
26
11
-22
-12
28
67
71
55
64
109
148
152
124
128
171
203
202
161
147
151
163
146
118
100
118
120
88
49
15
3
-11
-31
-86
-106
-98
-108
-118
-125
-126
-125
-128
-110
-118
-122
-130
-116
-93
-74
-70
-70
-56
-32
-8
-19
-29
-23
-4
-4
-6
-38
-39
-27
-18
-18
0
9
-3
-3
3
35
39
18
6
48
98
112
107
119
135
143
158
148
143
145
147
145
136
119
100
88
78
44
38
38
26
-1
-44
-72
-75
-65
-94
-132
-170
-171
-156
-157
-196
-209
-185
-168
-142
-125
-121
-113
-101
-82
-55
-59
-74
-84
-68
-37
-34
-38
-30
-17
9
22
22
11
11
47
40
25
31
61
91
95
98
95
102
121
124
116
119
112
113
129
133
121
111
104
105
79
59
40
33
12
-8
-10
-20
-16
-29
-40
-57
-61
-59
-68
-81
-82
-103
-112
-94
-104
-121
-129
-103
-78
-54
-49
-48
-46
-38
-18
-12
-11
-30
-34
-12
11
7
-25
-49
-33
13
36
24
8
28
78
109
101
88
89
118
126
124
103
95
88
83
75
74
77
63
58
60
81
66
33
-10
-14
9
13
-22
-73
-62
-33
-41
-78
-104
-95
-63
-32
-59
-96
-86
-49
-53
-77
-83
-74
-34
-1
-4
-10
-3
11
18
9
-16
-39
-20
0
11
-4
-21
-13
9
10
0
6
3
8
18
32
14
-1
-15
-5
24
21
16
30
62
71
61
39
23
33
24
3
10
18
12
-7
-19
-36
-49
-50
-47
-58
-63
-58
-49
-33
-20
-27
-25
-30
-36
-20
-21
-32
-48
-38
-11
18
-5
-24
-16
16
56
44
4
-18
17
62
67
35
16
48
99
88
43
-11
-18
-5
2
-23
-30
-24
8
47
39
30
16
37
41
7
-24
-18
3
23
26
11
24
59
56
41
-4
-14
-9
-6
-11
-15
-8
-20
1
-1
2
-7
-16
-30
-48
-32
-38
-44
-55
-46
-34
-22
-29
-33
-17
-12
-19
-21
-17
-5
-9
-32
-34
-28
-11
-3
2
0
10
16
44
46
31
27
28
51
46
43
39
49
66
64
64
52
63
75
52
21
9
18
21
6
-9
-8
-2
0
-23
-41
-48
-38
-21
-36
-55
-57
-44
-20
-22
-34
-36
-36
-37
-47
-42
-54
-68
-63
-38
-26
-41
-39
-39
-33
-38
-42
-32
-10
4
-22
-8
-2
-5
1
-4
4
3
15
24
23
21
18
24
20
28
32
39
57
46
38
42
55
49
45
18
22
45
44
-2
-25
-5
3
7
-11
-1
37
68
35
16
23
22
3
-3
-22
-38
-29
-31
-12
-2
17
2
8
3
9
14
-3
-15
-11
16
24
15
-5
3
0
0
-17
-19
-19
-6
1
10
6
8
2
-9
-18
-23
-16
-22
-23
-29
-6
11
18
8
9
13
14
12
2
0
-6
-3
0
-2
11
20
22
24
31
31
20
11
14
4
-7
-6
-8
-8
6
14
11
6
-5
-6
-1
-11
-39
-37
-23
-17
-11
-2
10
12
6
-13
-24
-32
-48
-57
-57
-52
-42
-26
-19
-15
5
12
12
-15
-17
-11
-17
-37
-58
-57
-46
-23
-21
-21
-21
-6
22
17
7
-7
0
28
18
12
10
34
44
26
5
0
26
30
27
14
26
57
69
46
22
33
48
50
44
39
39
36
28
8
-9
-10
-15
-17
-27
-27
-33
-31
-38
-47
-48
-36
-29
-31
-31
-26
-17
-21
-25
-31
-31
-28
-17
-24
-21
-17
-16
-35
-35
-17
0
2
-6
17
37
44
32
20
16
22
25
16
19
11
23
47
48
18
12
39
46
36
19
27
37
39
24
10
2
16
20
24
22
23
40
41
23
3
14
12
15
8
18
24
17
-4
-7
-6
-13
-13
-17
-7
0
-8
-26
-24
-27
-23
-20
-17
1
-1
-10
-14
-18
-11
-12
-32
-36
-32
-28
-23
-13
-14
-14
7
2
-14
-27
-33
-13
2
-14
-32
-15
6
11
1
-8
-17
-13
-20
-25
-24
-9
1
10
16
25
30
27
17
-2
-2
-5
-3
-11
-11
2
21
18
0
-2
0
13
-12
-31
-38
-28
-16
-26
-24
-9
9
15
4
-1
6
11
-1
-27
-41
-31
-12
-15
-29
-27
-4
15
25
21
19
21
19
12
11
6
5
11
16
9
25
42
56
45
32
34
36
28
2
-6
-9
-8
-20
-8
-13
-19
-27
-27
-8
-3
-5
-12
-4
-12
-17
-28
-35
-34
-27
-40
-36
-19
-11
-5
-8
-5
3
25
16
13
20
32
30
33
46
48
45
29
32
25
16
12
16
24
33
31
24