7
-10
-20
-1
2
-7
-3
-7
1
2
-1
-3
-1
-1
-13
-6
22
26
4
-16
-26
-1
7
-15
-21
-13
4
1
-11
-10
-3
-4
0
-7
-9
12
10
8
4
-7
-6
2
7
-1
-7
-9
-1
4
-5
-13
-8
-3
-4
4
15
15
17
5
3
6
7
-12
-17
-13
-12
6
0
13
16
10
17
20
17
12
2
-6
-3
-7
2
2
-8
4
14
6
4
11
6
-10
-2
6
1
2
4
-1
-2
5
-3
-3
-13
-1
13
8
10
11
11
13
8
-5
3
16
18
12
0
4
21
18
2
4
-4
3
2
-6
4
3
4
11
8
6
9
1
-4
-11
-9
-2
1
-2
-15
-16
-8
-3
-9
-10
-7
3
-2
-9
-4
-2
0
3
-4
2
7
2
-1
-9
-16
-15
-9
-7
-2
2
1
3
-1
-15
-13
-15
-13
-4
-3
-7
-11
-6
-8
-9
-9
-3
-12
-21
-9
0
-3
-6
-5
7
5
0
5
4
2
6
2
5
4
0
7
0
6
1
6
9
3
6
3
7
10
6
-3
-7
-8
0
1
-1
2
-2
-3
-9
-6
3
-3
-7
-12
-6
11
11
3
0
-1
3
-1
-5
-5
-1
1
-2
-3
1
4
2
-3
-1
1
4
-1
-6
4
8
6
4
-3
2
10
8
2
5
4
8
13
6
4
11
14
6
1
5
4
4
3
-1
-1
0
-2
-1
2
0
-5
-10
-6
1
2
2
-2
4
16
15
10
-1
-10
-5
-9
-11
-19
-12
-1
3
4
9
10
4
4
6
11
-1
-9
-8
-4
3
-2
-8
6
11
-4
-8
-4
-1
0
-12
-14
0
4
5
-2
-5
-3
9
11
-8
-21
-21
-9
-4
-13
-22
-12
-1
-9
-14
-5
7
3
8
4
-1
-13
-25
-24
-14
-7
1
0
-3
4
8
19
21
6
3
19
28
36
15
7
3
13
4
-17
-14
-15
6
15
8
8
20
13
25
22
-2
-9
-11
-11
-11
-9
-6
2
-4
7
-9
-29
-29
-38
-37
-33
-29
-5
10
-2
8
12
2
0
-17
-36
-30
-15
13
10
-15
-7
7
15
9
-4
3
-6
12
31
19
2
-1
15
33
35
38
46
27
24
34
25
-9
-41
-33
-14
-10
5
17
20
24
31
25
33
32
7
-13
-27
-23
-4
11
-2
-16
-34
-37
-19
-3
15
32
33
40
30
-3
-12
-17
-22
-31
-46
7
37
20
28
37
28
4
-8
-2
-5
-49
-63
-31
-17
-42
-48
-21
5
3
-18
11
28
13
10
-2
0
6
-12
-9
5
11
7
5
14
27
23
15
16
19
33
30
16
0
-22
-32
6
24
-1
-12
10
24
13
-12
-35
-46
-70
-73
-40
-21
-43
-22
3
7
-13
-49
-29
-15
-23
-24
-32
8
34
0
17
39
38
17
0
2
30
14
-28
-24
-9
17
8
-24
-21
21
50
35
4
29
52
23
25
53
47
28
21
50
82
75
50
52
93
71
-14
-53
-8
-30
-81
-50
-36
-40
-14
7
28
-5
-21
2
-23
-14
1
3
26
36
40
55
67
36
1
-31
-16
-52
-114
-170
-196
-134
-73
-42
-34
-5
28
69
97
83
35
58
108
73
44
75
97
91
77
110
116
112
115
98
69
-8
-48
-83
-104
-70
-3
66
11
-28
-43
-53
18
44
99
163
146
98
76
22
-49
-121
-211
-252
-241
-231
-230
-218
-186
-182
-78
-27
-9
3
3
30
24
-3
7
35
0
38
40
23
32
30
26
30
3
-30
-46
-98
-117
-82
-81
10
76
70
163
228
199
84
9
-117
-190
-220
-400
-488
-471
-354
-301
-370
-363
-239
-196
-232
-190
-105
-9
17
-29
18
-23
-116
-138
-119
-113
0
135
207
301
310
318
294
206
168
101
23
152
362
460
532
584
550
522
461
361
230
74
-31
-17
51
-3
-21
-57
-200
-316
-309
-315
-295
-287
-218
-36
158
323
337
335
327
324
280
289
337
284
306
372
431
373
262
107
-44
-190
-219
-235
-280
-175
28
166
118
-59
-165
-202
-175
-218
-350
-273
9
222
290
324
306
296
354
364
324
258
205
160
-2
-209
-377
-254
71
213
72
-25
45
115
-39
-303
-432
-406
-222
-118
-75
-127
-15
113
296
92
-183
-541
-615
-1510
-5713
-9503
-9154
-5967
-2414
-1125
-707
2459
6741
8767
6694
3470
1662
1390
1880
1555
275
181
2307
4886
5282
3134
540
-1057
-1273
-1696
-2630
-2825
-1327
873
2110
1226
-1645
-4156
-4696
-4085
-3703
-3156
-1416
1599
4349
5972
5498
3533
1479
-232
-1454
-2729
-4517
-6024
-6219
-5384
-4816
-4612
-4489
-4079
-3127
-1953
-975
-152
477
1565
3477
6117
8809
10869
11884
11793
11381
10956
9759
7548
5259
4429
2970
-2994
-13794
-23694
-26515
-23460
-20493
-18579
-13499
-2340
11217
20509
23319
22000
20254
19359
17496
12723
5644
-952
-4657
-5788
-6835
-10120
-14853
-18217
-18227
-15722
-12876
-10823
-8292
-3041
5347
13402
17661
17479
15846
14684
13753
10630
4721
-2438
-7781
-10827
-17443
-26420
-29591
-26534
-19414
-12431
-7200
1356
12169
20456
22727
21140
19223
16450
12233
7268
1282
-3528
-4650
-2738
-563
1255
2494
4120
6491
7781
6842
3851
-2494
-12233
-20452
-20692
-15843
-12870
-12253
-7676
2798
13262
17553
15427
10632
8183
8041
7309
4378
372
-1783
-355
2164
1921
-2456
-7831
-11403
-12232
-11829
-11379
-11025
-9614
-4558
3389
9929
12235
11558
10855
11398
11265
8915
3799
-1590
-6355
-15347
-23779
-24994
-21338
-15861
-11598
-7026
2589
12714
17702
15655
11705
10740
11179
10066
7095
3576
2856
4988
6974
7143
6469
6012
6691
8139
8093
2645
-11891
-28098
-32158
-25079
-19104
-19613
-17862
-4644
14014
26961
28225
22487
17506
15304
13959
10287
2562
-4838
-6160
-1867
836
-2620
-10140
-16921
-19580
-18378
-16045
-14455
-12507
-6591
3974
15486
22095
21055
17135
15311
15110
12816
6530
-1667
-13215
-25325
-28947
-26288
-23965
-23503
-21590
-10356
6355
17164
18037
15227
15968
18736
18284
13255
5857
1139
2758
7668
9175
6505
3634
3365
5349
5644
2571
498
-6597
-22596
-32536
-27680
-17256
-15618
-19855
-11930
8642
26228
30619
25008
19009
16143
14461
11230
4126
-4557
-8339
-4644
-428
-1751
-7714
-14599
-18598
-18711
-16649
-13726
-11514
-8369
-249
12310
22829
24817
20656
16971
16211
14533
9053
-943
-17242
-28944
-27958
-23238
-22418
-25968
-24537
-10270
6631
14476
12552
11234
15546
19680
19147
14113
7044
3661
6745
11335
10457
5824
2860
4460
7427
5528
-655
-3376
-4772
-15807
-29659
-30902
-21143
-15593
-19084
-15409
2014
19673
27565
25905
22181
20090
17349
13007
6902
-1209
-7058
-6772
-3288
-2675
-6306
-11912
-16744
-19250
-19376
-17140
-14619
-11917
-4219
8612
20844
26170
24536
20774
18117
15008
5884
-8462
-19422
-22257
-19687
-19031
-21902
-20799
-12660
-2834
2050
1891
3042
8103
13048
14161
12566
11287
12079
13599
14623
13670
10672
8183
7664
7048
5935
3261
-209
-2070
-9861
-24366
-32459
-28167
-19655
-18406
-19272
-8024
10367
23995
26948
24383
22477
20508
16678
12012
5822
-1520
-6131
-5538
-3906
-5540
-10694
-16875
-21022
-21636
-19413
-16142
-13320
-8310
1382
13901
23730
26299
21861
15690
11185
6708
525
-8015
-16050
-18829
-16857
-13693
-12249
-11928
-9751
-5056
-200
2851
4104
5520
7657
10577
13658
15436
15151
14521
15248
14883
11603
7621
4815
4147
3255
2021
-2974
-17522
-30782
-31211
-22279
-17142
-20713
-17362
-429
18176
26844
25223
22011
19958
17159
14150
9687
1903
-6093
-7919
-4317
-2970
-7075
-13948
-19257
-20882
-19823
-16889
-14324
-11765
-5227
7172
20289
25180
22065
16390
12179
9721
5354
-1393
-9420
-15103
-13965
-9848
-8382
-10723
-12358
-8852
-3011
-295
-370
804
4909
9942
14055
16182
16978
16785
15724
14081
11644
7794
4678
2455
1584
1249
-7229
-22740
-32188
-29716
-21953
-20210
-20897
-11306
6363
21818
27443
25680
22413
19141
15380
11061
4684
-3174
-8341
-7510
-4464
-4081
-7713
-13541
-18289
-20475
-19646
-16889
-14833
-10847
-2101
10503
21607
25717
24252
19409
12789
7278
2001
-3965
-10896
-16697
-16224
-11122
-7759
-8607
-9567
-6044
-585
2366
2960
3894
6221
9768
13687
15665
15134
14093
13557
12400
9394
5379
3178
1973
-351
-2458
-8954
-21163
-29917
-29158
-21698
-17895
-17937
-9822
7028
22240
27458
25655
23194
19697
13685
7664
2379
-4004
-9961
-10546
-6691
-4577
-7320
-12879
-16868
-17747
-16869
-14877
-12549
-8780
-2194
7079
15895
19533
18637
17070
15482
12211
6715
611
-5364
-10615
-13492
-13949
-13346
-12931
-11908
-8923
-4610
-835
2010
5025
8538
11953
14828
16757
17134
16246
14441
11954
9297
6254
3896
1829
-473
-2847
-10539
-23152
-30840
-28275
-20048
-16659
-16738
-8350
8240
22720
27038
24881
23164
21145
16149
9413
2363
-5186
-11491
-13108
-11427
-10127
-11313
-14002
-15538
-15340
-13574
-10784
-8988
-7182
-2524
6490
16204
20697
19946
18011
16789
14162
7794
-1148
-9800
-15236
-16797
-16147
-15090
-14276
-11800
-6610
-1159
2227
4394
7478
11269
14082
15593
16344
15758
13529
11163
8973
6676
4440
2736
1324
-236
-3444
-12508
-25237
-32522
-28846
-19374
-14551
-12044
-2222
14514
28256
30947
26800
21996
17046
11177
4891
-2109
-9316
-14015
-13554
-10758
-9892
-12098
-14819
-15884
-15086
-12424
-8774
-5599
-3086
640
8706
17014
20680
19289
15992
14137
12101
6366
-3041
-12529
-17649
-18154
-16501
-14601
-12588
-8988
-3171
2261
4876
5879
8138
11668
15098
16801
16659
15786
13715
10257
7014
3919
1298
-1230
-2847
-2645
-6545
-16993
-26430
-27744
-22350
-18586
-17468
-10523
4191
19293
27613
29472
28438
24792
18262
10551
2619
-5683
-12583
-14941
-13510
-11922
-12219
-14007
-15498
-15835
-14493
-11492
-8347
-4917
909
9717
17513
18323
14945
13769
14132
12391
5845
-2576
-7787
-10008
-11482
-13975
-15742
-14194
-9808
-4910
-1175
641
2278
5726
9792
12655
14691
16278
16729
16061
13934
10784
7577
4036
1104
-1015
-2135
-4216
-12186
-23317
-28709
-25911
-21011
-19752
-17244
-6581
9546
22380
27312
27469
26716
24417
19121
11032
1791
-6480
-11363
-12201
-11614
-12210
-13754
-15065
-15497
-15533
-14856
-13717
-12190
-8338
-829
8692
16278
19819
21506
22723
21723
16566
7909
-1485
-9557
-15411
-18719
-20243
-19906
-16813
-11069
-5392
-1902
869
4837
9257
12129
13791
15467
16736
16567
15168
12914
9431
5760
2982
1267
-576
-2860
-4655
-8998
-17501
-25322
-26583
-21919
-18193
-16504
-10153
3515
18129
25944
26983
26131
24688
20335
12566
3454
-4630
-10478
-12838
-12387
-11564
-12113
-13470
-13879
-13282
-12703
-12667
-12494
-10174
-4442
4065
12104
17054
19839
21989
22507
18690
10314
751
-7099
-12767
-17039
-19847
-19730
-16189
-10936
-6153
-2754
137
3485
7183
10145
11863
12721
13421
14115
13895
12361
10059
8107
6907
4903
2062
-402
-1950
-4193
-11060
-20423
-25541
-23739
-18936
-16559
-14110
-5707
7597
19228
24432
24801
23791
21493
16663
9572
1443
-6199
-11442
-12894
-11695
-10526
-11063
-12142
-12246
-12094
-12029
-11655
-10572
-7600
-1623
6296
12224
15870
18532
20004
18851
12814
4223
-2775
-7811
-11978
-15932
-17422
-15324
-11456
-7782
-4960
-2792
-88
3389
6727
8978
10566
11973
13407
14508
13633
11309
9596
8669
7583
5093
2114
88
-1449
-5922
-14587
-23165
-25913
-22368
-18668
-17275
-12595
-1236
12429
21096
23536
24156
24178
21062
14632
6923
-638
-7387
-11767
-12564
-11331
-10896
-11571
-11838
-11681
-12040
-12511
-12167
-11282
-8579
-1317
8786
17085
20617
21617
22336
20222
12536
1243
-8479
-13885
-16520
-18061
-17970
-15700
-11691
-6712
-2153
345
1795
4445
8218
11212
11998
12255
13558
14108
12634
10275
8325
6727
4880
2712
659
-1702
-4035
-6894
-12868
-20534
-24219
-21160
-16240
-14011
-10389
-499
12397
20693
22887
22673
21475
17993
12216
5451
-1516
-7817
-11171
-11038
-9936
-9952
-10523
-10720
-11057
-11928
-12071
-10843
-8343
-4100
2871
10694
15245
16845
17966
17908
14265
6171
-2153
-6817
-9404
-11979
-14279
-14265
-11570
-8120
-5232
-3443
-2791
-1432
1977
5845
8004
9498
12415
15798
16819
14717
11592
9432
7386
4538
921
-2334
-3982
-4281
-6266
-12585
-20267
-23047
-19562
-15434
-14182
-11120
-1679
10885
19727
22625
22615
21485
18228
12891
6295
-923
-7453
-11040
-10992
-9427
-8962
-9800
-10916
-11731
-11938
-11250
-10086
-7924
-3791
2222
9314
15166
18031
18555
16344
12113
7066
1225
-5172
-10945
-14028
-14490
-14113
-13248
-10919
-7211
-3532
-859
1230
3699
6887
9746
11667
12958
13734
14019
13220
10815
7763
4839
2210
-212
-2439
-3810
-4064
-4005
-6668
-13445
-19292
-19187
-14829
-12594
-12575
-7668
4205
16162
21360
20840
19492
18044
14039
7315
-274
-6868
-10768
-10907
-8683
-7473
-8284
-9349
-9413
-9313
-9724
-9693
-8793
-6636
-1352
6780
13993
16834
16105
15501
15135
11424
3654
-4367
-9117
-11066
-12641
-14265
-14569
-12506
-8249
-3816
-1245
-97
2010
5966
9582
10808
10614
11563
13787
14274
12210
8850
5597
2884
-190
-3644
-6149
-7134
-6194
-4592
-6352
-11237
-14393
-12666
-9195
-9057
-9293
-4016
5640
13625
16615
16870
16568
14647
10072
4211
-1699
-6858
-10124
-10434
-9231
-8429
-8376
-8042
-7292
-6721
-6116
-4819
-3153
-694
3166
8379
11872
11226
9179
8338
7603
4624
-1103
-5553
-6928
-7047
-7770
-9188
-9388
-7508
-4564
-2134
-1283
-1005
1054
4476
6843
7504
8429
11057
13477
13475
10713
7579
5221
2199
-1205
-4259
-5764
-4854
-2971
-3070
-7305
-12206
-12557
-9699
-9617
-12229
-10665
-1963
7912
13023
14702
16575
17627
14895
9139
2592
-3752
-8858
-10959
-9680
-7763
-7000
-6287
-4769
-4320
-5669
-7301
-7856
-6991
-4543
294
6909
11839
13997
14823
14665
12305
6598
-384
-6004
-9676
-11924
-13342
-13966
-12821
-9482
-5007
-1629
215
2185
5327
8307
9348
9328
9726
10461
11021
10151
7719
4781
2011
-299
-2386
-4729
-5458
-4116
-1301
364
-2990
-8210
-10032
-8472
-7630
-10093
-10481
-4497
4725
11646
14239
14832
14594
12274
7893
2207
-4127
-9500
-11626
-9821
-6722
-4558
-3415
-2573
-1921
-2193
-3270
-4555
-5465
-4292
-304
5221
9372
9680
8358
8349
7810
4367
-2055
-7554
-8863
-8107
-8094
-8671
-7829
-4621
-810
1234
930
-84
816
3562
5566
5395
5673
8365
11292
11154
7590
3725
1715
286
-1825
-3302
-2907
-228
3359
3277
-1695
-7573
-9812
-9045
-10824
-14509
-13543
-5694
4260
10382
12713
14349
14793
12320
7440
1875
-3678
-8097
-9101
-6797
-3835
-2145
-1542
-1297
-1903
-3704
-5935
-7780
-8265
-6117
-1071
4774
8946
11306
11696
10244
7412
2821
-2259
-7086
-10637
-10812
-8801
-6647
-4983
-2745
627
2983
2546
1221
1106
2158
3160
3721
4702
6625
8200
8095
6172
3199
1039
10
-667
-755
57
2731
5801
5110
-732
-7486
-10552
-11091
-13199
-16175
-14418
-6154
3865
10113
12509
13597
13832
11778
7478
2022
-3344
-6875
-6935
-4345
-1778
-674
-462
-666
-1860
-4588
-7876
-10340
-10794
-8524
-3664
2426
7598
11143
13698
14218
11402
6099
386
-4346
-7997
-10457
-11070
-9824
-7519
-4765
-2034
-52
744
1226
2583
3978
4163
4007
4794
6268
7123
6800
5339
3425
2210
1749
1704
1269
872
1718
3750
4686
811
-6615
-11997
-12479
-11377
-12581
-13859
-9699
-341
8358
12009
12274
12191
11634
9314
5107
38
-4105
-5685
-4233
-1683
-324
-572
-1526
-2550
-4251
-7066
-9875
-11021
-9191
-4738
906
5870
9160
11167
11807
10327
6426
1390
-2898
-6040
-7947
-8479
-7725
-6198
-4244
-1797
499
1209
661
578
1276
1587
1411
1986
3908
6118
7482
7436
6368
4956
3887
3166
1975
837
741
2101
3469
1379
-4350
-9843
-11660
-11151
-12372
-14525
-12784
-5305
3712
9150
10892
11982
12964
12285
9039
4467
173
-2665
-3184
-2164
-1340
-1685
-2725
-3666
-4966
-6971
-9159
-10315
-9391
-6037
-960
4308
7943
9889
10765
9848
6938
2602
-1904
-5437
-7899
-8558
-7317
-5241
-3082
-807
1588
2809
1706
-282
-1380
-1400
-1163
-677
1099
4368
7948
9778
8873
6802
5121
3941
2784
879
-253
832
3477
4620
227
-7147
-11457
-11522
-11797
-15226
-16693
-10999
-1033
6623
9947
11994
14172
14472
12047
7890
3222
-902
-3129
-2821
-1854
-2048
-2840
-3360
-4045
-5914
-8388
-10244
-10792
-9344
-5424
358
5666
9326
11326
11311
9710
6342
1649
-3210
-7443
-8927
-7216
-4773
-3396
-2357
-194
1824
1059
-1660
-3456
-3279
-1722
74
2134
4900
8014
10252
10319
7930
4805
2919
2070
1050
144
617
2634
4589
3496
-1961
-8516
-12083
-12465
-13347
-15895
-15185
-8143
1644
8492
11472
13751
15751
15221
11848
7206
2386
-2015
-4556
-4493
-3313
-2922
-3340
-3687
-4349
-6261
-8676
-10490
-10899
-9189
-4750
1477
6325
8403
10069
11856
11379
7116
895
-3233
-4408
-4879
-5874
-6522
-5681
-3627
-1930
-1967
-3471
-4464
-3111
-385
1614
2978
4940
7648
9822
9904
7703
4677
2601
1991
2040
1517
679
1168
3265
4796
2187
-4449
-10383
-12405
-12165
-13418
-15283
-12902
-5012
4165
10154
12918
14652
15451
14182
10765
5884
534
-3714
-5119
-4125
-3209
-3591
-4501
-5022
-5734
-7353
-9309
-10628
-10136
-6822
-1338
4002
7481
9550
11499
12366
10068
5120
219
-2936
-4852
-6446
-7400
-7349
-6502
-4958
-3271
-2495
-2650
-2243
-230
2280
3634
4285
5450
7110
8103
7588
5983
4117
3006
2649
2532
1787
739
981
2418
2749
-1000
-7476
-11490
-11762
-11406
-12854
-13535
-8943
-595
6819
11009
13124
14520
14455
12216
8414
3485
-1263
-4123
-4510
-3951
-3985
-4489
-4921
-5540
-6795
-8470
-9567
-9620
-7887
-3889
1653
6741
10205
12312
13431
11925
7013
1539
-2676
-5697
-8179
-10229
-9878
-7286
-4554
-2583
-1174
103
1029
1561
2017
2082
1885
2377
3848
5410
6218
6354
5912
5417
4696
3702
2592
1241
495
829
2017
974
-4087
-9151
-10624
-9516
-10423
-13186
-12126
-5434
2890
8114
10301
12189
13858
13514
10783
6172
902
-3392
-4983
-4613
-4442
-5074
-5481
-5188
-5291
-6497
-7846
-8607
-8138
-5876
-1295
3966
7416
9351
11219
12348
10972
6518
1406
-2556
-5448
-7641
-9048
-9340
-8338
-6212
-3418
-1406
-784
-216
1308
2991
3638
3812
4550
5958
7107
7210
6248
4806
3851
3428
3065
1983
621
520
1732
2158
-1076
-6733
-10274
-10464
-10136
-11724
-12908
-9577
-2116
5152
9380
11572
13371
14147
12663
8839
3607
-1523
-4972
-6014
-5721
-5540
-5531
-5296
-4965
-5240
-6242
-7308
-7812
-6804
-3444
1577
6211
9238
11113
12500
11660
7476
2303
-2107
-5451
-8205
-10187
-9830
-7626
-5177
-2806
-753
634
1247
1496
1933
2120
2076
2664
4065
5537
6576
6830
6267
5590
4843
3814
2734
1239
410
901
1618
-2
-4756
-8929
-9751
-9151
-10549
-13024
-11546
-4923
2484
6913
9301
11986
13918
13203
10071
5535
450
-3771
-5646
-5426
-5153
-5364
-5191
-4364
-4188
-5336
-6886
-7789
-7469
-5087
-791
3700
6839
9048
11091
11766
9580
5195
720
-2798
-5719
-8036
-9052
-8567
-7075
-4924
-2549
-870
-154
624
1943
3050
3248
3340
4343
5906
6840
6681
5754
4795
4219
3749
2954
1569
522
795
1817
1033
-3377
-8268
-10012
-9275
-9598
-11885
-11701
-6411
1106
6486
8962
10795
12539
12444
9879
5557
692
-3416
-5408
-5266
-4517
-4306
-4119
-3630
-3515
-4500
-5983
-7083
-7069
-5326
-1646
2831
6413
8663
10147
10871
9116
4539
-204
-3701
-5969
-7902
-9503
-8927
-6240
-3129
-975
163
1204
2251
2972
3007
2355
1950
2666
4251
5643
5990
5454
5149
5239
4803
3434
1642
683
968
1558
-66
-4691
-8726
-9487
-8500
-9427
-11661
-10444
-4536
2052
5811
7792
10046
11607
10889
8386
4905
815
-2782
-4267
-3788
-3348
-3713
-3971
-3557
-3519
-4774
-6405
-7337
-7103
-5244
-1584
2566
5469
7273
9061
10086
8664
4864
782
-2325
-4699
-6845
-8157
-7953
-6473
-4310
-2105
-540
244
1060
2262
3040
3019
3096
4080
5535
6302
6248
5577
4699
3846
2946
2227
1528
989
1262
2060
886
-3506
-8036
-9490
-8927
-9781
-11730
-10495
-4822
1884
6152
8236
10025
11177
10394
7844
4129
-47
-3386
-4463
-3687
-2961
-3013
-3077
-2817
-3045
-4301
-5995
-7345
-7505
-5591
-1656
2547
5290
7145
8975
9928
8471
4565
340
-2675
-4731
-6268
-7116
-6895
-5593
-3494
-1271
-61
-13
194
1312
2439
2722
2680
3466
5061
6515
6811
5794
4448
3262
2767
2306
1347
408
332
1352
167
-4131
-8107
-9106
-8407
-9525
-10962
-8608
-2718
3063
6296
8353
10347
10778
9012
6154
2871
-566
-3310
-3996
-3291
-2738
-2689
-2714
-2824
-3623
-5081
-6436
-7271
-6908
-4660
-876
2945
5681
7563
9023
9232
7299
3753
182
-2672
-4847
-6287
-6783
-6403
-5386
-3648
-1697
-603
-228
563
2048
3318
3781
4196
5149
6127
6525
5917
4425
2794
1616
1164
996
470
266
1144
1421
-1352
-5827
-8392
-8317
-8554
-10209
-9899
-5422
847
5246
7423
9336
10735
10065
7467
4179
605
-2685
-4380
-4181
-3395
-3052
-2913
-2598
-2729
-3676
-4988
-6031
-6393
-5278
-2334
1408
4463
6486
7991
8629
7384
4400
876
-2108
-4419
-6083
-6660
-6103
-4847
-3305
-1596
-170
554
973
1717
2590
3078
3444
4354
5448
5950
5668
4834
3728
2353
1083
584
209
-50
473
820
-1199
-5185
-7658
-7393
-7326
-9109
-9525
-5744
283
4601
6661
8439
10022
9727
7538
4594
1066
-2588
-4660
-4443
-3375
-2958
-2732
-2070
-1761
-2638
-4262
-5693
-6417
-5895
-3422
562
4369
7054
9041
10321
9541
5358
-260
-4504
-6892
-8265
-9386
-9104
-6059
-1459
2169
3423
3361
3521
3854
3331
1785
387
700
2578
4473
5023
4641
4484
4357
3440
1644
-291
-1094
-607
-539
-2659
-5695
-6856
-5876
-5637
-7312
-7891
-4874
66
3591
5334
7284
9264
9355
7487
4831
1686
-1780
-4397
-5114
-4473
-3719
-3086
-2285
-1646
-1840
-3009
-4520
-5668
-5752
-4151
-1306
1912
4857
7375
9177
9140
6839
3173
-799
-4268
-6920
-8359
-8296
-6733
-3966
-889
1357
2414
2764
2990
2925
2440
2069
2591
4061
5728
6524
6138
4996
3580
2098
123
-1940
-3058
-2528
-1648
-2905
-5305
-6155
-5072
-4625
-6167
-6830
-4063
675
4362
6303
8160
10009
10122
8044
4807
1090
-2783
-5833
-6920
-6564
-5763
-4722
-3230
-1743
-1304
-1968
-2947
-3795
-3959
-3034
-956
1760
4375
6661
8259
8281
6390
3273
-340
-3989
-7041
-8744
-8696
-7222
-4769
-1716
1144
3083
4044
4457
4323
3749
3088
3049
3858
4709
5255
5341
4922
4058
2246
62
-1814
-2987
-3652
-5248
-7218
-7688
-6197
-4477
-4555
-4980
-2991
1079
4681
6220
7140
8615
9630
8852
6205
2503
-1292
-4360
-6127
-6992
-7261
-6736
-5234
-3316
-2079
-1701
-1806
-2164
-2284
-1667
-10
1555
2851
4739
6686
7561
6188
3376
652
-1990
-4814
-7495
-8794
-8122
-6126
-3543
-863
1425
3211
4582
5442
5454
4821
4251
4318
4617
4498
4231
3995
3721
2888
1327
-519
-2209
-3719
-6205
-9030
-9973
-8353
-6029
-5182
-4508
-1548
2993
6431
7703
8323
9221
9339
8000
5574
2494
-1028
-4166
-5864
-6509
-6829
-6911
-6241
-4905
-3763
-3057
-2587
-2243
-1653
-418
1554
3537
4707
5598
6400
6414
5131
2646
-118
-2750
-5000
-6396
-6834
-6602
-5807
-4107
-1711
512
2008
3166
4405
5498
6101
6191
6017
5483
4845
4168
3456
2674
1586
555
-286
-1325
-3745
-7516
-10284
-10547
-9242
-8332
-7401
-4328
965
6071
8907
10070
10835
10833
9121
6067
2554
-775
-3469
-5138
-5698
-5691
-5464
-5061
-4623
-4370
-4406
-4433
-4217
-3560
-2170
-33
2582
5051
6795
7792
7634
6354
4105
1161
-1984
-4719
-6332
-6722
-6403
-5478
-3983
-2141
-579
407
1300
2454
3651
4623
5585
6599
7240
7080
6311
5221
3753
2165
614
-676
-2049
-4430
-7379
-9490
-9900
-9426
-9234
-8408
-5458
-680
4155
7599
10061
11798
12169
10612
7513
3624
-419
-3936
-6085
-6821
-6594
-5817
-4757
-3762
-3287
-3318
-3570
-3893
-3867
-2864
-631
2234
4574
5865
6952
7553
6946
4562
822
-2521
-4733
-6122
-6853
-6751
-5420
-3202
-807
1053
1971
2161
2243
2552
3027
3498
4138
5078
6142
6780
6639
5981
4637
2579
456
-2008
-5359
-8828
-10800
-10512
-9545
-8906
-7338
-3819
802
4505
6854
8648
10015
10244
8992
6652
3637
268
-2645
-4582
-5573
-5994
-5960
-5476
-4737
-4035
-3451
-3163
-3020
-2631
-1546
314
2347
3965
5177
6161
6696
6172
4393
1760
-1030
-3391
-5199
-6500
-7199
-6808
-5052
-2579
-514
861
2296
4029
5274
5580
5215
4845
4703
4554
4414
4045
3496
2933
2632
1578
-1764
-6133
-9034
-9532
-9552
-10259
-9673
-6101
-702
3847
6638
8637
10041
10117
8774
6437
3420
65
-2571
-3790
-4220
-4512
-4798
-4820
-4684
-4668
-4554
-4331
-4021
-3275
-1609
1048
3530
5030
5848
6260
6164
5097
3129
754
-1513
-3001
-3765
-4316
-4786
-4817
-4080
-2928
-2029
-1409
-518
1019
2759
4192
5280
6149
6664
6593
5725
4331
2903
1595
584
-898
-3306
-5659
-6956
-6916
-7042
-7790
-7425
-4869
-896
2494
4845
6977
8810
9429
8447
6251
3321
84
-2519
-4001
-4607
-4833
-4753
-4231
-3595
-3430
-3712
-4147
-4301
-3633
-2141
-79
2216
4226
6015
7039
6786
5434
3400
1160
-1074
-2909
-3837
-4010
-3767
-3231
-2431
-1528
-976
-785
-594
-133
464
1200
2377
3887
5275
6158
6525
6382
5276
3386
1189
-1884
-5605
-8529
-9108
-7946
-7181
-6565
-4470
-637
2967
4796
5801
6818
7358
6713
5180
3238
874
-1382
-2709
-3152
-3322
-3469
-3376
-3141
-3254
-3544
-3739
-3809
-3694
-3152
-1592
570
2472
3904
4973
5611
5514
4455
2746
798
-837
-2000
-2659
-2934
-2697
-1964
-1123
-589
-340
-102
294
510
652
1098
1856
2767
3515
4091
4497
4362
3582
2366
34
-3406
-6566
-8053
-7823
-7480
-7053
-5041
-1137
3101
5734
7027
7846
8031
6938
4795
2251
-349
-2643
-3967
-4282
-4026
-3725
-3299
-2689
-2249
-2243
-2501
-2904
-2991
-2452
-825
1001
2044
2912
3930
4715
4267
2345
451
-721
-1479
-2175
-2590
-2155
-1072
222
1283
1811
1821
1594
1343
993
631
477
734
1362
2125
2821
3252
3260
2608
1476
-616
-3738
-6707
-8199
-7813
-6903
-6061
-4188
-539
3644
6381
7545
8132
8256
7381
5354
2714
-109
-2787
-4617
-5344
-5368
-5130
-4534
-3445
-2451
-1933
-1711
-1518
-1369
-1219
-363
1097
2425
3287
3784
4174
4081
2991
1213
-703
-2382
-3670
-4322
-4163
-3356
-2039
-235
1688
3163
4018
4368
4153
3548
2854
2199
1613
1125
997
1366
1666
1495
726
-1124
-3866
-6555
-7968
-8008
-7936
-7427
-5094
-860
3652
6708
8480
9569
9807
8741
6458
3443
112
-2835
-4676
-5415
-5665
-5873
-5590
-4688
-3715
-3173
-2834
-2321
-1610
-660
816
2459
3840
4583
4879
4938
4338
2763
615
-1321
-2701
-3749
-4316
-4232
-3550
-2486
-1185
225
1528
2584
3310
3925
4304
4476
4258
3826
3391
2797
2254
1566
776
-842
-3570
-6197
-7719
-7822
-7703
-7663
-6425
-3298
717
3852
5767
7195
8208
8370
7383
5505
3054
466
-1643
-3022
-3889
-4517
-4901
-4860
-4601
-4334
-4049
-3681
-3104
-2334
-1060
681
2500
4121
5159
5628
5470
4563
2982
912
-1143
-2786
-3726
-4067
-3875
-3070
-1805
-454
696
1649
2456
2914
3049
3041
2958
2918
2899
2788
2755
2489
1988
852
-1334
-3775
-5696
-6512
-6838
-7213
-6624
-4388
-989
2005
3926
5387
6549
7041
6425
4904
2954
774
-1172
-2505
-3193
-3544
-3826
-3765
-3489
-3155
-2917
-2745
-2535
-2063
-1304
-369
840
1929
2973
3807
3946
3603
2878
1834
480
-995
-2119
-2600
-2597
-2225
-1492
-544
533
1464
2075
2360
2401
2370
2190
2030
2051
2163
2190
1820
1383
736
-886
-2975
-4654
-5181
-5118
-5212
-4707
-3028
-525
1670
3056
4063
4735
4894
4482
3661
2438
834
-604
-1566
-2257
-2859
-3393
-3552
-3473
-3305
-3000
-2483
-1862
-1499
-921
98
1185
1948
2037
2060
2284
2322
1956
1192
402
-251
-770
-1090
-1318
-1358
-1123
-495
365
1081
1702
2152
2574
2836
2527
2122
1747
1429
1255
763
367
-85
-1167
-2657
-3988
-4457
-4320
-4194
-3763
-2471
-271
1862
3196
3919
4344
4518
4112
3145
1836
397
-847
-1747
-2287
-2652
-2974
-3104
-3045
-2928
-2764
-2474
-2192
-1719
-886
441
1775
2492
2701
2683
2563
1985
923
-127
-955
-1463
-1717
-1589
-1163
-626
63
892
1550
1922
2092
2281
2373
2209
1794
1441
1293
1147
927
548
189
-520
-2029
-3532
-4499
-4563
-4281
-4010
-3003
-1044
1435
3296
4203
4564
4473
3894
2801
1511
251
-900
-1533
-1677
-1605
-1692
-2067
-2423
-2623
-2847
-3049
-2875
-2065
-817
530
1733
2681
3260
3153
2455
1403
268
-750
-1541
-1980
-2046
-1797
-1246
-508
299
930
1347
1741
2131
2476
2527
2312
2070
1789
1570
1259
753
302
-117
-649
-1753
-3019
-3706
-3804
-3736
-3762
-3257
-1829
36
1620
2689
3600
4241
4297
3712
2525
1061
-458
-1648
-2304
-2624
-2601
-2374
-2024
-1686
-1423
-1185
-1097
-1093
-948
-435
551
1467
2117
2455
2482
2178
1422
400
-699
-1665
-2206
-2188
-1666
-991
-289
483
1265
1777
1921
1801
1564
1410
1380
1487
1583
1545
1521
1392
1052
93
-1364
-2556
-3209
-3373
-3422
-3298
-2630
-1410
-20
1066
1698
2070
2182
2128
1850
1330
662
-103
-763
-1203
-1366
-1397
-1383
-1289
-1138
-883
-620
-523
-572
-482
-76
458
842
1077
1217
1287
1155
674
67
-415
-668
-694
-464
-100
302
733
1085
1264
1098
686
261
-53
-160
-83
133
452
843
1256
1419
1112
277
-655
-1280
-1618
-1985
-2277
-2109
-1387
-428
370
971
1269
1265
1054
652
70
-688
-1377
-1688
-1600
-1480
-1367
-978
-411
211
604
784
967
1075
1049
969
797
605
438
312
177
-56
-329
-474
-502
-500
-434
-247
76
422
721
961
1077
1067
972
840
709
585
490
337
124
-64
-220
-467
-978
-1434
-1577
-1403
-1093
-674
-203
291
705
940
981
754
352
-2
-245
-468
-747
-937
-1067
-1315
-1568
-1739
-1774
-1645
-1402
-950
-208
641
1326
1790
2068
2145
1932
1474
940
519
248
171
318
538
681
638
590
484
244
-162
-584
-694
-582
-198
205
533
838
959
1111
1023
581
52
-530
-928
-1244
-1439
-1446
-1378
-1161
-925
-637
-291
-110
29
118
226
327
274
91
-205
-399
-559
-826
-1095
-1261
-1223
-1104
-982
-817
-552
-149
212
453
598
658
761
857
970
1098
1244
1477
1709
1797
1685
1447
1186
923
610
332
189
250
360
353
235
79
-51
-242
-467
-699
-820
-861
-957
-994
-1119
-1139
-1035
-966
-727
-455
-155
75
225
411
486
497
308
22
-257
-639
-1079
-1507
-1766
-1792
-1659
-1344
-946
-415
109
423
554
515
398
219
23
1
191
557
1037
1545
1990
2226
2201
1876
1408
949
574
372
256
284
521
837
1068
1005
802
553
249
-173
-595
-1007
-1604
-1856
-1761
-1466
-1211
-1387
-1441
-1048
-540
-312
-343
-244
-53
178
301
143
-97
-340
-451
-392
-303
-293
-359
-295
-144
-159
-344
-610
-793
-819
-693
-423
-139
38
161
337
559
632
563
508
646
1006
1404
1741
1996
2215
2369
2286
1886
1289
751
362
52
-308
-535
-545
-460
-425
-534
-597
-631
-663
-643
-577
-484
-488
-540
-582
-636
-833
-1177
-1454
-1534
-1447
-1283
-1014
-697
-355
-21
207
299
289
262
276
254
205
179
196
185
30
-190
-328
-353
-371
-452
-447
-347
-213
-47
157
436
680
904
1199
1491
1652
1628
1550
1539
1441
1213
1034
1014
1084
1041
792
416
14
-341
-706
-1165
-1572
-1703
-1446
-1014
-734
-643
-531
-344
-220
-364
-757
-1136
-1256
-1119
-914
-801
-756
-584
-310
-86
-8
-27
19
158
344
443
424
335
225
167
109
46
-26
-64
55
232
358
383
360
317
240
179
137
93
66
164
434
783
1034
1155
1245
1301
1278
1048
770
587
451
326
172
23
-72
-169
-313
-561
-853
-1064
-1131
-1177
-1312
-1407
-1337
-1133
-957
-881
-833
-718
-518
-296
-144
-57
49
227
413
506
471
404
385
336
239
122
-7
-105
-133
-109
-96
-67
38
214
360
424
473
550
598
567
472
420
402
376
379
385
392
405
364
228
82
14
6
52
141
311
500
599
585
462
253
-68
-435
-761
-1010
-1154
-1235
-1249
-1212
-1175
-1106
-1012
-883
-731
-576
-397
-213
14
257
437
487
450
413
429
462
438
403
420
485
530
490
359
203
75
20
-22
-74
-81
-11
134
237
250
211
158
116
117
204
307
397
479
567
629
556
342
86
-129
-279
-397
-462
-432
-362
-282
-246
-270
-314
-400
-493
-534
-536
-504
-437
-345
-260
-185
-158
-193
-231
-268
-300
-278
-240
-218
-176
-63
103
257
387
495
595
655
636
577
513
440
401
420
495
578
623
607
523
375
149
-152
-511
-784
-887
-805
-606
-388
-128
170
420
545
519
421
320
291
296
279
237
119
-78
-394
-777
-1157
-1475
-1622
-1560
-1311
-921
-460
-27
281
470
561
595
597
549
523
544
580
547
397
188
-63
-258
-395
-478
-459
-343
-121
152
388
536
608
669
716
724
705
710
772
815
770
617
378
73
-251
-569
-864
-1048
-1054
-906
-683
-478
-247
19
222
318
282
200
145
89
54
-37
-174
-313
-444
-562
-752
-981
-1172
-1271
-1260
-1156
-940
-573
-102
401
878
1273
1541
1616
1520
1336
1070
759
464
214
-1
-213
-391
-516
-588
-658
-712
-679
-538
-289
38
381
683
918
1108
1193
1069
761
392
50
-270
-516
-668
-697
-575
-352
-116
22
42
-10
-96
-249
-444
-568
-591
-526
-392
-198
-43
-9
-56
-141
-256
-416
-592
-703
-692
-580
-434
-252
-85
76
268
486
683
786
868
976
1082
1088
981
856
733
542
269
-5
-202
-377
-545
-635
-625
-526
-379
-172
37
170
234
303
357
289
151
8
-122
-268
-424
-491
-446
-400
-299
-68
241
513
652
672
531
253
-68
-422
-784
-1107
-1239
-1142
-938
-748
-561
-320
-134
-70
-34
45
162
305
510
759
952
1063
1083
968
682
300
-23
-257
-401
-370
-123
232
523
671
709
641
411
69
-247
-451
-470
-319
-83
136
265
281
187
-36
-368
-713
-969
-1068
-989
-789
-539
-276
-2
262
467
561
558
530
516
475
349
144
-140
-448
-706
-904
-1053
-1153
-1119
-909
-616
-327
-76
164
397
596
726
801
856
935
1026
1065
980
811
607
358
106
-94
-218
-281
-272
-159
14
154
238
274
279
221
164
152
164
152
120
131
113
-32
-281
-575
-817
-1019
-1180
-1221
-1125
-876
-547
-192
124
342
485
573
597
483
263
50
-113
-265
-421
-512
-518
-506
-478
-403
-299
-214
-114
51
223
345
428
510
570
572
560
543
473
373
310
292
268
194
121
117
139
159
206
279
345
357
335
290
187
29
-132
-183
-153
-95
-25
15
4
-63
-200
-424
-700
-961
-1111
-1091
-924
-655
-331
23
333
503
507
360
154
-57
-270
-445
-519
-428
-225
-37
92
188
274
305
267
204
155
180
278
420
572
664
680
612
475
298
83
-124
-265
-304
-258
-167
-55
48
135
200
223
215
165
73
-17
-68
-105
-191
-264
-255
-203
-195
-236
-274
-288
-322
-413
-503
-566
-569
-491
-362
-225
-121
3
141
220
219
145
58
-22
-100
-157
-173
-150
-72
62
226
361
449
509
556
603
618
597
571
593
664
714
686
584
429
241
34
-205
-458
-644
-698
-641
-550
-455
-335
-197
-118
-108
-132
-156
-164
-150
-92
-48
-29
8
67
63
-43
-179
-315
-448
-577
-647
-630
-589
-495
-312
-63
126
190
206
224
217
149
49
-28
-83
-111
-79
1
79
158
281
456
619
698
703
664
615
554
510
517
538
558
606
654
606
413
145
-113
-362
-572
-702
-751
-705
-587
-411
-244
-214
-302
-408
-469
-528
-588
-582
-456
-195
100
345
480
472
340
118
-138
-399
-618
-698
-601
-389
-178
-12
117
165
130
19
-131
-255
-303
-250
-125
12
148
243
315
370
412
468
497
514
534
609
699
757
779
759
721
659
561
400
161
-71
-257
-410
-545
-657
-693
-645
-536
-388
-275
-242
-227
-227
-261
-367
-480
-521
-492
-426
-329
-206
-81
16
66
83
89
93
86
73
38
3
-22
-23
6
52
111
164
209
203
121
-6
-153
-278
-359
-380
-294
-85
179
433
624
742
793
766
696
633
590
601
670
719
692
551
322
37
-307
-688
-992
-1137
-1135
-1054
-888
-642
-374
-144
-13
42
44
46
35
19
11
2
-24
-88
-175
-259
-332
-405
-457
-450
-361
-197
-25
118
257
377
467
530
576
570
515
448
385
285
117
-70
-231
-354
-448
-487
-447
-353
-215
-8
224
422
556
683
818
895
892
799
654
484
291
52
-215
-468
-655
-783
-915
-1036
-1059
-952
-788
-610
-378
-95
177
381
521
596
569
456
317
163
-18
-198
-297
-343
-395
-436
-447
-414
-381
-350
-271
-157
-8
200
448
682
836
903
898
781
547
247
-44
-294
-498
-601
-592
-512
-412
-308
-174
-28
97
180
259
391
560
677
687
640
558
418
192
-92
-374
-599
-757
-837
-843
-797
-691
-527
-324
-126
71
286
472
569
589
559
480
350
199
66
-41
-91
-94
-84
-93
-120
-151
-191
-250
-303
-305
-249
-149
-11
163
337
460
501
462
362
220
62
-111
-251
-322
-330
-307
-259
-180
-93
-15
31
36
36
62
91
97
71
62
88
95
29
-70
-170
-263
-350
-422
-456
-453
-398
-293
-165
-32
114
265
403
496
545
560
509
412
295
187
84
3
-30
-27
2
2
-7
-18
-41
-88
-131
-125
-66
8
67
119
155
154
125
58
-38
-146
-223
-239
-222
-191
-142
-59
21
64
83
95
74
21
-15
-40
-88
-149
-196
-226
-253
-276
-290
-279
-256
-224
-172
-116
-90
-81
-62
-43
-8
58
164
276
369
443
502
528
475
373
260
150
29
-88
-161
-188
-181
-151
-95
-54
-50
-29
36
107
133
141
172
200
179
136
72
-26
-139
-220
-242
-249
-258
-232
-142
-31
53
110
157
186
195
184
142
63
-49
-164
-275
-386
-466
-490
-450
-354
-223
-90
34
121
152
138
94
56
60
108
202
340
471
557
574
513
382
185
-22
-175
-246
-253
-219
-158
-87
-36
-31
-71
-118
-131
-95
-17
72
149
196
200
146
29
-130
-286
-392
-417
-383
-304
-188
-56
51
114
130
117
97
62
33
18
31
37
33
0
-60
-128
-196
-238
-243
-217
-155
-60
48
145
206
238
231
204
187
194
210
233
250
261
260
223
142
38
-56
-133
-185
-198
-161
-82
24
123
183
212
204
160
66
-55
-172
-254
-284
-283
-249
-203
-156
-125
-118
-128
-132
-112
-66
-15
35
86
116
102
47
-31
-106
-167
-200
-197
-160
-95
-28
35
78
105
119
115
82
47
49
96
146
189
226
252
264
242
164
43
-79
-168
-215
-248
-255
-217
-120
3
102
156
176
194
191
166
141
123
107
96
80
36
-32
-110
-182
-247
-304
-314
-262
-169
-55
44
132
195
221
210
170
106
10
-92
-170
-200
-201
-208
-207
-176
-117
-61
-14
27
66
113
153
185
196
186
161
126
79
33
-3
-31
-61
-92
-106
-115
-137
-155
-177
-159
-92
-1
100
198
299
372
401
363
270
150
24
-95
-185
-232
-243
-223
-187
-135
-105
-108
-126
-126
-96
-60
-35
11
82
141
156
109
6
-125
-220
-267
-277
-254
-177
-50
85
174
205
182
143
101
65
60
81
134
209
276
288
242
156
38
-98
-222
-304
-336
-328
-287
-226
-154
-68
10
81
134
177
232
279
288
260
229
185
122
37
-53
-125
-176
-191
-181
-163
-163
-160
-141
-115
-79
-37
15
61
92
99
78
14
-88
-194
-269
-288
-257
-181
-68
58
172
248
288
284
242
166
100
63
48
48
73
111
151
173
168
126
31
-97
-213
-296
-359
-373
-310
-176
-30
90
178
229
228
185
134
88
73
90
140
193
217
204
145
54
-69
-198
-285
-320
-317
-267
-178
-62
32
83
101
92
60
0
-57
-116
-157
-169
-168
-157
-136
-89
-14
62
123
168
207
218
173
107
39
-28
-92
-124
-116
-91
-45
5
39
46
21
-28
-90
-160
-204
-194
-146
-83
6
105
202
263
278
269
240
197
142
108
97
99
101
84
51
-1
-81
-175
-248
-275
-252
-192
-117
-44
23
66
62
10
-60
-120
-161
-179
-158
-91
2
98
178
217
236
227
184
109
35
-13
-36
-48
-49
-35
-24
-41
-79
-107
-112
-108
-106
-97
-84
-63
-36
-29
-47
-77
-81
-27
31
79
139
210
277
301
265
203
134
72
33
8
-13
-20
-15
-7
-25
-65
-101
-123
-144
-152
-124
-75
-29
-6
5
-3
-33
-81
-119
-119
-79
-15
48
107
164
187
171
129
74
16
-39
-86
-117
-126
-125
-120
-102
-75
-34
12
34
34
29
12
-20
-66
-111
-136
-114
-57
13
83
154
203
217
192
134
74
23
-16
-31
-11
26
53
68
65
34
-14
-67
-111
-142
-153
-128
-80
-32
3
33
53
33
-9
-50
-66
-59
-49
-15
35
78
102
110
117
95
55
-1
-47
-66
-74
-88
-104
-100
-65
-21
-3
12
29
45
45
31
11
-11
-36
-63
-75
-69
-39
11
73
130
174
196
187
142
70
2
-48
-81
-90
-78
-41
4
37
39
14
-28
-82
-121
-132
-103
-50
8
68
121
144
111
51
-2
-44
-74
-78
-42
9
61
104
130
121
74
16
-40
-85
-129
-157
-157
-134
-95
-63
-41
-16
10
25
28
1
-37
-56
-66
-69
-64
-41
-5
37
74
100
119
113
95
81
60
30
9
7
15
24
33
32
25
21
16
10
-1
3
13
42
54
50
51
52
36
-4
-40
-53
-51
-45
-32
-12
27
52
55
56
59
43
0
-42
-73
-98
-135
-171
-190
-182
-161
-134
-101
-70
-45
-26
-19
-25
-25
-20
-20
-13
15
59
102
123
126
129
124
94
47
9
-10
-21
-17
4
37
60
81
95
92
74
45
21
6
0
14
30
46
44
34
21
-3
-36
-69
-81
-75
-46
-9
18
49
82
95
79
35
-27
-90
-151
-191
-205
-203
-188
-158
-130
-118
-124
-132
-127
-113
-85
-25
70
156
206
237
257
254
216
149
85
44
39
37
28
24
27
36
31
1
-37
-51
-41
-15
14
49
78
103
116
101
70
17
-37
-88
-129
-152
-151
-124
-84
-48
-19
0
18
26
31
30
17
4
-12
-33
-62
-107
-152
-181
-196
-196
-178
-138
-94
-53
-9
25
43
47
62
97
127
152
183
224
253
260
247
225
196
154
104
65
33
4
-24
-49
-69
-84
-90
-86
-74
-54
-32
-8
10
27
38
41
23
-6
-33
-55
-80
-100
-113
-111
-85
-62
-43
-39
-40
-46
-64
-85
-108
-124
-135
-133
-128
-121
-114
-99
-87
-77
-66
-51
-38
-22
7
47
91
123
154
183
210
222
223
228
232
230
226
214
198
172
128
73
4
-59
-100
-128
-140
-136
-116
-82
-45
-14
12
26
35
33
1
-36
-72
-113
-147
-163
-159
-140
-113
-87
-57
-39
-50
-64
-72
-71
-78
-93
-96
-71
-34
-10
0
-1
2
6
1
-3
-2
-1
6
32
67
109
150
192
221
231
230
226
214
171
121
89
60
40
35
38
33
7
-20
-53
-81
-110
-139
-142
-108
-76
-57
-46
-38
-37
-41
-59
-87
-106
-107
-91
-69
-56
-49
-34
-18
-21
-37
-43
-28
-6
12
24
34
36
19
1
-20
-42
-58
-69
-68
-55
-37
-22
-9
14
56
101
130
144
159
169
161
125
84
55
45
36
30
26
24
14
-12
-46
-72
-89
-101
-104
-93
-65
-37
-9
-3
-5
-7
-3
-11
-29
-37
-33
-24
-20
-9
4
13
6
-5
-8
-4
8
14
28
51
70
79
65
40
0
-38
-76
-116
-140
-148
-125
-82
-32
23
73
124
151
156
151
141
124
95
66
44
38
37
35
29
21
7
-17
-63
-112
-143
-142
-134
-109
-66
-9
42
64
54
23
-14
-62
-100
-113
-103
-60
3
58
90
97
96
67
13
-49
-75
-59
-26
7
46
96
130
124
80
15
-59
-113
-154
-172
-153
-99
-35
15
54
88
105
101
96
85
79
75
75
78
76
55
30
8
-23
-52
-71
-77
-75
-61
-45
-26
-15
-13
-17
-29
-36
-37
-33
-24
-14
0
7
0
-13
-17
-23
-31
-37
-26
-5
10
23
29
25
9
-5
-1
6
12
24
32
23
6
0
-14
-44
-73
-77
-65
-56
-43
-12
33
67
90
109
114
102
94
78
49
11
-23
-53
-66
-83
-99
-102
-97
-88
-72
-54
-34
-17
-5
5
0
-4
6
28
42
36
23
13
3
-7
-20
-12
15
44
74
95
107
95
70
40
14
8
13
32
61
86
105
104
80
41
-8
-62
-112
-144
-153
-150
-130
-99
-57
-11
20
36
43
62
71
55
28
5
-13
-34
-53
-68
-65
-63
-62
-54
-44
-39
-51
-58
-51
-35
-11
18
50
69
82
82
58
32
12
1
-6
-2
21
56
85
93
86
92
100
99
77
53
38
47
60
58
61
64
57
28
-12
-58
-91
-116
-134
-135
-110
-79
-61
-48
-37
-30
-41
-55
-64
-58
-46
-39
-43
-45
-48
-57
-72
-86
-88
-82
-67
-49
-21
1
12
7
5
10
12
8
8
17
40
69
85
93
98
105
112
110
104
103
105
116
133
147
146
132
106
84
47
-2
-39
-49
-58
-68
-73
-63
-44
-29
-32
-30
-21
-24
-30
-42
-53
-67
-76
-95
-117
-141
-157
-159
-154
-145
-123
-81
-37
-1
33
56
75
71
56
46
40
44
43
40
41
35
14
-10
-34
-49
-36
-13
12
60
105
141
164
168
153
134
116
95
73
35
5
-6
-7
-25
-58
-76
-63
-54
-56
-52
-23
14
31
26
17
4
-26
-47
-66
-91
-118
-130
-135
-137
-130
-118
-94
-59
-20
3
20
20
12
2
0
6
15
28
46
55
71
83
88
83
56
26
4
-10
-22
-28
-12
9
31
57
80
101
104
100
93
82
68
45
21
14
9
10
8
-12
-31
-37
-43
-57
-80
-89
-84
-78
-69
-53
-34
-20
-15
-7
-3
-10
-35
-56
-63
-82
-107
-121
-110
-73
-36
-12
9
22
27
25
12
-13
-20
-6
11
34
54
77
92
86
58
25
10
7
8
12
31
64
83
80
70
79
79
57
28
19
31
43
43
27
13
3
7
0
-18
-34
-29
-17
-19
-18
-13
-6
-18
-44
-60
-69
-82
-92
-92
-81
-69
-64
-62
-59
-45
-32
-27
-13
9
21
26
29
30
37
40
14
2
14
26
35
47
60
53
46
36
28
20
10
10
12
19
16
10
15
22
29
15
4
10
16
14
19
37
58
63
58
38
18
4
-9
-16
-14
-1
6
17
25
36
40
28
-1
-44
-79
-107
-126
-143
-146
-121
-83
-52
-38
-16
0
-4
-22
-25
-8
17
35
47
53
62
63
30
-8
-43
-56
-53
-43
-34
-20
-4
13
7
-10
-25
-28
-31
-28
1
26
51
64
76
71
46
20
18
39
48
32
30
41
50
37
9
-14
-16
-12
-33
-52
-40
-15
-10
-22
-28
-21
-26
-44
-68
-85
-76
-70
-57
-46
-36
-22
3
18
14
12
31
56
60
47
48
61
58
45
39
54
53
31
5
-11
-20
-36
-50
-40
-24
-5
19
45
65
76
78
73
59
49
45
47
44
37
37
27
3
-25
-50
-67
-76
-75
-69
-47
-13
12
16
20
17
-5
-35
-58
-61
-55
-53
-49
-51
-31
-13
-10
-1
2
-5
0
23
29
11
3
18
27
26
14
17
37
49
51
46
25
-12
-38
-46
-56
-74
-79
-65
-44
-22
-10
5
28
48
64
68
75
76
71
47
10
-18
-34
-40
-61
-79
-70
-47
-20
-7
-7
4
19
36
40
27
9
-2
-3
-14
-29
-41
-33
-15
-12
-21
-21
-7
1
0
6
9
4
-2
6
27
30
26
15
15
19
16
2
4
13
-6
-22
-26
-16
-4
9
18
29
33
16
8
5
-1
-11
-20
-18
-16
-6
14
23
19
13
14
28
27
4
-5
1
14
13
1
-15
-6
11
20
29
42
40
28
12
-11
-21
-25
-35
-44
-20
6
19
18
10
3
3
-19
-52
-63
-51
-35
-13
15
44
65
63
62
37
12
-10
-21
-26
-29
-33
-29
-16
-17
-19
-24
-27
-24
-27
-39
-31
-3
33
49
51
55
58
38
10
-3
-12
-24
-20
-6
1
4
7
15
17
6
0
7
7
2
5
15
18
10
2
1
11
2
-10
-9
12
17
14
19
24
28
20
3
5
15
-6
-31
-39
-41
-52
-71
-82
-103
-116
-100
-65
-69
-93
-71
-32
-18
-32
-37
-4
44
56
20
10
11
7
-31
-60
-40
-3
14
10
24
56
86
109
98
79
72
68
54
29
24
16
23
35
41
39
32
20
16
5
-12
-17
-18
-9
-8
3
23
39
45
26
6
-2
-17
-47
-71
-69
-69
-78
-81
-73
-48
-33
-34
-46
-41
-16
1
-1
3
12
33
54
47
36
32
37
26
6
-12
-8
4
15
29
43
54
61
56
48
48
45
43
36
35
33
20
-2
-23
-31
-33
-34
-40
-36
-9
18
18
10
14
32
31
4
-28
-34
-24
-42
-56
-66
-69
-72
-68
-67
-68
-49
-32
-14
2
11
11
32
38
21
6
16
14
4
17
41
60
66
62
52
60
62
36
14
8
7
5
5
4
11
19
11
5
7
10
12
2
-3
5
2
-14
-23
-31
-37
-46
-57
-72
-74
-55
-25
-6
-11
-2
23
31
18
2
-6
-16
-23
-39
-54
-61
-62
-50
-46
-31
-33
-29
-26
-29
-20
-3
6
10
25
39
54
61
75
74
63
47
37
49
58
48
30
33
36
22
13
11
27
49
59
62
81
88
69
40
14
3
-20
-44
-47
-43
-43
-55
-67
-64
-62
-68
-75
-68
-60
-46
-41
-45
-43
-43
-38
-32
-15
-6
-3
-10
-17
-24
-28
-24
-16
-15
-15
2
31
56
64
55
42
33
19
8
7
9
12
17
20
23
25
24
18
16
19
40
49
46
44
45
38
24
13
4
-7
-29
-31
-30
-23
-33
-28
-20
-10
-8
-11
-9
-19
-14
-17
-20
-25
-34
-43
-52
-63
-61
-54
-45
-31
-12
0
13
21
15
6
-1
-1
-10
-11
-9
-4
1
-3
-13
-19
-12
-12
-20
-26
-19
-4
1
7
23
40
47
56
58
52
35
17
7
10
17
8
5
8
15
19
21
20
19
14
3
-15
-24
-24
-30
-27
-8
28
51
45
26
19
22
15
-18
-46
-42
-27
-28
-37
-22
0
25
25
21
22
24
23
24
18
21
29
21
16
4
4
4
2
-20
-30
-10
10
28
39
55
70
76
56
37
35
42
38
26
23
26
42
39
30
9
8
2
-13
-25
-34
-27
-14
-17
-42
-49
-43
-32
-27
-20
-22
-16
-9
-9
-22
-26
-14
-8
-10
-18
-7
6
15
19
15
-2
-11
-20
-27
-35
-39
-41
-40
-39
-48
-59
-58
-64
-64
-59
-49
-35
-25
-8
8
20
11
9
7
8
-11
-38
-45
-28
-10
-13
5
36
61
69
58
38
23
-5
-28
-39
-33
-27
-25
-12
8
23
22
22
12
-7
-44
-58
-48
-28
-15
7
21
17
19
8
-11
-38
-36
-34
-25
-3
10
22
34
31
33
38
40
37
30
35
37
46
58
61
48
56
58
49
28
6
13
36
49
39
33
38
34
13
1
1
6
0
5
12
15
7
-3
-10
-9
-19
-41
-41
-24
-17
-17
-17
-20
-11
-9
-15
-16
-21
-32
-26
-17
-13
-1
14
20
6
-1
8
3
-16
-41
-53
-46
-37
-35
-33
-34
-34
-33
-30
-10
10
20
27
36
36
27
4
-9
-5
-16
-24
-30
-22
-2
0
6
16
6
-5
-18
-27
-34
-34
-30
-20
-14
-10
13
48
73
74
60
55
38
20
12
-8
-11
2
15
27
31
22
13
17
28
32
24
22
30
30
12
-14
-17
-20
-31
-48
-54
-35
-12
-14
-31
-14
5
3
-6
8
32
55
55
40
36
32
13
-23
-27
-15
-1
2
9
23
38
31
14
-6
-20
-17
-4
13
29
27
15
14
-4
-16
-24
-10
-2
1
13
35
56
39
23
3
3
3
-27
-53
-64
-44
-21
-4
-21
-40
-28
-14
-21
-46
-35
-9
-8
-19
0
25
42
24
-11
-22
-7
5
-9
-9
1
15
33
38
31
50
56
51
18
-27
-42
-30
-27
-46
-55
-51
-22
-15
-20
-4
10
-5
-36
-41
-35
-26
-18
-6
4
11
24
34
24
3
-27
-32
-25
-31
-62
-84
-61
-14
8
-4
-10
11
41
40
6
-22
-11
6
0
-5
9
29
33
22
2
-14
-16
-14
-15
-10
-3
11
39
50
47
43
54
50
19
-9
-7
5
6
-7
-5
10
10
3
-8
-8
-14
-15
-13
-23
-42
-54
-47
-34
-21
-2
23
41
50
43
37
30
30
20
9
-5
-4
3
-7
-16
-1
35
45
33
26
36
47
41
18
4
16
24
0
-26
-31
-20
1
1
-9
2
20
21
0
0
17
25
14
-10
-15
-7
-2
-18
-23
-10
-2
10
10
-2
1
8
5
-3
-13
-14
-10
4
7
17
23
36
39
25
7
2
-6
-30
-39
-32
-3
6
11
22
28
15
-21
-44
-64
-61
-78
-98
-73
-19
11
4
-17
-33
-32
-28
-38
-62
-42
3