-10
-12
-8
0
1
0
0
-1
0
1
-3
-2
-2
-2
-3
-4
-8
-4
-1
1
3
8
8
2
2
5
4
-3
0
3
2
3
-3
-6
-3
2
-2
-8
-10
-1
7
2
-1
-3
1
3
4
-3
-4
0
4
2
-3
-5
-1
1
2
1
-1
0
1
1
1
3
4
3
0
8
7
0
-3
-2
2
-1
-6
-4
5
10
11
7
6
10
15
9
3
1
6
13
9
3
4
6
6
4
1
-3
0
6
7
5
2
0
3
4
-4
-7
-2
2
2
1
4
4
-3
-8
-3
-2
-4
-11
-13
-3
-3
-8
-10
-10
-4
0
-7
-8
1
1
-3
-7
0
2
-4
-5
-9
-3
-1
-4
-8
-4
-3
-3
0
-3
-2
4
6
4
2
6
10
10
6
1
0
6
3
-5
-4
0
10
13
3
0
10
13
9
2
-3
1
3
3
-1
-5
-5
1
0
-7
-4
2
2
-1
-5
-8
-7
-3
-13
-18
-15
-10
-11
-9
-11
-15
-10
-9
-10
-5
-1
-2
1
5
9
7
3
3
5
5
4
7
8
7
3
2
0
-2
-5
2
10
12
4
1
9
16
9
0
-1
0
6
2
-3
-7
-1
6
9
5
-2
1
5
2
0
-1
-3
0
-2
-2
7
2
-5
-5
-3
-2
-6
-8
-7
-5
-3
-2
1
3
5
5
4
5
4
2
0
4
2
6
6
7
3
0
3
-1
-3
-3
5
4
3
3
4
4
3
0
-4
-4
-3
3
-1
-7
-4
1
3
-3
-7
1
4
3
-1
0
-3
1
3
-1
-2
-3
-4
-4
-2
-1
-6
-4
0
4
3
-3
-1
0
-4
-12
-17
-11
-4
-5
-8
-7
-6
0
1
-5
-10
-10
-11
-12
-9
-16
-15
-6
-2
-7
-8
-6
-2
-1
-7
-11
-10
-2
-3
-4
-4
7
17
15
9
11
18
17
7
6
14
13
9
9
11
14
16
13
5
7
15
19
12
7
8
14
19
13
6
4
16
14
-2
-8
-5
-6
-3
-4
-8
-12
-13
-6
1
-7
-18
-10
4
12
5
-2
0
9
10
2
-9
-6
3
-1
-12
-21
-19
-12
-2
-6
-8
-5
1
4
-5
1
5
6
0
2
1
6
-3
-4
-4
6
17
15
8
10
27
32
38
39
27
33
41
34
31
19
17
5
8
-7
8
7
2
-6
-2
9
-7
-8
-23
-22
-31
-29
-38
-38
-37
-40
-31
-30
-28
-36
-34
-43
-46
-46
-39
-44
-46
-41
-29
-22
-26
-22
-8
-7
-24
-26
-20
-4
3
3
-5
7
24
37
29
22
27
37
45
35
36
37
45
40
32
28
27
29
12
2
2
2
1
-10
3
3
8
-2
0
-9
-3
-3
-6
-10
-20
2
5
13
0
11
-5
6
12
12
8
0
13
19
30
16
15
12
12
17
7
-14
-17
-3
7
-11
-17
-14
-16
-17
-15
-20
-35
-19
-10
-6
-12
-17
-16
-11
-21
-25
-23
-37
-38
-17
-13
-30
-34
-24
-22
-17
-17
-30
-17
-13
-19
-32
-14
-7
-1
13
-6
1
5
9
-2
-7
-4
-35
-34
-29
2
-18
-9
12
43
49
52
65
53
58
46
53
63
91
74
77
83
77
51
48
26
6
-6
-25
-28
-59
-49
-62
-64
-80
-51
-31
-17
8
27
52
64
67
75
72
49
32
60
59
-10
-74
-93
-66
-60
-70
-114
-132
-125
-107
-101
-107
-142
-198
-177
-95
-49
-76
-127
-140
-79
-19
0
-39
-65
-57
13
74
46
27
88
140
83
-19
-23
41
89
51
-45
-73
-104
-136
-117
-63
7
63
142
191
227
276
339
322
196
100
87
97
93
90
111
167
290
429
390
322
303
291
208
105
61
-6
-51
-62
-56
-41
-40
-22
22
53
-28
-112
-176
-195
-226
-270
-267
-329
-369
-292
-216
-218
-252
-293
-297
-276
-253
-222
-176
-82
-5
-16
-16
69
182
160
32
-42
-70
-85
-141
-213
-256
-227
-193
-241
-245
-227
-159
-62
12
-49
-13
213
336
303
248
342
393
387
356
306
339
424
504
438
363
411
400
380
347
302
252
275
274
100
103
276
324
206
59
98
188
199
15
-267
-350
-238
-44
-123
-430
-574
-417
-166
-157
-305
-268
-21
119
83
-51
-336
-289
-463
-514
-993
-831
-1465
-2488
-2273
-1003
-852
-3055
-3464
-2017
-96
-568
-1989
-2314
-1155
549
867
-117
-961
-208
2086
2479
1112
-361
1633
4612
4473
2270
1554
4156
5556
5008
2892
2117
2958
3833
3217
621
-839
-167
1103
-161
-2469
-2602
-987
-406
-1692
-2629
-2233
-1121
-410
-890
-2027
-1935
-191
666
-631
-1841
-1288
-44
20
-878
-1785
-1695
-1144
-834
-1348
-2044
-1816
-1043
-973
-2314
-1661
63
295
-1724
-1963
-329
465
-302
-1332
-1269
-255
830
250
-1451
-1481
692
2422
1165
-655
-297
1742
3768
4249
2894
1123
2672
5895
6317
3655
2285
3440
4113
3403
2228
893
-268
-530
-443
-1413
-2529
-2598
-2207
-2996
-3921
-2778
-1069
-1302
-2637
-2163
-696
140
494
169
-787
-673
1000
1353
-528
-1646
-1076
-202
-754
-1381
-2379
-2018
-1499
-349
-907
-2282
-2646
-1414
1136
458
-927
-2622
-994
812
1367
-690
-2343
-952
1252
1095
-1261
-2141
-136
2354
2863
-318
-3093
-335
5929
6635
485
-2190
3242
8547
7264
2854
1214
2675
5650
5846
1588
-2700
-1511
2021
881
-3861
-5180
-2039
-648
-3199
-5211
-3717
-1166
-273
-1370
-3089
-2738
786
2987
424
-2804
-1075
2694
2976
-23
-2139
-1528
285
1429
-298
-2871
-3475
-1831
-1555
-1593
-588
-915
-3197
-3688
204
2019
-379
-3624
-2506
490
2208
1513
-1292
-2789
288
5595
4980
-1480
-4633
432
7584
7239
730
-2480
2479
8853
8938
4028
904
2877
6650
6486
1799
-1891
-620
1580
-217
-3975
-4393
-1719
-1194
-4178
-6367
-4428
-926
-369
-3116
-5084
-3124
1279
2634
-419
-3811
-1793
2273
3595
-37
-2817
-2460
792
1924
-1599
-4436
-4549
-1155
-545
-1296
-3703
-3623
-1343
522
201
-2082
-2711
-1371
678
806
-832
-1142
-456
1431
3072
3772
1167
-2023
75
6248
8108
2415
-1309
2275
7815
8598
5580
2761
2317
4915
7026
4635
-666
-1829
948
972
-2613
-3933
-2176
-2122
-4577
-5302
-3510
-2188
-2225
-3016
-3916
-3333
80
1973
-867
-3962
-1759
2490
2334
-699
-2912
-1752
-247
1421
-826
-4705
-6039
-2505
1961
-245
-4593
-6209
-1064
2325
1221
-2643
-4092
-1217
2654
3280
-891
-3451
299
5420
6324
1012
-3981
-1844
7254
11166
2736
-4373
887
10581
11031
4703
702
1637
6275
8775
4872
-2283
-2960
2622
3642
-2148
-6006
-3244
-686
-3163
-6177
-5743
-3176
-1878
-2741
-4410
-4556
-604
2575
523
-4269
-2968
1991
3345
-217
-3121
-2180
125
2434
-1860
-7187
-5176
2711
2732
-5715
-7712
-1613
3319
274
-3742
-4066
-1643
1914
2604
-235
-3776
-194
5966
5759
1453
-142
637
1804
5896
8544
2960
-1836
3307
10607
8625
3924
3665
3943
3610
5238
5597
377
-3609
-1182
997
-1903
-4553
-3297
-3448
-6007
-5694
-2481
-2172
-4759
-5092
-3494
-2352
-947
638
-1269
-4400
-2457
2387
2352
-2112
-4260
-2055
-7
-1797
-4532
-4115
-1237
-1158
-3147
-3763
-1874
-228
-227
-2052
-2993
-892
1949
1434
-1096
-1156
1992
5315
5227
4152
2388
117
1054
8048
11606
3370
-3006
3770
13085
10943
4823
3491
3703
5064
8533
7258
-1784
-5275
1187
3645
-3322
-7425
-4184
-2902
-5898
-6460
-4353
-4279
-5161
-4374
-3897
-4353
-2261
200
-1655
-5021
-2633
2230
1164
-3372
-4850
-1404
-434
-2587
-4004
-3648
-2957
-3095
-1302
-1943
-3751
-3311
-206
65
-2535
-1978
287
1503
1337
1969
1900
2334
4636
8273
6307
-1631
-3972
7176
16484
7077
-5485
-616
12856
14732
8770
4047
528
2750
11804
12913
-1307
-9690
-717
6571
-313
-7847
-6848
-5210
-5831
-4495
-4145
-7300
-8254
-3999
-2237
-4927
-4583
-372
-305
-4213
-3348
1325
1201
-2309
-3239
-2819
-3003
-612
1275
-3545
-8650
-4217
3175
1171
-6253
-7450
-2425
1444
1696
-1078
-4015
-2579
5386
8146
2206
-2074
4401
12322
6131
-4629
-2498
12063
14339
1013
-4590
5036
13515
10872
6714
2914
353
6162
13158
6034
-8137
-5605
6084
3682
-7177
-7924
-1895
-2585
-5740
-5325
-5667
-6394
-3557
-1052
-5323
-8168
-2079
3419
-1490
-7563
-4310
1608
1476
-1485
-3137
-5924
-5279
1368
3444
-5794
-12228
-4652
3813
828
-6824
-8079
-3651
1541
3672
231
-5155
-2508
6918
10145
2827
-409
8124
10280
-436
-3075
11836
17538
1561
-5795
7137
16276
10019
5970
5345
446
2733
13687
10502
-8596
-11140
5202
7732
-6627
-10567
-2884
-3177
-7493
-4148
-2699
-8660
-8428
-91
-273
-7865
-5774
2769
727
-6336
-4666
1682
636
-1908
-2950
-5828
-5004
1489
2395
-8548
-11861
-1773
4166
-2803
-9331
-6234
-1339
1543
1413
-1703
-4764
475
8944
7047
-281
2088
13685
10523
-4823
-3840
15988
21470
1281
-8287
5862
19264
15232
6375
240
-2703
6502
18488
9024
-14138
-13827
7898
10800
-7627
-14859
-5785
-1838
-4882
-4630
-6169
-10594
-6882
1205
-1411
-9801
-5994
3034
918
-6338
-5152
777
589
-3030
-4227
-3357
-1762
-974
-3446
-7180
-6001
-295
161
-5074
-7585
-3053
986
425
-1800
-2142
169
3677
5535
3274
2291
6518
12430
7865
-3361
-743
15820
20803
2042
-7746
6668
20891
14288
3015
1056
2171
6453
12588
6510
-10319
-11418
5278
7146
-9903
-15174
-3301
371
-8080
-9803
-5773
-5812
-5640
-1783
-3884
-9145
-4060
5136
1150
-8708
-6266
3645
3613
-5319
-7670
-2310
1954
-752
-6418
-8524
-3975
1859
215
-6269
-8306
-1578
4481
2511
-3772
-4052
2973
7855
5483
797
1624
7546
13417
6885
-4846
-677
17751
19933
-978
-8001
9124
21189
12333
2063
450
1861
8397
13639
3017
-14094
-9456
8557
5603
-13504
-16001
-2516
279
-8021
-10067
-7732
-7622
-4632
97
-4643
-11445
-4217
6545
1924
-8463
-5449
3800
2422
-3900
-3813
-1067
-1597
-3032
-3431
-5098
-4687
-1605
-1873
-5551
-5405
-78
1897
-1137
-2687
1168
5258
5329
3406
3832
6505
8726
10475
5096
-3102
1964
17902
17941
-2794
-7603
11141
21834
10236
78
1428
3556
7254
11474
3020
-13027
-10196
6792
4930
-12985
-15110
-2311
-969
-9887
-9825
-5731
-7546
-7463
-2239
-4152
-9823
-4347
4598
39
-8280
-3637
4510
1249
-4174
-1767
-12
-2778
-3273
-1802
-5001
-6675
-2618
-1305
-5390
-6425
-1400
732
-1345
-1940
1655
3737
3782
4891
6734
7283
7465
10712
6840
-918
3437
18382
17142
-3005
-5596
13407
21218
7919
-52
3564
4145
5731
10109
2976
-12691
-9915
6372
3633
-13383
-13589
-1334
-2736
-11605
-8133
-3543
-8411
-9357
-1891
-2175
-8682
-4223
3647
-532
-7141
-2344
3827
-352
-3668
-899
-374
-3520
-3044
-1590
-4812
-5720
-2001
-1791
-6017
-5667
-523
-11
-2149
-2441
1438
3127
4502
5263
5656
5642
8178
12034
5164
-2504
5048
20424
14054
-5223
-2681
15923
18831
6546
2192
3425
1764
6652
11928
207
-16113
-8343
7981
1037
-14918
-11649
-1664
-5777
-10883
-5305
-4545
-10815
-7867
537
-2919
-8868
-2384
4476
-1712
-6116
34
3327
-1742
-2169
1513
-1823
-5751
-2073
834
-4593
-6930
-2776
-1581
-4219
-3352
-1116
-3297
-3579
1435
4502
1116
302
5140
9352
7910
7107
7301
2310
789
10659
19212
6473
-7669
2178
19951
16482
2103
332
4472
4476
7335
8926
-3623
-15735
-4585
9001
-1567
-17173
-10878
-402
-5738
-10686
-5294
-5266
-11047
-6094
1624
-4056
-9596
-955
5391
-2274
-6035
2052
3960
-2805
-2458
2978
-506
-6445
-2885
818
-3109
-6009
-3226
-2833
-4496
-1903
163
-2946
-4282
1496
5185
1884
-145
4464
8711
8897
8574
3484
-2614
4465
20702
17288
-5108
-7797
14035
23183
8580
-1498
1316
3341
6510
11640
3498
-13956
-11692
6597
6021
-12772
-15805
-3108
-1706
-10232
-8404
-3511
-7478
-9069
-1421
-914
-8302
-5131
4508
1479
-7623
-3410
4431
890
-4191
-846
622
-4338
-4321
-566
-2253
-5582
-3901
-2654
-4846
-3460
390
-980
-4243
-1544
3437
4120
1704
2774
5594
9728
10443
2431
-3577
6973
23979
16015
-6079
-4878
17650
23793
8407
-303
1592
3845
8785
12419
58
-16244
-8397
7863
932
-16146
-13149
-1834
-5591
-12505
-8155
-4118
-7507
-7485
-2887
-4528
-6337
78
4259
-2847
-8375
-389
6668
1022
-6179
-3558
1585
391
-2600
-5005
-6214
-3394
910
-2039
-9139
-6706
1890
3421
-2864
-4344
132
4998
6304
4233
1444
5101
13493
8664
-4321
-451
20502
22047
41
-6539
11352
22321
13573
4959
2017
331
6659
14725
4855
-14789
-11999
5330
3147
-13420
-14049
-3492
-5556
-12877
-9496
-4623
-7182
-8221
-4268
-5537
-7008
377
5613
-2465
-9838
-1290
7720
3557
-4727
-4702
-686
919
862
-2905
-7690
-6028
817
1094
-6495
-8555
-2309
2454
119
-2424
-1667
1158
4477
6581
4651
3694
7965
6369
-705
2591
17970
17260
-1290
-4332
13839
21695
10419
2997
3537
3349
7438
13059
3375
-13666
-9244
7101
3073
-13826
-13508
-2208
-3952
-11809
-9874
-6253
-8017
-7089
-3200
-6435
-9243
-851
5796
-1699
-10116
-3396
5967
4494
-2143
-4705
-3287
513
4202
-184
-8497
-7318
2082
4012
-3885
-8187
-4498
1040
2945
1162
-3166
-2911
4072
9396
5976
1700
5082
5412
689
3235
14989
13916
-1040
-2609
12929
19685
10307
4100
4559
3503
6549
12584
5361
-12033
-11143
4914
4899
-11110
-14464
-4723
-4230
-10240
-8895
-6470
-10084
-9305
-2629
-3456
-9502
-5179
3687
1108
-7314
-5602
2802
4072
330
-3123
-4291
-2420
3051
2552
-5978
-8645
-485
4665
-884
-6345
-4770
-663
2488
3314
-631
-3447
1796
9968
8820
3366
4162
3800
907
5490
16867
12168
-3746
-2140
15572
19916
8318
3484
5959
4686
6776
12195
4893
-11536
-9972
4706
3322
-10764
-12349
-4643
-6626
-11012
-6823
-5344
-11426
-11576
-3920
-3154
-8227
-5347
513
-1220
-5666
-2844
1607
1138
-369
-1330
-2599
-2457
1262
905
-4538
-5628
136
2435
-2199
-4690
-2182
449
1273
1672
-232
-1224
3027
8953
7577
4219
5368
4028
481
5912
17177
11437
-4323
-1564
15882
18579
7059
3354
5815
4446
6796
11670
3446
-11162
-7786
4598
674
-11386
-9804
-3405
-8077
-12178
-6381
-4127
-10872
-11835
-5325
-4366
-7923
-4390
129
-3393
-6963
-2046
2569
-428
-2232
-574
-368
-1872
306
683
-3032
-3611
833
1918
-1920
-3034
-143
1325
909
1166
1209
1261
3078
6352
6600
5945
6546
3032
-1064
4635
16468
12396
-3724
-4447
12121
18734
8538
1379
2314
3678
7415
11116
2964
-11295
-8462
4992
2816
-10710
-11758
-3557
-5051
-10436
-7963
-5334
-9118
-9905
-5283
-5231
-8142
-4416
317
-2809
-7434
-3925
1424
918
-1464
-2201
-2031
-810
2019
1123
-3314
-3536
1246
2962
-439
-2258
-809
1242
2691
3368
1607
795
3921
7614
7155
5989
6618
2818
-1160
4991
15681
11023
-3614
-3387
10843
16012
8227
2759
2154
1847
6329
11138
3253
-10400
-8326
3389
1780
-9115
-9884
-4064
-5759
-9516
-6527
-4847
-8316
-8852
-5017
-5585
-7861
-3698
415
-3504
-8922
-4924
2024
2151
-2824
-5626
-3147
1167
3326
-1054
-6858
-4944
2983
4920
-1833
-6105
-2319
3911
5457
2274
-1506
-352
6108
9919
6620
3159
6030
6381
1276
2460
12427
12869
309
-3159
8173
14636
9141
4452
3097
576
3513
11031
7003
-8334
-11418
752
4139
-6090
-10951
-6517
-5877
-8014
-5019
-3803
-9354
-10568
-3426
-1135
-6949
-6913
-628
-334
-6021
-5820
-120
1082
-1681
-3550
-2898
-1171
1694
1045
-4237
-5964
5
4539
199
-5249
-3421
2068
4629
2959
-17
-1073
3579
8906
8659
4179
4501
6107
2785
2280
10028
13485
2806
-3861
5318
14365
10084
3649
3254
2208
2242
8331
8521
-4053
-11737
-2546
4336
-3358
-10511
-7406
-5288
-7932
-6185
-3244
-7484
-11251
-5694
-923
-5332
-8082
-2498
389
-4096
-5952
-1910
30
-1438
-1485
-1550
-2889
-1327
2100
88
-4502
-3004
1991
2031
-1709
-2349
-105
1918
3335
3141
702
725
5606
9190
6833
4569
4953
3080
1449
7439
13820
6945
-3951
171
12589
13205
4515
1288
2351
2067
5466
8931
564
-11639
-7728
3889
1163
-10028
-10576
-5037
-6038
-7476
-4328
-5676
-11028
-8077
-662
-2787
-8761
-5183
1380
-1091
-5599
-2948
1312
-219
-2590
-1505
10
217
-49
-1147
-2852
-1078
2340
1504
-2682
-3125
1089
3491
2246
442
-203
1733
5799
7512
4783
3231
6513
6084
704
1686
11001
12204
603
-3854
6227
13855
9067
2755
1174
398
3895
10272
5953
-9218
-12293
1291
6234
-5417
-13061
-7975
-4031
-5253
-4760
-5921
-10715
-9279
-772
-266
-8417
-8719
-225
1920
-3602
-4971
-1446
-389
-574
536
-709
-3286
-1441
1808
-341
-3289
-1140
965
-1081
-1912
531
870
-209
1160
2827
1175
1609
5445
6796
4445
4947
5968
1156
-201
8887
14527
3626
-5676
2989
14843
12048
3389
927
1321
3597
9780
8547
-5281
-12650
-1056
8051
-1250
-12240
-9179
-2952
-3417
-5125
-6312
-9719
-9116
-2058
39
-7099
-9469
-1854
2510
-2288
-5786
-2579
74
-288
-510
-1154
-2770
-1759
1021
-599
-3880
-1990
1686
-147
-3655
-1723
1522
1524
455
746
112
1069
5512
7301
3591
2338
6043
4625
-196
4026
12677
8221
-3195
-729
11343
13178
5509
1679
1667
2507
7606
10225
-70
-11414
-5040
7285
3398
-9581
-11260
-4314
-2105
-4025
-6047
-9237
-10094
-3848
749
-4746
-10486
-5259
2306
283
-5243
-4779
-894
349
463
-398
-2919
-2837
1016
1767
-2866
-4007
267
1571
-2134
-3203
-111
1326
838
924
637
234
3281
6671
5006
2073
4472
5295
219
230
9517
11978
628
-4351
6136
14487
9310
2435
1368
1928
5418
10543
5592
-7903
-9421
3800
7828
-4178
-12234
-6809
-1246
-2602
-5489
-8038
-10099
-6855
-319
-1653
-9270
-8922
99
3059
-3003
-6381
-3077
274
1237
889
-2009
-4525
-1261
3332
850
-4003
-2617
1092
207
-1840
-461
489
-395
285
2032
1514
1545
4314
5288
3490
4299
6002
1845
-1631
5033
12522
6247
-3846
-118
11003
12259
5319
1217
954
2833
8027
8535
-1911
-10475
-3331
6457
1282
-9943
-10009
-3287
-2034
-5221
-6969
-8476
-8282
-3633
-668
-5507
-9560
-3775
2751
-16
-5834
-4639
22
1778
768
-1358
-3121
-1785
2142
1981
-2187
-3139
295
1485
-903
-1437
188
1098
1028
1254
990
1644
4293
5337
3090
2849
6157
4954
-852
159
9059
10448
978
-2877
5351
11763
8463
3366
1537
1357
4402
8593
4083
-6834
-7910
2164
4429
-5524
-10783
-5446
-2116
-5160
-7058
-6930
-7981
-6573
-2287
-3007
-8189
-6387
1308
2207
-4304
-5987
-1032
1859
892
-474
-1975
-3011
-346
2849
770
-3078
-2294
511
323
-520
313
127
-844
270
2510
2362
2082
3154
3431
3361
5680
6322
496
-2427
5417
12698
5882
-3598
387
10248
10803
5235
2515
1433
1550
6578
8555
-805
-9470
-3211
5479
347
-8661
-7226
-2722
-4332
-6194
-4729
-6245
-8376
-4692
-1041
-4864
-7594
-1767
2522
-1654
-5603
-2130
1472
733
-498
-1266
-2627
-1758
1844
1532
-2778
-3507
-152
715
-1283
-1127
-278
-878
-574
1405
1644
708
2332
3757
2748
3146
6024
3780
-2224
292
10125
10452
-125
-2949
6063
11272
7555
4198
2886
494
2746
8969
5990
-5963
-8290
1430
4279
-3833
-7696
-4407
-4291
-6138
-3987
-3410
-8003
-8363
-2694
-1700
-5953
-4821
366
-147
-3943
-2350
1631
990
-1444
-1095
-248
-803
-229
253
-1648
-2642
-176
943
-1640
-2702
75
1455
-209
-1124
294
1473
2548
3153
2046
1391
4781
6852
1069
-3596
3289
11936
7063
-2819
-906
8043
9980
6473
4005
1021
-540
5486
10189
1797
-9084
-5470
3844
2166
-5456
-6496
-4869
-5858
-4541
-1615
-5025
-10329
-6774
-176
-1622
-6170
-3945
-90
-895
-1978
61
432
-1296
-233
1178
-681
-2202
1
632
-2072
-2476
163
18
-2165
-1431
665
-187
-1106
470
1641
863
1449
3032
2777
2997
5631
4880
-929
-1099
7690
11650
3338
-3137
2344
9804
9475
5858
2868
-257
1041
8176
8835
-2523
-10045
-2938
4698
336
-6849
-7222
-5728
-5452
-3109
-2240
-7762
-10824
-4623
776
-3107
-6909
-3384
33
-945
-1349
7
-878
-1496
985
1708
-1543
-2731
-103
440
-1816
-1788
-399
-1372
-2176
-85
813
-1290
-1472
1087
1743
563
1220
2939
3075
3926
5370
2760
-1177
2546
10543
9277
15
-1550
6496
10976
7794
4102
1870
591
4191
9175
4528
-6407
-7427
1380
3533
-3624
-7804
-6070
-5049
-4752
-3168
-4676
-8842
-7788
-1971
-993
-5252
-5421
-1434
-397
-1927
-1308
-159
-1071
-747
982
410
-1717
-1260
174
-928
-1809
-385
-287
-2249
-2018
640
657
-1049
-761
1044
1323
1471
2565
2851
2481
4023
4863
1378
-638
4803
10472
6012
-1244
1045
8955
10436
6284
3115
1564
1798
6145
8038
563
-7747
-4429
3217
1343
-6167
-7737
-5125
-4887
-5025
-3941
-5781
-8399
-5873
-1337
-2401
-5358
-3337
-173
-1188
-2626
-460
778
-781
-1006
714
329
-1245
-810
-412
-1757
-1469
145
-814
-3111
-1704
997
410
-1416
-582
1137
1288
1803
2927
2564
2238
4328
4533
298
-54
7056
10344
3170
-1656
4266
10627
8745
4746
3127
1497
2472
7618
6914
-3097
-8170
-898
4239
-1651
-7646
-6391
-4783
-5753
-4526
-3466
-6809
-8767
-4354
-726
-3174
-4916
-2135
-842
-2719
-1830
1081
17
-2692
-1190
1607
514
-1799
-1876
-1503
-1367
1
-143
-3128
-3909
100
2357
-337
-2635
-552
2156
2988
2863
2119
1504
3843
6753
3566
-1478
2022
10475
9254
612
-133
7394
10423
7354
4647
2289
309
4088
8710
3290
-6819
-6109
1777
1879
-4784
-6902
-5401
-6108
-6036
-3264
-4044
-8216
-7739
-2674
-1441
-3733
-3369
-1439
-2424
-2890
259
1668
-1608
-3418
-282
1885
77
-2017
-2159
-1772
-403
821
-1100
-4184
-2555
1608
1786
-1607
-1977
742
2784
3111
2628
1852
2697
5990
5678
433
-597
6938
11226
4935
-1034
2976
9393
9708
6392
2971
4
1599
7514
7196
-2515
-8283
-2611
2806
-849
-6237
-6843
-6085
-5870
-3962
-3368
-6677
-8686
-5055
-1441
-2452
-3915
-2525
-1673
-2570
-1273
1460
613
-2693
-2410
756
1520
-659
-2192
-2495
-1564
294
524
-2485
-4207
-1242
1852
650
-2087
-1438
1337
3058
2886
1890
1944
4337
6662
3781
-534
2114
9623
9735
2189
-450
5648
10502
8870
4603
1117
147
4256
8314
3538
-6145
-7108
312
2408
-3521
-7738
-6907
-5812
-4930
-3455
-4789
-8380
-7648
-2759
-1220
-3846
-4014
-1767
-1960
-2468
209
1878
-1195
-3137
-424
1948
264
-1905
-2223
-1821
-676
610
-781
-3799
-2880
1311
2137
-1227
-2110
707
2991
2820
2166
2142
3350
6139
5759
1068
-7
7066
11637
5527
-1045
2641
9796
10382
5919
2110
166
2332
7311
6367
-3061
-8464
-2522
3030
-1241
-7675
-7782
-5476
-4908
-4415
-4641
-7235
-8095
-4203
-1495
-3799
-5228
-2226
-783
-2698
-2123
1110
682
-1981
-1259
978
214
-1441
-1238
-1365
-1984
-862
74
-2020
-3242
-483
2049
148
-1722
121
2616
2741
2198
2526
3036
5013
6356
3493
-145
3690
10808
9219
974
91
7358
11148
7775
3516
965
1020
5089
7581
1295
-7308
-5870
1388
1160
-5683
-8489
-6242
-5027
-4957
-4821
-6444
-8198
-5778
-1942
-2936
-5700
-3991
-660
-1201
-2811
-1170
284
-742
-1003
287
-168
-1696
-1148
-321
-1471
-2072
-978
-1026
-2262
-1137
866
206
-1346
294
2798
2760
1781
2482
3718
4775
6067
4790
1073
1483
8117
10761
4439
-746
3774
9935
9443
4931
1876
726
2906
6647
4709
-3655
-7392
-1974
1837
-2637
-7809
-7355
-5423
-5454
-5362
-5663
-7439
-7289
-3754
-2170
-4546
-5047
-1987
-649
-2184
-1875
60
-179
-1192
6
914
-619
-1672
-611
-460
-1291
-1105
-834
-2127
-1804
678
1328
-918
-1010
1989
3612
2609
2109
3264
4314
5801
6284
3394
476
4408
10370
8320
995
588
6853
9744
6707
3189
1023
821
4041
6259
1036
-6386
-5540
378
47
-5713
-7971
-6216
-5516
-5605
-5123
-6383
-7879
-5656
-2184
-3123
-5358
-3844
-1255
-1460
-1934
-626
-571
-1542
-406
1542
440
-1875
-1610
-198
-151
-698
-1224
-2535
-2533
309
2070
-269
-2174
549
3903
3735
2151
2322
3497
5068
6765
5432
1036
898
7561
10852
4715
-874
2816
8578
8241
4612
1997
220
1306
5337
4920
-2674
-7009
-2404
1269
-2807
-7321
-6516
-5159
-5842
-5685
-5250
-6742
-6734
-3545
-2258
-4610
-5002
-1882
-517
-1943
-2092
-511
-167
-411
451
596
-889
-1286
-118
-15
-1126
-1487
-1565
-2006
-1116
598
282
-1324
-332
2762
3786
2459
2115
3388
4795
6048
6089
3054
647
4234
9787
8298
1532
519
5917
8971
6513
3348
1112
560
3071
5555
1588
-5048
-5298
-564
-526
-5067
-6945
-5789
-5876
-6231
-5343
-5597
-7027
-5898
-3289
-3487
-4848
-3619
-1504
-1723
-1968
-904
-374
-944
-55
1191
251
-1493
-1113
90
-10
-882
-1646
-2349
-1628
497
1056
-1089
-1675
1415
4101
3287
1515
2068
4132
5998
6674
4585
851
1607
7637
10324
4744
-149
2867
8169
8234
5014
2376
655
1293
4469
4448
-1587
-5926
-3178
-63
-2696
-6215
-6101
-5379
-6293
-6158
-5326
-6080
-6624
-4897
-3651
-4652
-4413
-2136
-1264
-2466
-2143
-254
260
-333
18
276
-529
-783
217
46
-1257
-1593
-998
-951
-732
104
-49
-813
354
2885
3340
1847
1763
3810
5359
5609
5160
3506
1714
3625
7891
7794
2705
853
4788
7805
6251
3873
2371
839
1313
3775
2755
-2737
-5452
-2896
-1516
-3886
-5485
-5224
-6253
-7310
-5554
-4064
-5582
-7007
-5271
-3604
-3720
-3218
-1873
-2032
-2505
-542
1129
154
-898
489
1073
-157
-780
152
-253
-1277
-1175
-526
-985
-720
200
199
-296
1221
3066
2504
1492
2681
4728
4897
4871
5062
3692
1860
3908
7528
6587
2095
1317
4716
6705
5604
3877
1809
19
1386
4162
2212
-3515
-5594
-2823
-1505
-3319
-4930
-5888
-7131
-6637
-3840
-3552
-6552
-7689
-4572
-2335
-2977
-3401
-2859
-2591
-1420
1158
1168
-1478
-1749
1265
2116
-233
-1600
-825
-668
-646
-206
-838
-2304
-1125
1235
1115
-403
539
2492
2695
2400
3217
3924
3991
5317
6230
4080
1321
3310
7453
7025
2443
795
3644
6396
6252
4153
1073
-583
1696
4670
2280
-3910
-5889
-2875
-1085
-2933
-5298
-6893
-7357
-5629
-3169
-4154
-7431
-7569
-3785
-1621
-2992
-4164
-3448
-1962
-164
1465
225
-2055
-1143
2239
2239
-807
-2132
-845
-194
-310
-595
-1526
-2339
-750
1147
645
-726
360
2265
2467
2109
2741
3558
3965
5083
5787
4206
2021
3300
6573
6997
3404
1395
3287
6109
6103
4193
1931
736
1576
3583
2440
-2070
-4780
-3091
-1524
-2987
-5049
-6046
-6460
-5885
-4134
-4251
-6311
-6547
-3674
-1983
-3186
-3977
-2594
-936
-145
345
-148
-927
-1
2021
1254
-1241
-1717
-213
-314
-1476
-1826
-1763
-1933
-1200
-287
-600
-935
494
1930
1608
1132
2359
3944
4394
4309
4471
4381
3568
3683
5052
5924
4404
2657
3227
5096
5391
4296
3132
2051
1344
1990
2426
122
-3149
-3731
-2397
-2667
-4190
-5283
-5774
-6011
-5141
-4200
-4739
-5526
-4346
-2682
-2850
-3561
-2241
-474
-441
-835
-365
354
599
955
342
-875
-1077
-60
-558
-2193
-2605
-1487
-1314
-1950
-2001
-1250
-346
561
1040
582
895
2673
4442
3995
3058
3667
5478
5366
3341
2590
4581
6212
4674
2624
2639
4263
5173
5170
3050
358
175
2890
2898
-1341
-4630
-3615
-2197
-2994
-4430
-5459
-6279
-5756
-3870
-3485
-4850
-5085
-3086
-2024
-2609
-2496
-955
-273
-757
-626
292
666
380
240
-352
-1020
-923
-492
-1399
-2574
-2333
-1529
-1955
-2249
-1461
-442
-284
63
739
1276
2033
3126
3492
2968
3599
5263
5943
3833
2176
3539
6617
6604
3508
1585
3370
5800
6037
3887
1213
217
1918
3508
1227
-2965
-4370
-2653
-2121
-3729
-5327
-5888
-5920
-5073
-3810
-3956
-4716
-3852
-2227
-2286
-2693
-1307
280
-595
-1793
-850
893
987
35
-857
-1648
-1409
-39
-110
-2701
-4331
-2861
-1086
-1364
-2300
-2351
-1671
-360
1419
1841
964
1100
3179
4436
4227
4312
5034
4962
4021
4009
4993
5977
5369
3839
3146
4211
5211
4827
3293
1759
904
1437
1955
538
-2304
-3733
-3318
-3123
-3889
-4813
-5535
-6046
-5365
-4019
-3543
-4015
-3732
-2952
-2539
-1900
-358
-35
-1771
-2536
-532
1455
710
-1253
-2439
-1922
-359
515
-1750
-4897
-4818
-1560
36
-1790
-3980
-3461
-657
1882
2208
451
-237
2116
5083
5342
3656
3304
4691
6175
5847
4188
3498
5211
6801
5505
3355
3269
4466
4881
4261
2508
364
82
1867
1584
-1649
-4170
-3631
-3023
-3471
-3926
-4629
-5893
-5643
-3310
-2406
-3574
-4081
-2827
-2095
-1392
-204
-52
-2076
-2558
-86
1682
86
-2256
-2623
-1614
-341
-503
-3015
-5658
-4310
-856
-341
-3359
-4729
-2473
597
1636
761
-398
16
2854
5095
4348
2256
2825
5251
6723
5606
3399
2821
4996
7361
6085
2963
2064
4144
5479
4684
2258
261
-66
1640
1946
-743
-3984
-4211
-2815
-2444
-3340
-4483
-5329
-4970
-3215
-2290
-3201
-3894
-2803
-1769
-1444
-917
-434
-1129
-1615
-675
193
-315
-1096
-1368
-1867
-2203
-2014
-2187
-3318
-3888
-3209
-2442
-2229
-2023
-1586
-1218
-319
921
1524
1196
1616
2944
3924
3918
4061
4762
5389
5663
5150
4157
4107
5718
6115
4089
2341
3118
4239
4066
2905
1460
133
432
1510
424
-2550
-4024
-3126
-2797
-3526
-4154
-4402
-4918
-4514
-3251
-2796
-3271
-3050
-2540
-2525
-1846
-326
-184
-1903
-2505
-947
658
222
-1574
-3184
-3037
-1162
-186
-2308
-5224
-4692
-1423
279
-1148
-2900
-2351
139
2486
2608
938
234
2515
5032
5166
3569
3407
4822
6459
6613
4864
3105
3850
6220
5897
3218
1506
2511
3570
3773
2606
842
-652
100
1191
301
-2398
-3833
-3554
-2953
-2833
-3347
-4381
-5132
-4183
-2621
-2193
-2982
-3428
-3055
-1821
-590
-638
-2093
-2891
-1635
43
-181
-2193
-3319
-2652
-1207
-1141
-2642
-4368
-4031
-1904
-631
-1662
-2957
-2137
134
1716
1683
849
899
2449
4431
4752
3712
3063
4207
5808
6454
5267
3092
2500
4559
6380
4678
1588
801
2543
4136
4237
2012
-567
-767
1827
2631
-34
-3168
-3341
-2022
-1359
-1750
-3064
-4622
-4485
-2427
-1235
-2375
-3644
-3331
-2341
-1435
-1083
-1589
-2864
-2906
-1655
-950
-1674
-2632
-2931
-2964
-2485
-2064
-2603
-3756
-3709
-2462
-1802
-2019
-1993
-1390
-406
680
1588
1563
1682
2657
4011
4144
3813
3946
4688
5007
5133
4936
3617
2716
3748
5387
4020
1585
1250
3054
3604
3088
2042
913
252
1541
2394
558
-2159
-2408
-1172
-1095
-1910
-2519
-3164
-3664
-2725
-1480
-1854
-3302
-3493
-2527
-1692
-1426
-1830
-3076
-3759
-2230
-347
-958
-3323
-3991
-2670
-1324
-1434
-2647
-4217
-4038
-1725
-73
-1261
-2705
-1797
506
1894
2073
1512
1193
2254
4190
4813
3361
2570
3585
4953
4872
4285
3122
1988
2452
4426
4511
1881
284
1680
3518
3566
2429
932
146
1035
2649
1787
-1058
-2591
-1517
-529
-895
-2037
-3127
-3482
-2536
-1494
-2180
-3605
-3799
-2890
-2328
-2382
-2757
-3321
-3371
-2326
-1430
-1975
-2984
-2971
-2184
-1888
-2067
-2672
-3102
-2684
-1332
-638
-1071
-1282
-296
1122
1680
1732
1758
2244
2950
3729
3776
3086
2998
3865
4521
4089
3608
3121
2440
2397
3421
3573
1838
779
1694
2963
2947
2403
1445
697
1186
2598
1950
-535
-2022
-1122
-428
-976
-2065
-3095
-3625
-2815
-1636
-2311
-4349
-4851
-3435
-2295
-2622
-3616
-4253
-3882
-2256
-1025
-1790
-3431
-3327
-1575
-647
-1400
-2613
-2968
-2125
-568
270
-587
-1396
-262
1778
2411
1763
1460
1939
2794
3551
3638
2699
2204
3169
4153
3782
2985
3066
2936
2330
2475
3290
2796
1554
1671
2606
2551
2283
2611
2291
1300
1437
2107
1066
-570
-785
-442
-1508
-2446
-2182
-2053
-2895
-3401
-3344
-3656
-3744
-3082
-3143
-4261
-4319
-2963
-2296
-2936
-3000
-2529
-2297
-1984
-1157
-1470
-2575
-2452
-1196
-928
-1383
-1284
-791
-557
234
1077
933
390
1123
2282
2269
1750
1924
2367
2227
2538
3122
2931
2159
2672
3731
3325
2022
2122
3211
3383
2728
2515
2457
2392
3034
3703
2804
1256
1203
1963
1529
189
-692
-1317
-1810
-1680
-1568
-2501
-3610
-3547
-3171
-3365
-3618
-3519
-3803
-4010
-3364
-2607
-2919
-3322
-2596
-1731
-1748
-1961
-1707
-1579
-1629
-1314
-1194
-1604
-1508
-643
-238
-700
-503
366
693
504
857
1468
1545
1565
1828
1848
1809
2413
2846
2262
1866
2827
3925
3338
2077
2069
3389
4296
3837
2554
1877
2698
4225
4422
2600
805
987
2290
2332
755
-1238
-2165
-1819
-937
-1315
-3007
-4371
-4174
-3192
-2939
-3408
-4250
-4593
-4031
-2705
-2433
-3242
-3604
-2752
-1702
-1201
-1393
-2018
-2192
-1288
-344
-667
-1676
-1875
-867
29
46
-395
-565
-77
901
1714
1495
823
910
1944
2578
2409
1790
1692
2125
3049
3472
3305
2736
2410
2890
3879
4382
3437
2435
2373
3308
3850
3680
2423
1302
1108
2006
1946
589
-1268
-1864
-1610
-1413
-2122
-3207
-4059
-4124
-3567
-3322
-3754
-4382
-4213
-3445
-2807
-3126
-3458
-3013
-1924
-1471
-1708
-1999
-1716
-1098
-658
-859
-1435
-1491
-905
-304
-409
-879
-795
-26
605
717
750
836
1151
1556
1916
1792
1650
1761
2118
2505
2687
2917
3037
3303
3114
3122
3440
3981
3611
2812
2426
2874
3365
3264
2409
1389
1153
1667
1782
459
-1069
-1675
-1359
-1639
-2355
-3193
-3807
-3986
-3625
-3272
-3745
-4179
-3804
-2882
-2771
-3187
-3100
-2296
-1588
-1457
-1701
-1928
-1500
-622
-409
-1090
-1539
-1169
-531
-335
-498
-936
-918
-153
725
725
311
602
1228
1521
1506
1711
1712
1725
2133
2642
2604
2653
3179
3671
3338
2881
3178
3738
3570
2768
2392
2401
2613
2846
2562
1523
861
1299
1523
493
-919
-1471
-1446
-1750
-2518
-3256
-3763
-3729
-3399
-3442
-4033
-4107
-3251
-2548
-2799
-3254
-2852
-2003
-1334
-1336
-1778
-2086
-1516
-563
-455
-1176
-1552
-1171
-641
-351
-415
-672
-825
-284
532
898
724
798
1061
1307
1698
2343
2349
1925
2000
2847
3412
3450
3320
3253
3313
3448
3567
3291
2911
2509
2511
2519
2406
2021
1900
1717
1356
803
454
-21
-761
-1557
-2049
-2485
-2965
-3400
-3577
-3859
-4066
-4012
-3689
-3624
-3724
-3585
-3173
-2770
-2393
-2130
-2180
-2113
-1659
-1223
-1251
-1409
-1451
-1306
-1022
-696
-697
-837
-657
-152
200
417
705
995
1200
1474
1840
2037
2170
2446
2819
2926
2904
3209
3674
3854
3712
3606
3587
3511
3421
3186
2854
2559
2425
2394
2176
1879
1629
1566
1128
493
-20
-355
-995
-1701
-2212
-2605
-3067
-3355
-3553
-3662
-3740
-3762
-3959
-3956
-3622
-3245
-3010
-2901
-2736
-2533
-2014
-1545
-1472
-1793
-1870
-1522
-1110
-1060
-1279
-1411
-1243
-728
-204
-11
4
125
486
1044
1543
1660
1460
1416
1798
2408
2811
2782
2637
2688
3103
3729
4073
3610
2987
2932
3306
3361
3030
2382
1899
1918
2270
2283
1626
829
560
701
399
-374
-1248
-1812
-2129
-2139
-2474
-3085
-3480
-3360
-3256
-3374
-3530
-3488
-3269
-2942
-2683
-2650
-2448
-2071
-1708
-1593
-1609
-1570
-1396
-1223
-1068
-1025
-1185
-1141
-699
-194
-146
-171
-6
418
912
1346
1309
1161
1376
1835
2146
2183
2161
2193
2613
3020
3137
2834
2796
3190
3449
3038
2464
2401
2484
2489
2152
1518
932
1120
1477
1120
35
-583
-599
-529
-942
-1705
-2520
-2901
-2538
-2252
-2826
-3606
-3437
-2801
-2523
-2599
-2704
-2609
-2199
-1624
-1422
-1630
-1675
-1274
-865
-870
-944
-928
-804
-683
-406
-229
-251
-241
15
433
607
761
960
1173
1405
1679
1856
1741
1763
2073
2328
2379
2412
2463
2459
2721
2977
2819
2437
2270
2232
2147
1944
1508
968
635
538
464
164
-337
-727
-956
-1140
-1311
-1591
-2086
-2632
-2756
-2696
-2629
-2862
-3136
-3191
-2786
-2296
-2151
-2263
-2235
-1945
-1563
-1116
-979
-1191
-1290
-833
-203
-41
-334
-557
-391
128
618
514
98
23
752
1367
1421
999
1119
1573
2153
2213
1895
1630
1947
2613
2698
2326
1876
2287
2626
2901
2387
1860
1538
1904
2003
1622
864
339
247
384
332
-260
-837
-1187
-1110
-992
-1116
-1773
-2414
-2493
-2230
-2120
-2441
-2932
-3182
-2672
-2026
-1968
-2369
-2462
-2013
-1379
-1187
-1403
-1586
-1302
-680
-288
-595
-952
-631
7
151
-129
-244
-26
318
603
696
469
552
1054
1571
1553
1410
1450
1659
2078
2306
2192
1906
2110
2497
2584
2228
1950
1922
2026
2054
1797
1296
1036
1061
1176
887
390
-81
-56
104
-30
-499
-1039
-1095
-1016
-1000
-1361
-1772
-2083
-1995
-1782
-1781
-1980
-2179
-2023
-1686
-1517
-1594
-1511
-1410
-1350
-1309
-1136
-915
-831
-997
-1173
-930
-551
-415
-540
-675
-635
-232
233
277
-52
-38
425
940
1100
943
838
1041
1554
1815
1758
1542
1683
1962
2036
1860
1615
1603
1607
1641
1526
1316
1074
1037
1100
1002
788
498
290
318
364
142
-410
-630
-548
-515
-779
-1155
-1395
-1420
-1163
-1123
-1349
-1742
-1634
-1154
-895
-1237
-1591
-1510
-1137
-862
-972
-1303
-1402
-1113
-793
-800
-1026
-1105
-816
-418
-317
-418
-473
-213
159
443
331
132
380
906
1206
1073
929
972
1325
1737
1812
1509
1176
1284
1565
1759
1475
1067
878
1168
1442
1354
886
517
688
972
927
349
-99
-193
113
122
-352
-884
-966
-599
-322
-590
-1276
-1396
-923
-574
-772
-1269
-1510
-1324
-847
-780
-1174
-1605
-1395
-881
-735
-1084
-1421
-1344
-961
-574
-559
-843
-925
-466
45
95
-33
-95
23
356
740
808
565
644
1020
1274
1196
1171
1191
1305
1401
1376
1149
1049
1268
1431
1203
859
920
1124
1209
934
617
482
486
604
419
83
-370
-261
-109
-194
-558
-679
-506
-542
-620
-767
-683
-756
-784
-968
-1091
-1044
-953
-1039
-1400
-1514
-1266
-1014
-1103
-1449
-1564
-1359
-921
-720
-893
-1040
-850
-273
7
77
-186
-136
-21
434
784
778
548
535
1012
1235
1435
1220
1134
982
1300
1548
1486
1172
939
1144
1214
1344
1059
826
636
752
900
713
394
57
194
239
131
-177
-303
-246
-222
-250
-415
-440
-543
-499
-544
-638
-742
-821
-872
-1035
-1111
-1149
-1121
-1303
-1344
-1328
-1262
-1237
-1191
-1178
-1144
-940
-727
-573
-465
-376
-202
23
200
220
276
433
721
872
891
974
1096
1216
1252
1268
1183
1183
1262
1223
1058
880
893
901
813
556
408
381
390
303
120
-21
-44
-14
-103
-254
-357
-304
-287
-320
-469
-483
-393
-316
-428
-563
-635
-575
-518
-596
-758
-909
-915
-865
-878
-976
-998
-1020
-987
-929
-783
-743
-684
-550
-348
-161
9
201
335
463
583
771
966
1085
1093
1085
1168
1346
1465
1432
1265
1183
1169
1300
1221
945
565
490
479
415
175
-131
-330
-356
-282
-363
-524
-658
-642
-594
-577
-660
-684
-655
-614
-678
-679
-557
-360
-437
-640
-746
-525
-307
-288
-606
-962
-911
-569
-365
-647
-1023
-1210
-858
-418
-347
-674
-907
-652
-117
340
288
81
43
487
987
1255
1139
868
957
1330
1745
1613
1296
1052
1249
1570
1554
1183
765
784
957
965
494
-6
-190
-12
39
-288
-741
-878
-620
-372
-505
-824
-982
-714
-412
-382
-686
-862
-703
-381
-226
-486
-708
-654
-289
-240
-413
-680
-642
-497
-448
-614
-830
-800
-676
-532
-609
-647
-659
-451
-257
-129
-103
-39
146
367
546
588
711
800
935
1018
1177
1260
1185
1042
1003
1131
1178
1115
869
734
773
866
778
500
182
36
60
7
-181
-465
-615
-563
-467
-487
-584
-624
-582
-455
-384
-392
-424
-430
-389
-347
-279
-322
-337
-386
-377
-369
-369
-463
-561
-562
-533
-507
-612
-627
-635
-472
-371
-291
-393
-395
-185
101
251
87
25
194
657
756
633
420
561
922
1154
1016
694
649
766
971
873
621
359
424
591
571
311
26
-60
-39
-38
-232
-444
-555
-535
-476
-460
-520
-569
-510
-381
-340
-340
-384
-307
-255
-245
-268
-269
-140
-110
-95
-237
-252
-245
-138
-181
-350
-472
-413
-258
-202
-247
-369
-334
-108
17
51
-49
-38
73
322
392
294
291
415
627
655
676
629
753
780
838
737
683
639
695
635
489
377
392
414
265
25
-113
-100
-100
-195
-419
-558
-556
-410
-364
-456
-687
-709
-535
-302
-380
-577
-637
-442
-215
-104
-176
-327
-345
-144
99
47
-227
-416
-240
30
47
-212
-416
-326
-43
74
-70
-316
-304
-103
164
89
-123
-226
37
325
384
227
135
319
578
708
541
418
440
667
712
634
407
406
473
547
391
236
199
257
252
87
-95
-151
-47
-50
-196
-352
-367
-273
-240
-291
-435
-438
-338
-246
-285
-349
-305
-216
-95
-87
-154
-217
-120
-29
-57
-135
-209
-259
-237
-141
-168
-288
-417
-419
-288
-150
-168
-375
-412
-310
-57
-5
-63
-192
-64
171
331
351
255
312
399
506
476
519
484
436
440
493
534
474
437
379
451
465
396
276
226
200
157
92
-46
-84
-112
-49
-172
-268
-361
-188
-114
-230
-360
-352
-124
-96
-151
-351
-271
-182
-20
-170
-302
-344
-194
-67
-143
-335
-396
-261
-184
-237
-377
-384
-303
-209
-179
-196
-238
-138
7
123
130
194
229
303
372
469
493
499
434
459
551
640
561
413
336
441
536
470
268
119
163
232
213
-34
-217
-288
-156
-210
-313
-486
-451
-400
-360
-357
-411
-406
-435
-290
-290
-276
-339
-277
-228
-176
-214
-256
-205
-187
-194
-219
-195
-253
-240
-205
-169
-249
-243
-211
-159
-100
-61
-42
-3
140
216
272
309
414
547
640
622
610
647
788
819
766
591
547
636
730
619
328
200
211
373
244
24
-261
-214
-174
-123
-333
-535
-610
-497
-356
-454
-583
-625
-415
-302
-340
-478
-429
-277
-163
-211
-278
-325
-228
-127
-96
-220
-288
-287
-189
-194
-277
-315
-282
-244
-243
-210
-199
-150
-76
-17
17
52
168
304
433
414
424
506
686
819
843
722
636
725
880
891
679
459
396
514
536
356
37
-46
-2
79
-63
-262
-464
-408
-309
-315
-482
-649
-593
-416
-252
-369
-497
-459
-213
-95
-162
-328
-392
-244
-31
-7
-207
-391
-333
-76
35
-150
-441
-447
-236
-31
-157
-381
-518
-303
-61
-7
-166
-248
-98
188
348
258
207
293
578
712
706
553
595
793
970
846
611
550
630
700
597
374
191
198
257
208
7
-216
-302
-260
-271
-433
-632
-720
-640
-549
-538
-581
-653
-602
-456
-247
-247
-373
-459
-325
-156
-94
-153
-280
-262
-156
9
-50
-146
-265
-210
-139
-66
-122
-196
-204
-158
-42
28
80
-12
7
118
327
378
381
333
395
560
731
729
591
545
649
815
813
642
468
498
596
585
403
206
121
169
160
17
-250
-372
-369
-330
-417
-595
-686
-665
-553
-532
-577
-645
-591
-463
-340
-321
-397
-393
-300
-149
-120
-162
-249
-225
-114
-35
-70
-151
-188
-125
-9
-8
-98
-182
-112
-14
49
17
-2
42
188
259
291
298
368
471
554
582
570
614
678
759
714
642
632
714
737
631
462
397
407
372
220
47
-109
-175
-182
-279
-413
-549
-585
-566
-593
-667
-727
-649
-576
-566
-606
-580
-473
-382
-328
-351
-335
-284
-191
-144
-182
-201
-148
-64
-58
-108
-157
-121
-48
-41
-138
-192
-138
-37
22
-33
-60
-8
128
208
249
207
195
300
453
546
503
456
487
636
734
705
603
540
557
615
622
474
308
214
251
227
106
-83
-179
-193
-187
-218
-339
-453
-524
-418
-353
-373
-457
-442
-360
-258
-243
-298
-322
-265
-170
-135
-150
-238
-250
-158
-62
-100
-182
-208
-159
-104
-122
-206
-263
-231
-146
-108
-149
-185
-143
-23
28
29
21
87
163
227
253
278
336
365
403
428
453
458
495
499
482
454
438
429
394
329
244
199
160
115
54
30
-17
-86
-156
-179
-181
-192
-212
-223
-216
-199
-200
-212
-181
-190
-233
-283
-245
-203
-208
-261
-322
-329
-281
-217
-234
-262
-287
-252
-196
-160
-168
-197
-187
-150
-87
-78
-76
-67
-11
58
102
130
123
170
249
331
331
314
352
433
499
458
396
395
500
501
443
353
319
337
346
266
118
53
77
100
1
-140
-211
-206
-194
-245
-354
-407
-377
-290
-311
-392
-458
-392
-305
-314
-407
-481
-441
-325
-272
-322
-403
-378
-263
-160
-168
-271
-271
-168
-26
-42
-81
-99
25
134
205
175
119
167
291
409
369
338
312
424
495
533
492
469
479
534
604
575
523
473
499
494
468
391
313
234
190
138
78
-2
-101
-169
-222
-263
-298
-323
-389
-454
-463
-434
-440
-500
-541
-537
-506
-476
-466
-490
-519
-513
-440
-397
-403
-424
-393
-339
-297
-277
-264
-230
-218
-134
-74
0
6
43
125
189
235
268
313
336
399
460
507
509
515
523
573
609
611
597
587
605
630
620
559
494
470
451
369
261
187
137
82
2
-83
-153
-145
-184
-290
-358
-346
-310
-363
-422
-495
-478
-471
-466
-486
-515
-524
-506
-444
-460
-483
-493
-461
-445
-440
-444
-414
-379
-376
-357
-322
-270
-232
-200
-181
-115
-44
34
90
112
140
247
369
419
431
468
556
624
658
642
636
659
697
690
656
621
630
627
581
516
458
403
343
298
207
103
22
-44
-96
-133
-177
-241
-315
-342
-326
-309
-368
-433
-464
-403
-365
-405
-473
-475
-419
-383
-379
-406
-418
-428
-372
-327
-350
-406
-395
-317
-240
-234
-277
-263
-179
-77
-19
-33
-56
34
205
288
267
284
384
494
562
558
524
544
613
650
617
556
544
581
624
591
469
376
365
361
261
109
-8
-53
-99
-156
-220
-308
-372
-402
-391
-436
-493
-487
-444
-431
-441
-409
-395
-396
-393
-341
-316
-350
-373
-303
-233
-242
-240
-218
-221
-229
-159
-102
-136
-174
-133
-69
-44
-18
14
56
90
132
205
282
322
357
373
390
439
507
523
516
547
548
565
546
561
540
490
420
374
347
289
211
75
19
-22
-82
-199
-300
-338
-362
-398
-459
-513
-528
-488
-453
-471
-494
-477
-395
-335
-323
-303
-286
-236
-192
-157
-193
-217
-187
-122
-64
-78
-112
-132
-29
69
57
-4
-21
17
70
82
50
59
146
225
255
251
278
347
395
400
361
365
430
533
480
378
347
449
506
441
343
265
284
290
237
72
0
-4
28
-32
-129
-187
-205
-216
-249
-280
-340
-393
-428
-387
-359
-374
-412
-446
-435
-364
-309
-294
-326
-345
-330
-267
-228
-256
-261
-207
-157
-141
-119
-102
-65
-50
-53
-68
-54
-24
12
58
93
163
234
282
301
314
347
400
454
446
437
452
507
532
500
445
426
469
489
455
375
327
312
319
250
131
33
31
14
-82
-169
-217
-239
-287
-335
-397
-418
-428
-439
-474
-489
-522
-548
-548
-543
-541
-571
-529
-485
-433
-408
-382
-353
-317
-255
-199
-155
-183
-171
-116
-52
-40
-50
-32
44
129
158
184
216
283
367
434
452
465
484
549
605
606
599
609
625
635
637
593
538
533
540
503
429
352
316
286
220
126
42
-23
-51
-100
-185
-273
-321
-315
-352
-439
-528
-565
-570
-578
-612
-653
-662
-646
-617
-585
-585
-578
-532
-472
-441
-420
-367
-304
-249
-213
-173
-155
-93
-25
28
57
83
147
226
291
310
333
388
471
502
508
531
555
588
608
592
587
594
600
574
535
489
454
421
357
299
252
221
170
106
36
-13
-64
-122
-173
-227
-298
-348
-353
-376
-408
-453
-478
-492
-500
-524
-549
-555
-544
-533
-516
-508
-492
-439
-386
-367
-351
-290
-234
-201
-193
-168
-125
-77
-36
15
83
145
187
215
245
279
323
353
386
392
426
465
481
483
483
486
469
457
442
435
415
385
337
303
256
226
218
175
128
89
48
-2
-49
-73
-115
-196
-248
-274
-288
-310
-360
-390
-369
-369
-389
-422
-442
-433
-416
-400
-430
-425
-371
-299
-291
-293
-250
-185
-132
-125
-95
-64
-1
61
125
153
167
206
260
301
285
305
344
379
371
359
371
395
400
381
350
322
301
289
274
233
193
165
153
135
124
81
47
12
-8
-16
-46
-80
-116
-132
-157
-194
-238
-247
-258
-274
-301
-339
-357
-335
-315
-332
-361
-340
-295
-276
-276
-281
-240
-190
-170
-157
-104
-64
-21
19
45
66
107
172
211
227
234
269
279
283
270
274
283
285
299
297
274
269
291
261
224
170
155
147
100
49
31
24
-12
-43
-87
-108
-126
-125
-150
-197
-219
-215
-212
-237
-262
-272
-244
-244
-260
-269
-266
-257
-249
-250
-255
-228
-178
-146
-140
-114
-87
-45
-17
-5
16
40
75
118
157
162
188
197
227
246
239
261
276
289
279
273
268
275
281
276
265
237
225
216
209
165
114
101
89
46
4
-15
-43
-66
-88
-104
-127
-154
-150
-160
-199
-224
-215
-201
-233
-256
-248
-236
-245
-259
-243
-213
-206
-229
-210
-179
-165
-166
-155
-129
-111
-86
-63
-39
-5
29
54
82
84
94
114
133
135
129
142
178
202
186
185
196
209
204
198
199
210
213
212
204
174
160
156
133
98
73
61
63
46
29
7
-19
-42
-73
-89
-93
-111
-123
-119
-121
-137
-157
-149
-140
-153
-185
-206
-205
-184
-194
-215
-198
-162
-145
-133
-115
-99
-73
-55
-61
-67
-50
-28
5
16
18
41
71
86
86
90
97
118
125
113
93
102
127
131
115
113
131
153
139
97
83
82
70
44
25
25
51
58
35
23
40
57
42
7
-20
-22
-25
-24
-39
-46
-31
-24
-33
-70
-87
-79
-71
-71
-81
-80
-53
-34
-35
-49
-50
-46
-33
-31
-27
-23
-41
-41
-42
-18
-13
-13
11
47
59
55
52
62
94
114
84
57
73
95
105
65
33
41
67
62
31
17
40
57
26
-26
-42
-25
-29
-65
-102
-90
-57
-66
-94
-91
-71
-72
-92
-109
-97
-72
-63
-78
-95
-68
-38
-37
-55
-61
-37
-15
-23
-49
-41
-1
28
17
-2
12
46
59
48
39
43
72
89
67
55
59
75
89
75
53
68
101
93
81
68
83
91
69
41
46
63
53
33
18
28
22
-7
-37
-43
-39
-48
-73
-87
-75
-72
-85
-98
-104
-95
-88
-101
-112
-115
-101
-96
-120
-122
-97
-77
-88
-98
-94
-61
-40
-48
-41
-30
-1
13
20
17
29
67
84
73
68
85
111
134
117
94
107
128
133
120
112
121
148
164
141
123
119
121
113
83
57
51
58
47
34
18
24
29
10
-20
-39
-56
-85
-96
-88
-87
-109
-116
-111
-117
-111
-108
-117
-112
-100
-105
-117
-116
-121
-111
-94
-88
-70
-68
-55
-32
-25
-37
-34
-32
-29
-23
-37
-19
0
20
40
58
53
56
69
73
82
86
95
99
104
99
98
84
78
78
78
88
90
88
93
104
110
104
85
89
88
78
71
46
19
12
6
-15
-37
-48
-37
-20
-37
-61
-69
-69
-70
-97
-115
-104
-95
-103
-111
-95
-84
-86
-87
-86
-93
-88
-87
-93
-92
-94
-89
-81
-60
-45
-47
-40
-34
-30
-19
-11
-9
-2
-4
0
9
16
26
30
44
50
46
47
47
47
59
60
61
65
77
74
71
66
59
56
47
47
41
30
8
8
30
49
40
31
49
60
50
26
1
-13
-6
-7
-25
-48
-26
9
18
0
-20
-9
19
18
-7
-20
-12
6
10
-7
-13
-5
-5
-6
-8
-23
-18
1
7
0
-11
-9
-3
-2
-7
7
7
-1
-10
-9
-1
-4
-12
-14
-14
-12
-20
-28
-29
-31
-36
-43
-34
-15
1
3
-3
-3
-2
-6
-12
-22
-19
-17
-2
0
-9
-1
21
19
-2
-2
18
41
32
31
31
42
32
25
30
31
32
32
36
37
33
24
20
22
25
17
5
4
7
-1
-15
-23
-20
-25
-29
-27
-24
-32
-37
-36
-45
-47
-41
-41
-46
-42
-55
-68
-60
-58
-56
-58
-60
-46
-29
-24
-23
-18
-13
-7
-3
-14
-19
-13
-6
-6
-6
-11
1
5
23
35
30
19
10
23
25
25
26
46
50
61
78
67
45
39
42
48
46
36
36
49
66
69
68
57
62
60
44
19
3
-2
4
4
-14
-14
-4
13
18
17
1
1
-12
-34
-36
-44
-48
-35
-17
-17
-21
-23
-23
-26
-23
-45
-69
-65
-52
-42
-24
-18
-20
10
13
1
-9
-13
-28
-21
0
6
19
21
35
38
44
37
35
31
6
3
18
24
16
3
6
26
30
31
27
24
13
5
13
8
-4
-17
-32
-23
1
-10
-21
-25
-19
-5
0
-8
-9
-12
-14
-16
-20
-36
-49
-41
-37
-40
-43
-32
-24
-31
-42
-59
-56
-37
-33
-48
-46
-28
-13
-19
-43
-33
-7
8
-2
-11
-5
2
3
-2
-9
4
19
25
37
48
64
71
71
63
65
64
65
59
38
35
46
47
29
31
42
34
15
5
12
17
14
8
0
-1
-1
-4
-24
-34
-39
-37
-35
-44
-50
-45
-32
-33
-43
-49
-35
-17
-21
-40
-39
-25
-10
-24
-23
-8
2
-5
-22
-22
-2
12
-5
-11
-7
8
22
25
9
17
29
41
33
18
22
38
38
49
56
56
68
67
55
39
41
40
40
31
40
52
51
52
42
27
27
14
-7
-14
-20
-24
-29
-23
-5
7
-10
-12
3
9
1
-24
-38
-42
-22
-34
-50
-40
-10
-7
-18
-29
-43
-24
-28
-47
-56
-51
-42
-32
-32
-40
-35
-21
-21
-52
-56
-47
-43
-41
-47
-45
-26
-5
-7
-12
-12
9
14
5
0
-1
11
17
18
7
9
9
14
24
19
22
27
22
21
23
35
40
33
29
24
26
39
42
22
21
26
34
27
6
-5
-4
-13
-16
-14
-15
5
4
-5
-3
-17
-24
-4
-4
-18
-19
-13
-18
-36
-51
-50
-40
-46
-45
-42
-39
-36
-24
-25
-27
-28
-22
-1
2
4
2
16
28
15
12
10
8
5
24
35
44
45
48
52
61
65
59
52
53
63
55
45
21
13
16
19
12
17
30
43
43
38
33
24
11
4
1
-5
-2
1
6
12
8
3
14
12
-1
1
-3
-15
-12
-19
-22
-20
-31
-45
-33
-25
-35
-49
-54
-41
-34
-32
-39