-1
-7
-9
-6
-6
-3
-5
-4
0
0
1
0
-3
1
2
-1
-1
0
5
8
9
9
7
5
3
4
3
3
6
9
9
9
8
4
3
4
1
-2
-2
1
0
1
-1
0
-1
-2
-4
-2
-1
-4
-3
-2
-4
-5
-2
-2
-2
-6
-2
0
-1
-3
-6
-8
-6
-4
-4
0
2
1
-6
-4
0
1
-3
-6
-4
-2
0
1
3
6
5
3
2
-3
1
-3
-5
-5
-5
0
1
-4
1
1
-1
0
-1
-3
-7
-5
-3
-2
-9
-7
3
6
3
3
-2
-1
0
-6
-9
-8
-1
1
0
-4
2
8
10
2
-5
-8
-2
4
2
-2
-2
8
11
3
-1
2
6
8
1
-4
-4
2
4
3
2
0
8
8
5
11
6
4
7
-1
-1
1
2
3
2
0
-1
2
1
-2
0
-2
-5
1
3
-3
-1
1
-7
-7
-9
-15
-16
-8
-10
-10
-3
-5
2
5
4
3
9
4
1
6
0
-4
0
1
3
6
0
0
6
0
-1
0
4
9
7
4
3
8
9
4
1
-4
0
5
4
-6
-2
0
3
1
0
6
5
9
4
5
7
4
3
1
0
4
8
4
3
-1
0
3
5
3
0
2
-3
-2
0
-1
-3
-5
-11
-8
-1
-1
-8
-6
-4
-2
1
-5
-8
-3
-4
-6
-4
-6
-2
2
-5
-12
-10
-8
-9
-13
-17
-12
-8
-7
-9
-2
5
7
6
6
10
12
14
9
8
3
-1
1
-4
-11
-7
-7
-3
3
4
3
8
7
2
8
12
8
3
7
6
10
12
10
6
5
2
-3
-1
0
-2
-3
-1
4
13
7
4
12
9
3
-3
-12
-10
-2
-10
-12
-2
0
2
11
10
2
0
5
4
1
2
12
16
12
12
4
0
-4
-13
-13
-17
-12
-2
1
-4
-3
0
0
-4
-11
-17
-18
-13
-18
-19
-19
-18
-19
-8
-5
-10
-12
-9
-6
-1
6
-4
1
9
20
22
22
23
15
11
17
14
14
1
-1
10
15
10
3
-3
7
21
25
9
5
20
21
15
5
-4
10
19
-4
-10
-9
-8
-14
-15
-28
-30
-33
-31
-21
-17
-22
-21
-23
-34
-39
-35
-45
-42
-27
-33
-30
-27
-23
-30
-35
-33
-32
-28
-9
-6
-9
5
7
8
8
11
9
23
23
20
37
42
43
46
46
46
50
46
48
27
25
40
23
17
35
34
37
42
37
35
31
22
7
0
-14
1
4
5
18
17
20
25
13
-3
-6
-36
-53
-47
-43
-41
-42
-46
-37
-22
-22
-35
-28
-26
-32
-24
-19
-23
-13
6
2
4
10
13
30
30
10
3
2
-9
-4
-8
-16
-16
-7
9
22
18
16
24
21
13
10
3
9
20
27
27
10
7
1
-22
-51
-62
-61
-50
-25
-8
11
38
64
77
64
44
24
18
19
40
34
34
68
84
67
39
-4
-34
-47
-67
-103
-123
-115
-99
-85
-71
-58
-57
-70
-75
-42
-16
-6
23
49
44
40
41
2
-66
-111
-137
-139
-125
-129
-111
-48
9
26
47
100
136
140
117
128
152
176
186
174
134
78
6
-71
-118
-165
-189
-195
-169
-145
-150
-177
-187
-149
-95
-35
-21
-30
6
50
85
97
126
151
219
252
239
181
91
35
-25
-138
-243
-304
-326
-351
-392
-343
-272
-211
-121
-21
46
127
194
227
183
174
175
149
98
115
186
256
320
321
375
375
372
333
221
58
-75
-174
-303
-367
-388
-320
-224
-140
-37
38
35
-11
-84
-176
-231
-197
-188
-120
11
193
284
313
335
383
412
330
257
257
311
303
294
286
241
274
346
303
214
177
164
137
160
116
-28
-118
-123
-107
-180
-305
-307
-179
-40
108
175
107
32
72
46
-22
-46
-2
58
153
104
-105
-285
-275
-142
-29
-72
-114
-97
-33
-2
-167
-316
-420
-424
-458
-505
-555
-563
-609
-802
-1205
-1561
-1907
-2313
-3090
-3819
-5005
-6938
-7314
-4077
423
3978
7271
10285
12451
12944
10982
7270
3064
-879
-2986
-3286
-3487
-3192
-1210
-1207
-4635
-7787
-9318
-10591
-10353
-7665
-3363
2054
7461
11908
14049
13146
9814
6450
3320
-324
-3076
-3255
-2248
-1126
-150
-89
-1418
-3619
-5363
-6755
-7819
-8260
-5788
-3203
-3466
-1685
4088
6199
4321
4165
4604
3158
414
-2102
-4505
-6535
-7290
-3880
-125
1059
3735
9602
11196
8909
6726
5740
4692
3876
2899
4175
5691
7946
6850
-2086
-12664
-15379
-17079
-20938
-20842
-14761
-6564
3336
11354
14472
13744
11980
10487
8651
4480
1075
2398
5693
7147
5656
2637
-812
-5008
-9873
-13837
-17335
-18099
-13811
-6969
-1379
3081
6719
9874
11015
8513
4469
1943
762
605
2221
3200
3564
2599
-1850
-6042
-7048
-10315
-14780
-14658
-12019
-8759
-4611
-159
3750
6945
8135
9517
9088
5850
4917
7599
7098
5646
6634
7789
7895
7043
3576
733
-1258
-2346
-2546
-1809
-4088
-9828
-14116
-12011
-10491
-13314
-11926
-3443
3267
7143
11707
13153
10807
9503
9045
6061
1652
-126
2824
4788
2747
53
-1027
-2910
-6025
-9590
-12010
-12993
-11337
-6594
-841
2768
5807
9635
12002
10299
5763
1426
-1322
-2919
-3579
-2668
-1578
-754
1527
1122
-5807
-12528
-13720
-14306
-15495
-13388
-7169
-182
6355
11666
13907
10985
6547
3919
2106
-1079
-1744
1502
6309
10115
12282
12108
9770
5001
924
-997
-2193
-2198
572
3333
612
-6659
-11138
-11973
-15521
-19311
-16067
-7748
-881
6258
13457
16080
13955
12297
10752
6490
1383
1127
3992
4776
3506
2891
1481
-2168
-7492
-12259
-15567
-16976
-15035
-9645
-3789
1510
7075
11892
13105
10610
6256
2839
313
-1714
-2205
-536
1094
2553
4707
1058
-7596
-12513
-14777
-19410
-20895
-17427
-10804
-2578
5695
11635
14312
12185
9233
7480
3266
-2115
-1127
2986
5710
8910
11384
11871
10923
7339
3175
903
-2029
-2812
211
2847
1732
-3499
-10412
-13549
-14993
-18785
-19631
-13481
-5200
2657
11014
16633
17275
15465
14260
11613
6087
1770
3033
5026
4367
3824
3459
258
-4662
-10102
-15758
-20027
-20239
-16565
-10850
-4086
3540
10761
15472
15907
11796
6522
2065
-1245
-3848
-2855
-438
3083
5401
2891
-2991
-9853
-17601
-22145
-21736
-20236
-14906
-5220
5232
12826
16988
15123
11150
6725
1378
-2943
-2657
-1383
3200
9747
14055
14735
14005
9233
3940
-598
-3784
-6391
-4994
747
8660
9724
1151
-8704
-12428
-16246
-23589
-26464
-19627
-8696
2474
14783
22927
21904
17661
15927
11095
1752
-4089
-2055
2049
5127
7796
8565
5183
-470
-7277
-14969
-22364
-25330
-22031
-13734
-4162
4670
12355
18225
19121
14257
6861
625
-4203
-6216
-4157
225
3750
3520
-259
-4823
-10397
-17229
-21713
-22001
-18470
-11056
-1780
5843
11607
14792
13954
10635
6327
1697
351
2100
3644
5997
10524
13894
14362
11862
7110
1405
-2916
-5663
-5950
-3954
2062
7666
2718
-9269
-13304
-12594
-19620
-26797
-21149
-9029
181
11011
22726
25249
19723
17368
15524
5632
-5891
-6953
-1545
2324
4797
7156
7252
4477
-1339
-9633
-19002
-25547
-26136
-20044
-10151
-263
8277
17389
23861
21121
12103
4722
-1521
-8055
-11804
-12332
-11136
-7663
-2715
214
-2320
-7680
-9839
-10025
-12448
-13591
-9561
-2195
6526
14136
16715
16141
15021
11796
6719
1448
-2525
-1435
4079
8290
10601
12506
13698
12915
10605
5739
1462
-3051
-14422
-26886
-27231
-21101
-21634
-20568
-8319
4160
6846
10299
16631
14320
6620
8548
14203
10970
7350
14236
18617
12392
5676
2566
-4632
-13835
-18612
-20136
-22674
-21144
-13708
-6286
-2572
1628
6971
10924
11066
8308
5702
5919
6272
4780
3361
3670
700
-6382
-11368
-14058
-19593
-23537
-20042
-13049
-8024
-3270
3151
8901
11190
11290
10562
7312
2640
2911
5838
4165
1434
4386
9610
11820
10247
7538
5803
5517
5269
4223
2183
2262
7658
7689
-6518
-20149
-19518
-17889
-24660
-26077
-14580
-3756
2583
13038
21944
17666
11048
14314
15829
5908
461
6536
10099
7144
6844
7308
1799
-6010
-10133
-14611
-21856
-24819
-19995
-12593
-6261
-145
6381
12513
14528
10603
5077
2108
-1247
-5445
-6049
-3557
-2445
-3331
-4023
-4384
-6821
-10775
-12449
-11908
-10781
-6999
-812
4231
7735
10938
11878
9370
5514
2182
474
800
2227
4779
8811
12856
15232
14702
11935
9053
6531
4660
2868
3808
3651
-6629
-19626
-19859
-15668
-22221
-26993
-15902
-2400
1624
7428
16908
17089
10670
12245
16145
8988
1509
8116
14581
9164
4006
5461
2454
-6339
-12106
-15245
-21056
-23381
-18236
-12136
-8895
-3373
4649
10740
12360
10347
5602
375
-3121
-4287
-6010
-8730
-7712
-1616
3352
2887
-1301
-5025
-6504
-7763
-10275
-11181
-8773
-3356
4705
11097
10557
6749
6105
6762
3541
-1520
-2654
1322
7553
13240
16265
16307
15381
15774
13998
8128
1048
-319
672
-8091
-22634
-25055
-18019
-18632
-21747
-13467
-1071
2665
6142
14225
15303
7784
7676
14984
13806
6373
9284
15977
12189
4115
1500
-2415
-11012
-16858
-17418
-19898
-21826
-17239
-9052
-4758
-1990
3380
9547
11492
7975
2666
-70
-724
-2541
-4996
-5143
-2949
149
2744
1902
-2747
-6852
-7679
-7932
-9587
-10435
-7282
-1106
4437
6790
6580
5444
4511
4036
3332
1705
1632
5063
9975
12960
13470
14261
15101
13617
9690
6924
4694
2942
609
-7954
-20661
-24903
-20058
-19466
-22149
-15710
-1989
6016
9720
14665
16197
11518
10339
13606
10921
4194
6227
12447
10840
4305
1163
-1864
-8328
-13972
-16598
-20113
-21878
-17168
-9292
-4348
-915
3931
9126
9469
4685
-404
-3449
-5613
-5213
-2293
295
2163
4929
7480
6482
693
-5649
-8357
-10048
-12312
-11313
-7740
-4642
-52
5222
6455
4924
4425
5434
5935
5300
5276
7019
9756
11986
13404
13228
12247
10953
9172
6192
3206
1067
-3314
-13043
-22044
-23093
-20785
-20993
-18256
-8085
2723
9480
14987
18518
16220
11195
9843
9895
5870
2474
5906
9792
7948
4110
767
-4948
-12352
-17532
-20762
-22990
-21628
-14948
-6124
746
5330
8983
10029
6917
1242
-4876
-9323
-8978
-4669
71
3694
7356
10650
10824
5820
-2391
-9423
-13247
-14554
-13534
-10758
-6159
451
6962
9535
7515
4507
3495
3562
2247
1886
4460
9528
13760
16256
16370
14839
12203
9391
5447
667
-1381
-2475
-7991
-16171
-19062
-18433
-18521
-17399
-11358
-3781
3425
10500
16468
17397
14227
11665
11355
9086
5594
4973
6742
6400
4384
1792
-2402
-8983
-14909
-18419
-20434
-21241
-18445
-11744
-4384
1594
6475
8469
6543
2946
-405
-3743
-6390
-6604
-3595
544
3938
6567
8215
6559
1636
-3874
-8313
-11815
-13476
-12517
-9159
-4326
939
5795
8364
7344
4982
4082
3975
3025
3412
6751
11191
13991
15662
15434
13009
9556
7267
4480
1085
-671
-2643
-8085
-14282
-16629
-17664
-19046
-17263
-10320
-2808
3785
10706
16456
17560
15571
13333
10892
7524
5267
4908
4974
4067
2877
1307
-2267
-7974
-13451
-17605
-20182
-20271
-17498
-12565
-5997
748
6015
8163
6463
2298
-1568
-4476
-7127
-8312
-5596
-80
5150
8697
10317
8853
3709
-3093
-8888
-13156
-15769
-14901
-10114
-3844
1884
7209
10504
9686
6710
4697
2895
879
373
3615
8903
13377
15603
16676
16161
12905
8563
4396
782
-3506
-8547
-13746
-16121
-15843
-15249
-14679
-10680
-4383
979
5247
10052
13219
13361
12636
12767
11552
9262
8204
7993
5930
2836
410
-1911
-6301
-11382
-14955
-16835
-18052
-17404
-13858
-9158
-5143
-987
3232
4776
3132
1293
-155
-2526
-4029
-2545
-2
1878
3989
6556
7179
4094
-1020
-5043
-8036
-11137
-12879
-11680
-8268
-3550
1586
5402
6772
6622
6424
6342
4695
2426
3003
6634
9824
11532
12898
13648
12816
10925
8177
4608
708
-3615
-8519
-13644
-16868
-16964
-15401
-13115
-8372
-2040
3631
8094
11775
13356
12921
11594
10094
8523
7663
7211
6629
5121
3173
1254
-1698
-6631
-11562
-15154
-17440
-18305
-16763
-13449
-8911
-3860
1184
4319
4400
3192
2066
-224
-2962
-3332
-1734
25
1831
4276
6127
5677
2269
-2226
-6151
-9504
-11725
-11981
-10836
-7769
-2328
3068
5555
5987
6215
6783
6175
4488
3415
4503
7217
10284
12371
12607
12041
11571
10543
7036
3183
102
-4254
-10777
-15170
-15784
-15307
-14503
-10655
-4340
1108
5076
8939
11821
11795
10110
9257
8469
7103
6825
7875
7561
5277
2802
706
-2970
-8350
-13310
-16057
-17283
-17114
-14652
-10527
-6602
-2030
3374
5021
2312
876
1203
-644
-3196
-3081
-775
1533
3320
4886
5739
3598
-662
-4082
-6893
-10316
-11523
-9997
-7766
-4726
-160
3606
5105
4515
4138
4686
4758
3773
4131
6708
9912
12230
13413
13300
12072
10661
8607
5329
1631
-2103
-7535
-13365
-16177
-16041
-15538
-13423
-8041
-1438
3418
7108
10169
11282
10050
8626
7547
6059
5688
7476
8739
7494
5617
4048
967
-4205
-9716
-14104
-16936
-17520
-15968
-13073
-9385
-4341
1200
5189
6602
5145
1416
-1595
-2603
-3977
-5340
-3898
30
3866
6429
6756
4405
273
-3963
-7474
-10699
-13299
-12310
-7430
-2414
1147
4124
5614
5857
5670
4649
2606
1676
3231
6731
9850
11665
13230
14928
14694
11959
8041
4293
799
-3777
-10274
-16112
-17815
-16089
-13938
-11293
-6023
381
4870
7699
9644
9241
7231
6396
6641
6279
6667
8804
10514
9754
7271
3961
-580
-6579
-12264
-16230
-18248
-18044
-15176
-10834
-6316
-2067
2124
5007
4938
2064
-941
-2149
-2397
-2793
-2171
-61
2240
4352
5309
3975
662
-2759
-5652
-8061
-10105
-10561
-8455
-5014
-1820
891
2742
3179
3471
3821
3471
3118
4131
6345
8973
11013
12107
12825
13002
11740
9034
6602
4708
3200
641
-4589
-11389
-14899
-14572
-14403
-14820
-11300
-4249
1920
6164
9784
11398
10451
9081
8469
6882
4971
5241
7185
7369
5512
3600
1206
-3283
-8690
-13123
-16216
-17569
-16362
-12903
-8512
-4057
552
4642
6967
5890
1852
-1641
-2529
-3208
-4532
-3767
-761
2372
4892
5953
3891
-342
-4057
-6502
-9324
-12320
-12197
-8024
-3341
-11
2711
4515
5094
5117
4309
2651
1877
3241
6436
9482
11079
12242
13789
13937
11393
7673
4528
2935
1589
-2713
-9641
-13651
-12975
-12290
-13523
-12140
-6733
-1265
2863
7250
9885
9091
8289
9566
9274
6383
5341
6922
7137
5004
2828
741
-2935
-7402
-10665
-12947
-14906
-14953
-12412
-8956
-5881
-2301
1637
4506
5113
3682
1091
-1428
-2840
-3286
-3128
-2163
369
3725
5895
5209
2510
-790
-4114
-7723
-10704
-11811
-10432
-7082
-2829
654
2673
3841
5110
5577
4453
3178
3745
5842
7841
9299
10817
12213
12761
12258
10819
8143
5503
3686
-432
-8442
-14818
-15728
-14996
-15580
-13876
-8003
-1543
3373
7650
10156
9066
7130
7585
7894
5364
3860
5922
7691
6484
4461
2587
-774
-5563
-9677
-12526
-14802
-15737
-13786
-9985
-6359
-2846
1405
4957
5921
4763
3087
1078
-1622
-3293
-3073
-2389
-1571
1044
4162
4660
2414
41
-2072
-5267
-8972
-10713
-10026
-8010
-4902
-1097
1334
2255
3568
5115
4907
3722
3995
5837
7645
8989
10365
11200
11149
10906
10165
8094
5743
4991
3785
-1807
-9742
-13597
-13662
-14865
-16191
-12986
-6649
-970
4251
9235
11016
9395
8412
8710
6751
3172
2800
4915
5332
4356
4034
2671
-1231
-5529
-8706
-11947
-15108
-15901
-13746
-10271
-6416
-1857
2633
5532
6123
5002
2830
-22
-2587
-3797
-3570
-2447
15
3240
5109
4171
2204
105
-3440
-8278
-11482
-11886
-10313
-7114
-3036
264
2783
5115
6519
5797
4113
3176
4024
5630
7423
9216
11055
12420
13069
12756
10679
7380
4755
3620
-28
-7986
-14752
-15034
-13406
-14313
-13653
-7806
-1536
2504
6575
9596
8201
5443
5912
6748
4187
2219
4553
7161
6311
4719
3722
715
-4307
-7996
-10557
-13615
-15615
-14284
-10828
-7388
-3865
343
4130
5798
5376
3844
1769
-715
-2807
-3595
-3204
-1964
552
3246
3991
2965
1584
-771
-4643
-8479
-10539
-10561
-8806
-5691
-2114
1190
3851
5864
6812
6211
4998
4511
5065
6229
7684
9109
10415
11511
12054
11341
9342
6980
5352
2880
-3400
-11322
-15222
-15026
-15199
-15364
-11713
-5320
172
4569
8083
8622
6392
5329
6136
5195
2776
3369
6456
7615
6575
5402
3356
-735
-5168
-8689
-12143
-15163
-15546
-13046
-9570
-6254
-2287
1827
4175
4218
2826
984
-858
-2027
-1935
-625
1066
2950
4795
5502
4104
1366
-2013
-5772
-9071
-10800
-10793
-9188
-6523
-3042
726
3565
4822
5415
5693
5321
4882
5381
6223
7189
8595
10282
10961
10602
9895
9019
7231
5233
3450
-1091
-8722
-13822
-13625
-13299
-14802
-13262
-7017
-799
3148
6074
7620
6619
5593
6393
6061
3332
2772
5810
7925
6755
4876
3332
769
-3113
-7017
-10992
-14511
-15612
-13395
-10210
-7619
-4325
493
4705
6237
5333
2649
-650
-2809
-3315
-3157
-2666
-777
2873
6436
7178
4738
975
-2863
-6293
-9205
-11451
-11905
-9031
-3997
606
3529
5135
6407
7368
7000
5167
3723
4051
5904
7969
9352
10438
11795
12537
11897
9845
6795
1661
-6475
-13946
-16666
-16749
-17479
-15838
-9307
-1847
3103
6759
8717
7159
4327
3706
4021
2581
1993
5207
9236
10267
9282
7627
4194
-1380
-6703
-11164
-15434
-18105
-16736
-12546
-8275
-4274
347
4358
6066
5426
2529
-1845
-4791
-5202
-4291
-2473
766
4988
8568
9676
7736
3569
-1751
-6949
-10467
-12403
-12850
-10122
-4697
273
3460
5373
6344
6365
5154
3210
1984
2381
4118
6605
9108
11050
12653
13806
13421
10716
7238
2910
-4767
-13127
-16833
-16780
-17002
-15407
-9536
-2516
2258
5975
8596
7789
4286
2437
2946
2695
2206
4775
8494
9799
9589
8871
5621
-305
-6003
-10330
-13963
-16407
-16304
-13427
-8757
-3721
694
3779
5062
4584
2693
-43
-3019
-5194
-5219
-3065
-70
3033
5997
7620
6921
4308
684
-3570
-7753
-10476
-10819
-8971
-5804
-1920
1744
4308
5689
6156
5356
3429
1787
1974
3380
4665
6227
8778
11509
13023
13035
11474
8895
4484
-3280
-11529
-15752
-17083
-17979
-16073
-9979
-3094
2113
6682
9907
9391
6138
3706
2646
1175
674
3220
6501
7868
8670
9197
7135
1895
-4153
-9363
-13603
-16385
-16772
-14679
-10717
-5213
922
5326
6538
5901
4516
1501
-2924
-6069
-6251
-4614
-1978
1690
5448
7409
6971
4762
1419
-2746
-6691
-9405
-10117
-8687
-5363
-1465
1625
3550
4870
5700
5309
3180
895
803
2599
4558
6072
7970
10294
12389
13035
11342
8156
3822
-2938
-10212
-14452
-16033
-16945
-15190
-9347
-2632
1999
5957
9376
9806
7367
5079
3314
1284
921
3507
6172
7048
7578
8290
7006
2490
-3530
-8983
-13301
-16015
-16457
-14963
-11707
-6557
-320
4507
6495
5999
4153
1718
-1356
-4495
-6204
-5610
-2947
1158
5231
7523
7507
6015
3277
-737
-5182
-8979
-10859
-9720
-6274
-2524
406
2966
5332
6698
5900
3300
763
291
1682
3577
5110
7233
10433
13652
14584
12692
9133
3165
-5515
-12776
-15979
-17947
-19242
-15430
-7114
-216
3996
8201
10913
9567
6459
4618
2670
177
729
4639
7350
7669
8179
8505
5823
271
-5556
-10704
-14658
-16332
-15678
-13561
-9935
-4567
1060
4726
5556
4221
2172
119
-1857
-3549
-4210
-3044
-15
3514
5994
6479
5377
3378
850
-2547
-6283
-8926
-8996
-6895
-4003
-1403
806
2754
4462
5258
4038
1676
488
1511
3113
4305
5824
8453
11229
12895
12399
10125
6376
-247
-8572
-14045
-15976
-17459
-17074
-11699
-3894
1587
5563
9173
10369
8034
5530
4405
2807
1227
2927
6613
8491
8494
8574
7464
3475
-2314
-7790
-12485
-15585
-16142
-14384
-11532
-7596
-2304
2710
5042
4584
3093
1274
-990
-2667
-3096
-2990
-1981
1331
5402
7015
5801
3989
2389
-87
-3729
-7136
-9016
-8548
-5877
-2516
-400
932
2730
4622
4643
2613
237
-169
1245
2960
4373
6312
9067
11952
13516
12506
9651
4455
-3790
-11716
-15440
-17189
-18848
-16659
-8952
-1098
3744
7794
11112
10502
7155
4999
3711
1388
1108
4541
7845
8611
9203
9541
6795
990
-4834
-10045
-14624
-17081
-16451
-13802
-9907
-4789
533
4226
5202
4186
2960
895
-2411
-4430
-3818
-2583
-924
2215
5630
7016
6110
4229
2116
-913
-4617
-7131
-7692
-7042
-4813
-1533
927
2233
3448
4253
3484
1269
-541
-196
1334
2979
4996
7877
10906
13234
13663
12158
8455
1090
-8212
-14575
-17256
-19407
-19608
-14293
-5625
1239
6189
10424
11920
9336
6365
4604
2107
116
2225
6395
8642
9415
10514
9897
5450
-1210
-7452
-13091
-17253
-18458
-16732
-13499
-8503
-1988
3567
5934
5335
3433
1134
-1707
-4298
-5292
-4491
-2044
2049
6299
8545
8271
6611
4181
735
-3624
-7596
-9424
-8677
-6010
-2740
90
2219
3975
4984
4252
1792
-895
-1752
-677
1080
2932
5635
9297
12906
14845
13999
11103
5722
-2870
-11426
-16378
-18980
-20440
-17757
-10102
-1976
3795
8548
11846
11147
7594
4895
2945
562
596
4351
8269
10175
11474
11898
9187
3045
-3940
-10370
-15853
-19154
-18942
-16028
-11491
-5448
1070
5645
6872
5175
2438
-344
-3309
-5737
-6096
-4264
-494
4540
8752
10107
9116
7028
3831
-861
-6093
-9858
-10590
-8698
-5438
-1983
1125
3807
5813
5980
3805
437
-1952
-2555
-1617
310
3243
6930
11144
14828
16123
14302
8722
-497
-9701
-15532
-19466
-22533
-21053
-13508
-4440
2825
8779
12692
12604
9773
6844
3432
-549
-1250
2486
6587
8987
11416
13272
11742
6306
-795
-8354
-15191
-19550
-20407
-18545
-14456
-8081
-576
5195
7365
6813
4422
341
-3468
-5492
-6429
-6037
-2555
3348
8615
10654
10144
8684
5980
1295
-3844
-7974
-10453
-9574
-5680
-1840
544
3026
5851
7256
5542
1754
-1107
-2102
-1833
-554
2030
5161
9236
13640
16075
14341
7565
-1703
-9128
-14146
-19265
-22777
-20521
-13076
-4903
2445
8687
12078
11772
10257
8456
4502
-88
-410
3125
6122
8024
10559
12496
11248
6836
589
-6925
-14086
-18706
-20068
-19041
-15703
-9803
-2503
3468
6272
5825
3336
363
-2243
-4343
-5720
-5262
-1851
3549
7897
9323
8805
7689
5616
2035
-2349
-6158
-7942
-7113
-4700
-2195
-171
1952
4264
5500
4225
1717
-59
-696
-605
411
2517
5244
8519
11766
13592
11442
4606
-3327
-8629
-12730
-17603
-19876
-16360
-9959
-4118
1794
7274
9410
8869
8660
7860
4434
1675
2776
5148
6155
7410
9530
9958
7604
4054
-560
-6529
-12071
-15319
-16504
-16040
-13256
-8242
-2837
1026
3081
3821
2268
-1348
-3578
-3739
-4427
-4480
-1082
4008
6888
7308
7070
6411
3965
495
-2038
-3680
-4999
-4070
-1304
234
567
2013
3875
4056
2504
1215
915
914
1225
2635
4326
5960
8078
10353
9761
4419
-2472
-6697
-9659
-13928
-16690
-14758
-9892
-4918
169
4558
6578
6607
7007
7163
5163
2901
3920
6346
7047
7140
8129
8088
5789
2465
-1135
-5348
-9199
-11288
-11913
-11841
-10546
-7409
-3840
-1284
-615
-1514
-2174
-2178
-2863
-3734
-2891
-698
1944
4469
5850
5387
4152
2902
1315
-929
-2993
-3255
-1590
162
1373
2443
3192
3408
3306
2150
391
-654
-248
883
2091
3690
5709
7821
9327
9952
7871
1954
-4996
-9178
-11557
-14405
-15914
-12979
-7301
-2279
2090
5760
6638
5265
4556
4198
2206
840
2759
6066
7988
9148
10152
9875
7085
2760
-1942
-6551
-10252
-11898
-11667
-10302
-7848
-4053
-288
1454
811
-488
-2079
-4947
-7733
-8343
-7036
-4310
17
4584
7377
7864
7030
5180
1866
-2136
-4745
-5245
-4457
-2140
1653
4735
6007
6323
6234
4928
2223
-673
-2069
-1881
-495
1792
4623
7289
9769
11051
7982
690
-6026
-9729
-13189
-16851
-16676
-11811
-5965
-342
5293
8606
8097
6840
6416
4420
925
-12
2165
4554
6262
8237
9325
8064
5391
2329
-2028
-7329
-11183
-12022
-10889
-8870
-5950
-1931
1938
4053
3703
1213
-2559
-5643
-6877
-7036
-6547
-3989
702
5025
6896
6415
4659
2030
-1197
-4171
-5987
-6195
-4201
-436
3190
5366
6546
7039
6232
4132
1553
-474
-1368
-842
1165
3897
6243
8032
9340
8066
2332
-4710
-9167
-11939
-14909
-15550
-11760
-6218
-1550
3147
7213
7832
5806
4593
3884
1739
428
2424
5437
7008
8272
9549
8683
5046
652
-3565
-7604
-10659
-11737
-10830
-8490
-5062
-869
2838
4209
3001
1245
-542
-3330
-6410
-7601
-6297
-3393
191
3626
5617
5810
4882
3062
-377
-4524
-6963
-6706
-4929
-2355
953
4259
6663
7579
7031
5108
2425
404
-263
201
1517
3807
6493
8941
9837
6823
194
-6138
-10287
-13824
-16571
-15735
-11049
-5287
474
5932
8848
8088
6287
5006
2533
-604
-861
1819
4653
7097
9773
11131
9380
5516
1058
-4321
-9993
-13571
-14029
-12439
-9323
-4409
1061
4978
6431
5576
3314
-5
-3923
-6832
-7409
-5942
-2910
1175
4835
6833
7249
6041
2765
-1890
-6166
-8525
-8629
-6889
-3619
579
4702
7818
9198
8205
5299
1814
-665
-1666
-1312
355
3511
7430
11016
11719
7125
-432
-6343
-10640
-15606
-18895
-17099
-11486
-4893
2320
8320
10119
8597
7467
6031
1775
-2368
-2193
831
3969
7453
10832
11871
10227
7187
2399
-4449
-10907
-14401
-14990
-13639
-10056
-4556
939
4801
6796
7071
4261
-1454
-6208
-7718
-7735
-6949
-3779
1553
6508
9456
9973
7913
3582
-1268
-5012
-7938
-9992
-8920
-4461
501
4084
6577
8346
8487
6289
2732
-315
-2045
-1927
176
3422
6491
7351
5325
2092
-1319
-6357
-12142
-15041
-13931
-10950
-6482
-443
5164
8248
9768
10354
8290
3819
894
427
235
513
2799
5798
7369
7314
5821
2284
-2685
-7203
-10228
-12006
-11928
-9145
-4486
-225
2710
4374
4326
2428
-193
-2564
-4291
-4878
-3544
-580
2379
4121
4928
5012
3664
949
-1955
-4343
-5659
-5248
-3225
-691
1750
3840
5427
5919
4535
2237
368
-481
-425
791
2694
5248
7049
5541
1077
-3023
-6201
-10380
-13968
-13806
-10481
-6305
-1074
4692
8053
8358
8303
7942
5060
1348
242
1097
1801
3090
5422
6933
6572
5036
2288
-2120
-6871
-10202
-11867
-12068
-10026
-5627
-449
3880
6765
7792
6085
2067
-2006
-4757
-6642
-7231
-5022
-411
4013
6689
7840
7351
4591
261
-3920
-7177
-8978
-8034
-4397
32
3975
7725
10699
10926
8144
4422
1047
-1786
-3404
-2952
-903
498
171
-529
-1057
-3197
-7362
-10458
-10846
-10089
-8510
-4642
538
4293
6814
9738
11200
9431
6988
5853
4318
1983
1226
2226
2580
1736
1083
271
-1908
-5051
-7712
-9699
-10866
-10295
-7741
-4360
-1640
705
3763
6160
6215
5158
4342
3109
1427
527
392
17
-313
285
1221
724
-957
-1934
-2305
-3339
-4120
-3577
-2257
-647
1720
4313
5806
6229
6660
7136
6501
4935
3935
3330
475
-4307
-7815
-9257
-11002
-12599
-11509
-8395
-5747
-2789
1208
3897
3861
3780
4831
4976
3981
4382
5920
6629
6910
8070
8425
6389
3362
987
-1754
-5577
-8909
-10480
-10762
-10059
-7991
-5277
-3122
-1716
-1073
-947
-858
-903
-762
479
2838
5630
8061
9230
8890
7585
5512
2426
-1279
-4421
-5794
-5114
-3620
-2043
-232
1565
2854
3507
2848
1085
-30
637
2157
3204
4454
5677
4683
1315
-1972
-5112
-9596
-13519
-13816
-11675
-9391
-6041
-709
4010
5992
6726
7129
5694
3197
2275
2332
1715
1860
4159
6554
6897
5742
4225
2077
-919
-4162
-7015
-9004
-9067
-7053
-4879
-4009
-3581
-2356
-1277
-1415
-2091
-2101
-1544
-471
1567
3818
4891
5415
6597
7484
6476
4123
2016
609
-281
-498
-103
115
316
1275
2423
2061
629
-48
474
1157
1868
2817
2145
-788
-3410
-4597
-6811
-10158
-10993
-8393
-5575
-3521
-672
2366
3494
3559
4165
3965
2152
1492
2886
3790
3233
3209
4041
3785
2038
230
-1448
-3518
-5262
-5509
-4894
-4209
-2721
-153
2084
1904
-313
-1642
-2006
-3278
-4660
-4207
-2194
354
3142
5173
5207
3808
2643
1761
-269
-2800
-2994
-707
1960
4404
6865
8639
9060
8281
6452
3382
59
-1560
-1316
-528
-575
-1791
-3237
-4147
-5393
-8324
-11334
-12132
-10832
-8383
-4869
-1030
2190
4876
7470
8707
7399
5265
4229
3506
2164
1258
1454
1671
1471
1169
-7
-2421
-5075
-6924
-8307
-9163
-8642
-6777
-3981
-361
2926
4895
5967
6644
6234
4128
1517
-309
-881
-682
-362
-121
178
693
1330
1023
-580
-2075
-1898
-545
588
1481
2999
4946
6425
7219
7331
6942
6312
5984
5486
2789
-2260
-6507
-8335
-9915
-12028
-12365
-10093
-7072
-4145
-1160
773
1007
1050
1864
2065
1209
1472
3571
5577
6485
6993
7111
5956
3403
291
-3044
-6575
-9171
-9715
-8760
-7436
-5188
-2547
-1730
-2082
-1604
-892
-1404
-1692
54
2879
4889
6383
7815
8351
7215
5222
2764
-458
-3131
-3813
-3335
-2728
-1281
1620
4772
6299
6059
5302
4366
3150
1876
1379
1290
290
-1385
-2287
-2647
-4339
-6506
-6893
-5888
-5142
-3958
-1619
690
1911
2957
3987
3594
1947
1080
780
-311
-1452
-1064
41
513
643
813
188
-1659
-3427
-4452
-5613
-7115
-6780
-4176
-1479
-25
1427
2921
3117
1964
772
-467
-1919
-2369
-1018
554
1181
2025
3573
4158
3152
1975
1553
1353
1323
1952
2888
3636
4379
5520
6143
5799
5039
4915
4096
845
-3660
-6730
-8486
-10536
-11678
-10315
-7465
-4483
-616
3279
5249
5385
5946
6447
5014
2828
2294
2756
2501
2163
2371
2140
660
-1158
-3223
-6059
-8882
-9929
-10000
-10669
-9581
-5545
-1413
875
2611
4459
5184
4189
2876
1833
527
-428
337
1692
1714
1522
2196
1996
389
-1087
-1457
-1423
-1403
-432
1754
3756
5075
6348
7539
7550
6925
6615
5073
1286
-2790
-4914
-6489
-8838
-9826
-8197
-6145
-4297
-1786
831
1950
2244
3047
3706
3263
2920
3746
4530
4057
3366
3239
2728
1108
-910
-2682
-4334
-5946
-6858
-7246
-7572
-7424
-5925
-3812
-2493
-1602
-206
1303
1919
1819
1966
2164
2158
2610
3210
2873
1953
1658
1586
703
-387
-693
-531
-246
434
1596
2500
2890
3432
4286
4564
4158
3949
3315
896
-2126
-3798
-4735
-6097
-6492
-4871
-3021
-1879
-398
1306
1706
1033
867
1259
1376
1805
3114
4206
4284
4138
4058
2994
317
-2902
-5184
-6318
-7078
-7484
-6727
-5081
-3101
-1332
-262
5
69
191
131
-271
-392
347
1569
2600
3351
3886
3890
3364
2570
1648
530
-405
-706
-322
226
863
1713
2393
2569
2734
2791
2525
2089
898
-1323
-3587
-4998
-5975
-6786
-6535
-4866
-2629
-474
1554
3250
4216
4542
4469
3816
2884
2561
2574
2096
1194
777
498
-519
-2048
-3189
-4126
-5078
-5469
-5169
-4964
-4479
-2940
-1149
-15
560
1077
1149
604
169
153
-17
7
1081
2716
3657
3838
3830
3660
3016
2219
1369
548
272
837
1805
2215
2245
2662
3492
3801
3187
1318
-1595
-4726
-7219
-9182
-10762
-10640
-8137
-4461
-1006
2095
4658
5863
5695
5085
4189
2847
2014
2437
3327
3512
3285
3065
2277
378
-2200
-4724
-6769
-8009
-8187
-7624
-6995
-5598
-2660
623
2282
2625
3044
3390
2683
1360
260
-510
-723
131
1514
2215
2387
3035
3969
4134
3340
2639
2528
2691
2678
2528
2481
2619
2902
3406
3024
876
-1862
-4009
-6007
-8476
-10150
-9907
-8393
-6177
-3106
228
2560
3958
5122
5495
4433
3225
2892
2667
1902
1340
1318
1094
158
-1051
-2367
-3875
-5265
-5950
-6203
-6275
-5440
-3312
-872
847
1978
2892
3452
3235
2510
1749
887
340
813
1660
1766
1588
2011
2587
2370
1386
544
332
691
1352
2119
2845
3753
4950
5598
4219
942
-2283
-4353
-6044
-7729
-8021
-6339
-3818
-1198
1183
2515
2416
1892
1474
516
-914
-1381
-218
1436
2548
3232
3546
2914
1268
-951
-3652
-6339
-7953
-8145
-7586
-6699
-4908
-2061
790
2625
3518
3868
3650
2913
2061
1204
472
486
1440
2437
3024
3579
4259
4372
3603
2557
1716
1093
836
1026
1481
1967
2684
3358
2553
17
-2744
-4907
-7013
-8925
-9425
-8179
-6025
-3201
45
2709
4057
4800
5289
5072
4028
3163
2824
2603
2273
2082
1779
958
-189
-1236
-2492
-4255
-6011
-7008
-7605
-8083
-7633
-5983
-4011
-2212
-203
1842
3081
3431
3477
3098
2282
1690
1756
1920
2233
3111
4388
5117
5093
4604
3898
2883
1700
808
381
478
1111
2292
2658
1444
-350
-1881
-3692
-5971
-7573
-7742
-6945
-5458
-3371
-1422
-150
798
1776
2240
1925
1764
2295
2836
2813
2557
2255
1850
1252
536
-515
-1609
-2676
-3520
-3730
-3602
-3301
-2666
-1494
-296
470
760
921
818
396
-139
-604
-1204
-1425
-770
300
1170
2003
3262
4579
5336
5364
4845
4011
3302
2932
2798
2543
1783
673
-563
-2061
-4078
-6065
-7065
-7049
-6355
-4954
-3029
-1076
710
2260
3015
2759
2142
1966
1756
956
18
-309
-243
-385
-887
-1642
-2692
-3657
-4065
-4228
-4441
-4095
-2591
-442
1391
2656
3472
3866
3883
3684
3074
1853
933
1169
1964
2227
1965
1912
2058
1975
1501
707
-68
-344
134
946
1619
2199
2526
2011
588
-1385
-3609
-5728
-6826
-6363
-5002
-3456
-1551
784
2658
3222
2666
1588
362
-424
-449
-181
3
637
1835
2731
2328
664
-1399
-3296
-5058
-6778
-7843
-7541
-5702
-2952
-110
2107
3332
3894
3880
3021
1412
-40
-439
204
1404
2804
4144
5166
5643
5511
4713
3379
2013
1345
1175
1333
1807
2862
3648
2934
1199
-853
-3018
-5565
-7522
-8193
-7566
-6155
-3832
-1221
810
1927
2512
2261
1026
-400
-1043
-1161
-1202
-863
79
940
1138
687
-324
-1837
-3237
-4064
-4340
-4130
-3079
-1137
1053
2645
3326
3250
2496
1140
-420
-1755
-2556
-2462
-1130
861
2645
4004
4982
5466
4976
3695
2259
1231
716
968
1927
3266
4088
3996
3043
1190
-1356
-4130
-6215
-7253
-7120
-5741
-3239
-529
1725
3433
4374
3937
2310
552
-811
-1915
-2681
-2639
-1850
-943
-514
-826
-2066
-3834
-5343
-6289
-6708
-6384
-4750
-2022
933
3331
4889
5496
5210
4210
2765
1241
222
173
1079
2449
3804
4797
5319
5108
4091
2405
516
-913
-1499
-1161
-78
1078
1348
946
55
-1284
-3298
-5208
-6078
-5606
-4207
-2239
109
2259
3562
4144
3932
2747
1165
111
-533
-1076
-1267
-902
-583
-969
-1677
-2501
-3620
-4931
-5522
-5043
-4176
-3032
-1263
747
2283
3078
3278
2736
1681
645
-119
-820
-1113
-494
917
2257
3161
3885
4520
4821
4520
3868
3142
2825
3036
3721
3805
2749
1284
15
-1318
-3273
-5042
-5936
-5807
-5073
-3840
-2622
-1673
-832
-10
316
-82
-480
-309
179
347
367
322
-25
-855
-1968
-3129
-4214
-4841
-4547
-3447
-2036
-510
1132
2514
3084
2670
1715
529
-565
-1157
-1127
-630
522
2234
3867
4723
4731
4262
3382
2306
1321
642
513
1300
2810
4300
4832
4091
2581
709
-1446
-3650
-5289
-5743
-4801
-2816
-565
1342
2526
3152
2981
1910
127
-1424
-2302
-2646
-2790
-2816
-2737
-2672
-2911
-3739
-4864
-5726
-5915
-5502
-4679
-3385
-1412
764
2622
3701
4040
3766
3081
2175
1191
394
121
569
1451
2264
2777
3170
3388
3174
2608
1987
1790
1760
2005
2495
2905
2774
2071
1159
-7
-1284
-2281
-2484
-2199
-1445
-361
839
1623
1840
1742
1323
494
-389
-889
-1071
-1177
-1220
-1455
-2076
-2795
-3476
-4425
-5717
-6511
-6163
-5166
-3946
-2531
-1007
363
1314
1722
1372
440
-363
-584
-479
-175
664
2116
3468
4271
4668
4682
4166
3381
2677
2100
1604
1609
2186
2645
2072
584
-774
-1648
-2391
-3007
-2842
-1873
-568
874
2042
2333
1925
1630
1496
913
206
153
652
883
617
74
-621
-1511
-2492
-3483
-4470
-5043
-4842
-4199
-3697
-3244
-2397
-1508
-1114
-1205
-1418
-1572
-1522
-1146
-514
268
1248
2557
3693
4071
3732
3390
3088
2676
2259
2218
2673
3365
4136
4601
4332
2933
948
-1056
-2838
-4262
-4735
-4025
-2629
-996
642
1840
2040
1569
926
222
-529
-895
-650
-77
349
621
600
93
-803
-1707
-2664
-3588
-3970
-3625
-3041
-2609
-1919
-984
-379
-324
-529
-815
-1234
-1496
-1324
-841
-378
374
1368
2215
2588
2708
2650
2470
2340
2415
2669
3085
3703
4281
4586
4039
2638
853
-767
-2072
-2916
-3138
-2560
-1418
-113
995
1435
1036
351
-327
-986
-1546
-1697
-1470
-992
-621
-423
-597
-1204
-1909
-2403
-2747
-2918
-2737
-2132
-1341
-590
-33
112
-81
-366
-795
-1369
-1849
-1892
-1473
-699
245
1157
1884
2300
2407
2132
1573
879
537
783
1471
2335
3265
4279
4813
4478
3170
1349
-409
-1687
-2225
-2168
-1483
-242
1371
2501
2715
2080
1033
-83
-1143
-2005
-2571
-2715
-2407
-1802
-1327
-1244
-1455
-1689
-1870
-2062
-2235
-2314
-2200
-1905
-1394
-925
-705
-682
-580
-313
-212
-279
-297
-32
499
1145
1686
1894
1968
2104
2196
1915
1370
1012
1034
1358
1734
2067
2200
1985
1419
627
-360
-1323
-1881
-1751
-1051
-63
1009
1922
2455
2538
2290
1567
520
-433
-925
-1276
-1587
-1797
-1788
-1800
-1870
-1896
-2006
-2192
-2187
-1918
-1727
-1729
-1672
-1424
-1095
-860
-703
-643
-562
-392
-143
-34
-63
113
547
1014
1423
1790
2091
2326
2502
2625
2382
1971
1634
1405
1122
631
35
-519
-866
-953
-737
-545
-335
172
798
1184
1177
1076
864
586
388
303
198
-57
-204
-369
-762
-1527
-2335
-2934
-3163
-3016
-2555
-1932
-1235
-411
310
656
439
-19
-479
-837
-1152
-1314
-1222
-687
194
1040
1585
1879
2025
1972
1606
1085
678
528
803
1259
1724
1971
2171
2196
1762
779
-335
-1127
-1553
-1662
-1491
-912
-131
706
1364
1581
1316
834
440
86
-293
-646
-714
-594
-527
-706
-1033
-1390
-1684
-1981
-2216
-2301
-2231
-2002
-1695
-1377
-1101
-820
-554
-397
-279
-89
96
313
593
959
1295
1522
1673
1691
1624
1449
1315
1233
1272
1364
1568
1747
1793
1565
989
116
-810
-1536
-1968
-1939
-1535
-723
322
1261
1853
2014
1649
926
102
-616
-1065
-1164
-855
-315
213
539
612
375
-119
-809
-1553
-2261
-2738
-2890
-2676
-2322
-1924
-1446
-848
-408
-230
-281
-304
-206
-18
222
523
939
1439
1937
2167
2095
1878
1724
1553
1275
1019
1070
1264
1377
1331
1110
615
-48
-675
-1160
-1577
-1733
-1513
-997
-406
133
631
889
791
553
361
124
-128
-226
-116
46
206
373
523
548
409
-1
-568
-1228
-1866
-2407
-2728
-2765
-2438
-1817
-1033
-284
273
591
656
500
180
-195
-440
-411
-107
336
869
1428
1949
2297
2204
1916
1594
1288
937
638
406
161
22
55
-2
-258
-516
-536
-564
-650
-665
-558
-603
-631
-465
-273
-276
-267
-44
71
-79
-330
-472
-618
-835
-1014
-1114
-1173
-1034
-654
-310
-104
178
613
1035
1188
1137
1043
941
767
587
361
98
-116
-167
-117
-232
-416
-449
-314
-184
-96
51
330
714
1087
1421
1621
1511
1210
867
426
-162
-694
-912
-816
-471
-45
349
504
470
307
-30
-591
-1229
-1571
-1554
-1418
-1209
-893
-538
-403
-508
-819
-1225
-1668
-1868
-1768
-1463
-939
-163
796
1542
1927
2000
1901
1528
1166
833
643
618
851
1269
1531
1546
1393
1198
799
274
-263
-515
-682
-729
-586
-283
-45
14
-59
-228
-473
-804
-959
-1038
-935
-526
151
675
944
1123
1239
1120
631
43
-391
-732
-932
-1082
-1256
-1376
-1394
-1391
-1473
-1710
-1869
-1775
-1584
-1398
-1106
-664
-129
332
664
858
965
1030
1170
1273
1337
1493
1754
1988
1962
1766
1482
1170
661
141
-225
-401
-387
-162
146
418
552
615
586
334
-77
-424
-686
-822
-781
-590
-362
-216
-89
98
148
-1
-139
-170
-187
-207
-217
-280
-344
-418
-537
-855
-1211
-1402
-1475
-1513
-1443
-1207
-804
-444
-213
-62
14
-12
-20
83
293
613
1135
1724
2056
2079
1909
1638
1060
260
-387
-725
-786
-579
-129
352
784
1130
1336
1142
559
-60
-458
-734
-879
-782
-394
76
573
935
1017
680
249
-169
-592
-1086
-1390
-1345
-1054
-764
-455
-272
-247
-268
-333
-522
-787
-931
-807
-484
-115
173
352
433
446
324
-69
-498
-689
-509
-201
139
534
1037
1429
1635
1545
1234
759
423
196
96
-22
33
164
326
298
148
-109
-418
-721
-927
-993
-919
-694
-332
75
374
543
555
454
216
-69
-354
-498
-509
-384
-284
-127
-7
16
-143
-355
-597
-821
-912
-834
-652
-389
-63
196
336
310
207
91
-55
-88
30
302
675
1081
1410
1613
1613
1461
1164
775
267
-169
-435
-602
-674
-667
-525
-331
-131
3
84
87
53
-22
-140
-289
-330
-237
-89
12
72
121
101
-66
-351
-662
-925
-927
-795
-609
-360
-31
194
277
239
45
-177
-355
-445
-481
-508
-457
-364
-289
-265
-203
-143
-37
120
370
641
827
966
1087
1239
1310
1301
1182
1086
977
823
547
226
-103
-278
-327
-284
-250
-227
-237
-254
-324
-430
-611
-843
-822
-643
-446
-302
-155
-55
-96
-262
-428
-561
-591
-421
-87
270
603
914
1149
1094
797
337
-154
-623
-955
-1161
-1224
-1172
-993
-822
-716
-741
-752
-720
-713
-707
-568
-298
93
495
870
1315
1632
1761
1713
1581
1375
1083
782
611
558
559
624
646
541
328
142
-90
-524
-983
-1190
-1258
-1348
-1362
-1221
-1009
-807
-572
-329
-219
-120
135
454
636
803
1028
1285
1384
1286
1186
959
628
308
26
-298
-608
-778
-855
-916
-1032
-1045
-1048
-1112
-1183
-1225
-1215
-1170
-1059
-880
-631
-328
59
385
638
815
971
1099
1159
1110
1027
890
775
669
625
597
568
628
743
714
549
290
-14
-373
-709
-981
-1093
-1077
-884
-591
-339
-129
50
160
151
15
-140
-162
-90
59
314
577
861
1084
1136
947
625
222
-138
-485
-755
-894
-852
-690
-539
-476
-507
-526
-622
-687
-755
-764
-694
-485
-229
41
257
403
533
592
604
564
459
405
413
444
515
568
540
449
261
80
-121
-388
-584
-587
-398
-119
214
476
688
697
572
283
-91
-421
-629
-656
-456
-114
236
542
651
558
292
-81
-480
-795
-937
-824
-509
-132
201
418
408
206
-126
-536
-912
-1030
-905
-631
-257
223
688
914
930
750
420
12
-353
-501
-492
-327
-7
457
780
868
821
651
299
-160
-465
-526
-413
-129
292
668
835
851
714
261
-323
-759
-980
-1063
-836
-401
113
514
765
840
584
111
-345
-636
-850
-897
-712
-375
-56
153
207
74
-298
-733
-1002
-1057
-1044
-777
-368
172
640
916
972
806
482
234
88
-58
-77
92
427
766
969
964
863
617
386
125
-140
-326
-233
39
286
368
333
367
365
205
-107
-391
-477
-288
-106
-6
58
192
306
219
-92
-415
-638
-735
-741
-766
-686
-502
-209
-57
-113
-336
-487
-548
-600
-646
-620
-488
-237
30
164
137
13
-32
-21
-75
-156
-99
124
425
662
777
804
824
848
834
697
581
544
613
691
675
590
526
464
298
82
-100
-212
-300
-324
-261
-142
-112
-128
-187
-295
-507
-668
-755
-759
-726
-515
-249
-87
-60
-47
-117
-284
-434
-526
-552
-537
-411
-284
-139
-66
22
1
-77
-167
-162
-189
-224
-250
-196
-87
34
177
307
429
544
694
796
833
773
769
723
654
504
468
441
502
512
501
481
452
361
226
25
-269
-412
-528
-618
-669
-636
-536
-352
-270
-235
-218
-269
-348
-442
-541
-591
-580
-428
-189
-39
39
164
245
188
-12
-202
-305
-355
-321
-177
-94
-44
77
168
137
-29
-139
-121
-35
100
290
487
657
801
854
803
632
470
358
317
292
329
401
455
460
429
317
77
-181
-398
-531
-616
-605
-594
-513
-427
-327
-342
-435
-500
-502
-478
-516
-457
-329
-170
-86
-11
40
62
-7
-103
-200
-282
-279
-256
-211
-130
17
174
304
266
176
147
141
58
19
43
190
404
559
620
640
704
745
666
492
332
266
276
273
207
136
165
232
189
24
-143
-271
-332
-419
-533
-617
-609
-464
-363
-357
-417
-399
-354
-344
-430
-520
-533
-449
-352
-277
-202
-138
-30
40
31
-32
-55
-6
80
140
216
323
438
531
545
469
359
261
251
237
217
222
319
496
664
714
665
562
447
316
147
-35
-99
-37
70
186
230
194
75
-78
-309
-606
-839
-934
-881
-783
-610
-421
-300
-251
-251
-305
-443
-553
-587
-449
-280
-170
-109
-37
22
5
-98
-275
-392
-377
-271
-151
-55
67
275
515
669
721
694
670
644
594
494
402
436
576
727
862
921
903
803
610
351
84
-162
-311
-376
-360
-298
-286
-275
-279
-318
-427
-540
-637
-698
-679
-614
-505
-420
-302
-179
-110
-136
-191
-255
-296
-301
-332
-375
-374
-319
-294
-306
-340
-297
-250
-205
-161
-54
59
180
304
422
499
514
541
568
618
648
638
588
639
675
664
604
523
501
501
491
453
389
312
249
139
-17
-176
-290
-324
-292
-271
-290
-295
-275
-303
-412
-563
-667
-687
-654
-584
-461
-327
-178
-53
-20
-92
-156
-204
-266
-364
-407
-344
-229
-167
-78
-14
-19
-50
-107
-168
-211
-222
-146
57
261
467
662
823
846
762
619
483
364
296
295
351
414
485
543
496
317
81
-114
-261
-363
-419
-362
-231
-53
61
72
14
-66
-171
-296
-432
-512
-426
-315
-220
-146
-70
-24
-29
-118
-253
-404
-524
-547
-497
-487
-448
-312
-163
-77
-56
-28
16
60
147
254
328
391
530
670
705
609
498
457
390
328
284
270
293
388
439
358
169
32
-59
-214
-327
-347
-300
-212
-90
2
5
-52
-130
-214
-323
-418
-431
-366
-305
-216
-133
-72
-43
-50
-124
-240
-335
-400
-458
-483
-419
-349
-281
-185
-63
31
112
199
297
347
364
430
502
506
498
493
467
422
355
298
266
240
247
250
224
181
98
-9
-125
-247
-352
-359
-286
-154
-51
48
139
183
116
25
-42
-76
-91
-102
-104
-96
-43
-21
-67
-188
-263
-311
-408
-536
-575
-568
-533
-469
-423
-376
-276
-122
-12
46
90
215
364
511
618
681
749
816
826
721
594
500
454
394
319
247
204
166
120
7
-197
-378
-483
-556
-642
-657
-587
-480
-356
-224
-150
-116
-71
-13
36
47
33
29
17
4
-7
-60
-101
-90
-35
-5
-13
-36
-102
-183
-287
-379
-468
-520
-499
-413
-305
-167
23
195
303
363
431
447
418
415
421
464
521
577
619
632
633
561
392
154
-6
-140
-250
-314
-337
-310
-243
-176
-203
-288
-369
-387
-430
-475
-478
-394
-259
-107
-15
-9
-18
6
21
-68
-170
-167
-70
-6
55
131
177
189
195
129
0
-137
-193
-154
-127
-110
-15
128
248
325
330
292
252
243
240
238
247
340
468
530
488
428
347
202
28
-126
-224
-303
-324
-274
-259
-319
-353
-336
-381
-524
-618
-595
-521
-475
-376
-224
-122
-36
84
153
134
106
131
169
157
143
205
251
222
201
205
187
118
53
-1
-21
-18
-2
-4
21
101
168
178
171
164
186
239
270
280
285
307
296
241
154
61
-28
-86
-134
-166
-174
-194
-239
-327
-391
-422
-441
-460
-453
-381
-261
-167
-125
-72
-25
-24
-63
-97
-115
-116
-88
-40
13
62
142
222
257
260
269
240
208
170
136
114
118
161
193
207
171
131
105
80
33
-12
-1
33
81
114
93
35
-20
-75
-133
-179
-185
-126
-27
42
49
31
4
-53
-167
-291
-361
-345
-273
-183
-75
6
37
37
20
-92
-188
-229
-233
-197
-111
31
137
190
222
228
167
105
61
51
56
87
171
267
321
350
344
296
259
225
161
116
110
109
94
68
16
-48
-123
-219
-314
-397
-415
-395
-363
-326
-276
-217
-173
-142
-140
-174
-188
-148
-81
-57
-19
69
157
172
163
162
137
93
57
49
31
59
98
128
138
127
96
53
6
-31
-26
4
79
154
230
295
313
306
297
283
254
229
242
286
277
212
141
52
-84
-222
-346
-422
-466
-467
-436
-400
-376
-381
-390
-426
-451
-455
-439
-397
-302
-168
-18
105
179
199
186
166
129
41
-3
21
78
158
231
292
333
335
286
193
72
-15
-55
-61
-53
17
119
202
253
264
251
242
206
155
114
108
143
192
173
114
95
69
-24
-149
-244
-300
-325
-344
-367
-394
-366
-326
-350
-412
-401
-358
-319
-273
-195
-84
2
76
130
157
160
204
245
251
238
277
340
337
316
326
296
222
134
72
22
-29
-17
13
57
94
140
170
153
112
90
77
46
43
58
78
85
97
79
36
-34
-102
-173
-263
-321
-336
-335
-346
-348
-313
-279
-281
-302
-342
-340
-294
-249
-227
-186
-90
37
120
136
148
174
197
212
206
207
228
305
387
408
382
345
338
273
174
87
27
19
54
112
148
157
154
131
89
28
-53
-107
-106
-90
-90
-95
-99
-133
-163
-224
-320
-391
-408
-408
-392
-358
-301
-217
-131
-70
-36
-23
-35
-60
-77
-98
-114
-81
-20
52
94
161
207
213
201
173
133
82
57
61
77
84
84
93
108
119
103
77
85
128
167
180
190
213
241
243
231
175
111
89
72
45
-11
-57
-95
-128
-168
-228
-296
-329
-319
-329
-341
-303
-236
-164
-115
-110
-75
-35
-41
-64
-78
-63
-14
46
84
129
189
235
238
204
159
119
92
86
100
95
94
122
142
96
29
23
38
27
15
34
66
99
127
136
116
62
1
-37
-93
-157
-174
-171
-176
-189
-183
-193
-222
-266
-294
-312
-330
-314
-270
-205
-164
-122
-64
2
34
49
56
48
56
69
75
91
143
191
233
278
317
323
324
307
270
245
222
197
174
163
163
149
118
119
85
59
57
46
-5
-46
-39
-20
-24
-49
-48
-42
-49
-88
-128
-194
-276
-318
-358
-409
-429
-406
-361
-322
-296
-276
-247
-216
-203
-200
-192
-139
-58
47
145
220
293
353
373
341
288
255
223
186
180
198
233
228
225
246
248
211
166
120
116
137
142
115
84
84
76
45
-12
-36
-31
-7
-8
-41
-52
-34
-56
-117
-187
-247
-267
-293
-336
-356
-345
-311
-290
-304
-333
-315
-269
-274
-269
-242
-172
-90
-17
41
94
152
195
213
210
176
158
179
181
163
194
235
238
206
173
140
98
70
48
49
82
139
168
171
155
162
143
98
55
54
50
50
59
53
48
21
0
-50
-99
-144
-165
-197
-225
-209
-193
-190
-172
-141
-131
-143
-169
-172
-180
-184
-170
-121
-58
-5
54
76
92
118
121
78
25
13
11
10
-9
18
62
66
69
66
75
65
54
58
80
91
124
171
208
220
218
204
182
132
77
25
-14
-45
-72
-67
-49
-48
-61
-72
-108
-155
-211
-249
-295
-312
-284
-255
-235
-180
-143
-150
-170
-183
-183
-162
-113
-39
60
147
233
291
298
280
216
152
113
84
69
78
133
170
183
176
171
146
116
72
11
3
34
77
123
156
165
181
189
138
65
15
-34
-73
-99
-94
-109
-114
-118
-141
-193
-260
-308
-356
-390
-421
-416
-353
-290
-263
-240
-209
-168
-133
-106
-77
-34
33
136
219
277
319
345
357
349
317
259
231
215
197
178
191
189
175
158
125
119
108
105
100
112
106
125
161
173
152
140
126
82
41
6
-24
-26
-21
-35
-56
-104
-144
-202
-278
-363
-424
-470
-449
-396
-371
-351
-305
-259
-229
-221
-196
-150
-116
-82
-14
35
36
63
107
142
157
164
175
193
196
191
181
159
140
120
86
48
21
23
29
9
19
56
64
69
86
80
72
50
25
21
32
14
-7
20
31
18
22
7
-47
-89
-107
-115
-134
-140
-110
-85
-48
-32
-32
-48
-67
-83
-88
-90
-72
-23
27
56
84
137
139
134
121
113
97
81
68
57
60
73
93
93
83
77
75
68
39
11
-8
-8
-7
-5
-7
-21
-25
-39
-65
-92
-129
-142
-154
-176
-181
-197
-186
-165
-145
-136
-115
-96
-74
-52
-31
-5
8
22
29
24
19
30
63
94
94
108
124
138
153
143
97
78
86
105
106
94
97
96
90
64
48
23
31
48
59
60
64
61
58
37
-8
-50
-51
-14
-22
-46
-48
-13
-17
-30
-70
-95
-87
-114
-148
-168
-160
-142
-117
-98
-72
-31
-10
-18
-29
-55
-66
-50
-38
-31
7
61
87
85
89
95
73
29
-12
-30
-36
-32
-18
14
31
51
86
94
68
36
18
9
3
1
-1
25
53
70
58
52
35
15
-1
-46
-67
-78
-69
-68
-51
-24
-10
5
-7
-14
-8
-19
-22
-6
12
18
32
65
92
55
31
39
53
39
9
4
29
49
47
43
56
68
49
22
7
12
-1
0
-18
-14
-1
7
-6
-10
5
8
-2
-20
-23
-46
-74
-67
-36
-48
-49
-24
-22
-21
-30
-59
-73
-100
-127
-150
-139
-98
-49
-31
-26
2
35
50
-3
-20
7
20
-27
-37
-13
-7
-12
32
62
43
46
68
68
48
52
57
84
110
131
132
132
136
123
106
81
70
88
99
96
90
87
93
87
48
3
-39
-73
-91
-111
-128
-134
-143
-144
-158
-167
-166
-172
-175
-167
-144
-109
-98
-87
-57
-37
-54
-66
-70
-82
-63
-31
-27
-32
-17
30
50
40
30
24
29
53
43
38
76
97
116
130
117
112
110
78
50
14
2
15
31
34
47
71
86
81
53
35
29
25
-4
-45
-85
-82
-71
-63
-75
-76
-71
-40
-8
-35
-50
-65
-63
-73
-86
-82
-64
-24
20
43
53
73
62
44
17
2
15
42
54
63
83
111
145
152
123
91
70
56
31
22
28
39
79
96
95
92
83
67
32
-11
-23
-15
-13
1
16
14
15
11
-2
-27
-73
-112
-129
-159
-172
-157
-104
-66
-59
-34
-35
-44
-67
-101
-141
-132
-107
-78
-44
-15
38
56
36
6
15
27
-1
-22
14
36
33
49
46
37
-4
-56
-76
-67
-59
-47
1
34
54
84
102
97
86
88
75
40
10
-3
21
46
73
104
116
105
119
81
23
-24
-50
-61
-68
-50
-45
-44
-27
-18
-50
-70
-92
-96
-94
-79
-47
-46
-17
15
11
0
-14
-27
-38
-35
-17
-16
-8
-14
-5
-8
-11
-11
-19
-24
-16
-13
-4
30
46
53
49
33
17
7
4
20
6
-13
-10
15
2
-16
-15
9
21
13
8
8
20
33
44
23
10
1
10
16
24
34
35
34
35
48
25
-25
-74
-95
-102
-86
-56
-37
-21
14
33
23
-4
-46
-70
-71
-83
-73
-27
4
45
68
48
51
36
12
-43
-74
-69
-41
-28
-3
41
67
86
80
91
81
56
34
6
1
30
49
65
86
104
117
114
90
66
76
87
59
58
59
68
75
72
49
32
35
31
-3
-40
-48
-56
-52
-53
-41
-21
8
-8
-36
-49
-59
-76
-117
-126
-118
-95
-81
-73
-91
-99
-78
-71
-89
-108
-128
-112
-81
-69
-97
-104
-95
-92
-91
-97
-93
-61
2
20
23
32
64
105
102
71
92
115
109
83
90
96
106
131
122
100
88
70
33
25
18
7
-9
3
19
19
7
-8
3
5
-25
-62
-58
-44
-47
-58
-48
-30
-22
-28
-40
-55
-75
-62
-42
-39
-16
-7
23
55
42
2
4
-27
-73
-50
-11
10
20
48
93
114
96
91
121
159
148
127
101
90
52
28
4
-36
-28
8
2
-13
-9
-21
-15
-47
-66
-71
-76
-84
-74
-57
-63
-31
1
31
18
11
7
0
-15
-8
9
24
43
63
98
111
121
92
39
-4
5
1
-23
-26
-25
-33
-35
-22
-40
-67
-70
-43
-37
-47
-46
-29
-13
-13
-34
-39
-20
-18
-4
-12
-19
-8
12
3
-14
-8
14
13
-18
-48
-65
-46
-48
-68
-93
-84
-63
-17
-4
-29
-47
-37
-3
-5
-3
21
28
32
39
51
60
50
34
35
47
26
28
15
-5
-12
-7
-27
-42
-39
-22
9
59
64
38
46
29
4
-11
-10
-15
2
29
24
26
12
-9
-5
-12
-38
-48
-34
-22
3
17
13
25
18
0
-7
-13
-25
-32
-32
-1
45
58
67
66
74
72
46
21
-18
-31
-40
-55
-45
-28
-7
2
-13
-20
-5
-20
-52
-61
-50
-46
-43
3
20
19
7
-2
-11
9
9
-14
4
24
31
35
35
26
24
12
16
18
10
-5
-8
23
58
47
41
49
67
70
53
50
54
69
71
61
75
96
96
71
41
15
11
-10
-13
-29
-25
21
28
3
-44
-47
-43
-33
-69
-101
-78
-49
-42
-59
-50
-40
-34
-54
-89
-89
-57
-29
-34
-59
-46
-22
-19
-44
-69
-89
-76
-36
-44
-69
-55
-28
-22
-25
-30
-10
32
26
35
57
64
53
16
34
40
40
16
12
11
7
0
-18
-14
-12
8
26
15
-2
2
32
26
-20
-35
-3
18
-5
-15
15
58
84
97
89
81
81
69
43
-13
-31
2
19
25
30
42
34
10
2
-14
-49
-66
-84
-107
-101
-96
-98
-87
-58
-27
-30
-35
-33
-12
0
-15
-9
13
26
32
19
27
51
48
30
43
33
10
7
2
-9
-43
-25
13
35
50
53
56
69
79
76
65
50
62
76
88
80
70
65
48
39
13
-5
-29
-52
-59
-76
-88
-56
-33
-45
-43
-43
-48
-54
-63
-88
-99
-97
-56
-47
-39
-9
19
23
15
-4
-11
16
19
27
16
21
45
61
41
10
-4
-5
-2
-12
13
49
65
67
60
62
46
34
-2
-23
-13
0
18
19
17
2
2
22
13
1
-7
-11
-21
1
3
4
14
-2
-34
-39
-30
-58
-68
-49
-18
-15
-9
-22
-18
9
-1
-34
-61
-62
-43
-45
-58
-47
-55
-49
-44
-38
-44
-41
-29
-2
-7
-10
-26
-44
-29
-17
-29
-44
-20
32
58
32
9
28
59
52
67