5
5
5
5
3
1
-3
-3
0
3
1
0
3
4
3
1
2
3
-1
-4
0
2
0
0
-3
1
4
1
-1
-2
-1
-3
-5
-5
-3
-5
-4
-5
-2
-2
-5
-4
-2
-1
-5
-7
-4
-5
-6
-5
-1
1
0
0
3
3
1
-3
-1
-3
-2
-4
0
0
1
2
5
6
4
0
-1
0
-3
-2
-4
-1
-2
-1
-2
-2
-5
-3
-3
-2
2
2
2
1
1
0
0
-2
-1
-1
1
2
3
6
5
3
2
5
3
1
-3
-1
3
4
1
0
2
1
1
4
5
3
3
5
3
1
-1
-3
-4
-7
-7
-4
0
2
0
1
2
1
1
-2
-1
3
-1
-4
0
3
6
6
3
4
5
3
-1
-2
-2
-6
-5
-2
1
4
4
0
2
5
2
-1
-3
-4
-1
2
1
-2
1
2
0
2
3
0
2
3
1
1
-1
-2
-1
2
2
2
2
1
-2
-5
-8
-8
-5
-8
-6
-1
1
0
-2
0
2
-1
-6
-6
-3
-2
-3
-3
-1
3
1
2
0
-3
-3
-3
-2
0
4
5
6
4
4
3
1
-3
-4
-2
-1
-1
0
0
-1
2
1
0
-1
1
-1
0
2
2
4
2
2
2
4
-1
-3
-3
-2
-2
-3
-4
-2
-1
-1
1
-1
1
1
-2
-1
0
-2
0
-2
-4
1
2
3
0
0
0
2
3
1
-1
0
3
1
0
0
-4
-2
2
1
0
2
0
0
5
4
2
2
5
4
4
3
3
1
-2
-4
-4
-1
1
-4
-4
-2
1
2
3
0
2
6
3
1
0
-2
-1
-4
-4
-1
1
0
3
3
-1
0
2
1
1
1
-1
1
3
2
0
-1
-3
-2
-3
-3
-4
-2
2
4
4
4
6
6
1
-1
-4
-7
-8
-7
-2
1
3
6
9
12
11
5
0
-5
-5
-1
-3
-3
0
2
10
10
6
4
4
-2
-4
0
-2
-5
-4
-4
1
4
-4
-5
-5
-4
-10
-6
-3
-3
-6
-9
-8
-4
-3
-7
-4
-2
-3
6
10
1
-2
0
3
3
3
-6
-11
-6
-1
0
-2
-7
-7
3
6
1
-3
1
5
6
2
0
1
3
0
-3
-2
-1
3
0
1
5
4
1
-2
-4
-4
-1
-6
-8
-6
-6
-5
-8
-11
-3
0
-6
-5
2
11
10
4
2
7
11
10
2
-5
1
9
9
2
6
7
1
2
0
-9
-13
-4
-4
-1
1
3
8
14
9
5
7
5
3
6
7
4
4
3
6
8
3
-3
1
1
0
-1
-1
0
-5
-1
3
9
12
3
-1
7
8
-3
-7
-12
-13
-13
-14
-22
-18
-14
-13
-13
-9
-14
-19
-14
-19
-20
-12
-2
-1
5
12
16
18
19
5
-2
8
12
4
3
8
11
17
21
20
23
32
31
28
19
6
3
2
1
-3
3
16
32
42
35
12
-3
-8
-11
-16
-33
-30
-11
17
13
2
2
5
2
-14
-29
-37
-37
-35
-41
-41
-35
-19
-13
-24
-36
-65
-83
-74
-73
-94
-59
-14
33
87
113
124
132
112
64
27
-1
-24
-33
-10
18
58
89
106
100
83
47
-13
-50
-79
-110
-117
-137
-139
-111
-73
-39
29
93
136
148
115
80
39
-15
-50
-68
-73
-43
1
30
70
121
182
204
158
85
6
-43
-60
-101
-137
-100
-47
18
111
173
177
194
183
136
84
63
79
92
54
-34
-108
-149
-159
-151
-150
-170
-147
-94
-108
-96
3
56
4
0
57
53
34
36
53
84
130
158
143
135
108
21
-74
-139
-197
-247
-284
-315
-340
-339
-334
-330
-298
-264
-189
-140
-126
-102
-70
24
71
54
13
9
14
8
-79
-157
-109
-37
-2
14
33
41
85
133
149
155
191
208
217
205
131
115
80
74
124
137
146
181
184
145
126
103
102
76
11
-57
-33
-21
-58
-20
47
145
187
200
180
204
225
110
0
-20
45
110
118
70
-40
-138
-204
-237
-285
-360
-414
-332
-203
-181
-162
-101
-10
6
-24
7
101
155
123
85
4
-41
-20
5
47
85
119
192
313
354
283
210
111
-71
-195
-227
-296
-367
-236
-111
-81
-28
160
297
289
358
365
142
-73
-91
-52
-122
-258
-192
80
408
415
158
125
302
256
58
-171
-338
-349
-204
-56
-76
-42
293
553
552
423
55
-149
-342
-446
-2421
-5477
-4697
-1428
-1116
-1866
-1105
919
3716
5584
4052
1167
1216
1627
796
202
-745
-2528
-1384
905
1110
-157
-860
-1219
-1306
-1026
-1311
-2061
-1877
-292
1616
3309
3756
2975
2742
3710
3488
1689
237
-625
-1098
-826
-731
-1724
-2566
-2573
-2243
-1941
-2243
-3085
-3112
-1828
-571
-11
197
615
1314
2105
2339
1804
939
805
1354
1709
1692
1500
1432
1747
1991
1462
372
-759
-1347
-1400
-1134
-850
-640
-289
231
677
407
-747
-2219
-3335
-3894
-3902
-3716
-3288
-2190
-570
1020
2290
2870
2594
2117
1826
1299
327
-254
-482
-505
-101
445
376
-136
-666
-1164
-1655
-1978
-2269
-2277
-1282
291
1404
1988
2583
2923
2893
2357
667
-954
-1336
-305
1317
2357
3608
6377
8642
9302
8499
3736
-3363
-6937
-7341
-9910
-12872
-12647
-9381
-4183
1932
4201
3253
3802
5317
4923
3881
2789
603
506
4202
7238
6156
4445
3308
1056
-1434
-3548
-7565
-11545
-11477
-8474
-5520
-3050
-1213
-127
1996
4237
4050
1829
593
659
1709
3238
2087
-1235
-3027
-2622
-3218
-6040
-9347
-10149
-8082
-4011
-1082
883
3429
7176
10600
12525
11497
8390
5912
5396
5246
4153
3337
3610
4964
6726
7434
5655
594
-7917
-15020
-16913
-17165
-19655
-20626
-16137
-7306
2431
9492
11432
11682
13504
14862
13305
10203
6166
3270
4413
7572
7238
3469
231
-2207
-5458
-9135
-13412
-18216
-19975
-16504
-10491
-5475
-1520
2094
6315
10653
12395
10387
7397
5817
5361
5573
5556
4219
1992
1547
1102
-3611
-10978
-16517
-19719
-21371
-20981
-18473
-13785
-6138
2906
9914
15031
18311
19145
18101
16346
12382
8121
6208
5933
4777
4007
4157
3499
2056
-112
-2358
-4757
-6095
-7947
-13935
-18953
-16090
-11427
-10564
-10209
-6710
-349
6963
13359
13812
11788
12636
14774
12612
8386
3939
1408
1502
2598
753
-2894
-3961
-3925
-5952
-8885
-10206
-11764
-12407
-10104
-5575
-2543
-203
2517
5940
8815
9990
8919
6617
4674
3659
2681
574
-2680
-6508
-9224
-9996
-11962
-15597
-17165
-15447
-11956
-7052
-2013
1961
6237
12030
16183
17097
15735
12946
10443
9445
7862
5225
3720
4003
5154
5839
5329
3095
603
-557
-2380
-10106
-19987
-22920
-19237
-16739
-15559
-12348
-5999
3054
12645
16725
15086
13910
14408
14118
13326
11661
7258
4007
5045
6394
3008
-2410
-7321
-11906
-15085
-15805
-17159
-19621
-18633
-12430
-4714
1193
4862
7003
9243
11950
12892
10954
7589
4971
4071
5140
5826
3388
-233
-4051
-10026
-16389
-20926
-24685
-26797
-24936
-18207
-8613
2109
11352
17755
22641
25039
23102
18368
12945
7045
3148
2162
2736
3583
4882
6959
7628
5257
1124
-2182
-5384
-8958
-11279
-15130
-19701
-17856
-10770
-7194
-6908
-4837
625
5948
11071
12345
10344
10224
13574
15093
14488
12378
8258
3974
2203
874
-4655
-10699
-13415
-14243
-14672
-13070
-11505
-11482
-9996
-5087
-487
1653
2925
4107
5880
8644
10804
10656
9007
8035
7176
5948
2980
-2492
-11335
-19945
-23540
-23098
-22628
-20719
-16008
-7471
4498
14593
18482
18251
18354
17779
15331
10568
4860
511
965
4147
6575
7899
8507
8098
7255
4900
-251
-5780
-9884
-10224
-10953
-15395
-16921
-12356
-7926
-6856
-6730
-4984
-1632
3109
7839
9066
10323
13358
15914
17090
17543
13807
7612
3109
1084
-3153
-8276
-11317
-13253
-14713
-13551
-11212
-11253
-12214
-10576
-6533
-2624
-490
795
4131
9104
12589
13444
12875
10791
6492
2230
-1280
-7115
-15279
-20231
-19166
-15488
-12178
-9409
-5543
616
7481
10692
9834
8258
7329
6875
6870
6156
4015
4455
8263
11151
11467
10671
9797
8007
5292
2354
-514
-3410
-2814
-3993
-11523
-16798
-13608
-10527
-12642
-15479
-13679
-7568
1249
7812
8328
10287
15531
18898
18652
17927
13165
6825
3312
3358
405
-4494
-7655
-9383
-11147
-11263
-10701
-12693
-15377
-14587
-10271
-5772
-2784
-763
2448
7632
11915
13241
11886
8721
3688
355
-1319
-6105
-13022
-16050
-14755
-11965
-9037
-7313
-5631
-1929
2843
4797
4751
4599
4349
5009
7023
7403
6397
6875
9383
11554
11677
10743
9791
7830
5987
4103
1966
-645
-1315
-2139
-8541
-15602
-15799
-13739
-14532
-16086
-14290
-8335
-310
7077
10083
12002
15208
17617
17357
17120
14192
9013
5018
4500
2621
-1534
-4712
-6949
-10059
-12093
-12044
-13037
-15409
-15822
-12588
-8151
-4544
-2074
519
4468
8594
11472
11830
10464
7901
4186
720
-2169
-6981
-12105
-14099
-13918
-12406
-10218
-8179
-6210
-2457
1408
3425
4188
4918
4605
5275
6154
5322
4971
6412
8335
9834
11106
11213
9983
8832
7825
5243
2720
1450
1064
937
-3874
-11760
-14846
-12879
-12905
-16077
-16891
-12091
-5030
2903
8521
10897
13195
16543
18792
18776
15709
9911
5094
3422
2991
164
-3236
-6018
-7992
-9475
-10067
-11540
-14763
-16928
-14820
-9842
-5372
-2818
-199
4332
9157
11676
11307
8604
5380
2390
-1103
-5196
-8382
-10235
-10805
-10166
-9004
-7849
-6203
-4525
-3937
-3334
-1736
-64
1185
2724
4677
6513
8021
8937
9711
10017
9791
9653
9220
7900
6460
5237
4666
3904
3201
2885
3498
4222
-1057
-10139
-14176
-13080
-13652
-16561
-17236
-12432
-4230
5208
11194
13163
14426
16326
16906
16223
12314
5569
632
455
1170
-833
-3219
-4708
-6597
-8151
-8699
-10625
-14653
-16948
-14441
-9459
-4963
-1530
2004
6024
9722
11683
11026
7533
3300
-638
-3757
-6074
-7897
-9122
-9048
-8261
-6509
-4471
-3741
-4659
-4833
-2978
-962
-33
614
1877
3788
5998
7010
6760
6799
6966
7447
7586
7373
6779
6564
6443
6098
5005
4819
4941
5123
5739
2894
-5914
-12993
-12670
-12126
-15246
-17551
-13997
-7446
1084
8539
11969
12652
14111
15790
15459
12685
7034
1585
-498
681
545
-1648
-3785
-5098
-6740
-8236
-9453
-12086
-15306
-15178
-10680
-5273
-1605
1290
4927
8220
10123
10517
8701
4971
911
-3071
-6428
-8106
-9065
-9821
-9565
-7879
-5406
-3478
-3086
-3980
-3611
-1822
-438
59
990
2369
4455
6698
7786
8354
8386
8384
8707
9459
8868
7710
7267
7206
6590
5925
5532
4429
3715
1906
-5441
-14022
-16315
-14756
-15302
-17343
-15088
-7940
901
8434
12097
13436
14401
14945
14377
12569
7674
2063
-327
783
890
-1015
-2814
-4353
-6611
-8814
-10288
-12676
-15957
-16630
-12809
-7016
-2291
1105
4664
8321
10855
11373
9581
5525
807
-2991
-5751
-7425
-8449
-9064
-8120
-6315
-4547
-3101
-2766
-3729
-4172
-2680
-868
-278
267
1714
3875
6123
6935
7133
7902
8440
8853
9579
9285
8249
7946
8153
7564
5966
4633
3677
2963
2596
-2660
-11263
-15060
-13352
-12597
-14471
-14489
-9836
-2967
4956
10381
11899
12157
13201
13782
12960
9522
4123
-99
-678
403
-502
-2498
-4201
-5857
-7958
-9349
-10850
-13812
-16208
-14127
-8628
-3485
-127
3318
7137
10070
11152
10457
7602
3405
-986
-4864
-7750
-9254
-10001
-10122
-9705
-8085
-5440
-3615
-3586
-3821
-2557
-697
279
1229
2253
3514
5478
7723
8808
9306
10067
11054
11453
10808
8878
7154
6634
5259
2927
1640
2193
2234
2839
1272
-5342
-12021
-12565
-11369
-13134
-15425
-12952
-6534
1633
9015
12801
13966
14756
15266
14343
11492
5616
-251
-2907
-2163
-2107
-3119
-4256
-5422
-7266
-8681
-10198
-13056
-16000
-15568
-11386
-5688
-636
3667
7280
10396
12250
12256
9154
3754
-1212
-4876
-7813
-9488
-10712
-10768
-9028
-6818
-4706
-3363
-3502
-4624
-4426
-2992
-2097
-1521
396
2922
5959
9197
10848
10956
11061
10818
10414
9446
7593
5920
5436
5475
4629
3861
3750
3844
3599
3538
508
-7094
-13010
-13254
-12486
-13874
-14707
-11162
-4347
3510
9903
12839
13464
13518
13211
11961
9279
4192
-763
-2376
-1102
-766
-1950
-3158
-4578
-6921
-8508
-9599
-11831
-14335
-13774
-9585
-4140
203
3150
5583
7821
9425
9232
6047
1181
-1795
-3502
-6964
-9571
-9741
-9128
-8324
-7152
-5950
-4506
-3354
-3062
-2927
-1588
-351
991
3244
5261
6394
8493
10413
10821
10378
10094
9868
9567
9084
7385
5894
5410
4741
3782
3531
2462
1670
-35
-5306
-12142
-14630
-13429
-13943
-15442
-13350
-7157
-119
6683
10742
12548
13171
13938
13479
11156
6763
1893
-1095
-1262
-763
-1497
-2767
-3920
-5545
-7300
-8603
-10347
-12973
-13864
-11106
-6086
-1678
1472
4067
6723
8863
9590
7688
3147
-989
-3539
-6139
-8635
-10158
-10214
-8510
-6245
-4339
-3346
-2689
-2188
-1983
-1817
-1691
-1150
770
3247
5332
7635
9508
10771
11574
11546
10647
9234
7966
6732
5605
4787
4040
2962
3125
3784
3631
2804
-1094
-8485
-13800
-14341
-13923
-15704
-16102
-11863
-4426
3811
10210
12722
13195
13344
13073
11372
7838
2771
-1337
-1953
-59
1066
655
-202
-1721
-3933
-5996
-8210
-11706
-14761
-14227
-9953
-4780
-1036
1702
4405
7149
8520
7695
3922
-844
-4195
-6497
-7601
-7837
-8144
-7254
-4760
-2273
-939
-1113
-2330
-3590
-3208
-2364
-2158
-1105
1707
4532
7529
10068
10400
9885
10292
10210
8831
7459
6077
5445
6193
6362
5102
4410
4775
4013
2798
-141
-7452
-14434
-15146
-13648
-14642
-16091
-12962
-6333
1430
7713
10697
11220
11658
12058
11436
9074
4848
919
-236
1556
2672
1648
-14
-1580
-4080
-6767
-8969
-11711
-14720
-14670
-10850
-6027
-2272
705
3250
5434
7013
7135
4544
462
-2649
-4830
-6459
-6588
-6211
-5668
-4441
-2735
-1261
-1015
-2187
-4104
-4690
-3435
-2070
-828
1410
4296
7294
9720
10590
10176
9514
8874
8383
8085
7370
6417
6504
7022
6778
5769
4850
3488
1879
-274
-6208
-13433
-15976
-14923
-14737
-15669
-13738
-8127
-931
5695
9714
11273
12064
12574
12009
10417
7220
3533
1323
1787
2489
1782
371
-1330
-4309
-7557
-9497
-11293
-13937
-14978
-12301
-7522
-3190
25
2470
4241
5534
6085
5017
2046
-1709
-4186
-5306
-5349
-5320
-5532
-5031
-3331
-1327
-518
-1634
-3345
-3582
-2396
-1188
-490
931
3355
6022
8283
9319
9254
8996
9241
9288
8943
8079
7431
7228
7179
6082
4628
3777
3053
1434
-3037
-10311
-15071
-15466
-15041
-16328
-16701
-12555
-5427
2238
7724
10541
12138
13683
14104
13116
10548
6631
3127
1886
2326
1976
577
-1336
-3623
-6358
-8426
-10096
-12608
-15043
-14190
-9766
-4854
-1615
1088
3922
5911
6930
6773
4829
1099
-1776
-2679
-4202
-6083
-6457
-5986
-5177
-4414
-3951
-3845
-3960
-4018
-3892
-2459
-568
863
2746
5345
7008
7684
8061
8306
8048
8315
8995
9683
9461
8674
8293
8006
6088
3473
1301
373
-1226
-6147
-12633
-15310
-14132
-13322
-14662
-14538
-10455
-3845
3406
8365
10754
12376
14379
15496
14722
11470
6734
3079
1867
1622
223
-1775
-3704
-5579
-7206
-8380
-10088
-12646
-14246
-12817
-8892
-4865
-1739
1085
4013
6399
7952
7959
5975
2765
-485
-2972
-4659
-6057
-7249
-7699
-7154
-5693
-3877
-2977
-3557
-3991
-2831
-970
125
675
1770
3622
5855
7372
8002
8261
8765
9813
10735
10519
9486
8693
7901
6689
4849
3089
1321
346
-1977
-8216
-14131
-14852
-13565
-14316
-15931
-13900
-8243
-854
5767
9722
11850
13684
15498
15932
13968
9351
4327
1670
1387
612
-1127
-2736
-4052
-5732
-7062
-8117
-10412
-13401
-13947
-11187
-7051
-3362
-211
2920
5794
8010
8823
7572
4706
988
-2164
-4061
-5608
-7432
-8429
-8008
-6615
-5176
-4215
-4188
-4495
-4072
-2782
-1236
73
1051
2701
5112
7149
8068
8494
9042
9514
9836
9876
9570
8802
7942
7170
5798
4203
2373
752
-376
-4743
-11563
-15251
-14531
-13621
-14855
-14648
-10523
-3911
3170
8389
11134
12852
14318
15182
14755
11713
6658
2162
587
375
-688
-2317
-3838
-5412
-6860
-7536
-8682
-11441
-13641
-12610
-8604
-4348
-995
2107
5177
7777
9498
9564
7257
3458
242
-1847
-3932
-6437
-8588
-9366
-8674
-7443
-6546
-6155
-5774
-4874
-3328
-1445
100
1252
2622
4951
6971
7724
7477
7928
8578
8876
8922
9022
8514
7977
7822
6891
4770
2885
1348
452
-1203
-6856
-13475
-15302
-13082
-12446
-13634
-12755
-7825
-903
6139
10087
11353
12181
13798
14841
13893
9893
4447
705
37
-123
-1649
-3637
-5258
-6520
-6909
-7036
-8561
-11338
-12500
-10191
-5743
-1942
816
3424
6141
8555
9783
8815
5733
2175
-319
-2629
-5282
-7512
-9337
-10039
-9204
-7940
-6969
-6239
-5458
-4110
-1839
199
982
2185
4289
5954
6865
7490
7082
6920
7587
7959
7588
7582
7866
7749
7546
6765
5100
3178
1463
654
-3092
-10675
-15728
-15065
-12727
-13006
-13419
-9744
-3344
3704
8689
10758
11387
12061
12865
13076
11130
6775
2270
509
630
-345
-2370
-4386
-6188
-7755
-8139
-8290
-10123
-12322
-11340
-6968
-2252
827
3321
5917
8134
9735
9996
7752
3990
1034
-425
-2060
-5141
-8224
-9796
-10135
-9710
-9278
-9265
-8971
-7140
-3979
-980
1117
2420
3890
6117
7768
7519
6590
5915
6089
6621
7178
7487
7660
8215
8536
8252
6653
4501
2371
518
-866
-5912
-12980
-15263
-13058
-11419
-12424
-11513
-6996
-987
4939
8551
9668
10421
11656
12765
12952
10687
6445
2582
1461
982
-942
-3515
-5912
-7916
-8852
-8324
-8265
-10054
-11090
-8751
-4208
-279
1994
3771
5745
7715
9195
9089
6650
3485
1240
-7
-1972
-5858
-9660
-11234
-11346
-11339
-11343
-10654
-8798
-5621
-1828
1121
3087
4722
6205
7533
8072
7019
5812
5397
5909
6608
7505
8184
8291
8292
8218
6950
4535
1682
-698
-1326
-3645
-10124
-14967
-13781
-10823
-10828
-11919
-9442
-4362
1883
6740
8751
9392
10671
12415
13575
12985
9774
5389
2626
1738
53
-2763
-5628
-8191
-10052
-9730
-8391
-8859
-10480
-9735
-5930
-1508
1585
3512
4995
6714
8917
10216
8866
5578
2695
1080
-270
-2959
-7347
-10836
-11891
-11578
-11533
-11746
-10901
-8314
-4038
-53
2438
4224
6068
7440
8143
7752
6307
5094
5012
5572
6249
7180
7885
8530
8641
7950
6226
4078
1390
-514
-2656
-8489
-14375
-14806
-12048
-11204
-12052
-10120
-5330
477
5697
8036
8562
9155
10638
12089
12417
10149
6524
3984
3413
2007
-799
-3970
-6965
-9632
-10519
-9454
-9209
-10661
-10430
-6756
-2005
1274
3334
5070
6399
7788
9090
8574
5779
2833
1370
409
-1174
-4453
-8672
-11184
-11643
-11586
-11961
-12138
-10611
-6578
-1406
2185
4119
6057
7742
8527
8415
7147
5176
4188
4839
5831
6555
7191
7887
8382
8328
7000
4727
2187
244
-1761
-7164
-13219
-14528
-12394
-11358
-12020
-10693
-6094
-632
4727
7734
8969
9667
10922
12163
12839
10957
7423
4481
3544
2199
-722
-3890
-6992
-9856
-11164
-10298
-9730
-10773
-10579
-7195
-2533
772
2876
4785
6427
7942
9436
9416
7124
4105
2476
1556
-367
-3586
-7879
-11293
-12308
-12378
-12818
-13178
-12013
-8150
-2661
1875
3956
5653
7764
8877
8609
7458
5490
3949
4498
5897
6563
6789
7340
7891
8157
7313
5352
2751
708
-1320
-6518
-12397
-14133
-12734
-11909
-12248
-10831
-6398
-1116
3772
6678
8484
9669
10554
11510
12301
10990
7859
4988
3608
2207
-135
-2986
-6444
-9611
-10894
-10019
-9460
-10413
-10367
-7375
-2917
529
2525
4201
6033
7920
9521
9513
7485
4745
2821
1705
-440
-4462
-8709
-11049
-11696
-12096
-12514
-12189
-10303
-6374
-1619
1859
3824
5607
7405
8268
7859
6424
4854
4400
4963
5699
6253
7038
7474
7682
7646
6902
5174
3131
1577
-3094
-10577
-13974
-12756
-12048
-13445
-12986
-8663
-3007
2758
6325
7439
8313
9752
10675
11117
10282
7788
5306
4893
4518
2057
-768
-3565
-7100
-10279
-10957
-10507
-11623
-12443
-9760
-4719
-568
1740
3726
5698
7346
8912
9535
8100
5485
3592
2969
1854
-1277
-5399
-8499
-10294
-11345
-12203
-12649
-11947
-9181
-4631
-286
2708
4865
6760
8063
8121
6633
4723
3307
3314
4278
5129
6075
7145
7911
8274
7550
6123
3993
2172
-1548
-8901
-13952
-13537
-11737
-12115
-12562
-9297
-3310
2709
6599
7193
7427
8437
9559
9853
9317
7380
5344
4934
5730
4418
1256
-2218
-5526
-8749
-10731
-11318
-12183
-13131
-11163
-5941
-706
1975
3478
5399
7169
8182
8624
7749
5625
3986
3749
3309
799
-3554
-7062
-8831
-10290
-11913
-13019
-12720
-10357
-5897
-1508
1262
3597
6072
7520
7600
6547
4422
2617
2582
3741
4661
5723
7094
8550
9248
8780
7005
4527
2076
-3749
-11364
-14351
-13228
-12634
-13460
-11908
-7035
-1155
4821
8009
8059
7682
8475
9368
9243
7747
5492
4221
5134
6178
4965
2179
-1446
-5192
-8329
-9900
-11551
-14046
-14767
-11521
-5910
-1091
2017
4492
6531
8096
9180
8950
6814
4203
3095
3439
2445
-676
-3413
-4770
-6075
-7788
-9433
-10502
-10452
-8369
-5377
-3047
-856
1944
4429
5771
5963
5175
4010
3003
2842
2966
3760
5312
7092
8243
8766
8595
7372
5262
-470
-9114
-14042
-13785
-13010
-14308
-13995
-9304
-2463
4271
8272
8931
8525
8728
8995
8289
6421
3993
2627
3566
5446
5543
3868
1214
-1876
-5154
-7613
-9693
-12519
-14546
-13072
-8539
-3922
-585
2391
5324
7519
8905
9100
7584
4778
2599
1706
121
-1957
-3123
-3410
-3479
-3895
-4272
-4436
-4478
-4484
-4220
-3124
-2075
-1127
586
2477
3223
3480
3925
4322
4029
4003
4359
4778
5139
5930
6837
7446
6661
1348
-6142
-10125
-10853
-12356
-15257
-15396
-10959
-4063
2867
7188
9191
10256
10818
10695
9650
6581
2340
-42
928
2665
3227
3103
2021
-314
-2695
-4210
-6703
-11006
-14029
-13050
-9066
-4957
-1989
670
3460
6246
8188
8266
6371
3495
1356
482
-645
-2778
-4749
-4830
-3153
-1622
-1047
-816
-549
-127
354
356
-362
-1110
-756
95
784
1045
1428
2158
3031
4032
4775
5054
5071
5250
5377
5327
2298
-4081
-8736
-9203
-8863
-10582
-12281
-10518
-5845
383
5193
7345
8107
8961
9966
10318
8839
5050
1429
562
1566
1678
1022
-31
-1406
-2748
-3172
-3957
-6966
-10415
-10994
-8406
-4930
-2238
-114
2002
4506
6891
7725
6130
2989
314
-1390
-3064
-4723
-6153
-6221
-4736
-2758
-1150
410
2049
3183
3964
4574
4236
3120
2350
2026
1603
745
87
64
768
1753
2466
2878
3423
3952
4676
3580
-2055
-8448
-10635
-10360
-11427
-12941
-11508
-7052
-966
5383
9137
10251
10270
10438
10120
8778
5653
2064
76
471
1534
2047
1523
-391
-2746
-3929
-4187
-5902
-9071
-10565
-8621
-4770
-1413
839
2725
4540
6287
7516
6607
3432
-33
-2198
-3342
-4682
-6230
-6760
-6063
-4507
-2645
-1112
-397
71
1378
2983
3780
4366
5082
5675
6362
6812
6076
4504
3383
2813
2066
1225
769
601
1084
-899
-6343
-10453
-10911
-11003
-12969
-14048
-11520
-6822
-908
4355
7650
9375
10914
12345
12465
10578
7202
4061
2392
1869
1137
174
-1106
-2494
-3735
-4039
-4446
-6455
-8824
-8841
-6515
-3883
-1707
651
3078
5419
7628
8437
6779
3427
49
-2385
-4539
-6518
-7662
-7294
-5546
-3153
-925
315
602
652
775
726
654
857
1727
3702
6099
7593
8307
8706
8943
8314
6769
4945
3627
1957
-2935
-8993
-11953
-12493
-13660
-15425
-15156
-11928
-6619
-538
3537
5822
7771
9812
10606
9763
7570
4808
3060
2958
3054
2690
2267
1240
-931
-3173
-4404
-6158
-9079
-11089
-10251
-7093
-3420
-148
2900
5927
8513
9817
9353
6879
2664
-1295
-3497
-4878
-6421
-7397
-6672
-4637
-2287
-283
686
558
305
733
1347
1314
1010
1589
2925
4336
5577
6456
7094
7371
7575
7579
7151
4418
-1540
-6617
-8493
-9532
-11897
-14240
-13935
-10694
-5603
-854
1858
3896
6109
8224
9115
8696
6358
3537
2089
2220
1893
909
-143
-1238
-2480
-3197
-3764
-5397
-7759
-8709
-7298
-4908
-3148
-1540
928
3984
6438
8134
8724
7399
4801
2956
1677
-539
-3173
-4747
-5129
-4986
-4251
-3311
-2939
-2793
-1863
-323
780
1588
2553
3615
4500
5400
6345
6916
6754
6404
6305
6315
3273
-2647
-7066
-8486
-9284
-11204
-12652
-11787
-8361
-3033
1324
3556
4951
6623
8221
8871
8168
5545
2674
1683
2183
2033
1252
385
-683
-2221
-3385
-4455
-6480
-9006
-10029
-8762
-6536
-4462
-2179
445
2641
4498
6317
6567
4667
2473
1557
1308
618
-277
-616
-45
988
1664
1619
677
-464
-1054
-945
-886
-984
-994
-193
1306
2796
3802
4486
5247
6283
7553
5995
827
-3967
-6092
-7350
-9578
-11518
-11316
-8675
-3973
551
3222
4517
5584
6424
6594
6004
4118
1927
1007
1656
2375
2608
2238
1097
-368
-1264
-2196
-4182
-6661
-7965
-7338
-5606
-3751
-2038
-474
943
2387
3292
2779
1099
-838
-1769
-1743
-1785
-1828
-1178
152
1696
2914
3212
2504
1959
2055
2266
2440
2733
3002
3559
4397
5203
5060
4107
2971
2170
1287
-2002
-6368
-8544
-8536
-8446
-9013
-8539
-6584
-3396
238
2933
4322
4847
5310
5800
5985
5046
3113
1557
946
573
218
-169
-1085
-2525
-3461
-3427
-3546
-4379
-5092
-4635
-3117
-1271
294
1461
2568
3462
3710
3222
2375
1095
-183
-826
-1141
-1553
-1820
-2015
-2340
-2661
-2541
-2448
-2296
-1337
502
2782
4790
6134
7020
7721
8254
7926
6730
5530
4971
3452
-461
-4661
-7182
-8496
-9850
-11126
-11382
-9836
-6450
-2511
606
3169
5299
6823
7472
7550
6384
4090
1781
325
-409
-651
-998
-1831
-2805
-3156
-3018
-3363
-4480
-5722
-5887
-4729
-3192
-1824
-530
708
2010
3493
4707
4965
4120
3433
3384
3131
2149
847
-381
-1711
-2843
-3453
-3917
-4123
-3331
-1427
583
2148
3533
4776
6009
6582
6257
5718
5503
4686
1862
-1513
-3693
-4958
-6182
-7501
-8276
-7752
-5540
-2564
-458
1106
2869
4605
5772
6424
6185
4783
2979
1694
516
-624
-1644
-2899
-4229
-4949
-4950
-5036
-5523
-5923
-5676
-4449
-2726
-1405
-474
396
1531
2735
3489
3610
3206
2973
3220
3114
2315
1420
875
192
-660
-1484
-2130
-2298
-1296
276
1303
2161
3285
4422
5105
5140
4725
4096
3726
2850
574
-2267
-4241
-5142
-5852
-6719
-7342
-6742
-4930
-2653
-684
1450
3541
5124
6015
6781
6576
5084
3055
1425
-17
-1077
-1622
-2111
-2983
-3727
-3871
-3966
-4593
-5619
-6160
-5903
-5132
-4095
-2768
-1156
404
2004
3527
4592
5176
5049
4311
3433
2539
1399
49
-909
-1451
-1669
-1537
-809
113
734
1270
2039
3000
3818
4211
4401
4422
4668
4708
2936
-276
-3241
-4930
-6078
-7182
-7883
-7465
-5561
-2516
418
2561
4003
5207
5883
5924
5075
3505
1678
170
-802
-1329
-1501
-1602
-1979
-2517
-2928
-3367
-4195
-5266
-5910
-5857
-4998
-3584
-2034
-584
551
1697
2973
4073
4530
4422
3966
3418
2954
2288
1126
-375
-1387
-1720
-1661
-1361
-1044
-888
-852
-19
1631
3101
3781
4389
5325
6162
5743
3534
178
-3054
-5213
-6319
-6814
-7049
-6494
-4528
-1483
1256
2995
3991
4428
4284
3996
3456
2239
500
-565
-602
-201
-21
-20
-57
-414
-1024
-1944
-3323
-5050
-6129
-5760
-4898
-3952
-2645
-1282
-38
961
1683
2092
1926
1484
1445
1807
2082
2161
2487
2897
3233
3537
3960
3767
2727
1476
518
-219
-854
-1245
-1100
-485
291
849
267
-1811
-4571
-6382
-6720
-6318
-5752
-4517
-1898
1880
5526
7887
8665
8142
6806
5223
3552
1280
-1227
-3079
-3598
-3297
-2784
-2613
-2885
-3427
-3946
-4264
-4552
-4766
-4521
-3325
-1308
1021
2852
4180
4807
4822
4406
3713
2384
680
-688
-1329
-1665
-1878
-1909
-1671
-1024
126
1370
1881
1708
1588
1846
2384
2810
2864
3053
3592
4344
4622
3669
1492
-1265
-4100
-6600
-8739
-9950
-9665
-8179
-6025
-3314
99
3376
5693
6905
7205
6668
5515
3982
2350
714
-559
-1192
-1195
-1095
-1467
-2397
-3463
-4572
-5347
-5559
-5487
-5206
-4266
-2545
-453
1305
2380
3036
3550
3886
3957
3601
2983
2480
2258
2305
2379
2419
2369
2048
1589
1177
781
302
-187
-524
-480
-167
293
158
-761
-1839
-2559
-3022
-3404
-3579
-3265
-2376
-1002
468
1693
2625
3107
3092
2678
2191
1648
1054
346
-174
-398
-532
-970
-1644
-2591
-3802
-4922
-5825
-6015
-5596
-4631
-3045
-1067
1044
2901
4039
4380
4021
3391
2703
1898
1056
425
235
335
742
1310
1847
1978
1660
1226
864
616
420
227
350
786
1734
2584
2656
1871
764
-165
-1164
-2468
-3716
-4308
-4000
-3048
-1869
-661
233
863
1168
1239
802
99
-445
-573
-382
54
828
1497
1745
1465
945
149
-948
-2045
-2943
-3532
-3810
-3745
-3339
-2897
-2492
-1884
-1314
-934
-692
-113
522
1108
1753
2776
3786
4679
5288
5492
5168
4610
4112
3466
2422
1406
864
568
138
-760
-1889
-3054
-3970
-4631
-5008
-5183
-4776
-3663
-2136
-733
541
1662
2592
3081
3189
3055
2836
2532
2168
1682
1017
245
-534
-1332
-2213
-3018
-3539
-3857
-3976
-3790
-3321
-2708
-2034
-1225
-431
205
777
1444
1994
2252
2346
2381
2081
1461
941
677
567
436
364
429
585
950
1509
1838
1782
1716
1839
1955
1737
1177
553
92
-248
-591
-1032
-1496
-1886
-2152
-2239
-2182
-2022
-1742
-1220
-570
53
504
796
849
626
195
-263
-798
-1405
-1999
-2410
-2568
-2352
-1726
-1041
-305
549
1383
1852
1946
1759
1393
914
580
392
190
-26
23
271
393
294
264
197
26
-234
-249
110
832
1619
2292
2814
3262
3531
3392
2740
1581
235
-957
-1773
-2261
-2644
-2936
-2936
-2669
-2348
-2163
-1921
-1654
-1379
-1111
-586
140
840
1327
1807
2262
2529
2361
1749
663
-811
-2195
-3268
-3997
-4434
-4316
-3626
-2497
-1406
-532
46
370
563
685
865
1170
1670
2468
3564
4598
5313
5572
5239
4228
2673
1063
-354
-1522
-2282
-2395
-1930
-1121
-258
532
879
537
-268
-1177
-1863
-2189
-2266
-2161
-1585
-597
469
1359
2007
2196
1789
1032
220
-700
-1716
-2617
-3114
-3279
-3143
-2746
-2245
-1794
-1372
-874
-473
-252
-143
-21
107
360
579
723
928
1250
1490
1589
1664
1572
1191
788
664
727
758
759
812
774
742
879
1088
1163
1300
1673
2074
2283
2376
2505
2228
1396
182
-856
-1578
-2025
-2346
-2402
-2183
-1779
-1388
-992
-815
-941
-1226
-1344
-1288
-1178
-926
-461
-28
135
148
42
-333
-1039
-1777
-2373
-2909
-3120
-2857
-2243
-1624
-984
-252
489
1028
1378
1699
2022
2399
2698
2970
3270
3597
3680
3349
2723
1974
1225
663
268
-180
-615
-703
-524
-437
-479
-258
50
49
-143
-125
-72
-250
-531
-750
-960
-1235
-1301
-1196
-1041
-796
-303
264
674
853
899
816
508
-124
-886
-1622
-2176
-2580
-2767
-2719
-2498
-2222
-1925
-1714
-1693
-1792
-1795
-1681
-1357
-767
64
981
1972
2974
3794
4287
4538
4547
4190
3587
3002
2482
2034
1675
1438
1156
856
679
441
-65
-696
-1166
-1577
-2046
-2401
-2422
-2213
-1884
-1440
-975
-703
-571
-473
-447
-647
-901
-973
-839
-623
-403
-138
90
288
375
316
88
-171
-443
-710
-905
-978
-900
-821
-784
-802
-886
-984
-1089
-1260
-1389
-1271
-888
-389
149
788
1565
2278
2843
3174
3276
3239
3231
3189
2957
2591
2255
2052
1842
1601
1350
1130
844
454
-136
-885
-1704
-2387
-2870
-3166
-3283
-3224
-2995
-2580
-2065
-1530
-1141
-888
-716
-558
-473
-462
-518
-548
-481
-317
-68
218
453
568
602
530
346
-16
-481
-914
-1204
-1298
-1180
-925
-601
-171
365
884
1295
1575
1756
1773
1695
1590
1537
1561
1677
1871
2040
2159
2189
2077
1792
1450
1152
880
641
463
325
103
-216
-597
-1022
-1515
-2004
-2420
-2692
-2802
-2648
-2331
-1975
-1664
-1385
-1160
-991
-988
-1102
-1215
-1159
-972
-765
-520
-212
90
320
615
933
1017
687
271
-20
-221
-455
-538
-431
-198
83
541
1031
1326
1329
1222
1067
920
869
1143
1551
1895
2129
2534
2987
3138
2809
2230
1571
870
194
-319
-743
-1106
-1292
-1325
-1324
-1394
-1440
-1494
-1600
-1777
-1871
-1837
-1693
-1603
-1591
-1522
-1315
-1141
-1131
-1112
-968
-850
-772
-650
-507
-435
-313
-90
87
81
138
337
465
473
580
821
1047
1239
1413
1479
1350
1099
836
496
151
-114
-191
-127
32
290
676
1108
1481
1766
2011
2155
2092
1912
1671
1339
901
570
355
100
-234
-467
-630
-936
-1345
-1713
-2091
-2512
-2806
-2933
-3005
-3022
-2827
-2406
-1947
-1468
-896
-332
119
417
642
841
1005
1095
1110
1104
1087
978
746
411
44
-275
-483
-515
-437
-278
-69
209
503
792
1084
1373
1576
1670
1722
1767
1768
1640
1384
1082
817
622
468
271
53
-149
-320
-466
-554
-525
-500
-546
-635
-649
-621
-659
-822
-1025
-1235
-1348
-1318
-1241
-1236
-1292
-1313
-1271
-1266
-1316
-1338
-1315
-1266
-1171
-951
-621
-236
189
634
1030
1367
1657
1832
1764
1525
1298
1144
949
739
655
713
840
904
866
728
536
327
86
-108
-197
-116
84
378
707
975
1129
1165
1132
920
622
334
83
-201
-491
-608
-619
-711
-938
-1185
-1459
-1810
-2175
-2415
-2507
-2468
-2198
-1713
-1196
-754
-360
17
283
403
452
510
580
634
728
847
883
788
641
517
367
250
193
166
104
124
248
417
568
784
1020
1193
1363
1556
1708
1741
1695
1581
1358
971
529
65
-400
-852
-1172
-1309
-1319
-1251
-1090
-853
-721
-731
-751
-727
-786
-886
-904
-795
-681
-586
-455
-368
-402
-549
-739
-969
-1190
-1325
-1318
-1176
-914
-487
54
598
1048
1369
1570
1600
1475
1290
1134
1003
883
782
694
617
534
428
252
68
-60
-127
-113
51
347
634
888
1136
1311
1293
1139
869
437
-66
-434
-653
-858
-990
-944
-822
-813
-839
-854
-968
-1238
-1465
-1543
-1574
-1555
-1356
-1033
-766
-533
-258
-22
-7
-135
-254
-350
-461
-483
-312
4
410
886
1359
1719
1865
1809
1560
1150
692
266
-4
-69
88
361
655
943
1136
1131
898
542
210
-63
-277
-363
-212
119
446
684
840
858
674
337
-57
-446
-831
-1097
-1237
-1284
-1257
-1143
-991
-932
-980
-1080
-1205
-1372
-1529
-1600
-1529
-1351
-1073
-713
-314
92
420
650
756
752
708
679
643
651
741
895
1043
1142
1239
1285
1219
1019
756
488
290
173
168
269
426
596
717
762
690
522
279
27
-191
-308
-295
-222
-126
-30
60
44
-87
-228
-387
-602
-817
-913
-920
-877
-780
-633
-510
-442
-447
-543
-747
-1000
-1228
-1439
-1585
-1569
-1393
-1153
-845
-466
-124
114
321
503
652
747
872
1074
1302
1517
1749
1994
2126
2119
1998
1759
1361
891
431
15
-368
-611
-652
-576
-481
-373
-231
-150
-153
-156
-158
-197
-198
-132
-42
15
74
91
-18
-251
-513
-732
-914
-1002
-947
-770
-535
-272
-14
181
223
82
-182
-505
-834
-1117
-1249
-1190
-1003
-767
-501
-210
7
107
121
107
74
74
170
386
681
1027
1396
1706
1912
2000
1994
1853
1584
1249
922
616
347
178
90
12
-109
-239
-352
-508
-702
-947
-1168
-1279
-1292
-1210
-1069
-843
-589
-371
-225
-176
-193
-225
-266
-338
-377
-321
-164
12
171
309
329
191
-44
-335
-648
-935
-1098
-1124
-1044
-843
-507
-110
245
533
736
869
920
876
786
725
711
710
760
895
1046
1167
1267
1334
1276
1070
823
604
388
200
125
118
74
11
-13
-119
-427
-824
-1139
-1402
-1631
-1701
-1576
-1347
-1067
-755
-512
-402
-378
-406
-507
-654
-704
-575
-318
-15
295
573
756
757
600
334
12
-305
-550
-668
-637
-425
-119
187
414
586
689
687
591
453
364
376
523
733
970
1207
1434
1556
1499
1296
1002
608
158
-182
-326
-340
-288
-145
49
188
165
-7
-299
-654
-1004
-1266
-1349
-1267
-1069
-816
-536
-357
-362
-553
-831
-1160
-1473
-1628
-1539
-1211
-717
-120
443
884
1116
1154
991
685
360
99
-44
-43
115
331
523
653
684
589
417
212
22
-67
-9
192
477
794
1066
1225
1265
1196
1006
707
366
49
-172
-276
-321
-348
-340
-291
-289
-334
-372
-420
-484
-513
-469
-409
-364
-343
-329
-296
-288
-339
-444
-557
-662
-760
-873
-992
-1051
-996
-874
-725
-541
-301
-37
155
279
396
502
555
603
688
815
987
1174
1297
1298
1206
1040
790
456
94
-194
-336
-347
-267
-105
129
369
534
590
551
441
286
161
59
-76
-202
-301
-408
-538
-666
-782
-892
-973
-985
-935
-838
-699
-531
-350
-197
-102
-46
-1
58
83
89
134
208
262
262
204
67
-119
-331
-506
-614
-611
-465
-203
119
451
782
1031
1141
1088
938
777
633
485
381
379
467
592
721
819
809
686
485
235
-72
-404
-708
-933
-1037
-1016
-925
-845
-791
-726
-656
-646
-680
-707
-690
-621
-471
-274
-99
29
109
97
-13
-123
-224
-297
-303
-194
9
226
416
558
636
578
412
229
107
58
76
172
358
594
807
943
968
863
649
393
152
-46
-192
-201
-68
143
395
667
901
1002
941
739
434
83
-254
-574
-847
-1034
-1099
-1076
-1031
-1018
-1063
-1129
-1169
-1170
-1161
-1113
-980
-732
-412
-81
224
450
578
621
586
502
383
259
190
206
275
357
411
423
388
323
227
77
-66
-133
-90
9
133
269
391
455
462
441
353
206
72
19
34
112
280
492
654
762
821
797
675
460
224
20
-151
-290
-390
-437
-504
-639
-800
-971
-1133
-1295
-1425
-1482
-1439
-1304
-1116
-878
-603
-320
-42
213
434
601
733
856
941
974
965
911
815
700
576
425
225
31
-91
-163
-195
-177
-111
-35
35
93
106
69
-6
-88
-157
-194
-162
-74
38
173
328
450
517
529
471
352
226
117
28
-22
-17
18
45
59
36
-49
-194
-363
-557
-776
-978
-1096
-1132
-1099
-991
-819
-596
-356
-96
140
320
450
574
685
749
766
773
781
762
704
606
490
354
206
63
-53
-148
-201
-197
-166
-126
-74
-3
32
24
7
-7
-61
-154
-215
-220
-207
-220
-219
-187
-159
-155
-167
-204
-258
-289
-268
-243
-234
-202
-136
-49
14
20
5
-11
-46
-115
-178
-192
-167
-117
-33
97
230
346
451
529
551
512
467
401
318
235
196
179
161
133
103
75
34
-16
-72
-109
-127
-109
-59
9
89
185
260
293
290
252
182
70
-74
-219
-346
-454
-519
-535
-519
-503
-462
-416
-405
-430
-462
-488
-503
-496
-449
-349
-226
-96
38
128
142
135
131
126
122
137
209
332
461
572
662
715
726
688
612
512
410
331
275
198
96
0
-75
-142
-224
-312
-352
-330
-259
-161
-38
90
208
314
382
399
373
326
249
149
50
-40
-124
-197
-251
-316
-389
-446
-487
-523
-570
-611
-615
-595
-574
-515
-429
-352
-285
-208
-118
-57
-11
21
36
31
16
-2
-40
-71
-73
-40
26
119
254
414
558
675
750
765
708
622
502
357
221
125
74
45
31
31
36
15
-21
-72
-114
-151
-171
-140
-58
38
136
236
308
316
240
128
-21
-178
-329
-433
-473
-470
-419
-341
-270
-250
-279
-348
-440
-535
-606
-620
-559
-415
-225
-29
158
313
410
418
361
282
208
176
179
237
347
471
575
625
581
468
302
88
-129
-302
-388
-374
-276
-113
73
237
349
394
368
267
132
12
-79
-137
-154
-126
-73
-43
-47
-88
-153
-219
-286
-328
-318
-256
-157
-17
115
195
216
179
97
-37
-214
-366
-449
-457
-414
-328
-182
-8
136
222
261
259
218
154
95
54
56
83
144
219
267
279
260
214
130
26
-84
-163
-205
-213
-196
-172
-143
-117
-113
-122
-136
-154
-143
-108
-58
24
125
209
269
288
263
213
148
76
19
-21
-41
-36
-13
8
0
-38
-101
-179
-262
-320
-340
-320
-249
-155
-33
97
202
281
321
324
299
270
240
211
200
194
196
176
135
79
12
-86
-194
-286
-342
-374
-385
-354
-300
-224
-164
-106
-49
-5
22
46
76
106
142
180
207
214
203
179
140
84
24
-23
-58
-89
-111
-110
-101
-104
-111
-126
-139
-150
-163
-166
-160
-148
-128
-100
-69
-37
0
37
69
110
161
220
273
320
357
380
378
357
323
271
205
140
80
35
2
-30
-53
-80
-121
-156
-183
-205
-210
-195
-154
-87
-7
71
141
188
196
172
108
14
-95
-190
-266
-324
-364
-384
-363
-331
-297
-269
-243
-221
-208
-197
-175
-135
-87
-35
25
101
187
254
289
302
290
266
228
186
151
127
115
120
146
155
150
117
87
50
2
-47
-79
-68
-36
3
40
72
100
111
99
71
36
15
14
28
47
78
106
126
124
99
47
-14
-72
-132
-186
-241
-284
-305
-312
-331
-352
-362
-345
-322
-290
-259
-217
-167
-126
-84
-51
-10
49
123
204
296
387
484
559
585
564
495
395
262
117
-14
-119
-194
-240
-252
-233
-196
-170
-153
-126
-103
-84
-63
-36
9
68
110
146
168
165
156
136
108
89
77
76
87
89
76
46
6
-67
-154
-247
-325
-379
-407
-406
-372
-306
-228
-145
-77
-11
46
89
119
130
133
145
154
161
166
167
175
170
149
126
91
50
-3
-55
-96
-107
-99
-75
-31
23
79
125
154
163
154
136
117
93
77
63
59
57
33
-21
-82
-140
-204
-258
-287
-276
-225
-146
-58
31
100
152
169
147
88
16
-44
-80
-103
-108
-90
-48
-5
31
63
68
56
34
21
12
2
-8
-3
29
64
84
90
88
73
52
27
-7
-36
-57
-73
-82
-94
-107
-124
-136
-149
-160
-150
-127
-97
-54
1
58
98
95
59
21
-24
-75
-127
-150
-139
-96
-43
28
103
172
206
205
188
153
106
53
14
-4
6
24
48
81
121
146
146
121
83
42
9
-27
-56
-57
-48
-30
-2
16
23
23
10
-9
-25
-46
-69
-81
-80
-83
-79
-80
-91
-100
-107
-109
-106
-93
-77
-56
-28
-5
-3
-13
-35
-66
-91
-113
-136
-137
-106
-47
23
99
164
222
261
263
242
207
152
94
45
22
25
29
36
50
63
58
38
4
-19
-28
-27
-4
44
101
150
194
216
210
166
103
30
-38
-89
-129
-142
-142
-135
-126
-118
-123
-150
-184
-222
-247
-250
-240
-208
-168
-122
-83
-52
-35
-39
-52
-68
-77
-70
-41
-8
45
95
152
194
212
202
170
130
85
36
-13
-50
-70
-64
-45
-16
16
48
76
93
98
99
91
84
83
87
102
112
116
119
121
112
90
60
31
10
-6
-25
-46
-60
-72
-89
-102
-126
-149
-167
-171
-166
-154
-146
-139
-125
-110
-106
-112
-120
-124
-116
-101
-83
-57
-21
15
53
81
104
116
121
126
125
131
137
146
157
168
175
173
160
134
102
63
26
-3
-20
-31
-31
-24
-12
5
9
4
-7
-16
-17
-11
-9
-2
9
31
52
51
38
17
-10
-36
-73
-119
-150
-171
-189
-188
-180
-175
-155
-138
-116
-87
-64
-49
-26
3
29
53
80
107
125
141
152
160
166
160
151
142
136
111
81
54
24
-6
-30
-45
-43
-33
-28
-19
1
19
20
6
-15
-37
-57
-83
-112
-126
-124
-121
-118
-115
-105
-90
-75
-65
-56
-32
-14
0
5
5
4
3
-11
-34
-57
-67
-68
-68
-64
-63
-46
-20
-1
13
32
60
96
133
162
193
227
253
261
260
239
207
164
109
47
-11
-61
-106
-136
-150
-153
-134
-103
-59
-15
26
48
60
59
30
-15
-59
-93
-109
-114
-114
-100
-66
-38
-24
-27
-36
-39
-42
-46
-49
-40
-22
-6
1
-5
-19
-34
-52
-68
-85
-91
-81
-60
-34
-11
12
39
68
99
121
144
174
207
236
253
254
238
212
167
106
36
-35
-96
-141
-170
-181
-168
-150
-124
-100
-80
-65
-62
-69
-72
-65
-48
-28
-1
27
50
71
75
72
61
45
26
24
24
29
38
38
40
39
23
-3
-27
-53
-74
-92
-102
-113
-107
-95
-76
-53
-32
-21
-1
20
40
61
80
110
141
173
183
182
168
146
106
51
-12
-70
-111
-141
-167
-180
-181
-170
-156
-152
-151
-145
-133
-125
-116
-93
-60
-20
18
53
87
117
125
120
114
108
100
88
76
81
102
115
121
122
115
95
63
16
-42
-95
-137
-158
-159
-147
-123
-77
-12
54
100
131
154
166
166
149
125
103
87
68
51
33
-2
-47
-98
-154
-201
-244
-283
-291
-275
-240
-201
-163
-128
-91
-59
-37
-28
-13
8
35
72
102
139
176
212
230
239
228
209
171
124
76
22
-10
-35
-49
-42
-26
-21
-12
-14
-21
-29
-42
-50
-35
-10
18
48
69
99
110
104
87
63
46
27
0
-24
-36
-48
-54
-65
-80
-95
-102
-114
-128
-134
-136
-118
-105
-90
-76
-59
-50
-48
-50
-54
-52
-60
-55
-35
-1
22
54
82
118
139
148
144
144
146
136
130
115
107
83
62
33
5
-25
-57
-89
-109
-107
-94
-67
-43
-13
16
42
61
73
72
60
56
47
34
18
0
-25
-37
-45
-67
-89
-107
-119
-121
-112
-97
-68
-40
-16
3
23
32
22
-1
-23
-29
-36
-44
-50
-40
-23
5
27
44
56
72
86
91
84
70
55
47
39
28
27
28
31
29
26
25
22
6
-12
-27
-38
-44
-42
-45
-37
-12
2
8
13
21
19
9
-10
-27
-39
-51
-54
-57
-50
-31
-19
-10
-2
8
3
6
11
3
5
9
5
-3
-6
-17
-23
-23
-23
-22
-8
12
25
41
61
75
80
80
71
62
44
20
2
-3
-2
2
11
25
46
58
54
46
39
21
1
-23
-37
-39
-27
-13
-12
-10
-14
-24
-42
-73
-99
-115
-111
-93
-72
-55
-32
-12
3
3
-11
-34
-43
-38
-37
-31
-21
-6
9
20
25
19
15
23
29
25
25
28
42
56
66
78
89
102
105
99
79
52
27
1
-26
-53
-69
-68
-53
-40
-31
-19
-14
-14
-20
-35
-50
-55
-51
-40
-30
-25
-20
-14
-17
-21
-26
-28
-38
-40
-38
-32
-25
-15
-10
-6
-6
-11
-12
-18
-15
7
23
32
54
78
96
104
98
86
69
52
44
33
25
28
41
57
56
47
38
39
50
46
31
28
38
54
51
33
16
0
-11
-34
-59
-65
-68
-71
-61
-56
-56
-61
-67
-79
-87
-93
-104
-107
-101
-98
-86
-67
-51
-37
-23
-14
-1
9
15
23
32
47
56
64
74
77
73
55
46
30
22
13
7
9
23
40
47
54
61
65
61
61
55
41
31
24
13
3
6
6
-1
1
5
7
-3
-13
-22
-27
-40
-48
-56
-64
-80
-96
-104
-106
-110
-104
-86
-69
-57
-50
-39
-27
-17
-7
10
30
43
45
55
65
59
40
25
24
29
27
22
21
21
8
-2
-12
-25
-33
-36
-23
0
25
50
71
80
81
78
67
50
29
10
6
12
21
29
42
43
35
35
37
26
7
-10
-23
-21
-36
-52
-70
-71
-74
-78
-81
-85
-79
-69
-61
-62
-59
-47
-27
-11
7
24
46
76
91
96
90
85
66
51
25
-3
-20
-22
-28
-37
-31
-21
-8
-5
-8
-6
1
4
0
7
22
40
49
58
61
52
48
37
18
4
-8
-15
-8
1
3
-3
-4
-2
-8
-23
-44
-62
-71
-74
-71
-64
-54
-49
-38
-18
-1
2
1
5
10
1
-22
-28
-21
-13
-17
-21
-12
-5
-4
-5
-2
5
15
10
14
14
17
20
21
-1
-19
-24
-19
-11
-10
2
26
59
71
70
57
46
37
21
1
-6
-7
1
14
25
37
28
9
10
12
-6
-44
-61
-48
-38
-39
-29
-5
20
37
40
42
44
40
38
32
26
23
30
21
12
-1
-11
-15
-32
-59
-74
-70
-74
-76
-78
-80
-69
-52
-46
-43
-37
-34
-22
-15
-11
0
17
35
48
59
70
75
85
77
55
42
49
45
22
4
-2
0
-9
-29
-44
-45
-35
-22
-23
-12
14
31
43
51
59
56
47
25
4
-13
-34
-48
-52
-45
-36
-20
-8
0
7
5
0
1
-1
-1
1
9
13
19
23
14
4
-6
-17
-21
-25
-25
-13
-2
8
22
33
39
44
38
22
9
3
4
9
7
4
15
28
21
4
0
-4
-25
-36
-34
-29
-32
-24
-21
-13
-4
-1
-4
2
0
-6
-8
-18
-28
-30
-20
-22
-29
-18
2
17
22
19
14
14
14
7
6
1
-7
-2
9
23
25
21
20
22
14
-13
-37
-52
-61
-54
-47
-36
-29
-19
-4
5
3
8
11
7
-7
-22
-14
8
20
15
16
24
20
11
1
-8
-7
4
14
10
13
17
18
18
13
-4
-9
0
-4
-7
-4
-9
-16
-11
1
10
30
30
29
39
27
8
1
-11
-20
-19
-19
-7
4
-3
-5
2
1
-7
-12
4
25
32
26
19
28
26
20
4
-15
-25
-30
-28
-28
-31
-45
-42
-34
-39
-51
-43
-22
-4
2
-1
11
35
49
42
28
27
29
28
18
11
13
18
22
28
43
52
47
53
57
50
32
19
14
13
11
-13
-22
-13
-1
-6
-12
-16
-13
-14
-21
-34
-55
-52
-41
-30
-39
-50
-41
-20
-18
-28
-25
-21
-25
-21
-12
-7
-1
-8
-21
-27
-30
-51
-59
-55
-39
-25
-2
26
50
66
59
42
23
22
19
14
1
12
40
56
50
42
35
17
0
-22
-27
-32
-40
-44
-34
-17
-1
22
38
43
45
39
32
27
22
14
15
17
17
17
9
-5
-15
-20
-34
-48
-56
-58
-61
-60
-50
-33
-3
15
8
10
30
42
39
21
2
1
13
26
15
13
28
26
10
-1
-2
-2
1
-7
-16
-9
6
8
9
13
13
14
8
-20
-44
-38
-34
-24
-5
14
31
40
42
44
50
34
13
7
10
19
26
11
-8
-12
-6
-9
-22
-31
-40
-45
-38
-20
-10
-4
-4
-6
5
14
12
5
2
5
24
30
16
7
8
25
5
-14
-17
-20
-36
-46
-41
-31
-23
-27
-26
-21
-19
-23
-24
-34
-39
-40
-36
-25
-13
-8
12
15
12
10
0
-3
1
-2
-4
11
18
21
32
40
19
-5
-9
-1
-4
-19
-24
-13
5
2
-16
-30
-30
-24
-17
-18
-8
19
50
62
60
50
51
50
30
9
-3
2
9
15
7
15
32
31
30
29
16
7
6
-15
-29
-29
-25
-24
-16
-2
10
24
32
22
-3
-14
-17
-22
-42
-40
-31
-9
1
4
19
40
65
62
51
42
32
19
4
-9
-13
-9
-2
-1
-3
-4
-12
-18
-20
-30
-22
-8