-4
-4
-2
2
6
2
3
4
4
1
-4
-8
-6
-5
-3
-1
0
6
7
6
4
3
-1
1
3
2
2
1
1
2
-1
-2
1
2
2
1
1
-1
5
1
-3
-2
2
1
0
0
-2
1
0
2
0
0
0
1
2
-1
0
-1
4
2
1
6
12
11
7
3
3
3
2
-1
-6
-2
1
3
4
4
2
-1
-1
2
-2
0
-3
-4
1
4
2
1
1
5
3
1
0
2
0
-3
-2
-5
-1
4
5
4
5
1
-6
-7
2
-6
-13
-16
-9
-3
-4
-7
-10
-10
-5
-5
-8
-8
-7
-4
-3
4
4
2
0
0
-5
-5
-3
-4
-4
-2
1
2
2
5
5
7
8
9
3
0
1
0
0
-4
-3
2
2
3
5
6
9
5
1
0
4
3
4
-2
-3
-1
5
0
-5
-8
-7
-6
-8
-4
-7
-7
-5
-2
-2
3
6
-7
-12
-4
-4
-9
-9
-6
-1
8
4
0
4
9
5
-4
-9
-7
4
6
7
9
11
16
19
12
6
19
18
13
8
9
18
21
19
7
12
20
20
8
0
0
0
-1
-7
-13
-10
-10
-13
-12
-11
-16
-15
-19
-17
-9
-14
-19
-16
-10
-12
-8
-6
-4
-4
0
0
1
1
6
6
2
0
0
-3
-3
-1
-4
-7
-4
-4
-5
-2
-3
-4
-3
-6
-6
3
0
-5
-10
-4
-3
-1
3
6
4
0
0
1
2
-4
-4
-2
4
-2
1
6
7
8
-2
-4
-5
0
1
7
8
7
1
4
9
7
4
8
8
4
15
4
0
6
14
8
1
-9
-10
5
7
3
-7
-7
-2
1
-4
-1
0
0
2
-1
-1
5
13
9
4
3
7
21
18
2
2
6
-5
-15
-18
-5
-5
-9
-13
-4
-11
-21
-31
-38
-31
-32
-33
-35
-13
-4
7
4
8
12
23
23
30
28
31
50
66
74
70
68
57
60
57
41
35
35
20
24
22
-14
-25
-25
-44
-57
-79
-88
-91
-86
-87
-90
-91
-82
-69
-52
-35
-24
-17
-11
1
13
31
38
37
32
32
42
55
61
46
40
38
38
38
35
25
12
23
12
6
-5
12
19
31
21
3
21
19
31
20
12
-4
13
42
39
14
-8
-3
8
23
3
-16
-25
-41
-44
-25
-19
-44
-74
-80
-69
-34
-42
-60
-74
-73
-62
-48
-54
-74
-70
-62
-38
-32
-35
-30
-9
-10
-15
-9
5
13
12
7
24
29
36
40
47
49
51
44
54
71
75
65
52
45
52
56
38
39
48
56
42
41
34
38
15
11
2
-9
-8
-22
-24
-32
-12
-10
-10
-39
-68
-62
-28
-31
-77
-96
-78
-49
-50
-68
-90
-78
-64
-62
-70
-64
-39
-28
-29
-22
4
9
-9
0
37
69
66
61
66
75
83
93
103
113
121
106
89
90
95
65
28
2
-1
-3
7
11
-31
-48
-50
-40
-61
-67
-90
-87
-42
-23
-44
-61
-44
-26
-14
-2
-28
-13
31
67
50
17
4
5
19
-16
-50
-80
-91
-114
-135
-122
-94
-62
-11
42
101
166
192
164
128
137
181
259
272
261
250
253
288
305
318
251
193
151
124
97
40
-40
-122
-142
-146
-125
-119
-192
-305
-375
-443
-513
-579
-612
-625
-650
-646
-588
-552
-524
-498
-474
-453
-464
-387
-298
-240
-241
-139
30
211
353
461
514
494
466
466
445
389
369
391
468
539
596
629
657
676
616
564
529
482
382
359
357
287
227
231
276
230
101
-47
-103
-29
-23
-74
-108
-84
-38
-34
-35
-176
-218
-210
-303
-397
-411
-479
-651
-735
-700
-623
-599
-654
-751
-682
-637
-601
-619
-544
-389
-232
-87
-54
16
81
143
204
301
337
340
310
267
240
256
290
322
393
355
372
497
576
553
464
469
562
782
879
759
596
558
579
576
454
181
-33
-161
-292
-277
-250
-343
-462
-523
-538
-553
-626
-842
-942
-872
-657
-538
-549
-537
-320
130
374
323
102
75
270
529
443
70
-189
-436
-332
-379
-388
-985
-937
-1894
-4107
-3963
-982
1278
-2287
-6275
-5829
864
5010
2437
-2993
-3751
2527
7694
7459
2190
664
3597
8030
8706
4577
831
1001
5160
5787
2064
-2579
-2811
518
1954
-625
-5600
-6310
-3416
-321
-1963
-5842
-7285
-4982
-1325
-965
-3169
-5337
-3867
-270
1903
1388
-190
145
1904
3729
3599
2262
1541
2336
3596
3344
2351
1558
1734
2006
1610
567
-902
-1288
-2030
-3106
-3896
-3363
-2644
-5123
-8001
-7369
-1767
698
-3216
-8288
-6675
1630
6173
3308
-2593
-1621
5235
10770
9648
5430
5192
8435
10051
6690
3515
5358
8459
5736
-1821
-5466
-1047
4397
2552
-6351
-11791
-8261
-1229
-368
-6473
-12098
-11505
-5654
-1160
-1747
-5344
-6590
-3762
445
2846
2263
1092
1307
3360
5267
5706
5241
5275
5916
5717
4945
4161
4079
3574
2725
944
-894
-1667
-1252
-1643
-5534
-7705
-7947
-6231
-6587
-7542
-8906
-9153
-6676
-4655
-2737
-3425
-2223
-681
2621
5086
5707
5306
6460
10360
12480
12314
9251
5742
5578
9765
13199
7787
-1890
-5711
584
6862
3406
-7163
-13976
-9471
-1336
-316
-8603
-15019
-12925
-5959
-2085
-4338
-8357
-8655
-3766
948
1856
727
990
3356
5968
7172
6437
5747
6539
7918
8006
6217
4199
3846
4543
4371
1993
-849
-3336
-5862
-6531
-4631
-4406
-10848
-16347
-13836
-5034
-2515
-8874
-14542
-9619
2339
6694
573
-6304
-647
10866
15584
10292
5516
8773
15313
15751
9051
5703
10497
13692
7487
-1744
-2358
4177
6844
241
-9321
-11218
-6013
-1551
-5053
-11923
-14832
-11635
-7072
-5571
-6949
-8933
-8205
-4660
-728
1163
1475
1608
2402
4689
6809
7461
7052
7274
7965
8078
7372
6552
6263
5679
4061
1318
-3023
-7339
-5404
-1295
-4279
-14573
-18354
-10645
-2156
-3838
-13892
-17117
-8399
3761
3785
-5381
-8431
1569
13669
14398
8205
5222
10908
16006
13588
7998
8493
13951
11863
3327
-1415
4064
9259
5694
-3970
-9896
-6654
-1270
-1789
-9752
-15159
-13536
-8640
-6084
-7148
-9362
-10643
-7826
-3384
-371
-197
-718
122
2177
4833
6163
6512
6556
7385
7942
7511
6933
6679
6467
2232
-2433
-1711
2484
63
-8466
-11524
-6625
-1509
-4895
-12076
-14103
-7459
-731
-2414
-7396
-7366
-505
4479
5589
5260
5990
9245
11741
13143
8280
4638
7396
15953
15606
2814
-5820
-698
12044
12509
1041
-12385
-11395
92
4962
-3854
-15976
-16364
-9576
-2929
-3890
-9937
-13604
-10017
-2897
-1166
-1993
-2596
-978
1560
4259
5093
3368
4432
7194
8671
6637
4595
5476
2922
978
1670
4997
-93
-8428
-9135
-2469
3065
-3875
-12789
-15087
-3808
4260
41
-9720
-10125
343
6919
6411
2233
2172
7367
12453
15028
11694
5984
1264
7258
18736
16055
-2122
-14022
-1620
15384
15361
-3551
-19091
-13330
3876
9206
-6317
-20292
-18888
-7281
-49
-2814
-11032
-15529
-9255
-1124
1004
-1745
-3219
-2102
1256
5437
4734
1311
1704
6995
9648
6590
1702
-759
2791
8229
5647
-5972
-11677
-2798
6462
1698
-11695
-15939
-6399
4097
2595
-8163
-11829
-2703
7925
7009
-152
-1471
5495
12721
13337
9219
7063
12506
13461
5149
-580
9657
18179
5798
-11446
-10353
7229
13918
3326
-14842
-18334
-4924
6298
-992
-16194
-17935
-9917
-2567
-2333
-6621
-11581
-10292
-2321
983
-838
-2634
-1172
-95
2207
4807
2499
-684
1632
6961
6010
1536
-379
-77
780
2354
1560
-3389
-6407
-3703
-528
-1041
-3380
-4950
-4516
-709
3797
3685
413
1332
5415
8525
8371
9615
9933
11699
12626
5094
-2411
3363
20376
14006
-9401
-19451
-960
16717
11031
-8170
-23024
-13518
4497
9892
-7839
-20605
-15183
-4021
1852
-922
-6144
-11635
-6454
1240
2246
-395
-1453
-280
9
4559
4896
1185
339
2585
1692
-1128
3169
3486
-3024
-8429
-3435
3178
1716
-4700
-11297
-8277
614
5864
-2862
-12753
-8864
3225
9979
4858
-1949
-3461
5271
14480
14068
6463
4132
11333
17020
17309
6697
-4108
-3500
15236
22808
1603
-23189
-18090
10088
19529
2460
-23697
-26158
-6885
11536
4088
-16906
-23234
-11860
2695
4912
-2077
-11146
-10423
-38
5831
3756
-927
121
2469
5929
6578
2334
-90
2313
5740
757
-2431
-1477
-732
-4809
-5738
-1034
-745
-4772
-10384
-8045
-1911
3294
-2551
-12472
-11350
1241
9977
4616
-3099
-3306
4832
13516
14601
8835
4340
10098
16643
18223
14047
3620
-4124
2505
22172
18152
-8985
-24794
-6204
16627
12913
-8678
-26770
-19413
93
10206
-5655
-22353
-19742
-6180
2969
592
-5890
-13121
-7925
2831
6644
1881
-1479
1529
4309
8022
6020
1663
-972
2365
4185
1469
141
-2876
-5031
-4842
2108
2173
-5366
-11203
-7062
421
737
-4298
-10489
-8435
-569
5074
2259
-1957
782
5169
8762
9087
9871
9332
11383
13860
14944
13166
4288
-1493
4613
20900
15407
-9963
-22635
-3184
18348
11090
-12027
-26257
-14765
3555
7663
-9540
-22827
-16807
-4008
1639
-3077
-8174
-10753
-5186
2328
3515
590
-182
3230
4907
5992
4533
-802
-2118
3408
8832
2415
-6501
-7685
-528
6168
3936
-5232
-13061
-6709
3473
4033
-6884
-13106
-8309
-18
4206
773
-3700
-2468
5551
9845
6698
3968
7317
12072
13513
11461
11755
10039
3913
-493
8623
21020
10364
-13727
-19352
4226
19051
6635
-16946
-23223
-7849
7621
4875
-13847
-21228
-12249
-627
539
-5326
-9644
-10173
-3481
1590
1326
-1284
-220
2369
3372
5127
2970
-3008
-3749
4321
9330
1117
-8455
-8296
2472
10312
4922
-9467
-15389
-2230
10700
6389
-10478
-16367
-6950
5386
8016
-655
-7700
-4025
6927
10344
5824
2883
5205
9237
10869
11271
10232
11767
7915
221
128
14891
19484
-1141
-18465
-8090
14147
13238
-3952
-18453
-13950
30
7416
-3212
-17888
-16318
-5273
71
-3974
-8039
-9756
-7633
-1411
264
-1988
-2926
566
1874
1871
2315
-1922
-3782
571
8022
3079
-5777
-6693
1368
8337
5272
-3288
-10761
-3295
7297
6858
-6298
-12801
-5749
2644
4976
-621
-5102
-4047
3622
8047
4415
1764
3001
7405
8955
10822
10081
9054
11269
8357
2153
1145
14591
15876
-1587
-15007
-4774
12063
9777
-3389
-15512
-11828
-1352
3918
-6149
-16246
-12617
-5705
-3790
-6668
-6958
-7946
-6516
-3369
-3023
-2611
118
2356
-259
-566
2818
1626
-2163
-444
5730
5072
-1499
-4890
-2301
5270
8527
1727
-10231
-8808
4371
8297
-2614
-12766
-8784
199
5716
2199
-5248
-6222
1781
8856
4993
844
2729
8431
10072
9216
9424
10930
15023
11276
2472
-626
12727
19999
4550
-14071
-10794
8686
13228
-9
-15464
-15274
-4217
1602
-5548
-16040
-14878
-8217
-5766
-8195
-9268
-7680
-6783
-4373
-3749
-1960
-94
1497
1196
1557
4167
2309
489
1521
6496
7139
2822
-1860
-2678
3536
7287
3394
-6408
-7395
-1095
2322
-1879
-7588
-8354
-5298
-638
-354
-4430
-5638
-1061
4123
2871
1047
3357
7416
9458
9003
10402
11338
14914
15840
9842
2907
7329
19797
15993
-1097
-11050
-551
10680
8385
-5199
-17444
-15441
-5104
-480
-10941
-19559
-17155
-11008
-9016
-10021
-10166
-11474
-8647
-4520
-2628
-2349
563
3828
4034
4765
4489
3646
4525
10177
12119
6635
266
-181
4247
7437
6100
-1640
-8415
-7640
-1243
133
-5429
-11152
-11519
-8128
-4778
-3834
-5190
-5293
-2709
254
1516
3702
6943
9087
9286
10385
12871
16389
19880
17541
9248
5388
14618
22083
12662
-4379
-7729
3411
9848
2294
-11952
-17750
-12178
-5162
-8117
-17009
-20178
-16773
-12897
-11653
-11702
-12278
-11128
-6928
-4025
-2498
-222
3507
4930
5514
6963
6755
7957
10175
12112
8854
6177
5065
3984
3851
4424
4194
-2034
-6790
-8212
-4664
-2706
-5211
-11502
-15696
-11376
-5011
-2338
-6309
-8547
-6017
89
5307
6211
6465
7088
10636
12902
16038
18430
20142
18288
11977
7985
11946
20134
14989
-604
-9846
-2469
6575
3283
-8995
-18626
-16903
-10065
-8104
-14893
-20435
-18859
-15558
-13162
-11174
-8811
-9458
-8838
-5182
-312
3345
4990
5467
5220
8162
10140
10048
8706
10264
10894
7814
3897
2177
4054
4686
2722
-3941
-8641
-8207
-3811
-3350
-8201
-13252
-13673
-9313
-5055
-4291
-6514
-7177
-3201
2170
5625
6158
6909
8511
10878
13795
15855
18034
18044
18201
14823
10319
7302
11159
14919
7091
-7157
-12987
-3597
3507
-1325
-14652
-21558
-17444
-9398
-7968
-15439
-20490
-18357
-11801
-7431
-6473
-7312
-7308
-3359
1198
4369
5400
6826
8323
8895
9732
9330
9912
9727
9118
6126
3321
2831
2578
1206
-2767
-4536
-5440
-6298
-9011
-9849
-8103
-7766
-9676
-11751
-9681
-5633
-1950
-1581
-3065
-1516
3871
8607
8880
8062
10767
14119
15320
13786
14171
16177
17646
16434
9761
3179
1754
9053
10126
-1023
-14861
-14469
-3258
919
-6649
-18735
-21379
-14862
-6512
-7242
-13920
-16195
-12544
-7089
-3771
-1589
-2176
-2941
-38
4770
8182
8028
7608
7652
9345
10743
8724
5841
4643
6675
5424
1287
-2399
-2773
-2131
-3974
-5949
-8414
-8668
-8894
-8572
-9395
-9380
-7634
-6611
-6362
-6351
-3263
138
2505
3504
4616
6797
8729
10762
11598
12643
12675
11960
11409
13019
14884
13786
8117
1453
-61
5449
8580
-381
-13140
-14546
-3582
1457
-5636
-16931
-18296
-10993
-3596
-5404
-12344
-14183
-9040
-3033
-1706
-2553
-3432
-1969
1641
4902
6102
5778
6299
6958
7780
8025
6297
4459
3873
6032
5337
1750
-2783
-3600
-1847
-1218
-2891
-7576
-10030
-8957
-4656
-4427
-7325
-9378
-8507
-5847
-3139
-701
-1377
-1836
418
3922
5444
5764
7044
7928
9039
9664
9280
8898
10604
13266
12560
9898
5110
1443
2002
8062
7945
-3084
-13032
-9984
8
2151
-5563
-15086
-16073
-8849
-2685
-5118
-11429
-12554
-8922
-4956
-3064
-2638
-3342
-2496
920
3593
4362
4969
6607
7310
7799
7689
6126
5624
7090
7934
4678
1778
128
-1030
-2137
-1572
-1574
-4932
-8566
-9790
-7251
-4816
-4763
-8526
-11455
-9026
-3115
-178
-2633
-5103
-3251
1896
5630
5439
3711
4595
8725
11068
9868
8815
11234
14032
14198
11853
7093
2801
3969
10215
9452
-1762
-11664
-8793
-39
1963
-5735
-15756
-17651
-10741
-4258
-6948
-13238
-14683
-11211
-7119
-4176
-2807
-3609
-3076
1
3353
5570
7544
8642
8252
8878
9751
9280
9079
9592
8242
4660
3268
2506
444
-1395
-1714
-3609
-7475
-8983
-8824
-8410
-8901
-9119
-11039
-11864
-9448
-6075
-4745
-5316
-4500
-2771
614
4057
6179
6292
6608
9360
12047
13918
13714
13041
12664
14379
16590
13179
5353
227
5183
9856
3616
-9702
-14172
-6197
-261
-4959
-15900
-20031
-15471
-8207
-7641
-13306
-16424
-13041
-6615
-3192
-1950
-2098
-1266
2201
6794
9230
9038
9868
11308
12515
12490
10826
8938
9046
9757
6692
1652
-287
-12
-1983
-5837
-7839
-8128
-9211
-11300
-13002
-12662
-11204
-10310
-11978
-12661
-9721
-5029
-2927
-3200
-2093
1297
5467
8042
8707
8965
11007
14088
14968
13813
13394
14927
15413
14592
12493
7560
1612
1124
6197
4783
-5929
-15331
-13070
-5410
-2828
-9497
-19093
-20523
-11882
-4029
-6805
-13036
-13092
-7377
-1369
2242
2483
-54
947
6644
11742
12229
10795
9983
9664
10944
11712
9690
6071
5346
4616
775
-2645
-2564
-2729
-6811
-10641
-12134
-11023
-10289
-11415
-14714
-15012
-11091
-8570
-9770
-10000
-6291
-2330
-328
599
1781
4439
8124
10338
9655
10196
12970
14451
13168
12485
13475
13528
12672
11551
9595
4805
231
-776
1759
1008
-6018
-13672
-13325
-6799
-3914
-8492
-14719
-15064
-9751
-4584
-4733
-7609
-7784
-4195
-265
2148
3498
3824
4299
6253
8646
9396
9251
9309
8805
7869
7081
5868
3638
2904
2523
-554
-4987
-5612
-4135
-6380
-10591
-12287
-10350
-8903
-9322
-12319
-13360
-9484
-4450
-4497
-7529
-6384
-1762
1970
3255
3812
4256
5532
7976
9619
10006
10525
11099
10171
8973
9662
10567
10248
8560
7729
5732
1801
-2176
-1521
2479
941
-7453
-14160
-9540
-1558
70
-6878
-13121
-12239
-5212
-68
-2207
-5997
-6178
-2974
-242
2785
4639
3472
1723
2511
5677
7600
7841
6326
4397
3713
4119
4212
2777
2362
971
-2136
-5044
-4324
-2775
-4743
-7907
-9964
-8871
-7313
-6024
-7863
-9477
-8003
-5105
-4152
-4423
-2766
-1339
-606
535
2856
4123
4254
4825
5999
7054
8148
8516
8101
7668
8951
9615
9394
8334
8447
7787
4222
-34
-426
4064
3387
-4086
-11237
-7895
-873
597
-5952
-12427
-11881
-5895
-1432
-3726
-7851
-8294
-4917
-1532
590
1541
247
-688
1128
4838
6730
6111
5064
4250
5164
6532
6717
4189
2424
2249
1388
-748
-1521
-1048
-3379
-7383
-8683
-6192
-4461
-6466
-10417
-11418
-7612
-3501
-4678
-8506
-8429
-3306
461
395
-1192
-360
2967
6587
7957
6604
6538
8601
11487
11717
10603
9553
9988
11282
11746
10105
4882
279
107
4846
4877
-3648
-12482
-11421
-3425
-707
-6453
-14629
-15490
-8944
-2887
-4663
-10071
-10561
-6276
-1796
387
1098
-99
-153
3401
7609
8611
7033
6520
7504
9116
9660
7840
5096
3774
5242
4445
-53
-4400
-3836
-1933
-4511
-9503
-12317
-9983
-7180
-7663
-12324
-14026
-10034
-5666
-5926
-7864
-5860
-2017
600
1144
2108
4386
7175
9179
9221
9297
10614
12559
12784
11624
10903
10292
10133
9880
9880
6734
817
-3685
-1766
2879
251
-9796
-16682
-11914
-3853
-2954
-10076
-15917
-14010
-6889
-2584
-4977
-7923
-6498
-2276
1002
3151
4230
3589
4139
6823
9632
9945
9305
8622
8090
8520
8586
7032
3651
2398
1914
91
-3533
-5666
-5597
-6728
-9132
-11973
-11901
-10335
-8344
-9219
-11509
-11183
-7485
-3874
-3684
-3661
-2638
3
2653
5103
6423
6804
7609
8536
9852
10483
10804
9894
8820
8429
8649
8118
6497
5245
4850
3638
-911
-5984
-6288
-1301
-843
-8441
-15857
-12946
-4598
-928
-5622
-12226
-12425
-5353
1305
241
-3854
-3992
-260
3304
6174
7511
5783
4433
6607
9814
10039
8381
7022
5970
5932
5655
3858
443
-935
-466
-1699
-5122
-7797
-7005
-6593
-8321
-10853
-10540
-7971
-6516
-7565
-9473
-7398
-3175
-879
-2687
-3120
-69
3400
4492
3730
3624
4879
7401
8061
6562
5286
6316
7499
7109
5229
3689
3179
4683
5179
3885
780
-2491
-4994
-3862
929
627
-6688
-13029
-8446
-156
2603
-2661
-8790
-8880
-1978
4342
2291
-2969
-3542
504
3771
5554
5852
3546
1844
3696
6468
6298
4787
4134
3317
2636
2303
1865
766
112
-119
-1810
-4074
-5308
-4274
-3354
-4984
-7958
-9234
-6845
-3964
-3204
-6169
-8402
-6668
-2066
-1
-1899
-3572
-2827
227
2720
3290
1735
949
2596
4823
5735
4780
3978
3614
4631
5485
5434
4408
4090
4720
5539
4998
1389
-2305
-954
4627
4027
-4188
-9814
-5066
2174
3172
-2695
-8204
-7376
-791
2791
-1151
-5487
-3978
-249
1187
2111
2564
1032
211
2794
5303
5020
4001
3841
3681
3925
4352
3486
2062
1528
1703
444
-1776
-3644
-3535
-3227
-5243
-7934
-8359
-6285
-5936
-7262
-9280
-8729
-6153
-4127
-5301
-6583
-4417
-1147
-310
-1235
-582
1954
4491
5376
4492
4356
6060
8184
8188
6917
6518
6626
7356
7504
7670
6616
4540
965
-993
1799
4474
348
-8023
-9465
-3775
729
-1346
-7051
-10068
-7130
-1088
-344
-3925
-5484
-3141
-994
873
3460
3557
1997
2368
5407
6950
7034
6893
5994
5138
5168
5495
4124
3268
2754
664
-2565
-3950
-3247
-4189
-6707
-9348
-10071
-9737
-8767
-8939
-10099
-10241
-8929
-7688
-7098
-5528
-3643
-2952
-2353
-412
2241
3595
4342
5042
6102
7702
8928
8646
7235
7599
9001
9031
7533
6299
6408
6101
6429
4761
530
-3717
-1917
2724
524
-7227
-11491
-6411
-762
285
-4858
-9478
-8082
-1037
2800
-926
-4099
-2439
1128
3176
5370
5523
2726
2094
5332
8233
7024
4954
3389
2919
3271
3598
2200
-362
-1414
-1880
-2769
-6247
-8267
-7497
-5175
-7563
-12101
-13340
-9726
-5130
-4729
-8302
-11870
-7901
-1092
1334
-1971
-3010
-283
3137
5441
5651
4578
4333
6953
8571
7259
5556
6170
7640
7532
6061
4013
3346
4727
6313
5690
2741
-816
-3327
-1826
2840
3273
-3813
-10253
-7086
706
3891
-316
-6492
-7841
-2177
3800
2295
-2575
-3499
-392
2053
3635
3827
1695
356
2102
4371
4163
3189
2240
1180
1115
1741
1317
-510
-1066
-1322
-2245
-4318
-6157
-6528
-5046
-4244
-7384
-10870
-10006
-4814
-2244
-4745
-8795
-8193
-3027
1249
304
-2970
-3092
862
4375
4762
3364
3145
4405
5840
6482
5990
5747
5784
6313
5766
5276
5273
5657
6036
5611
5380
3317
718
-1411
955
3597
874
-5831
-8247
-2848
1677
845
-4998
-8144
-6277
-669
904
-2722
-5173
-3216
-195
869
1852
1884
640
860
3432
5201
4077
2855
2405
2555
3181
3198
1447
-890
-436
110
-986
-4074
-6654
-7594
-5679
-3570
-6251
-11111
-12082
-6809
-2572
-3424
-8080
-9763
-5437
579
1969
-1522
-3127
-280
4486
6638
5886
4204
4655
7193
9072
8304
6794
6337
7059
7471
6841
5226
4468
5246
5927
4912
1140
-2912
-3571
911
2513
-3013
-9676
-8935
-3150
520
-742
-5517
-8197
-5348
304
1567
-616
-1968
-1436
-138
2777
5622
4451
1522
1562
4123
5380
4908
3373
1125
359
1363
1537
-486
-2132
-3312
-4259
-4717
-5236
-6904
-8365
-7392
-6854
-7466
-8522
-7567
-5946
-4040
-3561
-4226
-3780
-1257
1494
1681
1339
1995
4123
5400
5677
5435
5999
6978
6802
5759
4930
5635
6207
5658
3662
2224
2326
3739
4507
3529
647
-2908
-3966
-418
3545
562
-6742
-9151
-3487
2464
2870
-2094
-6667
-5544
721
4070
1228
-2262
-2051
25
2128
4052
3240
283
-566
1610
3114
2777
1877
353
-885
-316
677
-178
-1796
-2426
-2652
-3539
-4691
-5094
-4627
-4177
-5001
-6175
-6344
-4864
-3017
-2325
-3530
-4381
-3026
-553
439
55
-377
41
1394
3269
4060
3335
2752
3486
4424
4547
4472
4438
3903
3502
3665
4183
4253
4430
4001
3587
3684
2562
-4
-1021
2324
3024
-1072
-5438
-3432
495
2025
-460
-4559
-5894
-2347
1655
-130
-3587
-3794
-1518
-20
1221
1190
-953
-1821
353
2508
2383
1616
1019
358
1273
2618
2477
118
-1237
-1028
-430
-862
-2517
-4071
-4759
-3745
-3166
-4157
-6272
-6407
-4670
-3457
-4173
-5567
-5713
-4133
-1659
-583
-1465
-1813
-123
2646
3922
3922
3321
3600
4555
5828
6468
5860
5279
5503
6428
6239
5885
5801
5798
4907
2763
-146
-1186
1562
2896
-1412
-6663
-6178
-2174
-443
-1907
-5256
-7216
-5418
-1475
-1017
-2862
-2960
-1365
-390
1038
2674
2366
1444
2367
3936
4113
4126
4442
4146
3458
3199
2702
1492
569
180
-607
-2946
-5656
-6462
-4821
-4121
-6539
-9669
-10187
-7568
-5256
-5448
-8030
-8517
-6097
-3019
-1854
-1263
-368
514
1933
4040
6197
6843
6706
6239
6404
7261
8324
8408
7190
5834
5099
5093
5590
5631
4489
2058
-823
-3073
-2534
211
-84
-5015
-9058
-6923
-2593
-630
-2320
-5024
-6192
-3262
649
1197
-392
-332
1033
2117
4000
5416
4296
2714
3746
5372
4998
3940
3366
2650
1946
1466
394
-1373
-1951
-2553
-4270
-7086
-8037
-7533
-6924
-7893
-9673
-10248
-9131
-6599
-5515
-5766
-6909
-5399
-2380
334
1054
1088
1688
3449
6569
8287
7636
6169
6788
8528
8904
7636
5782
5343
5579
5420
3631
1786
1664
2526
2554
-824
-4517
-5354
-1705
27
-3103
-7719
-7784
-3152
581
547
-3068
-4399
-1714
2775
3638
2008
944
1448
3041
5000
6244
4723
2626
2252
3573
4395
3858
2232
92
-799
-633
-628
-1696
-3224
-4359
-5507
-6602
-7554
-7077
-5978
-6609
-9190
-10456
-7745
-3871
-2555
-4987
-6949
-4919
28
2746
1388
-39
1198
4222
5978
6415
6024
5843
6023
6120
6069
5646
5412
4615
3684
2524
1871
1764
1993
1837
1241
-247
-2721
-3954
-1901
910
-776
-5009
-6324
-2351
1502
2381
-477
-2956
-2037
2527
4828
2878
542
653
2148
3712
5168
4105
1695
843
2233
2898
2283
1160
-145
-1018
-1244
-1410
-2054
-2739
-3315
-4691
-5862
-6142
-5438
-5629
-6210
-6841
-7098
-6479
-5027
-3519
-3505
-3382
-3237
-2328
-816
1600
2775
2029
1574
2648
4977
6430
6902
5465
3908
3854
5672
6647
5216
3138
2039
2127
2493
3100
2625
1201
-588
-2147
-3083
-1514
585
-1087
-5250
-5987
-2324
741
1048
-922
-2837
-2344
1211
3317
2383
989
927
1203
2399
4394
4342
2340
1456
2240
2349
1852
1463
609
-841
-1534
-1929
-2509
-2849
-2712
-3872
-5938
-6997
-5922
-4547
-4897
-6933
-8303
-6743
-3952
-2416
-3460
-4459
-3790
-1006
1098
1648
1482
2011
2925
4330
5887
6444
5550
5000
5560
6458
6467
5643
4474
3625
3516
3290
2787
1633
1421
1010
-650
-3401
-3427
-1144
-875
-3809
-6075
-4886
-2144
-43
-480
-2631
-3189
-381
2447
2535
1904
1797
1788
2431
4363
4980
3568
2390
2648
2985
2884
2588
1338
-359
-1112
-1089
-1795
-3032
-3776
-4603
-5809
-6422
-6000
-5977
-6827
-7347
-7341
-6772
-5906
-4610
-4336
-4097
-3221
-1645
-469
907
2495
3062
3215
4111
6089
6927
6846
6406
6240
6307
6593
6510
5257
4224
3806
3295
2173
1377
1410
562
-1552
-4135
-4384
-2825
-2264
-4339
-6512
-5835
-3494
-1371
-1313
-2186
-2464
-648
1352
2268
2756
3072
2894
2856
4268
5428
5104
4106
3629
3340
3052
2939
2195
756
-636
-1605
-2390
-3219
-3613
-4373
-5737
-7121
-7093
-6223
-6309
-7189
-7743
-7018
-5936
-4315
-3314
-3106
-3032
-1761
186
1892
2996
3059
3055
4217
6291
7141
6455
5745
5915
6635
6747
5787
4341
3657
3401
2991
2213
1342
519
-757
-2720
-4230
-3480
-2459
-3977
-6784
-6854
-4297
-2266
-2176
-3242
-3385
-1602
837
1305
1009
1847
3278
3713
4034
4627
4709
4876
5337
5185
3867
3209
3171
2840
1716
300
-1117
-2145
-2500
-2942
-4414
-6167
-6824
-6280
-6302
-6953
-7494
-7337
-6785
-5522
-4473
-4353
-3859
-2281
-657
-247
686
1781
2875
3786
5164
5484
5359
5704
6621
6936
6521
5749
4965
4916
4955
4416
2930
2001
1818
1268
-945
-3150
-3211
-2424
-3605
-5759
-6272
-5280
-4368
-3735
-3603
-3712
-3060
-1688
-923
-224
1148
2082
1946
2297
3851
5019
5259
4957
4550
4179
4582
4981
4067
2322
1219
1028
517
-594
-2275
-3864
-4559
-4529
-5151
-6729
-7502
-6959
-6130
-6070
-6368
-6657
-5916
-4116
-2547
-2473
-2609
-1578
399
2449
3517
3616
3547
4848
6392
7046
6505
6169
6195
6358
6240
5584
5025
4774
4838
3403
741
-1352
-966
-4
-1725
-5202
-7192
-5903
-4073
-3409
-4829
-6528
-6543
-4270
-2047
-1484
-1738
-2006
-1367
679
3507
4401
3461
3008
4218
5755
6404
6123
4939
3866
3658
3903
3288
1835
340
-985
-1866
-2562
-3390
-4822
-5719
-6028
-6202
-6757
-6974
-6781
-6489
-6085
-5481
-4821
-4202
-3002
-1540
-292
636
1840
2900
3855
4743
5588
5903
6188
6537
6781
6975
6990
6684
6091
5872
4866
2932
1141
886
424
-1391
-3620
-4658
-4531
-4401
-4597
-5752
-6568
-6424
-5214
-4863
-4516
-3736
-2827
-2330
-1144
584
1535
2328
3411
4265
4479
5385
6309
6194
5620
5279
4970
4480
3965
2653
1043
329
-107
-1527
-3472
-4093
-4115
-4689
-6277
-7510
-7515
-6380
-5576
-6278
-7141
-6445
-4098
-2204
-1504
-1415
-787
1112
3115
4362
4394
4667
5142
6259
7109
7097
6435
6491
7317
6565
4529
2472
2719
2787
1573
-1510
-3286
-3413
-2524
-2879
-4701
-6436
-6600
-5285
-4729
-4866
-5371
-5047
-4256
-2537
-1255
-852
-794
442
2270
3594
4200
4406
4691
5163
5862
5863
5354
4524
3748
2978
2775
2263
657
-1178
-2075
-2338
-2983
-3737
-4861
-5692
-6068
-5714
-5865
-5958
-5928
-5452
-4784
-3420
-1942
-1162
-603
278
1877
3144
4053
4186
4376
4824
5621
6369
6610
6432
5864
4972
3708
3400
3787
2860
50
-1958
-2013
-1577
-1866
-2898
-4558
-5553
-4830
-3834
-4065
-4641
-4477
-4350
-3777
-2530
-1316
-1120
-645
290
1282
2116
3092
3819
4050
4166
4011
4015
3839
3652
3301
3123
2194
739
-325
-287
-10
-670
-2539
-4458
-4752
-3852
-3320
-4170
-5355
-5803
-4792
-3298
-2219
-1961
-1902
-1456
-77
1670
2604
2627
2709
3305
4128
4896
5301
5275
5262
5033
4022
3038
3127
3366
1978
-139
-1475
-1707
-1608
-1687
-2622
-4193
-4926
-4612
-4072
-3716
-3306
-3578
-4053
-3510
-1906
-742
-229
125
423
809
1834
3116
3675
3458
3138
3062
2964
2972
3082
3008
2089
836
-18
-114
127
97
-1082
-2988
-4059
-3446
-2483
-2527
-3526
-4465
-4409
-3040
-1264
-700
-1239
-1522
-493
1016
2292
2680
2364
2145
2934
4258
4715
4391
4023
3691
2918
2536
2762
2183
426
-1017
-1185
-1187
-1422
-2167
-3239
-3975
-3615
-3518
-4152
-4189
-3205
-2903
-3173
-2593
-1475
-669
71
894
1134
1484
2414
3258
3190
3064
3158
3119
2763
2530
2248
1870
1454
869
-92
-807
-852
-783
-1447
-2526
-3259
-3246
-2881
-2489
-2618
-2993
-3022
-2102
-851
31
243
218
517
1593
2776
3243
2955
2972
3405
3903
4128
4329
3832
2648
1738
2023
2234
803
-1168
-2262
-1908
-1637
-1890
-3472
-4727
-4637
-3516
-3518
-4095
-4177
-3862
-3522
-2678
-1666
-1438
-1191
-278
876
1554
2287
2728
2892
3230
3839
3633
2976
2716
2925
2676
2022
1126
438
97
-99
-753
-1689
-2311
-2414
-2458
-2774
-3123
-3045
-2586
-1992
-1491
-1228
-903
-124
1150
1775
1954
1848
2435
3023
3993
4063
3777
3408
3942
4214
3459
2268
1752
1730
728
-625
-1823
-2097
-2382
-2446
-3381
-4329
-4820
-4179
-4085
-4103
-4090
-3843
-3883
-3266
-2278
-1730
-1476
-854
152
734
1315
1727
2350
2836
3240
2790
2356
2575
3200
3119
2167
1242
878
1056
848
34
-1121
-1685
-1704
-1679
-1999
-2332
-2428
-2189
-1646
-1014
-764
-798
-448
606
1819
2215
1959
1770
2598
3848
4679
4130
3336
3150
3398
3435
3231
2601
1001
-207
-513
-340
-1008
-1814
-2924
-3846
-4057
-3663
-3709
-4318
-4303
-4335
-4226
-3828
-2705
-2363
-2177
-1908
-1251
-723
187
857
1121
1205
1654
1727
1674
2032
2906
2841
1591
708
1017
1926
1721
806
-734
-1139
-624
320
-386
-1537
-2019
-1286
-589
-47
-147
-689
-552
577
1655
1630
1355
1505
2125
2740
3024
3049
2995
3018
2819
2525
2416
2258
1603
674
126
-178
-430
-918
-1550
-2300
-2629
-2880
-3120
-3215
-2993
-3214
-3765
-3607
-2924
-2322
-2294
-2246
-2176
-1530
-781
-247
-17
-65
-286
-196
833
1623
1390
579
340
924
1563
1564
578
-106
38
700
610
190
-11
300
546
709
741
640
611
959
1255
1218
1075
1259
1460
1576
1518
1502
1575
1745
1568
1010
730
1135
1553
886
-37
-528
-46
300
653
-211
-1153
-1663
-815
-418
-545
-1261
-2000
-2350
-1669
-778
-1001
-1814
-2354
-2106
-1570
-929
-1153
-1921
-2730
-2469
-1450
-445
-913
-1956
-2047
-720
437
504
-274
-815
-273
884
1289
754
505
1065
1741
2084
2229
2291
2338
2546
2836
2751
2403
2200
2185
2091
1830
1526
1154
921
753
237
-340
-410
-197
-758
-1311
-1480
-1242
-1249
-1041
-1177
-1246
-1000
-545
-562
-541
-122
119
164
223
408
232
192
197
237
-137
-801
-1249
-1064
-802
-1424
-2259
-2669
-2372
-1948
-1835
-2402
-2973
-2683
-1779
-1249
-1251
-1371
-1181
-581
436
1243
1400
1346
1630
2355
2911
3354
3451
3363
3150
3347
3648
3589
3224
2771
2243
1717
1375
953
468
90
-530
-1416
-1834
-1502
-1251
-1665
-2296
-2579
-2119
-1454
-1086
-1506
-1704
-1485
-643
-90
190
-16
-75
-47
50
341
644
408
-292
-290
-111
-43
-147
-90
-722
-1164
-1106
-894
-1204
-1298
-1405
-1745
-1877
-1379
-1077
-1053
-804
-466
-464
-316
193
741
930
1077
1085
1238
1733
2442
2554
2063
1819
2190
2698
2548
1954
1223
1346
1818
2104
1150
423
185
559
446
247
-327
-772
-782
-552
-746
-1342
-1413
-1493
-1629
-2089
-2109
-2178
-1995
-1983
-1953
-2034
-1870
-1467
-1131
-961
-1039
-799
-498
27
436
766
724
806
1136
1596
1732
1611
1484
1569
1669
1547
1267
1044
942
820
441
-69
-337
-395
-582
-1031
-1243
-1320
-1221
-1214
-1060
-1028
-991
-869
-531
-136
95
305
426
780
1312
1935
2144
2132
2104
2163
2202
2108
1839
1248
639
31
-212
-485
-796
-1525
-2096
-2569
-2699
-2911
-3070
-3524
-3858
-3804
-3231
-2737
-2445
-2090
-1628
-1000
-235
669
1254
1719
2165
2800
3285
3728
3972
4063
4015
3935
3896
3623
3349
2772
2102
1292
819
162
-451
-1139
-1703
-2383
-2859
-3095
-3286
-3310
-3363
-3294
-3170
-2544
-2080
-1659
-1238
-481
86
634
1045
1297
1391
1710
2110
2257
1966
1549
1290
1269
1174
747
-7
-662
-825
-794
-1040
-1679
-2234
-2511
-2499
-2240
-2058
-2115
-2237
-1851
-1160
-385
26
190
271
803
1634
2434
2728
2634
2452
2753
3309
3656
3381
2880
2372
2105
2135
1938
1461
621
-443
-1805
-1790
-748
-147
-1295
-2315
-2733
-2075
-978
-159
-1286
-2740
-2858
-1839
-1400
-1260
-1252
-1690
-1986
-1541
-900
-713
-476
-350
-496
-457
130
590
675
645
560
302
340
851
1549
1601
1146
634
878
1465
1864
1403
619
72
243
730
852
429
-128
-246
60
437
443
44
-373
-425
-205
-92
-224
-308
-219
135
437
627
550
712
888
982
861
877
823
762
628
366
74
-118
-195
-556
-1046
-1516
-1754
-1925
-2003
-2157
-2439
-2695
-2700
-2453
-2164
-1979
-1895
-1851
-1580
-975
-207
265
463
734
1342
2097
2671
2760
2506
2400
2660
3001
2919
2491
2041
1828
1823
1903
1627
1070
427
-191
-925
-1205
-1072
-1235
-1941
-2495
-2270
-1717
-1216
-1254
-1452
-1628
-1276
-911
-671
-620
-316
29
198
312
626
1035
1271
1257
1109
1020
1200
1316
1097
647
226
22
108
194
-146
-677
-1021
-1035
-1062
-1117
-1395
-1716
-1771
-1488
-1260
-1220
-1160
-1041
-778
-421
-35
296
671
982
1159
1435
1936
2346
2389
2112
1890
2029
2393
2343
1730
1084
907
983
823
253
-438
-931
-1149
-1367
-1644
-2000
-2391
-2668
-2692
-2572
-2524
-2416
-2277
-2026
-1690
-1235
-877
-504
-142
353
785
1222
1493
1772
2170
2678
2833
2595
2226
2066
2159
2245
1958
1267
525
137
107
75
-450
-1378
-2072
-2128
-1857
-1665
-1887
-2415
-2563
-1942
-1116
-881
-1014
-991
-553
92
738
980
1010
1119
1546
1883
2038
2047
2039
1867
1571
1392
1287
1029
515
9
-447
-821
-1117
-1310
-1643
-2018
-2195
-2179
-2152
-2063
-1911
-1938
-1974
-1705
-1233
-875
-551
-158
129
448
970
1543
1762
1827
1936
2169
2266
2385
2282
1929
1602
1593
1589
1336
956
506
103
-97
-113
-433
-910
-1218
-1224
-1369
-1503
-1633
-1657
-1808
-1699
-1562
-1370
-1231
-947
-799
-694
-393
42
334
454
627
715
830
1028
1356
1462
1369
1164
1041
1009
1053
921
455
-18
-124
40
14
-331
-813
-966
-856
-754
-1030
-1377
-1428
-1169
-985
-990
-944
-762
-511
-309
-167
-133
142
713
1270
1373
1260
1343
1770
2192
2318
1993
1459
1331
1544
1664
1177
508
-63
-257
-304
-418
-926
-1620
-2045
-2153
-2269
-2551
-2733
-2768
-2763
-2720
-2501
-2055
-1474
-989
-691
-532
-173
510
1354
1812
1907
1964
2285
2786
3239
3277
2846
2455
2406
2434
2105
1429
695
178
-125
-502
-1087
-1785
-2303
-2524
-2571
-2723
-2937
-2972
-2750
-2321
-1862
-1516
-1325
-898
-212
461
834
1134
1527
2029
2510
2801
2829
2776
2878
2899
2557
1941
1467
1111
758
248
-477
-1220
-1625
-1794
-2102
-2616
-3076
-3299
-3248
-3000
-2826
-2780
-2540
-1898
-1060
-413
49
474
1096
1847
2488
2771
2872
3018
3278
3552
3572
3259
2762
2389
2071
1683
1055
284
-527
-1094
-1491
-1931
-2489
-2966
-3187
-3222
-3207
-3249
-3266
-3081
-2640
-2196
-1819
-1364
-770
-150
444
966
1408
1799
2167
2379
2455
2568
2681
2586
2263
1926
1628
1361
1056
611
-53
-617
-846
-929
-1154
-1522
-1808
-1912
-1734
-1374
-1120
-1123
-1119
-816
-271
273
565
597
626
895
1343
1731
1782
1539
1301
1264
1338
1286
1001
488
22
-226
-240
-327
-641
-1165
-1565
-1603
-1418
-1434
-1627
-1779
-1769
-1574
-1305
-1119
-1069
-934
-696
-411
-138
110
253
338
518
769
937
954
869
866
1004
1185
1159
928
723
762
913
877
629
436
389
481
568
555
394
309
325
336
310
267
197
87
16
-42
-81
-152
-204
-257
-322
-456
-574
-599
-611
-701
-748
-717
-764
-870
-903
-840
-744
-603
-581
-734
-764
-516
-212
-96
-146
-289
-272
-28
224
208
108
63
64
140
224
216
102
47
53
98
166
147
113
199
413
503
511
553
700
850
983
1060
1074
1074
1045
1089
1155
1157
1021
897
837
802
725
578
299
51
-94
-254
-511
-718
-888
-1110
-1325
-1454
-1556
-1610
-1583
-1591
-1693
-1715
-1620
-1475
-1296
-1124
-1066
-965
-689
-345
-51
172
307
385
590
777
880
849
846
835
839
837
816
718
602
544
436
278
146
165
190
173
102
75
86
207
308
286
275
409
605
685
692
698
708
711
762
768
675
489
339
281
270
177
-57
-323
-563
-673
-715
-789
-1009
-1242
-1351
-1354
-1296
-1233
-1236
-1277
-1229
-1032
-822
-686
-593
-500
-349
-112
175
319
297
266
424
669
830
768
603
543
674
834
859
721
507
395
454
578
605
504
286
161
223
390
483
435
207
-10
17
228
373
296
77
-144
-144
77
279
234
-69
-339
-395
-198
-56
-173
-519
-824
-840
-609
-457
-563
-776
-903
-861
-680
-451
-345
-364
-415
-363
-216
21
208
243
128
49
101
317
549
578
416
298
360
488
574
546
391
175
67
120
226
277
186
6
-161
-99
142
296
183
-81
-212
-114
152
287
112
-169
-180
73
299
303
105
-130
-133
34
100
-23
-196
-279
-234
-186
-215
-278
-335
-426
-544
-562
-508
-459
-468
-509
-558
-484
-283
-146
-138
-157
-112
-25
120
237
330
402
462
495
556
675
744
757
735
688
642
643
679
642
501
303
182
165
195
80
-200
-471
-548
-466
-446
-562
-748
-821
-746
-578
-503
-521
-533
-451
-273
-101
-3
46
115
190
251
316
402
498
538
477
385
325
303
279
208
20
-207
-325
-305
-250
-293
-461
-652
-661
-505
-374
-404
-471
-429
-254
-16
161
242
309
465
623
728
799
890
971
984
912
790
721
727
713
536
265
55
-18
-31
-98
-331
-649
-865
-881
-794
-823
-1027
-1256
-1253
-1046
-799
-721
-787
-809
-611
-270
-21
84
110
206
378
595
735
806
824
800
770
759
769
740
631
413
226
142
102
10
-165
-371
-509
-523
-506
-548
-638
-701
-669
-519
-351
-280
-263
-184
-17
180
334
387
365
413
583
729
715
589
513
549
617
580
425
237
129
90
12
-123
-256
-371
-477
-529
-556
-600
-649
-639
-608
-582
-520
-452
-388
-285
-150
-64
-4
100
227
299
354
419
489
501
452
403
416
452
397
265
146
117
87
24
-72
-145
-218
-288
-315
-361
-381
-414
-471
-509
-464
-417
-421
-404
-349
-267
-185
-117
-89
-57
34
144
200
222
237
303
414
510
521
486
476
519
588
599
541
456
474
542
551
454
330
249
210
215
135
-49
-239
-302
-292
-301
-387
-546
-698
-710
-575
-484
-537
-634
-604
-470
-324
-233
-212
-199
-104
66
180
183
147
175
257
327
340
266
151
107
160
131
-37
-215
-307
-356
-387
-412
-524
-626
-598
-495
-456
-443
-398
-338
-241
-88
74
174
314
513
676
792
967
1158
1262
1293
1300
1289
1248
1221
1140
980
794
643
486
266
47
-151
-388
-628
-829
-1002
-1174
-1274
-1302
-1353
-1403
-1388
-1298
-1179
-1000
-864
-808
-734
-559
-295
-73
82
191
306
446
595
702
727
664
566
492
442
401
319
158
-43
-189
-254
-294
-375
-505
-617
-650
-603
-524
-465
-400
-305
-175
-34
137
338
529
713
875
999
1113
1265
1409
1476
1472
1422
1358
1299
1236
1109
896
643
406
195
-20
-242
-476
-736
-988
-1172
-1277
-1343
-1425
-1541
-1642
-1637
-1491
-1304
-1214
-1225
-1200
-999
-653
-349
-220
-197
-91
179
500
696
728
679
688
807
964
1003
839
618
498
476
451
376
217
-22
-190
-202
-168
-214
-322
-442
-514
-460
-313
-213
-196
-150
-40
95
257
433
557
610
676
812
968
1065
1052
968
896
888
896
785
538
267
92
-33
-203
-443
-714
-946
-1126
-1257
-1365
-1442
-1490
-1553
-1595
-1557
-1413
-1244
-1100
-967
-797
-540
-222
107
392
633
818
997
1206
1368
1424
1395
1384
1393
1346
1215
1032
829
649
473
226
-60
-304
-491
-658
-827
-980
-1069
-1077
-1053
-1014
-957
-854
-685
-496
-348
-223
-26
246
492
641
740
834
919
1015
1090
1055
908
749
632
539
445
276
3
-294
-493
-566
-645
-800
-1000
-1155
-1173
-1042
-899
-829
-795
-721
-550
-296
-30
147
259
399
612
844
1006
1063
1050
1050
1075
1070
973
783
609
486
349
138
-106
-314
-449
-576
-749
-911
-996
-1027
-1031
-1005
-975
-910
-783
-629
-474
-324
-163
3
184
372
501
573
627
698
734
717
675
611
526
436
355
243
119
20
-82
-215
-296
-312
-324
-343
-349
-340
-308
-233
-130
-67
-41
11
116
238
305
317
309
320
351
360
302
202
108
57
21
-39
-162
-316
-428
-435
-390
-406
-518
-604
-568
-461
-337
-282
-288
-278
-164
6
137
197
215
240
287
366
448
466
395
308
264
232
171
118
52
-58
-168
-217
-224
-199
-177
-204
-259
-247
-101
63
137
161
212
302
427
573
659
629
558
576
654
658
570
445
306
185
99
-14
-192
-385
-576
-760
-889
-916
-939
-991
-1026
-1030
-990
-876
-703
-544
-429
-362
-269
-92
137
306
404
461
533
636
747
783
736
659
564
480
409
340
213
85
-22
-114
-202
-251
-300
-379
-441
-447
-395
-333
-231
-159
-91
39
242
394
455
527
635
742
814
846
791
748
757
724
581
396
262
159
17
-188
-401
-577
-672
-740
-872
-1032
-1089
-1054
-1016
-1006
-982
-927
-830
-668
-479
-326
-219
-79
87
261
409
530
605
644
686
725
760
753
690
573
464
378
287
145
-23
-170
-280
-364
-450
-524
-584
-600
-592
-555
-514
-457
-374
-252
-113
28
174
298
428
557
683
769
812
821
801
806
817
770
647
509
386
277
164
17
-157
-342
-477
-560
-633
-702
-791
-865
-875
-822
-743
-682
-642
-576
-446
-261
-82
45
129
227
356
493
601
643
629
593
579
575
548
456
317
186
86
-3
-112
-248
-390
-499
-576
-633
-664
-654
-634
-617
-575
-487
-380
-277
-182
-103
4
140
291
432
528
585
646
737
794
790
732
666
626
571
475
340
203
75
-30
-115
-224
-340
-408
-451
-510
-552
-545
-501
-454
-416
-373
-303
-196
-74
33
110
180
242
299
387
473
486
436
385
361
355
322
216
67
-65
-144
-201
-316
-475
-602
-661
-694
-715
-732
-735
-707
-638
-548
-480
-426
-355
-252
-123
13
122
205
293
400
521
627
677
664
646
659
672
641
558
460
381
322
254
151
47
-40
-112
-172
-214
-258
-297
-310
-313
-294
-235
-162
-114
-76
-11
78
149
200
259
309
338
361
366
356
346
318
253
162
97
29
-65
-161
-243
-327
-434
-527
-593
-619
-646
-684
-703
-681
-639
-587
-514
-435
-355
-272
-150
-21
102
199
283
377
474
540
560
556
572
584
560
525
476
423
360
263
125
12
-53
-84
-120
-202
-296
-323
-249
-184
-191
-234
-217
-127
-29
36
77
114
163
251
328
374
406
425
400
358
341
325
287
224
125
10
-69
-99
-133
-229
-386
-507
-527
-496
-472
-526
-616
-624
-524
-423
-396
-386
-343
-252
-124
-10
48
73
128
207
283
329
331
319
316
327
314
265
201
152
130
96
44
-6
-38
-63
-102
-153
-192
-209
-197
-163
-147
-132
-115
-66
3
55
90
104
130
186
254
277
270
273
281
277
270
279
254
181
84
45
66
74
14
-100
-167
-162
-116
-112
-164
-260
-312
-289
-244
-220
-224
-230
-205
-135
-83
-49
-13
8
14
36
71
101
114
102
76
62
78
95
77
21
-34
-65
-69
-92
-131
-181
-212
-208
-173
-136
-137
-144
-133
-80
-12
20
16
9
51
143
229
257
231
224
270
313
295
235
180
159
160
163
132
59
3
-13
-29
-42
-51
-101
-144
-136
-101
-87
-85
-74
-66
-59
-30
21
62
91
107
100
101
145
164
138
96
51
7
-22
-33
-60
-135
-212
-228
-225
-237
-251
-282
-319
-321
-279
-231
-218
-220
-200
-156
-89
-13
31
39
60
111
176
232
264
261
252
265
304
333
309
273
228
186
156
151
144
100
26
-26
-30
-21
-6
-32
-92
-114
-60
15
57
42
2
11
68
111
90
35
9
30
54
50
-7
-68
-65
-54
-70
-131
-217
-269
-261
-244
-275
-344
-370
-317
-249
-222
-245
-242
-200
-141
-116
-89
-58
-20
34
85
118
145
202
225
226
223
240
238
210
190
170
148
123
98
45
10
14
6
-17
-25
-40
-53
-46
-19
8
27
30
26
58
113
162
173
157
137
155
190
207
191
144
94
59
50
18
-43
-133
-197
-221
-233
-262
-305
-331
-319
-297
-281
-265
-245
-216
-188
-152
-100
-24
40
72
86
118
177
235
269
267
241
229
253
250
216
200
165
104
52
8
-26
-52
-96
-148
-181
-171
-155
-161
-189
-185
-153
-139
-127
-87
-37
3
53
100
144
166
189
191
197
222
254
260
232
174
137
151
153
91
-15
-89
-103
-92
-135
-200
-251
-272
-275
-281
-299
-311
-303
-274
-253
-222
-178
-124
-78
-27
28
71
131
199
243
253
259
265
268
270
266
241
206
185
154
97
41
-11
-67
-130
-176
-223
-274
-310
-314
-316
-328
-319
-287
-233
-180
-142
-122
-75
-1
68
107
134
179
251
319
339
357
380
393
379
355
319
285
248
203
131
62
6
-49
-104
-169
-222
-275
-321
-357
-349
-341
-344
-311
-266
-197
-129
-67
-38
-8
44
97
155
195
212
198
209
254
287
272
220
152
102
76
46
-5
-71
-125
-173
-203
-219
-248
-274
-283
-281
-271
-253
-218
-164
-94
-41
-11
40
115
196
253
285
286
291
313
353
354
299
257
244
235
202
153
80
15
-43
-71
-105
-139
-185
-248
-270
-265
-267
-303
-331
-316
-272
-239
-214
-183
-144
-85
-40
-27
-16
23
73
86
79
85
116
126
115
103
82
65
65
64
54
23
-18
-44
-42
-28
-37
-57
-79
-76
-55
-28
-43
-77
-95
-65
-33
-20
-17
-7
48
118
154
155
159
172
195
215
228
230
242
244
231
223
226
200
143
79
33
6
-14
-64
-144
-199
-220
-210
-221
-266
-315
-339
-330
-310
-304
-316
-312
-270
-206
-136
-72
-25
19
77
139
182
223
253
269
268
292
319
318
280
256
218
159
116
69
8
-57
-122
-186
-235
-249
-234
-249
-294
-304
-255
-205
-152
-120
-102
-75
-11
75
172
241
276
290
308
349
367
366
351
313
267
228
199
152
90
8
-87
-158
-208
-277
-350
-392
-418
-433
-436
-405
-380
-350
-316
-273
-211
-137
-68
-4
63
124
188
244
303
329
318
299
295
305
295
253
215
172
141
102
49
-26
-87
-130
-179
-206
-225
-231
-247
-261
-254
-222
-186
-166
-136
-104
-45
14
65
98
133
167
184
226
247
263
234
187
154
152
145
105
38
-15
-31
-19
-22
-78
-117
-145
-166
-175
-157
-162
-179
-187
-191
-166
-119
-88
-95
-69
-19
61
113
141
147
165
205
236
242
214
192
169
171
162
133
98
66
23
-23
-56
-90
-135
-183
-223
-244
-245
-218
-197
-205
-201
-182
-146
-113
-96
-98
-76
-43
-9
25
59
88
110
130
140
152
166
200
185
158
154
142
143
153
121
50
-8
-3
28
12
-53
-108
-123
-107
-114
-157
-178
-149
-92
-62
-68
-71
-33
24
43
30
28
52
111
155
130
96
118
157
150
124
110
112
118
97
47
1
-39
-77
-116
-147
-164
-172
-184
-182
-148
-135
-150
-167
-146
-109
-98
-100
-93
-50
-3
36
75
107
136
158
179
199
216
201
175
164
151
122
93
68
42
18
-19
-60
-102
-146
-186
-205
-225
-231
-219
-208
-198
-203
-177
-153
-120
-80
-56
-49
-9
65
114
142
144
157
170
189
189
167
166
166
161
141
127
113
63
23
-9
-41
-69
-93
-139
-164
-139
-116
-118
-132
-104
-74
-54
-36
-12
9
42
80
97
116
134
153
149
138
148
160
138
115
109
97
73
59
32
-2
-23
-50
-81
-116
-146
-163
-161
-163
-162
-173
-169
-143
-112
-94
-79
-50
-1
39
58
64
64
61
61
57
57
76
94
81
52
30
24
35
7
-39
-89
-106
-101
-85
-87
-89
-77
-65
-59
-45
2
33
29
21
39
77
127
159
169
148
130
139
147
146
108
42
8
17
21
-14
-64
-95
-99
-98
-102
-131
-166
-194
-173
-123
-109
-131
-136
-87
-32
-1
15
43
59
60
45
37
38
52
60
49
49
65
77
58
27
-18
-44
-56
-68
-98
-125
-120
-104
-85
-82
-51
-12
10
12
20
24
44
84
112
125
147
172
168
166
152
134
89
63
52
54
39
21
-11
-27
-14
-17
-46
-90
-108
-111
-105
-101
-104
-111
-98
-74
-51
-26
13
38
36
42
66
97
101
71
49
50
68
73
58
15
-7
-27
-35
-51
-66
-72
-70
-55
-42
-30
-45
-40
-33
-24
-26
-15
1
17
31
50
71
68
59
70
97
95
88
72
52
47
48
37
17
-8
-33
-44
-40
-37
-56
-92
-121
-121
-142
-163
-151
-125
-110
-88
-74
-76
-51
-27
-24
-33
-24
-2
21
34
51
78
91
94
98
112
117
94
74
70
57
46
56
59
33
4
-18
-27
-27
-26
-28
-38
-12
9
6
-19
-43
-40
-26
-9
-10
-4
13
42
58
50
34
30
17
-9
-15
-17
-19
-24
-20
-16
-13
13
8
-16
-21
-15
-18
-16
-12
-37
-42
-11
10
1
1
17
16
17
16
-6
-15
-25
-30
-39
-33
-13
-14
-13
-28
-47
-47
-34
-20
-26
-17
-18
-12
13
30
27
29
37
32
55
87
90
81
91
90
93
81
42
23
27
28
5
-34
-58
-76
-80
-73
-70
-81
-104
-89
-62
-44
-47
-47
-20
28
74
81
74
70
95
105
98
78
67
75
93
115
125
112
73
34
9
-18
-40
-61
-91
-111
-98
-76
-81
-86
-103
-104
-111
-104
-107
-94
-42
0
12
15
59
98
100
63
45
50
59
45
-13
-53
-41
-13
-19
-32
-32
-41
-51
-54
-56
-74
-99
-107
-87
-53
-37
-40
-41
-24
-7
-2
5
13
4
5
30
59
80
95
93
94
100
93
85
95
91
77
67
52
38
28
17
9
21
24
14
-6
-5
-11
-37
-59
-78
-103
-91
-68
-51
-46
-53
-39
-15
-28
-63
-72
-82
-59
-32
-17
-5
24
52
74
76
63
57
43
46
47
43
25
25
46
70
50
15
5
0
0
0
-17
-46
-47
-36
-41
-75
-108
-141
-160
-160
-143
-123
-95
-60
-34
-18
5
27
35
46
61
79
84
95
104
111
119
128
133
141
134
111
102
86
35
-10
-41
-57
-51
-50
-73
-76
-48
-48
-77
-107
-93
-87
-75
-71
-54
-13
22
34
46
104
138
144
130
130
142
171
155
112
68
51
63
51
16
-24
-53
-82
-105
-137
-165
-184
-183
-203
-209
-204
-165
-106
-77
-77
-59
-1
38
42
33
47
82
94
86
95
111
131
142
141
124
103
48
24
23
-14
-47
-51
-47
-48
-46
-52
-89
-94
-97
-118
-128
-96
-48
-17
17
46
79
104
109
84
69
50
52
37
8
10
39
32
20
19
7
-15
-28
-36
-66
-77
-80
-71
-69
-71
-66
-60
-44
-12
0
7
13
-6
-4
17
25
6
2
12
10
28
47
34
20
40
31
24
25
7
-23
-37
-14
-1
2
8
-4
-27
-4
17
3
-1
23
56
66
36
3
1
10
-6
-42
-60
-26
18
58
78
74
38
45
56
19
-53
-89
-66
-37
-34
-32
5
57
81
70
37
13
4
-15
-32
-37
-13
20
56
48
32
25
-3
-60
-90
-90
-88
-78
-69
-36
3
29
10
-13
-5
17
28
17
-14
3
57
86
70
51
63
82
92
61
45
42
41
14
-23
-39
-29
-40
-73
-100
-102
-86
-84
-90
-98
-88
-85
-81
-70
-51
-20
3
1
-14
10