-1
0
1
2
0
1
0
-1
-1
-2
-3
-3
0
0
-1
-1
-1
-2
0
0
-2
0
0
1
3
1
0
1
0
0
-3
-4
-2
0
-1
0
1
1
1
0
-1
-1
-2
-2
-3
-1
0
0
3
2
0
0
1
0
0
-2
-3
-3
1
0
0
1
0
2
1
1
0
0
-1
0
0
0
0
1
0
1
2
1
1
0
-2
-3
1
0
1
2
1
1
1
2
-2
-1
-2
-3
-1
1
0
2
1
1
1
0
-1
-1
0
1
0
1
2
3
3
1
-2
-2
-2
-2
-2
-1
-2
-1
3
1
0
2
2
1
2
1
0
1
2
2
2
2
3
3
1
-2
-3
-3
-1
1
0
-1
-3
-2
1
3
0
-2
-4
-2
-1
-1
-1
-4
-7
-6
-1
3
3
0
-3
2
6
2
-1
-4
-4
0
1
-1
-2
-1
4
7
5
1
0
-1
2
0
-1
-3
-2
2
4
4
5
4
1
-3
-3
-2
-4
-4
-7
-6
-3
0
0
-2
-3
-2
2
5
1
-3
-1
4
5
-1
-5
-4
2
5
1
-5
-4
3
5
2
1
2
2
2
3
0
-2
-2
-1
-1
0
2
1
2
3
3
4
4
1
0
2
3
3
2
2
5
7
6
2
-2
-2
1
0
1
-2
-2
0
1
0
-2
-3
-4
-1
0
-3
-8
-7
0
3
1
-1
2
4
3
5
3
1
2
2
0
2
0
0
-1
-2
-4
-3
-2
-2
-7
-4
-1
0
-3
-5
-4
1
4
2
-2
-2
2
5
9
2
0
1
3
5
1
-2
0
3
6
8
3
2
-1
-4
-4
-2
-5
-7
-11
-14
-12
-11
-7
-8
-13
-11
-7
-6
-7
-12
-13
-11
-11
-3
-5
-9
-4
4
10
15
14
9
9
11
13
14
8
6
10
13
15
9
9
5
2
4
-2
-8
-1
-1
-4
-2
-4
-10
-2
-1
-4
-7
-7
-11
-7
-5
-4
-9
-9
-2
1
-1
-6
-7
-5
2
1
-3
-7
0
6
6
-3
-3
3
8
10
5
2
7
9
15
22
13
9
16
17
12
11
10
10
14
10
1
5
6
6
9
-1
-5
-2
-1
0
1
-1
7
2
0
5
9
5
-5
-12
-21
-23
-18
-25
-41
-38
-20
-15
-20
-24
-27
-15
-6
-10
-8
-6
-6
2
12
21
21
26
29
29
26
24
20
16
10
9
5
-4
1
1
-10
-9
-5
-11
-12
-15
-22
-16
-14
-15
-17
-16
-11
-4
1
5
4
2
6
10
13
5
1
12
17
9
-2
-1
6
7
2
-1
-8
-5
2
5
4
-3
-9
-2
2
9
-1
-22
-20
-5
-3
-4
-13
-21
-11
-12
-13
-10
-4
12
34
36
37
34
40
44
33
12
12
12
6
16
25
34
53
57
40
25
24
37
31
18
14
26
31
17
16
18
22
27
13
-9
-16
-28
-27
-45
-51
-41
-44
-43
-55
-75
-58
-52
-44
-32
-28
-11
-26
-59
-81
-65
-60
-46
-41
-18
1
24
34
4
-6
-1
14
27
30
23
42
64
66
65
62
50
53
41
31
39
42
65
86
58
56
55
23
-32
-86
-99
-67
-38
-19
14
9
69
115
119
100
118
132
69
3
-53
-69
-113
-99
-125
-187
-125
-26
35
-42
-100
-125
-103
-152
-158
-128
-185
-109
-74
-62
19
80
-133
84
-166
-194
89
-115
133
-52
-4
19
-3
76
64
-68
29
17
-92
54
24
64
13
91
95
95
138
136
52
82
62
106
44
-22
70
100
137
172
248
186
293
236
254
228
72
-140
-263
72
217
-59
-382
-209
58
253
356
135
-270
-242
328
600
318
-106
-234
-60
277
379
-6
-497
-470
-24
226
51
-332
-542
-385
-105
-182
-584
-925
-897
-662
-468
-525
-607
-630
-531
-451
-450
-607
-774
-782
-661
-529
-401
-202
22
256
441
695
784
834
913
949
986
1096
1251
1408
1558
1623
1655
1675
1673
1577
1351
1072
926
833
729
491
64
-354
-407
-359
-400
-734
-1264
-1682
-1795
-1633
-1494
-1666
-2020
-1968
-1631
-1092
-1030
-1169
-1288
-1213
-959
-645
-456
-646
-856
-719
-360
-313
-260
72
757
1432
1897
1842
1406
1896
3498
4142
2991
2108
2734
3760
4186
3499
948
-2168
-1455
2723
3597
-1293
-5885
-5940
-3154
-69
610
-3596
-8938
-7896
-1493
2214
-178
-4561
-6443
-3225
3079
5971
2304
-2599
-2174
2905
7030
6278
1879
-1188
427
4109
5233
2891
-256
-1397
23
1762
1183
-1225
-2766
-2735
-2196
-1946
-2115
-2660
-2743
-2493
-1859
-1627
-2847
-3893
-2082
521
306
-1860
-2849
-1516
802
2738
2087
-376
-1729
759
3989
4598
2270
372
812
3580
5962
5265
2200
561
2512
5580
6046
3632
1023
-1290
-2006
1106
4257
1309
-4754
-6403
-4393
-2743
-1437
-1078
-4896
-9112
-6693
-588
1956
87
-2858
-4954
-2345
4350
7622
3337
-2101
-1640
3892
8346
7053
1884
-1263
917
4730
5274
2309
-1456
-2699
-631
1169
-215
-2678
-3854
-4263
-3788
-2749
-2870
-4674
-5243
-4551
-5643
-6642
-3754
-1301
-3528
-5123
-3105
-729
196
1916
2229
211
82
4166
6882
5760
3415
2436
3506
6531
8973
6782
2348
1413
5504
8988
8296
4505
-164
-4507
-3964
3247
6492
-1240
-11050
-11042
-5116
-440
1013
-2780
-11692
-14503
-4893
4452
3691
-2938
-7555
-7052
1839
11743
10463
-615
-6274
-362
9435
13161
7438
-1602
-3986
2790
9285
8267
1412
-4666
-5219
94
3725
540
-5181
-7430
-6275
-3378
-1079
-2597
-6580
-10245
-11094
-6911
-121
278
-6002
-10732
-7019
601
5818
4342
-1184
-4592
178
8433
11262
6366
-169
-686
5434
12140
11285
4447
-1291
847
7924
12305
7885
1008
871
3197
-484
-4794
114
4102
-1344
-8944
-9063
-7891
-3811
3906
3119
-11807
-18567
-5387
8772
8256
-1277
-10128
-11093
2633
17866
14162
-4198
-11668
-1394
12628
16238
7034
-5930
-7887
3048
11877
8903
-614
-7526
-6819
698
5081
439
-6085
-8304
-6885
-3553
-2012
-6048
-11204
-10258
-4876
-2178
-4320
-6046
-5507
-2858
407
1664
-722
-1590
1696
5423
5188
2440
2102
4844
8039
8725
6167
2836
3775
7926
9075
5691
2022
2258
4879
7875
7242
-1083
-12064
-9210
5166
8901
-2974
-13496
-13554
-7915
1898
7571
-840
-15579
-14195
126
9329
7435
-56
-9210
-8617
6335
17877
10801
-4318
-8690
-737
10498
14264
6562
-5196
-6810
1516
8319
7408
262
-7740
-8209
-1136
2823
-571
-5498
-8496
-11183
-9997
-2886
1089
-5058
-11788
-10614
-4786
-209
1988
-536
-5670
-5586
1776
7372
6443
2028
-1404
-73
6754
12125
8739
1006
-796
4900
10979
10383
4718
-29
2186
7938
11029
8443
1157
-9155
-10264
3957
13155
1436
-14966
-15612
-8135
340
7377
3792
-14668
-22001
-5472
11837
9747
-1566
-11089
-13070
1030
19927
17613
-4171
-14156
-2736
13120
17493
9000
-5466
-9776
1652
12855
10045
-332
-7198
-7156
-618
4483
1117
-6255
-9171
-8235
-5636
-3900
-5702
-9292
-9501
-7003
-5442
-5557
-4424
-2686
-2312
-2253
-1637
-589
1838
4799
4790
2487
1223
3251
6848
8834
7028
3351
1329
3929
8385
9182
4919
1165
1902
6185
9219
7919
4935
966
-4944
-6020
3147
8909
552
-10979
-11273
-6570
-2127
4031
4390
-10128
-19734
-7486
8379
7902
-860
-8569
-12038
-1747
16130
16823
-2369
-12796
-2794
10818
14186
8414
-2903
-8661
-132
11206
9781
64
-6511
-6438
-1294
3092
564
-5782
-8725
-10197
-11171
-7166
-1362
-4611
-12249
-12949
-6737
-2724
-378
204
-3698
-7562
-2532
5909
8332
5255
1600
528
4119
11117
13294
7618
1089
1647
6188
8707
7665
5055
1918
1315
4838
7707
6637
3691
3732
2645
-4286
-9547
-993
8188
2258
-10697
-13426
-9138
-2669
5350
5194
-10411
-20931
-8334
9118
9905
232
-7980
-11364
-1825
16157
19038
606
-12750
-4594
11115
17118
10269
-3435
-10309
-1219
11401
10591
-73
-8264
-8504
-2738
2684
243
-9709
-16754
-13002
-5342
-3767
-6935
-10667
-11903
-8601
-2342
-915
-3746
-4345
-1386
-106
1143
4251
5977
4838
5300
7619
7650
6931
8566
9615
6951
3918
3564
5995
9306
9497
4095
-1158
1920
9102
10712
6936
1595
-7206
-11687
-1062
11414
4644
-12828
-17259
-9442
-2019
3823
4963
-8060
-21318
-12383
6864
11071
1902
-6992
-11694
-4909
13320
21038
5035
-11950
-7920
7613
16095
12343
-53
-9857
-5070
7953
11585
3148
-6412
-9545
-5986
198
532
-7621
-14095
-11242
-7103
-7803
-8138
-6650
-7795
-9050
-5902
-3180
-3576
-1942
2239
1430
-1843
408
6275
8084
7003
5571
3889
4119
8371
11293
8159
2715
1395
4925
9411
10471
5547
-679
212
7303
10955
7484
2746
980
-1334
-5262
-3515
3524
3299
-6211
-12267
-10150
-5898
23
4287
-2330
-15383
-14636
439
10038
5511
-3790
-10241
-6749
8109
18440
9033
-7584
-9487
3485
14368
13405
2340
-8565
-6888
5852
12049
4289
-6827
-10693
-6160
-486
-1396
-7100
-10957
-12776
-11923
-7917
-3896
-5625
-10143
-10982
-6711
-2756
-446
139
-1550
-2997
-106
5073
7430
6925
5264
4022
4909
9016
11378
8327
3559
3827
7562
9324
7874
5473
3988
3883
5585
6634
6070
4217
4691
4515
-808
-8348
-5872
3433
4828
-5282
-12664
-10848
-4925
918
3380
-3660
-14544
-12312
1428
8448
2644
-5005
-8449
-4143
7627
15060
6281
-7506
-7958
4440
13659
10069
-1393
-8607
-3853
6719
9855
838
-10544
-13201
-5680
2196
370
-9730
-16781
-14192
-6097
-256
-2075
-9327
-13372
-8173
584
3731
-353
-4328
-2973
2199
6998
7893
4484
1881
4712
9418
9954
6659
4384
5037
7332
8467
6621
3512
3490
6693
7649
4031
1065
3180
6336
6830
4258
-1811
-8588
-6684
3007
5935
-3825
-12963
-11499
-4930
606
2964
-1861
-11757
-12700
-1146
7935
4970
-2554
-6872
-4961
4839
14030
9996
-2939
-7485
263
9821
11526
4538
-5163
-7224
985
7466
2626
-6667
-9870
-7593
-3923
-2837
-6568
-11868
-11456
-7212
-5326
-6416
-6622
-6183
-5809
-3896
-1591
-1524
-1268
1974
4059
3135
2935
4990
6676
7621
7852
6164
4245
5688
8669
7842
4641
3955
5405
5983
6095
5423
3303
2254
4384
6303
5701
3300
-1978
-8140
-6145
3198
5303
-4357
-12527
-10855
-4758
1193
3984
-2063
-12737
-12332
301
8801
5203
-3288
-8491
-4904
7080
14996
7728
-5763
-7926
2008
10612
9880
2051
-5911
-6011
1795
6210
645
-7715
-9949
-6986
-3796
-3795
-7048
-11147
-11146
-6843
-3879
-5430
-7269
-6457
-3950
-1703
-991
-1401
-564
2519
4915
4469
2983
3977
6726
8749
7923
5192
3756
6541
9722
8304
3859
2208
4835
7594
7318
4098
1836
2415
5438
6568
5600
877
-6614
-9690
-1558
6279
1898
-9263
-13224
-8819
-1433
4254
2487
-8365
-15302
-7107
5715
8298
1500
-5990
-8038
102
12508
13855
1187
-8773
-3657
7897
11671
5726
-2284
-5335
-998
4471
2963
-4262
-9287
-8556
-5120
-4059
-7377
-11244
-11197
-7363
-4820
-5947
-7952
-7326
-4612
-1508
-383
-1822
-2609
413
4779
6233
4449
2416
3737
8013
10664
8024
3927
4317
8542
10377
7492
3571
2320
5038
8548
7902
2672
343
3854
7927
7164
1883
-5926
-9464
-2828
5663
2496
-9071
-13503
-8346
-1679
2115
1274
-7024
-13975
-8220
3794
6588
244
-5569
-5958
267
9928
12199
2559
-6428
-2822
7505
11089
5449
-2339
-4719
110
5759
3879
-4405
-10453
-9535
-4296
-1765
-5610
-12101
-14213
-10226
-4169
-2218
-5753
-9952
-8970
-3280
1554
1419
-1541
-2507
105
4890
8239
6918
3160
3160
7220
9673
8231
6215
5827
6759
7464
7100
5339
4244
4704
5991
5374
3781
3445
4968
6722
4726
-3653
-9772
-3165
6442
3616
-8184
-13312
-9231
-1767
3557
2303
-7999
-15432
-8667
4053
6592
-173
-6832
-8005
-1076
10254
13127
2682
-7199
-3713
7319
12177
7580
-984
-5270
-1158
5957
6483
-449
-7074
-9421
-8982
-6239
-2317
-3762
-11040
-15823
-12534
-5528
-870
-2079
-8433
-12506
-7426
2455
6128
1508
-4242
-3954
2746
10541
11774
5199
-819
1804
9830
13642
9639
3020
995
5337
10474
9610
3742
306
2826
7405
8520
5563
3076
2281
-1274
-5570
-2666
4039
3362
-5315
-11126
-9347
-2719
4002
4376
-6044
-15591
-9917
4238
8524
758
-8202
-9646
-1087
11166
13358
1780
-8629
-4294
8030
12959
6568
-3416
-6497
249
7877
6361
-2076
-8702
-9231
-5086
-1189
-2483
-8913
-14349
-13037
-6437
-1779
-3499
-9089
-11602
-7240
-423
2095
-392
-3654
-3605
979
6867
8188
4212
996
3618
8449
9569
6934
4460
4381
6053
7271
6291
4334
3575
4332
5059
4986
4604
4416
5319
6682
2501
-6764
-7817
2923
7997
-1286
-11012
-9854
-3954
1242
4418
14
-11517
-13543
-1599
7125
2722
-4943
-8453
-5746
3981
12595
7696
-4868
-7241
2910
10756
8291
1124
-3720
-2218
3649
6226
1697
-3542
-5195
-4097
-2691
-4695
-9185
-9454
-5734
-5845
-9418
-9975
-6130
-3575
-3768
-4905
-5915
-5016
454
4701
1761
-2696
-898
4556
8185
8494
5232
787
1628
8536
12048
7219
951
826
5122
8870
7841
3167
213
3569
8582
9310
6176
1065
-5435
-6154
3062
8552
534
-9899
-10223
-5038
812
5144
2136
-9972
-15445
-5271
6570
5631
-2708
-9946
-10322
530
13371
11214
-3545
-10813
-2427
9628
11662
3805
-4860
-5667
1684
7926
5702
-925
-5185
-5387
-3090
-1765
-3534
-6231
-7597
-8327
-8282
-7087
-5356
-4293
-4577
-5999
-6888
-5140
-651
2429
612
-2764
-2288
2134
6635
7637
4701
1044
1192
6071
10198
8571
3514
995
3147
7265
8808
5675
1888
2314
6643
9133
7574
5068
1537
-4303
-4749
3409
7160
-612
-9223
-9222
-4590
885
4627
754
-10711
-14174
-3501
6343
3489
-4815
-10171
-7962
2644
12002
7689
-5280
-9454
14
10190
9745
1296
-5829
-3908
4595
8586
3569
-2847
-5006
-3033
394
981
-3756
-10058
-10918
-6147
-2960
-4422
-6976
-8726
-8168
-4191
-779
-2286
-4753
-3469
-519
960
1654
1941
1642
2612
5425
6387
4309
3644
5872
7164
5881
3933
3355
4827
7017
6862
4114
3034
6057
8678
8012
5872
877
-5730
-4468
4818
7030
-2539
-10519
-8671
-3025
2162
4842
-1124
-12959
-13665
-1107
6934
2138
-6102
-10699
-7297
4777
13108
5348
-8003
-8436
2773
10343
8336
1093
-5052
-3396
4883
8538
3021
-3155
-4177
-1924
30
-973
-5160
-8354
-7550
-5180
-4954
-6220
-7060
-7561
-6333
-3439
-2938
-5062
-4688
-1276
759
334
-401
335
2528
5362
6411
4033
1568
3435
7682
8725
5807
2361
2121
5338
8933
8509
4445
1927
4580
8243
8144
5865
1781
-4659
-6507
1571
7387
1341
-7980
-8878
-5323
-1020
3617
2351
-9019
-15196
-6013
4934
3935
-3136
-8448
-8601
-58
10816
9053
-4163
-9877
-1223
8880
9696
3392
-3974
-4736
3107
9269
5075
-2774
-5331
-2761
669
1056
-2671
-7639
-9899
-7640
-3187
-1716
-4878
-9411
-10001
-5016
-354
-981
-4088
-5044
-3023
1044
3766
2540
-227
461
4273
6628
5477
3835
4056
5760
7336
6772
4367
3546
6301
8812
7544
4039
3381
5421
7629
7598
1869
-7685
-8360
2759
8721
-7
-10732
-10726
-4436
1878
5015
-276
-12541
-14617
-2087
7270
2935
-5325
-9539
-7069
3635
12934
7269
-6623
-9319
1517
10874
9656
1620
-5401
-4182
4498
9197
3903
-3510
-5592
-3119
330
772
-2911
-6557
-8240
-8726
-6623
-2642
-1867
-6191
-10510
-8875
-3398
526
521
-2979
-6714
-4430
2860
6846
3697
-704
-941
3161
8258
10099
6362
1344
1903
7142
9794
7118
3732
3082
5110
7350
7406
4490
2665
5135
5569
-2234
-8527
-2317
6148
3578
-5880
-10235
-8030
-1325
5760
4384
-8516
-16187
-6772
5856
6223
-1524
-8745
-9863
-289
11985
10813
-2684
-9956
-2724
8163
11132
5106
-4121
-6669
1170
8576
5822
-1398
-5159
-4737
-1555
1471
-247
-5192
-7524
-7340
-6673
-4552
-2253
-4320
-8434
-8447
-4589
-2229
-1432
-1316
-3223
-4785
-1333
3918
4886
2197
571
1498
4542
8084
8566
4674
1449
2849
6484
7820
6687
4238
2490
3888
7157
7585
4969
3905
4136
-89
-6005
-3020
5068
4578
-4331
-9713
-8450
-3151
3792
5103
-5059
-15454
-10648
2944
7752
1321
-7401
-11303
-4001
10442
13993
1047
-10167
-5634
6470
12087
7539
-2077
-7543
-1898
7620
8443
821
-5020
-5840
-2395
1574
1465
-3646
-7674
-7812
-6733
-5603
-2648
-1714
-6835
-10566
-7087
-1524
166
-208
-2686
-5720
-4024
3740
8052
3918
-1591
-804
4094
8674
9758
5301
-674
-75
6148
9995
7570
2723
-25
2141
7279
9686
5348
686
2376
3889
-1570
-5540
-292
4606
760
-6389
-8864
-6865
-307
6090
2184
-11201
-15028
-3459
7505
5929
-2793
-10540
-9162
4004
15160
8882
-6183
-9914
161
10427
11113
2945
-6495
-6595
3183
9955
5531
-2802
-6631
-4820
-46
2519
-577
-5861
-7790
-6530
-5309
-4098
-2449
-4005
-8335
-9095
-5070
-1039
222
-916
-4284
-5892
-1308
6157
7008
1434
-2121
282
5237
9334
8759
2882
-1651
1521
8682
11030
6173
188
-534
4456
9481
8219
2226
139
4008
4245
-2523
-5972
97
5460
1133
-7278
-10065
-6161
2079
7200
-106
-13860
-14189
92
9487
4398
-6090
-11804
-6826
7137
15080
5400
-9466
-9709
3068
12568
10311
95
-8520
-5649
5952
11214
3916
-5311
-7604
-3760
1887
3774
-1010
-7470
-8879
-5049
-2162
-3599
-5854
-6168
-6143
-5624
-4553
-3561
-2086
-382
-1166
-3207
-2091
2844
6163
4431
831
-76
2747
7517
9620
5552
-502
-338
6217
11042
8178
1215
-1950
1966
8389
9848
4240
-668
692
2015
-1556
-3402
427
2599
-1447
-6163
-7248
-5339
793
5913
-662
-13216
-12460
658
8244
3464
-5673
-11029
-5498
8622
14714
3037
-10372
-7698
5120
12646
8930
-2053
-9439
-3300
8747
10620
1100
-7214
-7500
-1707
4366
3691
-4162
-9764
-7532
-2322
-698
-3290
-6872
-8681
-7010
-2726
-1156
-3495
-4649
-2814
-1063
-107
1263
2336
2056
1770
2577
3137
3552
5108
5751
3722
2432
4067
5920
6005
4907
3218
1988
2949
5945
7117
4220
1954
2442
108
-4136
-1898
4195
3458
-3985
-7855
-5931
-2336
2243
3816
-4685
-14051
-8729
3839
6591
-142
-7026
-9274
-2555
9739
12045
-658
-10781
-5011
7083
11933
6605
-3965
-8749
-152
10592
8650
-1710
-7118
-5037
118
3848
1631
-5515
-9075
-5753
-1710
-1971
-4711
-6674
-6924
-5685
-3652
-2803
-2946
-2208
-1226
-1711
-1620
1116
3958
3667
1569
782
2072
4734
6800
5626
2176
1379
4309
6714
6123
4035
1697
1013
3988
7548
6289
1827
1329
3754
1138
-4317
-2382
3768
3302
-3018
-6761
-6776
-3536
3157
5209
-4938
-14709
-8326
4679
6857
-444
-7773
-9876
-1768
11015
11256
-2781
-11311
-3761
8302
12021
5207
-5611
-8606
1494
11106
7344
-3038
-7289
-4511
1071
4080
333
-6753
-8282
-4361
-2118
-3065
-4316
-5945
-7105
-5301
-2993
-3070
-3066
-955
-397
-2057
-1714
1661
3930
3634
2143
721
1153
4748
7568
5732
1744
938
3535
6531
7177
4819
689
-79
4384
8373
6502
2134
1291
1944
-666
-2947
1092
4459
617
-5271
-6656
-5383
-1086
4411
2339
-9354
-14470
-3989
7241
5227
-3867
-10201
-8664
2910
13285
7198
-7983
-11260
232
11294
11250
1703
-8145
-6812
5317
12240
5050
-5258
-7691
-3110
2792
4210
-1378
-7779
-7829
-3556
-936
-1900
-4934
-7418
-6575
-3580
-2258
-3155
-2874
-1225
-1025
-1863
-887
1767
3739
3444
1423
211
1914
5480
7308
4871
1139
953
4246
7216
7336
4165
-11
72
5032
8673
5888
939
412
1680
-959
-2437
1881
3912
-860
-5669
-6178
-4676
-254
4429
423
-11133
-12869
-840
7463
3150
-4896
-9738
-6937
5132
13126
4308
-9285
-8716
3220
11484
9517
174
-8233
-5018
7015
10836
1944
-6246
-6650
-2583
2322
3352
-2261
-7878
-6766
-2920
-2739
-4060
-3658
-4522
-6430
-5200
-2924
-2371
-808
1043
-1131
-4237
-1641
4374
5954
2642
-497
-934
2373
8208
9344
3051
-2179
667
6833
9310
6510
1224
-1725
1679
7984
8863
3057
-647
1467
2016
-1690
-2121
2289
3027
-1920
-6181
-6697
-4311
1604
4856
-2687
-13457
-10645
2226
7795
1806
-6756
-10500
-4005
9172
12704
398
-10526
-5865
6348
12446
7888
-3037
-9202
-1974
9414
9305
-853
-7526
-6413
-1131
3596
2315
-4923
-9077
-6332
-2246
-1344
-3299
-6088
-7010
-4809
-1911
-1864
-3342
-2456
-586
-758
-1098
546
2361
3102
3030
2187
1300
2798
6181
6960
3422
659
2309
5762
7356
6184
2533
108
2471
7217
7659
3386
391
-252
-2246
-2460
2587
4353
-1766
-7448
-6432
-3866
-957
2703
491
-9968
-13268
-2577
6572
3736
-3623
-8741
-7319
3644
13215
6940
-7246
-8934
2487
11006
9741
2147
-6295
-5733
5051
10943
3950
-5002
-6784
-2903
1743
2947
-1427
-6865
-7500
-4064
-2002
-3032
-5360
-6696
-5317
-2581
-2221
-4019
-3539
-694
597
-639
-1362
-22
2559
4480
3937
1069
99
3793
8086
7135
2295
-268
2418
7011
8891
5473
55
-820
4530
8982
7024
1957
-2042
-4678
-3197
3866
6437
-1249
-9397
-8125
-2864
711
2412
-523
-9685
-12853
-3248
5930
3784
-3284
-8239
-7393
2396
12376
8051
-5385
-8866
1017
10026
9994
3269
-4822
-5652
3554
10232
5327
-3273
-6419
-3699
1019
2858
-987
-6402
-7424
-4374
-2130
-2355
-4359
-6759
-6270
-2968
-1945
-3960
-3939
-1058
630
-670
-1775
-133
2701
4363
3705
1068
-80
3222
7510
7098
2321
-682
2143
7468
9033
4963
-57
-42
5148
8826
6437
1851
-285
-2001
-3115
687
5198
1700
-6034
-8097
-4814
-1742
1158
1516
-5790
-13312
-8044
3158
5340
-673
-6688
-8671
-2128
9678
11391
-625
-9286
-3029
7785
11116
6126
-2331
-6365
297
9100
7957
-441
-5767
-5059
-386
3282
893
-5397
-7866
-5314
-2667
-2814
-4908
-6791
-6211
-3363
-2260
-4570
-5383
-1910
932
15
-2036
-1655
1419
4786
4916
1726
-728
2033
7608
8772
4103
-383
763
6243
10177
7295
783
-1104
4207
9307
7842
2991
-829
-4092
-3906
2895
6758
93
-8361
-8550
-4199
-164
2576
155
-9072
-13339
-4712
4734
3516
-2884
-7659
-7608
960
11045
8647
-3200
-7742
10
8947
10121
4185
-3153
-4197
3173
8729
4999
-1370
-4077
-3508
-478
2046
-475
-5276
-6843
-5174
-3586
-3500
-4341
-5563
-5940
-4944
-4091
-4152
-2675
-778
-1215
-2957
-2278
954
4195
4393
1583
-832
1025
6228
8928
5645
671
-4
4523
9549
9159
3088
-1358
1715
8768
10238
4480
-430
-1787
-2304
-4
4338
2323
-5006
-7806
-4874
-2966
-1239
953
-2744
-11057
-10469
-1052
3504
152
-4558
-7967
-5249
5460
11322
3320
-6421
-4017
5429
10317
7494
633
-3836
339
7666
7250
871
-2578
-2525
-1030
859
-32
-3733
-5595
-4592
-3928
-4382
-4759
-5581
-6259
-4652
-2986
-4496
-5485
-2919
-655
-818
-1081
-1106
-348
2562
5037
3003
-410
1081
6227
8109
5547
2106
876
3696
8610
8952
3251
-708
2677
8422
9022
5179
-1004
-6475
-3996
5947
7877
-2662
-11265
-8196
-1630
1770
1751
-3679
-12298
-11054
-190
4444
-788
-5721
-7471
-5140
3874
10756
4639
-5941
-5129
4605
10383
8040
1294
-3989
-683
7834
8970
1347
-3630
-2456
367
1797
189
-4481
-6586
-4121
-2377
-4125
-6214
-6769
-5775
-3452
-2691
-5197
-6745
-3299
421
30
-1850
-2173
-995
2322
5521
4068
-255
-287
4869
8512
6909
2695
74
1980
7319
9507
5048
-89
926
6535
9435
6824
985
-4826
-5217
2746
8422
1734
-8845
-9861
-3483
1583
2488
-1350
-9179
-12140
-4211
3868
1647
-4754
-7732
-6539
460
8754
6985
-3176
-7022
404
8754
9381
3412
-2963
-2901
4590
9294
4709
-1749
-3132
-1218
1440
2109
-1541
-5825
-5793
-3012
-3280
-6174
-6031
-3666
-4017
-5691
-5969
-4687
-2018
5
-1340
-3780
-2940
1321
4140
3214
949
-87
1506
6096
8558
5112
582
981
5142
8141
6534
2581
1386
4453
7881
7645
4047
-1317
-5098
-1446
6403
5336
-4418
-9673
-6861
-1860
2895
3310
-4935
-13425
-9024
2119
4860
-539
-6560
-10177
-4835
8361
11939
132
-9231
-3913
6952
11533
7377
-1673
-6373
1042
10635
8276
-823
-4404
-2424
948
3099
641
-4971
-6912
-3706
-1940
-4629
-6305
-5065
-4527
-4762
-4588
-5191
-4647
-1426
797
-1164
-3691
-1779
2537
4131
2754
698
-146
2561
6731
6962
3245
1079
3104
6300
6975
4802
2222
2378
6279
9061
3919
-5451
-6153
3579
9063
2242
-8134
-10948
-5267
3691
6792
-1878
-13942
-12397
923
7559
1851
-6466
-10309
-5627
6262
11484
2089
-8515
-5470
5255
10429
7322
222
-4919
-930
7887
8499
760
-3891
-2457
599
2210
705
-3568
-5476
-2973
-1391
-3537
-5579
-5399
-4307
-3267
-3329
-4547
-4952
-2631
97
168
-1595
-1821
-129
2249
3097
1351
-408
1086
4071
4736
2743
1401
2494
4421
5408
4679
2519
2169
4739
7006
5348
-892
-5789
-1233
7210
6995
-2274
-9589
-7850
407
6859
4061
-7179
-13982
-6025
5748
6758
-743
-8094
-9447
-442
10800
9273
-3172
-9479
-2601
7166
10141
5188
-3526
-6483
1519
8581
5150
-1598
-4203
-3407
-30
2524
-182
-5153
-5393
-2288
-2264
-3944
-4024
-4740
-4950
-1748
-866
-4425
-5333
-1032
2175
1414
-841
-2082
-1315
2463
5381
2662
-1686
-729
3117
5175
4804
2383
-245
1091
5350
6895
3873
1271
2839
3611
-685
-3703
356
5025
3480
-2278
-6256
-5782
108
6615
4274
-6948
-11712
-3535
5807
6575
524
-7451
-8795
1711
12274
8063
-4440
-8058
-1027
6945
9295
3844
-5119
-5863
2779
7670
3255
-2579
-4711
-3524
-29
1654
-2113
-6055
-4647
-2025
-2396
-3304
-3627
-4032
-2527
-286
-1674
-4812
-3255
1550
3092
610
-1775
-1716
1075
4301
3940
-215
-2480
384
4196
4218
1589
-475
-201
2704
5507
4469
908
409
3743
3239
-3113
-5348
867
5518
2692
-3081
-6784
-5386
2582
8910
3058
-8975
-10293
91
8044
6660
-882
-8420
-6421
6353
13654
5162
-6694
-6833
2131
9205
8023
-168
-7093
-3568
5462
6776
-248
-5499
-5271
-1797
1211
-362
-5310
-6934
-3579
-1716
-4234
-5198
-2591
-1039
-1241
-2376
-3961
-2330
2609
4246
668
-2413
-551
3562
5127
3346
-38
-1854
1235
5595
4662
90
-2099
-191
3560
5168
3052
70
327
2356
457
-3781
-2580
1855
1811
-2028
-5209
-6071
-2186
4690
5484
-3150
-9489
-4008
5196
7572
3050
-4267
-6828
1668
11808
9528
-1082
-5825
-815
6761
9577
4309
-4592
-5941
2280
7093
2358
-3785
-5802
-4147
-368
854
-3374
-7512
-6267
-2857
-2091
-3400
-5346
-6206
-3137
1096
482
-3055
-3171
327
3495
4321
2443
-246
185
4230
6390
3476
-108
-415
1887
4512
4616
634
-2573
-700
3687
4959
2596
208
-1895
-4226
-2992
1620
2431
-1346
-4859
-5783
-4560
74
4885
2538
-5946
-8274
-1354
5679
6862
2037
-5295
-5573
4580
12776
7948
-2588
-5019
1251
7884
8865
2338
-5429
-3902
3997
6098
835
-4019
-4809
-2954
-571
-423
-4080
-6899
-5036
-3119
-4414
-5301
-4525
-3658
-2738
-2161
-2568
-2550
-103
3002
2932
609
354
2507
4861
5618
3713
683
519
3870
6519
4698
470
-1275
1103
4347
5215
3304
-969
-5973
-6089
548
5127
642
-7115
-9314
-5602
367
4467
1683
-6620
-9431
-2338
5017
5495
1792
-2810
-4270
2310
10969
9335
-51
-3828
695
6091
7985
4854
-1858
-4416
1094
5843
2973
-1838
-3747
-4096
-2346
572
-674
-5074
-6334
-4049
-2774
-3733
-4326
-3907
-3445
-2548
-1914
-2644
-1660
1536
2858
995
-791
-37
2997
5545
4830
1085
-1306
1387
5696
5817
1716
-1682
-845
3609
6286
4302
-278
-4774
-5737
-538
4817
2347
-4963
-8378
-5755
-1089
2661
2664
-2715
-7816
-4862
2433
5723
3682
-1153
-4569
-656
8162
10415
3343
-3454
-2101
3999
7797
5348
-1545
-5398
-721
5219
3872
-1472
-4578
-4187
-1102
1051
-1480
-5471
-6348
-4476
-2376
-980
-1136
-3379
-4997
-2563
991
1510
542
-369
-1091
520
3782
4362
1764
2
1039
2939
3902
3703
1301
-1074
229
3145
3300
1651
937
63
-3417
-5530
-1539
3209
1853
-3231
-7229
-7646
-2628
4696
5356
-3192
-10169
-5925
3973
9187
6321
-2095
-7023
-288
11115
12668
3816
-3950
-3237
3253
8792
6906
-1439
-6540
-2720
2670
2820
-599
-4517
-6424
-4133
-822
-1592
-4477
-4649
-3245
-3882
-4024
-1699
-165
-277
-77
-865
-1737
973
5222
5219
1597
-188
1302
3764
5783
5271
1098
-1741
1093
4930
4115
368
-1880
-1229
1642
3841
-399
-8904
-9840
-969
4370
-91
-7377
-10471
-7542
926
7133
2041
-8572
-9480
132
7966
8110
2681
-3790
-3281
6735
14199
9411
-227
-3055
1603
7797
9373
3434
-4658
-5219
1005
3996
851
-3619
-6468
-6324
-3125
-1246
-3350
-6548
-7387
-5620
-3077
-1785
-2403
-3398
-2178
738
1898
1388
1574
2413
3323
4235
4447
3997
3847
4437
4719
3877
3185
2958
2796
3184
3201
1497
590
1091
-1700
-6971
-7113
-2031
9
-3597
-8410
-10634
-7889
-461
3793
-1792
-9781
-8557
-165
6136
6525
1202
-4618
-1560
9247
13941
7537
-195
-794
3984
8982
8995
2456
-3763
-1860
3156
2999
-434
-2938
-4580
-4491
-2633
-2713
-5067
-5904
-4753
-4792
-5296
-3812
-1970
-1508
-1095
-804
-1163
-65
2667
4063
3115
2037
2084
2835
4503
5857
4485
1914
1866
3917
5167
4620
3153
2287
847
-2474
-4652
-2240
1135
412
-4329
-8571
-8827
-4061
2280
2532
-4819
-10495
-7509
365
5830
3985
-3201
-6889
-725
8626
10010
3576
-1751
-1167
3759
8310
6893
602
-3028
-503
2631
2484
330
-2189
-3981
-2939
-1083
-1833
-3637
-4587
-4489
-3430
-2088
-1590
-1509
-1344
-30
905
394
28
898
2343
3291
2536
731
182
1730
4102
4334
2099
157
330
2387
4441
4435
1508
-3711
-6622
-2471
3463
2956
-2424
-6428
-6972
-3379
2966
5285
-269
-6620
-5943
-362
4649
5854
1658
-4252
-3443
4396
9139
5196
-1704
-4266
-1113
4279
5659
332
-5508
-4681
8
1710
-466
-3657
-5848
-5312
-2662
-1357
-2437
-3650
-3676
-2427
-368
1291
1690
1416
1757
2698
3259
3624
3960
4015
4044
4008
3749
3477
3051
2441
2034
1818
1391
518
160
125
-2489
-6681
-6819
-2562
-227
-2470
-6613
-8958
-6980
-1020
2954
-144
-5823
-5657
251
5633
6913
3666
-465
613
6874
10459
7518
2196
-92
1654
5016
5785
1725
-3303
-3494
-488
126
-2075
-5071
-7570
-7936
-5885
-4087
-4498
-5997
-6205
-5119
-3036
-125
1750
959
-512
53
2722
5578
6453
4892
3283
4199
6885
8583
7460
4756
3123
3880
5627
5698
2732
-2471
-6461
-5187
-460
509
-3915
-8885
-10286
-7631
-2677
-50
-3159
-8425
-8859
-3939
1435
3533
1046
-2996
-2382
3858
8618
7133
2538
631
2607
5855
6728
3822
326
250
1772
1475
-45
-1640
-2906
-2413
-2010
-4532
-6190
-3587
-628
-1044
-3174
-4158
-2670
124
2123
1284
-1479
-2622
-244
3258
4674
3051
460
116
3126
6528
6319
3034
700
1611
2671
956
-1464
-1458
-1
946
-645
-4600
-6452
-2506
2987
2657
-3123
-6795
-4146
1970
5884
3164
-3434
-5062
723
5871
4751
-25
-3523
-3089
414
2780
852
-2958
-4110
-2758
-1525
-1049
-2001
-3771
-3609
-1864
-1246
-1471
-850
326
1131
1682
2515
3238
3421
3736
4045
3508
2991
3311
3590
3394
2712
1669
892
844
1175
1026
59
-1058
-2728
-5192
-5726
-3403
-1529
-2240
-4455
-6439
-6179
-2551
1669
2145
-879
-2816
-1061
3215
6825
6523
2597
190
2843
7157
7923
4541
236
-1278
1043
3399
1503
-3340
-6060
-4902
-3059
-3377
-5331
-7213
-7208
-5134
-3528
-3704
-3697
-2349
-756
-171
264
1357
2843
4381
5357
4705
3514
3773
5327
6521
5838
3927
2854
3459
4750
5222
2674
-2220
-5244
-3511
-115
-20
-4013
-8125
-8766
-5307
-817
92
-2968
-5571
-4491
-724
2817
3457
1145
-763
880
4538
6046
4097
1334
448
1556
2292
814
-1450
-2156
-1374
-1104
-2634
-4320
-3947
-2351
-1604
-2060
-3154
-3437
-1830
614
1478
694
454
1895
3583
4109
3646
3124
3235
4174
4609
3475
2204
2169
2682
2246
18
-3295
-4924
-3364
-872
-1582
-5120
-7360
-6113
-3057
-631
-666
-2511
-3179
-1309
1725
3916
4194
3222
2992
4240
5886
6342
4940
2656
1217
925
645
-234
-1550
-3063
-4235
-4855
-5081
-4842
-4486
-4684
-5206
-5337
-4431
-2478
-802
-507
-515
636
2586
4229
4998
4722
4006
4235
5456
6127
5532
4804
4841
5020
3731
668
-1754
-1488
-356
-964
-3628
-6694
-7691
-5779
-3375
-2891
-4330
-5734
-5133
-2635
-224
440
-457
-869
682
2988
4210
3840
2706
1870
2227
3369
3861
2450
438
-420
-124
227
-283
-1783
-2783
-2350
-1764
-1699
-1856
-1873
-1653
-620
392
627
675
1580
2485
2868
3022
2986
2896
3761
5056
4026
563
-1965
-1129
1093
1679
-835
-4598
-6381
-4316
-1216
-980
-3437
-5286
-4779
-2322
407
956
-793
-1659
208
2758
3604
2588
1058
427
1209
2255
1967
-169
-2135
-1925
-356
-30
-1265
-2992
-3428
-1963
-237
-348
-1561
-1868
-681
1115
2299
2516
2290
2495
3192
3931
4225
4276
4148
3776
2837
1451
489
632
1058
679
-1202
-3605
-4261
-2650
-1197
-1633
-3333
-4289
-3104
-655
788
291
-860
-773
693
1872
1850
934
-18
-185
-43
-385
-1411
-2571
-2611
-1820
-1855
-2520
-3128
-3264
-2049
-304
-228
-1546
-1719
55
2086
2833
2486
1883
2313
3980
5454
5268
3936
3272
3922
4235
2639
8
-1395
-761
499
158
-2548
-5249
-5088
-2704
-1001
-1591
-3535
-4255
-2605
-255
907
615
40
307
1432
2558
2776
1930
1188
1054
671
164
17
-51
-328
-912
-1743
-2295
-2185
-1536
-1271
-1997
-2722
-2365
-1214
-75
516
313
235
1278
2674
3263
3238
3169
3243
3595
3615
2478
725
188
1052
1352
-160
-2398
-3684
-3242
-1768
-1074
-2209
-3967
-3965
-2010
-343
-336
-930
-1086
-324
1270
2256
1587
548
663
1327
1504
1169
696
93
-134
-41
-204
-555
-662
-755
-967
-1146
-1253
-1192
-920
-447
-213
-221
-73
466
1037
1516
1651
1856
2374
2256
995
14
434
1582
2282
1721
-43
-1599
-1069
876
1820
725
-866
-1500
-947
225
936
257
-976
-1342
-997
-677
-777
-1294
-2000
-2400
-2313
-2158
-2450
-2678
-2231
-1481
-1042
-999
-937
-547
306
1310
1821
1575
1395
2020
2910
3059
2759
2720
2666
2665
3100
3242
1909
-5
-915
-601
-161
-151
-1031
-2625
-3269
-1945
-612
-665
-1101
-1570
-2041
-1563
-342
-50
-724
-1204
-837
-48
689
713
-262
-1005
-115
1232
1137
148
-364
17
1137
2222
2105
994
485
1198
2085
2126
1268
242
-154
-107
-609
-1508
-1690
-1205
-834
-1042
-1746
-2114
-1596
-1114
-1327
-1948
-2177
-1357
-238
278
222
33
568
2243
3537
3188
1813
851
1187
2254
2463
1146
-359
-825
-380
-82
-572
-1770
-2650
-2552
-1903
-1845
-2384
-2550
-1995
-1007
-78
226
8
-23
558
1666
2635
2734
2046
1418
1640
2601
3235
2869
1954
1251
1240
1487
1051
-111
-1119
-1397
-1120
-960
-1411
-2283
-2675
-2017
-917
-444
-729
-1184
-1365
-1082
-470
-134
-458
-971
-1118
-852
-521
-471
-733
-1078
-1224
-902
-349
-180
-409
-657
-500
291
1203
1294
668
421
1188
2355
2783
2178
1356
1314
2247
3045
2568
1312
796
1486
2181
1529
-84
-1296
-1439
-800
-298
-806
-2089
-2891
-2483
-1420
-822
-1041
-1738
-2086
-1434
-336
-20
-569
-1064
-767
102
648
197
-790
-1055
-127
699
471
-129
-199
62
516
904
889
548
573
834
757
493
625
960
889
444
23
9
418
863
817
204
-424
-519
-118
140
-15
-258
-350
-397
-169
396
785
750
664
631
628
911
1227
746
-369
-969
-809
-596
-731
-1262
-2445
-3367
-3066
-2146
-1857
-2065
-2300
-2366
-1895
-655
447
580
372
704
1397
1946
2393
2676
2711
2919
3296
3346
3068
2956
2831
2458
1992
1249
256
-558
-838
-944
-1272
-2019
-2761
-3016
-2660
-2179
-2052
-2130
-2019
-1675
-1300
-853
-599
-468
-293
44
534
1101
1195
789
479
687
1114
1226
1121
948
625
259
349
646
702
96
-815
-1443
-1444
-1219
-1256
-1718
-2150
-1893
-1069
-259
-92
-261
-75
748
1393
1566
1447
1533
1879
2363
2552
2511
2416
2324
2001
1490
1055
994
1144
697
-568
-1927
-2513
-2420
-2237
-2607
-3512
-4446
-4589
-3852
-2976
-2685
-2811
-2642
-1687
-96
1303
1854
1874
2365
3362
4297
4700
4507
3933
3711
3915
3835
3048
2172
1653
1056
137
-896
-1817
-2476
-2832
-3282
-4000
-4476
-4117
-3442
-3239
-3209
-2827
-2228
-1392
-338
309
552
964
1539
1753
1758
1922
2054
1879
1678
1439
936
426
148
3
-130
-203
-423
-761
-926
-668
-291
-141
-277
-432
-143
525
936
801
583
628
1190
1854
1885
1132
543
627
997
932
233
-634
-917
-403
38
-418
-1247
-1457
-981
-261
53
-306
-800
-787
-367
-108
-201
-507
-934
-1091
-577
-182
-636
-1257
-1310
-1012
-765
-845
-1130
-1078
-645
-334
-325
-325
20
581
1013
1258
1373
1408
1623
1944
2156
2290
2452
2468
2214
1573
866
659
941
985
412
-418
-1031
-990
-419
-184
-870
-1679
-1572
-735
-324
-793
-1491
-1747
-1344
-702
-721
-1472
-1971
-1581
-710
-315
-730
-1258
-1170
-671
-213
58
166
41
38
387
814
1163
1554
1725
1565
1491
1648
1725
1677
1735
1778
1615
1183
730
469
339
104
-290
-698
-855
-866
-1101
-1521
-1667
-1285
-835
-797
-1083
-1201
-1034
-581
-300
-474
-669
-246
300
228
-282
-451
2
699
1068
746
100
-111
345
763
689
212
-306
-624
-586
-399
-472
-747
-800
-587
-498
-508
-327
75
382
711
1072
1214
1242
1457
1668
1641
1511
1370
1220
1092
1119
1024
619
218
157
84
-263
-732
-1093
-1378
-1645
-1780
-1807
-1775
-1595
-1520
-1743
-1831
-1405
-789
-511
-654
-828
-649
-100
600
834
450
111
372
870
1173
1061
638
399
729
1204
1118
507
141
483
1114
1361
960
379
238
522
636
346
-78
-256
-92
261
321
-151
-570
-314
209
256
-219
-787
-934
-493
0
-101
-625
-806
-420
-33
-99
-555
-883
-773
-428
-386
-747
-1073
-828
-305
-189
-551
-758
-367
241
524
305
-103
-151
446
1105
1158
679
423
760
1297
1467
1084
478
222
482
719
499
-82
-587
-568
-10
445
225
-462
-951
-845
-257
245
75
-548
-706
-131
492
424
-167
-645
-500
98
341
-201
-848
-798
-302
26
-131
-554
-794
-438
213
295
-401
-888
-494
200
408
115
-227
-165
401
1005
1042
696
598
928
1331
1449
1068
441
104
209
348
263
-22
-458
-838
-1012
-999
-899
-828
-944
-1132
-1062
-574
2
281
220
12
6
552
1211
1187
573
202
440
884
1006
555
-166
-421
57
340
-295
-1207
-1488
-1032
-513
-590
-1252
-1678
-1243
-339
124
-82
-377
-227
453
1233
1510
1125
649
814
1504
1879
1553
997
733
760
694
399
3
-412
-695
-795
-957
-1238
-1426
-1493
-1528
-1488
-1346
-1193
-917
-556
-356
-323
-77
386
681
726
699
679
829
1230
1354
934
554
717
943
831
550
216
-130
-147
89
52
-281
-507
-605
-702
-507
-137
-135
-482
-736
-766
-506
-23
259
51
-318
-348
-92
262
612
591
113
-269
-213
72
344
278
-161
-430
-166
193
166
-103
-317
-437
-350
-93
-126
-387
-377
-167
-176
-239
-78
234
530
614
385
150
384
924
1093
763
456
485
721
812
542
160
18
23
-134
-382
-508
-586
-697
-667
-651
-807
-845
-673
-611
-631
-503
-340
-344
-384
-200
157
419
472
385
313
461
677
637
297
30
-8
66
1
-287
-615
-685
-550
-487
-561
-619
-575
-431
-195
-17
44
157
479
817
1003
1025
1053
1146
1268
1361
1372
1196
915
667
521
538
574
253
-450
-1023
-993
-652
-781
-1484
-2096
-2057
-1503
-954
-889
-1272
-1470
-1013
-268
107
94
66
164
290
432
655
909
1031
892
666
678
962
1085
800
364
168
207
302
286
49
-194
-186
-68
-66
-49
37
18
-86
-78
-23
-27
4
113
126
42
66
130
70
10
-32
-220
-403
-369
-276
-296
-374
-429
-427
-286
5
154
-53
-368
-476
-371
-239
-213
-410
-700
-732
-454
-190
-159
-224
-202
-132
-47
199
461
483
413
463
558
633
826
1007
846
553
608
833
777
525
302
121
116
265
183
-222
-438
-267
-100
-222
-458
-577
-506
-345
-292
-465
-594
-371
-71
-63
-207
-223
-116
44
63
-184
-550
-594
-225
119
-61
-598
-846
-478
105
247
-157
-570
-460
74
495
382
15
-2
488
969
968
708
634
856
1118
1058
652
347
386
522
437
100
-187
-253
-194
-203
-372
-614
-701
-583
-452
-519
-671
-652
-472
-288
-224
-332
-454
-268
91
171
-81
-309
-291
-27
341
416
-60
-536
-313
320
576
242
-310
-534
-150
413
485
64
-178
104
596
811
667
399
349
651
867
689
424
348
300
155
-59
-210
-229
-214
-394
-780
-932
-633
-329
-415
-675
-759
-590
-314
-129
-209
-433
-339
170
541
424
137
104
346
600
613
294
-88
-112
134
155
-168
-451
-451
-297
-197
-298
-558
-669
-430
-115
-78
-293
-405
-170
274
550
496
345
400
709
1035
1128
974
774
750
959
1188
1080
691
390
366
437
311
-87
-568
-870
-943
-997
-1241
-1569
-1706
-1620
-1519
-1502
-1494
-1411
-1158
-814
-603
-537
-315
182
636
781
800
982
1356
1733
1784
1481
1293
1436
1544
1303
824
427
252
173
44
-244
-679
-1015
-1094
-1017
-961
-1005
-1068
-1029
-861
-627
-366
-163
-64
8
169
364
488
578
649
686
705
708
635
521
496
539
461
202
-89
-235
-204
-155
-306
-597
-720
-593
-429
-450
-626
-779
-685
-351
-48
-16
-195
-257
-29
346
569
489
246
219
492
696
640
459
317
301
411
496
375
97
-90
-70
10
-6
-187
-478
-695
-648
-382
-260
-500
-834
-901
-645
-255
-67
-284
-582
-512
-112
229
247
51
-81
80
420
598
471
262
264
453
587
535
371
261
270
329
391
350
213
216
363
352
143
11
105
220
184
72
-40
-104
-14
70
-70
-253
-214
-140
-207
-302
-370
-454
-527
-504
-497
-579
-604
-488
-408
-406
-418
-419
-333
-155
-30
-3
5
64
220
469
652
599
427
412
555
645
601
441
183
-8
42
175
141
-76
-333
-454
-339
-137
-105
-305
-502
-467
-258
-31
60
-76
-248
-162
160
413
402
190
30
148
463
616
415
135
142
392
519
337
65
-52
-45
-22
-109
-335
-525
-496
-416
-475
-601
-642
-578
-450
-316
-287
-323
-274
-84
78
161
270
382
395
453
647
787
721
624
633
685
653
476
217
32
1
27
-100
-448
-754
-777
-598
-564
-738
-865
-842
-806
-725
-592
-504
-431
-225
-6
49
38
188
457
642
705
646
528
546
755
871
744
531
423
456
524
504
333
106
14
76
94
-40
-246
-375
-369
-320
-393
-599
-747
-673
-484
-395
-509
-682
-632
-302
47
137
-13
-132
21
305
474
425
281
207
231
298
402
405
213
-11
-80
-30
-18
-105
-288
-496
-607
-539
-433
-407
-390
-368
-352
-239
-19
182
287
335
368
479
680
848
887
851
813
773
763
773
708
538
331
117
-70
-156
-187
-286
-527
-815
-875
-705
-593
-716
-937
-1013
-816
-525
-387
-451
-538
-448
-162
128
258
233
178
278
486
619
590
484
412
426
461
459
345
168
89
115
69
-82
-212
-301
-373
-441
-496
-572
-621
-549
-393
-299
-276
-267
-229
-39
251
370
249
179
347
600
722
690
612
544
537
572
551
438
321
228
119
-28
-173
-248
-218
-200
-345
-616
-758
-617
-407
-390
-545
-660
-573
-290
-12
80
-8
-43
119
318
409
404
385
343
282
276
327
340
286
164
-2
-101
-45
68
35
-203
-420
-425
-264
-114
-179
-459
-620
-474
-225
-179
-355
-493
-388
-131
9
-29
-98
-51
119
277
330
361
438
522
561
566
610
705
780
774
661
514
470
532
527
348
53
-173
-206
-132
-170
-443
-804
-947
-787
-547
-513
-763
-986
-826
-401
-118
-182
-382
-373
-26
339
398
217
144
319
505
499
352
261
272
290
209
59
-48
-87
-83
-110
-217
-350
-395
-317
-178
-105
-163
-199
-93
77
188
221
198
172
163
219
289
252
114
60
151
194
99
11
60
180
240
151
40
65
199
265
142
-58
-109
30
159
56
-240
-421
-312
-75
-59
-333
-578
-546
-358
-222
-235
-353
-418
-320
-107
63
130
143
146
218
400
577
608
534
460
450
492
522
435
242
83
52
31
-86
-244
-365
-395
-380
-431
-550
-565
-437
-338
-377
-432
-387
-278
-205
-166
-126
-76
-3
13
-47
-43
127
273
183
-45
-84
113
317
337
167
-12
37
297
444
330
146
134
287
410
337
157
87
205
308
230
46
-71
-48
110
179
-7
-205
-139
86
137
-32
-210
-228
-87
73
44
-178
-289
-118
88
45
-144
-254
-223
-127
-86
-198
-389
-461
-374
-264
-218
-244
-301
-267
-125
18
90
113
118
151
225
323
398
424
418
403
380
387
399
325
189
82
22
-13
-63
-157
-256
-262
-190
-145
-200
-311
-377
-348
-242
-165
-194
-261
-254
-113
115
249
195
111
173
314
386
344
208
77
72
170
191
46
-145
-233
-213
-147
-140
-257
-388
-341
-137
21
30
-32
-28
110
308
376
300
206
233
321
373
330
241
168
172
199
85
-108
-179
-149
-182
-297
-441
-545
-529
-421
-389
-479
-516
-416
-334
-337
-308
-208
-109
-54
-21
-3
53
175
260
230
154
179
296
378
285
133
84
179
277
250
107
18
74
173
203
152
71
76
224
352
329
235
245
325
387
402
401
366
335
331
304
207
57
-47
-112
-198
-311
-443
-599
-701
-696
-639
-649
-754
-819
-713
-516
-386
-381
-390
-273
-15
221
296
269
343
535
669
695
651
591
552
518
430
274
137
62
-46
-255
-446
-518
-522
-517
-563
-685
-743
-578
-333
-228
-201
-142
-71
42
277
483
452
330
370
522
635
664
566
396
317
386
421
310
132
10
-42
-53
-37
-76
-199
-307
-316
-261
-229
-264
-326
-333
-284
-200
-150
-166
-143
-49
20
-24
-85
-2
196
260
141
35
67
223
358
331
115
-77
-16
199
261
54
-223
-307
-177
-26
-99
-386
-600
-548
-372
-304
-408
-576
-592
-403
-168
-61
-81
-101
-22
165
355
449
446
421
432
500
598
652
596
462
337
306
373
385
197
-48
-146
-112
-75
-110
-197
-290
-338
-308
-210
-149
-169
-228
-236
-161
-49
-13
-65
-78
-12
52
6
-68
-68
1
30
-1
-30
-13
44
91
58
12
101
253
282
131
2
104
352
437
269
52
-14
149
363
346
52
-205
-205
-58
17
-93
-321
-503
-512
-375
-261
-339
-509
-577
-487
-296
-114
-96
-216
-250
-102
121
245
205
97
88
212
335
346
307
287
266
240
198
161
140
88
-38
-189
-252
-168
-112
-200
-343
-390
-298
-142
-36
-60
-132
-99
59
221
297
289
274
319
420
502
533
487
390
323
323
321
277
169
-5
-169
-233
-221
-258
-405
-596
-702
-664
-563
-537
-606
-646
-567
-395
-210
-61
30
122
251
414
598
743
792
749
677
669
720
711
550
307
152
115
67
-106
-321
-453
-477
-506
-576
-656
-691
-651
-569
-524
-510
-441
-295
-116
3
56
110
234
384
462
411
348
347
358
321
243
131
12
-63
-90
-142
-273
-378
-366
-307
-305
-336
-336
-262
-102
96
200
176
199
367
531
575
540
504
501
538
591
552
392
256
226
221
123
-12
-146
-278
-365
-371
-361
-415
-482
-504
-503
-515
-481
-412
-387
-401
-404
-372
-265
-111
-25
-46
-88
-14
171
289
258
153
140
248
352
307
178
133
173
195
156
100
48
3
-14
11
15
-35
-88
-128
-152
-113
-62
-79
-160
-186
-133
-55
7
-1
-66
-67
75
224
228
120
84
171
273
295
222
141
136
187
184
109
50
51
53
9
-66
-120
-112
-71
-106
-248
-325
-218
-90
-119
-253
-332
-256
-57
68
-5
-143
-141
45
210
210
102
52
113
205
243
214
160
97
84
124
133
63
-41
-105
-120
-96
-86
-164
-288
-303
-207
-177
-242
-295
-240
-108
-14
-30
-100
-73
82
221
206
95
68
159
259
236
118
23
28
106
160
92
-55
-110
-16
105
136
58
-46
-45
65
196
197
28
-93
17
198
189
10
-135
-129
-28
-1
-121
-279
-330
-240
-183
-269
-380
-385
-269
-166
-168
-205
-126
43
194
251
277
364
515
621
631
625
644
651
580
464
346
270
174
15
-207
-386
-462
-467
-512
-624
-720
-722
-621
-496
-435
-426
-358
-185
4
150
276
364
425
522
652
694
644
556
477
404
339
238
72
-137
-290
-372
-471
-607
-736
-820
-842
-803
-764
-749
-716
-580
-378
-206
-102
-5
136
307
443
535
596
638
689
700
659
627
623
577
447
286
178
152
135
54
-89
-199
-186
-109
-96
-179
-261
-282
-240
-167
-156
-217
-288
-278
-191
-121
-124
-162
-164
-100
-27
-7
-8
18
57
86
110
164
232
257
228
206
229
282
278
175
74
58
95
57
-70
-197
-258
-263
-263
-316
-425
-487
-442
-356
-311
-293
-265
-190
-95
2
59
102
187
291
346
336
319
343
379
370
299
186
102
83
92
35
-84
-179
-211
-194
-157
-176
-241
-267
-209
-116
-52
-48
-45
-4
93
203
279
288
284
311
347
361
376
399
398
340
213
124
146
200
125
-80
-265
-276
-156
-95
-209
-376
-394
-268
-159
-179
-252
-263
-181
-117
-147
-192
-142
-47
-8
-42
-100
-99
-40
-6
-92
-209
-231
-170
-164
-231
-267
-225
-162
-139
-142
-143
-93
-7
45
28
10
51
148
221
204
148
143
216
290
296
239
190
185
211
221
200
155
119
94
77
78
77
40
0
-2
27
42
31
12
4
8
9
15
36
41
17
11
34
64
69
47
25
14
19
43
57
30
-17
-22
27
74
56
1
-50
-65
-44
-41
-90
-137
-145
-140
-133
-127
-128
-135
-139
-127
-118
-120
-108
-90
-115
-146
-112
-38
6
-16
-65
-81
-47
12
45
0
-72
-81
-53
-31
-16
-14
-41
-75
-70
-16
34
37
-3
-32
11
110
187
185
122
96
190
322
343
249
145
134
219
279
215
82
8
29
81
78
3
-102
-154
-126
-80
-89
-158
-204
-176
-99
-36
-15
-34
-57
-22
62
108
81
31
8
29
63
30
-67
-142
-158
-153
-193
-262
-324
-334
-309
-274
-281
-305
-287
-210
-113
-49
-4
61
155
244
309
332
358
416
472
468
419
363
309
275
263
215
95
-16
-75
-116
-160
-202
-265
-337
-375
-342
-289
-244
-219
-214
-196
-157
-36
105
107
0
-19
110
243
269
193
103
101
166
174
124
110
114
79
-28
-13
125
177
56
-87
-132
-77
-6
-40
-140
-183
-115
-42
-47
-93
-59
38
73
11
-67
-43
87
162
79
-57
-43
100
169
100
-33
-92
-60
-3
-26
-147
-216
-179
-108
-119
-166
-183
-150
-125
-149
-190
-192
-156
-105
-70
-90
-106
-28
133
221
205
167
176
235
311
329
261
166
166
223
227
169
94
20
-16
1
31
-9
-101
-125
-79
-53
-59
-70
-108
-112
-61
-38
-67
-96
-82
-37
-16
-38
-83
-86
-29
17
-10
-71
-120
-100
-44
-44
-98
-131
-114
-59
8
10
-12
29
103
152
175
179
170
171
208
236
221
189
163
133
125
138
114
51
-16
-86
-133
-148
-151
-163
-192
-237
-268
-229
-149
-107
-139
-165
-114
15
103
67
-7
40
180
225
154
59
46
121
171
104
-26
-79
-30
28
-12
-142
-269
-290
-225
-177
-216
-297
-320
-244
-114
-36
-33
-25
28
110
199
241
240
246
270
301
335
354
335
272
193
149
131
84
10
-71
-132
-180
-189
-176
-163
-173
-191
-201
-184
-148
-107
-73
-51
-18
35
122
202
232
204
179
179
203
212
201
144
41
-29
13
86
58
-83
-227
-224
-97
-16
-84
-192
-215
-158
-73
-5
-12
-84
-130
-82
15
49
-8
-79
-96
-54
1
30
5
-48
-78
-57
-2
15
-34
-108
-123
-64
10
22
-33
-78
-54
3
40
36
-5
-26
13
59
59
34
37
49
41
48
79
89
59
26
3
20
77
84
30
-16
20
79
84
52
26
1
-33
-44
-45
-42
-53
-88
-117
-71
-6
-28
-105
-132
-75
-18
-29
-84
-106
-45
43
66
16
-32
-1
79
106
63
5
-27
12
93
131
84
4
0
61
105
77
23
-5
23
64
75
39
3
5
10
-7
-24
-20
-10
-2
-32
-46
3
81
103
52
1
39
121
156
104
21
0
50
87
25
-73
-95
-26
13
-37
-110
-141
-113
-60
-40
-61
-101
-109
-55
7
17
4
7
22
44
68
72
63
54
54
49
38
24
14
5
-6
-10
-18
-26
-13
2
-9
-33
-51
-50
-48
-42
-39
-50
-65
-69
-60
-32
-9
-17
-29
-29
-28
-29
-43
-45
-48
-55
-39
-27
-28
-36
-28
-10
28
41
27
21
57
108
120
89
62
91
167
194
134
83
81
88
83
49
-9
-19
-23
-64
-127
-119
-56
-21
-68
-151
-137
-27
26
-41
-130
-149
-60
25
15
-57
-83
-31
41
49
33
14
2
33
75
81
68
64
46
35
31
32
34
12
-35
-62
-49
-32
-26
-37
-44
-37
-19
-22
-35
-25
8
9
-41
-94
-74
-23
-7
-43
-77
-44
33
82
64
32
49
104
108
69
39
36
32
11
-10
-15
-1
4
-28
-85
-93
-34
4
-33
-102
-106
-44
7
-3
-39
-35
49
118
105
51
20
60
115
138
111
97
109
138
167
174
132
86
75
56
16
-11
-26
-24
-10
-47
-105
-122
-106
-102
-130
-182
-173
-121
-89
-98
-105
-103
-61
-15
-22
-54
-65
-49
-7
29
8
-14
7
39
73
92
90
84
81
73
60
71
87
72
36
4
-4
0
-6
-36
-82
-115
-133
-133
-137
-138
-131
-149
-176
-137
-58
-26
-34
-52
-39
24
73
55
-6
-16
25
73
66
25
0
26
87
141
117
53
46
91
153
144
79
38
86
140
130
61
13
36
93
108
54
13
23
46
53
47
23
7
0
-7
-21
-18
-10
-21
-28
-13
18
50
59
35
9
13
46
46
9
-33
-48
-53
-53
-40
-48
-100
-157
-172
-142
-126
-176
-241
-260
-230
-159
-105
-97
-102
-74
-20
37
75
82
64
62
84
124
184
197
174
166
182
202
197
161
107
61
53
61
23
-50
-73
-63
-72
-116
-150
-155
-166
-182
-186
-176
-149
-100
-57
-21
7
50
99
106
95
83
101
132
132
98
53
41
68
98
67
-6