4
5
4
7
1
-3
-1
-12
-24
-20
-5
-6
-13
-20
-3
-2
-13
-15
-9
1
0
-3
8
10
0
1
5
9
6
10
16
15
13
21
20
21
22
16
13
12
9
-4
-8
-13
-10
-2
4
3
-2
-4
-3
7
-3
-13
-8
-8
-13
-13
-15
-15
-22
-25
-10
-1
-13
-14
-17
-13
-8
-10
-9
-5
5
5
10
9
-6
-9
-7
-7
-6
-1
2
-3
-1
8
1
-4
-7
-8
-6
-13
-22
-33
-14
-3
-4
-1
-1
9
8
2
-4
-12
-11
-2
-6
-12
8
27
24
11
9
21
18
6
-6
-3
1
11
14
15
26
9
-12
-3
-8
-19
-19
-19
-6
11
6
4
7
6
5
-8
-7
-5
-9
-10
-2
0
13
21
20
28
28
24
21
16
6
-1
-2
-1
8
21
2
0
24
22
0
-6
-3
6
8
-11
-9
8
11
1
-9
4
-1
-11
-2
9
6
-1
-7
-14
-2
-3
-12
3
8
2
0
6
5
-11
-4
4
1
1
-9
-24
-3
8
-13
-6
0
7
12
32
27
13
9
13
20
-2
-16
-15
-3
-7
-23
-20
-16
-14
-18
-16
-25
-15
12
-2
-24
0
3
-16
4
5
-19
-5
20
0
0
3
0
20
26
-8
-12
1
-7
-13
-11
-13
-16
3
1
-7
-8
-9
-22
-23
-3
0
-11
-21
-9
-3
3
-10
-12
4
2
-21
0
22
-28
-42
14
17
-3
-25
11
50
13
-17
-14
32
18
-16
10
43
3
12
16
17
28
10
14
7
-3
-16
26
15
-7
0
31
13
-5
8
-3
-7
-1
-4
-5
-1
-23
7
27
20
-22
-6
9
0
13
-3
-27
-41
30
-12
-60
-3
8
-14
-29
-2
-1
-4
0
-10
-2
15
35
-6
-10
34
19
-7
19
35
1
16
33
13
-4
-1
-5
-7
21
14
-7
-11
25
34
3
-8
-29
-33
-22
-23
-47
-43
-5
13
13
22
32
17
13
18
-6
-27
-18
-7
-11
-9
-3
36
45
29
12
5
48
33
-29
-38
6
4
-33
-35
-11
-4
-28
-37
-14
16
-1
-38
-37
-15
5
-26
-23
9
-20
-17
14
14
-3
-11
18
29
-8
-1
17
25
20
-24
-27
-4
-1
-26
-47
-16
-8
18
8
-2
31
30
-26
-47
-54
-46
-32
-61
-59
-38
23
61
37
28
90
102
63
38
12
14
41
19
-12
10
51
51
49
32
27
22
14
1
-32
2
-5
10
-9
-4
-5
-18
-17
-79
-74
-79
-93
-88
-50
-24
-49
-12
26
19
31
-5
-62
-52
-33
-63
-83
-33
8
45
69
112
147
160
144
105
58
40
61
-12
-64
-59
0
10
-38
2
41
1
-43
-25
-40
-66
-77
-71
-86
-53
12
-28
-40
14
77
86
32
14
84
94
40
25
6
34
65
21
-21
-36
-20
-45
-94
-66
-50
-34
-57
-28
2
34
34
2
37
51
15
17
54
46
-8
22
63
32
29
17
25
89
111
33
18
86
53
-38
-54
-43
-64
-62
-72
-89
-52
-23
-37
-108
-114
-106
-115
-115
-124
-133
-114
-31
-5
-9
31
116
132
80
62
86
95
26
-3
9
14
15
11
-17
9
54
31
-3
34
65
28
-11
-32
-37
-27
-15
-14
-76
-43
53
28
-26
11
69
43
87
74
-5
21
73
13
-90
-96
-84
-78
-76
-52
-34
31
81
42
-4
-4
-3
-79
-153
-94
-39
-84
-34
54
87
96
144
92
20
11
21
-51
-133
-125
-106
-71
-44
1
3
66
135
126
105
111
95
42
-3
-35
-67
-56
13
20
53
98
173
233
265
267
275
281
202
107
-20
-52
-23
-28
-95
-104
10
69
98
81
40
19
-31
-130
-233
-184
-83
-26
6
-9
51
47
-14
-102
-182
-245
-253
-211
-199
-181
-100
72
98
101
153
196
117
64
139
149
121
115
62
57
116
69
-76
-29
157
201
181
225
359
255
47
-183
-358
-405
-398
-433
-499
-342
-263
-275
-233
-223
-271
-282
-250
-253
-192
-164
-102
-45
6
67
64
96
1
-102
-130
-30
-102
-172
-74
0
78
68
24
-99
-28
3
-129
-306
-352
-144
1
7
0
175
312
405
366
250
130
100
122
63
107
167
288
336
435
433
339
348
340
405
426
456
549
582
511
309
267
309
139
-20
-17
43
46
-37
42
61
-19
-87
-152
-324
-497
-530
-565
-543
-397
-188
-87
-66
-89
-205
-321
-391
-533
-666
-683
-464
-283
-205
36
351
459
397
307
226
138
49
-128
-291
-102
177
283
332
419
395
320
259
239
179
161
200
147
163
63
39
96
99
-92
-256
-248
-300
-498
-663
-518
-249
-176
-267
-177
20
44
-95
-161
-160
-15
33
-29
91
302
355
425
459
366
130
-98
-506
-970
-1323
-1759
-2333
-4270
-6762
-6331
-4437
-4427
-4483
-3149
604
5602
7727
7404
9023
11613
9535
4536
2658
1747
-328
-1391
-1137
1575
5951
7554
8055
9755
9726
5648
-188
-5671
-11631
-17159
-20248
-21213
-19292
-14485
-8242
-1202
4912
9389
12540
12864
10507
6653
2091
-1605
-4883
-7681
-6936
-3001
86
2489
5586
7501
7046
4015
-1444
-6460
-9577
-12967
-15475
-13412
-8631
-2785
5022
13109
19897
25776
28581
26380
20279
12830
5844
-1063
-8945
-15958
-18207
-15452
-12139
-10206
-7239
-2256
668
-317
-2688
-5972
-11370
-15679
-16983
-16888
-15059
-10187
-2582
6781
16183
22969
27486
30379
29773
25333
18645
10241
1242
-6087
-11008
-14205
-15837
-15147
-11589
-7381
-4694
-3512
-3094
-4314
-6782
-9847
-13893
-16791
-16525
-14684
-11378
-5873
-1187
3724
10683
15314
15458
14833
13200
9778
7104
3947
2
-59
2614
5228
9043
13147
15800
19718
22571
18758
11011
4217
-2308
-9172
-16957
-25434
-29120
-26264
-22442
-19511
-15042
-8428
-1567
2976
4867
4399
1430
-1961
-3211
-3857
-5181
-3830
1508
8126
15670
22322
25864
27895
28457
24782
17405
8076
-2560
-12018
-18223
-22601
-25563
-25076
-20819
-14881
-9214
-4902
-1472
-7
-1568
-3561
-5208
-8273
-11375
-12446
-10871
-5837
-248
3358
8171
15597
20628
21093
19942
18406
16373
13456
9228
6150
6028
7448
9655
11076
9685
7731
6811
3601
-3191
-11300
-19162
-24515
-26441
-27916
-28226
-24513
-18015
-10755
-3374
1915
4471
6046
7213
7165
5774
3729
3387
5754
9106
12492
16216
19345
21711
22991
21046
15708
8702
703
-7198
-13917
-20041
-24845
-26112
-24052
-20359
-15918
-11047
-7750
-5627
-2295
-413
-2438
-5384
-7328
-7003
-4202
-2740
-2112
3047
10939
16092
19519
23297
24457
24294
23774
20327
16071
13413
10452
9243
8057
2806
-1927
-2559
-4569
-10478
-17250
-23060
-26341
-26948
-28557
-29430
-25722
-19783
-13221
-5244
813
4484
8077
11410
13544
13712
12038
11734
14230
16142
17356
19350
20397
19973
19450
16119
9476
1939
-6005
-13319
-18848
-23992
-27998
-28141
-25314
-21375
-17685
-14822
-10916
-6346
-4149
-3887
-4249
-4548
-2744
-26
838
2899
8537
13965
18203
22567
24425
24821
25711
24145
20251
17078
14137
12947
13297
9106
1597
-1093
-1136
-5670
-14509
-23470
-28350
-28649
-29530
-32184
-31121
-24183
-16042
-8790
-1760
3925
7285
9472
12381
13958
11473
9037
11230
14501
16173
18751
21622
22724
23461
22520
16991
8523
-347
-9337
-17148
-23519
-29203
-32506
-30973
-26338
-22809
-19722
-14296
-8800
-5935
-4100
-2802
-2577
-1881
215
2161
4955
9312
13961
19012
23920
25743
26148
26374
24734
21692
18237
14614
12671
12833
9736
1994
-3118
-3788
-6660
-14658
-24724
-30445
-30169
-29697
-32002
-31990
-24876
-14395
-7251
-1134
5736
9754
10289
12163
14190
11803
7847
9443
13489
15586
17940
21432
23559
24053
22997
18463
9467
-567
-9343
-17103
-23669
-28843
-32202
-32001
-29025
-25076
-21156
-15899
-10172
-7437
-5456
-832
2113
1309
2527
7371
11460
13216
15660
19288
22891
24954
24621
23780
23443
21079
18360
16619
13907
11476
7744
-82
-6758
-9540
-13843
-21819
-29154
-32504
-31271
-28248
-27710
-26065
-16820
-6256
-1123
3747
9348
11528
11128
11691
12457
10813
7924
9054
13226
15478
16445
18876
20366
19192
17004
11865
2984
-5458
-13051
-20275
-25324
-28628
-31868
-31897
-26279
-20388
-17207
-12734
-6616
-1830
2311
5284
5914
6383
9112
11627
12202
12356
12952
14936
18179
18485
16811
17119
18096
17502
16127
14305
12985
12826
8326
-1569
-7848
-9723
-15292
-24037
-30843
-32527
-29014
-25013
-23674
-19347
-8739
809
5057
9130
12471
11512
8958
8404
8162
4936
1823
5118
10751
13196
15482
19338
20665
18918
16272
10011
-555
-9971
-16738
-23159
-28407
-31591
-32524
-29267
-22452
-16454
-12461
-6602
961
5960
8312
9832
10602
10961
11495
11581
10913
10423
11088
13173
15347
15654
15509
17037
18190
17502
15936
14501
13307
7678
-2600
-9160
-12008
-18663
-27246
-32003
-32174
-29435
-25085
-21013
-15213
-5457
2668
6845
11619
13198
9630
7234
7202
5591
2193
1177
5376
10758
13963
17784
21893
22243
19477
16500
9007
-3327
-12850
-19904
-26581
-30029
-31821
-32283
-27600
-19563
-12845
-7010
-989
4753
9892
12792
11898
10434
10345
9792
9033
8606
8203
10086
13887
16537
17929
18765
18652
18574
17657
14107
10064
4147
-5455
-12178
-13804
-17768
-25082
-29531
-27817
-22386
-17841
-16263
-13154
-4556
3137
5287
7003
8265
6552
4702
5207
5841
4040
2411
6556
13003
15877
16847
18926
19109
16238
12382
5201
-5941
-15584
-22272
-27529
-30952
-32507
-31594
-26458
-17960
-9962
-4788
293
6649
11614
12989
11709
10380
9270
9057
9807
9857
9820
12514
16849
20484
21371
20279
19503
18705
15593
10388
5013
-2237
-11848
-17984
-19357
-21828
-26931
-29884
-26533
-19659
-15179
-13274
-9362
-1823
4643
6849
7913
8686
7229
5285
6004
7385
5824
4536
8844
14978
17254
17643
18727
18100
14307
8965
1596
-9249
-19454
-24918
-28313
-31547
-32512
-30152
-24131
-14948
-7202
-2771
2260
8615
11993
11896
10777
8826
7526
8525
9504
9938
11668
14901
19448
23062
22830
20826
19386
17041
12054
5783
-216
-7370
-15246
-20304
-21218
-21972
-25297
-26964
-22605
-16520
-13087
-11213
-7727
-1523
3885
5720
6928
8304
7588
6474
7931
9293
7786
7167
10721
15030
16338
15751
15773
14608
10576
5644
-1312
-11785
-20313
-24243
-27679
-31267
-32109
-28630
-21102
-12878
-7345
-2245
4629
9518
11072
11623
10425
8242
8086
8851
9315
10755
12842
16498
21470
23865
22944
21947
20273
16407
10749
4163
-2617
-10077
-17971
-22419
-22420
-23597
-27044
-26701
-21292
-15972
-12774
-10393
-6204
172
4355
5643
7541
8414
6779
6502
8490
8944
7284
7549
11321
14799
15249
14732
14926
13273
8890
3588
-3915
-13073
-19747
-23577
-27092
-29438
-28334
-23423
-16624
-9992
-4258
1356
6278
9294
10484
9773
7654
6233
6195
7020
8337
10174
13549
18429
22186
23387
23038
21679
18444
13627
7221
538
-5510
-12715
-19494
-21704
-21164
-22098
-23845
-22823
-18397
-13962
-11874
-10570
-6713
-1236
1976
4125
6815
8100
8290
9481
11266
11433
9831
9686
11895
13049
12041
11028
10640
8538
4729
0
-6811
-13489
-17819
-21581
-24993
-26165
-24504
-20024
-14444
-9166
-3873
1906
6679
9127
10247
10259
8835
7894
7964
8387
9254
10564
13286
17118
19331
19729
19480
17993
14825
10398
5110
-459
-6222
-12610
-17835
-19477
-19627
-21313
-22899
-21407
-17364
-13607
-11649
-9465
-4568
696
3779
6672
9371
10080
9988
11050
11952
10665
8388
8421
10130
10465
9412
9061
8228
5154
1862
-1891
-7976
-14312
-18963
-22016
-23051
-22964
-22237
-18625
-11543
-4964
-815
3211
7332
10102
11155
10389
8857
7989
8102
9174
10433
11283
13350
16704
18941
18827
17136
14593
11399
7213
2064
-3795
-10245
-15806
-18369
-18405
-19316
-21615
-21473
-17772
-13707
-11726
-10626
-7193
-2208
986
3350
6305
8064
8416
9803
12131
12590
11176
10867
11997
12381
11241
10002
8687
5558
1408
-2324
-6999
-12982
-17934
-20710
-22007
-22190
-21184
-18422
-13351
-7510
-2910
980
4772
7659
9154
9558
9262
8817
9165
10408
11901
13399
14990
17020
19021
19321
17766
15267
11794
7498
2849
-2753
-9681
-15572
-18198
-19164
-20941
-22904
-22752
-19665
-15982
-13699
-11658
-7759
-2979
660
3711
6836
8785
9498
10746
12700
13248
11989
11536
12503
12614
11243
9667
7883
5140
1828
-1960
-7122
-12693
-16626
-19003
-20914
-22090
-21379
-18243
-13793
-9371
-5185
-1007
2942
6330
8745
9999
10235
10575
11795
13200
13922
14424
15559
17026
17590
16758
15097
13019
10290
6665
2743
-1464
-7034
-12548
-15589
-16962
-19274
-22178
-22929
-20808
-18115
-16295
-14098
-9958
-4858
-748
3017
6773
9248
10466
11870
13647
14130
12790
12067
12774
12760
11005
8988
7607
5498
2132
-1573
-6244
-11328
-15004
-17484
-19728
-21418
-21525
-19056
-15010
-11090
-7637
-3479
1322
5146
7803
9977
11119
11828
13211
14605
15232
15346
15919
17156
17506
16182
14354
12599
10100
6486
2747
-1268
-6657
-11920
-15165
-16999
-19317
-22222
-23308
-21399
-18819
-17046
-14863
-10753
-5548
-1088
2798
6704
9557
10921
12333
14315
14875
13360
12526
13254
13255
11656
9645
7967
5824
2641
-938
-5602
-10993
-15170
-17710
-19791
-21634
-22130
-20038
-16137
-12028
-8631
-4959
-260
3967
6825
9076
10881
12448
14123
15733
16956
17411
17643
18526
19047
17633
14722
12195
9700
5934
1566
-3270
-8776
-13343
-16045
-18131
-20685
-23179
-23475
-21133
-18464
-16805
-14573
-10088
-4796
-466
3515
7154
9733
11492
13403
15212
15362
14012
13611
14261
13918
12295
10328
8068
5433
2528
-1282
-6524
-11915
-15877
-18299
-20209
-22234
-22972
-20583
-16380
-12742
-9485
-5511
-1086
2997
6323
8784
10441
12099
14471
16624
17658
18103
18978
20002
20107
18886
16390
13314
10356
6953
2381
-3567
-9721
-14207
-17006
-19628
-22746
-25269
-24984
-22184
-19282
-17248
-14313
-9261
-3936
305
4374
7818
9814
11389
13599
15361
15192
14210
14442
15253
15015
13526
11459
9163
6425
2914
-1686
-7237
-12523
-16429
-19279
-21470
-22643
-22392
-20357
-16563
-12358
-8941
-5551
-1334
2484
5183
7490
9360
11002
13257
15504
16879
17831
18939
19892
20038
18960
16816
14049
10742
7001
3017
-2285
-8653
-13514
-16324
-19013
-22281
-24865
-25040
-22821
-19989
-17588
-14464
-9662
-4343
424
4709
7943
10009
11541
13223
14623
14552
13670
13895
14730
14576
13735
12809
10752
7589
4416
160
-5600
-11455
-16354
-19799
-22080
-23584
-23505
-21299
-17572
-13215
-8781
-4772
-1303
2329
5521
7262
8484
9858
11631
13784
15404
16578
18159
19601
20104
19569
18051
15415
12106
8354
3999
-1192
-7265
-12721
-15910
-18334
-21484
-24041
-24324
-22623
-20221
-17691
-14679
-10472
-5498
-834
3504
7071
9162
10746
12589
13904
13984
13257
13191
13911
14011
13304
12399
10949
8475
5516
1925
-3363
-9153
-13770
-17537
-20639
-22675
-23061
-21267
-18323
-14738
-10244
-5876
-2343
1100
4620
6880
7867
9108
10861
12514
13894
15014
16510
17959
18358
18091
17149
14874
11880
8797
5150
928
-3707
-8742
-12788
-15083
-17165
-19822
-21813
-21856
-20109
-17799
-15834
-13163
-8705
-3747
524
4603
7943
9966
11493
13003
13776
13213
12085
11899
12206
11662
10725
10113
8860
6448
3631
-38
-4916
-9790
-14168
-18063
-20948
-22401
-21982
-19852
-16799
-12635
-7549
-2958
704
4136
7068
8521
9201
9884
10687
11789
12847
13916
15535
16795
17408
17535
16364
13703
10593
6955
2538
-2284
-7433
-12360
-15434
-16926
-18451
-19901
-20053
-18467
-15726
-13301
-11410
-8339
-4122
-483
2623
5710
8018
9507
10842
12237
12900
12361
11657
11907
12038
10995
9587
8276
6130
3177
178
-3631
-8371
-12645
-15986
-18543
-20154
-20767
-19851
-17256
-13503
-9421
-5591
-1845
1978
5368
7741
8858
9656
10743
11853
12686
13324
13974
14867
15618
15750
14750
12770
10314
7565
4086
168
-3662
-7798
-11939
-14588
-15596
-16457
-17788
-18229
-16513
-13737
-11527
-9670
-6608
-2310
1397
4266
7240
9623
10701
11344
12264
12477
11158
9760
9534
9351
8216
6849
5875
4304
1596
-1312
-4652
-8831
-12933
-16420
-18949
-20108
-20269
-19229
-16479
-12306
-7834
-3565
777
4600
7540
9873
11052
11204
11309
11665
12061
12170
12213
12900
13711
13668
12847
11485
9255
6259
2971
-526
-4294
-8584
-12754
-15228
-15876
-16576
-17762
-17674
-15501
-12612
-10156
-7919
-4691
-611
2726
5442
8265
10122
10618
11111
11988
11917
10477
9246
9108
8897
7777
6574
5697
4042
1405
-1300
-4638
-8938
-12946
-16102
-18542
-19857
-20008
-18730
-15992
-12241
-7840
-3080
1253
4733
7872
10629
11788
11809
11820
11942
11900
11626
11400
11774
12066
11818
11253
10086
7872
5142
2384
-791
-4115
-7536
-11371
-14250
-15119
-15365
-16002
-16358
-15298
-12598
-9567
-7214
-4739
-1129
2833
5836
8469
10506
11333
11395
11540
11380
10102
8062
7045
6879
6148
4981
4196
3231
1439
-770
-3427
-7226
-11214
-14369
-16815
-18676
-19475
-18747
-16356
-12787
-8422
-3861
631
4809
8281
10875
12289
12543
12242
11822
11266
10460
9820
9753
9845
9866
9647
8812
7447
5536
3125
254
-2847
-5523
-8474
-11845
-13840
-13943
-13783
-14324
-14338
-12271
-9309
-6910
-4815
-1947
1839
5069
7330
9653
11102
10993
10467
10373
9614
7372
5239
4621
4209
3206
2419
2128
1424
-217
-2141
-4319
-7527
-11139
-13983
-15998
-17366
-17736
-16669
-14158
-10380
-5734
-1125
3157
7134
10248
12333
13282
12848
11632
10602
9630
8466
7466
7107
7309
7616
7358
6639
5634
3951
1530
-1067
-3596
-6020
-8802
-11485
-12710
-12312
-11895
-11977
-11302
-9088
-6304
-3889
-1953
420
3595
6164
7797
9320
10076
9576
8839
8319
7128
5057
3326
2621
2147
1385
855
722
143
-1011
-2325
-4373
-7454
-10445
-12652
-14417
-15739
-15818
-14379
-11677
-7829
-3353
974
4925
8580
11504
12971
12946
11969
10604
9153
7556
5891
4888
4722
4905
5153
5237
4882
4123
2940
1129
-1184
-3476
-5412
-7552
-9872
-11162
-10754
-9924
-9780
-9363
-7235
-4254
-1955
-264
1984
4749
6693
7655
8649
8901
7721
6275
5462
4264
2241
740
530
478
195
222
612
473
-549
-1873
-3624
-6253
-9078
-11467
-13014
-13604
-13320
-11891
-9132
-5328
-1150
2636
6065
8955
10837
11649
11345
10053
8284
6655
5387
4097
3168
3115
3525
3906
4027
3730
3187
2137
556
-1304
-3136
-4465
-5865
-7746
-8799
-8167
-7033
-6703
-6663
-5196
-2725
-763
406
1717
3735
5374
6021
6663
6829
5615
3940
3052
2370
848
-738
-1001
-569
-296
-96
391
603
48
-974
-2453
-4715
-7148
-8925
-10140
-10935
-10775
-9295
-6815
-3860
-711
2527
5488
7762
9127
9613
9293
8066
6509
5141
3806
2512
1805
1808
2138
2408
2627
2755
2652
1975
787
-403
-1547
-2532
-3425
-4844
-6085
-5862
-4767
-4458
-4832
-4259
-2357
-598
207
846
2370
3950
4409
4608
4755
3818
2231
1286
843
-208
-1680
-1988
-1091
-414
-155
477
1219
1103
421
-372
-2067
-4440
-6354
-7499
-8176
-8638
-8318
-6577
-4072
-1582
848
3377
5599
7043
7840
7957
7049
5653
4322
3223
1958
747
344
666
1074
1586
2176
2552
2600
2455
2121
1330
495
-324
-1922
-3732
-4387
-4134
-4362
-5321
-5381
-3760
-2060
-1303
-680
856
2663
3262
3238
3324
2630
1012
-228
-650
-1346
-2541
-2539
-1168
39
836
1972
3145
3374
2764
1818
-48
-2553
-4700
-6261
-7504
-8225
-7987
-6562
-4468
-2123
223
2497
4453
5676
6172
5989
4985
3632
2408
1422
584
47
190
947
1895
2843
3603
4074
4150
3812
3181
2139
1051
290
-853
-2526
-3450
-3141
-2894
-3668
-4311
-3546
-2276
-1949
-2076
-1310
-10
407
390
910
986
21
-733
-549
-500
-1186
-1299
-207
929
1536
2368
3431
3733
3199
2550
1435
-727
-3173
-4632
-5441
-6459
-7196
-6730
-5080
-3019
-1331
115
1784
3368
4139
4096
3568
2545
1512
1089
668
37
68
1002
2295
3358
4070
4717
5252
5176
4619
3823
2841
1898
642
-1225
-2581
-2718
-2903
-4120
-5189
-4840
-3879
-3511
-3540
-2829
-1361
-595
-327
407
629
-219
-719
-322
-178
-801
-840
360
1636
2368
3227
4372
4801
4237
3452
2164
6
-2272
-4090
-5577
-6631
-7052
-6639
-5513
-3915
-2216
-610
770
1765
2344
2493
2033
1278
723
508
477
589
1153
2223
3402
4539
5417
5816
5796
5520
5035
4106
3019
2245
993
-913
-2104
-2280
-2792
-4437
-5879
-5764
-5069
-5035
-5261
-4462
-2741
-1609
-952
124
791
497
276
792
1020
308
140
1300
2469
2977
3717
4914
5419
4930
4260
3092
736
-1916
-3767
-5233
-6841
-8022
-8046
-6907
-5221
-3739
-2422
-780
858
1781
2086
1922
1290
908
1048
1144
1173
1741
2878
4340
5645
6365
6764
7058
6902
6246
5225
3979
2532
481
-1730
-3031
-3794
-5272
-7185
-7904
-7278
-6626
-6415
-5918
-4254
-2169
-1017
-113
1055
1404
1020
1098
1478
1135
489
966
2323
3226
3786
4834
5938
6046
5395
4471
2371
-549
-2858
-4734
-6778
-8497
-9238
-8603
-7121
-5512
-3902
-2149
-368
1040
1902
2109
1652
1306
1379
1506
1697
2154
3031
4445
5834
6804
7372
7617
7436
6847
5813
4454
3149
1588
-734
-2852
-3866
-4629
-6192
-7997
-8562
-7764
-7083
-6936
-6086
-4015
-2004
-689
714
1921
2091
1871
2141
2375
1780
1133
1725
2851
3470
4068
5100
5768
5620
5087
3883
1488
-1222
-3410
-5446
-7545
-9156
-9668
-8975
-7680
-6147
-4427
-2553
-682
884
1917
2379
2327
2275
2388
2544
2638
2926
3721
4879
5969
6768
7233
7432
7322
6773
5717
4337
3036
1223
-1484
-3793
-4935
-5934
-7761
-9478
-9496
-8317
-7388
-6698
-5216
-2750
-620
730
2184
3177
3005
2570
2750
2770
1921
1351
2082
3094
3694
4400
5375
5812
5427
4655
3052
269
-2458
-4625
-6865
-8901
-10040
-9982
-9052
-7671
-5864
-3699
-1624
21
1384
2483
2845
2615
2501
2514
2592
2865
3371
4290
5415
6383
7169
7624
7534
6956
6080
4780
3240
1890
28
-2604
-4616
-5433
-6096
-7583
-9079
-8938
-7595
-6666
-6036
-4465
-2071
-215
1166
2680
3499
3209
2785
2921
2865
1994
1428
2036
2936
3562
4255
4952
5119
4754
4069
2461
-273
-2986
-5227
-7305
-9032
-10136
-10308
-9335
-7658
-5584
-3333
-1284
567
2346
3760
4159
3694
3401
3332
3179
3026
3033
3586
4654
5652
6525
7059
7114
6837
6254
5031
3339
1658
-562
-3450
-5540
-6428
-7341
-8850
-9838
-8979
-7141
-5909
-4922
-2919
-351
1313
2416
3589
3842
3044
2428
2415
2103
1143
763
1686
2820
3509
4216
4935
5057
4522
3464
1426
-1443
-4095
-6123
-7943
-9472
-10258
-9792
-8212
-6158
-4063
-1936
221
2159
3506
4201
4173
3572
3120
3024
2839
2622
2897
3756
4784
5699
6333
6534
6299
5731
4816
3412
1673
161
-1515
-3783
-5527
-6001
-6298
-7344
-8152
-7395
-5827
-4789
-4047
-2477
-217
1258
2069
3136
3607
2922
2249
2263
2073
1180
711
1379
2329
2882
3402
4110
4300
3766
2933
1475
-953
-3550
-5471
-6960
-8349
-9273
-9250
-8011
-6004
-4046
-2170
-152
1771
3333
4264
4448
3985
3472
3308
3036
2572
2399
2783
3596
4418
4952
5296
5465
5330
4837
3882
2639
1359
-475
-2981
-4866
-5560
-6279
-7777
-8666
-7737
-5995
-4823
-3853
-1947
519
2017
2809
3709
3860
2879
1993
1735
1226
227
-130
656
1720
2514
3330
4205
4490
4111
3256
1527
-981
-3570
-5681
-7296
-8607
-9360
-9028
-7548
-5374
-3123
-1026
924
2750
4217
4729
4324
3577
2840
2381
1980
1516
1549
2302
3360
4411
5218
5598
5648
5461
4755
3419
1873
507
-1037
-3176
-4986
-5480
-5496
-6272
-7035
-6321
-4650
-3512
-2830
-1625
165
1398
1788
2337
2690
1998
1063
931
971
443
69
743
1832
2535
3054
3735
4043
3447
2451
1170
-956
-3243
-4951
-6521
-7738
-8100
-7640
-6460
-4957
-3200
-1022
1085
2349
3098
3965
4172
3326
2648
2285
1803
1564
1673
2160
2986
3743
4417
5095
5280
4811
4272
3580
2302
1169
-3
-2049
-3941
-4514
-4579
-5261
-6391
-6363
-4819
-3389
-2960
-2215
-459
974
1446
1982
2348
1801
875
580
776
385
-338
137
1398
2127
2523
3273
3670
3209
2499
1469
-419
-2637
-4609
-5998
-6811
-7354
-7324
-6437
-4944
-2915
-811
675
1724
2963
3996
3926
3153
2526
2114
1882
1642
1497
1856
2571
3400
4271
4763
4726
4481
4209
3514
2299
1168
33
-1620
-3359
-4189
-4223
-4750
-5846
-5885
-4532
-3313
-2890
-2233
-707
749
1300
1652
2064
1769
869
595
832
484
-95
306
1381
2081
2467
3128
3622
3274
2491
1695
138
-2106
-3797
-4867
-5999
-6835
-6879
-6131
-4863
-3425
-1881
-281
1060
2002
2853
3375
2980
2418
2380
2218
1793
1658
1835
2299
2886
3397
3813
4041
3926
3676
3407
2639
1719
1111
-249
-2243
-3262
-3418
-4068
-5417
-6143
-5262
-3968
-3475
-3018
-1454
320
1045
1586
2329
2155
1213
668
727
460
-370
-402
651
1456
1932
2861
3732
3599
3087
2618
1277
-783
-2737
-4337
-5416
-6278
-6772
-6383
-5426
-3964
-2179
-652
563
1721
2821
3280
3024
2606
2077
1826
1697
1309
1296
1810
2363
3094
3755
3997
3981
3963
3725
3025
2114
1317
232
-1444
-2932
-3322
-3438
-4517
-5595
-5112
-3895
-3285
-3033
-2065
-445
503
672
1260
1714
996
160
285
357
-283
-467
361
1217
1733
2476
3466
3664
3033
2508
1777
58
-1901
-3166
-4211
-5358
-5816
-5434
-4701
-3819
-2827
-1476
-31
803
1302
1933
2328
2143
1921
1989
1890
1697
1834
2183
2495
2716
3072
3512
3549
3313
3221
3088
2588
2133
1757
570
-1124
-2024
-2278
-3108
-4718
-5632
-5042
-4258
-4122
-3639
-2170
-741
-96
675
1578
1462
614
274
413
56
-614
-425
374
1005
1839
3073
3857
3775
3534
3275
2125
229
-1662
-3220
-4471
-5584
-6229
-6057
-5423
-4363
-2917
-1461
-152
985
2023
2598
2605
2366
2021
1713
1416
1109
1222
1603
2029
2768
3636
4140
4341
4498
4430
3915
3288
2613
1197
-894
-2450
-2850
-3348
-4901
-6099
-5504
-4275
-3836
-3574
-2366
-827
-163
215
1028
1154
151
-455
-74
-19
-562
-362
715
1657
2489
3688
4666
4629
4076
3543
2394
394
-1640
-3187
-4725
-6098
-6500
-6130
-5572
-4757
-3404
-1668
-297
532
1297
1954
2082
1740
1515
1446
1135
1075
1552
2089
2542
3240
4174
4729
4705
4571
4407
3909
3036
2275
1203
-712
-2328
-2737
-3081
-4423
-5787
-5565
-4424
-3955
-3864
-2924
-1386
-552
-183
693
1101
403
-154
163
358
-105
-150
777
1768
2530
3545
4571
4751
4204
3724
2780
723
-1626
-3432
-4843
-6004
-6775
-6815
-6101
-4863
-3319
-1666
-296
701
1631
2419
2434
1841
1429
1321
1221
1158
1398
1987
2740
3656
4572
5084
5080
4866
4566
3789
2591
1609
451
-1418
-2988
-3405
-3444
-4345
-5473
-5210
-3968
-3382
-3403
-2722
-1345
-634
-404
284
762
299
-193
128
547
360
385
1216
2123
2761
3562
4397
4444
3798
3184
2253
406
-1923
-3590
-4540
-5649
-6633
-6645
-5763
-4514
-3376
-2268
-898
437
1278
1667
1940
1943
1670
1713
1860
1786
2060
2691
3320
3979
4612
4917
4911
4647
4165
3528
2649
1669
573
-1103
-2690
-3275
-3519
-4601
-5843
-5730
-4702
-4108
-3912
-3170
-1622
-509
-142
611
1233
762
186
430
708
346
306
1095
2056
2868
3707
4523
4706
4110
3404
2251
126
-2222
-3920
-5149
-6273
-6949
-6748
-5724
-4243
-2825
-1462
-43
970
1580
1939
1857
1420
1087
1125
1314
1587
2151
2950
3853
4707
5290
5461
5120
4424
3627
2615
1402
437
-574
-2061
-3180
-3247
-3152
-3906
-4864
-4694
-3788
-3456
-3611
-3109
-1846
-1034
-598
226
835
674
510
919
1261
1039
1054
1700
2403
2911
3489
4080
4092
3478
2778
1574
-304
-2115
-3656
-5052
-6064
-6469
-6160
-5351
-4246
-2892
-1435
-161
621
1256
1828
1779
1449
1362
1394
1565
1877
2359
3044
3838
4630
5138
5257
4917
4294
3642
2672
1551
557
-903
-2490
-3346
-3568
-4015
-5016
-5539
-4905
-4040
-3646
-3361
-2271
-915
-195
413
1020
1079
777
664
899
899
734
1132
1967
2707
3272
3842
4216
3903
3136
1993
218
-1695
-3391
-4875
-5987
-6543
-6427
-5629
-4350
-2880
-1483
-215
696
1246
1545
1447
1057
749
685
956
1494
2189
3033
4069
5085
5735
5887
5570
4825
3817
2561
1316
340
-817
-2249
-3188
-3273
-3222
-3783
-4485
-4474
-3881
-3480
-3483
-3171
-2256
-1344
-640
79
617
764
797
1120
1414
1337
1305
1712
2315
2754
3094
3396
3391
3032
2289
1036
-534
-2125
-3573
-4795
-5621
-5854
-5612
-4914
-3663
-2130
-816
92
898
1611
1771
1548
1254
976
886
1141
1648
2330
3123
4075
5050
5612
5582
5156
4489
3513
2245
1121
-109
-1892
-3289
-3703
-3827
-4502
-5382
-5247
-4328
-3754
-3473
-2848
-1683
-742
-94
706
1129
903
671
900
1169
915
865
1430
2097
2699
3297
3683
3487
2868
2180
986
-785
-2640
-4156
-5101
-5667
-5714
-5161
-4217
-2828
-1151
200
961
1350
1598
1496
1062
546
104
90
542
1255
2267
3341
4287
5184
5781
5688
4945
3941
2877
1646
482
-576
-1846
-2878
-3155
-3040
-3319
-4068
-4305
-3739
-3297
-3315
-3138
-2291
-1345
-744
2
804
1054
906
1063
1434
1319
985
1190
1618
1961
2329
2762
2786
2217
1718
1043
-562
-2328
-3507
-4300
-5014
-5393
-4885
-3667
-2380
-1158
148
1477
2112
2090
2044
1627
859
318
94
98
485
1348
2487
3595
4537
5174
5495
5126
4185
3165
1989
571
-965
-2503
-3506
-3806
-3936
-4353
-4622
-4175
-3427
-2863
-2499
-1947
-968
-229
141
647
1043
982
806
877
1002
885
856
1219
1760
2092
2143
2275
2297
1724
762
-352
-1576
-2707
-3648
-4229
-4438
-4267
-3607
-2478
-1244
-247
655
1531
2002
2081
1924
1520
1110
882
735
721
997
1545
2272
3005
3506
3747
3857
3656
3165
2476
1677
779
-429
-1729
-2510
-2822
-3339
-4167
-4541
-4187
-3663
-3292
-2816
-1914
-797
59
770
1346
1463
1311
1204
993
577
208
173
372
710
1156
1551
1792
1685
1248
574
-478
-1734
-2964
-3969
-4341
-4201
-3885
-3199
-1843
-192
1095
1998
2656
2923
2935
2559
1830
1129
700
558
658
920
1417
2196
3022
3520
3696
3549
3097
2537
1812
731
-706
-2016
-2727
-3052
-3529
-4212
-4424
-3893
-3296
-2864
-2353
-1538
-590
186
914
1489
1557
1336
1244
1217
837
288
132
223
363
618
857
959
878
692
226
-692
-1785
-2653
-3194
-3614
-3806
-3434
-2617
-1610
-422
749
1699
2370
2859
3068
2873
2506
2115
1758
1482
1292
1270
1326
1384
1608
1894
1956
1739
1513
1308
1035
648
-59
-1002
-1649
-1948
-2323
-3020
-3646
-3696
-3333
-2951
-2546
-1807
-729
241
1077
1884
2327
2244
1929
1654
1246
574
-48
-343
-395
-314
-81
249
396
157
-216
-636
-1417
-2445
-3346
-3814
-3742
-3476
-2960
-1843
-310
1067
2082
2971
3566
3635
3485
3054
2355
1766
1416
1321
1330
1338
1518
1858
2044
1930
1667
1217
547
-41
-638
-1509
-2325
-2670
-2722
-2823
-3045
-3058
-2607
-2120
-1857
-1440
-669
93
655
1228
1799
2050
2014
1922
1786
1409
816
401
201
-79
-336
-457
-711
-940
-956
-1220
-1923
-2660
-3094
-3138
-3217
-3428
-3140
-2114
-958
14
1114
2205
2857
3366
3785
3733
3366
3000
2727
2528
2286
2098
2047
1962
1793
1612
1263
580
-46
-455
-980
-1485
-1869
-2282
-2469
-2334
-2162
-2239
-2455
-2423
-2055
-1737
-1621
-1247
-350
485
1154
1910
2427
2547
2483
2297
1884
1142
381
-148
-533
-886
-1150
-1190
-1308
-1550
-1663
-1905
-2399
-2969
-3437
-3522
-3347
-3151
-2714
-1698
-304
955
2089
3093
3766
4217
4391
4165
3671
3116
2673
2416
2214
2062
1982
1987
1903
1686
1234
448
-428
-1165
-1818
-2495
-3227
-3637
-3553
-3185
-2866
-2641
-2263
-1701
-1138
-657
-265
230
772
1314
1924
2358
2430
2363
2324
2157
1716
1081
435
-124
-590
-1032
-1406
-1743
-2074
-2265
-2382
-2682
-3053
-3260
-3285
-3205
-3013
-2707
-2093
-1160
-87
992
2029
2984
3791
4402
4683
4618
4407
3922
3320
2850
2385
1822
1351
1047
799
446
48
-430
-905
-1394
-1816
-2166
-2730
-3225
-3223
-2986
-2899
-2871
-2526
-1853
-1249
-690
-43
875
1680
2185
2763
3159
3107
2835
2466
1953
1224
485
-122
-641
-1025
-1314
-1436
-1566
-1969
-2318
-2520
-2921
-3463
-3914
-4023
-3764
-3365
-2865
-1898
-460
885
1994
3135
4039
4540
4798
4778
4427
3945
3419
2980
2696
2350
1961
1807
1719
1355
782
85
-638
-1384
-2178
-2933
-3624
-4160
-4322
-4027
-3649
-3393
-2909
-2087
-1261
-577
29
757
1584
2241
2728
3162
3413
3339
3088
2760
2106
1348
662
-37
-722
-1220
-1548
-1843
-2202
-2504
-2662
-2898
-3411
-3812
-3891
-3864
-3794
-3524
-2864
-1873
-730
549
1798
2932
3919
4777
5383
5455
5151
4783
4254
3558
2838
2129
1481
951
612
282
-158
-580
-900
-1228
-1646
-2177
-2750
-3304
-3638
-3673
-3675
-3691
-3410
-2697
-1791
-920
9
1121
2232
3080
3666
4010
3987
3613
3088
2419
1539
639
-64
-579
-937
-1203
-1337
-1384
-1484
-1845
-2328
-2921
-3673
-4430
-4935
-5100
-4949
-4467
-3442
-1983
-376
1235
2804
4136
5035
5542
5739
5488
4888
4205
3598
3058
2551
2141
1862
1649
1440
1085
564
-147
-921
-1676
-2424
-3212
-3907
-4373
-4395
-4113
-3736
-3343
-2727
-1811
-911
-212
544
1364
2120
2708
3215
3536
3509
3305
3029
2542
1817
1065
386
-288
-937
-1363
-1664
-1928
-2262
-2547
-2791
-3145
-3699
-4139
-4294
-4228
-4097
-3733
-2963
-1763
-448
844
2154
3407
4414
5166
5590
5631
5307
4824
4235
3550
2857
2187
1520
950
493
69
-409
-967
-1456
-1833
-2233
-2627
-2975
-3293
-3410
-3296
-3025
-2851
-2633
-2059
-1323
-620
61
902
1835
2574
3168
3627
3737
3540
3103
2546
1828
974
224
-424
-962
-1361
-1581
-1696
-1898
-2185
-2478
-2897
-3458
-4017
-4415
-4615
-4554
-4122
-3335
-2238
-848
690
2125
3359
4403
5129
5423
5309
4976
4507
3891
3247
2751
2319
1878
1437
1068
663
110
-592
-1275
-1898
-2497
-2957
-3234
-3469
-3511
-3216
-2649
-2218
-1957
-1486
-834
-279
104
570
1326
1963
2430
2992
3420
3479
3256
2933
2406
1607
743
-21
-763
-1472
-2016
-2195
-2298
-2533
-2749
-2831
-2981
-3344
-3689
-3833
-3890
-3786
-3437
-2701
-1688
-533
775
2134
3353
4358
5108
5478
5412
5105
4600
3857
3105
2422
1734
1125
585
114
-292
-722
-1174
-1572
-1835
-2068
-2278
-2329
-2349
-2332
-2195
-1960
-1673
-1502
-1355
-966
-441
71
593
1328
2077
2591
3031
3346
3221
2772
2186
1515
646
-219
-875
-1412
-1827
-2027
-2035
-1980
-2096
-2239
-2396
-2711
-3172
-3654
-3915
-3911
-3711
-3149
-2243
-1054
309
1685
2959
3961
4651
5067
5041
4679
4120
3483
2833
2151
1612
1242
935
588
231
-115
-522
-1043
-1535
-1998
-2277
-2319
-2290
-2235
-2009
-1599
-1101
-731
-493
-286
-9
255
480
761
1140
1519
1873
2247
2419
2351
2077
1668
1057
371
-303
-929
-1513
-1920
-2109
-2121
-2115
-2103
-2177
-2254
-2332
-2546
-2872
-3126
-3174
-2929
-2463
-1848
-1007
69
1284
2343
3202
3846
4329
4538
4321
3880
3408
2797
2122
1504
980
532
155
-165
-513
-801
-1012
-1193
-1352
-1524
-1500
-1225
-1019
-1043
-947
-614
-332
-288
-322
-268
-55
150
315
628
1033
1361
1598
1789
1785
1499
1075
555
-59
-652
-1177
-1589
-1841
-1911
-1821
-1613
-1466
-1445
-1523
-1652
-1894
-2241
-2564
-2701
-2591
-2185
-1556
-731
240
1263
2253
3057
3545
3779
3797
3538
3025
2465
1907
1337
905
585
331
165
31
-145
-367
-603
-804
-1004
-1223
-1329
-1200
-873
-601
-407
-63
352
656
699
547
473
409
298
146
67
194
351
470
587
585
480
274
-35
-422
-877
-1284
-1614
-1827
-1876
-1800
-1636
-1461
-1331
-1236
-1254
-1307
-1370
-1498
-1565
-1438
-1074
-647
-158
508
1248
1910
2432
2788
2989
2940
2749
2412
1939
1418
908
447
78
-211
-325
-419
-496
-490
-415
-327
-263
-253
-194
-68
176
343
347
372
518
604
491
260
119
47
-117
-295
-339
-254
-223
-221
-139
-122
-283
-432
-572
-774
-1011
-1146
-1243
-1305
-1248
-1075
-902
-759
-662
-576
-605
-712
-792
-812
-891
-909
-714
-414
-73
345
835
1339
1697
1896
2046
2053
1860
1544
1198
807
381
104
-67
-228
-239
-150
-30
103
232
358
447
461
513
560
683
815
754
687
664
635
483
106
-231
-454
-692
-901
-1116
-1097
-954
-874
-700
-499
-425
-447
-520
-579
-725
-863
-946
-1049
-1030
-882
-658
-420
-274
-124
-32
-48
-100
-236
-378
-537
-612
-553
-447
-239
100
471
843
1095
1300
1415
1382
1220
960
639
344
65
-49
-105
-84
44
266
506
705
850
943
930
904
903
833
814
808
702
568
484
410
187
-224
-599
-841
-1034
-1296
-1488
-1369
-1138
-961
-694
-418
-270
-259
-309
-368
-512
-714
-848
-886
-836
-681
-398
-121
63
219
321
308
196
-40
-322
-578
-744
-785
-741
-629
-379
14
369
613
806
937
946
862
678
474
304
227
220
269
397
596
787
939
1033
1099
1090
991
908
836
778
772
752
663
561
465
358
88
-303
-704
-1004
-1279
-1526
-1641
-1526
-1339
-1077
-775
-476
-324
-290
-312
-392
-541
-646
-709
-708
-546
-287
58
311
577
765
756
613
397
51
-366
-788
-1075
-1202
-1184
-1027
-755
-290
187
550
852
1050
1069
990
797
544
257
97
63
104
203
378
637
854
944
1011
1040
961
843
725
616
614
674
669
568
526
481
317
14
-414
-759
-1013
-1298
-1544
-1529
-1369
-1223
-1007
-708
-490
-402
-370
-391
-479
-604
-652
-554
-457
-306
23
364
570
730
778
657
418
104
-302
-738
-1064
-1219
-1197
-1071
-799
-314
230
623
953
1215
1278
1158
938
622
309
77
-68
-85
-5
117
361
577
695
796
871
867
777
728
724
772
886
965
974
977
879
739
441
-12
-509
-941
-1312
-1614
-1853
-1900
-1806
-1638
-1357
-1049
-792
-629
-520
-423
-349
-338
-324
-256
-175
-77
80
230
299
308
260
206
110
-42
-224
-339
-336
-287
-195
-42
212
477
673
795
852
801
671
468
239
14
-165
-281
-319
-303
-213
-101
38
185
331
486
642
793
969
1197
1438
1603
1748
1873
1811
1561
1185
771
177
-491
-1126
-1592
-1944
-2219
-2342
-2184
-1903
-1575
-1228
-897
-639
-485
-403
-408
-412
-480
-537
-467
-326
-162
118
400
622
784
874
833
653
444
212
-10
-196
-323
-283
-142
-27
158
378
436
407
292
121
-123
-431
-730
-924
-1004
-978
-793
-460
-91
323
807
1219
1568
1858
2007
2048
2058
2027
1928
1804
1655
1415
1062
641
185
-318
-923
-1495
-1909
-2248
-2495
-2483
-2287
-2007
-1669
-1189
-807
-555
-371
-245
-249
-323
-359
-328
-245
-120
167
513
825
1051
1199
1245
1103
812
479
166
-206
-501
-629
-665
-660
-560
-343
-209
-191
-242
-299
-458
-655
-854
-925
-947
-836
-519
-74
371
860
1382
1804
2108
2315
2421
2344
2181
1987
1816
1586
1326
1086
774
323
-161
-651
-1151
-1656
-2138
-2454
-2576
-2527
-2412
-2089
-1633
-1162
-747
-378
-151
-24
48
92
77
71
157
334
564
786
1016
1204
1284
1217
1022
723
412
9
-369
-618
-802
-910
-878
-787
-720
-656
-602
-666
-790
-857
-892
-911
-807
-589
-291
149
652
1091
1480
1811
2054
2166
2157
2060
1907
1698
1466
1275
1078
868
681
414
38
-398
-814
-1291
-1724
-2087
-2359
-2457
-2355
-2163
-1878
-1444
-934
-483
-150
147
351
460
488
492
486
508
574
686
793
897
977
954
826
632
398
120
-207
-543
-745
-843
-966
-1028
-973
-872
-813
-794
-777
-755
-692
-606
-472
-298
-28
323
699
1057
1359
1609
1810
1889
1884
1814
1686
1502
1272
1040
833
645
433
188
-53
-272
-565
-868
-1177
-1476
-1674
-1784
-1834
-1816
-1701
-1444
-1186
-905
-594
-211
57
247
426
648
721
706
720
768
767
684
607
554
429
210
23
-102
-244
-437
-586
-722
-787
-791
-821
-872
-874
-830
-709
-589
-474
-271
-17
219
471
725
936
1081
1208
1271
1309
1330
1307
1306
1305
1216
1093
990
831
602
332
56
-251
-552
-822
-1038
-1239
-1383
-1433
-1378
-1250
-1088
-869
-610
-366
-148
53
238
361
428
493
476
385
263
184
50
-104
-187
-215
-232
-254
-266
-282
-326
-400
-472
-588
-775
-903
-918
-900
-847
-705
-497
-254
43
309
552
757
905
992
1024
1016
984
963
925
896
876
920
952
948
916
853
812
688
478
267
91
-127
-389
-625
-795
-937
-1024
-1065
-1059
-987
-824
-627
-438
-210
31
197
303
433
463
394
305
173
-33
-239
-386
-502
-544
-536
-489
-403
-295
-235
-276
-316
-401
-546
-719
-831
-872
-808
-663
-455
-189
112
432
673
811
895
947
890
814
739
640
580
588
613
645
714
772
785
768
754
660
485
285
94
-95
-323
-503
-637
-757
-799
-778
-736
-674
-549
-393
-252
-114
24
121
190
261
299
308
262
199
132
59
-43
-151
-262
-349
-414
-458
-484
-501
-520
-545
-556
-614
-660
-670
-682
-661
-548
-366
-174
9
234
450
594
700
765
785
728
669
622
586
529
468
458
487
500
495
521
469
409
353
249
86
-52
-195
-327
-432
-490
-544
-550
-512
-473
-399
-313
-212
-160
-96
10
133
172
211
293
369
388
372
339
281
194
78
-75
-227
-358
-482
-583
-627
-634
-647
-612
-533
-457
-395
-372
-338
-269
-217
-161
-78
37
136
242
338
438
535
570
540
514
498
443
356
304
307
309
295
271
265
269
218
106
16
-84
-157
-201
-229
-271
-300
-235
-160
-150
-140
-106
-102
-99
-93
-61
-14
39
146
251
326
389
465
494
445
338
212
79
-76
-233
-406
-494
-540
-568
-572
-546
-507
-451
-391
-364
-353
-342
-306
-281
-234
-178
-98
2
87
148
244
332
363
341
334
351
342
303
267
263
257
291
302
246
189
186
159
89
20
-33
-100
-138
-163
-217
-276
-295
-310
-312
-268
-198
-93
40
181
328
487
590
617
592
566
486
356
219
97
-9
-111
-210
-285
-306
-328
-367
-424
-463
-490
-519
-547
-572
-581
-557
-496
-459
-403
-293
-183
-108
-6
103
161
237
318
371
424
485
515
505
479
473
477
419
331
285
253
200
152
94
17
-43
-85
-197
-345
-456
-547
-641
-713
-680
-601
-453
-215
37
277
508
709
833
867
833
716
559
403
270
167
102
74
62
54
33
-25
-131
-255
-394
-536
-662
-750
-784
-812
-798
-736
-667
-574
-451
-314
-201
-93
1
110
216
279
327
398
472
521
553
585
627
653
649
596
522
453
351
217
63
-104
-259
-379
-483
-599
-685
-708
-689
-660
-600
-487
-305
-77
114
276
455
648
778
809
798
755
687
569
447
358
281
191
113
44
-37
-136
-244
-382
-531
-613
-696
-797
-848
-858
-841
-795
-716
-603
-477
-326
-183
-69
34
128
204
271
319
355
414
506
586
638
694
736
734
695
608
476
327
157
-63
-284
-450
-575
-680
-755
-772
-740
-658
-537
-422
-298
-142
41
221
357
489
619
734
820
860
853
815
754
664
552
417
278
145
-1
-149
-293
-418
-540
-623
-678
-738
-777
-819
-831
-828
-798
-769
-697
-559
-395
-237
-64
119
272
380
448
498
517
520
515
521
534
570
615
627
592
535
413
219
-15
-271
-533
-747
-887
-965
-979
-903
-738
-550
-381
-209
-49
100
222
300
377
483
606
722
844
945
1015
1057
1051
968
836
646
425
194
-16
-231
-432
-565
-647
-702
-749
-771
-815
-843
-858
-855
-848
-804
-693
-550
-373
-174
28
192
308
403
470
489
489
481
473
492
533
554
560
544
497
368
160
-50
-279
-530
-756
-910
-975
-970
-893
-778
-620
-429
-260
-119
16
130
222
317
417
524
640
749
860
960
1026
1048
1012
923
782
592
382
165
-73
-279
-450
-582
-656
-691
-718
-712
-703
-706
-705
-690
-665
-630
-535
-420
-273
-88
114
281
408
518
603
647
641
621
585
530
488
453
382
289
183
44
-127
-287
-457
-637
-784
-874
-902
-895
-841
-745
-624
-480
-312
-162
-17
133
286
403
504
606
686
737
782
828
862
880
862
801
706
588
418
204
-50
-288
-485
-650
-782
-867
-884
-835
-755
-670
-591
-519
-446
-372
-309
-233
-120
13
159
312
491
658
781
851
876
842
766
672
541
364
195
49
-94
-232
-365
-482
-575
-649
-726
-793
-818
-791
-756
-714
-637
-508
-368
-234
-89
76
242
401
543
639
722
794
841
843
846
852
817
750
645
512
343
160
-57
-291
-508
-665
-770
-857
-888
-870
-800
-727
-661
-588
-519
-450
-352
-232
-112
34
211
386
531
673
799
874
884
824
741
612
457
311
161
9
-119
-210
-296
-392
-478
-539
-615
-692
-724
-722
-707
-668
-590
-487
-364
-222
-87
48
184
331
473
590
686
780
867
914
908
878
837
735
580
444
305
128
-29
-157
-297
-440
-529
-622
-717
-790
-814
-824
-820
-774
-685
-547
-398
-251
-80
109
272
405
502
593
641
668
665
632
552
442
349
245
111
-15
-120
-225
-315
-404
-481
-565
-629
-673
-688
-707
-696
-632
-532
-421
-315
-184
-21
153
292
417
542
675
770
839
887
907
897
870
826
742
644
528
412
288
146
-13
-177
-336
-495
-662
-809
-890
-942
-967
-941
-841
-682
-522
-349
-157
30
184
307
428
516
555
580
586
581
556
493
414
326
201
53
-91
-222
-327
-432
-534
-617
-658
-673
-696
-717
-710
-675
-632
-571
-482
-352
-192
-50
103
282
461
616
752
855
897
910
893
841
766
700
618
543
483
409
346
260
133
-11
-189
-395
-602
-763
-865
-927
-919
-833
-692
-502
-279
-72
92
219
322
377
400
400
408
423
429
431
454
478
446
348
222
94
-57
-240
-427
-560
-644
-718
-767
-772
-748
-724
-702
-670
-645
-597
-526
-426
-275
-88
106
305
526
716
842
922
922
844
741
632
537
450
370
321
312
330
305
216
106
-33
-220
-443
-629
-756
-809
-788
-719
-597
-420
-178
52
229
342
444
503
490
442
393
359
340
350
355
377
397
411
365
254
119
-23
-188
-378
-572
-729
-827
-874
-889
-860
-775
-679
-586
-497
-405
-319
-227
-111
6
136
298
469
613
739
837
873
841
748
638
525
398
270
172
107
44
-25
-100
-187
-289
-396
-512
-626
-685
-676
-628
-540
-407
-247
-77
88
228
346
424
466
474
467
460
454
451
461
461
435
400
352
256
119
-36
-200
-353
-497
-612
-689
-709
-689
-640
-570
-493
-436
-387
-356
-340
-290
-207
-97
36
172
326
495
629
695
699
658
574
469
362
259
157
67
10
-31
-87
-179
-269
-346
-423
-477
-526
-536
-492
-393
-267
-137
-13
109
208
278
344
396
426
432
460
503
540
551
538
517
442
323
203
56
-114
-282
-415
-507
-564
-587
-594
-575
-524
-467
-448
-433
-426
-432
-437
-401
-320
-214
-73
103
294
472
623
723
742
699
620
510
378
245
123
22
-39
-77
-111
-162
-226
-300
-378
-447
-506
-542
-540
-496
-402
-271
-130
12
150
267
355
412
448
485
532
570
608
646
662
661
618
521
363
171
-19
-178
-321
-445
-520
-557
-567
-567
-558
-551
-558
-570
-567
-540
-497
-421
-327
-222
-85
64
201
330
452
538
580
589
573
530
471
380
270
160
50
-36
-118
-216
-307
-356
-401
-450
-488
-495
-470
-408
-344
-280
-194
-70
57
165
274
377
480
535
554
582
624
636
623
589
526
440
329
204
48
-92
-220
-346
-445
-503
-512
-501
-486
-478
-479
-489
-488
-467
-423
-365
-291
-186
-49
105
252
380
453
475
471
449
405
337
275
225
178
119
56
5
-46
-146
-282
-410
-512
-592
-637
-634
-591
-486
-341
-197
-52
73
160
231
289
329
371
429
475
523
598
663
701
708
674
596
481
344
183
8
-143
-263
-371
-467
-522
-547
-543
-533
-517
-501
-502
-479
-420
-335
-257
-169
-48
106
235
314
368
398
404
374
318
265
225
178
112
32
-50
-120
-181
-256
-352
-433
-485
-526
-546
-542
-498
-445
-388
-298
-186
-74
43
150
257
386
499
584
660
721
729
701
669
626
567
487
416
352
274
171
51
-61
-169
-289
-408
-488
-530
-540
-542
-507
-443
-382
-312
-229
-139
-47
46
137
234
309
380
429
438
425
381
302
194
89
-17
-124
-227
-319
-389
-441
-475
-501
-504
-513
-524
-531
-513
-482
-440
-388
-324
-220
-104
12
139
285
418
527
629
711
752
751
697
605
506
420
338
233
131
76
29
-38
-114
-185
-233
-277
-307
-325
-341
-324
-269
-214
-170
-113
-39
39
115
192
290
374
421
433
433
406
331
245
144
33
-101
-230
-321
-382
-428
-468
-507
-515
-484
-456
-425
-398
-378
-362
-347
-342
-313
-265
-212
-118
-3
132
288
453
579
662
708
703
640
534
401
254
128
27
-50
-100
-124
-149
-178
-197
-218
-250
-284
-306
-305
-283
-240
-172
-99
-29
46
125
199
268
341
423
496
540
544
511
466
400
298
164
29
-98
-228
-349
-442
-482
-495
-516
-527
-510
-462
-408
-371
-348
-338
-331
-322
-302
-252
-169
-56
85
247
401
537
638
694
705
658
566
460
346
207
83
-18
-82
-128
-174
-205
-220
-255
-309
-357
-385
-386
-369
-333
-264
-146
-34
53
140
222
273
301
333
373
421
476
520
529
512
474
413
297
134
-46
-209
-363
-514
-612
-643
-651
-658
-653
-600
-529
-465
-411
-383
-352
-292
-214
-137
-65
6
105
222
335
438
526
579
597
598
572
528
479
407
300
189
104
27
-53
-125
-176
-217
-253
-289
-307
-294
-255
-221
-189
-149
-99
-31
42
108
163
220
278
344
397
419
430
436
396
326
254
160
44
-84
-197
-294
-397
-499
-564
-596
-633
-669
-676
-654
-616
-562
-490
-413
-325
-223
-107
-1
87
177
276
349
374
394
421
432
429
423
421
423
415
388
345
290
215
128
42
-30
-86
-134
-164
-173
-157
-124
-85
-56
-20
17
52
101
149
183
214
252
281
301
294
259
228
194
143
72
-8
-80
-135
-189
-271
-354
-407
-445
-491
-526
-539
-533
-519
-487
-437
-383
-326
-262
-190
-112
-50
11
77
138
189
209
224
236
234
224
207
192
186
186
189
178
167
166
170
172
173
173
178
167
154
134
95
63
51
46
47
71
120
168
211
246
253
248
227
175
113
62
19
-16
-25
-28
-43
-59
-91
-137
-201
-280
-356
-416
-454
-474
-454
-417
-377
-331
-291
-263
-218
-175
-149
-119
-84
-46
-33
-28
-25
-19
-5
7
13
22
51
89
117
132
143
157
176
184
183
187
201
217
222
224
224
221
201
167
145
128
111
100
93
104
117
126
134
131
116
102
94
75
57
49
33
9
-4
-1
-17
-50
-83
-123
-178
-218
-256
-288
-311
-327
-328
-312
-287
-272
-255
-238
-221
-217
-218
-220
-214
-206
-197
-180
-148
-90
-19
49
122
190
244
290
326
348
344
328
310
297
270
234
211
201
182
155
129
109
83
34
-20
-52
-68
-90
-98
-82
-57
-22
10
47
100
144
168
184
196
201
213
200
162
128
91
38
-24
-82
-142
-189
-230
-275
-310
-317
-315
-339
-371
-388
-401
-419
-427
-439
-431
-393
-332
-264
-180
-69
52
176
280
363
418
435
422
406
376
328
293
261
226
194
174
153
124
91
36
-29
-98
-156
-205
-237
-237
-207
-176
-119
-56
12
76
124
176
226
267
285
284
293
300
269
227
190
153
104
42
-34
-115
-189
-252
-310
-362
-392
-408
-414
-419
-411
-411
-416
-405
-392
-372
-326
-252
-171
-62
61
188
294
367
424
448
433
394
352
305
253
200
155
134
119
99
73
46
17
-23
-69
-117
-159
-189
-190
-166
-128
-84
-25
49
112
162
189
213
240
244
229
217
215
209
175
152
132
97
50
-12
-92
-175
-253
-323
-383
-439
-469
-469
-448
-422
-396
-373
-353
-331
-307
-260
-169
-47
64
171
288
388
451
479
461
408
347
282
214
164
138
112
93
88
75
42
6
-43
-83
-120
-156
-175
-170
-134
-70
-2
61
111
168
227
253
255
249
246
235
210
175
139
118
96
59
27
11
-20
-71
-145
-232
-318
-411
-515
-596
-634
-655
-642
-580
-506
-431
-343
-264
-198
-131
-46
53
162
249
318
396
451
463
456
434
383
314
247
190
143
106
73
45
18
-2
-23
-56
-93
-115
-119
-119
-117
-90
-44
14
65
115
168
221
260
283
306
311
301
292
273
243
219
201
179
140
97
45
-8
-91
-194
-288
-381
-479
-558
-607
-632
-628
-616
-582
-521
-450
-377
-297
-204
-106
-8
82
168
242
296
328
339
337
314
273
230
194
159
120
81
53
44
24
-5
-22
-37
-49
-57
-61
-50
-24
12
55
113
165
200
223
236
245
253
263
277
293
306
332
344
331
302
250
181
87
-15
-109
-187
-261
-328
-383
-418
-436
-456
-478
-489
-483
-462
-440
-412
-349
-269
-183
-87
10
99
173
231
261
274
266
232
195
161
129
86
49
12
-24
-58
-86
-107
-129
-133
-140
-134
-122
-99
-85
-64
-31
1
44
91
150
208
256
289
305
306
304
299
278
264
254
235
212
177
137
86
26
-50
-137
-207
-273
-328
-368
-395
-416
-413
-389
-345
-289
-237
-178
-118
-51
-2
45
100
151
190
220
241
256
267
254
230
197
155
112
72
28
-30
-82
-114
-144
-169
-177
-179
-178
-179
-171
-156
-137
-115
-77
-40
12
69
123
177
211
228
239
250
256
254
238
220
209
187
149
111
62
2
-68
-146
-231
-316
-384
-423
-445
-457
-433
-374
-300
-232
-158
-80
-12
39
82
122
160
201
242
282
324
351
364
347
316
276
218
150
83
32
-13
-63
-108
-136
-157
-176
-193
-199
-187
-169
-143
-112
-77
-34
2
24
33
52
83
92
93
114
148
180
197
200
193
172
153
118
63
0
-59
-119
-188
-256
-309
-335
-344
-344
-333
-296
-242
-190
-134
-83
-38
4
47
85
99
127
152
169
183
198
199
199
192
159
134
105
64
22
-18
-54
-79
-99
-116
-125
-113
-99
-85
-63
-34
1
26
33
44
66
88
105
121
131
139
157
160
153
149
140
127
111
95
83
67
51
30
-8
-58
-106
-147
-201
-254
-284
-281
-270
-254
-217
-170
-127
-88
-52
-24
5
24
41
59
76
91
105
108
100
92
84
73
53
34
20
8
-11
-26
-36
-51
-66
-67
-65
-66
-69
-64
-55
-50
-52
-55
-57
-62
-58
-42
-6
42
91
139
183
210
226
232
239
225
206
200
188
174
156
133
103
75
32
-32
-102
-153
-206
-249
-279
-300
-292
-271
-228
-165
-116
-75
-32
0
12
7
7
10
10
3
4
29
49
54
48
56
64
60
44
25
1
-19
-46
-78
-107
-125
-123
-134
-138
-141
-142
-141
-137
-131
-104
-72
-35
11
59
115
160
192
213
218
215
217
217
219
230
248
260
256
233
192
136
63
-13
-82
-130
-163
-177
-181
-165
-145
-134
-112
-99
-101
-96
-91
-87
-70
-57
-38
-16
12
40
59
63
59
54
47
47
48
48
47
57
60
54
44
23
-10
-47
-74
-100
-129
-151
-154
-154
-156
-140
-106
-66
-38
-18
1
25
48
52
56
74
102
139
175
204
218
225
210
173
134
88
32
-14
-51
-83
-92
-91
-93
-96
-101
-101
-103
-109
-129
-141
-138
-121
-99
-72
-46
-14
29
50
62
79
76
57
52
55
53
45
46
47
46
38
17
-7
-29
-58
-94
-124
-152
-168
-178
-175
-166
-144
-106
-56
-5
37
84
125
152
171
185
189
198
214
212
204
203
208
189
153
109
64
15
-31
-70
-100
-132
-169
-197
-213
-219
-220
-221
-204
-180
-157
-128
-93
-55
-21
11
41
69
92
110
134
164
174
167
158
142
121
89
44
3
-35
-70
-105
-131
-151
-173
-184
-183
-187
-185
-164
-129
-89
-52
-2
46
99
143
174
205
228
238
249
257
240
218
198
182
157
123
92
75
42
-13
-57
-106
-143
-185
-224
-242
-245
-235
-223
-201
-173
-143
-114
-90
-70
-47
-12
21
56
99
140
178
199
199
187
170
133
89
54
16
-12
-29
-50
-70
-88
-108
-123
-132
-147
-156
-164
-169
-149
-131
-100
-62
-30
3
42
79
119
155
186
221
239
235
225
204
165
113
66
26
-14
-48
-64
-80
-99
-116
-140
-166
-191
-222
-250
-251
-250
-234
-203
-160
-110
-48
-1
49
99
149
192
223
251
263
271
254
220
187
160
124
85
37
-10
-48
-91
-135
-169
-195
-213
-218
-215
-206
-186
-164
-138
-109
-72
-27
8
50
97
138
176
215
246
260
270
271
252
226
195
146
97
60
17
-33
-76
-108
-134
-167
-202
-236
-258
-272
-281
-278
-256
-222
-175
-118
-49
16
72
122
174
215
234
245
249
245
247
230
206
178
141
89
31
-22
-74
-124
-173
-211
-247
-263
-254
-252
-245
-224
-200
-180
-149
-114
-72
-23
24
79
133
182
217
250
272
269
263
251
211
169
130
82
45
13
-28
-55
-67
-86
-114
-131
-153
-170
-181
-194
-192
-171
-126
-76
-21
37
91
130
159
178
193
212
212
209
206
195
175
137
88
35
-17
-79
-143
-191
-233
-263
-285
-305
-302
-282
-253
-220
-200
-182
-151
-113
-86
-65
-30
18
63
98
132
173
210
225
230
237
240
216
180
148
114
77
23
-20
-52
-75
-89
-109
-108
-103
-96
-87
-85
-78
-57
-45
-27
-9
14
58
93
133
172
200
222
244
236
204
167
133
83
23
-27
-60
-95
-141
-169
-188
-204
-220
-226
-238
-242
-235
-221
-198
-165
-132
-96
-48
-7
30
61
96
126
158
189
212
223
224
224
210
175
123
71
21
-27
-75
-100
-112
-129
-140
-137
-141
-143
-139
-129
-108
-85
-41
9
53
88
128
158
177
207
218
225
227
214
194
162
119
75
32
-20
-67
-101
-130
-160
-179
-203
-231
-245
-254
-257
-258
-245
-212
-173
-132
-91
-37
32
85
130
177
224
256
265
257
254
243
223
193
162
134
96
58
24
-15
-58
-104
-147
-180
-219
-246
-254
-244
-216
-194
-164
-101
-35
18
64
104
133
145
150
146
149
147
140
132
118
106
88
65
19
-38
-89
-141
-182
-205
-226
-239
-239
-229
-207
-197
-171
-142
-121
-89
-52
-4
42
81
125
174
201
219
227
230
228
209
176
150
129
110
96
73
48
28
3
-30
-59
-95
-115
-128
-138
-139
-120
-94
-73
-28
6
37
75
94
98
99
98
94
84
78
76
67
50
33
4
-27
-62
-99
-128
-144
-159
-157
-150
-148
-151
-154
-149
-140
-141
-132
-92
-56
-19
27
78
116
153
170
196
223
218
206
202
197
171
141
104
72
38
-9
-53
-70
-77
-94
-104
-110
-118
-117
-113
-101
-87
-60
-29
-6
19
29
37
55
66
74
85
98
113
122
130
123
98
79
52
9
-31
-71
-97
-118
-140
-164
-171
-175
-174
-173
-165
-162
-161
-149
-129
-105
-83
-54
-19
21
52
93
138
153
157
158
149
141
116
83
49
28
13
-3
-8
-8
-12
-10
-22
-43
-56
-75
-106
-126
-117
-98
-76
-47
-17
26
55
64
67
72
89
96
98
103
111
123
125
109
99
90
69
46
16
-11
-35
-55
-62
-72
-85
-85
-75
-76
-65
-59
-62
-61
-57
-44
-25
-7
6
34
49
59
59
58
53
32
17
0
-25
-37
-55
-73
-72
-81
-89
-81
-69
-64
-60
-51
-38
-26
-22
-11
13
29
41
62
81
97
110
112
109
108
107
96
88
86
91
94
83
75
62
52
34
20
3
-14
-27
-49
-65
-66
-66
-66
-67
-67
-64
-51
-31
-18
-18
-1
25
34
38
44
42
30
9
-12
-34
-55
-75
-86
-89
-93
-84
-69
-66
-70
-73
-74
-79
-90
-98
-85
-72
-57
-24
8
37
61
70
84
92
98
95
83
71
65
51
42
48
56
65
68
63
49
34
4
-31
-62
-72
-74
-68
-65
-56
-44
-41
-35
-37
-37
-25
-12
-6
11
27
53
68
59
41
38
38
28
14
0
10
20
28
15
3
-5
-16
-37
-67
-84
-85
-82
-82
-73
-46
-28
-18
-1
12
11
4
-4
8
25
31
42
56
77
91
100
89
88
84
56
34
30
26
21
4
-16
-21
-34
-61
-79
-94
-111
-114
-117
-115
-104
-93
-73
-54
-26
-5
12
33
46
46
51
49
38
31
28
45
67
72
84
106
114
102
74
59
31
2
-23
-40
-39
-32
-33
-39
-22
-3
12
-13
-17
1
19
26
17
22
27
46
61
57
47
41
32
18
-12
-38
-42
-43
-54
-65
-65
-55
-61
-64
-52
-36
-33
-48
-52
-46
-60
-68
-59
-34
-14
10
41
61
83
89
72
53
36
25
15
2
10
27
39
35
40
41
43
37
18
12
8
3
-1
0
-8
-3
5
6
7
26
16
8
12
0
-11
-14
-18
-25
-21
-21
-23
-25
-30
-45
-50
-56
-55
-50
-29
-17
-4
1
7
13
25
25
24
30
24
27
31
16
-9
-13
-27
-32
-49
-62
-54
-42
-48
-44
-51
-60
-54
-73
-86
-78
-62
-38
-10
14
36
49
57
47
47
43
35
27
14
5
0
-2
-4
-6
-9
-6
2
7
-8
-13
-18
-27
-43
-46
-44
-32
-21
-5
19
36
48
67
82
76
82
86
79
72
82
78
87
95
92
91
92
88
79
66
22
-20
-46
-82
-117
-142
-138
-120
-106
-81
-59
-34
-26
-17
2
19
12
2
4
16
10
-3
-6
2
16
25
42
55
53
28
5
-19
-38
-69
-79
-79
-72
-68
-47
-25
-25
-6
15
21
35
41
27
22
27
49
51
60
94
132
153
151
135
129
106
62
20
-7
-30
-45
-55
-65
-52
-24
-15
-28
-37
-54
-53
-60
-67
-70
-68
-53
-21
-6
-8
-6
-9
-24
-60
-92
-99
-102
-116
-113
-93
-65
-36
-32
-28
-7
-5
-16
-13
5
4
17
14
15
56
86
91
104
128
133
132
119
84
62
65
49
42
48
50
59
43
24
9
-20
-37
-49
-67
-68
-61
-43
-33
-27
-36
-34
-24
-40
-46
-35
-28
-22
-6
13
26
43
57
58
56
56
36
15
-13
-47
-54
-70
-95
-103
-80
-67
-66
-54
-44
-52
-50
-48
-62
-70
-64
-51
-24
-13
-9
12
36
42
30
38
57
56
56
59
52
63
74
71
67
49
45
52
39
24
9
-6
-19
-43
-64
-58
-54
-59
-47
-45
-36
-16
1
8
25
32
30
31
31
25
26
27
25
24
24
31
39
42
32
15
2
14
-3
-34
-58
-66
-71
-70
-70
-62
-54
-55
-56
-61
-55
-48
-31
-4
22
45
73
92
95
87
73
55
53
56
46
39
32
38
43
47
42
19
8
-9
-30
-34
-36
-42
-34
-9
3
18
40
68
74
74
52
43
52
66
67
72
62
50
45
36
21
-11
-55
-85
-73
-82
-87
-72
-72
-76
-61
-73
-83
-78
-92
-109
-97
-76
-69
-36
-16
0
43
67
84
90
82
53
40
26
-2
-23
-8
10
-15
-15
-12
-4
-13
-44
-59
-77
-72
-67
-60
-74
-87
-74
-56
-42
-37
-13
25
55
73
96
114
116
89
57
40
45
48
29
17
30
24
12
2
-20
-44
-55
-66
-90
-82
-78
-80
-79
-84
-73
-46
-25
-14
10
35
52
71
83
93
89
60
33
28
21
8
21
43
62
52
43
36
15
-8
-45
-76
-70
-68
-55
-38
-25
-9
7
26
39
40
22
10
9
33
54
70
74
77
83
93
83
64
48
17
0
-9
-53
-86
-87
-93
-90
-78
-73
-50
-23
-16
-21
-20
-20
-13
-7
-12
-7
29
50
52
52
56
66
53
31
10
9
9
1
-11
-19
-26
-12
15
5
-4
-7
-13
-13
-18
-12
-7
8
20
26
39
46
55
37
10
-6
-5
-3
-22
-42
-36
-22
-18
-7
4
12
0
-7
-3
0
-21
-65
-78
-80
-65
-65
-69
-56
-27
-24
-26
-18
-16
-7
8
18
20
16
16
35
31
30
24
18
18
27
33
16
11
-4
-39
-56
-51
-55
-56
-55
-69
-60
-46
-37
-22
-21
-29
-19
12
38
38
51
83
90
84
80
92
90
75
53
56
48
48
46
46
49
43
44
40
26
11
5
-27
-51
-63
-76
-93
-93
-69
-37
-9
-1
23
35
24
5
5
20
41
44
67
104
104
110
102
53
-14
-52
-78
-89
-107
-116
-100
-48
-33
-48
-42
-44
-50
-60
-93
-112
-79
-66
-65
-62
-22
14
29
29
20
24
33
26
14
32
40
50
65
92
92
81
73
62
50
18
22
29
21
10
27
43
47
37
20
32
37
33
32
29
15
18
26
16
4
-1
-5
-10
-34
-68
-91
-100
-97
-77
-58
-49
-16
7
5
-10
-26
-38
-41
-46
-52
-55
-28
23
43
56
70
71
56
38
-1
-57
-78
-85
-80
-74
-70
-57
-32
0
7
-23
-32
-24
-17
-19
-15