-11
-8
-2
-3
-3
1
-8
-5
-3
-8
-14
-9
-6
-5
-5
-3
0
-1
0
-4
-6
-2
4
2
3
2
7
14
15
10
8
8
10
5
1
-4
-5
4
5
2
6
4
-1
0
-4
-3
-6
-5
0
0
3
2
5
3
-5
-8
0
-2
1
-1
-1
4
4
3
-2
0
5
1
4
-1
3
10
6
0
-2
2
4
5
0
8
9
7
10
10
17
12
6
8
11
6
2
4
4
3
-2
-4
-3
4
-3
-3
2
-6
-9
-5
-5
-3
1
-8
-6
-4
-5
-2
-7
-4
1
-6
-1
8
8
-1
1
2
2
9
3
-4
-4
-4
-4
-2
-6
-10
-5
-7
-6
-1
4
0
7
11
13
16
10
16
12
12
2
-4
-7
-7
-7
-10
-9
-6
2
3
5
0
-5
-5
-7
-12
-8
-14
-15
-11
-13
-24
-24
-28
-26
-20
-23
-18
-12
-2
-7
-8
1
6
0
5
6
-9
-4
-8
-3
-1
4
2
3
0
-3
-2
-2
1
2
9
9
6
12
21
11
10
13
1
-2
-3
-11
-4
-7
-8
-2
2
2
3
2
1
3
1
6
8
4
3
19
5
-7
-10
-4
-11
-26
0
2
-8
-3
30
18
3
17
22
17
15
9
0
-4
-10
-5
-5
-6
-6
3
9
13
12
19
5
0
-2
8
13
6
10
13
8
-8
-2
-15
-24
-17
-12
-15
-14
11
31
32
30
32
29
21
4
0
3
-3
-16
-16
-6
-7
-10
-16
-14
-24
-13
-9
-1
8
13
25
40
38
28
45
18
12
3
8
-1
-5
-1
-2
-3
5
6
-3
-12
-15
0
-1
5
-6
5
-4
13
0
-19
-27
-27
-21
-43
-35
-52
-22
-7
1
11
12
15
32
39
30
27
19
11
-9
-12
-34
-27
-13
-28
-41
-23
-11
-1
5
15
13
27
40
29
14
-2
-8
-19
-20
-34
-43
-47
-29
-37
-56
-54
-48
-52
-69
-61
-43
-45
-61
-51
-34
-31
-16
-1
1
1
38
68
72
90
103
119
135
166
169
149
155
151
109
67
69
43
14
10
-27
-46
-52
-46
-49
-65
-74
-81
-56
-40
-47
-59
-38
-4
14
13
11
37
32
35
55
36
9
10
-2
-43
-64
-80
-114
-155
-183
-176
-190
-215
-191
-160
-153
-121
-70
-36
25
87
149
188
285
345
361
403
442
427
368
368
334
282
188
139
90
57
19
-38
-51
-57
-94
-132
-166
-203
-234
-263
-286
-321
-356
-328
-292
-306
-343
-278
-246
-216
-219
-211
-136
-80
71
138
172
259
424
482
411
340
331
219
84
-28
-90
-192
-261
-254
-216
-191
-207
-81
0
115
170
279
271
272
314
409
396
267
345
362
311
196
171
37
-40
-139
-269
-422
-473
-524
-579
-559
-538
-471
-500
-354
-285
-226
-269
-184
-144
-149
-161
-203
-230
-311
-327
-448
-436
-476
-439
-434
-290
-129
-73
56
254
392
451
524
578
586
565
578
513
538
460
449
443
416
368
265
303
184
85
25
29
-91
-181
-202
-299
-377
-324
-161
-45
44
198
424
536
661
739
822
708
675
663
553
322
143
95
-175
-383
-533
-613
-775
-783
-718
-781
-706
-526
-312
-234
-46
90
214
234
221
189
85
44
-74
-116
-154
-145
-139
-89
-47
10
105
244
203
218
282
258
223
124
85
-39
-86
-273
-367
-466
-597
-701
-674
-606
-689
-536
-326
-192
-74
201
428
578
738
905
1066
1078
1098
1057
1047
878
668
521
384
253
30
-6
-127
-187
-216
-166
-186
-257
-270
-183
-212
-353
-483
-581
-625
-777
-864
-1128
-1165
-1231
-1283
-1413
-1447
-1304
-1170
-895
-779
-437
-182
160
400
654
734
803
921
950
823
583
632
581
515
281
247
78
66
35
30
-78
-182
-25
-31
-46
-119
82
167
325
512
693
852
1034
1193
1244
1189
1174
1131
915
841
583
444
269
337
255
60
38
195
396
253
184
128
133
-14
-379
-440
-957
-1215
-1398
-1301
-1641
-1811
-1367
-1292
-907
-730
-206
-416
-401
-404
-475
-772
-1473
-2074
-2704
-2955
-3573
-4059
-4212
-4233
-3915
-3460
-2518
-2067
-1113
145
1697
2720
3523
4826
5662
6516
6656
7024
6759
6639
6341
6016
5412
4685
4467
4026
3707
2830
2025
1372
1050
70
-1308
-2170
-2839
-3887
-4895
-5360
-5978
-6657
-6684
-6232
-5961
-5621
-4732
-3600
-2619
-1622
-604
297
1067
1737
2270
2734
2768
2462
2282
2307
1227
-53
-1226
-2124
-3586
-4864
-5670
-6824
-7275
-6995
-5965
-5845
-4831
-3108
-732
939
2449
4016
6121
7910
9065
9766
10609
10763
10727
10768
10058
8670
7199
6544
5006
3695
2138
1330
132
-503
-1236
-1941
-2883
-4011
-4783
-5734
-6754
-8404
-9288
-9881
-10021
-10278
-9803
-8859
-7496
-5940
-3804
-1491
303
2083
4180
5943
6217
6190
6235
5773
3636
1519
11
-1857
-4336
-6035
-6771
-7577
-7996
-7110
-5995
-5058
-3642
-1143
936
2494
4337
6429
8467
9560
10960
11724
12479
12111
11697
11068
9858
8209
6198
4960
3129
1797
359
-376
-1672
-2667
-3183
-3792
-4794
-6150
-6971
-7997
-8888
-9846
-10549
-11198
-10998
-10096
-8947
-7716
-5906
-3500
-906
1532
3353
4988
6077
6851
6411
5773
3777
1190
-1249
-2902
-4942
-8170
-9298
-9338
-8595
-8542
-6439
-4326
-2031
848
4471
7028
8296
10798
12815
14068
13884
14226
13400
12709
12138
10568
8544
6729
5433
3275
2191
990
-744
-2324
-2380
-2607
-4258
-5597
-6172
-7111
-8712
-9756
-10971
-12415
-13175
-12914
-12061
-10978
-9479
-7374
-4142
-590
1871
4008
5832
7310
7448
7540
5768
2835
-88
-1945
-4399
-7778
-9526
-10401
-10118
-9873
-7776
-6113
-4044
-1237
2644
5724
7195
9652
11888
13802
15054
16076
15434
14336
15219
14764
12833
10355
9388
7270
5659
5164
3357
683
-546
-119
-1899
-4202
-5869
-7519
-9645
-11192
-12879
-15266
-16609
-16769
-16296
-14965
-13368
-11313
-8694
-4371
-1232
1008
2661
4463
5983
5051
4265
2144
843
-2509
-4031
-5668
-7409
-9094
-9100
-7067
-6945
-5215
-3249
330
2221
5464
8857
11372
13330
15574
19235
19582
18690
18293
19717
17617
14057
12309
10792
7700
5067
4947
3115
49
-1495
-1182
-2669
-5747
-8062
-10009
-11942
-14285
-16243
-18046
-19089
-19222
-18031
-15063
-12899
-11211
-7650
-2893
367
1068
3388
4647
4446
3386
3156
1199
-3014
-4180
-4982
-6079
-9237
-8935
-8168
-6881
-6189
-4378
-2238
24
3407
6572
9965
12265
14963
18787
21975
21354
19907
21123
21414
16201
12909
12192
9526
3941
3527
4490
611
-2373
-863
-267
-4632
-6397
-6592
-9314
-13463
-15017
-15946
-18314
-19527
-19225
-16771
-14281
-11668
-9754
-5376
-1288
629
1502
2923
3657
1553
795
-428
-2618
-6459
-6924
-6811
-7827
-8829
-7849
-5775
-4552
-2412
-567
2400
4932
7771
10884
14391
17473
18849
23075
24875
23817
21635
23207
20920
14361
12434
10711
6104
204
2844
1077
-3819
-4821
-1717
-4027
-8847
-7894
-9697
-13851
-17335
-16896
-19686
-21910
-21178
-19346
-16939
-13610
-10684
-8428
-3779
901
516
605
2716
2668
-742
-1694
-447
-4795
-7026
-5930
-3752
-7288
-6958
-4239
-2840
-3276
-1129
2167
3907
6249
10106
13887
17532
20411
23771
27886
27549
25691
23731
25918
19071
13595
10029
9385
2128
-1386
1062
-2120
-5973
-6280
-1823
-7475
-10438
-10251
-11249
-17000
-19493
-18250
-21368
-22336
-21290
-17863
-16465
-13136
-10690
-8038
-4050
-2611
-2907
-2063
306
-1536
-3156
-1425
-1213
-4282
-4754
-1540
-2899
-5481
-4647
-2403
-3712
-3845
-525
2463
3954
7953
13575
18223
21753
27046
32129
30830
29196
28342
29543
21208
14767
11206
8836
1696
-1610
124
-4300
-7156
-6100
-2481
-8271
-10471
-9378
-10811
-15610
-17766
-16822
-20160
-20973
-20455
-18189
-17309
-15067
-13256
-11163
-8188
-6951
-6165
-4644
-2239
-2453
-1831
586
1235
-526
-358
1763
-339
-3150
-3412
-2736
-4723
-4616
-2228
418
2483
8221
13722
18208
21744
27713
32145
30098
28103
27271
27954
17768
12201
8752
6465
-1700
-2846
-356
-5474
-8072
-5100
-734
-8017
-9251
-6931
-8486
-14195
-14985
-13561
-18229
-19700
-18793
-16757
-17139
-16193
-15574
-14015
-10040
-9050
-9158
-6662
-2730
-2279
-1534
2823
3307
364
869
3843
699
-4367
-4004
-2972
-5130
-5924
-2403
838
3127
9105
15318
20089
23404
28562
32325
30949
28154
25244
24946
16897
9886
5468
3712
-2420
-5531
-2518
-5294
-8226
-6732
-1471
-6226
-8969
-6482
-7533
-12381
-13857
-11422
-16633
-18848
-17409
-15102
-16813
-16409
-15207
-14672
-10884
-8668
-8062
-7535
-1963
-131
577
2974
4653
1801
576
3248
669
-4736
-5613
-3287
-5126
-5781
-1814
2460
4654
10569
16998
21651
24050
29961
31922
29063
25879
24890
22389
12242
7717
3534
630
-6884
-5574
-4864
-8794
-10410
-5860
-3035
-9263
-7576
-5172
-7301
-12552
-9865
-9850
-15755
-16961
-13995
-13931
-16394
-15215
-13724
-12612
-9090
-6792
-6488
-3374
1031
2574
2483
5752
4520
1558
985
2130
-2302
-6957
-5637
-5639
-6649
-6013
354
1938
5861
12235
19658
22247
25820
32233
30362
28097
25248
26803
16908
10312
6694
3857
-3489
-7546
-3973
-8034
-10442
-9591
-3890
-8287
-9579
-5685
-6008
-10984
-12327
-8210
-13010
-17584
-16843
-14204
-16361
-17510
-15375
-14026
-11528
-8252
-5858
-3364
256
3520
4435
7077
7338
4123
2148
3155
761
-5789
-6876
-6077
-7440
-8714
-4338
190
1872
7716
14775
20696
22665
29435
32188
29718
26726
26282
24195
13893
9466
5668
2519
-5715
-5646
-4691
-8136
-10175
-7318
-3908
-9024
-7691
-5356
-6712
-12216
-10669
-9332
-15457
-18099
-16466
-15587
-19064
-17907
-15825
-14786
-11804
-8347
-5200
-2791
2332
4553
6258
8308
7925
5093
3573
3957
-929
-5729
-6526
-6687
-8728
-8521
-3598
-1055
2717
9236
16285
19825
23549
30807
30717
27796
24604
25811
19517
10848
7399
4382
-804
-7224
-3380
-4817
-8162
-8911
-3097
-3276
-7837
-4942
-3924
-7243
-12083
-8702
-10977
-16826
-18182
-15803
-16659
-19473
-17173
-15654
-13907
-11100
-7535
-4637
-1082
3247
4905
7306
9330
8020
5252
4848
3966
-1400
-5079
-5112
-6202
-8111
-6374
-1341
777
5200
12180
18563
21171
25476
31418
29789
26206
22855
23501
15461
7579
3492
1064
-4956
-9669
-5749
-7623
-10340
-10075
-3433
-5091
-8349
-5061
-3956
-7782
-11408
-7823
-11056
-15921
-16231
-14438
-16228
-17847
-15178
-14450
-13018
-9540
-6176
-3741
-425
4026
5195
7575
9041
7314
4495
4258
2842
-3296
-6113
-6160
-7096
-8747
-5942
-1106
1207
6703
13617
19607
21831
27283
31867
29993
26030
23685
23066
14567
7409
2804
-152
-6467
-9676
-7182
-9072
-11542
-10116
-4020
-5967
-8098
-4866
-3469
-7829
-10370
-6974
-10479
-15301
-15444
-12998
-15823
-17281
-14475
-13132
-11993
-8634
-4674
-2822
1041
5203
6975
8129
9536
7701
4951
3978
1475
-4555
-7500
-7303
-8997
-10467
-7536
-2765
-159
5554
12323
17706
20612
27118
30714
28586
25583
24757
22921
14107
8258
3902
377
-6408
-8154
-6407
-8610
-10814
-8839
-3474
-5998
-6990
-4388
-3569
-8468
-10213
-7448
-11062
-15920
-16217
-13574
-16144
-17309
-14489
-12166
-11156
-7952
-3417
-836
2042
5695
8146
9198
9147
7489
5226
3542
-268
-5563
-8033
-8434
-10479
-11459
-8353
-3871
-1098
4614
11462
16900
20459
26362
31192
29329
26861
25666
25332
16727
9913
6130
3054
-4046
-8176
-5328
-7379
-10642
-10423
-4008
-5711
-8348
-5215
-3503
-7911
-11288
-7058
-9728
-15507
-17333
-14205
-15842
-18206
-16156
-14172
-12395
-9959
-5373
-2676
896
3959
6516
8718
9697
7752
5372
5053
1773
-3722
-6641
-6306
-8900
-10578
-8079
-3601
-1825
2997
10097
15381
18978
23965
29877
28566
26944
24540
24530
17354
10401
5720
2283
-3239
-8806
-6337
-7639
-9976
-11106
-4861
-4339
-7288
-4954
-2908
-5432
-9822
-6268
-8193
-14020
-16497
-13504
-14647
-18242
-16313
-13787
-12271
-10784
-6119
-2820
63
3156
6013
8286
9326
8414
6281
5634
3061
-1439
-4537
-4873
-7233
-9145
-7430
-3877
-1934
1441
8678
13554
17447
21542
28219
28118
25760
24205
23961
18758
9777
6422
2539
-2531
-9579
-7302
-7496
-11120
-11914
-6354
-3906
-8133
-5052
-2084
-3624
-8807
-5664
-5663
-11982
-15257
-13042
-12944
-17600
-16662
-14078
-12534
-11888
-7766
-3833
-1315
1326
4441
7461
8641
7618
5858
5467
3521
-1005
-4279
-4868
-6936
-9327
-7916
-4232
-2467
358
7493
13466
17059
20544
27664
29163
26598
24217
24213
20447
11269
7218
3356
-1037
-8559
-7336
-6939
-10399
-12109
-7398
-3543
-7722
-5655
-2263
-2409
-7822
-5823
-4418
-10180
-14237
-12806
-11529
-16694
-16834
-14271
-12633
-12629
-9266
-4802
-2707
192
3255
6821
7842
7638
6328
5637
4097
-41
-3463
-4928
-6281
-8940
-8169
-4940
-2669
-474
6211
12512
16120
19479
26217
29193
26421
24290
23830
21383
12394
7376
3353
-438
-7598
-8834
-7832
-10571
-12317
-9545
-4369
-6941
-6266
-2905
-1498
-5636
-6280
-3899
-8292
-12776
-13424
-11483
-15597
-17475
-15333
-13318
-12696
-10782
-5830
-3161
83
2876
6596
8215
8138
7081
6008
4811
769
-2715
-4700
-5729
-8113
-7998
-5331
-2580
-566
4972
11221
15484
18455
24087
28470
26717
24424
23340
22538
14430
8313
4385
1164
-5801
-9417
-7777
-9748
-12013
-11144
-5197
-6315
-7177
-3927
-1701
-4868
-7372
-3987
-7027
-11794
-13448
-10740
-13557
-16530
-14639
-12645
-11618
-10842
-5808
-3264
-136
2291
5696
7713
8045
7117
5315
4811
1563
-2079
-4597
-4994
-7163
-7980
-5573
-2597
-899
3171
9715
14372
17087
21773
26958
26459
23787
22487
22313
15603
8433
4525
1653
-4820
-10059
-8349
-9237
-12069
-12274
-6132
-5384
-7057
-3841
-846
-2848
-6206
-2913
-4598
-9762
-12431
-10468
-12202
-16196
-15251
-13752
-12407
-11659
-7296
-4216
-1231
1901
4978
7704
8124
7456
5299
5005
2250
-1793
-4880
-5257
-6918
-8547
-6457
-3167
-1350
1949
8822
13844
16680
20898
26818
26319
23576
22232
22348
15818
8342
4760
1321
-4622
-9800
-8342
-9843
-12602
-12317
-7123
-6133
-7868
-4117
-1642
-2950
-5985
-2633
-3982
-8944
-11118
-9414
-10583
-14770
-13491
-12210
-11079
-10469
-6179
-3376
-1330
1882
5012
7557
7360
7214
5774
5333
2604
-1045
-3748
-4452
-6333
-8122
-6813
-3883
-2233
868
6925
12015
15235
19764
25735
25373
23216
22213
22928
16388
9343
5844
2754
-3630
-8712
-7349
-9326
-12495
-12550
-7264
-6793
-8186
-4577
-1876
-3496
-5945
-2293
-3747
-9103
-11452
-9446
-10995
-15592
-14644
-12988
-12056
-11853
-7259
-3886
-1658
1448
5230
8219
8307
8409
7294
6646
3709
156
-2565
-4204
-6570
-8562
-7038
-4637
-3393
54
6232
11621
14153
19637
24980
24639
21982
22074
22381
14751
8789
5703
2644
-5231
-7987
-6719
-9778
-13172
-11262
-6037
-7719
-7360
-3191
-1120
-3925
-3833
-566
-3711
-8457
-9313
-7996
-11210
-14249
-13263
-12407
-12059
-10781
-6585
-3806
-1344
1615
5253
8047
8104
7475
6668
6061
2482
-1239
-3260
-5104
-8124
-9432
-6754
-5083
-3578
496
7271
11507
14721
20934
24357
23062
21043
22876
20137
12236
7500
5535
767
-7043
-7274
-7267
-10637
-13483
-9053
-6147
-8303
-6137
-1936
-1238
-4535
-1518
78
-3925
-8049
-7206
-7050
-11368
-13221
-12822
-12179
-12519
-10276
-6884
-4326
-1551
1697
5810
7958
8020
7272
7524
6390
1983
-1551
-2948
-5059
-8605
-8863
-5837
-4665
-2836
2269
8995
12105
16238
22229
23974
21750
20997
22670
17191
9913
6230
4471
-2567
-7955
-7178
-8394
-12369
-12488
-7333
-7017
-7848
-4410
-1135
-2325
-3123
475
-650
-4833
-6799
-5619
-7765
-11655
-12570
-12707
-12241
-12186
-9620
-7098
-3484
-447
2631
6484
8502
8286
7087
7532
5092
301
-2967
-4047
-6932
-10037
-8589
-5802
-4344
-1439
4918
10603
13880
19374
23224
23227
21172
22212
20573
13311
8149
5179
1489
-6013
-7069
-7737
-10497
-12633
-9373
-6475
-8359
-5606
-2466
-1648
-4229
-1393
-129
-3830
-6425
-6379
-6660
-10587
-11186
-11859
-12501
-12160
-9912
-7443
-5644
-1249
1661
4993
7615
9298
7971
7092
6947
3065
-1234
-3851
-5067
-8442
-9218
-6916
-5155
-2900
1626
8161
11506
16563
21310
22847
21325
21600
22205
16098
10576
6767
4307
-3011
-6441
-6967
-9529
-12697
-11453
-7700
-9111
-8235
-4289
-2090
-4338
-3371
3
-2207
-5851
-6158
-5602
-8898
-11277
-11006
-12103
-12660
-11119
-8120
-6793
-3757
611
3997
6949
8755
9065
7859
7777
5638
1060
-2177
-4241
-6285
-8700
-7086
-5659
-3821
-405
5791
10394
13741
19545
21767
21860
20361
22615
18413
12025
7472
5261
-258
-6655
-6828
-9110
-12254
-13358
-8724
-8266
-9374
-5506
-1919
-2466
-3914
322
-79
-4234
-6040
-4661
-6517
-10843
-10777
-10975
-11538
-11615
-8449
-6481
-4771
-966
2831
6183
7650
8514
7697
7666
6268
2532
-990
-3203
-5214
-7781
-7108
-5566
-4453
-2114
3429
8545
11560
16872
20305
20603
19431
21474
19517
12813
8396
6014
1534
-5779
-6266
-7966
-11886
-13938
-9778
-8319
-10310
-6687
-3051
-2915
-4566
-150
102
-4059
-5920
-4269
-5751
-10077
-10350
-10304
-10903
-10968
-8420
-6399
-4678
-1502
2191
5491
7692
8377
8047
8192
7552
4147
881
-817
-3373
-6195
-6307
-4379
-4443
-2765
1600
6616
9396
14215
18633
18520
17749
19086
19617
12853
8333
5722
2639
-4426
-6460
-6523
-10633
-13278
-10710
-7184
-9661
-7756
-3290
-2138
-4430
-1845
1141
-2910
-6251
-4865
-4473
-8960
-10796
-9724
-10305
-10721
-8714
-6205
-4967
-2294
1520
4230
6863
8130
7905
7417
7824
5574
2037
105
-1725
-4646
-5811
-3723
-3475
-3056
272
5822
8740
12641
17407
18526
17085
18281
19686
14186
8488
6073
3377
-3703
-6777
-6538
-9857
-13894
-11954
-7979
-9496
-9041
-4424
-2314
-4379
-2695
1052
-1457
-5491
-4907
-3529
-6901
-9819
-9322
-9174
-9560
-8564
-6019
-4434
-2141
927
3779
6492
7841
7606
7043
7367
5321
1843
-118
-1835
-4884
-6770
-4667
-3873
-3664
-1048
4976
8337
11729
16972
18696
17755
17618
20167
14940
9230
5854
4147
-2727
-7223
-6544
-9490
-13330
-13122
-8283
-9608
-9896
-5793
-3068
-4644
-4307
-12
-1714
-5188
-5519
-3818
-6249
-8959
-8541
-8966
-8944
-7981
-5425
-4199
-1880
1198
3960
6734
8280
8236
7552
8118
6498
2877
647
-583
-3254
-5796
-4296
-3072
-2638
-762
4566
8192
11529
16159
17887
17190
16891
18955
14341
8971
5520
3624
-2594
-6636
-6323
-9180
-12894
-12302
-8152
-9703
-9878
-5857
-3838
-5741
-4713
-741
-2906
-6153
-5606
-4272
-7005
-8790
-8074
-9158
-9302
-7505
-5277
-4840
-2251
1332
3707
6147
8335
8571
7429
8153
7217
3677
1143
64
-2337
-4720
-3671
-2652
-2433
-517
4198
7193
10443
15098
16730
15524
15885
18188
13771
8566
6070
4322
-2313
-5776
-4984
-8187
-12716
-11940
-7503
-9650
-10278
-6259
-3809
-6291
-5088
-369
-2389
-6285
-5348
-2974
-6330
-8677
-7650
-8107
-9323
-7770
-4903
-4597
-2707
933
3890
5840
7976
8299
7233
7429
6734
3551
729
-294
-2569
-4634
-3541
-2213
-2313
-572
4329
7335
10417
14381
16138
14751
15678
17673
13161
8337
6281
4510
-2663
-5097
-4637
-8183
-12853
-11118
-7390
-10252
-9980
-5704
-4022
-6945
-4259
-47
-2720
-6188
-4619
-3128
-6601
-8023
-7640
-8627
-9288
-7173
-5218
-4717
-2288
1100
3575
5990
7954
7625
6771
7419
6067
2818
989
54
-2589
-3919
-2126
-1251
-1125
987
5533
7815
11491
14796
15496
14112
15858
16972
11785
8057
6301
3793
-3229
-4369
-4802
-9150
-12676
-10310
-8351
-11772
-9449
-5674
-5783
-8057
-3643
-746
-4506
-6260
-4203
-3974
-7689
-7550
-7395
-9110
-9310
-6531
-4718
-4685
-1635
1578
4124
6123
7813
7401
6988
7312
5298
2764
1076
-116
-2799
-2850
-1535
-1214
-631
2703
6154
7911
12360
15348
15118
13808
16797
16132
10989
7825
6864
2692
-3516
-3516
-4904
-9600
-12135
-8801
-8736
-11590
-8497
-5231
-6506
-8051
-3070
-1936
-5787
-6648
-4400
-5357
-8547
-7724
-7979
-9308
-8943
-6124
-5093
-4119
-867
1855
4188
6436
7654
6961
7345
7400
4625
2264
1424
-131
-3114
-2331
-1014
-1121
-335
3919
6753
8460
13155
15456
14620
13892
17386
14549
9892
7515
6592
750
-3705
-2762
-5750
-10518
-11006
-7262
-9690
-11085
-7042
-5248
-7733
-7191
-2317
-3932
-7092
-6252
-4576
-7188
-8873
-7457
-8675
-9394
-7862
-5398
-5176
-2834
477
2458
4737
7313
7910
6778
7692
6979
3850
1718
1315
-1273
-3621
-2167
-794
-1189
557
5340
7557
10327
14086
15658
14057
15191
16588
12300
8480
6990
4793
-1711
-2998
-3176
-7191
-10540
-8347
-6983
-10556
-8714
-5305
-6188
-8809
-4916
-2712
-6640
-7877
-5369
-5782
-9175
-7916
-7179
-9109
-9059
-5842
-4782
-4648
-1499
1293
2795
5083
7523
6916
6455
7280
6030
3094
1951
941
-1933
-2488
-1039
-727
-682
2854
6343
7905
11635
15054
14876
13517
16016
15392
10613
7820
7020
2898
-2508
-2161
-3691
-8371
-10186
-6929
-7855
-10725
-7695
-5229
-7305
-8507
-4054
-4242
-7785
-7708
-5517
-7301
-9464
-7839
-8123
-9464
-8409
-5555
-5168
-3842
-715
1600
3400
6207
7532
6669
7260
7816
5416
3002
2499
651
-2349
-1827
-481
-1054
-503
3770
6551
8366
12301
14753
13948
13604
16470
13692
9566
7394
6635
757
-2489
-1788
-4782
-9474
-9346
-6170
-9172
-10080
-6647
-5535
-8495
-7198
-3367
-5794
-8579
-6922
-5736
-8674
-9269
-7492
-8723
-9457
-7190
-4910
-4980
-2769
564
2362
4356
6888
7540
6750
7693
7354
4630
2769
2131
-156
-2279
-1189
-591
-1132
615
4884
6880
9367
13124
14511
13488
14575
16180
12228
8917
7455
5305
-772
-1855
-1924
-5988
-9476
-7582
-5976
-9437
-8283
-5344
-5891
-8517
-5407
-3495
-7090
-8654
-6524
-6576
-9580
-8869
-7942
-9296
-9197
-6461
-5106
-4879
-2044
740
2417
4643
6686
6609
6464
7315
5914
3522
2567
1462
-1273
-1862
-697
-718
-845
2396
5429
7036
10504
13659
13617
12655
15502
14632
10545
7840
7418
3028
-1744
-1188
-2650
-7269
-9053
-5566
-6731
-9300
-6615
-4375
-6848
-7837
-3656
-4469
-8123
-7806
-5725
-8036
-9837
-7701
-8180
-9681
-8289
-5243
-5184
-3958
-750
1316
2963
5642
6964
6054
6854
7241
4901
2935
2870
969
-1995
-1157
86
-752
-295
3800
5921
7351
11090
13425
12550
12565
15342
12628
8940
7325
6404
934
-1680
-981
-3940
-7798
-7171
-4715
-7612
-7709
-4640
-4569
-7455
-5728
-2999
-6117
-8456
-6820
-6610
-9668
-9515
-8100
-9773
-10176
-7457
-5657
-5663
-3206
-78
1476
3633
6381
6669
6115
7315
6854
4321
3165
2897
190
-1555
-322
207
-694
968
4542
5847
8367
11596
12761
11621
13544
14553
10810
8182
7383
4899
-649
-870
-1551
-5362
-7813
-5414
-5169
-8205
-5829
-3515
-5071
-7185
-3447
-3212
-7169
-7842
-6097
-7685
-10510
-8828
-8914
-10550
-9776
-6653
-5909
-5121
-1893
366
2012
4677
6706
5935
6159
7122
5597
3326
2918
1810
-1085
-1202
173
-278
-552
2491
5139
6212
9463
12290
12290
11699
14220
13522
9795
7734
6909
3174
-938
-799
-2628
-6226
-7144
-4802
-5881
-7439
-4624
-3273
-5237
-5599
-2510
-3848
-7115
-7122
-6464
-8898
-10512
-9273
-10223
-11306
-9566
-6946
-6415
-4733
-1463
628
2604
5355
6562
5846
6398
6863
4805
2968
2645
1071
-1260
-754
324
-70
386
3668
5656
7192
10464
12499
11900
11938
14251
12055
8884
7199
6254
1682
-982
-702
-3176
-6463
-6296
-4032
-6076
-6340
-3595
-2924
-5069
-4219
-1734
-4105
-6858
-6567
-6517
-9370
-10468
-9739
-10901
-11412
-9588
-7460
-6498
-4199
-1360
654
3134
5632
6079
5741
6508
6058
3785
2785
2326
92
-1512
-389
245
-166
1344
4494
5938
8122
11421
12541
11676
12669
14100
10968
8267
7174
5449
426
-916
-1001
-4108
-6934
-5602
-4196
-6657
-5630
-2808
-2887
-4994
-2946
-1263
-4168
-6224
-5562
-6348
-9586
-9875
-9556
-11098
-11578
-9414
-7557
-6703
-4089
-1403
755
3114
5448
5640
5619
6128
5031
3134
2468
1683
-1073
-1863
-551
-278
-490
1823
4857
5915
9046
12431
13142
12036
13943
14597
10954
8760
7733
5138
-100
-486
-1351
-4837
-7131
-5382
-4883
-7089
-4953
-2856
-3505
-5042
-2364
-1893
-4805
-6077
-5822
-7295
-9924
-9794
-10381
-11668
-11416
-9440
-8135
-6637
-3719
-1447
816
3554
5390
5445
5899
6348
4742
3203
2907
1622
-1063
-1254
55
-259
-12
2687
5213
6252
9755
12941
13066
12438
14371
14387
10736
8888
7816
4568
-173
-366
-1395
-5031
-6866
-5206
-4909
-6708
-4489
-2822
-3728
-4877
-2366
-2312
-5311
-6480
-6342
-7866
-10295
-10065
-10752
-11922
-11471
-9329
-8048
-6626
-3855
-1467
855
3353
4912
4969
5536
5874
4299
2881
2546
1190
-1084
-962
43
-258
395
3155
5400
6504
10229
13117
13004
12415
14534
14159
10432
8686
7711
4246
-360
-312
-1205
-4728
-6526
-4555
-4273
-5843
-3785
-2135
-3081
-4166
-1743
-1936
-4903
-6120
-5978
-7574
-9923
-9848
-10590
-11687
-11359
-9426
-8225
-6899
-4385
-1991
312
2746
4290
4580
5176
5538
4209
3021
2561
1140
-928
-898
-71
-482
138
2744
4972
6243
9843
12617
12678
12323
14428
14098
10511
8583
7592
4346
-202
-651
-1536
-4732
-6695
-5146
-4488
-5964
-4281
-2651
-3110
-4241
-2222
-1971
-4696
-6049
-6026
-6887
-9208
-9311
-9953
-10747
-10623
-8870
-7609
-6657
-4309
-2066
266
2306
4117
4563
4941
5216
4402
3517
2579
1258
-533
-623
-212
-453
257
2344
4654
6135
9694
12144
12424
12197
13932
13864
10407
8368
6936
4212
-285
-947
-1675
-4699
-6747
-5381
-4195
-5781
-4408
-2671
-2786
-4160
-2310
-1618
-4395
-6077
-5791
-6257
-8762
-8957
-9303
-10222
-10256
-8388
-7241
-6748
-4525
-2103
-109
1690
3863
4376
4493
4917
4658
3588
2536
1521
-177
-613
-63
-190
120
1969
4449
6033
9145
11831
12223
12041
13520
14081
10693
8524
7063
4742
156
-766
-1312
-4567
-6818
-5572
-4256
-6170
-5023
-3021
-3004
-4524
-2538
-1384
-4005
-5826
-5288
-5598
-8032
-8417
-8639
-9692
-9867
-8071
-7026
-6685
-4654
-2295
-506
1402
3557
3934
3905
4633
4543
3103
2068
1229
-317
-1085
-345
-253
-149
1447
4148
5782
8480
11464
12040
11719
12968
14243
10957
8650
7374
5486
884
-365
-581
-3791
-6516
-5689
-3989
-6140
-5689
-3521
-3067
-4720
-3206
-1445
-3563
-5510
-5140
-5072
-7424
-8193
-8197
-9146
-9623
-8251
-6984
-6589
-4868
-2703
-813
1188
3254
3646
3713
4577
4497
2973
1985
1333
-377
-1397
-769
-473
-602
807
3416
5162
7472
10706
11910
11468
12276
13896
11790
8861
7459
6117
2297
-155
-279
-2472
-5493
-5655
-3917
-5077
-5804
-3826
-2777
-4072
-3893
-1624
-2521
-5081
-5426
-4716
-6226
-8083
-8030
-8379
-8938
-8527
-6898
-6061
-5033
-3077
-1023
1021
2659
3513
3566
4207
4336
3091
2024
1250
71
-1349
-1038
-630
-710
122
2400
4602
6090
9305
11144
11440
11341
13028
12474
9448
7722
6418
3951
176
-408
-1708
-4427
-5945
-4807
-4389
-5959
-4515
-3072
-3165
-4218
-2257
-1578
-3926
-5143
-4608
-4861
-7310
-7485
-7492
-8179
-8569
-7040
-5772
-5452
-3924
-1816
117
1546
2926
3198
3501
3957
3446
2128
1361
527
-826
-1579
-831
-835
-688
881
3439
4960
6935
10241
11230
11160
11531
13314
11185
8384
6880
5712
2275
-837
-1053
-2922
-5337
-6052
-4307
-4903
-5565
-3782
-2480
-3210
-3640
-1694
-2210
-4377
-5034
-4535
-5696
-7391
-7055
-7352
-7992
-7683
-6066
-5250
-4686
-2840
-971
644
1843
2836
3021
3428
3514
2423
1457
976
-52
-1475
-1303
-504
-655
-23
2345
4646
5825
8559
11268
11657
11317
12628
13106
10064
7875
6847
4870
546
-878
-1133
-3679
-6111
-5375
-3923
-5538
-5257
-3287
-2699
-4278
-3394
-1789
-3361
-5229
-4983
-4622
-6424
-7038
-6681
-7131
-7611
-6595
-5381
-4947
-3787
-1984
-565
871
2238
2711
2737
3120
2696
1331
554
-25
-1484
-2517
-1924
-1444
-1593
80
2586
4248
5826
9325
11488
11269
11769
13163
12755
9612
8417
6960
4202
514
-140
-1136
-4033
-5548
-4789
-4008
-5499
-4446
-3043
-2920
-4101
-2783
-1717
-3486
-5015
-4860
-4665
-6470
-7025
-6908
-7162
-7530
-6553
-5102
-4319
-3169
-1593
221
1742
2772
2993
3083
3132
2333
1203
526
-372
-1756
-2242
-1685
-1258
-945
736
2753
4496
6317
9115
10905
11008
11294
11928
11834
9210
7506
5759
3797
564
-750
-1575
-3777
-5329
-5093
-3998
-5113
-4748
-3501
-2984
-4024
-3313
-2076
-3561
-5243
-5070
-4578
-6320
-7117
-6656
-6780
-7172
-6097
-4303
-3645
-2700
-941
990
2250
3004
3112
2922
2853
2126
850
-170
-973
-2119
-2650
-2041
-1428
-1150
366
2904
4828
6312
9229
11421
11449
11316
12530
12331
9187
7261
6221
4073
154
-896
-1496
-3841
-5658
-4837
-3862
-5443
-4867
-3257
-2768
-4113
-3125
-2175
-3699
-5061
-4840
-4716
-6519
-6936
-6747
-6872
-7022
-5962
-4650
-3984
-2656
-948
846
2031
2768
2925
3049
3072
2230
927
68
-668
-1806
-2237
-1724
-1426
-1134
841
3058
4739
6338
9401
11289
11341
11584
12269
11820
8893
7345
5790
3679
161
-1231
-1747
-3734
-5322
-5196
-3881
-5069
-4981
-3334
-2398
-3670
-3790
-2167
-3044
-4760
-5165
-4470
-5912
-7097
-6640
-6424
-6848
-6671
-4998
-3977
-2949
-1622
208
1626
2418
2752
2769
3034
2228
915
-207
-565
-1667
-2590
-2389
-1601
-1194
106
2693
4675
6219
8582
11512
11921
11645
11830
12282
9975
7400
6000
4221
951
-1528
-1597
-3075
-5238
-5700
-4229
-4504
-5253
-3548
-2386
-3210
-3976
-2116
-2177
-4235
-5051
-4407
-4967
-6716
-6497
-6334
-6597
-6812
-5175
-3829
-3089
-1925
-111
1682
2336
2732
2877
3139
2273
951
156
-251
-1531
-2607
-2166
-1243
-1045
9
2551
4609
5961
8098
11042
11625
11269
11430
11987
10142
7418
6020
4279
1396
-1512
-1713
-2983
-5249
-6275
-4946
-4510
-5585
-4408
-3115
-3079
-4054
-2500
-1959
-3690
-4903
-4332
-4206
-6188
-6487
-6263
-6235
-6707
-5406
-3848
-3190
-2164
-462
1620
2280
2863
3086
3317
2603
1545
813
21
-1049
-2211
-1862
-1355
-887
-284
1838
3853
5465
7270
9700
11037
10793
11065
11307
10571
7681
6181
4561
2381
-782
-1754
-2432
-4666
-5939
-5350
-4180
-5464
-4818
-3339
-2706
-3763
-2901
-1640
-3062
-4431
-4234
-3690
-5504
-6236
-5840
-5762
-6218
-5344
-3639
-3114
-2406
-864
1038
1795
2206
2483
2500
2153
1295
527
-272
-978
-2015
-1955
-1322
-851
-504
1164
3409
4848
6290
8346
10418
10435
10505
10644
10562
8344
6291
4885
2929
206
-1941
-2354
-4003
-5589
-5821
-4558
-4754
-5185
-3620
-2367
-2634
-3175
-1673
-1764
-3381
-4086
-3538
-4249
-5906
-5639
-5338
-5585
-5623
-3940
-2876
-2373
-1130
494
1667
2115
2768
2661
2373
1799
1257
325
-570
-1271
-1679
-1448
-1107
-592
233
2134
3806
5378
6825
9016
10271
10334
10304
10423
9795
7158
5578
3877
1835
-1485
-2520
-3169
-5063
-6362
-5737
-4490
-5494
-4647
-3007
-2257
-3356
-2511
-1270
-2487
-3996
-3932
-3479
-5098
-5887
-5501
-5309
-5659
-4910
-3439
-2594
-1752
-547
947
2019
2444
2346
2318
2270
1323
258
-293
-829
-1894
-2023
-1287
-727
-503
1150
3350
4773
6034
8139
10288
10288
10340
10411
10436
8123
6184
4574
2620
-172
-2325
-2695
-4222
-5734
-6124
-4531
-4563
-5034
-3702
-2213
-2437
-3198
-1750
-1667
-3261
-4159
-3450
-3898
-5630
-5509
-5018
-5162
-5498
-3908
-2627
-2281
-1415
396
1796
1984
2407
2591
2557
1922
1289
459
-420
-1070
-1532
-1451
-1273
-685
122
1876
3485
4963
6387
8447
9873
9751
9684
9732
9375
6682
4997
3491
1650
-1413
-2658
-2945
-4641
-5816
-5293
-3792
-4736
-4402
-2744
-1760
-2803
-2612
-1230
-2100
-3566
-3696
-3131
-4569
-5515
-5129
-4986
-5373
-4951
-3508
-2802
-2019
-871
638
1742
2220
2435
2487
2729
2041
1033
262
-99
-1066
-1650
-1254
-763
-552
619
2802
4162
5325
7081
9355
9659
9456
9378
9469
7834
5477
3984
2323
152
-2366
-2831
-3616
-4913
-5530
-4295
-3566
-4364
-3378
-1810
-1496
-2769
-1951
-1159
-2460
-3860
-3660
-3447
-5127
-5497
-5057
-4851
-5264
-4338
-2856
-2271
-1512
-235
1351
1756
2129
2358
2510
2111
1252
485
-186
-693
-1678
-1740
-1359
-673
-297
1250
3154
4507
5679
7447
9257
9014
8862
8753
8681
6307
4414
3223
1656
-924
-2750
-2596
-3756
-5018
-5126
-3472
-3617
-4153
-2633
-1307
-1776
-2699
-1124
-1131
-2799
-3683
-2894
-3468
-5240
-4913
-4389
-4541
-5002
-3413
-2297
-1837
-998
483
1700
1928
2425
2427
2573
1909
1071
307
-138
-851
-1856
-1452
-944
-546
-160
1839
3378
4321
5634
7545
8659
8087
8387
8181
7544
5104
3937
2560
774
-1562
-2807
-2809
-4071
-4868
-4757
-3176
-3549
-3513
-2015
-917
-1675
-2177
-679
-1193
-2924
-3514
-2758
-3819
-5311
-4719
-4192
-4595
-4690
-2876
-1812
-1525
-593
1089
2075
2058
2392
2595
2398
1523
820
202
-450
-1271
-1653
-1326
-984
-651
224
2012
3153
4157
5486
7329
7846
7591
7702
7597
6603
4442
3551
2176
438
-1873
-2349
-2595
-3832
-4485
-3733
-2530
-3247
-2559
-1076
-485
-1736
-1455
-385
-1529
-3199
-3334
-2893
-4441
-5301
-4557
-4212
-4837
-4272
-2445
-1825
-1553
-252
1285
1628
1697
2223
2249
1659
988
547
-67
-759
-1338
-1501
-1153
-832
-428
503
2045
3114
4139
5333
6850
7316
7204
7130
6916
5973
4033
3119
1829
195
-2001
-2241
-2490
-3617
-4150
-3230
-2220
-2840
-1895
-643
-430
-1535
-873
-231
-1652
-2891
-2783
-2659
-4215
-4431
-3853
-3742
-4048
-3195
-1852
-1424
-686
299
1345
1641
2002
2060
1844
1516
847
188
-360
-816
-1600
-1753
-1302
-1102
-950
146
1666
2439
3316
4879
6264
6384
6429
6694
6457
5243
3844
2989
1620
-82
-1709
-1951
-2541
-3580
-3867
-2850
-2310
-2816
-1804
-618
-653
-1563
-625
-239
-1627
-2661
-2223
-2397
-3965
-3992
-3332
-3514
-4064
-2915
-1641
-1429
-1001
342
1404
1517
1775
2111
2020
1431
925
429
-264
-1021
-1562
-1614
-1636
-1471
-1098
70
1245
2244
3372
4829
6152
6315
6571
6645
6632
5154
3900
3050
1812
-129
-1511
-1412
-2388
-3415
-3294
-2068
-2264
-2648
-1275
-453
-1015
-1642
-474
-720
-2211
-2747
-2301
-2872
-4136
-3745
-3445
-3706
-3749
-2487
-1743
-1544
-714
496
1216
1339
1740
1852
1704
1245
633
-43
-659
-1308
-1969
-2038
-1963
-1776
-1247
-26
1161
2251
3554
4944
5996
6410
6699
6571
6269
5112
3986
2836
1701
55
-1024
-1302
-1927
-2656
-2493
-1553
-1658
-1772
-782
-98
-786
-1202
-411
-845
-2241
-2643
-2309
-3097
-4113
-3664
-3468
-3744
-3659
-2373
-1795
-1473
-575
539
1161
1307
1752
1683
1479
911
285
-521
-1170
-1815
-2570
-2613
-2354
-2055
-1661
-191
1177
2203
3329
5040
6102
6108
6360
6569
6217
4544
3752
2851
1678
-155
-710
-805
-1666
-2166
-1690
-735
-1268
-915
62
488
-399
-480
135
-744
-2000
-2430
-2254
-3415
-4228
-4022
-3829
-4150
-3944
-2757
-2109
-1544
-733
494
1167
1422
1579
1585
1338
528
-169
-951
-1656
-2627
-2980
-2818
-2658
-2460
-1563
61
1218
2381
3635
5331
5953
6262
6404
6532
5796
4356
3648
2669
1461
-330
-500
-824
-1578
-2045
-1305
-666
-1221
-593
248
504
-447
-143
102
-875
-1975
-2228
-2295
-3594
-4078
-3844
-3671
-4095
-3599
-2422
-1796
-1276
-403
808
1244
1400
1472
1471
1006
130
-579
-1276
-2043
-2877
-3026
-2809
-2737
-2348
-1188
302
1267
2429
3971
5405
5883
6172
6592
6548
5668
4523
3995
2969
1506
177
75
-439
-1395
-1597
-863
-627
-1160
-434
341
134
-711
-268
-251
-1471
-2464
-2451
-2830
-4100
-4287
-3848
-3903
-4246
-3321
-2133
-1679
-1222
5
1023
1158
1270
1505
1301
483
-220
-835
-1689
-2597
-3090
-3183
-3102
-2884
-2263
-1073
292
1410
2685
4206
5521
6038
6408
6743
6598
5712
4702
4086
2863
1434
251
112
-634
-1459
-1491
-810
-695
-946
-44
452
172
-391
100
-335
-1613
-2350
-2480
-3196
-4337
-4272
-4065
-4204
-4175
-3076
-2125
-1629
-826
343
1067
1203
1384
1381
904
90
-656
-1476
-2360
-3215
-3625
-3631
-3397
-3083
-2251
-837
564
1812
3196
4777
5912
6480
6848
6981
6652
5747
4851
3924
2650
1273
352
42
-691
-1313
-1208
-543
-499
-508
294
674
248
-198
145
-466
-1760
-2415
-2573
-3371
-4294
-4160
-3963
-4115
-3762
-2667
-1913
-1501
-520
526
883
930
1130
980
259
-456
-1158
-2048
-2950
-3438
-3742
-3790
-3425
-2773
-1935
-649
875
2175
3423
4828
6027
6447
6682
6747
6499
5500
4562
3669
2549
1228
373
70
-557
-1051
-957
-372
-326
-262
338
615
246
-171
-38
-595
-1675
-2324
-2579
-3184
-3954
-3930
-3831
-3779
-3506
-2684
-1975
-1457
-717
-16
541
602
578
309
-103
-781
-1630
-2334
-2982
-3398
-3667
-3432
-2995
-2299
-1301
132
1525
2793
4053
5405
6401
6676
6788
6743
6437
5245
4321
3445
2373
949
379
208
-588
-1058
-618
-55
-500
-316
438
444
-413
-554
-312
-1287
-2417
-2724
-2874
-3843
-4348
-4013
-3952
-4038
-3578
-2533
-2021
-1592
-868
-67
299
237
202
-49
-423
-1219
-1973
-2533
-2928
-3348
-3469
-2919
-2308
-1594
-481
1156
2448
3511
4784
6127
6718
6702
6796
6745
5936
4669
3906
3042
1742
588
365
59
-669
-736
-112
95
-235
249
785
449
-302
-267
-393
-1450
-2437
-2743
-3075
-3938
-4279
-4095
-3966
-3983
-3388
-2528
-2020
-1597
-843
-142
47
-60
-98
-281
-808
-1606
-2167
-2579
-2987
-3264
-3088
-2503
-1890
-1019
247
1721
2862
3968
5149
6243
6589
6592
6537
6310
5337
4202
3451
2516
1250
328
311
-71
-719
-625
117
150
-161
396
739
115
-564
-382
-849
-2115
-2895
-2963
-3480
-4290
-4287
-3954
-3844
-3696
-2895
-2144
-1643
-1168
-507
-24
79
-38
-249
-513
-1055
-1741
-2268
-2564
-2822
-2942
-2557
-1889
-1194
-366
954
2326
3311
4190
5294
6253
6284
6140
6098
5824
4648
3657
3056
2144
842
303
340
-242
-773
-385
179
-132
-204
373
407
-366
-679
-601
-1309
-2399
-2798
-2876
-3466
-4002
-3855
-3561
-3558
-3335
-2618
-1970
-1673
-1323
-732
-273
-349
-601
-701
-869
-1420
-2058
-2264
-2456
-2606
-2505
-1873
-1262
-589
464
1771
2840
3666
4718
5712
6204
6122
6169
6046
5465
4329
3653
2938
1941
846
531
323
-348
-590
-224
26
-397
-216
184
-20
-756
-926
-1009
-1827
-2728
-3025
-3219
-3825
-4220
-3988
-3783
-3735
-3365
-2573
-2007
-1679
-1168
-533
-227
-399
-566
-652
-940
-1548
-2013
-2163
-2309
-2429
-2036
-1384
-711
8
1204
2423
3439
4286
5259
6145
6326
6302
6142
6014
4990
4036
3298
2508
1298
487
354
-169
-711
-702
-197
-347
-558
-203
9
-456
-1033
-1074
-1489
-2390
-3041
-3207
-3589
-4221
-4189
-3853
-3673
-3567
-2843
-2035
-1640
-1311
-626
-91
-218
-449
-424
-606
-1220
-1727
-1863
-2066
-2312
-2115
-1537
-1011
-439
532
1706
2720
3589
4545
5493
6037
6088
6102
6033
5510
4421
3637
2897
1882
710
298
31
-618
-979
-594
-269
-638
-528
-106
-92
-822
-1045
-1143
-1835
-2776
-3172
-3353
-4014
-4381
-4150
-3803
-3770
-3337
-2454
-1825
-1517
-935
-208
-31
-167
-131
-85
-490
-1021
-1179
-1295
-1524
-1645
-1227
-768
-277
347
1327
2287
3106
3949
4801
5513
5634
5710
5631
5412
4394
3588
2838
2059
847
214
20
-439
-903
-831
-273
-456
-521
-261
-19
-576
-1004
-1135
-1651
-2582
-3204
-3395
-3852
-4351
-4331
-3948
-3670
-3382
-2648
-1861
-1367
-943
-324
130
81
-25
-53
-208
-755
-1114
-1266
-1391
-1620
-1434
-949
-447
117
957
2034
2836
3696
4486
5373
5586
5653
5549
5426
4659
3684
2967
2164
1213
245
71
-336
-748
-900
-429
-336
-607
-357
-168
-404
-1036
-1103
-1538
-2370
-3064
-3335
-3632
-4197
-4240
-4046
-3666
-3375
-2813
-2126
-1511
-1039
-600
-54
96
-17
-140
-143
-469
-1023
-1257
-1315
-1432
-1557
-1097
-591
-10
647
1758
2712
3488
4372
5223
5802
5754
5825
5562
5148
4081
3330
2456
1592
591
56
-241
-742
-881
-810
-484
-641
-504
-372
-365
-726
-1071
-1335
-1960
-2589
-3142
-3406
-3799
-4075
-4046
-3790
-3422
-3087
-2497
-1956
-1393
-1010
-590
-307
-300
-402
-517
-641
-1076
-1375
-1478
-1464
-1515
-1278
-758
-154
492
1396
2357
3248
4008
4861
5537
5781
5739
5591
5363
4568
3706
2891
2154
1149
410
14
-427
-845
-891
-675
-743
-827
-610
-517
-803
-1162
-1313
-1732
-2406
-2898
-3151
-3438
-3788
-3766
-3577
-3268
-2954
-2417
-1864
-1386
-966
-580
-201
-101
-172
-342
-376
-606
-983
-1191
-1146
-1141
-1119
-695
-135
401
985
1978
2858
3514
4178
5012
5462
5346
5296
5160
4682
3637
2988
2248
1416
419
-37
-392
-863
-1104
-1027
-871
-1040
-884
-739
-801
-1170
-1351
-1570
-2117
-2692
-2962
-3120
-3445
-3628
-3451
-3117
-2841
-2509
-1981
-1502
-1162
-831
-487
-300
-388
-477
-528
-632
-916
-1081
-1043
-1001
-921
-584
-13
439
981
1791
2707
3347
3931
4664
5236
5283
5180
5091
4742
3842
3079
2487
1690
707
41
-179
-663
-1040
-1142
-899
-1012
-1075
-936
-922
-1196
-1483
-1598
-2058
-2571
-2864
-2973
-3277
-3467
-3317
-3055
-2826
-2547
-2112
-1692
-1313
-1027
-715
-518
-421
-460
-463
-511
-657
-779
-787
-696
-640
-414
4
460
932
1548
2353
3023
3637
4227
4834
5072
5050
4927
4643
4058
3190
2593
1832
1052
158
-132
-482
-890
-1157
-936
-821
-1062
-950
-814
-881
-1356
-1431
-1680
-2131
-2649
-2776
-2950
-3249
-3315
-3113
-2885
-2741
-2382
-1930
-1508
-1228
-853
-523
-306
-268
-221
-216
-319
-522
-624
-599
-589
-555
-335
96
607
1059
1766
2547
3269
3794
4416
4914
4964
4873
4616
4298
3436
2761
2037
1333
423
-123
-408
-843
-1161
-1201
-999
-1143
-1159
-1056
-1036
-1360
-1575
-1678
-2057
-2561
-2821
-2898
-3154
-3324
-3207
-2944
-2774
-2476
-1996
-1522
-1170
-791
-390
-97
-16
30
35
-57
-255
-428
-429
-467
-443
-298
118
538
997
1609
2363
3023
3521
4084
4568
4784
4616
4481
4142
3582
2786
2207
1490
734
58
-253
-633
-1030
-1178
-1060
-1040
-1209
-1127
-1077
-1149
-1478
-1563
-1818
-2152
-2557
-2702
-2854
-3060
-3115
-2970
-2711
-2577
-2197
-1763
-1322
-1067
-691
-354
-161
-146
-135
-154
-260
-410
-477
-447
-387
-301
20
437
892
1368
2036
2698
3207
3683
4137
4534
4446
4335
4007
3734
2970
2350
1698
1064
344
-176
-413
-834
-1047
-1124
-920
-1042
-1073
-983
-904
-1124
-1394
-1497
-1760
-2218
-2575
-2697
-2876
-3110
-3090
-2843
-2671
-2397
-1994
-1482
-1200
-858
-498
-174
-127
-149
-81
-113
-231
-364
-251
-228
-140
35
476
864
1272
1788
2446
2949
3363
3782
4167
4272
4088
3944
3616
3147
2381
1899
1234
626
-36
-334
-622
-977
-1078
-1071
-958
-1146
-1018
-1014
-1043
-1346
-1454
-1620
-2009
-2363
-2604
-2678
-2931
-2970
-2889
-2607
-2401
-2076
-1693
-1302
-1028
-733
-404
-253
-261
-248
-131
-196
-292
-276
-118
-96
46
353
756
1092
1516
2059
2579
3026
3411
3749
3969
4000
3863
3633
3316
2841
2205
1702
1134
576
-12
-266
-595
-857
-1023
-988
-1030
-1147
-1081
-1119
-1245
-1514
-1585
-1854
-2204
-2545
-2688
-2825
-3004
-2979
-2792
-2531
-2304
-1927
-1495
-1173
-895
-575
-294
-238
-211
-131
-109
-156
-217
-109
-66
54
220
580
900
1270
1736
2247
2767
3129
3533
3754
3995
3895
3798
3493
3214
2619
2051
1529
975
375
-176
-397
-742
-951
-1142
-1043
-1105
-1119
-1109
-1087
-1221
-1438
-1554
-1797
-2154
-2467
-2567
-2731
-2852
-2830
-2603
-2398
-2114
-1803
-1420
-1128
-841
-594
-399
-327
-301
-207
-205
-202
-242
-111
-49
80
251
555
874
1216
1678
2136
2630
2983
3374
3622
3818
3781
3658
3423
3073
2525
1949
1444
825
222
-267
-525
-873
-1104
-1163
-1107
-1134
-1164
-1065
-1086
-1238
-1421
-1547
-1801
-2141
-2360
-2473
-2621
-2721
-2631
-2400
-2224
-1966
-1628
-1254
-1019
-770
-508
-349
-278
-267
-160
-134
-121
-122
4
114
218
435
753
1102
1415
1877
2362
2793
3111
3442
3698
3734
3646
3466
3197
2721
2176
1658
1108
549
43
-281
-611
-829
-977
-976
-999
-1060
-1054
-1096
-1181
-1404
-1583
-1797
-2039
-2288
-2476
-2568
-2630
-2633
-2494
-2276
-2016
-1767
-1391
-1091
-841
-627
-400
-274
-292
-233
-209
-184
-259
-181
-109
27
195
498
838
1185
1627
2065
2532
2876
3218
3398
3552
3481
3371
3083
2751
2288
1769
1324
812
390
-48
-283
-599
-738
-874
-881
-994
-1031
-1042
-1132
-1275
-1454
-1563
-1781
-1956
-2161
-2230
-2336
-2340
-2337
-2158
-2003
-1773
-1522
-1203
-961
-761
-515
-367
-293
-305
-239
-288
-341
-386
-302
-227
-125
141
490
868
1249
1720
2236
2624
2972
3213
3452
3445
3364
3165
2893
2496
1994
1599
1108
708
222
-49
-355
-559
-739
-823
-879
-969
-977
-1042
-1089
-1237
-1325
-1474
-1621
-1814
-1947
-2053
-2132
-2173
-2150
-2049
-1911
-1715
-1502
-1239
-1035
-815
-643
-480
-422
-412
-425
-470
-502
-516
-467
-384
-183
107
450
843
1287
1764
2187
2567
2897
3122
3251
3262
3196
2960
2682
2340
1956
1549
1168
808
425
173
-61
-238
-421
-498
-587
-696
-782
-875
-1002
-1193
-1340
-1520
-1689
-1884
-1972
-2044
-2084
-2110
-2022
-1919
-1788
-1625
-1423
-1238
-1074
-890
-729
-611
-573
-554
-523
-496
-495
-447
-336
-143
64
366
701
1078
1461
1832
2198
2499
2754
2882
3006
2975
2845
2607
2383
2061
1687
1360
1027
734
404
222
-1
-152
-325
-394
-540
-700
-826
-959
-1146
-1399
-1548
-1730
-1870
-2015
-2035
-2071
-2053
-2032
-1924
-1828
-1718
-1582
-1411
-1230
-1101
-906
-757
-638
-598
-510
-423
-393
-353
-242
-69
103
327
617
920
1239
1572
1924
2204
2456
2658
2822
2872
2793
2658
2465
2216
1884
1583
1288
984
703
475
292
105
-31
-167
-284
-465
-611
-746
-946
-1175
-1378
-1523
-1702
-1842
-1922
-1939
-1975
-1986
-1963
-1887
-1831
-1757
-1620
-1465
-1304
-1144
-930
-778
-653
-552
-453
-353
-328
-233
-128
49
191
408
673
943
1243
1522
1844
2063
2293
2454
2598
2576
2497
2352
2168
1923
1639
1375
1093
866
612
441
272
146
8
-116
-239
-371
-533
-700
-904
-1084
-1286
-1430
-1579
-1669
-1752
-1788
-1805
-1823
-1787
-1777
-1679
-1614
-1471
-1351
-1167
-1021
-843
-722
-610
-529
-445
-374
-317
-227
-112
38
220
424
667
938
1221
1471
1726
1941
2123
2260
2332
2332
2230
2128
1930
1758
1479
1269
1017
831
635
478
350
234
134
14
-91
-250
-404
-618
-818
-1051
-1233
-1420
-1545
-1663
-1719
-1763
-1753
-1749
-1712
-1639
-1580
-1477
-1374
-1232
-1139
-987
-875
-768
-706
-621
-549
-474
-417
-310
-195
-20
157
406
662
958
1248
1505
1783
1977
2187
2251
2361
2273
2215
2041
1902
1648
1425
1225
998
826
614
522
347
279
92
9
-186
-319
-543
-744
-978
-1195
-1356
-1504
-1602
-1729
-1715
-1732
-1703
-1715
-1626
-1561
-1469
-1396
-1276
-1155
-1042
-924
-803
-718
-650
-569
-503
-453
-397
-315
-170
-4
211
467
785
1103
1399
1700
1948
2165
2279
2379
2366
2287
2144
1997
1792
1547
1337
1139
942
741
604
470
338
197
62
-71
-240
-416
-622
-818
-1018
-1191
-1357
-1497
-1612
-1677
-1722
-1733
-1740
-1710
-1643
-1535
-1424
-1310
-1166
-1015
-848
-738
-619
-531
-478
-450
-458
-420
-406
-327
-217
-7
249
521
866
1188
1509
1744
1978
2098
2171
2155
2086
1955
1767
1610
1391
1233
1023
892
740
628
499
389
289
128
13
-143
-296
-502
-642
-795
-962
-1126
-1251
-1356
-1452
-1524
-1562
-1582
-1573
-1533
-1425
-1307
-1187
-1054
-904
-763
-666
-577
-527
-504
-546
-559
-548
-536
-513
-389
-176
69
345
659
980
1260
1476
1660
1781
1815
1798
1746
1661
1516
1413
1310
1222
1081
1011
942
854
738
653
549
383
240
91
-72
-258
-400
-543
-695
-856
-988
-1095
-1191
-1294
-1351
-1386
-1366
-1351
-1273
-1177
-1072
-992
-897
-807
-761
-725
-718
-730
-787
-792
-788
-750
-699
-556
-355
-95
164
456
751
1000
1220
1387
1520
1560
1595
1574
1537
1457
1391
1330
1259
1192
1113
1065
980
898
797
681
535
365
228
58
-89
-250
-354
-509
-629
-755
-843
-960
-1074
-1126
-1165
-1178
-1191
-1107
-1058
-978
-918
-839
-820
-781
-805
-821
-883
-952
-982
-989
-945
-892
-751
-563
-306
-66
211
489
751
955
1150
1303
1393
1430
1476
1477
1422
1379
1348
1321
1250
1207
1139
1092
997
900
770
634
481
307
172
21
-109
-253
-388
-517
-632
-762
-888
-1006
-1086
-1151
-1183
-1187
-1159
-1111
-1070
-1008
-972
-947
-928
-936
-982
-1041
-1068
-1121
-1101
-1062
-983
-858
-657
-429
-184
99
371
657
896
1147
1327
1487
1594
1682
1723
1724
1705
1682
1633
1549
1482
1407
1318
1198
1084
947
797
639
481
326
185
30
-146
-292
-459
-636
-812
-962
-1107
-1228
-1296
-1323
-1310
-1292
-1257
-1216
-1174
-1159
-1141
-1144
-1153
-1182
-1203
-1230
-1234
-1213
-1170
-1105
-989
-827
-629
-392
-138
148
424
724
984
1237
1439
1612
1742
1830
1880
1891
1901
1851
1801
1722
1640
1518
1403
1265
1097
943
772
602
395
231
31
-159
-363
-566
-780
-970
-1117
-1260
-1347
-1384
-1352
-1314
-1241
-1180
-1111
-1079
-1041
-1060
-1077
-1110
-1126
-1164
-1183
-1168
-1153
-1095
-1035
-928
-803
-618
-417
-187
52
326
605
873
1112
1332
1503
1659
1760
1826
1849
1849
1819
1760
1689
1570
1467
1325
1187
1014
865
682
516
321
125
-72
-254
-445
-653
-819
-987
-1094
-1180
-1204
-1209
-1145
-1063
-972
-907
-849
-808
-803
-824
-867
-902
-948
-975
-1007
-1016
-1003
-978
-942
-876
-767
-639
-482
-291
-63
175
429
675
893
1090
1266
1415
1500
1564
1576
1580
1536
1482
1385
1296
1195
1073
948
804
690
541
411
239
88
-94
-251
-418
-575
-715
-833
-900
-943
-924
-893
-811
-736
-649
-595
-548
-532
-545
-588
-623
-661
-700
-724
-743
-751
-747
-726
-702
-641
-567
-458
-344
-178
-1
202
404
599
780
932
1068
1164
1218
1231
1224
1174
1120
1042
954
852
775
687
603
509
413
312
209
89
-40
-173
-308
-434
-557
-649
-722
-743
-741
-693
-643
-569
-498
-433
-380
-358
-355
-377
-405
-434
-465
-497
-527
-552
-572
-587
-587
-572
-532
-474
-387
-274
-131
25
184
351
515
659
792
876
944
966
963
927
868
792
715
638
558
491
426
382
325
271
206
148
74
-4
-100
-200
-302
-379
-448
-492
-508
-497
-470
-411
-347
-286
-220
-170
-142
-140
-140
-164
-205
-268
-331
-402
-473
-544
-606
-643
-655
-641
-593
-507
-389
-250
-95
66
229
382
515
628
714
759
768
751
719
656
590
531
471
423
385
349
319
300
272
231
199
155
95
30
-41
-112
-170
-219
-259
-280
-286
-259
-221
-167
-109
-52
-5
21
30
16
-20
-78
-159
-249
-342
-443
-540
-618
-665
-695
-694
-655
-578
-483
-353
-226
-88
54
180
288
372
434
463
467
457
423
379
341
299
273
246
245
241
257
266
267
262
250
229
200
154
101
56
11
-16
-44
-58
-60
-37
-14
19
59
92
109
113
97
65
15
-59
-145
-238
-332
-434
-520
-590
-624
-637
-617
-579
-505
-405
-305
-192
-83
30
127
195
237
258
262
245
202
167
144
121
98
96
114
140
167
200
234
268
288
299
293
287
262
224
188
152
124
86
66
51
41
41
49
68
70
69
62
41
9
-40
-102
-187
-264
-348
-425
-496
-540
-566
-553
-525
-472
-406
-320
-220
-124
-25
55
132
170
213
226
233
206
187
166
153
137
130
137
148
181
213
253
276
318
333
350
344
335
309
288
256
217
178
140
107
70
45
23
8
-16
-26
-41
-54
-80
-111
-153
-208
-277
-356
-441
-522
-594
-653
-693
-701
-692
-654
-581
-495
-408
-309
-198
-100
-13
66
129
181
237
279
313
336
351
361
381
392
392
399
414
438
455
468
474
479
468
453
428
396
356
309
256
204
153
103
57
19
-10
-41
-71
-99
-126
-155
-188
-246
-307
-370
-440
-515
-590
-667
-728
-768
-791
-795
-778
-738
-670
-580
-478
-383
-277
-167
-60
36
122
200
269
323
375
414
441
461
481
500
518
529
532
549
557
558
545
523
503
476
443
410
363
311
257
208
159
104
52
8
-23
-55
-85
-115
-149
-192
-239
-297
-359
-426
-500
-564
-618
-670
-713
-738
-751
-734
-710
-667
-608
-533
-448
-356
-254
-167
-73
22
105
185
255
309
360
404
435
453
473
495
514
535
547
554
559
563
551
530
497
457
408
358
310
252
195
140
94
53
20
-20
-49
-63
-84
-112
-143
-178
-215
-254
-310
-371
-434
-489
-540
-571
-598
-608
-607
-589
-556
-510
-452
-392
-323
-253
-185
-111
-44
12
68
115
157
200
227
254
285
310
328
345
361
378
404
418
421
425
413
393
367
329
281
236
192
143
102
61
27
4
-12
-25
-38
-47
-60
-69
-86
-112
-144
-176
-212
-254
-292
-327
-365
-387
-401
-412
-407
-396
-372
-341
-294
-251
-200
-146
-90
-37
9
53
98
140
179
210
238
259
278
291
309
318
323
328
331
331
323
299
276
259
228
193
153
122
89
62
37
8
-15
-33
-54
-68
-73
-90
-110
-120
-137
-157
-180
-210
-236
-258
-279
-300
-311
-323
-334
-335
-333
-329
-319
-297
-276
-237
-196
-159
-114
-57
-9
45
93
137
185
225
256
276
302
319
331
334
337
343
339
330
317
305
291
267
242
222
196
173
153
129
108
89
70
45
20
-15
-45
-73
-109
-143
-175
-205
-233
-266
-295
-316
-330
-344
-354
-363
-376
-380
-379
-371
-367
-353
-343
-319
-278
-239
-191
-144
-89
-34
29
92
146
194
246
289
324
353
372
386
385
378
362
348
335
317
297
287
275
258
245
225
202
179
163
138
112
90
64
28
-16
-58
-101
-140
-185
-231
-271
-295
-316
-336
-347
-349
-356
-355
-351
-350
-349
-336
-321
-305
-284
-257
-216
-179
-137
-96
-51
4
55
103
154
205
246
278
309
332
340
344
343
335
321
303
286
273
263
248
234
224
207
191
180
164
148
127
104
83
57
25
-20
-63
-103
-143
-178
-214
-243
-265
-271
-285
-295
-304
-307
-305
-298
-292
-285
-268
-250
-236
-218
-190
-163
-133
-95
-57
-19
23
64
97
131
167
191
212
240
251
258
259
250
243
236
223
209
199
186
171
163
152
141
132
121
106
90
67
38
17
-8
-42
-75
-102
-126
-148
-162
-185
-205
-217
-227
-233
-240
-245
-252
-247
-239
-230
-220
-207
-200
-183
-158
-137
-110
-79
-54
-17
18
41
73
105
129
150
170
190
209
224
232
231
228
232
224
215
207
192
181
173
158
142
126
109
95
79
61
42
18
-8
-28
-55
-74
-89
-108
-126
-145
-162
-172
-187
-198
-205
-215
-215
-213
-216
-209
-203
-200
-189
-175
-162
-143
-126
-99
-81
-64
-36
-4
25
49
72
98
131
160
176
198
215
231
241
247
255
259
255
253
249
240
230
211
190
177
151
126
105
77
55
32
3
-27
-50
-74
-99
-121
-145
-170
-187
-205
-217
-234
-248
-250
-250
-247
-245
-245
-237
-225
-219
-209
-187
-166
-146
-121
-87
-54
-33
-12
12
35
67
94
116
143
160
179
199
215
228
231
225
218
221
219
217
202
183
167
155
137
114
95
75
49
26
3
-15
-37
-64
-86
-108
-125
-148
-153
-163
-176
-185
-190
-191
-192
-194
-190
-179
-168
-160
-143
-122
-109
-96
-80
-58
-35
-11
13
27
48
68
93
108
123
132
139
155
160
165
167
173
174
166
161
157
147
131
113
96
76
57
43
24
7
-17
-29
-43
-58
-72
-92
-108
-114
-124
-134
-139
-147
-148
-149
-144
-148
-142
-138
-130
-121
-114
-96
-84
-63
-45
-21
1
20
29
46
65
74
90
100
106
123
135
139
144
146
148
144
143
138
130
123
119
112
91
87
77
58
38
28
13
-6
-18
-42
-57
-66
-74
-85
-92
-103
-112
-118
-128
-127
-124
-124
-126
-127
-123
-113
-109
-109
-98
-88
-74
-63
-57
-42
-27
-15
-7
9
29
40
51
58
75
83
92
104
106
113
108
114
111
107
98
90
90
83
78
68
65
57
40
31
19
9
-2
-14
-24
-31
-40
-57
-61
-69
-77
-86
-90
-95
-101
-95
-98
-95
-96
-99
-98
-94
-85
-83
-73
-59
-50
-45
-38
-30
-21
-10
-2
13
27
37
49
54
65
70
74
81
86
101
105
112
111
120
106
107
108
94
91
78
69
58
59
47
37
28
13
5
-1
-9
-19
-37
-46
-49
-59
-68
-73
-80
-85
-80
-89
-90
-92
-94
-85
-80
-75
-72
-61
-59
-53
-45
-43
-29
-23
-11
-1
7
16
24
35
43
46
47
62
68
75
76
78
85
81
75
72
77
65
62
63
58
58
48
37
23
7
-2
-10
-18
-25
-33
-38
-41
-47
-52
-65
-67
-72
-82
-79
-81
-79
-75
-70
-71
-69
-65
-54
-49
-42
-45
-34
-22
-14
-1
8
17
26
41
40
45
55
62
64
72
72
73
85
82
82
77
79
81
75
73
64
51
46
41
34
29
17
8
3
-6
-22
-30
-41
-56
-57
-65
-68
-63
-76
-83
-82
-85
-87
-91
-92
-83
-74
-72
-71
-66
-54
-48
-45
-35
-22
-10
-3
6
12
20
26
30
41
44
46
57
67
76
79
78
76
74
68
67
68
67
56
53
51
50
42
25
22
16
13
5
-4
-8
-18
-32
-43
-51
-53
-55
-57
-59
-66
-66
-64
-66
-71
-69
-65
-63
-59
-56
-52
-45
-37
-35
-25
-16
-9
0
10
18
24
30
38
39
44
48
56
64
70
71
64
70
69
68
70
73
72
74
71
66
57
53
44
34
29
21
14
9
3
-9
-14
-20
-25
-30
-32
-45
-52
-56
-66
-66
-68
-72
-77
-75
-78
-68
-70
-71
-73
-67
-57
-45
-36
-39
-34
-33
-21
-11
-7
-1
6
16
26
33
38
41
38
42
47
50
52
56
49
52
57
60
52
45
43
35
40
41
35
24
23
17
9
4
1
-6
-13
-17
-23
-20
-26
-25
-40
-46
-51
-46
-47
-48
-43
-44
-40
-37
-31
-42
-35
-38
-32
-35
-22
-14
-6
3
0
6
12
22
17
25
29
40
41
41
41
36
42
37
43
44
44
35
41
38
36
26
18
17
18
22
11
11
3
6
-9
-16
-12
-10
-13
-23
-32
-25
-17
-21
-26
-32
-33
-33
-31
-36
-32
-31
-28
-25
-22
-23
-19
-4
2
-5
-11
-6
3
7
-5
-5
4
20
22
29
27
30
34
25
28
31
39
30
35
34
32
35