-1
0
-1
-1
0
-1
-1
0
0
0
0
0
0
-1
0
0
0
1
0
1
1
1
1
2
1
1
2
2
1
2
1
1
2
1
2
1
2
1
2
1
1
2
2
1
1
2
1
1
0
1
1
0
0
1
0
0
0
0
0
-1
-1
-1
-1
-1
-2
0
-2
-2
-1
-1
-1
-1
-1
-1
-2
0
-1
0
-1
-1
-1
0
-1
-1
-1
0
-1
0
-1
-1
0
-1
-1
-1
-1
0
-1
-1
0
-1
-1
-1
-1
-1
-1
-1
-2
-2
-2
-2
-2
-2
-3
-2
-2
-2
-2
-2
-1
-2
-1
-2
-1
0
-1
0
0
0
1
0
1
2
1
1
2
2
1
1
2
1
2
2
2
1
2
3
1
2
2
2
2
1
1
2
2
1
2
2
2
2
1
1
1
2
1
1
0
1
0
1
1
0
0
0
0
1
0
0
0
0
1
0
-1
-1
-1
0
1
0
0
-1
-1
0
0
0
-1
0
-1
-1
0
0
-1
0
0
0
0
0
0
0
0
0
1
0
1
1
0
0
0
1
0
0
0
0
0
0
-1
0
-1
-1
-1
-1
-1
-1
-1
-1
0
-1
0
-2
-2
-1
0
-1
-2
-1
-1
-1
-1
0
0
0
0
0
1
1
1
1
1
0
0
0
1
-1
-1
-1
0
-1
-1
-2
-2
-2
-3
-1
0
-1
-3
-3
0
0
-1
-1
-2
-1
-1
-1
0
-1
0
0
-1
-1
-2
-1
1
-1
-2
-3
-1
0
-2
-4
-4
-1
3
0
-2
-2
1
4
5
4
2
1
1
5
3
1
1
1
2
2
2
0
0
0
1
0
-2
-3
0
3
1
-2
-1
3
4
2
0
0
3
4
2
0
-4
-3
2
5
2
-1
0
2
3
1
0
2
2
-1
-3
-1
0
-1
-1
1
4
2
1
2
4
5
4
3
3
1
-1
-3
1
0
-3
-5
-5
-3
-1
-1
0
0
-1
2
4
5
3
3
4
7
8
6
5
3
5
8
5
-1
-3
0
2
-1
-5
-7
-6
-4
-2
-3
-8
-7
-3
1
1
-3
-5
-2
3
3
-1
-1
-2
-2
0
-1
-2
-3
-3
-3
-3
-4
-5
-6
-10
-11
-9
-9
-13
-14
-11
-7
-6
-7
-6
-1
2
4
6
6
7
12
13
7
8
12
16
16
10
7
12
14
13
11
5
-2
-2
2
4
-2
-15
-18
-3
6
-4
-17
-15
-2
7
-1
-12
-12
-2
3
1
-8
-17
-18
-7
-1
-8
-14
-13
-2
6
-6
-21
-12
12
18
3
-9
2
20
21
10
3
16
33
31
31
38
40
37
17
5
27
43
21
0
-14
-3
45
54
-10
-58
-55
-23
2
-23
-62
-46
-5
-4
-30
-20
17
12
-5
3
3
-13
-28
-31
13
57
8
-68
-39
39
93
58
-39
-25
39
23
5
22
40
30
8
-10
-3
-20
-66
-81
-92
-70
-25
-39
-127
-197
-184
-152
-114
-69
-73
-96
-76
-8
34
75
20
-63
-33
60
117
100
130
185
225
199
153
186
256
236
143
120
123
124
178
165
75
12
-33
-74
-94
-106
-120
-84
-140
-260
-236
-121
-104
-207
-258
-206
-97
-39
-102
-207
-123
69
68
-51
-54
71
148
86
50
115
184
172
121
65
47
96
129
101
74
83
49
17
10
-55
-82
3
30
-74
-159
-135
-60
-49
-104
-176
-245
-124
34
32
-54
-24
73
105
114
46
54
85
80
32
-27
-60
34
98
-31
-87
67
176
99
15
-40
-39
-35
-32
26
91
111
112
81
67
120
169
201
96
-60
-63
-42
-120
-136
-81
-178
-219
-132
-69
-99
-181
-194
-121
-168
-229
-117
-13
-23
-93
-117
-9
243
297
146
49
222
398
323
232
237
163
105
201
180
104
117
31
-159
-221
-203
-168
-127
-177
-334
-439
-364
-276
-268
-341
-354
-175
-61
-210
-340
-189
13
104
79
-43
41
137
71
114
204
104
29
50
29
55
42
-37
-74
28
45
-58
-71
0
-86
-144
-156
-350
-444
-172
51
18
-95
-17
74
148
338
429
332
237
367
570
686
569
394
433
607
687
519
374
395
515
371
153
96
145
101
-41
-34
-60
-205
-380
-505
-639
-701
-725
-637
-563
-660
-789
-693
-441
-241
-262
-332
-189
-64
89
158
136
75
102
87
66
59
11
-54
16
125
106
60
9
-24
34
130
56
-33
-57
-56
-140
-41
138
112
38
82
-17
-211
-266
-282
-259
-324
-308
-333
-280
-197
6
175
147
69
57
78
121
269
539
724
854
1020
1102
1056
1039
936
631
497
530
369
349
471
369
199
115
-84
-131
-106
-344
-601
-645
-484
-303
-559
-880
-913
-850
-782
-627
-402
-177
176
331
233
64
-67
2
437
659
351
-41
20
373
616
410
-230
-531
-680
-750
-905
-793
-1078
-1718
-3743
-5844
-3933
-688
-2742
-7634
-7320
-3065
583
-183
-3513
-2668
2229
4572
4692
4009
2663
6031
12742
12654
5324
115
4799
16138
17903
3344
-9023
-4372
9471
15388
4126
-14506
-17979
-3168
9522
4356
-13418
-24959
-15824
2755
6362
-7201
-18396
-14938
-1978
7668
4164
-5179
-5620
2584
8466
9102
6244
3524
4880
7713
6966
5598
6373
6724
4212
729
-1842
-224
2885
1288
-5380
-11769
-10142
-1692
563
-12979
-23440
-14425
2439
2861
-14046
-24877
-11263
11304
12704
-3806
-14423
-4425
16468
26384
13564
-1578
4641
24182
30120
13834
-388
8760
24404
18437
-2337
-9050
4050
16915
8460
-14456
-24015
-9593
7197
3337
-17458
-32596
-22202
1116
6033
-11457
-26028
-20069
-1567
10967
5087
-9152
-10279
3768
15486
14277
5983
1124
5451
12755
13292
8391
4797
5120
6159
5384
1660
-793
114
60
-3429
-10238
-15417
-11335
564
-1494
-18745
-28616
-15637
3897
6354
-13321
-26600
-11990
11215
17949
4061
-12514
-8880
17747
32761
19090
1173
3212
16994
24682
19872
11735
6817
5064
5246
9294
10303
4066
-5155
-10459
-9911
-4664
165
-6330
-20416
-26583
-16317
-3537
-3315
-14197
-21044
-15777
-3810
5331
4290
-3335
-5863
1496
11027
14006
10195
5110
4636
8990
13326
14405
10367
4903
2308
4321
5012
3473
528
-3382
-6921
-11317
-13160
-8649
-1225
-9066
-23828
-26514
-10903
4168
572
-18561
-25426
-7294
12555
14962
-999
-13333
-1896
24402
30800
15607
3953
11226
24946
25808
12525
8496
16639
17514
4664
-4124
-45
9607
8903
-8423
-24213
-18141
35
3471
-11915
-30135
-29142
-9370
4539
-4148
-19957
-21797
-7989
7709
10438
190
-7493
-1342
11232
16815
12640
6026
4915
9451
13897
13492
10225
7086
5216
3958
3562
2623
1043
-1719
-9803
-14738
-7334
465
-10488
-24363
-22245
-7976
-940
-11046
-23732
-17930
44
6295
510
-10286
-10959
7503
24588
15685
-932
2911
21093
32149
24441
6480
923
14453
29364
24067
2408
-13747
-4789
15547
16068
-7090
-26158
-20404
-3165
4393
-8663
-27480
-31352
-15816
264
-2369
-17126
-22242
-9791
3881
6439
1207
-2156
1774
9416
13749
12058
9725
10309
12611
13374
10661
9033
10108
10220
5237
1146
-215
308
-282
-6944
-13307
-11052
-4669
-10196
-18098
-20988
-14389
-7739
-9854
-18354
-17631
-7757
-876
3391
-3321
-9855
-133
18880
19360
8149
4850
13560
26569
29064
18142
7649
8997
18167
24412
17872
-2543
-12489
-1174
12254
5814
-12596
-23345
-18717
-5885
-2680
-13299
-27620
-28649
-14640
-1597
-4399
-15615
-16445
-6140
4686
7433
4590
1975
4888
11699
15713
14426
11605
11670
13210
12335
10548
10364
10107
6862
3604
1044
-1654
-2422
-5905
-12475
-14534
-7397
-8476
-19596
-26882
-17522
-3679
-5220
-20953
-27010
-10562
6754
8630
-6084
-16783
-5409
22418
30109
10696
-3452
6066
26118
31641
17314
2071
2195
14789
23639
18405
-412
-13099
-5886
9017
8716
-7725
-20911
-19965
-8990
-3107
-8374
-19863
-24316
-16412
-4681
-1798
-8697
-12523
-7276
1570
5524
5213
4497
5599
8793
11425
12308
11497
11723
11877
10739
8807
8273
8455
7451
4549
230
-3011
-6620
-8902
-5580
-751
-8694
-24033
-25796
-9270
3953
-4639
-25322
-29599
-8626
12763
11315
-10148
-23876
-7529
23841
29735
6409
-9479
2296
25278
31844
16341
-112
556
13672
22702
18105
1257
-11261
-5909
7650
8846
-4630
-16682
-16938
-8830
-3599
-6027
-14277
-20276
-16893
-6902
-2069
-6421
-10381
-8089
-2269
2417
4488
4434
4168
5469
7741
10157
11133
10995
9961
8861
7605
7545
8505
8427
4885
572
-2138
-6630
-8461
-1927
3090
-9836
-25676
-22661
-2297
8649
-5520
-27424
-26093
-850
16196
7944
-15896
-23523
-709
27345
24107
-1264
-10336
7846
29751
29117
10543
-1633
4149
16525
21183
13599
-3070
-10727
-1943
9071
5047
-7868
-15596
-14505
-8170
-4799
-7570
-15847
-20577
-15830
-5864
-2410
-6985
-9669
-6774
-1538
2261
4719
4750
4088
5137
7600
9782
10472
11087
10536
8506
6014
7061
9887
9088
4498
-4187
-10759
-5716
7040
3860
-15991
-26889
-14598
5532
6372
-14591
-29736
-16757
5745
11798
-3628
-20922
-14826
11418
24207
8744
-7390
-1352
18572
28358
18352
4795
4706
12853
15645
14625
10784
1458
-5832
-2760
5131
5475
-2856
-13187
-16759
-12408
-5081
-3235
-12649
-23466
-21188
-7238
399
-3950
-10834
-10968
-4537
3192
7398
5596
2072
1957
6517
11317
13015
11654
8790
6427
6274
9061
10783
8142
-60
-7646
-6826
892
3065
-6419
-17500
-18381
-7482
1455
-2831
-15609
-19117
-8583
2886
2481
-6700
-10698
-3699
7748
12196
8413
4048
6647
14484
19448
19261
15071
7883
3351
11048
22560
15665
-6577
-16386
-1034
15298
9896
-12141
-25828
-18629
-1402
5534
-8746
-28536
-29880
-8509
7463
-297
-16679
-18011
-4529
7242
9005
2788
-1780
1226
8844
12865
11055
8324
7810
9050
8549
7754
8054
6850
494
-5797
-3735
1934
-401
-11235
-16536
-10529
-2268
-3026
-11181
-16679
-11791
-1399
1989
-5937
-12910
-6607
6471
11158
5020
347
4818
13772
17675
14846
11494
13216
13738
8532
6319
15021
17866
2234
-13774
-7137
10775
12368
-5028
-21560
-20838
-7539
3748
-3068
-21545
-29137
-14662
1456
-172
-11201
-13175
-5890
-204
2070
3815
4659
4842
5509
5970
6959
11440
15209
11426
3363
1827
7956
9847
3004
-3640
-3123
-1890
-5407
-9926
-9000
-4278
-4624
-12130
-16228
-10026
-795
593
-7824
-16211
-10333
6629
13965
3898
-6458
-1108
14225
22332
15896
5459
6492
16790
18817
8779
4856
13361
14928
852
-10275
-2822
9707
8130
-7993
-21416
-19061
-4061
5598
-5209
-25882
-30721
-11491
7103
2943
-14709
-21019
-9477
5520
10929
4438
-3941
-3452
6927
15519
14095
7659
4990
7286
9180
9826
9294
6107
-1687
-5738
-758
4866
-1357
-13445
-15937
-6440
1194
-4428
-15353
-16755
-6516
1683
-1293
-11293
-13892
-2797
10100
9071
-1607
-3916
7203
17999
16940
9227
7054
13695
20855
15231
2151
1361
16354
19595
569
-16040
-7641
10965
12508
-6189
-24949
-23275
-5006
7713
-3171
-25369
-31394
-12016
7845
4439
-13171
-19913
-8779
5888
11020
4968
-3222
-2685
6588
13976
12505
7808
5941
7271
8521
9201
9337
6595
-684
-6007
-1855
4712
-413
-13651
-17414
-6208
2823
-4061
-17013
-17627
-5514
3613
-244
-12804
-16166
-2515
12685
9571
-3753
-5792
7255
19237
17398
7750
5019
13671
22219
16961
2664
-1436
12647
21387
6614
-14503
-12757
6902
14779
-770
-22445
-25540
-9977
5711
670
-20243
-32318
-18700
3572
7040
-8082
-19135
-12416
2464
11133
7719
-803
-2902
4352
13090
14520
10209
6200
6732
9641
10928
9596
5883
-481
-5528
-1899
4126
-898
-13643
-17218
-6724
2428
-3317
-17366
-20079
-7703
3915
931
-12762
-18185
-5218
12014
11739
-2008
-7771
3921
18811
20100
8944
3193
11252
22327
21854
8432
-2766
3899
20202
17770
-5473
-18744
-4578
13141
8524
-13062
-26572
-19930
-2275
6138
-6982
-27715
-29079
-7516
9064
1695
-15053
-17764
-4773
8523
11066
4030
-2410
630
10292
16006
12287
6210
5557
9612
11152
8563
3598
-896
-736
3142
1465
-8859
-15128
-8739
870
-1691
-14337
-20403
-11519
643
1555
-9331
-18449
-11766
5754
12522
1228
-9402
-2929
12847
19729
11388
827
3374
16926
23914
17475
7061
2650
6121
12919
15619
6878
-6733
-11484
-2091
6828
1427
-12978
-20340
-14620
-5201
-1640
-8553
-18993
-21083
-10272
706
-514
-8602
-10392
-3502
3805
7055
6337
4225
4319
7610
10737
10527
9582
9227
8605
6917
6014
5619
1973
-3362
-4191
-664
-2759
-11038
-15107
-9211
-1770
-4313
-14663
-18927
-9891
1184
1772
-8486
-15461
-7299
8338
12645
3039
-3618
2558
14635
18683
12257
5837
9664
17508
19178
13332
5033
948
7005
15725
9715
-7908
-15238
-4168
6507
1514
-13625
-22347
-16846
-4229
945
-8764
-21709
-21271
-6782
4172
656
-8856
-10474
-2144
6882
9897
6410
2673
3884
9294
12880
11418
8451
7024
7853
7845
6277
3577
90
-3715
-5062
-3016
-3769
-9433
-14452
-11963
-5441
-4073
-10587
-16132
-11983
-2449
1657
-4261
-11381
-8065
4061
11480
7241
514
1861
11159
17587
14923
8641
7886
13122
16957
15707
8332
1104
1655
10467
12380
209
-13430
-12294
-142
4206
-5865
-19313
-20779
-11097
-1281
-2644
-13634
-21570
-15288
-649
5406
-1604
-9678
-7307
2697
10435
10508
5295
2365
5117
11205
14268
12176
7341
4738
6156
7916
6791
2458
-2966
-6141
-4550
-2266
-5642
-11859
-13635
-9084
-5397
-7693
-12357
-12117
-6822
-2554
-3093
-6864
-6589
-122
6233
6046
3005
3334
8258
12955
13001
9886
8975
11754
14912
14470
11032
6370
3407
3404
6880
7601
-500
-11669
-12078
-1735
2324
-6931
-18252
-18883
-10964
-2777
-2929
-12082
-19534
-13741
-442
4468
-2001
-7823
-4494
3855
9196
9004
6041
4835
7041
10963
12525
10387
7430
6995
7751
6435
4761
2674
-2081
-6246
-4182
-1555
-6470
-13572
-14082
-8148
-4737
-7908
-13626
-13719
-7501
-1116
-1162
-7178
-8873
-1153
7896
7877
2603
1413
7266
13434
13525
9395
7733
10957
14865
14550
10523
6737
5014
3683
4138
5902
2289
-7726
-12723
-6376
30
-3587
-13170
-17761
-14021
-5726
-1531
-6852
-15936
-16288
-5924
3317
2451
-3927
-6059
-417
7734
11539
8845
4752
4640
8720
12716
12381
8375
4901
5044
6672
6683
3343
-2802
-6680
-4667
-1784
-5545
-12575
-14511
-9791
-5126
-6782
-12331
-13891
-8163
-1417
-450
-5605
-8508
-2925
5850
8182
4144
1810
5592
11902
14176
10998
8187
9613
13141
13856
11260
8198
5591
2698
1257
4290
5243
-2110
-12022
-11637
-3252
-275
-7622
-16532
-17252
-9946
-1800
-2372
-11119
-16640
-9996
1602
5386
-268
-5875
-3036
5317
10636
9170
5356
4741
7920
11800
11840
8291
5483
6206
6750
4546
2000
-180
-3459
-6058
-4790
-4044
-7923
-13080
-13295
-8623
-4956
-7144
-12507
-12851
-6591
24
52
-5520
-8294
-1847
7802
9877
4509
1487
5989
12807
14720
10823
7231
8643
13149
14205
10015
5666
4085
3069
1600
2645
2297
-3873
-11436
-10668
-3965
-2003
-8215
-15091
-14800
-8567
-2650
-3697
-9853
-13245
-7824
1225
4347
216
-3083
67
5824
9090
8898
7340
6025
6358
8593
10280
9346
6523
4527
3751
3496
3379
1448
-3428
-8231
-7698
-4246
-4762
-10787
-15129
-12009
-5702
-4222
-8944
-12266
-9062
-1725
1410
-2526
-6774
-3324
5420
9831
6642
2205
4195
11220
14853
11473
6687
6890
10735
12992
10243
5843
3612
2480
868
1378
2867
-1404
-9515
-12255
-6556
-1916
-4689
-11611
-14419
-10546
-3858
-1278
-5713
-11197
-9509
-1115
4382
2443
-1417
-555
4247
8007
8593
6987
5715
6349
8691
9550
7609
5494
5087
5254
3911
1930
-40
-2271
-5037
-6181
-5028
-5658
-9848
-13550
-11294
-5899
-4528
-8734
-11888
-8961
-2792
796
-1786
-6050
-4415
3646
9087
6854
2701
3744
9538
12913
10616
6340
6186
9898
12010
9325
4879
4391
5803
3415
-1881
-1894
1539
-718
-8804
-12323
-7299
-2309
-4277
-10813
-14046
-10836
-3331
462
-4253
-11355
-9686
77
6223
3798
-971
-1325
3084
8420
10352
8094
5396
5316
7699
9659
9361
6963
4689
3225
2106
1935
1531
-1142
-6124
-8788
-7936
-6219
-7178
-10139
-12394
-11567
-7739
-4954
-6059
-8536
-6941
-2881
-215
-237
-647
326
3360
6532
7571
7268
7178
7983
9202
9996
9355
8288
8085
7759
6447
5897
5951
2483
-3348
-3916
1501
2263
-6322
-14215
-11459
-2868
-347
-6957
-14162
-13312
-5040
1902
-210
-8366
-11020
-3042
6645
7549
1672
-1483
2090
7916
10653
8886
5516
4533
6896
9336
8698
6153
3976
2919
2018
1074
258
-1196
-5034
-9457
-9741
-6291
-5612
-10422
-14954
-12773
-6041
-2946
-6747
-10679
-7431
81
3390
-260
-3856
-1221
5992
9965
7393
3281
4382
9993
12598
9142
4673
5134
8453
9407
6738
3453
2887
3715
1574
-3904
-5545
-1002
892
-5950
-13788
-11770
-3368
200
-5157
-11687
-11587
-4440
2998
2615
-4662
-8546
-2377
6370
8424
4313
932
2010
6096
9653
9775
7044
4035
3639
5779
7465
6046
2453
-225
-740
245
465
-1923
-7139
-11084
-9352
-4469
-4204
-10230
-14849
-11509
-3182
557
-4197
-10017
-7438
1593
6871
3014
-3689
-3453
4512
10988
9165
2974
1089
5611
10354
9233
4410
2211
4186
6296
5447
2594
602
1274
1467
-2137
-5940
-3342
1505
-739
-9130
-12098
-5340
2203
1270
-6114
-10157
-5946
2364
5793
727
-6478
-6049
2531
9211
7210
1022
-1143
2528
7414
8911
5886
1840
654
3351
6076
5268
1588
-1113
-1277
-588
-250
-793
-3176
-7250
-9069
-6286
-3122
-4438
-8837
-10262
-6470
-1060
59
-3571
-6017
-3115
2171
3449
119
-2479
29
4501
6101
4313
2290
2821
5244
6607
4871
2995
3110
4200
4046
3080
2230
1602
1921
1032
-1685
-3722
-300
3119
-539
-8201
-8787
-1285
3817
823
-6017
-8003
-3396
3730
5055
-1146
-7339
-4978
3332
7326
3972
-1282
-1831
2026
6145
6439
3207
471
687
3379
4854
3827
1148
-350
-387
191
608
46
-1755
-4725
-6659
-6259
-3410
-1987
-4910
-9433
-9557
-3842
1345
-142
-6537
-8725
-3220
3455
3732
-1586
-5145
-2105
4904
7999
4110
-803
197
5657
8406
5860
2056
1765
4598
6432
5083
2527
2112
2794
1573
-1144
-709
2790
2735
-3313
-8090
-4475
2169
2740
-3310
-7849
-6168
-162
3849
1079
-5451
-7132
-1333
4654
4455
91
-2369
-288
3469
5133
4126
2712
1819
1939
3469
4908
4248
2141
889
432
462
915
473
-2376
-6200
-7048
-4751
-2545
-4185
-8458
-10627
-7215
-1870
-1362
-5788
-8477
-5108
280
2208
-796
-3855
-2304
3044
6175
4527
1662
1660
4624
7107
6739
4469
3558
4783
5757
5140
4017
3711
3982
3268
365
-2331
-283
4096
2569
-5466
-9542
-4083
3089
2750
-4236
-9315
-7209
213
4753
1091
-6377
-7677
-922
5581
5102
-84
-3024
-770
4016
6652
5318
2143
487
2098
5310
6615
4076
546
-217
1211
1691
245
-2070
-4787
-6468
-6187
-5068
-4825
-6053
-8202
-9318
-7122
-3180
-2143
-4966
-7172
-4789
150
2631
538
-2423
-1385
3438
6927
5804
2581
1903
5086
8227
7377
3998
2618
4370
6130
5730
3700
1960
2295
3545
1858
-2441
-2896
1556
2777
-3225
-8636
-5964
860
2893
-1845
-7316
-7271
-1595
3964
2934
-3642
-7321
-2776
4344
5998
2113
-1584
-1212
2566
6157
6007
2938
578
1190
3428
4834
3557
566
-1311
-975
-74
-205
-1699
-4354
-6096
-6280
-5904
-5797
-5060
-5582
-7735
-8377
-5044
-975
-886
-4206
-6068
-2686
2531
4429
1258
-2160
-833
4763
8376
6269
1785
586
4416
8126
7247
3098
758
2130
4978
5991
3435
402
472
2193
1078
-1340
-583
1741
40
-4744
-5543
-896
2705
838
-3794
-5858
-3277
2092
4246
111
-5541
-4960
1163
5336
3675
-719
-2734
-611
3399
5301
3529
126
-1417
547
3459
3704
787
-1780
-1950
-691
-62
-574
-2341
-4488
-5509
-5252
-4258
-3591
-4173
-6354
-7039
-4513
-880
-339
-2979
-4864
-2386
2287
3776
809
-2300
-967
3494
6137
4278
899
390
3456
6385
5425
2152
783
2453
4408
4551
2888
1072
1384
3337
3072
-67
-1478
1523
3748
661
-4500
-4434
710
3744
701
-4231
-5117
-1581
2756
2757
-2076
-6171
-4016
1355
3309
820
-2532
-3225
-811
2637
3456
1203
-1173
-1058
1327
3417
3128
432
-1506
-1161
432
1062
390
-1506
-3338
-3784
-3304
-2657
-2608
-3542
-5507
-5832
-3667
-1041
-1042
-3068
-4258
-2646
312
1664
175
-2256
-2000
1090
3631
3128
1074
331
1952
4349
4670
3380
2481
3055
3913
4678
4576
3623
3169
3964
4057
1941
603
2371
4293
1667
-3180
-4023
55
2877
534
-4075
-5860
-3379
526
1140
-2871
-7116
-5979
-1163
1427
-409
-3121
-3437
-1169
1761
3017
1898
133
149
2020
3652
3468
2141
1054
825
1213
1816
1672
342
-1426
-2614
-3445
-3528
-2660
-2568
-4986
-7300
-6072
-2805
-1580
-3538
-5682
-5051
-1484
1254
47
-3224
-3511
257
3991
3885
1089
-34
2483
5937
6562
4537
2995
3890
5904
6724
5601
4038
3670
4635
4926
2572
-288
305
3520
2913
-2532
-6275
-3525
889
678
-3736
-7257
-6542
-2543
747
-901
-5708
-7486
-3578
1273
1970
-582
-2623
-1697
1396
4303
4508
2520
1053
1994
4189
4999
3677
1525
432
526
1319
1535
185
-2365
-3947
-3964
-3971
-4490
-4831
-5392
-6555
-6902
-5596
-3539
-2460
-3100
-4241
-3457
-790
1323
1259
-204
-719
1282
4383
5392
3800
2422
3373
5585
6754
5937
4046
3247
4320
5538
4785
3076
2266
2671
2473
648
-1033
-45
1959
44
-4888
-6207
-1866
1474
-500
-4796
-6571
-4308
157
2167
-1416
-6154
-5293
335
3847
2355
-1049
-2254
118
3699
4861
2691
122
-149
1968
3767
3080
457
-1139
-533
531
438
-983
-2540
-3620
-3579
-3449
-4213
-5208
-4842
-3941
-4387
-5097
-4114
-1587
-454
-1464
-2858
-1816
1077
2942
1860
-588
-532
2698
5539
4274
1296
648
2881
5012
4725
2515
910
1994
4227
4857
3014
1304
1848
3881
3577
550
-1178
1190
3507
1236
-3344
-4120
-213
2716
1015
-3136
-4799
-2605
1196
2006
-1546
-5512
-4781
-370
2191
693
-2327
-3214
-1306
1514
2362
783
-1086
-1207
351
1827
1802
331
-783
-686
74
638
421
-508
-1642
-2137
-2133
-2231
-2450
-2454
-2416
-3099
-3642
-3049
-1073
10
-1162
-3289
-3184
-516
1401
456
-2307
-3092
-769
2385
2735
776
-508
629
3307
4673
3613
2063
2714
4656
5632
5060
4039
4093
5319
5477
2944
882
2574
5067
3026
-2174
-3727
-263
2478
496
-3808
-6087
-4758
-1256
0
-3394
-7854
-7287
-2624
246
-1128
-3847
-4510
-2465
826
2526
1611
-365
-568
1638
3979
4088
2385
1297
1567
2435
3000
2591
1196
-332
-839
-1002
-1694
-2543
-2751
-3112
-4423
-5322
-4719
-3105
-2652
-3958
-5647
-5014
-2299
-575
-1615
-3780
-3471
-267
2952
3109
1406
806
2938
6110
7086
5378
4054
5428
7500
7951
6729
5293
5058
6155
6036
2963
70
1061
3390
1556
-3750
-6157
-3341
-293
-1667
-5745
-8235
-7115
-3695
-1745
-4089
-7918
-7681
-3361
5
-123
-1850
-2519
-962
2173
4434
4171
2524
1790
3075
5169
5867
4358
2461
1900
2416
2905
2280
537
-1429
-2377
-2707
-3439
-4429
-4883
-5206
-6269
-6906
-6208
-4703
-4163
-4739
-5621
-4925
-2460
-386
-516
-1788
-1287
1510
4529
5158
3987
3453
4889
7294
8275
7172
5661
5873
7106
7486
6417
4738
3979
4308
3953
1043
-1725
-1020
1142
-641
-5864
-8100
-5104
-1785
-2848
-6506
-8750
-7319
-3426
-901
-2781
-6533
-6280
-1722
2225
2275
386
-548
913
3972
6069
5639
3528
2436
3464
5462
5797
3951
1836
1067
1258
1312
668
-1023
-2873
-4164
-4711
-5145
-5455
-5927
-6644
-7468
-7324
-6062
-4620
-4004
-4336
-4537
-3348
-604
1202
1142
362
1266
3726
6199
6575
5420
4842
5789
7483
8064
7070
5427
5037
5555
5745
4947
3445
2078
1489
791
-1493
-3443
-2531
-1084
-3303
-7641
-8299
-4694
-1925
-3325
-6339
-7375
-5326
-1602
463
-1345
-4376
-3438
1033
4176
3772
2149
1547
2672
5030
6504
5562
3375
2413
3132
4211
3936
2133
270
-450
-554
-876
-1655
-2965
-4453
-5637
-6001
-6061
-6218
-6628
-6673
-6430
-5870
-5029
-3790
-2432
-1670
-1514
-872
1118
2836
3366
3044
3251
4262
5924
6770
6211
5101
4826
5652
6491
5818
3951
2678
2587
2703
2378
1394
-55
-882
-1483
-2700
-3639
-2329
-1415
-3675
-7051
-6454
-2592
-382
-1880
-4330
-4548
-2293
1282
2702
413
-2649
-1489
2637
4982
4003
1973
1093
1972
4151
5068
3742
1438
473
993
1853
1583
-5
-1643
-2482
-2441
-2269
-2562
-3498
-4544
-5295
-5515
-5098
-4586
-4675
-4940
-4418
-3355
-2556
-1635
-323
637
592
753
1987
3360
3820
3485
3237
3407
4256
5044
4958
3682
2508
2865
3871
3564
1908
944
900
960
945
612
-72
-598
-1047
-2190
-2396
-516
440
-2138
-5056
-3815
-153
1570
125
-2121
-2997
-1167
2265
3339
453
-2693
-1840
1468
3512
2700
559
-794
-3
2137
3142
2031
-51
-939
-382
664
793
-153
-1474
-2297
-2118
-1483
-1146
-1723
-2914
-4001
-4102
-3137
-2378
-2804
-3661
-3417
-2320
-1231
-498
-180
-320
-338
481
1413
1792
1716
1586
1435
1698
2563
3155
2843
1894
1508
2107
2946
2731
1755
1174
1493
2091
2293
1902
1401
851
-83
-480
798
2164
507
-2865
-3597
-740
1606
856
-1700
-3387
-2813
-114
1955
408
-3171
-4124
-1331
1496
1845
359
-1108
-1344
329
2425
2603
921
-455
-195
780
1567
1504
525
-784
-1135
-498
62
-217
-1236
-2482
-3290
-2930
-2175
-2234
-3425
-4010
-3349
-2149
-1565
-1494
-1597
-1523
-901
-29
423
269
475
880
1279
1487
1936
2305
2555
2428
2374
2888
3406
3259
2771
2882
3056
3190
3099
2990
2530
1584
255
-48
1418
1856
-846
-4043
-3405
-510
586
-1215
-3575
-4467
-2908
-117
513
-2065
-4564
-3540
-465
1435
1017
-390
-1120
-195
1902
3223
2648
1208
793
1492
2285
2483
1954
788
-177
-108
360
161
-866
-2041
-3015
-3193
-2958
-3315
-4140
-4170
-3667
-3756
-3919
-3133
-1808
-1481
-1978
-2180
-1182
350
1492
1258
199
377
2449
4367
3994
2423
1763
3062
4893
5201
3699
2435
2859
4067
4487
3586
2276
1078
104
-40
1079
1493
-969
-4196
-4294
-1500
224
-889
-3315
-4816
-3888
-1042
640
-1161
-3923
-3909
-1170
1374
2000
945
-379
-260
1607
3471
3573
2206
1048
1162
2135
2839
2510
1244
-86
-361
157
196
-929
-2444
-3441
-3589
-3478
-3950
-4881
-5070
-4366
-4034
-4172
-3897
-2941
-2094
-1375
-1101
-1140
-800
662
2052
2157
1641
1807
2889
4128
4677
3959
3188
3579
4734
5092
4376
3437
3140
3534
3909
3376
1342
-871
-958
1007
1269
-1873
-4890
-4299
-1786
-745
-1745
-3733
-4996
-3983
-1138
170
-1453
-3367
-2965
-820
1205
2242
1693
408
262
2115
3957
4089
2891
1699
1434
2103
2916
2640
1303
-117
-672
-502
-356
-1259
-2936
-4186
-4200
-3993
-4697
-5600
-5389
-4320
-4005
-4496
-4572
-3219
-1449
-489
-1063
-1838
-991
1522
3246
2633
1537
1866
3597
5142
5583
4448
3411
3966
5230
5294
4248
3484
3148
3292
3293
2206
-83
-1227
6
976
-1077
-4506
-5077
-2931
-1328
-2031
-3608
-4858
-4402
-1972
44
-736
-2699
-2795
-1176
778
2168
2351
1067
447
1856
4055
4808
3838
2293
1579
2197
3139
2833
1236
-210
-627
-541
-660
-1221
-2606
-4398
-5093
-4191
-3986
-5237
-6118
-5390
-4533
-4216
-3964
-3267
-2399
-1447
-710
-458
26
1073
2202
2371
2574
3290
4224
4581
4785
4712
4760
4994
4996
4404
3739
3443
3171
3014
2538
1123
-1161
-1923
-487
622
-1479
-4852
-5611
-3422
-1342
-1365
-3119
-5040
-4737
-1745
789
48
-2202
-2658
-955
1502
3212
3075
1448
724
2142
4133
4826
3943
2352
1353
1914
2974
2799
1236
-359
-1154
-1229
-1051
-1661
-3220
-4595
-4695
-4669
-5178
-5389
-4458
-3916
-4514
-5139
-4270
-2124
-396
-376
-1623
-1707
219
2914
3425
2042
1017
2491
4859
6070
5091
3295
2908
4431
5772
4857
3124
2051
2345
2802
2301
-197
-2107
-1256
403
-699
-3551
-4461
-3361
-2123
-1836
-2364
-3868
-4192
-2313
-128
-275
-1439
-1599
-721
613
2201
3013
2179
1302
1774
3183
3990
3923
2904
1646
1282
2187
2691
1623
-78
-1153
-1451
-1384
-1541
-2901
-4677
-5107
-4584
-4563
-4925
-4750
-4600
-4453
-3735
-2655
-2039
-1649
-978
-448
6
782
1827
1969
2033
2682
3528
3647
3879
4128
4076
3919
4017
3924
3558
3268
3046
2923
2097
493
-890
-287
804
209
-2466
-4248
-3505
-1452
-744
-1902
-3514
-4135
-2922
-944
36
-930
-1881
-1681
-321
1161
2371
2152
1023
654
1761
3257
3880
3406
2065
1292
1584
2525
2552
1523
-67
-1032
-1091
-1034
-1752
-2988
-3734
-4339
-4903
-5144
-4260
-3558
-3793
-4574
-4279
-2682
-928
-278
-1025
-1581
-731
1463
2702
2520
1523
1550
2699
4329
4676
3639
2628
2979
4049
4375
3770
2751
2113
1536
687
-131
71
489
-427
-2441
-3143
-2185
-1180
-1434
-2217
-3141
-3309
-2287
-800
-755
-1807
-2096
-1169
85
1054
1633
1130
492
955
2436
3107
2837
2197
1781
1844
2482
2692
1971
972
328
100
-145
-817
-2038
-2706
-3147
-3641
-4128
-3710
-3443
-3525
-3817
-3630
-3083
-2231
-1349
-1232
-1386
-1194
62
867
1361
1418
1844
2149
2924
3346
3400
3266
3373
3360
3254
3284
3254
2778
1480
301
378
1487
1265
-645
-2539
-2608
-1681
-646
-847
-2046
-3478
-3225
-1640
-302
-648
-1843
-2439
-1909
-277
1345
1769
525
-409
247
2092
3275
3045
1840
1131
1699
2667
2797
1903
898
411
211
-294
-858
-993
-1452
-2564
-3493
-3426
-3161
-3139
-3148
-3165
-3398
-3229
-2145
-1198
-1145
-1425
-1019
-518
250
1085
1552
1384
1701
2353
2776
3139
3445
3246
2837
3106
3198
2403
993
460
856
1238
275
-1330
-2034
-1357
-326
-225
-1284
-2763
-2728
-1327
-155
-623
-1607
-2147
-1637
-253
949
867
-26
-255
318
1410
2314
2474
1548
782
850
1672
2252
2012
848
-391
-817
-263
502
-27
-1756
-3036
-2448
-1512
-1462
-2161
-2496
-2506
-2105
-1329
-888
-1105
-1261
-691
-224
136
563
1029
936
1117
1564
1987
2097
2177
2020
2085
2478
2316
1063
-19
278
1107
977
-588
-1987
-2106
-1061
-371
-565
-1767
-2664
-2210
-717
-41
-489
-915
-1033
-752
240
1614
1787
1131
763
1124
1702
2449
2552
1544
475
453
1062
1199
827
-91
-1268
-1787
-1228
-862
-1554
-2474
-3018
-2946
-2298
-1404
-1331
-1860
-2028
-1329
-312
383
626
480
376
963
2277
3012
2775
2271
2038
2209
2951
3424
2678
1524
876
586
238
207
-52
-1005
-2068
-2415
-2136
-2007
-2286
-2894
-3095
-3061
-2571
-2186
-1741
-1544
-1041
-629
-167
339
1185
1935
2235
2198
2098
2468
3030
3542
3147
2501
1847
1830
1803
1703
599
-931
-1882
-1653
-1525
-2294
-3460
-4326
-4113
-3261
-2527
-2930
-3361
-3295
-2132
-944
-150
-159
59
762
2033
3274
3765
3744
3707
4094
4469
5054
4809
4074
3311
2892
1864
1264
1168
502
-1132
-2290
-2678
-3123
-3386
-3475
-3947
-5064
-5202
-4433
-3681
-3610
-3329
-3056
-2736
-1903
-394
668
858
949
1351
2159
3272
4198
4071
3264
2946
3271
3607
3374
2331
1007
372
579
555
-364
-1913
-2785
-2605
-2061
-2303
-3087
-3871
-3792
-2907
-1999
-1951
-2099
-1663
-592
658
1629
2113
2110
2229
2825
3902
4398
4343
3800
3361
2855
3114
3520
3070
1354
-40
-425
-316
-387
-1027
-2215
-3549
-3768
-3260
-2941
-3532
-4026
-4193
-3723
-2963
-2111
-1846
-1825
-1597
-937
-181
505
1131
1375
1469
1542
1872
2004
2065
1927
1756
1355
959
794
760
601
187
-181
-568
-633
-540
-356
-578
-852
-964
-683
-376
62
320
280
294
685
1126
1436
1787
1781
1539
1472
1536
1165
1063
1362
1297
435
-299
-438
-217
-57
-349
-1117
-1838
-1813
-1248
-847
-1087
-1585
-1809
-1481
-801
-181
-95
-497
-770
-535
-59
322
489
216
-318
-468
-155
-129
-290
-420
-730
-1288
-1117
-737
-656
-918
-974
-1177
-1059
-566
-42
160
95
71
360
1272
2118
2555
2284
1982
2177
2990
3448
3284
2713
2475
2444
2216
1364
767
685
714
26
-945
-1868
-2411
-2255
-1375
-1299
-2941
-4318
-3708
-1984
-1134
-1378
-2459
-3068
-2357
-336
907
678
-454
-661
271
1774
2584
2308
1111
186
657
1226
1053
621
755
-8
-904
-1256
-666
-216
-115
-1142
-2304
-2392
-1314
-105
-126
-1171
-1967
-1040
401
1500
1418
779
377
1238
2160
2645
2574
2298
1776
1712
1893
2065
2097
1722
752
-77
163
712
865
254
-452
-1010
-826
-478
-466
-1074
-1605
-1787
-1532
-1205
-1095
-1277
-1475
-1466
-1417
-1382
-1344
-1218
-1173
-1490
-1911
-1835
-1141
-520
-505
-921
-1118
-613
371
1084
977
467
374
984
1641
1958
1869
1742
1722
2118
2560
2647
2357
1942
1509
1299
1344
1130
692
209
-321
-1087
-1456
-1344
-1277
-1692
-2276
-2629
-2529
-1937
-1401
-1286
-1517
-1282
-570
154
493
740
967
1230
1605
2008
2185
2057
1910
1704
1509
1311
1083
652
27
-820
-1379
-1442
-1436
-2163
-3197
-3727
-3366
-2735
-2557
-3071
-3499
-3014
-1811
-620
-301
-441
-89
1157
2375
3168
3403
3280
3193
3863
4614
4755
4283
3848
3454
3039
2506
1833
1361
830
23
-1201
-1933
-2396
-2575
-2921
-3299
-3857
-4106
-3817
-3269
-2771
-2576
-2501
-2381
-1709
-802
-23
264
404
543
1048
1747
2214
2168
1777
1503
1566
1783
1688
1152
427
89
272
353
-103
-771
-1193
-1265
-975
-795
-1012
-1307
-1169
-778
-233
244
378
241
253
465
887
1333
1451
1290
1141
974
742
829
1088
978
441
-27
-287
-191
104
89
-397
-786
-729
-406
-60
-34
-196
-325
-237
-110
56
113
65
-78
-280
-589
-712
-857
-1004
-979
-783
-1126
-1765
-2035
-1788
-1216
-946
-1269
-1893
-1748
-1000
-28
300
68
-144
525
1638
2536
2732
2418
2345
2875
3391
3425
3286
3061
2708
2352
2069
1619
1028
282
-490
-1078
-1374
-1877
-2513
-3000
-3260
-3399
-3230
-3085
-3260
-3253
-2601
-1845
-1448
-1206
-857
-333
361
1183
1769
1875
1734
2051
2587
2774
2571
2334
1982
1739
1579
1180
479
-19
-323
-772
-1387
-1916
-2263
-2516
-2541
-2442
-2389
-2404
-2117
-1558
-983
-447
45
323
639
1344
2054
2429
2605
2855
3042
3055
2948
2835
2479
1825
1517
1508
965
-136
-794
-979
-954
-1117
-1556
-2135
-2414
-2477
-2282
-2059
-2296
-2660
-2551
-2170
-1702
-1035
-908
-1240
-1081
-267
270
583
550
432
623
1226
1389
1291
1096
892
883
1132
1076
694
603
722
935
993
824
480
509
797
961
726
388
270
461
589
440
218
116
124
124
86
-40
-144
-275
-549
-759
-679
-486
-587
-795
-960
-904
-623
-357
-557
-924
-991
-768
-495
-306
-455
-882
-900
-293
230
16
-434
-524
-175
154
281
83
-309
-525
-269
62
30
-88
-168
-157
7
374
536
466
416
581
793
950
1069
1130
1099
1092
1232
1292
1304
1300
1216
1033
969
973
821
616
320
-51
-260
-153
-160
-402
-637
-757
-867
-892
-884
-990
-1209
-1452
-1582
-1475
-1283
-1309
-1564
-1632
-1475
-1172
-1098
-1264
-1417
-1043
-516
-279
-358
-420
-259
224
846
1009
875
926
1325
1671
1978
2060
1874
1600
1628
1823
1926
1755
1339
960
772
705
585
328
-126
-513
-720
-856
-1106
-1275
-1295
-1280
-1282
-1311
-1337
-1113
-513
25
93
-95
-80
314
857
1097
795
333
159
310
627
727
241
-567
-903
-750
-651
-851
-1181
-1620
-1954
-1897
-1501
-1312
-1339
-1324
-1119
-780
-263
262
533
676
799
1048
1407
1904
2138
2086
1917
1977
2111
2197
2104
1818
1380
1090
1021
755
301
-176
-431
-704
-880
-1060
-1175
-1326
-1274
-1153
-1201
-1313
-1156
-764
-625
-683
-853
-772
-582
-309
-351
-556
-771
-678
-521
-491
-599
-662
-774
-953
-890
-692
-500
-420
-324
-379
-236
294
879
1070
960
869
1108
1711
2185
2198
1889
1767
2062
2391
2300
1902
1575
1322
1165
980
642
146
-272
-736
-1216
-1485
-1626
-1864
-2100
-2196
-2251
-2144
-1827
-1540
-1452
-1270
-904
-491
-198
-61
-24
109
371
600
619
522
472
537
612
543
307
-26
-264
-370
-408
-581
-865
-1098
-1099
-957
-872
-773
-661
-561
-447
-125
289
618
924
1165
1439
1797
2250
2452
2487
2498
2556
2584
2492
2206
1819
1521
1141
709
267
-101
-449
-703
-1078
-1562
-1889
-1969
-2060
-2187
-2293
-2406
-2521
-2429
-2200
-1983
-1876
-1819
-1763
-1559
-1117
-677
-399
-289
-160
73
492
851
992
926
870
975
1219
1349
1168
933
904
1010
999
881
752
725
725
709
663
601
623
714
795
730
719
727
676
573
528
403
218
80
-32
-127
-202
-255
-414
-573
-663
-599
-546
-648
-886
-1025
-995
-890
-854
-942
-1060
-1038
-808
-553
-421
-402
-385
-317
-162
21
147
141
24
-86
-30
146
232
135
-96
-300
-354
-214
-73
-133
-314
-426
-349
-75
252
368
315
349
637
1049
1450
1648
1618
1558
1677
1875
1991
1941
1727
1492
1342
1196
976
672
293
-98
-469
-893
-1303
-1658
-1991
-2341
-2646
-2859
-2994
-3005
-2882
-2708
-2542
-2268
-1863
-1459
-1085
-625
-105
351
739
1195
1655
1976
2233
2501
2669
2672
2631
2503
2240
1922
1652
1305
827
339
-62
-452
-806
-1062
-1342
-1656
-1825
-1746
-1588
-1447
-1411
-1321
-1014
-527
-128
166
486
838
1182
1477
1686
1786
1880
1918
1880
1728
1460
1102
752
459
59
-410
-875
-1328
-1768
-2079
-2321
-2582
-2793
-2851
-2790
-2675
-2504
-2308
-2051
-1676
-1149
-668
-308
-22
366
908
1485
1888
2077
2192
2399
2665
2767
2631
2396
2184
2026
1920
1751
1368
904
611
474
277
-67
-484
-833
-1013
-1020
-1046
-1193
-1339
-1315
-1150
-998
-933
-895
-783
-586
-433
-388
-319
-172
-37
24
13
-15
36
94
-2
-185
-267
-206
-130
-131
-259
-395
-428
-380
-323
-362
-513
-582
-444
-260
-176
-123
-61
11
150
345
523
631
676
720
845
944
936
909
927
928
878
853
841
839
801
675
486
345
283
265
241
113
-120
-249
-222
-248
-382
-518
-675
-823
-832
-765
-800
-945
-1061
-1119
-1096
-994
-870
-841
-901
-907
-761
-562
-445
-359
-258
-157
-35
115
249
379
560
694
684
657
772
905
930
887
817
724
691
699
632
481
322
218
166
159
117
22
-67
-149
-214
-176
-56
9
-7
-54
-104
-75
64
158
103
6
-47
-73
-61
-12
-36
-167
-296
-346
-392
-436
-440
-517
-701
-824
-786
-714
-679
-675
-701
-675
-502
-285
-152
-55
77
246
422
565
672
761
839
948
1038
1034
945
926
919
786
621
547
485
335
156
7
-126
-250
-395
-536
-634
-674
-736
-791
-819
-785
-717
-632
-547
-469
-366
-259
-107
68
159
153
199
364
477
486
426
299
167
140
129
29
-93
-239
-411
-492
-451
-461
-516
-559
-601
-591
-483
-325
-175
-31
42
101
324
664
896
964
997
1036
1103
1250
1388
1378
1262
1103
954
877
828
638
300
16
-166
-303
-431
-627
-909
-1144
-1250
-1287
-1347
-1411
-1407
-1347
-1261
-1196
-1152
-1050
-838
-569
-365
-307
-266
-98
114
290
437
472
367
383
585
708
621
478
397
361
376
394
342
233
178
204
219
185
121
74
53
105
212
251
195
173
285
400
436
451
490
523
490
452
437
427
396
345
254
154
136
153
82
-84
-211
-262
-295
-356
-461
-585
-697
-756
-779
-807
-830
-870
-944
-986
-951
-882
-831
-763
-677
-660
-673
-557
-302
-102
-61
-58
28
252
520
685
705
678
776
1007
1208
1259
1191
1077
1050
1146
1196
1069
841
655
493
362
271
150
-8
-163
-334
-504
-571
-564
-629
-777
-874
-856
-764
-672
-649
-662
-613
-500
-400
-292
-157
-57
-11
32
90
142
194
222
172
92
94
159
146
1
-159
-223
-219
-266
-385
-484
-484
-399
-328
-319
-291
-132
95
219
217
241
414
671
850
864
777
760
914
1111
1157
1011
791
638
596
596
523
316
35
-189
-298
-344
-418
-576
-783
-924
-956
-970
-999
-989
-962
-932
-856
-748
-670
-603
-508
-426
-336
-176
1
84
94
123
162
201
264
290
239
182
172
197
227
239
225
217
272
391
479
492
507
536
554
605
694
712
624
559
571
616
642
597
440
264
205
217
172
3
-210
-373
-455
-489
-565
-754
-947
-993
-947
-921
-929
-944
-956
-900
-765
-613
-495
-435
-387
-282
-117
53
157
174
145
169
273
351
339
258
161
104
125
185
174
65
-75
-136
-64
86
166
116
40
74
242
433
538
545
541
627
822
1017
1086
1028
946
949
964
931
853
695
494
314
151
-43
-214
-356
-545
-761
-943
-1061
-1142
-1177
-1197
-1222
-1221
-1167
-1086
-1005
-889
-763
-637
-518
-395
-264
-121
35
133
170
224
326
414
481
517
487
419
374
383
406
418
381
308
252
235
249
265
254
181
106
116
202
287
322
271
191
190
256
309
293
205
87
30
56
81
38
-70
-183
-211
-158
-140
-179
-235
-296
-332
-314
-265
-248
-252
-286
-348
-350
-264
-179
-196
-268
-309
-280
-188
-121
-140
-217
-263
-235
-171
-134
-122
-99
-66
-43
-11
63
174
255
273
241
265
434
631
698
639
574
574
671
775
749
593
427
350
334
310
225
91
-63
-211
-296
-323
-363
-457
-574
-654
-662
-638
-640
-660
-661
-628
-572
-491
-386
-293
-223
-164
-114
-51
25
112
173
184
169
171
223
285
304
231
135
117
173
223
220
178
127
121
174
246
274
260
252
281
325
355
367
363
359
339
291
251
221
152
51
-51
-127
-166
-198
-266
-384
-468
-463
-434
-451
-481
-501
-504
-454
-397
-365
-353
-333
-297
-221
-108
-44
-60
-90
-62
33
133
137
61
10
36
95
123
94
10
-56
-43
24
83
122
131
122
179
309
429
491
505
508
558
670
754
747
672
605
579
569
519
377
188
32
-74
-204
-370
-529
-679
-805
-904
-991
-1077
-1107
-1075
-1037
-1028
-1016
-934
-782
-588
-433
-334
-233
-47
196
392
520
606
704
817
940
1021
1028
991
914
809
705
614
477
290
93
-63
-162
-238
-306
-384
-469
-521
-500
-431
-372
-345
-324
-261
-134
36
177
260
325
412
544
686
744
686
592
532
507
452
307
103
-86
-217
-324
-451
-638
-838
-958
-1005
-1045
-1075
-1069
-1037
-968
-844
-703
-545
-351
-156
29
220
411
580
736
872
966
1025
1043
1001
928
866
798
690
539
356
192
68
-38
-164
-313
-441
-533
-578
-590
-595
-596
-566
-496
-398
-275
-151
-39
82
215
340
424
457
446
414
382
346
296
211
99
-2
-85
-172
-282
-410
-528
-626
-707
-751
-751
-704
-652
-604
-506
-370
-213
-68
46
153
290
458
605
686
715
755
828
883
854
738
595
502
464
381
217
16
-150
-240
-277
-317
-411
-535
-604
-573
-493
-433
-406
-384
-342
-243
-99
32
119
167
211
252
298
333
339
312
248
158
68
5
-51
-133
-235
-319
-382
-441
-488
-505
-481
-434
-400
-377
-318
-204
-75
8
71
160
278
388
467
532
566
567
533
514
551
580
532
413
286
209
193
189
126
9
-95
-146
-145
-154
-224
-322
-383
-369
-321
-282
-263
-244
-206
-158
-114
-68
-16
25
49
53
42
28
28
6
-54
-130
-189
-195
-161
-141
-190
-259
-260
-195
-139
-126
-155
-186
-142
-29
51
67
86
138
207
276
351
422
464
467
432
391
377
396
388
307
192
110
96
94
42
-74
-201
-273
-300
-327
-378
-428
-454
-451
-412
-361
-324
-286
-233
-178
-130
-76
-6
84
177
219
238
259
275
282
275
245
178
116
68
24
-26
-78
-131
-192
-246
-286
-299
-293
-298
-319
-322
-266
-159
-50
11
34
95
204
316
370
380
394
441
502
534
548
544
527
485
414
322
237
147
9
-168
-310
-394
-437
-464
-516
-593
-631
-600
-557
-535
-516
-491
-451
-379
-298
-208
-109
-13
55
113
196
293
388
428
430
437
453
478
487
459
403
339
264
208
175
133
57
-48
-126
-159
-167
-198
-259
-323
-339
-304
-269
-264
-267
-242
-197
-139
-87
-61
-46
5
99
176
201
211
251
303
338
335
300
264
240
221
195
146
73
3
-56
-107
-161
-228
-307
-392
-463
-477
-461
-469
-494
-486
-431
-346
-250
-162
-75
15
102
194
304
407
456
474
507
560
605
602
567
535
509
480
424
329
191
38
-85
-159
-220
-320
-450
-533
-544
-515
-502
-530
-575
-581
-522
-419
-312
-255
-218
-132
0
135
254
307
315
332
368
399
421
415
355
275
216
187
142
57
-66
-169
-214
-241
-298
-380
-430
-442
-415
-354
-294
-253
-216
-153
-58
45
132
203
266
331
412
489
545
550
519
494
468
425
374
324
252
159
75
1
-61
-114
-194
-311
-412
-446
-449
-476
-528
-577
-575
-503
-407
-341
-297
-243
-177
-108
-41
21
78
142
194
247
302
347
370
384
383
358
317
281
247
204
161
103
39
-11
-25
-30
-67
-114
-140
-142
-120
-91
-85
-94
-95
-56
15
72
90
103
123
157
184
175
139
105
66
20
15
27
-2
-90
-174
-197
-173
-169
-233
-329
-388
-380
-350
-324
-319
-321
-299
-227
-128
-45
11
46
84
140
203
252
270
277
300
328
338
334
324
301
265
224
174
114
51
-2
-42
-63
-81
-96
-128
-172
-186
-168
-137
-136
-162
-168
-126
-66
-25
-9
-3
21
59
98
105
95
87
82
86
91
71
27
-18
-63
-97
-118
-146
-168
-167
-169
-179
-174
-152
-126
-102
-90
-82
-64
-19
42
94
118
130
158
210
258
273
260
230
200
173
156
143
118
76
38
28
47
53
25
-15
-41
-40
-50
-91
-120
-124
-110
-106
-122
-145
-135
-86
-53
-55
-83
-105
-75
-18
-10
-59
-100
-111
-85
-44
-46
-72
-79
-72
-59
-28
15
46
75
93
106
134
175
192
162
119
90
100
118
111
73
44
40
45
49
35
1
-39
-72
-72
-60
-51
-57
-87
-93
-46
27
76
77
42
28
68
123
135
90
45
41
69
78
35
-37
-99
-124
-132
-165
-231
-288
-319
-328
-330
-319
-290
-254
-237
-216
-173
-117
-54
10
66
115
166
210
232
254
266
252
241
249
245
223
212
200
175
137
89
37
-3
-44
-77
-101
-133
-157
-152
-122
-87
-67
-67
-61
-24
26
49
69
101
136
175
192
183
169
166
156
141
113
72
30
-19
-81
-149
-196
-236
-272
-288
-286
-292
-307
-302
-282
-260
-241
-213
-173
-129
-81
-24
36
96
162
236
289
321
338
343
341
322
280
221
188
189
198
176
119
67
53
50
3
-72
-132
-162
-176
-162
-134
-128
-134
-132
-97
-46
-12
-18
-41
-36
1
30
21
-12
-27
-16
10
15
-16
-68
-113
-135
-136
-137
-149
-177
-209
-202
-158
-113
-89
-98
-113
-77
4
67
79
70
106
186
248
251
232
237
253
260
229
193
191
214
209
164
111
80
72
56
18
-39
-85
-108
-123
-151
-175
-188
-185
-162
-143
-135
-123
-98
-78
-91
-112
-100
-90
-101
-120
-129
-112
-91
-89
-93
-86
-74
-71
-78
-81
-53
-12
9
23
35
61
93
124
144
154
160
172
202
240
251
235
217
197
185
164
136
101
67
39
23
10
-10
-33
-66
-97
-121
-124
-98
-79
-99
-117
-118
-87
-40
-16
-42
-84
-89
-65
-39
-48
-80
-96
-82
-74
-77
-86
-134
-177
-164
-146
-161
-177
-161
-117
-64
-30
-13
20
77
125
150
176
219
238
237
240
260
279
299
313
312
285
237
206
188
150
82
32
5
-17
-49
-76
-101
-129
-156
-182
-196
-208
-222
-232
-225
-204
-190
-165
-129
-113
-105
-91
-82
-85
-91
-91
-85
-80
-76
-61
-34
-7
-8
-19
-9
14
9
-15
-4
30
55
70
93
114
116
124
137
133
113
92
80
101
137
138
111
99
117
151
145
68
23
60
99
33
-52
-36
20
13
-41
-77
-75
-46
-34
-60
-88
-86
-68
-75
-98
-117
-97
-60
-88
-149
-148
-85
-62
-112
-154
-131
-95
-88
-96
-88
-76
-61
-34
-13
17
48
63
70
97
141
169
170
159
136
121
121
116
89
77
77
66
69
63
42
25
18
-11
-51
-72
-77
-86
-93
-83
-84
-92
-74
-46
-30
-10
18
34
30
19
22
45
25
-22
-31
7
32
16
6
8
23
27
20
11
2
-26
-44
-22
5
-3
-12
23
52
40
19
33
87
98
48
44
89
108
79
59
56
61
70
55
35
13
-18
-47
-50
-31
-24
-48
-67
-47
-44
-79
-101
-79
-79
-100
-85
-50
-31
-44
-72
-82
-53
-23
-28
-60
-59
-11
17
-8
-48
-41
-23
-35
-46
-51
-55
-40
-14
-13
-25
-27
-19
-16
0
27
29
31
73
109
123
132
130
117
128
140
121
88
68
69
64
54
34
17
17
6
-24
-58
-77
-91
-112
-148
-165
-170
-170
-171
-160
-161
-159
-121
-82
-65
-61
-41
-11
19
19
28
70
127
141
115
102
128
158
147
117
99
108
116
92
44
19
24
28
6
-26
-37
-27
-23
-24
-34
-37
-17
7
11
6
-2
9
37
48
33
33
53
71
64
40
26
29
33
11
-23
-53
-63
-70
-79
-95
-101
-92
-90
-102
-98
-68
-49
-49
-62
-61
-48
-30
-18
-17
-8
16
41
49
47
52
76
78
55
44
53
68
66
46
37
50
53
38
27
28
23
20
16
8
-3
-3
-2
-1
0
1
-1
0
3
2
1
-3
-16
-23
-12
-12
-35
-51
-33
-15
-30
-53
-54
-30
-12
-32
-49
-16
26
6
-30
-30
-4
1
-23
-41
-27
-9
-13
-21
-18
-16
-16
-13
-17
-23
-28
-15
4
14
8
15
33
37
28
21
19
22
26
13
15
42
64
70
70
80
81
81
67
40
23
14
3
-14
-27
-31
-26
-30
-33
-29
-26
-37
-41
-45
-53
-71
-81
-72
-53
-42
-33
-35
-52
-50
-43
-40
-56
-73
-50
-5
8
-13
-9
17
25
5
-9
-6
0
12
21
26
35
53
64
67
78
81
74
62
60
69
57
43
44
66
78
71
56
54
58
41
16
-20
-37
-29
-16
-13
-15
-17
-6
16
25
14
-8
-16
-1
-2
-26
-37
-21
9
16
-7
-20
-17
-12
-23
-50
-74
-63
-39
-50
-72
-69
-46
-33
-37
-44
-42
-23
-14
-29
-33
-12
15
19
25
34
47
45
45
46
42
30
22
28
17
1
-9
0
1
-5
-8
-5
-1
-13
-34
-34
-27
-38
-54
-44
-22
-22
-41
-47
-13
20
16
0
15
43
55
46
43
42
46
41
19
0
6
25
20
-1
-7
0
7
-5
-18
-18
-9
-15
-33
-41
-36
-22
-25
-17
-9
-6
-3
15
38
35
14
7
26
44
39
16
26
60
72
49
19
3
-8
-17
-41
-62
-44
-21
-18
-28
-30
-25
-32
-37
-41
-48
-54
-43
-31
-14
5
17
27
34
35
27
19