4
4
3
4
4
5
4
5
4
3
4
3
3
2
2
2
2
1
2
1
0
1
0
0
0
0
0
0
0
1
0
0
-1
-1
-1
-1
-1
-2
-2
-3
-3
-5
-4
-4
-5
-5
-5
-5
-5
-6
-5
-4
-6
-6
-5
-5
-6
-6
-5
-5
-4
-3
-3
-3
-2
0
-1
0
0
0
0
-1
-1
0
-1
-2
0
0
-1
-1
-3
-3
-3
-3
-3
-4
-4
-3
-4
-4
-3
-3
-3
-3
-3
-2
-3
-2
-2
-1
0
-1
-1
0
-1
0
2
2
2
1
2
3
3
2
2
2
1
1
2
1
0
0
0
0
0
-1
-1
-1
-2
-2
-1
-1
0
0
-1
0
1
2
1
1
2
2
2
2
1
2
1
1
2
1
1
0
0
1
1
0
1
1
1
0
1
2
3
3
3
4
5
6
5
5
6
7
6
5
5
7
8
6
4
5
6
5
5
3
2
3
2
1
2
4
4
3
1
-1
2
5
2
-2
-3
-1
0
0
-2
-4
-2
-1
-2
-3
-3
-4
-6
-7
-8
-9
-6
-5
-7
-9
-8
-6
-5
-7
-7
-6
-2
-1
-2
-1
1
2
0
-3
-3
2
1
-4
-6
-2
1
-2
-5
-7
0
3
-6
-17
-14
-2
8
4
-8
-14
-5
9
12
-3
-11
-4
5
11
7
-4
-4
4
6
7
9
8
10
9
2
4
9
6
0
-3
-5
-1
1
-5
-5
0
-2
-6
-3
-6
-7
-4
-8
-14
-13
-13
-8
-5
-5
-5
1
6
4
4
13
17
10
2
-1
6
15
14
5
4
3
8
17
11
2
1
-2
2
6
-3
-11
-3
4
1
1
2
3
2
-3
-4
0
0
1
13
17
9
3
10
18
16
5
0
7
16
10
-3
-5
0
4
4
-1
-11
-14
-5
-1
-6
-11
-8
-7
-8
-11
-8
1
8
5
-2
-1
8
7
5
10
16
18
13
3
-4
1
7
-7
-24
-16
-1
-2
-14
-27
-26
-11
-7
-21
-40
-47
-36
-22
-21
-28
-30
-24
-21
-23
-21
-21
-37
-38
-22
-7
-10
-23
-27
0
29
26
-4
-14
23
61
58
21
-5
1
26
41
31
5
-14
7
37
35
6
-21
-14
29
54
25
-16
-25
8
49
54
3
-31
-3
43
49
-7
-79
-87
-41
-14
-47
-98
-96
-32
24
11
-41
-61
-7
41
24
-23
-57
-41
5
26
-8
-34
5
75
105
66
22
21
32
23
-33
-79
-77
-34
7
11
42
84
103
105
120
127
102
83
75
64
55
65
72
88
107
94
83
112
118
67
20
14
-1
-54
-92
-75
-19
11
-14
-43
-29
8
-3
-74
-137
-126
-54
-9
-5
-17
-21
-30
-62
-108
-154
-208
-254
-260
-256
-255
-195
-135
-105
-92
-61
-10
10
-10
-46
-31
15
66
90
103
130
158
153
100
57
48
2
-78
-142
-118
-59
-57
-111
-135
-86
-37
-7
33
89
88
57
51
74
62
38
6
-11
46
153
190
156
115
113
155
160
70
-100
-203
-206
-190
-208
-195
-156
-108
-32
46
56
44
86
115
100
118
200
279
299
266
248
265
246
123
-13
-47
-41
-82
-147
-175
-88
72
177
175
130
128
162
153
113
78
57
29
63
178
273
272
227
227
215
110
-64
-228
-344
-427
-504
-573
-611
-550
-437
-351
-327
-322
-288
-271
-271
-288
-270
-216
-144
-17
134
278
367
450
519
518
495
449
382
295
211
130
59
19
-31
-131
-205
-231
-220
-230
-256
-316
-416
-449
-427
-322
-196
-81
-15
107
202
209
261
407
392
221
155
196
271
279
222
95
77
110
135
11
-132
-143
-73
-87
-236
-401
-509
-410
-211
-119
-240
-386
-284
2
106
-62
-217
-134
-47
37
119
82
-82
-61
290
462
208
-52
79
382
503
199
-188
-166
212
416
139
-157
55
528
709
536
207
83
296
579
424
-117
-319
-60
378
430
31
-253
-31
292
170
-105
-125
-36
-141
-327
-327
-283
-299
-276
-188
-213
-418
-369
-129
-23
-216
-496
-633
-367
20
62
-174
-89
247
218
-8
122
385
280
331
548
531
622
1259
1459
810
274
393
704
647
-13
-742
-965
-1301
-3470
-6267
-4341
643
225
-7087
-10976
-4985
4716
5942
-3633
-10391
-4871
7197
12193
4821
-6237
-4692
8953
17026
11764
1979
83
7709
15018
8928
-2288
-2346
7554
10004
-225
-10911
-9683
2160
7278
-2957
-17247
-17694
-4490
6709
1021
-16142
-22177
-8928
7529
8072
-3904
-13256
-8639
5556
14063
8988
-1664
-3969
3679
13074
13355
5295
-1129
1173
6925
8052
4494
93
-1726
-763
287
-1505
-3843
-5974
-10335
-12526
-8152
-4011
-8283
-16071
-16687
-7200
2453
0
-8977
-9687
1304
12538
11627
-121
-4000
8400
21098
19013
8873
5558
14070
23419
16905
1740
-26
13647
18511
4080
-13670
-14130
1877
11062
-1345
-22308
-26417
-10954
5002
1002
-20242
-31686
-18426
3631
7731
-5132
-17000
-13758
1587
13968
12183
863
-3498
3765
15196
18692
12368
4648
4567
10358
12533
9566
4344
1462
810
1423
-311
-2873
-3562
-4047
-6565
-11600
-15673
-17439
-13363
-7817
-9110
-18683
-23941
-14627
1284
7714
-1735
-12526
-8619
8002
20698
16965
2542
-4389
8009
24885
29490
19744
8395
8720
19698
23100
11949
4474
7789
8962
-697
-10183
-9542
-993
1636
-10381
-24978
-25249
-9984
1409
-5894
-25470
-31921
-14928
5778
7033
-7770
-17192
-10716
6351
18640
15397
1840
-3226
7166
20368
22522
13201
3891
3907
11405
15063
10527
3437
-517
-1034
-736
-1693
-4492
-6297
-9219
-16809
-22899
-17997
-8141
-7961
-19924
-30346
-22867
-1293
9707
-1800
-16789
-13696
5879
22514
18345
652
-5712
8969
27333
30175
17872
8436
12602
23412
28399
19328
2288
-2818
10416
16956
1327
-18533
-20018
-5698
3986
-6236
-26269
-31765
-16861
-891
-3757
-22255
-32522
-18923
4008
9627
-3634
-15177
-9615
7999
20667
17225
4177
-136
10476
24064
24722
13432
4076
6012
14355
16906
9973
71
-3264
-353
1887
-1683
-8352
-12589
-15829
-19868
-19618
-12936
-11656
-21116
-29166
-23022
-5653
5417
-1529
-15706
-14303
4947
22441
19229
830
-6456
8707
28676
30920
17081
6079
12246
26520
31353
21576
4625
-4299
4504
18878
12300
-12455
-26666
-16275
1062
2078
-14758
-31223
-27666
-9647
1175
-9051
-26503
-27533
-9055
7899
5104
-7976
-12063
-56
14741
18849
11047
2916
5786
16505
23008
17575
8089
5150
10464
14911
11455
3642
-1748
-1357
414
-1113
-6646
-12761
-17020
-18649
-16811
-13406
-14239
-21515
-26223
-18754
-5268
33
-5842
-12675
-8319
6259
17310
12434
1204
-299
12580
24631
23860
14374
9511
15150
24529
26903
18728
9722
4326
2831
6336
11205
3437
-15401
-23831
-13465
-119
-1966
-17769
-31059
-26646
-9275
778
-8407
-24942
-25910
-7972
8924
6749
-5627
-8683
1703
14045
17721
12946
6503
7420
14933
20196
17004
10368
7848
9503
10988
8592
4247
365
-1102
-2313
-5180
-10088
-15502
-17860
-17128
-14671
-15776
-20933
-25880
-20896
-7921
-1334
-7603
-15431
-9694
5515
16201
10843
-559
-2419
11572
26019
24636
12172
6137
14527
25263
28148
20594
11352
9018
10845
8114
2753
3241
1646
-9576
-21262
-18305
-6048
-1787
-12708
-27870
-29787
-15576
140
-1003
-18039
-28420
-16609
5479
12863
2770
-7526
-4476
8549
19904
21084
12259
5178
8773
18563
22251
16601
8463
4976
7236
9623
7598
1736
-3420
-5822
-6549
-9223
-15898
-20504
-19228
-14698
-15681
-22349
-27455
-21190
-6790
92
-7593
-17541
-11047
7720
19433
11234
-2802
-3782
12397
28074
25727
11019
3931
13669
26536
28524
19261
10097
8943
12553
10633
1092
-3739
48
-727
-14160
-24389
-17790
-4256
-3257
-17886
-31171
-26866
-7700
4955
-3682
-23077
-26531
-6785
14673
14996
-137
-8505
-252
16373
26024
20883
7553
3144
12171
22592
22128
12487
3335
2254
7892
10432
4797
-3671
-7567
-7545
-7690
-12575
-22816
-26443
-16719
-7998
-15982
-30425
-29623
-9924
7512
2022
-17706
-22745
-414
24859
23016
-1880
-14500
1594
26371
30804
12090
-3992
2040
22161
30663
19286
4036
2346
12622
18245
9174
-7347
-11715
-819
6301
-6364
-23828
-22829
-6038
3064
-8463
-25375
-26897
-9197
7564
4271
-15490
-24961
-9513
13510
18323
3962
-8668
-4798
12288
24781
20692
5869
-1225
6877
19653
21768
10903
-794
-1923
5849
10440
5025
-4661
-9210
-7333
-5299
-11234
-21021
-20574
-9351
-6370
-20201
-31301
-20956
1497
8791
-6938
-23260
-15275
12054
27726
11976
-14074
-12973
13790
32572
21538
-1067
-6345
10703
28425
25507
8460
-1778
5692
17698
18614
5686
-10429
-13856
-1378
10427
410
-21892
-28434
-10985
5835
595
-18652
-28471
-16540
4279
11104
-5171
-23409
-17835
6744
20870
10083
-7083
-8303
7108
21602
21632
9067
-1425
3468
17036
21803
11640
-74
-1740
5207
10036
5479
-4124
-9259
-6882
-6199
-11825
-17013
-15039
-10585
-12977
-20245
-21553
-11551
-1739
-3324
-11521
-12771
-2628
9546
11486
1258
-5495
2015
16192
19538
10102
2578
6912
16998
20216
14846
7648
6842
11482
14657
11622
5500
-1335
-8207
-7539
2466
6685
-8660
-27018
-23743
-3368
6916
-4980
-23222
-27189
-10821
9520
10450
-11183
-25643
-11280
14041
19051
4097
-7429
-3565
10382
21173
19139
6619
403
7976
17518
16545
7794
1064
1005
5540
6850
886
-5874
-7376
-9006
-13862
-14931
-10744
-10621
-17349
-22196
-17614
-7591
-3154
-9125
-15150
-9966
2914
9462
2951
-5485
-1390
11530
17383
11658
4280
5803
14611
20462
15534
6981
5780
13331
18352
13721
4567
1464
6702
5597
-6263
-12659
-826
6697
-9826
-29214
-22549
314
7081
-7526
-25609
-26312
-6546
15162
10278
-17355
-27996
-5426
21037
19672
1418
-9563
-3103
13372
25197
20694
3772
-3008
7579
20169
17314
5234
-2468
-1012
4870
6099
289
-7140
-9643
-11483
-14527
-14738
-11888
-11583
-16330
-20586
-19129
-10117
-2237
-4129
-11881
-12139
-1206
9139
8355
12
-2698
4711
14699
17158
11132
5994
8615
15501
17198
12230
7019
7955
12389
12599
7291
2830
5061
5617
-3844
-13258
-6208
7350
533
-22676
-29875
-9718
9199
3277
-17601
-28263
-15570
8816
17167
-3749
-25398
-16809
11867
24293
10999
-5922
-7183
7182
22149
23764
9516
-3554
768
15152
19570
8558
-2985
-4211
2691
6094
1737
-5451
-9357
-9711
-13145
-17157
-16235
-9250
-8313
-17726
-26199
-18649
428
7053
-6710
-20888
-12635
9810
21065
7552
-11513
-8520
13649
27753
17726
212
-2198
12904
24789
18558
4254
-740
7768
15662
13777
4248
-2121
1268
5278
-1474
-12171
-7419
4822
-938
-21784
-26124
-6567
8219
1039
-16606
-23520
-11953
9077
15471
-3102
-21457
-13384
11768
22278
11166
-3828
-6094
5173
18764
22364
10278
-3066
-2097
11473
18378
10081
-2936
-6946
-390
5220
3171
-4691
-11162
-12285
-10023
-11894
-17485
-15960
-7872
-8010
-20031
-24405
-9535
8192
6010
-11855
-19515
-3689
19505
22449
1089
-15342
-2778
23349
29678
11231
-6259
-1182
17306
24815
13240
-1053
-1367
8602
13489
7070
-298
862
5653
-378
-13117
-12628
4363
10344
-10317
-31110
-22043
5694
15974
-946
-23882
-25636
-2355
21905
16634
-12030
-25350
-6118
19705
22604
6363
-8550
-7565
7674
22403
19954
2573
-8215
-351
14169
16020
4277
-6841
-6534
1026
4634
231
-7556
-11735
-9967
-8039
-12177
-17229
-13538
-6350
-8954
-18669
-18767
-4678
7077
2794
-10576
-13497
1514
19306
17772
-1780
-11716
2656
23113
23457
6097
-5931
1325
16790
20518
8726
-3547
-1627
8899
13290
6249
-2179
-1629
5589
4407
-8271
-13425
266
10685
-3615
-24190
-20283
3154
14474
1562
-18226
-21643
-3739
17393
15525
-8719
-23512
-8365
16516
20368
4302
-9269
-7193
5859
18144
17335
2306
-8928
-1721
13534
14885
2299
-7188
-4891
1807
3909
-36
-6751
-10396
-7935
-5282
-10750
-17217
-13104
-3893
-5943
-16559
-18039
-5455
6305
3659
-8235
-12806
-277
16541
16190
-1683
-10501
2304
18823
18658
5334
-4137
687
13789
17760
7024
-3363
117
9604
11630
6107
629
-111
4982
6998
-1766
-11029
-3115
10360
3230
-17618
-20395
-534
12458
3596
-13559
-19469
-8760
10029
14927
-4168
-23035
-14289
11083
18607
4435
-9291
-8335
2929
14585
16399
4144
-6976
-2888
10559
14536
5698
-4308
-5769
539
5201
2805
-4703
-9125
-7820
-4341
-6049
-13038
-15024
-7837
-2135
-9201
-18037
-13112
1815
7558
-2121
-12822
-9046
7871
18361
8755
-9430
-9787
9247
22703
14088
-3123
-6742
6141
18475
14966
1763
-3798
3799
12665
11534
3876
335
5291
9693
1604
-10413
-6487
11736
12570
-12035
-28639
-11952
14562
15318
-8223
-27898
-21294
5287
23035
6480
-25099
-29020
866
24449
15223
-7663
-16516
-4770
13824
22212
11329
-6614
-9438
5603
18761
13481
-1881
-9140
-2637
6335
6295
-1187
-8190
-8910
-5175
-2913
-7935
-15054
-13601
-5309
-3455
-11971
-17123
-9761
2775
5423
-4611
-13502
-6422
11359
17469
3282
-11988
-5514
14678
22165
8694
-6331
-3873
11808
20375
11366
-2270
-2595
8553
14867
9736
2143
767
5934
7763
-1006
-8983
-1364
11978
4207
-18273
-22759
-1118
15507
4869
-17223
-24886
-9609
12264
16472
-6198
-27207
-17052
11982
21920
4793
-12644
-11724
3551
16830
17055
3196
-9018
-3992
11804
17612
6315
-6285
-7032
1625
7409
4098
-3833
-8908
-7348
-3203
-3271
-10190
-14439
-9164
-2837
-6809
-15024
-13191
-2432
4191
-851
-9766
-9704
2471
13759
9223
-5445
-9304
4633
18071
14387
366
-5417
3449
14741
14600
4194
-2415
2369
10796
11861
5709
1737
3689
8201
7182
-2063
-9159
-1393
12433
6274
-17272
-24720
-3009
16547
7204
-16018
-24917
-11555
9964
17278
-2533
-26647
-21047
8984
22792
6538
-12508
-12953
788
14483
18255
6570
-8715
-7433
9362
18433
8465
-4959
-7021
562
6956
5954
-1514
-8665
-8124
-2437
-868
-8900
-15089
-9490
-210
-3169
-14644
-16351
-4353
6968
3328
-10024
-15049
-1165
16315
14011
-5964
-14793
1260
19866
17196
-543
-9275
620
15481
16673
3969
-4308
2031
12504
13339
6463
2179
3930
9127
8340
-1859
-9269
683
14021
3830
-19946
-21786
1707
14981
1845
-17946
-22909
-9528
10235
13813
-8604
-28157
-15879
11566
17602
1334
-11743
-10427
1613
14892
17611
3766
-9229
-3413
12532
17131
6871
-3743
-5224
1964
8861
7098
-2382
-9064
-6374
-408
-467
-8703
-14183
-9461
-1441
-3797
-13963
-16190
-5587
4417
472
-11029
-13456
-625
12983
10109
-6292
-12640
1913
17985
14585
-1108
-6968
2784
15073
15716
5871
-1272
3650
13158
14409
7657
3132
5348
9868
9791
539
-8641
-3354
11346
8910
-14119
-25997
-8904
12122
7821
-13762
-26652
-17752
3980
15085
-1175
-25936
-24306
2972
19729
8751
-9437
-13363
-1579
14324
20388
9299
-5997
-5043
10342
19441
12126
-393
-4764
1282
9016
8133
-522
-7376
-6554
-2601
-1263
-5530
-13131
-14244
-6582
-2109
-9785
-17942
-13985
-2707
2152
-4576
-13041
-10005
4499
12592
4029
-8738
-5447
10217
17468
8781
-1824
-517
10616
17940
12454
2823
3030
11597
15028
9805
4146
4460
8260
10707
4350
-8186
-11114
3177
13303
-3036
-26732
-24221
906
12758
-2166
-23471
-27053
-9061
12079
11226
-12821
-27643
-11648
14738
18695
1747
-10944
-6193
9001
20054
17478
3285
-4976
3178
16699
17455
5970
-3420
-2436
4908
8039
2512
-6037
-9199
-5993
-2738
-4523
-11207
-15750
-12359
-5971
-6209
-13514
-17355
-11562
-1413
1148
-6288
-11605
-4271
8264
11081
3090
-3839
856
12557
17176
9067
501
4072
14375
17061
10116
4107
5625
10371
11506
7332
2950
2709
5791
5819
-2947
-12000
-8516
5377
5382
-14845
-28858
-15138
7369
7553
-12107
-26232
-18532
2500
15715
4134
-18652
-21041
2948
22572
15146
-3699
-9293
2606
17370
21799
11726
-2392
-3475
9786
19118
11567
-2240
-6532
-174
5911
3411
-4914
-10590
-9325
-5534
-5152
-9246
-14090
-14519
-10032
-6649
-9471
-14017
-12476
-5374
-465
-1699
-4713
-3670
2771
9207
9819
4469
1495
7125
14518
13476
6494
4418
8653
12217
11080
7223
4384
4879
6828
5863
2537
1129
2149
2287
-559
-7118
-11537
-6186
4078
170
-18289
-25077
-7721
9961
4164
-14183
-21377
-9744
8949
15733
1003
-17342
-12720
11021
22850
10687
-5024
-5246
6816
17612
17965
6849
-4650
-2495
10257
15120
5213
-6623
-7724
-1041
3266
-558
-8050
-11915
-9579
-5418
-5038
-9436
-14116
-12704
-6990
-4517
-8020
-10905
-8252
-2451
1862
1883
-987
-1727
4328
11659
11364
4420
1880
7406
12877
11380
5874
3013
4958
8604
8844
4503
519
1505
4080
3248
237
-247
864
892
-1520
-7065
-10307
-4554
5074
467
-16504
-20996
-3355
12599
5381
-12489
-17677
-4607
12183
15603
322
-15535
-9596
12397
21507
7945
-7032
-5757
6802
15635
13519
2271
-6933
-3237
8566
11690
1134
-9329
-8276
-640
2460
-2156
-8422
-10297
-7130
-3438
-3796
-8119
-11304
-8726
-3633
-2711
-6032
-7762
-5120
-419
3047
2404
-1010
-959
5254
10748
8751
2420
688
5848
10713
8759
2670
87
3242
7050
5898
1285
-1058
851
3053
2423
449
8
811
1890
354
-5445
-8776
-2140
7452
2052
-14383
-17677
-370
13965
6112
-11290
-16057
-3186
12940
14860
-1340
-16349
-9102
11854
18731
4796
-8911
-6883
4994
13094
10753
-4
-8228
-3732
7747
9974
-253
-8836
-6553
337
2445
-1323
-6008
-7460
-4984
-2016
-2531
-6021
-7412
-5236
-2997
-3662
-5093
-4935
-2957
-741
310
-236
-779
882
4135
6038
4585
1968
1577
4535
6859
5294
1769
792
2745
4633
4457
2183
49
569
3054
3782
2168
1213
1693
2089
1860
-1310
-5462
-3667
4994
5515
-8133
-16525
-4524
11403
7821
-8315
-15052
-5831
8008
12698
1567
-14003
-12705
5980
16908
6429
-8392
-8709
2238
10800
10217
1813
-6849
-5118
5792
11189
3166
-6933
-6713
622
4571
1348
-4213
-6677
-4536
-1066
-525
-3981
-7061
-6465
-3727
-2822
-4200
-5597
-5184
-3016
-763
-118
-1109
-1197
1220
4177
4578
2715
1262
2317
4989
5886
3524
1028
1852
4754
5739
3741
1301
1527
3542
4832
3705
1896
1430
2458
3417
130
-5238
-5311
2981
6341
-4773
-15974
-9217
7024
8918
-4663
-14832
-9909
3924
12194
4524
-11630
-14479
1612
15338
9340
-5270
-9066
-157
10123
12032
4314
-5583
-5442
5220
11966
5302
-5397
-6872
-63
5099
2482
-4226
-7668
-5031
-968
-729
-4397
-7806
-7327
-4379
-3209
-5068
-6310
-4775
-2897
-2483
-2004
-122
1173
1130
1691
3551
4874
4214
3044
3229
4577
5063
4216
3304
3088
3691
4388
3826
2287
1892
3171
3462
2287
1274
1347
2383
423
-4863
-6844
737
6892
-2064
-15385
-12196
4436
10200
-1221
-13140
-11364
1383
12048
7834
-8080
-14718
-1433
14007
11751
-1974
-8482
-2324
8097
12599
6690
-4128
-6794
2700
11248
6675
-4593
-7981
-1778
3947
2103
-4077
-7536
-5907
-2322
-1207
-3887
-7606
-7318
-3486
-2405
-5536
-6792
-3049
-184
-1770
-3632
-1227
2929
4130
2560
1547
2892
5374
6215
4289
2008
2475
4735
5262
3074
1180
2012
3424
3013
1552
1096
1662
1839
1742
968
1217
833
-2743
-6092
-2080
5897
2575
-10424
-13816
-259
10748
3915
-9455
-11924
-1558
9639
10074
-2572
-13234
-6398
10007
13601
1262
-8315
-4728
5205
10560
7562
-1616
-7060
-1302
8429
8086
-2122
-8297
-4298
2255
2775
-2300
-6702
-6559
-3040
-661
-2093
-5930
-7043
-3406
-737
-3273
-6423
-3935
529
388
-2757
-2721
1427
4530
4015
1746
1123
3161
5796
5522
2137
190
2037
4582
3664
907
227
1853
2598
1779
1155
1339
1521
1617
1701
1878
1934
-814
-4702
-3237
4848
6226
-5325
-13861
-4885
9577
8394
-5258
-12621
-5644
6620
11222
1975
-11485
-11127
4172
13678
5302
-7379
-8064
1332
9132
8606
556
-6849
-4386
5665
9357
1276
-7578
-6258
1110
4280
215
-5375
-6620
-3147
576
-27
-4205
-6700
-3534
558
-1035
-5887
-5801
-328
2103
-1408
-4580
-1848
3445
4925
1959
-978
60
4044
6002
2884
-1397
-869
3327
4865
1860
-680
514
2904
3341
2352
1592
1507
2378
3391
3356
2804
658
-2898
-3318
3518
7788
-1309
-12944
-8580
6806
10231
-2010
-12304
-8895
2607
10138
4836
-9216
-13961
-1213
11989
7882
-5308
-9277
-1789
7095
9382
3380
-5376
-6027
3357
10043
4526
-5447
-6987
-211
5061
2744
-3593
-6653
-3777
854
1355
-2781
-6474
-4803
244
807
-4615
-7878
-3122
2594
726
-5171
-5659
525
5184
3459
-1538
-3097
1147
6438
5615
-579
-3086
1577
6283
4642
348
-456
2285
4700
4485
2378
956
2259
4859
4787
2948
910
-1689
-2978
1605
7146
1111
-11333
-11410
2880
10314
627
-11599
-11561
-741
8763
6592
-6824
-14955
-5181
10066
10338
-2589
-9724
-4122
6006
10397
5742
-3573
-6650
1349
10180
7805
-2854
-7783
-1943
5742
5038
-2314
-6849
-4353
523
1766
-1860
-6336
-6215
-799
1908
-3349
-9221
-6188
1736
2522
-4049
-7981
-3248
4143
5794
500
-4723
-2175
5684
8724
2573
-3461
-1069
5589
7294
3255
-294
470
3985
5973
4168
1126
1060
3970
5256
3666
1597
-1171
-3517
-1123
5506
4122
-7968
-14052
-3264
9428
5163
-9017
-14286
-5334
6732
8903
-2231
-14286
-10211
6058
12979
2525
-8807
-6944
3589
10763
8468
-529
-6498
-1377
8643
9863
463
-6826
-3534
4035
5626
-31
-5430
-5198
-1274
1080
-821
-5232
-6965
-3040
1471
-1073
-7902
-8749
-1702
3479
-20
-6893
-7741
-286
7230
5871
-2711
-6405
934
10084
8975
-294
-4823
698
8271
8462
2061
-2424
337
6122
7070
2470
-839
1268
4844
4815
2583
-233
-3272
-3625
1892
6115
-1444
-12711
-10495
3828
9084
-1850
-13127
-10895
992
9268
4890
-8518
-14116
-2637
11634
9974
-3565
-9726
-2194
8674
11256
4266
-4569
-5140
3841
10952
6298
-4324
-6999
221
6369
3509
-3651
-6716
-3827
480
1122
-3125
-7603
-5967
-49
1469
-4004
-8660
-5908
448
2684
-1692
-7015
-5637
2366
7574
3161
-4335
-3899
4300
9761
6108
-1347
-3215
2854
8805
6930
0
-2367
2216
6889
5652
961
-1100
1015
4134
4677
3060
-403
-5020
-5337
1870
7771
-69
-13519
-12759
2294
10546
1074
-12262
-13460
-1625
10007
7910
-6579
-15013
-4587
11045
11510
-1548
-9041
-3083
7405
11075
5236
-3518
-5053
2910
9717
5826
-3387
-5820
86
4861
2531
-3386
-5932
-3456
187
215
-3861
-6978
-4812
33
346
-4060
-7144
-5042
-233
2177
-446
-5762
-5808
1518
7545
4063
-3568
-4000
3294
9475
7347
-345
-4234
1708
9820
8264
-399
-3644
2110
7612
6061
267
-2700
344
5440
5551
726
-3674
-3922
-1356
1974
2803
-3058
-10280
-8263
2206
6121
-2263
-10570
-8226
626
5958
2869
-5338
-8904
-1499
7975
7024
-1798
-4749
1096
6485
6138
2765
-173
-789
2352
5418
3174
-1821
-2469
993
2085
-708
-3198
-2938
-1821
-1815
-2829
-4196
-4556
-3102
-1295
-2075
-4175
-4479
-2682
-997
-407
-894
-2293
-2322
427
3510
3248
493
-276
2403
5629
5620
2545
235
1965
5260
5146
1923
152
1773
3813
3398
781
-679
878
3417
2631
-593
-2817
-2690
-1354
205
396
-3604
-7827
-5767
1363
3535
-2489
-7896
-5688
1085
4734
2089
-3870
-5789
-80
6459
5801
-126
-2440
880
4958
5674
3224
49
-1004
1410
3879
2571
-1174
-2584
-879
366
-767
-2676
-3292
-2884
-2798
-3115
-3471
-3520
-3203
-2215
-1827
-2440
-2903
-2327
-984
-14
280
-686
-1294
140
2918
4018
1951
110
1420
4875
5680
2945
251
964
3558
4272
2433
20
-164
1899
3289
1565
-1070
-677
1830
2786
743
-3343
-5132
-1596
4114
2078
-7268
-10592
-1902
7105
3564
-6450
-9802
-2695
6263
7288
-988
-8649
-4779
6024
9682
2307
-4897
-3236
3661
7533
4923
-833
-3774
-514
4770
4771
-903
-4902
-2566
1487
1508
-2121
-4631
-3986
-1838
-679
-1710
-4054
-4557
-1816
758
-521
-3002
-2835
-777
485
561
77
-864
-729
941
2532
2374
1272
902
1582
2921
3596
2702
924
565
1926
2859
2023
323
-5
1313
2119
951
-333
256
1589
1958
1241
-2145
-5419
-2397
5414
4951
-7290
-13479
-2596
10591
6896
-7440
-12854
-3846
8554
10771
-113
-12008
-8493
7147
13752
3471
-8224
-6649
3280
9398
6449
-1606
-6574
-2758
5665
7251
-480
-7156
-4277
2415
3508
-1304
-5297
-4624
-1194
1153
-349
-4243
-5206
-1083
2700
604
-3441
-3783
-957
1545
1996
-2
-3220
-2792
1723
4765
2582
-1356
-1898
1381
5280
5180
761
-2570
41
4658
4485
494
-1833
-256
2546
3277
867
-1428
34
2821
3058
84
-3616
-4934
-409
6048
3070
-8777
-12804
-386
11432
5918
-8809
-13144
-2443
10273
10858
-2112
-13305
-7457
8712
14108
2747
-8815
-7090
3756
10580
7030
-2492
-7610
-2250
6604
7375
-1021
-7070
-4164
2213
3540
-898
-5281
-4962
-997
1192
-1077
-4660
-4639
-629
2113
27
-4003
-4572
-758
2898
2271
-2191
-4851
-1632
4291
5812
1022
-3587
-1734
4830
7990
3808
-2556
-2878
3039
7124
4082
-1913
-3369
929
4976
3487
-1345
-2826
576
3957
2882
-2526
-7051
-4288
4653
6715
-4421
-14486
-7209
8651
10822
-3131
-14129
-8360
6742
13777
4262
-10942
-12055
3470
15691
9036
-5964
-9995
-62
10609
10461
635
-7938
-5505
4801
9691
2480
-7343
-7397
517
5116
1135
-5324
-7025
-3148
1168
757
-3844
-6733
-3364
1896
1952
-2719
-5037
-2340
1568
2824
390
-3040
-2958
1845
5794
3887
-1028
-2291
2121
6973
6468
681
-3301
-155
5921
6245
227
-3932
-1562
3325
4355
443
-3515
-2422
2259
4146
-336
-6931
-7114
1331
7694
505
-12530
-11869
3722
12745
2773
-11819
-11628
2463
13575
9081
-5897
-12942
-1851
13673
13412
-1140
-10303
-3953
8267
12138
4144
-6473
-7949
1183
9171
5556
-5202
-9609
-3234
4239
3259
-3848
-7955
-5438
-381
1430
-1749
-5961
-5531
-164
2979
-134
-4423
-3680
713
3425
2124
-1497
-2925
753
5788
5520
293
-2530
1019
6414
6916
1714
-3039
-1364
4508
6335
1325
-4028
-3121
1996
4178
752
-3714
-3410
720
3403
904
-5089
-7684
-1580
6928
3889
-9313
-13140
330
12429
6220
-8384
-11662
-389
11912
11540
-1676
-12009
-4898
11166
14733
2055
-9015
-5906
5313
11469
6331
-4769
-9417
-1933
7815
6590
-4002
-10214
-5419
2697
3712
-2556
-8009
-6571
-958
1919
-952
-5418
-5571
-755
3074
1138
-3327
-4000
206
3991
3416
-580
-2892
-60
5214
6402
1737
-2521
-708
5032
7170
2959
-2604
-2672
2421
5625
2591
-2814
-3994
-254
3172
1892
-2211
-3713
-916
2386
1862
-2583
-6272
-3523
4004
5434
-3786
-11374
-4429
8669
9508
-2616
-10773
-4505
8179
12497
3210
-8885
-8172
5215
13950
6848
-5766
-8243
764
9498
8301
-1355
-8757
-5347
4366
7563
-212
-8805
-7788
141
4152
-117
-6337
-7051
-2329
1654
616
-3601
-5432
-2071
2362
2125
-1966
-3852
-706
3320
3457
-211
-2830
-588
4160
5657
1762
-2257
-1139
3934
6425
3048
-2222
-2911
1605
5047
2920
-2118
-3996
-856
3019
2721
-1230
-3366
-1160
2158
2695
-664
-4746
-4782
1364
6112
1022
-8488
-8273
3315
10353
3496
-7862
-8655
2041
11304
7934
-4466
-10115
-1578
10418
10494
-476
-8338
-4428
5562
9466
3119
-6192
-7570
58
6691
3924
-4718
-8412
-3613
2939
2846
-2881
-6668
-4457
177
1526
-1044
-4099
-3573
-15
2121
318
-2582
-2107
802
2640
1295
-1092
-1437
1027
3897
3419
171
-1705
857
4553
4499
506
-2634
-1071
3031
4358
723
-3317
-2629
1710
3942
1304
-2346
-2443
918
3587
1491
-3786
-5928
-619
5533
2845
-6253
-8962
-345
8141
5577
-4428
-8912
-1999
8304
9303
-797
-8988
-4379
6970
10502
2858
-5669
-5437
2420
8487
5658
-2937
-7124
-2119
5077
5146
-1874
-7216
-5148
799
3013
-867
-5629
-5846
-1734
1366
137
-3466
-4422
-1403
1641
932
-2193
-3003
-422
2546
2026
-931
-2060
850
4435
3902
193
-1721
1013
4782
4744
590
-2583
-831
3434
4580
785
-3132
-2383
1929
4116
1412
-2521
-2654
1034
3659
925
-4537
-5980
-334
5093
1802
-7021
-8951
118
8299
4930
-5386
-8921
-1048
9005
8999
-1394
-8964
-3606
8071
11096
2595
-6120
-5040
3462
9183
5729
-3169
-7262
-1889
5562
5316
-2207
-7677
-5544
711
3266
-762
-6422
-6811
-1875
1765
73
-3998
-4863
-1674
1767
1314
-2123
-3800
-849
3292
3021
-967
-2804
688
5093
4968
552
-2337
306
5227
5926
1023
-3208
-1444
3614
4988
1024
-3020
-2533
1383
3741
1745
-1973
-2672
570
2722
-190
-4537
-3999
798
2435
-1802
-6105
-4484
1475
4733
1555
-4306
-5244
988
7167
5413
-2067
-5359
-353
6830
7842
2016
-3741
-2834
3478
7388
4103
-2661
-5095
-1026
3926
3436
-2008
-6197
-4883
-170
1972
-1034
-5636
-6250
-2364
966
-143
-3552
-4337
-1632
1110
681
-1764
-2872
-649
2427
2613
-140
-1703
770
4464
4787
1233
-1300
630
4426
4858
1259
-1953
-1104
2430
3882
1388
-1956
-2060
756
2692
1535
-908
-1473
189
385
-2261
-3847
-433
2947
-614
-7209
-6486
2022
6660
1693
-5973
-6593
582
7843
6823
-1691
-7011
-2044
7025
9120
2888
-3715
-3741
2192
7421
6104
-627
-5367
-3015
2986
4919
309
-5374
-6071
-1926
1539
547
-3556
-6257
-4817
-893
887
-1451
-4269
-3525
-362
767
-687
-1984
-1382
350
1592
1404
123
99
2006
3682
2927
1106
859
2212
3195
2628
1111
-141
263
1869
2246
710
-703
-328
753
1235
954
84
-264
-549
-1774
-3022
-1493
1349
176
-4554
-6308
-1906
3025
2835
-1641
-5114
-3334
2593
6153
2737
-2989
-3341
1751
6000
5454
1604
-1657
-872
3169
5772
3683
-800
-2739
-808
2142
2356
-506
-3818
-4318
-1928
170
-723
-3689
-5321
-4022
-1388
-502
-1876
-3333
-2828
-1103
-51
-767
-1767
-1004
742
1307
378
396
1662
2880
2710
1870
1638
2396
3183
2613
1229
604
1449
2062
1415
579
502
696
674
672
651
497
600
-145
-2621
-4248
-1414
3030
1109
-6543
-9204
-1671
6046
3730
-4689
-8371
-3145
5223
7854
1266
-6564
-4964
4473
9664
4999
-2012
-3351
1222
6244
6933
2210
-2993
-2523
2310
4672
1471
-2958
-4203
-2085
132
-205
-2684
-4735
-4468
-2739
-1567
-2124
-3287
-3200
-1928
-1290
-1543
-1249
-387
-407
-927
-284
1275
2083
1740
1265
1341
2444
3738
3602
1822
825
1896
3008
2343
814
201
650
1531
1742
591
-680
-312
1144
1460
294
-1993
-3886
-3162
570
2382
-1940
-7576
-6669
695
5060
1471
-5262
-6813
-1034
5984
6351
-499
-5553
-2364
5202
8256
4316
-1482
-2766
1685
6657
6441
1081
-3176
-1852
2563
4042
708
-3574
-4526
-1993
274
-685
-3660
-5212
-4147
-2248
-1580
-2523
-3444
-3024
-1884
-1330
-1582
-1372
-550
97
-121
-131
1048
2514
2901
1981
1489
2405
3956
4094
2395
729
1117
2998
3517
1686
-380
-72
1813
2586
998
-999
-1019
864
1063
-2162
-4745
-2268
1772
-80
-5930
-7085
-1569
2604
628
-3672
-5231
-2379
2681
4902
897
-3913
-2111
4064
6586
3604
282
-376
1685
4681
5848
2953
-1063
-1174
2063
3715
1470
-1672
-3211
-2547
-910
-301
-2126
-4898
-5269
-3040
-1224
-2235
-4032
-4036
-2586
-1457
-1188
-1363
-1931
-1652
-1
1574
1296
336
703
2203
3305
3190
2374
1857
2501
3530
3198
1496
639
1635
2627
1879
309
-206
746
1633
1123
-459
-925
-336
-741
-2065
-2133
-896
-1465
-3565
-4157
-2047
-397
-1096
-2335
-2382
-1278
318
1764
1138
-614
-292
2275
3715
2774
1739
1633
2203
2982
3673
2963
1211
580
1498
1907
649
-546
-1139
-1712
-2055
-1757
-1945
-3257
-4086
-3511
-2468
-2388
-2924
-3430
-3336
-2199
-814
-1041
-2582
-2225
413
1958
894
-106
792
2463
3263
2895
1940
1731
2770
3440
2378
1144
1496
2375
2077
1042
450
660
1252
1444
614
-544
-443
-7
-686
-2264
-2272
-1207
-1497
-3215
-3700
-2080
-1018
-1362
-2041
-1979
-1438
-75
1166
725
-336
194
2014
2805
2524
2223
2003
1854
2515
3587
3201
1507
629
1279
1771
1062
-55
-1036
-1588
-1737
-1516
-1772
-2614
-3434
-3448
-2947
-2556
-2570
-2932
-3195
-2771
-1726
-1402
-1774
-1530
-296
445
507
799
1475
2013
2274
2391
2232
2294
2719
2913
2284
1599
1687
2188
2184
1533
833
709
1137
1485
1094
616
-210
-1724
-2702
-1177
895
-841
-5065
-6149
-2176
1151
108
-3288
-4831
-3105
650
3093
1166
-2509
-2617
1476
4585
3915
1600
362
949
2972
4926
4370
1645
100
1320
2778
2309
816
-480
-1454
-1613
-813
-627
-2303
-4068
-3855
-2578
-2439
-3432
-3813
-3223
-2483
-2249
-2520
-2645
-1641
22
322
-688
-615
1385
3006
2530
1256
1161
2533
3758
3480
1945
1051
1948
3293
3137
1674
749
1104
1933
2197
1340
420
-114
-875
-1907
-1410
156
-729
-4161
-5682
-2920
-60
-584
-2902
-4080
-3354
-940
1617
1104
-1926
-2616
576
3538
3332
1813
907
1211
2622
4422
4301
2010
543
1707
3232
2462
569
-462
-447
-355
-476
-1121
-2416
-3382
-3177
-2420
-2795
-3858
-4036
-2973
-2365
-2907
-3258
-2338
-829
-356
-970
-1269
50
2048
2746
1496
319
1319
3639
4430
2723
968
1301
3041
3929
3202
1565
733
1482
2803
2703
1373
348
-704
-1885
-1657
481
526
-3166
-6260
-4500
-610
337
-1871
-4346
-4649
-2415
971
1793
-919
-3245
-1837
1692
3632
3129
1397
378
1170
3445
4823
3654
1225
414
1776
2822
2108
622
-277
-783
-893
-502
-628
-1984
-3284
-3166
-2868
-3234
-3294
-2500
-2621
-3804
-3926
-2086
-238
-266
-1499
-2107
-714
1695
2763
1474
13
673
2762
3906
3037
1757
1608
2547
3097
2895
2279
1952
1978
2196
2148
1789
1550
485
-1395
-2193
-173
1081
-1746
-5599
-5006
-1084
523
-1443
-4072
-4519
-2551
682
1628
-1001
-3484
-1990
1582
3095
2278
897
288
974
3196
4633
3324
801
412
2080
2905
1982
626
-351
-880
-468
350
-199
-2219
-3475
-2947
-2091
-2140
-2656
-3186
-3731
-3478
-1974
-740
-1287
-2462
-2149
-268
1265
1127
-62
-491
835
2533
2829
1668
936
1661
2842
3011
2271
1848
2008
2419
2435
2278
2000
2151
1843
9
-1917
-1145
1500
1054
-3071
-5867
-3574
232
939
-1703
-4313
-4434
-1864
1167
1270
-1447
-3263
-1843
932
2597
2447
962
-327
322
2701
4172
3197
1055
266
1052
1949
2024
1271
-86
-1276
-1053
-52
21
-1452
-2940
-3025
-2115
-1538
-1860
-2614
-3161
-2613
-1214
-511
-1332
-1909
-869
559
685
-19
-110
627
1415
1588
1180
762
1163
2047
2273
1617
1329
1719
2098
2144
2159
2146
2027
1886
720
-971
-932
1449
1861
-1802
-5097
-3388
525
1331
-1120
-3672
-3976
-1756
1404
1660
-1584
-3712
-1673
1501
2291
1413
280
-511
119
2335
3467
2012
194
137
955
1341
1269
732
-464
-1175
-659
120
-204
-1625
-2876
-2711
-1220
-436
-1615
-3180
-2708
-715
390
-321
-1540
-1417
258
1701
1014
-655
-752
927
1977
1357
163
-215
446
1582
2037
1210
157
281
1435
2110
1938
1402
1243
1000
186
-637
85
1694
1058
-2198
-4040
-1696
1449
1393
-1315
-3157
-2580
-336
1562
1078
-1199
-2300
-940
979
1727
1491
674
-266
-197
1327
2619
1968
277
-515
-61
517
740
336
-636
-1500
-1267
-746
-1186
-1948
-1716
-1151
-1725
-2604
-2088
-391
408
-289
-1475
-1380
291
2208
2097
120
-979
312
2228
2465
1136
-260
-333
672
1455
1090
272
-205
-199
259
853
1075
765
596
485
-283
-1293
-759
1141
1364
-1333
-3476
-1878
1192
1943
271
-1451
-1898
-573
1737
2365
432
-1330
-759
794
1868
2336
1711
-182
-1149
384
2358
2182
321
-1203
-1599
-792
446
561
-1202
-2798
-2864
-1993
-1165
-697
-1350
-3086
-3695
-1946
538
1074
-283
-1603
-1152
686
2494
2731
1268
-133
377
2181
3152
2379
957
236
429
969
1294
1023
63
-798
-778
-202
179
435
361
-308
-1395
-1979
-1391
214
1073
-637
-3366
-3338
-36
2502
1697
-906
-2057
-641
2138
3384
1727
-687
-858
1050
2646
2754
1666
357
-171
543
1516
1629
694
-572
-1238
-1088
-557
-444
-891
-2086
-3380
-3322
-1650
-729
-2068
-3812
-3569
-1596
41
92
-1079
-1549
-184
1688
1914
834
449
1326
2326
2580
2038
1375
1593
2440
2397
1193
380
713
1229
942
-30
-908
-856
-42
564
163
-1284
-2883
-2816
-531
1078
-626
-3737
-3979
-1048
1632
1510
-528
-1894
-787
1980
3452
2205
239
44
1401
2668
2816
1854
682
433
1118
1561
1088
198
-417
-509
-473
-702
-1458
-2288
-2553
-2056
-1668
-2190
-3148
-3225
-2077
-1007
-1094
-1899
-1909
-713
596
800
212
62
791
1701
2052
1685
1293
1623
2434
2415
1489
869
1279
1858
1820
986
-35
-315
534
1345
887
-321
-1406
-1971
-1688
-391
121
-1533
-3728
-3498
-1120
700
432
-1059
-2036
-1182
1283
2878
1973
21
-348
1035
2647
3039
1995
461
7
1105
2257
1879
170
-1007
-779
-112
-276
-1135
-2006
-2383
-2194
-1751
-1672
-2010
-2204
-1895
-1458
-1182
-874
-502
-347
-315
28
572
870
903
943
1056
1310
1690
1767
1313
861
1044
1569
1546
778
12
64
655
981
624
-10
-176
114
-15
-1168
-2069
-1336
4
-467
-2321
-3005
-1483
433
960
-91
-1263
-820
1119
2379
1605
266
118
1091
1888
2073
1527
678
302
652
929
649
127
-468
-1073
-1295
-1047
-1010
-1457
-1971
-2099
-1781
-1243
-1020
-1349
-1623
-1126
-196
236
28
-174
185
834
1305
1255
901
739
1148
1749
1764
936
157
322
1064
1233
465
-455
-706
-138
488
341
-527
-1016
-649
-251
-504
-883
-854
-773
-867
-843
-625
-454
-187
186
275
106
350
1087
1470
1121
658
657
1078
1465
1393
841
286
156
457
664
129
-857
-1207
-678
-409
-971
-1696
-1878
-1513
-945
-746
-1288
-1866
-1481
-421
23
-359
-642
-305
284
801
1027
881
761
1171
1696
1540
1031
1113
1650
1623
843
221
409
906
815
-90
-974
-839
89
405
-557
-1676
-1721
-998
-572
-760
-1254
-1539
-1405
-1015
-646
-302
-138
-293
-367
156
1030
1407
1067
574
748
1393
1801
1494
921
679
860
908
407
-195
-212
60
-204
-983
-1540
-1340
-705
-459
-1031
-1814
-1825
-991
-241
-417
-1153
-1386
-706
196
521
236
28
439
1085
1202
960
1016
1387
1449
1118
870
971
1265
1422
1188
639
364
629
901
612
-72
-522
-666
-624
-678
-885
-1342
-1622
-1525
-1233
-1169
-1306
-1393
-1308
-936
-481
-234
-390
-474
-146
515
885
726
348
296
722
1263
1360
779
131
86
687
1071
685
-133
-460
-75
384
384
-90
-605
-736
-361
-72
-266
-639
-651
-452
-318
-241
-234
-429
-493
-173
148
45
-121
24
249
342
529
787
829
669
609
778
1014
1056
774
449
405
564
573
385
71
-151
-152
-54
-180
-543
-749
-728
-667
-794
-974
-1123
-1136
-965
-781
-886
-1144
-1142
-812
-471
-404
-616
-774
-498
109
487
367
58
69
516
1088
1325
1078
756
752
1066
1341
1387
1169
879
710
688
662
578
409
76
-329
-610
-554
-335
-409
-868
-1236
-1173
-811
-529
-501
-839
-1050
-706
-10
179
-197
-497
-210
436
861
814
473
374
756
1361
1438
944
463
595
947
936
363
-285
-548
-395
-229
-456
-1039
-1511
-1410
-1030
-1058
-1540
-1745
-1432
-1068
-972
-1022
-1003
-731
-221
90
45
77
554
990
944
826
1149
1632
1761
1681
1613
1612
1721
1928
1778
1263
950
1046
1049
628
116
-228
-383
-507
-727
-1140
-1487
-1523
-1439
-1568
-1888
-2033
-1805
-1366
-1134
-1244
-1351
-1017
-303
272
334
98
207
807
1337
1311
938
756
951
1237
1230
898
467
295
362
393
145
-189
-394
-479
-496
-521
-640
-911
-1051
-925
-707
-732
-940
-1040
-931
-611
-303
-265
-487
-397
178
760
859
775
944
1321
1610
1730
1736
1636
1644
1680
1570
1293
1171
1069
758
293
-7
-177
-358
-576
-886
-1323
-1651
-1555
-1351
-1449
-1808
-1956
-1765
-1394
-1112
-1064
-1136
-1026
-661
-301
-85
66
278
445
569
726
912
1037
1090
1138
1085
1025
1018
1102
1045
873
676
508
335
253
180
-105
-414
-565
-572
-700
-874
-1020
-1056
-1016
-905
-890
-918
-834
-539
-244
-133
-112
26
323
590
772
800
846
982
1191
1215
1136
1072
1066
925
692
534
548
471
132
-252
-375
-308
-382
-659
-998
-1173
-1119
-1003
-1083
-1310
-1372
-1210
-1070
-1002
-817
-585
-512
-492
-304
-6
320
597
618
450
569
1045
1336
1161
924
959
1113
1113
966
771
617
593
553
296
-28
-72
35
-90
-430
-613
-584
-529
-629
-789
-895
-805
-636
-640
-860
-953
-624
-208
-108
-330
-358
-33
432
688
616
357
329
666
1033
967
589
370
477
629
537
282
36
-44
-9
-98
-370
-535
-418
-320
-520
-752
-694
-477
-449
-570
-737
-749
-545
-305
-323
-497
-403
-43
196
223
292
422
510
584
717
799
789
801
767
674
680
834
792
508
312
408
472
284
-3
-208
-243
-199
-254
-613
-925
-889
-652
-694
-901
-916
-753
-580
-479
-406
-402
-278
-49
85
51
147
383
418
291
285
438
491
470
374
209
149
380
525
311
56
101
251
268
136
-66
-235
-216
-107
-202
-453
-595
-505
-447
-492
-565
-552
-501
-396
-294
-248
-217
-76
132
243
271
326
456
645
796
829
723
621
705
884
917
701
407
266
357
465
366
-1
-343
-481
-363
-249
-342
-675
-949
-978
-771
-523
-436
-589
-829
-788
-488
-104
-73
-231
-447
-376
-86
251
265
17
-109
60
406
577
580
419
353
388
594
647
503
227
100
92
133
113
-78
-325
-442
-332
-251
-268
-387
-426
-399
-342
-308
-231
-80
5
10
-48
36
238
510
600
435
246
364
627
717
592
404
269
233
325
335
144
-71
-211
-297
-314
-238
-246
-444
-587
-460
-265
-192
-275
-375
-352
-159
8
-103
-353
-386
-127
5
-107
-273
-252
-79
113
139
3
-49
118
276
242
96
116
246
288
182
111
149
224
253
113
-87
-114
109
242
60
-197
-170
27
163
104
-74
-184
-88
140
161
-19
-139
-51
66
107
106
100
83
37
6
-20
24
82
102
-70
-252
-162
139
281
105
-96
-94
142
406
430
123
-94
16
319
380
86
-278
-329
-103
92
-26
-385
-630
-537
-231
-103
-304
-647
-727
-432
-72
-59
-313
-471
-333
6
242
125
-74
67
396
494
307
186
277
457
526
351
71
40
353
574
346
-56
-164
83
310
224
-88
-337
-324
-145
-91
-225
-332
-360
-400
-388
-236
-116
-185
-377
-417
-225
61
163
86
-20
88
419
691
602
398
450
701
765
613
462
456
487
465
315
120
-4
-56
-115
-321
-506
-563
-599
-717
-810
-820
-818
-779
-736
-719
-692
-508
-327
-260
-232
-84
64
105
230
409
542
494
487
578
739
800
728
530
432
520
658
565
216
-56
-70
88
110
-91
-429
-621
-539
-298
-285
-559
-748
-662
-476
-458
-461
-381
-250
-187
-117
-1
173
376
504
530
507
611
731
793
789
792
707
629
632
612
395
124
12
-34
-172
-428
-591
-694
-751
-810
-841
-961
-1069
-1037
-914
-858
-885
-791
-655
-481
-310
-128
-74
58
352
644
665
592
727
977
1138
1109
983
812
782
837
774
465
212
167
174
35
-190
-357
-406
-398
-426
-548
-644
-705
-707
-690
-691
-717
-668
-531
-479
-465
-379
-178
6
175
269
306
406
682
955
1014
908
813
842
925
929
729
440
236
184
112
-97
-411
-622
-663
-669
-810
-1102
-1297
-1184
-904
-837
-1007
-1152
-923
-478
-113
-17
-69
-12
343
793
980
877
772
888
1111
1248
1146
941
824
844
807
708
528
290
29
-144
-183
-200
-353
-684
-1009
-1056
-752
-507
-665
-1080
-1203
-853
-380
-260
-475
-682
-503
-23
370
417
289
308
484
731
900
923
814
707
665
686
714
642
447
148
-26
16
114
-34
-423
-718
-703
-525
-520
-772
-1032
-993
-699
-464
-470
-548
-505
-298
-35
166
243
252
319
455
588
673
721
691
589
548
588
564
458
308
151
10
-67
-81
-140
-264
-394
-523
-609
-573
-473
-448
-514
-612
-648
-557
-369
-194
-156
-195
-193
-45
180
347
332
277
360
528
592
561
571
599
604
593
553
379
305
372
372
126
-108
-100
-23
-117
-377
-584
-565
-355
-280
-505
-740
-614
-268
-115
-281
-428
-316
-19
195
208
57
11
213
517
592
355
109
122
350
451
263
-45
-130
6
86
-78
-345
-430
-320
-211
-331
-540
-598
-446
-257
-199
-305
-407
-293
-10
204
182
47
17
274
603
702
516
317
299
477
647
600
286
-11
43
303
359
64
-220
-282
-166
-89
-155
-367
-500
-427
-328
-346
-347
-204
-88
-111
-146
-47
128
265
317
279
201
230
401
525
459
300
206
190
207
204
129
-49
-239
-318
-290
-261
-333
-423
-487
-524
-520
-459
-370
-304
-299
-338
-285
-107
71
144
160
192
248
359
513
584
476
365
405
528
547
452
307
225
228
178
46
-122
-188
-198
-264
-416
-538
-522
-460
-474
-568
-578
-465
-331
-282
-281
-225
-103
76
230
272
227
244
346
452
477
434
376
369
414
413
321
227
209
174
70
-100
-249
-326
-299
-324
-486
-644
-594
-434
-406
-509
-583
-502
-324
-140
-66
-108
-124
26
263
415
410
345
343
466
628
641
500
385
392
441
459
398
259
93
20
84
136
17
-202
-329
-373
-377
-361
-357
-422
-494
-467
-400
-316
-214
-179
-242
-258
-102
114
234
230
177
188
316
490
547
468
402
375
369
361
344
292
212
102
-14
-103
-127
-113
-196
-386
-577
-632
-554
-426
-436
-654
-838
-760
-446
-196
-175
-318
-372
-160
203
437
398
245
230
440
696
773
620
439
397
484
546
509
397
257
139
112
141
108
-13
-182
-305
-350
-322
-294
-333
-464
-578
-538
-338
-182
-194
-336
-388
-205
87
235
146
17
69
299
506
552
410
253
247
401
485
357
133
23
47
68
3
-136
-273
-373
-398
-418
-493
-569
-567
-514
-526
-564
-515
-372
-269
-242
-220
-130
18
154
223
229
232
320
482
519
384
302
437
589
568
386
203
140
242
368
306
30
-175
-105
69
80
-84
-246
-284
-203
-122
-153
-309
-376
-269
-103
-84
-199
-252
-134
34
101
56
3
32
138
243
268
212
164
187
248
272
180
68
21
53
62
1
-95
-157
-140
-125
-151
-175
-152
-157
-202
-219
-144
-73
-98
-149
-139
-105
-78
-15
27
-6
-57
3
131
196
160
92
74
140
223
219
148
104
97
95
89
83
58
3
-52
-54
-22
-21
-59
-121
-190
-218
-153
-46
-44
-168
-298
-273
-126
-39
-90
-182
-230
-174
-16
128
145
48
3
44
133
221
253
180
63
56
163
258
255
158
13
-19
91
190
156
8
-109
-118
-18
94
76
-75
-207
-202
-132
-109
-117
-120
-173
-247
-221
-73
73
82
-33
-136
-79
135
303
219
-14
-97
69
272
315
192
37
-29
71
192
168
35
-69
-73
-61
-66
-93
-116
-174
-221
-229
-175
-103
-97
-148
-182
-128
-10
80
42
-61
-52
113
230
179
55
25
102
176
210
201
145
64
33
61
99
141
127
-11
-140
-75
79
75
-96
-222
-230
-117
31
25
-159
-268
-154
9
16
-92
-124
-60
-12
-18
-45
-67
-58
-22
9
9
-6
-9
25
105
179
165
59
-14
47
190
244
164
47
1
77
183
196
79
-59
-85
-4
90
100
11
-107
-129
-39
30
-9
-93
-115
-79
-76
-91
-91
-75
-73
-103
-165
-186
-114
-60
-120
-233
-257
-147
-8
33
-42
-91
-19
118
203
195
144
79
78
107
136
148
111
15
-56
2
117
133
-5
-146
-154
-57
9
-45
-173
-244
-212
-112
-26
-26
-94
-141
-93
25
129
175
175
121
85
156
280
315
245
180
179
223
235
195
137
100
129
123
45
-18
-14
-12
-113
-192
-175
-141
-173
-243
-294
-298
-234
-171
-195
-269
-276
-211
-121
-41
-1
-49
-85
24
183
240
186
159
194
235
257
232
166
141
166
139
45
13
57
38
-81
-155
-148
-147
-169
-182
-191
-223
-211
-148
-121
-143
-138
-55
25
38
0
10
89
180
213
129
75
162
296
283
173
125
154
184
195
176
86
12
18
60
28
-51
-127
-181
-177
-119
-106
-226
-348
-309
-142
-52
-131
-249
-262
-142
14
52
-46
-117
-64
42
130
144
85
44
76
130
156
178
175
110
34
45
113
139
70
-39
-99
-67
2
21
-44
-147
-210
-151
14
102
12
-163
-216
-90
117
188
38
-170
-204
-34
155
170
10
-128
-105
24
150
180
70
-69
-62
84
196
175
77
-12
-35
6
75
80
15
-38
-63
-66
-14
63
69
-38
-158
-157
-50
46
34
-68
-155
-123
5
87
38
-89
-178
-146
-51
-14
-51
-109
-109
-62
-7
28
51
61
60
61
57
80
140
190
160
91
80
154
229
226
125
-7
-34
71
141
49
-141
-226
-118
17
10
-155
-286
-248
-105
-8
-50
-152
-166
-74
31
86
103
101
87
81
134
231
286
252
174
103
78
139
236
206
22
-115
-89
15
53
-88
-300
-373
-235
-108
-168
-335
-404
-317
-179
-107
-147
-253
-274
-104
84
78
-33
-38
95
234
254
208
167
212
326
392
316
194
170
214
231
183
84
-12
-29
-6
-34
-155
-232
-193
-169
-256
-351
-374
-316
-249
-272
-361
-386
-239
-39
6
-91
-136
6
219
309
235
150
201
346
426
351
228
169
227
289
266
154
59
42
60
33
-40
-91
-106
-122
-157
-224
-290
-292
-243
-230
-263
-281
-258
-191
-112
-51
-43
-57
15
149
225
205
175
224
321
367
330
273
250
274
288
255
167
82
58
60
20
-71
-155
-202
-228
-259
-279
-311
-364
-383
-331
-275
-280
-269
-226
-203
-177
-82
8
38
44
77
161
278
363
354
271
224
290
393
393
274
157
143
230
282
187
9
-99
-83
-20
-53
-217
-362
-351
-249
-229
-324
-428
-407
-296
-212
-229
-294
-274
-140
6
47
11
3
117
282
333
263
217
290
426
463
357
220
190
256
304
241
86
-53
-106
-79
-53
-112
-259
-395
-420
-339
-275
-303
-385
-435
-421
-324
-242
-222
-200
-159
-112
-63
42
176
266
281
246
262
371
485
474
353
286
346
424
406
285
174
142
118
63
-34
-142
-221
-243
-263
-334
-419
-435
-400
-372
-368
-368
-335
-256
-159
-96
-86
-31
102
240
305
303
324
377
469
506
475
388
346
372
375
313
191
92
39
21
-34
-134
-251
-295
-283
-306
-379
-449
-465
-434
-403
-395
-389
-351
-254
-175
-134
-104
-30
78
158
188
204
249
303
342
337
329
323
317
300
270
208
145
133
98
11
-88
-131
-128
-152
-217
-298
-314
-259
-202
-226
-306
-327
-245
-135
-83
-83
-89
-44
58
165
207
198
205
233
279
343
362
299
204
170
207
240
182
64
-32
-55
-39
-56
-131
-227
-266
-238
-193
-216
-298
-333
-266
-188
-180
-219
-219
-137
-31
12
-15
-24
31
117
170
171
140
118
142
180
185
149
95
57
42
41
25
-12
-50
-87
-103
-87
-62
-55
-79
-98
-80
-43
-11
-3
-9
0
29
79
113
123
117
127
170
210
211
165
114
116
149
137
67
10
12
42
44
-26
-109
-129
-93
-67
-105
-175
-208
-182
-122
-94
-119
-161
-164
-118
-44
8
4
-9
-5
28
84
112
90
56
60
70
53
27
28
43
39
-2
-42
-42
-10
-5
-49
-100
-101
-45
-12
-43
-82
-59
12
64
52
28
30
90
145
130
86
90
137
174
175
122
82
95
113
102
67
16
-21
-36
-63
-108
-138
-153
-165
-183
-204
-217
-199
-166
-162
-189
-197
-163
-113
-75
-64
-65
-37
25
86
122
132
127
133
149
180
188
146
101
74
86
105
89
30
-19
-26
-31
-55
-100
-136
-150
-167
-192
-204
-174
-118
-92
-127
-151
-86
8
70
47
10
26
112
207
231
181
137
182
250
268
214
137
100
112
121
82
14
-16
-18
-26
-61
-102
-134
-160
-152
-162
-214
-255
-232
-182
-167
-193
-180
-114
-51
-23
-34
-18
39
105
131
135
161
195
227
251
249
222
221
246
221
143
89
86
75
22
-45
-94
-139
-169
-163
-161
-185
-204
-193
-179
-165
-152
-129
-101
-84
-66
-39
4
50
100
124
126
149
200
223
198
182
166
146
141
159
146
78
-2
-44
-27
-25
-88
-167
-203
-186
-143
-145
-204
-245
-226
-175
-152
-141
-137
-127
-92
-39
25
64
64
73
115
170
185
168
147
144
158
177
172
134
96
60
52
48
27
-26
-93
-127
-127
-108
-83
-101
-146
-174
-137
-79
-39
-49
-92
-100
-32
56
84
38
-11
22
103
154
112
57
42
76
128
127
66
28
55
73
10
-80
-76
-10
5
-62
-162
-193
-104
-3
-28
-151
-207
-115
33
63
-26
-103
-71
33
83
43
-19
-43
-10
53
89
83
53
27
23
64
102
96
36
-22
-19
51
110
60
-49
-112
-68
5
3
-66
-109
-84
-23
14
24
22
9
-19
-19
20
67
54
-26
-90
-40
67
95
55
-4
-16
31
88
74
24
15
62
107
83
47
53
83
83
53
21
23
43
38
11
-2
9
6
-13
-51
-71
-74
-52
-34
-44
-77
-90
-58
-34
-29
-67
-107
-112
-59
-8
-11
-53
-65
-28
29
56
23
-8
-7
27
50
45
20
-12
-20
4
42
52
34
5
-17
-14
13
22
-16
-68
-85
-45
5
1
-55
-55
-39
-40
-32
-20
-29
-60
-70
-35
11
21
-6
-31
0
63
101
69
16
15
71
103
83
40
28
60
106
96
18
-27
26
90
58
-25
-54
-10
53
54
-25
-106
-106
-53
-33
-94
-153
-151
-128
-107
-116
-133
-135
-84
-38
-53
-73
-34
39
74
61
32
68
148
177
135
86
103
174
228
196
115
61
102
161
153
63
-46
-98
-64
-25
-30
-67
-124
-137
-89
-23
-25
-81
-129
-118
-78
-39
-7
-1
-23
-24
29
99
132
119
98
106
122
138
155
145
118
79
47
27
37
35
-25
-113
-137
-125
-123
-142
-183
-210
-217
-216
-203
-161
-142
-148
-151
-136
-112
-52
-2
-2
-13
30
122
190
206
172
131
122
179
235
216
156
105
91
91
81
56
-7
-66
-106
-113
-116
-145
-183
-218
-206
-165
-136
-148
-169
-137
-78
-30
-27
-35
-28
25
94
132
136
135
179
230
246
221
188
158
128
121
122
112
73
38
14
-9
-40
-77
-120
-165
-207
-230
-226
-214
-219
-222
-219
-201
-145
-99
-110
-128
-86
-31
12
43
87
121
150
188
223
242
246
240
210
179
182
213
196
129
73
68
77
53
-29
-109
-138
-131
-97
-90
-132
-192
-218
-192
-156
-127
-121
-145
-160
-109
-22
47
64
35
34
102
195
226
200
158
166
210
254
237
166
111
96
104
70
-14
-71
-78
-73
-103
-155
-175
-138
-113
-151
-189
-176
-139
-99
-87
-103
-107
-72
-8
32
28
30
61
93
119
119
106
99
79
51
75
90
51
-29
-55
-3
27
8
-65
-114
-123
-89
-63
-61
-96
-124
-99
-63
-41
-49
-54
-68
-79
-48
-5
27
29
-2
-18
33
96
92
57
37
50
85
102
65
28
30
36
26
2
-2
-7
-31
-59
-57
-41
-29
-37
-47
-26
-6
-10
-18
-16
-15
-12
-6
3
18
22
0
-11
-2
4
-1
-23
-23
-9
13
18
9
9
19
33
49
57
53
30
10
7
20
50
62
22
-22
-19
22
50
45
5
-41
-29
27
60
20
-32
-29
20
52
31
-12
-21
-6
22
41
21
0
31
58
51
29
38
53
40
8
-4
7
8
8
-10
-38
-28
23
17
-35
-73
-46
-9
-12
-30
-47
-48
-27
-5
-17
-36
-48
-30
6
22
-2
-33
-45
-37
-4
15
13
13
21
60
105
115
69
9
-2
34
65
48
23
5
31
85
104
77
26
9
2
-6
-30
-81
-127
-134
-108
-100
-113
-118
-107
-93
-81
-67
-65
-69
-82
-82
-78
-53
-31
-24
-19
9
46
70
68
45
56
82
91
76
48
63
91
86
53
-8
-27
-18
1
-32
-78
-102
-108
-81
-58
-68
-96
-81
-45
-34
-39
-47
-55
-56
-36
-12
15
42
57
56
70
95
105
113
118
133
121
71
52
71
90
59
-4
-48
-35
12
14
-40
-76
-63
-52
-60
-81
-106
-109
-105
-108
-118
-84
-35
-36
-67
-60
-21
11
41
36
26
35
77
109
112
116
130
148
149
129
107
99
79
52
34
14
8
21
31
-20
-78
-77
-59
-70
-93
-84
-68
-77
-80
-58
-36
-21
-13
-12
-13
8
59
100
83
72
119
189
222
176
124
117
164
183
123
31
-4
28
45
10
-57
-99
-120
-126
-131
-153
-191
-206
-187
-165
-151
-139
-129
-114
-85
-60
-48
-26
7
44
63
69
95
126
127
132
149
152
167
182
161
121
87
61
23
-14
-68
-115
-152
-159
-136
-133
-180
-230
-216
-173
-156
-162
-169
-151
-103
-63
-40
-31
-13
14
53
55
47
67
113
113
91
104
129
134
111
76
49
56
75
66
43
5
-28
-35
-28
-25
-48
-98
-107
-79
-54
-63
-81
-72
-44
-7
18
18
22
47
82
113
105
85
71
92
98
85
97
104
109
94
47
17
41
28
-44
-105
-111
-62
-60
-101
-147
-139
-85
-54
-62
-82
-76
-55
-14
12
16
30
54
64
71
94
112
101
89
73
62
79
102
97
75
57
62
93
73
12
-35
-39
-37
-48
-70
-74
-59
-27
-15
-31
-51
-45
-41
-53
-51
-49
-21
-7
-2
-11
-23
-25
-17
-14
-5
7
-3
-30
-33
9
17
0
-28
-47
-41
-50
-57
-54
-55
-73
-82
-68
-59
-33
-17
-18
-16
-18
-10
6
5
-5
-1
21
38
31
21
21
29
30
27
20
31
38
27
15
19
38
51
48
30
47
79
53
-4
-20
-14
-12
-40