-9
-11
-9
-6
-9
-9
-6
-4
-4
-5
-5
-5
-2
-3
-4
-6
-5
-3
-2
-3
-3
-2
0
1
2
0
0
2
-2
-5
-8
-4
-3
-2
-4
2
3
3
0
-2
-2
-1
0
-3
0
1
1
2
0
-3
0
1
0
1
0
-1
3
2
0
1
4
7
7
6
6
7
6
7
1
-2
-1
0
-1
-1
1
0
5
3
1
1
1
-2
-3
-4
-8
-4
-4
-4
-4
-4
0
3
4
0
4
2
6
7
5
6
9
12
10
14
8
8
10
6
-2
-1
0
-3
-1
-3
-2
2
6
2
2
4
3
1
-2
-4
-3
-4
-5
-2
-3
1
-4
-6
-9
-5
-7
-6
-7
-7
-2
-1
3
-1
1
-2
0
-4
-7
-5
-6
-1
-4
-4
-3
2
3
-1
-6
-5
-4
-2
-4
-5
-2
2
0
-2
-4
-3
-1
-6
-2
-3
6
4
6
3
3
4
0
-5
-5
-2
-4
-4
-6
-1
0
-3
-2
-1
-4
-2
1
-3
-1
-7
-11
-12
-11
-10
-6
-2
1
6
15
17
13
8
6
12
13
12
7
15
16
16
13
7
6
3
3
1
1
4
7
3
1
-1
-2
-1
0
-1
1
-1
2
5
11
10
4
7
5
6
-2
-6
-10
-4
-6
-4
-1
1
4
6
6
3
-1
-5
-5
-5
-8
-9
-6
-4
-1
0
-1
2
2
-2
-3
-3
-3
0
1
-1
-8
-1
1
1
-5
-12
-10
-7
-9
-15
-17
-15
-7
-5
-9
-9
-6
-3
-3
0
1
0
4
5
5
7
8
3
-2
0
-3
0
0
0
0
2
4
6
5
5
8
6
14
10
7
8
6
2
0
-2
-7
-4
3
2
2
4
2
6
3
2
-4
-8
-8
-11
-11
-16
-19
-13
-9
-10
-4
3
10
14
8
6
11
9
7
2
-1
0
4
-1
-3
-3
-5
-6
-6
-4
-4
-3
-5
-6
-6
-5
-10
-12
-12
-11
-8
-6
-7
-8
0
2
-7
-9
-10
-15
-10
-13
-11
-11
1
12
26
34
39
55
61
60
58
54
52
50
36
27
22
19
17
8
-6
-6
-4
-4
-12
-17
-18
-22
-22
-36
-45
-53
-58
-66
-71
-75
-73
-59
-51
-39
-33
-23
-16
-9
-2
2
-1
10
22
33
33
37
45
52
49
44
47
45
49
48
52
50
54
59
62
59
47
39
29
19
-6
-22
-36
-40
-33
-37
-24
-11
1
10
18
13
12
3
-13
-37
-49
-59
-77
-86
-86
-79
-87
-79
-78
-72
-72
-65
-54
-44
-33
-21
8
30
42
49
54
60
68
61
49
49
67
78
88
91
97
115
132
124
110
97
94
67
34
15
-7
-27
-44
-52
-64
-71
-80
-73
-60
-55
-60
-59
-58
-57
-68
-96
-121
-146
-164
-198
-211
-213
-212
-210
-185
-152
-111
-67
-36
12
48
85
104
130
133
147
149
148
129
136
132
116
110
120
128
116
131
138
152
150
154
145
132
111
101
76
43
22
6
16
17
14
1
3
-5
-30
-67
-106
-129
-160
-193
-221
-225
-227
-215
-208
-185
-157
-107
-77
-48
-38
-16
12
9
8
-13
-1
2
23
26
32
38
59
81
77
87
80
89
102
112
92
86
90
89
71
48
41
34
28
19
20
20
31
44
38
23
9
5
-12
-37
-78
-92
-92
-94
-93
-91
-71
-49
-41
-62
-45
-47
-70
-59
-42
-13
-1
30
61
89
123
123
108
82
75
37
-1
-31
-32
-33
-26
-32
-43
-32
-26
-32
-81
-93
-93
-98
-140
-163
-129
-101
-102
-58
-3
39
95
160
182
193
232
231
182
155
170
143
50
-43
-81
-132
-208
-234
-273
-297
-241
-163
-130
-167
-117
-52
-23
-2
-5
-4
38
82
102
126
143
215
232
206
201
217
181
82
19
-36
-92
-163
-217
-251
-210
-147
-101
-17
123
237
266
236
215
254
273
152
45
58
88
40
14
-7
-40
-32
-22
7
-74
-131
-154
-176
-279
-393
-433
-449
-439
-338
-265
-221
-161
-31
93
107
169
299
369
350
374
431
464
372
302
268
177
144
169
118
45
97
244
197
108
136
133
32
-50
-51
-85
-151
-170
-161
-198
-213
-186
-120
-145
-167
-107
0
90
214
347
350
271
246
234
98
-148
-315
-381
-410
-513
-673
-696
-608
-466
-422
-353
-326
-167
-63
-45
-146
-212
-223
-268
-258
-235
-140
-30
167
345
487
577
660
722
691
558
482
396
276
100
9
65
123
256
334
490
430
440
260
143
-148
-283
-715
-1113
-1233
-1166
-1341
-1676
-1591
-1317
-841
-987
-891
-828
-246
4
333
200
542
937
1452
1663
1736
1938
2249
2498
2483
2657
2459
2278
1938
1929
1633
1185
476
183
68
-345
-957
-1408
-1688
-2223
-2757
-3322
-3828
-4446
-5000
-5674
-6135
-6406
-6436
-6204
-5858
-5011
-3638
-1930
-558
1056
2994
4976
6563
7731
8612
9321
9621
9431
8924
8268
7434
6554
5744
5045
4410
3698
2998
2428
2029
1512
647
-519
-1621
-2706
-4012
-5603
-7080
-8349
-9256
-10040
-10561
-10681
-10512
-10100
-9334
-8323
-7331
-6390
-5423
-4196
-3278
-2587
-2068
-1334
-602
185
889
1783
2713
3849
5313
6742
7891
9168
10793
12076
12822
13205
13318
12944
12057
10822
9249
7401
5385
3665
1941
243
-1411
-2512
-3532
-4533
-5496
-6418
-7353
-8311
-9084
-9825
-10433
-10801
-10673
-10227
-9541
-8583
-7327
-5779
-4299
-3023
-2133
-1221
-457
30
-162
-572
-1078
-1373
-1821
-2349
-2577
-2503
-1679
-526
1126
2815
4998
7273
9807
11977
13485
14373
14843
14810
14229
12948
10921
8610
6424
4597
2543
566
-867
-1635
-2092
-2491
-2842
-3302
-3956
-4775
-5753
-7056
-8577
-10059
-11185
-11838
-12319
-12346
-11890
-10633
-9106
-6948
-5114
-3877
-2491
-575
776
717
18
-629
-553
-1272
-2289
-3398
-3417
-2586
-753
748
2583
5032
8316
11577
14075
15613
16474
17317
17315
16622
14584
12096
9220
7004
4817
2691
205
-1505
-2145
-2245
-2658
-3314
-3800
-4408
-4918
-5807
-7116
-9223
-10962
-12158
-12792
-13743
-14353
-14033
-12800
-10972
-9625
-8233
-6434
-4233
-2438
-1245
-1015
-639
-124
65
-411
-1135
-1286
-375
949
2133
3540
5644
8532
11681
14323
16078
17448
18606
19513
19314
17948
15185
12443
10124
7869
4648
1223
-1369
-2774
-3692
-4750
-5795
-6844
-7547
-7854
-8185
-9431
-11187
-12613
-13176
-13526
-13892
-14327
-14079
-12867
-11739
-10720
-9471
-7898
-6445
-4785
-3452
-1998
-896
190
1109
1575
2000
2902
4084
4738
5912
7347
9406
11508
14020
15942
17051
17942
19052
19581
18593
16263
13465
11214
8641
5572
1596
-1531
-3816
-5004
-6286
-7515
-8718
-9426
-9610
-9883
-10793
-11981
-13037
-13488
-13493
-13185
-12978
-12763
-11675
-10753
-10085
-9322
-8112
-7172
-6427
-5821
-4049
-2422
-1323
-725
625
2103
3644
5073
6058
7419
9020
11423
13415
15638
17683
18960
19437
20364
21151
20300
17658
14515
12335
9790
6542
2109
-1171
-3538
-4802
-6324
-7671
-9112
-10000
-10215
-10560
-11714
-13164
-14160
-14622
-14671
-14321
-13832
-13543
-13422
-13172
-11718
-10488
-10403
-10258
-9197
-7028
-4651
-3148
-2107
-806
1572
3958
5060
5287
6208
8180
9998
11741
13486
16022
19178
20934
21797
22970
24356
23102
20062
16959
14544
10594
6091
1452
-1986
-4991
-6939
-8286
-9637
-10820
-11431
-11455
-11940
-12925
-14039
-14695
-14993
-15016
-14489
-13538
-13526
-14218
-13993
-12142
-11424
-12457
-12219
-9641
-7124
-5240
-3009
-612
1140
3572
6258
7245
6963
7549
9668
10957
11932
13543
16698
20113
21921
23006
24989
26640
25186
21851
18756
15739
10556
5251
501
-3765
-7927
-9882
-10872
-12492
-13907
-14043
-13643
-14188
-14835
-15346
-15605
-16201
-15782
-14757
-13890
-15046
-16190
-14977
-12994
-13028
-14347
-12823
-9251
-6048
-4010
-1081
1603
3817
6299
9037
9056
8386
9173
11485
12366
13287
15602
19635
23307
24727
26270
28775
29964
26740
22806
19538
15471
8501
2857
-2041
-7128
-11592
-12834
-13907
-16134
-16946
-16094
-15588
-15996
-15942
-15898
-16257
-16335
-15272
-14565
-15444
-17467
-17273
-15160
-14188
-15813
-15533
-11211
-6649
-4701
-2093
1823
5226
7254
9642
10560
9781
9165
10934
12150
12062
13709
17634
22694
25348
26758
28841
31631
30538
26544
21876
18122
11484
4532
-870
-6047
-11989
-15033
-15183
-16562
-18056
-17553
-16109
-16005
-15524
-15005
-15275
-16280
-15556
-14818
-15716
-17711
-18444
-17209
-15848
-16286
-16993
-13454
-8189
-5487
-3791
558
5048
7117
8221
10067
10211
9090
9361
11265
11232
12121
15683
20909
25227
26559
27878
30507
32401
29573
24530
19908
15624
8553
2420
-3063
-8834
-14057
-14999
-15148
-17297
-18108
-16594
-15438
-15282
-14307
-14114
-15114
-15218
-14411
-15325
-16897
-18221
-18227
-17667
-16789
-16434
-15026
-10846
-6746
-4364
-1179
3719
6509
6864
8207
9621
8907
7781
8968
10014
10567
13280
18077
23474
26233
27073
28571
31971
32169
27400
21113
18080
13163
6201
-83
-5243
-11334
-14909
-14698
-15782
-18223
-18243
-16221
-15544
-14801
-14089
-14758
-16022
-15765
-15924
-16798
-18168
-19384
-19462
-17528
-14889
-14210
-12037
-6920
-2842
-393
3871
7711
7809
7520
9870
10027
7777
6938
8947
9434
11294
15477
20854
24829
26105
27229
29955
32397
29095
22413
18045
16026
9043
1806
-3491
-8394
-14155
-15202
-15004
-17639
-19573
-17568
-15936
-16019
-15317
-14996
-16032
-17350
-16976
-16877
-17395
-19161
-19868
-18278
-13855
-12154
-11984
-7753
-1627
1334
3886
8230
9628
8323
9517
11374
9301
6429
7687
9519
10352
13293
18256
22999
24859
25841
28011
30839
29552
23244
17482
16042
10862
2778
-2995
-6676
-12714
-15991
-14830
-16066
-19352
-18545
-15421
-15338
-15549
-14751
-15137
-17396
-17468
-16777
-17236
-19061
-19884
-18753
-14872
-11655
-11695
-8831
-2332
1872
3300
7194
10330
9217
8376
10691
9974
6344
5800
8668
9589
11518
16173
22088
25074
25859
27788
30722
31431
26275
19534
16737
13930
5811
-1073
-5241
-10288
-15823
-15317
-15083
-18521
-19791
-16247
-14862
-15675
-15291
-14926
-17065
-18487
-17693
-18179
-19834
-21466
-20488
-17744
-13406
-12424
-10594
-4622
1547
3543
6445
10576
10801
8573
9925
10662
7010
4320
6802
8534
9343
13236
19329
24037
25501
27359
29771
31989
29360
23119
18046
16524
10113
2270
-2979
-6889
-13103
-15373
-13986
-16027
-18864
-16933
-13613
-14245
-14381
-13613
-14839
-17924
-17993
-17686
-19536
-22243
-22348
-20273
-16545
-14004
-13121
-8654
-2031
1878
3987
8191
10147
8323
8095
9997
8040
4188
4985
7861
8826
11613
17691
23353
25246
26678
29647
32211
30983
25489
19643
17855
13558
5810
-620
-4386
-9815
-13991
-13381
-14390
-17887
-17987
-14310
-14014
-14658
-14008
-14145
-16914
-17628
-16817
-18210
-20990
-22044
-20315
-17684
-14741
-14144
-11024
-4914
165
1956
5664
9056
8475
7040
9090
8683
4722
3585
6811
7836
9135
14149
20365
23952
25157
27979
30575
31899
28274
22875
19231
17205
10046
3029
-1565
-6218
-12393
-13545
-12963
-16307
-18381
-15262
-13046
-14392
-13705
-12828
-14662
-17297
-16837
-17177
-19779
-22202
-21536
-19890
-16957
-15115
-13711
-8654
-2834
456
3058
7790
8881
7279
8261
10315
7247
3906
5714
8454
8415
11368
17287
21968
23869
25823
28757
30530
29762
25218
20509
18353
13800
6170
868
-3411
-9708
-13950
-13100
-14498
-18506
-17651
-13837
-13773
-14435
-12730
-12601
-15583
-16109
-15121
-16993
-20420
-21197
-19637
-17770
-15949
-14939
-11656
-5522
-883
1161
5225
9178
9038
8056
10274
9870
6076
5350
8346
8667
9329
13907
19615
21993
22995
25755
27975
28570
25696
20965
17597
15181
8966
2659
-1705
-6357
-12152
-13455
-13297
-16403
-18444
-15601
-13596
-14484
-13494
-12192
-13521
-15159
-14146
-14446
-17132
-19103
-18219
-17074
-15276
-14051
-12483
-8140
-3056
-333
2321
6701
8112
7049
8251
9956
7251
4663
6659
8677
8294
10953
16167
19963
21184
23110
25520
26747
25838
22191
18026
15906
11951
5569
678
-3045
-8409
-12211
-11992
-13249
-16653
-16009
-13328
-13327
-13781
-12026
-11778
-14257
-14268
-13336
-14603
-17359
-17637
-16860
-15243
-13782
-12703
-10500
-5606
-1775
344
3811
6929
7069
6683
9041
8603
5673
5205
8115
8391
9117
12772
17531
20030
21227
23224
24727
25683
23521
19453
15733
13704
8471
3147
-1283
-5405
-10443
-11722
-11563
-14258
-15937
-13896
-12416
-13109
-12559
-11450
-12618
-14513
-14025
-14055
-15783
-17375
-17133
-15960
-13813
-12344
-11201
-7699
-3325
-757
1770
5356
6786
5972
7200
9010
7317
5128
6756
8975
8936
11091
15245
18953
20415
21852
23413
24507
24086
20912
16833
14461
11134
5411
890
-2733
-7534
-11520
-11227
-12053
-15060
-15310
-12894
-12661
-13585
-12530
-12399
-14659
-15421
-14615
-15294
-17114
-17604
-16160
-14435
-12621
-11429
-9003
-4691
-1235
754
3833
6984
7292
6867
8836
9117
7006
6364
8831
9470
10033
13034
17211
19772
20732
22038
23104
23886
21968
18306
14432
12268
7464
2513
-1730
-5654
-10527
-12406
-12049
-13970
-15873
-14576
-12614
-13182
-13075
-11826
-12603
-14724
-14680
-13852
-14645
-16104
-15906
-14215
-12182
-10608
-9322
-6330
-2465
77
2436
5847
7447
6835
7490
9477
8242
6196
6864
8910
8714
9899
13572
17112
18748
19428
20973
22180
22369
19663
16126
13306
10592
5508
1424
-2445
-6953
-11024
-11409
-11895
-14581
-15294
-13422
-12660
-13463
-12487
-11798
-13441
-14730
-13657
-13295
-14468
-15490
-14668
-12850
-11194
-10217
-8776
-5209
-2006
115
2764
6043
6670
6274
8051
9138
7353
6211
8215
9091
9067
11214
15138
17786
18804
19803
21223
22273
21295
18235
14748
12522
8716
4100
230
-3301
-7917
-10729
-10645
-11981
-14548
-14417
-12752
-13070
-13639
-12439
-12585
-14613
-14912
-13443
-13287
-14872
-15247
-13516
-11636
-10578
-9704
-7574
-3990
-1484
583
3544
6000
6120
6536
8580
8648
6862
6750
8769
8893
9355
12082
15573
17382
18380
19689
21056
21547
19988
16784
13677
11350
7027
2795
-775
-4571
-9158
-10655
-10484
-12659
-14709
-13506
-12128
-12948
-12876
-11296
-12310
-14310
-13497
-11911
-12910
-14810
-14464
-12511
-11123
-10632
-9595
-6882
-3336
-1129
1379
4537
6292
6287
7495
9396
8160
6611
7307
8956
8365
9373
12555
15433
16921
17967
19519
20593
20847
18930
15995
13083
10681
6392
2581
-1259
-5503
-9410
-10277
-11121
-13915
-14809
-13288
-12860
-13671
-12303
-11088
-12947
-14157
-12414
-11468
-13249
-14833
-13996
-12208
-11236
-10824
-9387
-6293
-3036
-911
2078
5105
6203
6397
8271
9407
7466
6455
7793
8738
7854
9802
12805
15064
16617
18210
19493
20020
20379
18579
15684
12860
10506
6137
2508
-1441
-5726
-9417
-10022
-11312
-13971
-14205
-12754
-12608
-13111
-11303
-10802
-12822
-13499
-11713
-11648
-13546
-14761
-13882
-12549
-11715
-11124
-9578
-6278
-3364
-999
2215
5056
5798
6484
8826
9343
7316
6948
8474
8759
8082
10209
12881
14717
16102
17641
18915
19591
19811
18192
15716
13220
10468
6369
2854
-1340
-5867
-9211
-10026
-11876
-14324
-14139
-12952
-13196
-13194
-11216
-11192
-12921
-13000
-11283
-11670
-13488
-14227
-13352
-12486
-12084
-11213
-9457
-6449
-4015
-1409
1991
4819
5640
6784
9061
9304
7996
8163
9363
8956
8779
11002
13331
14721
15916
17265
18318
19164
19267
17650
15079
13022
10169
6339
2854
-1277
-5908
-8817
-9621
-11680
-13959
-13743
-12944
-13271
-12756
-10897
-11361
-13142
-12589
-10669
-11287
-13323
-13931
-13099
-12358
-12119
-11460
-9903
-7152
-4733
-1799
1546
3870
4769
6540
8845
8855
7615
8004
9043
8661
8686
11050
12862
14138
16084
17609
18131
18576
19439
18005
15154
12610
10276
6708
3161
-1121
-5225
-7959
-9005
-10965
-13108
-12977
-12566
-12801
-12434
-10829
-11224
-12525
-12024
-10552
-11175
-12820
-13432
-12912
-12686
-12652
-11576
-10055
-7808
-5471
-1999
1406
3733
4922
6723
8690
9020
8044
8111
8362
8127
8251
9984
11468
12857
15268
16904
17577
18189
19518
18650
16082
13271
11394
7751
3894
-636
-4378
-7847
-9779
-11293
-13099
-13679
-13265
-12570
-12033
-10798
-10357
-10971
-11037
-10030
-10472
-11995
-13258
-13382
-13680
-13651
-12633
-11494
-9685
-6565
-2835
318
3034
5351
7245
8674
9800
9234
8553
8320
8738
8382
8918
10409
12082
14307
16108
17063
17769
19270
19320
16981
13990
12343
9000
4766
517
-3181
-7308
-9820
-10868
-12633
-14079
-13484
-12412
-11970
-11134
-9776
-10086
-10838
-10148
-10008
-11410
-13164
-13718
-14065
-13840
-13021
-12144
-10611
-7157
-3622
-650
2286
4987
6628
8150
9826
9536
8341
8447
9170
8711
8499
10332
11815
13593
16051
17310
17783
18680
20153
18439
15389
12805
10384
6113
2069
-2063
-6135
-9334
-10686
-12122
-13831
-13477
-12709
-12128
-11542
-10016
-9869
-10618
-10759
-10814
-11806
-13290
-14533
-15450
-15376
-14337
-13353
-11997
-8831
-5026
-1940
1313
4539
6491
7884
9544
10256
8997
8818
9182
9148
8567
9753
11462
12928
15390
17402
18147
18757
20337
20069
17598
14306
11855
8163
3919
-373
-4482
-8233
-10782
-11900
-13085
-13646
-13185
-12255
-11303
-10240
-9354
-9477
-10292
-10895
-11397
-12663
-14498
-16137
-16541
-15889
-14887
-13555
-11142
-7446
-4106
-605
2928
5755
7310
8796
10040
10016
9279
9127
9030
8800
9089
10485
12029
13846
16424
17987
18908
19679
20632
19557
16846
13614
10907
7018
2858
-1472
-5121
-8656
-10731
-11740
-12770
-13354
-12811
-11759
-11256
-10512
-9694
-10208
-11632
-12015
-12330
-13908
-16140
-16846
-16679
-15952
-14833
-12876
-10295
-6841
-3174
353
3524
5968
7718
9088
10304
10215
9513
9406
9872
9862
10160
11978
13728
15461
17676
19168
19594
19712
20192
18521
15018
11863
9223
5287
996
-2627
-6048
-9218
-10840
-11650
-12976
-13298
-12755
-12346
-12071
-11096
-10958
-12276
-12846
-12772
-13738
-15347
-16056
-16372
-16295
-14966
-12988
-11404
-8713
-4975
-1490
1403
4535
6777
8159
9495
10609
10201
9790
10170
10156
10203
11109
12718
13619
15867
18122
18387
18187
19046
19191
16311
13190
11002
7986
3874
573
-2635
-6334
-9146
-10130
-11143
-12537
-12802
-12376
-12048
-11779
-11258
-11395
-12307
-13030
-13328
-13718
-14711
-15860
-16077
-14807
-13305
-12262
-10466
-7189
-3957
-1331
1822
4868
6496
7738
9511
10587
10116
9872
10300
10683
10776
11251
12646
14061
15795
17008
17454
17718
17663
17092
15353
12679
9701
7079
4279
1011
-2679
-5752
-8088
-9539
-10923
-12186
-12817
-12802
-12711
-12641
-12235
-12299
-13263
-13811
-13569
-13776
-14751
-15478
-15035
-14108
-12912
-11388
-9511
-6865
-3888
-772
2108
4788
6571
8319
9978
11036
10633
10587
11215
11335
11134
11550
13075
13719
14972
16496
17054
16469
16466
16826
15050
11894
9507
7655
4371
808
-2317
-5342
-8286
-9849
-10950
-12492
-13429
-13354
-13084
-13094
-12721
-12741
-13240
-13526
-13394
-13559
-14309
-14775
-14739
-13846
-12594
-11363
-9877
-7001
-3820
-1089
1743
4943
7119
8651
10598
11805
11657
11393
12015
11884
11539
11620
12482
12969
14216
15677
15746
15432
15929
16325
14514
12009
9913
7778
4473
1454
-1856
-5228
-8314
-9798
-11223
-13075
-13971
-13946
-13920
-13938
-13063
-12590
-13019
-13275
-12529
-12392
-13064
-13831
-13746
-13181
-12244
-11177
-9764
-7219
-4334
-1388
1783
4956
7037
8971
11151
12431
12261
12105
12544
12195
11499
11327
12037
12096
12746
14256
14829
14584
14686
15396
14454
12358
10004
8071
5172
2059
-1509
-4762
-7948
-10070
-11837
-13429
-14374
-14719
-14491
-13978
-13067
-12557
-12332
-12083
-11703
-11756
-12019
-12726
-13239
-13048
-11985
-10992
-10007
-7774
-4631
-1571
1203
4215
6764
8915
10806
11995
12223
12208
12338
11702
11259
10990
11048
11093
11849
13394
14001
13972
14179
15018
14718
12905
10469
8591
5975
2670
-899
-3959
-7364
-10200
-11671
-12877
-14266
-14668
-13954
-13526
-13108
-11949
-11173
-11657
-11791
-11287
-11338
-12527
-13127
-12800
-11991
-11137
-9829
-7750
-4795
-1961
845
3952
6890
8720
10200
11894
12718
12220
11709
11815
11196
10387
10235
10882
11097
12147
13455
13740
13637
14199
14698
13116
10674
8520
6294
3015
-350
-3789
-7128
-9854
-11438
-12810
-14027
-14261
-13923
-13353
-12578
-11386
-10978
-11113
-10840
-10623
-10948
-11605
-12132
-12437
-11883
-10710
-9592
-8125
-5412
-2448
264
3375
6277
8240
9856
11764
12459
12030
11611
11423
10403
9657
9438
9631
9844
10921
12621
13131
13361
13841
14672
13660
11417
8954
6950
3871
345
-3112
-6024
-9035
-11115
-12003
-12897
-13670
-13531
-12498
-11867
-11378
-10503
-10146
-10575
-10637
-10349
-10677
-11768
-12119
-11506
-10596
-9711
-8407
-6243
-3481
-750
2026
4832
7205
8923
10383
11585
11844
11215
10649
10330
9735
9101
9159
9769
10416
11879
13067
13433
13505
14002
13758
11852
9339
6966
4138
812
-2329
-5335
-8251
-10432
-11291
-12096
-12687
-12652
-11996
-11520
-10937
-10022
-9851
-10329
-10445
-10157
-10467
-11109
-11507
-11318
-10627
-9495
-8284
-6704
-4195
-1625
936
3568
6242
7942
9221
10700
11332
10989
10434
10457
9808
9243
9143
9830
10233
11350
12882
13256
13260
13521
13828
12202
9764
7201
4861
1586
-1376
-4534
-7320
-9787
-10887
-11577
-12294
-12422
-11992
-11239
-10737
-9919
-9520
-9711
-10213
-10216
-10277
-10763
-11611
-11835
-11105
-9984
-8978
-7633
-5122
-2533
-117
2596
5383
7090
8276
9928
10856
10580
10117
10257
9892
9222
9255
9657
10006
10594
12212
13040
12812
12644
12997
12473
10363
7628
5396
2990
96
-3020
-5599
-7929
-9849
-10578
-10916
-11466
-11705
-10915
-10078
-9705
-9320
-9080
-9596
-10017
-9879
-9990
-10888
-11499
-11100
-10130
-9001
-7884
-6260
-3816
-1151
1282
3684
5946
7451
8614
9980
10623
10159
9696
9877
9580
9101
9023
9595
10090
11070
12322
12460
12231
12362
12510
10955
8574
6159
3943
1228
-1456
-4272
-6731
-8802
-9737
-10256
-10845
-11056
-10667
-9998
-9614
-9059
-8854
-9274
-9813
-9742
-9815
-10536
-11307
-11267
-10540
-9640
-8557
-7251
-5021
-2561
-52
2306
4816
6622
7991
9451
10333
10364
10054
10136
9840
9290
9121
9492
9882
10422
11638
12250
11999
11893
12143
11362
9167
6791
4902
2534
-289
-2956
-5187
-7417
-9039
-9554
-10091
-10757
-10725
-9977
-9696
-9553
-9113
-9074
-9718
-10040
-9968
-10328
-11019
-11397
-11033
-10260
-9122
-8012
-6288
-3869
-1407
834
3373
5843
7235
8493
9910
10649
10320
10159
10269
9695
9260
9260
9734
9827
10681
11748
11791
11561
11594
11582
10068
7977
5811
3863
1256
-1247
-3796
-5977
-7864
-8832
-9533
-10181
-10284
-10016
-9725
-9507
-8985
-8776
-9247
-9798
-9868
-9930
-10446
-11240
-11362
-10750
-9748
-8760
-7387
-5336
-2963
-540
2099
4609
6297
7765
9388
10522
10568
10443
10490
10320
9840
9784
9843
9971
10361
11442
11880
11310
10978
11053
10481
8475
6264
4486
2527
37
-2334
-4365
-6353
-8006
-8785
-9273
-9967
-10245
-10008
-9743
-9720
-9473
-9511
-10050
-10532
-10544
-10573
-11127
-11642
-11292
-10223
-9082
-7988
-6223
-3761
-1405
932
3505
5760
7098
8359
9843
10476
10218
10059
10303
10031
9702
9686
10169
10451
11124
11916
11849
11425
11126
10987
9503
7286
5088
3367
1077
-1315
-3739
-5619
-7321
-8294
-8939
-9594
-9884
-9818
-9540
-9565
-9294
-9322
-9833
-10558
-10589
-10649
-11227
-11715
-11516
-10729
-9724
-8257
-6659
-4591
-2224
437
2903
5048
6673
8035
9352
10108
10254
10006
10026
9782
9485
9509
9713
9964
10417
11672
12012
11474
11118
11291
10452
8208
5930
4131
1951
-567
-2855
-4884
-6872
-8277
-8711
-9278
-9919
-10017
-9617
-9480
-9544
-9429
-9674
-10419
-10858
-10721
-10944
-11513
-11683
-10862
-9666
-8483
-7162
-5150
-2594
-285
1944
4288
6366
7554
8721
9997
10468
10104
9986
10305
9965
9652
9678
10268
10486
11182
11906
11642
11112
10887
10653
8845
6522
4431
2685
302
-2011
-4234
-6075
-7731
-8488
-9024
-9747
-10118
-9990
-9823
-10022
-9879
-9965
-10637
-11277
-11078
-10994
-11445
-11600
-11023
-9905
-8616
-7034
-5349
-3162
-737
1657
3922
5929
7304
8426
9722
10416
10309
10029
10235
10084
9809
9857
10267
10489
11012
12029
12005
11293
10868
10783
9407
6973
4646
2849
605
-1808
-4063
-5976
-7683
-8659
-9082
-9740
-10207
-10211
-9895
-10064
-10107
-10080
-10446
-11081
-11299
-11070
-11222
-11438
-11231
-10134
-8818
-7381
-5825
-3646
-1190
1110
3369
5583
7330
8425
9620
10580
10740
10398
10383
10414
10011
9911
10110
10530
10799
11693
12122
11578
11037
10874
10101
7791
5294
3384
1300
-1294
-3635
-5668
-7527
-8887
-9242
-9774
-10468
-10596
-10183
-10195
-10343
-10121
-10313
-10982
-11323
-10944
-11006
-11309
-11211
-10254
-9015
-7642
-6110
-4226
-1798
554
2817
4919
6843
8057
9248
10325
10648
10429
10287
10494
10096
9967
10105
10509
10735
11584
12207
11658
11057
10761
10133
7904
5526
3356
1310
-1230
-3381
-5465
-7267
-8628
-9117
-9500
-10109
-10284
-10123
-9991
-10115
-10012
-10180
-10735
-11216
-11039
-10896
-11175
-11198
-10416
-9076
-7726
-6279
-4321
-1949
422
2598
4859
6780
8101
9110
10179
10659
10608
10516
10645
10500
10383
10547
10951
11172
11676
12302
11883
11078
10491
10002
8052
5465
3224
1395
-1095
-3431
-5468
-7240
-8845
-9479
-9771
-10445
-10746
-10471
-10311
-10474
-10225
-10013
-10625
-11226
-10947
-10550
-10814
-11054
-10369
-9075
-7623
-6210
-4418
-2195
235
2426
4628
6561
7763
8710
9817
10531
10374
10256
10554
10458
10282
10508
11106
11178
11682
12431
12184
11318
10753
10335
8339
5709
3472
1577
-1125
-3545
-5600
-7369
-9055
-9558
-9820
-10383
-10602
-10191
-9986
-10038
-9840
-9770
-10504
-11045
-10802
-10776
-11128
-11350
-10584
-9446
-7855
-6421
-4505
-2205
411
2599
4732
6681
7896
8871
9820
10480
10250
10162
10475
10421
10359
10528
11153
11291
11886
12560
12153
11302
10804
10319
8153
5608
3309
1406
-1381
-3718
-5934
-7717
-9313
-9833
-10177
-10668
-10706
-10301
-10064
-9995
-9654
-9635
-10217
-10774
-10569
-10511
-10782
-11126
-10489
-9237
-7614
-6167
-4374
-1987
636
2881
4994
6917
8003
8947
9924
10453
10093
9956
10319
10263
10177
10479
11231
11347
11915
12597
12276
11445
10771
10186
8034
5374
3003
1044
-1731
-4235
-6407
-7997
-9548
-10206
-10334
-10616
-10564
-10232
-9712
-9618
-9275
-9240
-9701
-10245
-10212
-10237
-10653
-10876
-10415
-9313
-7898
-6234
-4502
-2203
471
2804
4879
6773
8184
8973
9862
10405
10228
9946
10161
10218
10105
10358
11004
11304
11806
12340
11922
11284
10741
10029
7720
5189
3086
886
-1940
-4351
-6413
-8368
-9785
-10118
-10395
-10859
-10654
-10023
-9728
-9501
-9067
-9074
-9714
-10030
-9777
-9932
-10484
-10590
-9905
-8747
-7335
-5941
-4118
-1796
751
2828
4923
6671
7746
8670
9708
10138
9735
9782
10165
10234
10067
10633
11278
11454
12038
12441
12025
11205
10742
9695
7388
4815
2754
325
-2387
-4874
-6899
-8688
-9899
-10306
-10640
-10772
-10472
-9976
-9647
-9254
-8997
-9145
-9568
-9643
-9683
-9942
-10295
-10186
-9566
-8510
-7169
-5694
-3795
-1425
960
3055
5093
6803
7912
8945
9711
9980
9761
9888
10078
10079
10092
10593
11139
11594
12218
12213
11838
11239
10828
9269
6927
4461
2453
-125
-2816
-5263
-7228
-8972
-10016
-10340
-10737
-10778
-10442
-9923
-9615
-9150
-8879
-9161
-9639
-9477
-9291
-9677
-10057
-9780
-8936
-7752
-6549
-5119
-3235
-794
1336
3376
5193
6672
7599
8705
9395
9382
9164
9442
9669
9569
9781
10477
10966
11410
12194
12101
11660
11015
10652
8768
6326
4013
2065
-678
-3394
-5613
-7481
-9124
-9921
-10134
-10536
-10477
-9951
-9379
-9145
-8804
-8595
-8955
-9282
-9217
-9281
-9718
-9950
-9535
-8737
-7524
-6376
-4787
-2694
-210
1685
3715
5683
7004
7878
8896
9629
9310
9206
9502
9634
9390
9755
10531
10877
11480
12091
11974
11436
11061
10393
8361
5949
3871
1727
-1042
-3595
-5836
-7842
-9316
-9954
-10426
-10858
-10639
-10129
-9658
-9251
-8826
-8751
-9096
-9219
-9059
-9204
-9699
-9834
-9371
-8366
-7260
-6113
-4463
-2224
14
1924
3968
5678
6751
7746
8798
9225
8854
8939
9308
9346
9132
9678
10447
10781
11345
11698
11634
11108
10762
9748
7702
5487
3583
1391
-1264
-3750
-5895
-7699
-8971
-9594
-10195
-10504
-10206
-9709
-9234
-8918
-8547
-8675
-8868
-8801
-8702
-9078
-9474
-9302
-8702
-7740
-6764
-5483
-3821
-1559
425
2301
4136
5720
6770
7754
8624
8921
8745
8932
9190
9177
9205
9776
10304
10692
11243
11306
11171
10768
10364
8864
6878
4949
3062
522
-1975
-4228
-6307
-8135
-9116
-9737
-10378
-10539
-10087
-9667
-9288
-8869
-8525
-8743
-8756
-8477
-8445
-8815
-8975
-8541
-7868
-6848
-5919
-4592
-2895
-806
948
2757
4434
5613
6603
7593
8408
8377
8480
8807
9105
9035
9410
9985
10323
10763
11061
11013
10638
10366
9551
7857
5914
4227
2124
-292
-2554
-4607
-6627
-8071
-8765
-9449
-10037
-9964
-9562
-9252
-9009
-8620
-8544
-8763
-8586
-8365
-8475
-8788
-8623
-8098
-7258
-6307
-5242
-3860
-2046
-180
1503
3241
4620
5574
6492
7464
7894
7803
8090
8496
8719
8780
9428
9999
10406
10819
10943
10915
10543
10129
8776
7022
5143
3370
1054
-1213
-3420
-5405
-7043
-8017
-8736
-9482
-9663
-9441
-9188
-8970
-8651
-8491
-8742
-8723
-8407
-8354
-8708
-8756
-8302
-7509
-6643
-5660
-4388
-2735
-911
810
2472
3983
5039
6012
6880
7504
7507
7721
8084
8337
8421
8841
9514
9941
10467
10647
10714
10424
10209
9275
7707
5842
4226
2227
-12
-2214
-4149
-5900
-7222
-7988
-8782
-9285
-9353
-9094
-8925
-8744
-8515
-8572
-8649
-8446
-8182
-8364
-8476
-8201
-7568
-6735
-5801
-4715
-3361
-1628
-7
1538
2977
4194
5107
5968
6742
7033
7235
7593
8113
8224
8595
9182
9780
10191
10328
10336
10146
9893
9078
7737
6114
4594
2798
880
-1146
-3046
-4798
-6126
-7072
-7990
-8706
-9038
-9035
-8945
-8906
-8763
-8798
-8800
-8527
-8175
-8091
-8131
-7778
-7086
-6265
-5454
-4450
-3184
-1664
-219
1184
2477
3572
4501
5314
6052
6381
6760
7172
7679
7947
8384
8999
9489
9983
10134
10076
9826
9585
8837
7479
5973
4622
2999
1072
-742
-2464
-4034
-5438
-6361
-7308
-7952
-8381
-8583
-8671
-8667
-8618
-8768
-8755
-8574
-8209
-8054
-7852
-7590
-6838
-5958
-5073
-4248
-2995
-1580
-290
933
2193
3126
3846
4620
5370
5630
5923
6440
6949
7296
7861
8638
9114
9642
9959
10036
9736
9432
8764
7464
5932
4605
2998
1230
-557
-2141
-3659
-4884
-5758
-6667
-7387
-7827
-8022
-8330
-8522
-8595
-8784
-8876
-8660
-8340
-8129
-7888
-7358
-6536
-5601
-4737
-3851
-2614
-1225
-80
1001
2188
3088
3746
4428
5249
5458
5712
6219
6880
7100
7575
8370
8940
9331
9441
9631
9372
9059
8190
7041
5621
4335
2753
1121
-550
-2118
-3524
-4506
-5326
-6328
-7060
-7347
-7551
-8065
-8388
-8536
-8730
-8905
-8668
-8375
-8218
-7866
-7070
-6119
-5273
-4393
-3337
-2063
-836
188
1196
2168
2952
3524
4247
4818
5076
5370
6052
6703
6985
7559
8361
9045
9242
9351
9407
9232
8643
7685
6513
5199
3814
2280
804
-793
-2203
-3428
-4186
-5084
-5962
-6603
-6898
-7315
-7834
-8193
-8494
-8762
-8852
-8521
-8267
-8023
-7574
-6536
-5561
-4699
-3855
-2660
-1491
-482
463
1417
2142
2622
3253
3952
4306
4550
4969
5783
6333
6848
7466
8214
8859
8950
8989
8868
8649
7814
6732
5545
4416
2906
1525
216
-1076
-2400
-3211
-3755
-4619
-5430
-5809
-6163
-6864
-7431
-7803
-8297
-8752
-8686
-8344
-8155
-7871
-7057
-5950
-4874
-3988
-2946
-1741
-582
258
1079
1883
2373
2604
3146
3701
3853
4074
4753
5548
6002
6741
7600
8309
8561
8730
8788
8483
7850
6847
5701
4482
3185
1794
504
-671
-1809
-2647
-3105
-3686
-4417
-4803
-5078
-5718
-6432
-6892
-7393
-8120
-8373
-8181
-8023
-7884
-7270
-6260
-5247
-4252
-3212
-2052
-991
-5
807
1586
2033
2338
2712
3114
3305
3469
3971
4662
5194
5896
6750
7596
8030
8221
8410
8331
7873
6988
5900
4768
3542
2203
932
-349
-1434
-2372
-2786
-3323
-3971
-4446
-4524
-4950
-5706
-6254
-6622
-7211
-7771
-7746
-7620
-7543
-7262
-6342
-5355
-4480
-3572
-2317
-1111
-222
578
1480
2140
2326
2568
3028
3179
3119
3491
4208
4649
5096
6016
7041
7495
7598
7906
8049
7683
6792
5843
4781
3549
2203
1020
-195
-1435
-2389
-2709
-3121
-3823
-4246
-4173
-4530
-5285
-5695
-6012
-6730
-7395
-7319
-7257
-7359
-7161
-6346
-5462
-4604
-3592
-2481
-1318
-271
673
1495
2192
2484
2681
3011
3207
3096
3168
3809
4301
4715
5408
6440
7043
7215
7505
7701
7507
6731
5852
4885
3828
2458
1229
40
-1064
-2131
-2659
-3006
-3590
-4015
-3956
-4075
-4709
-5155
-5325
-5820
-6558
-6763
-6695
-6794
-6810
-6298
-5520
-4741
-3953
-2885
-1737
-719
115
1018
1804
2159
2349
2730
2965
2863
2997
3592
4003
4346
5082
6074
6593
6660
6939
7156
6996
6243
5420
4530
3603
2435
1346
222
-896
-1885
-2306
-2699
-3419
-3883
-3791
-3881
-4472
-4858
-4981
-5411
-6001
-6036
-5922
-6079
-6104
-5452
-4700
-4111
-3453
-2432
-1413
-617
84
875
1500
1751
1954
2292
2472
2431
2607
3220
3653
4026
4740
5782
6276
6251
6511
6760
6488
5647
4958
4151
3112
2033
1223
190
-943
-1766
-2044
-2466
-3132
-3459
-3452
-3652
-4109
-4385
-4652
-5134
-5612
-5613
-5554
-5681
-5678
-5141
-4358
-3753
-3159
-2289
-1284
-547
83
863
1428
1543
1716
2146
2271
2084
2229
2838
3223
3604
4306
5254
5788
5954
6230
6431
6276
5538
4822
4110
3221
2079
1168
291
-756
-1684
-2042
-2410
-3105
-3476
-3360
-3539
-4072
-4309
-4364
-4808
-5282
-5240
-5112
-5204
-5176
-4662
-3998
-3443
-2881
-2102
-1208
-518
42
750
1363
1533
1625
2026
2236
2098
2218
2749
3136
3443
4125
5043
5457
5579
5826
6021
5776
5076
4350
3594
2752
1760
883
-21
-965
-1735
-2035
-2437
-3040
-3351
-3247
-3467
-3920
-4118
-4194
-4600
-4979
-4875
-4708
-4701
-4608
-4072
-3407
-2790
-2265
-1565
-795
-179
345
923
1377
1428
1580
1868
1981
1811
1951
2429
2739
3098
3762
4657
5081
5281
5513
5747
5532
4856
4102
3408
2545
1531
680
-130
-1048
-1802
-2061
-2359
-2908
-3207
-3076
-3291
-3729
-3931
-3973
-4415
-4776
-4657
-4419
-4455
-4320
-3727
-3011
-2472
-1942
-1209
-500
14
441
964
1291
1333
1416
1659
1682
1591
1777
2199
2458
2822
3467
4254
4705
4900
5096
5237
5156
4558
3841
3113
2364
1428
604
-160
-1010
-1737
-1986
-2233
-2713
-2989
-2937
-3129
-3493
-3660
-3836
-4277
-4550
-4439
-4299
-4270
-4043
-3515
-2775
-2012
-1446
-840
-85
566
898
1210
1509
1468
1385
1530
1607
1427
1515
2013
2339
2693
3274
4086
4491
4658
4842
4929
4762
4195
3464
2698
1973
1068
249
-491
-1209
-1883
-2131
-2286
-2712
-2953
-2891
-2982
-3410
-3600
-3641
-4049
-4407
-4302
-4073
-4058
-3829
-3260
-2577
-1906
-1214
-511
121
652
1054
1410
1597
1527
1412
1509
1536
1450
1520
1940
2289
2658
3210
3900
4404
4497
4595
4631
4560
4017
3272
2524
1858
1031
277
-446
-1141
-1799
-2046
-2183
-2594
-2905
-2873
-2933
-3301
-3541
-3630
-3945
-4292
-4247
-4021
-3928
-3748
-3233
-2450
-1709
-1073
-426
343
934
1240
1526
1720
1607
1393
1470
1434
1273
1286
1786
2136
2478
3056
3810
4364
4488
4587
4563
4437
3848
3084
2289
1548
637
-101
-689
-1372
-2042
-2236
-2251
-2578
-2880
-2762
-2810
-3205
-3450
-3444
-3804
-4249
-4243
-3966
-3837
-3683
-3149
-2407
-1581
-895
-171
562
1152
1486
1794
1999
1840
1549
1516
1524
1262
1180
1519
1917
2173
2719
3481
4135
4352
4493
4570
4476
4064
3303
2482
1687
859
35
-669
-1362
-2060
-2399
-2404
-2620
-2935
-2905
-2801
-3014
-3273
-3328
-3551
-3957
-4077
-3880
-3767
-3649
-3271
-2588
-1788
-1088
-427
336
1063
1472
1782
2109
2121
1826
1736
1780
1525
1287
1492
1830
1964
2396
3064
3739
4024
4214
4299
4248
4026
3368
2563
1775
1021
166
-555
-1227
-1966
-2475
-2538
-2673
-3023
-3067
-2928
-3090
-3309
-3263
-3367
-3785
-3919
-3642
-3471
-3400
-3077
-2471
-1781
-1057
-424
216
882
1427
1749
2035
2183
2052
1859
1914
1809
1532
1501
1849
2003
2219
2733
3389
3784
3880
4042
3994
3857
3328
2661
1842
1113
292
-414
-1132
-1847
-2476
-2648
-2734
-3051
-3203
-3059
-3055
-3267
-3269
-3249
-3507
-3743
-3546
-3288
-3184
-2992
-2468
-1775
-1107
-549
53
739
1288
1637
1957
2178
2085
1925
1984
1897
1607
1514
1747
1889
2039
2461
2980
3454
3693
3836
3790
3747
3441
2822
2066
1405
604
-139
-814
-1503
-2252
-2636
-2701
-2975
-3234
-3218
-3096
-3248
-3297
-3250
-3366
-3596
-3524
-3262
-3086
-2885
-2525
-1928
-1260
-650
-146
490
1116
1507
1822
2172
2249
2055
2057
2159
1923
1705
1805
2035
2048
2316
2773
3223
3477
3603
3645
3559
3417
2926
2227
1526
881
110
-609
-1321
-2056
-2637
-2827
-3055
-3410
-3480
-3312
-3371
-3480
-3361
-3309
-3505
-3516
-3211
-2968
-2801
-2455
-1911
-1346
-788
-249
334
884
1311
1648
2007
2204
2160
2101
2160
2117
1940
1960
2065
2181
2317
2687
3002
3345
3502
3484
3413
3306
3055
2383
1775
1142
476
-268
-861
-1607
-2315
-2702
-2850
-3193
-3500
-3427
-3375
-3499
-3508
-3395
-3489
-3596
-3398
-3106
-2898
-2625
-2180
-1617
-1012
-478
-16
563
1098
1449
1700
2024
2106
2037
2076
2147
1972
1911
2102
2288
2321
2600
2990
3306
3558
3599
3505
3335
3260
2769
2071
1425
872
103
-561
-1189
-1899
-2540
-2744
-2947
-3316
-3466
-3355
-3432
-3533
-3424
-3406
-3554
-3503
-3202
-2989
-2733
-2379
-1913
-1432
-797
-296
135
654
1147
1466
1762
2033
2086
2048
2143
2210
2034
2052
2222
2361
2396
2728
3000
3224
3368
3395
3245
3068
2922
2438
1801
1209
641
-58
-663
-1327
-1974
-2506
-2746
-3028
-3296
-3389
-3441
-3550
-3536
-3423
-3468
-3535
-3350
-3064
-2789
-2470
-2133
-1744
-1209
-620
-245
168
656
1093
1338
1729
1961
2023
2046
2250
2262
2175
2283
2398
2497
2600
2905
3011
3232
3342
3234
3014
2916
2697
2114
1550
1029
431
-210
-764
-1398
-2015
-2402
-2636
-2924
-3162
-3272
-3361
-3387
-3351
-3370
-3409
-3304
-3129
-2965
-2630
-2273
-2051
-1727
-1101
-627
-353
79
622
970
1229
1629
1851
1919
1979
2184
2143
2135
2184
2325
2431
2586
2803
2949
3242
3270
3163
3014
2963
2594
2065
1569
980
270
-323
-830
-1553
-2193
-2521
-2703
-3010
-3217
-3241
-3262
-3231
-3163
-3098
-3082
-2999
-2854
-2650
-2345
-2156
-2009
-1666
-1112
-779
-510
-27
483
810
1179
1640
1832
1901
2079
2287
2238
2156
2233
2335
2424
2536
2694
2824
3040
3199
3103
2952
2820
2624
2169
1625
996
350
-254
-814
-1509
-2152
-2545
-2742
-3015
-3238
-3270
-3203
-3189
-3141
-3007
-2913
-2896
-2821
-2569
-2329
-2192
-2069
-1750
-1344
-1019
-692
-228
219
607
1064
1541
1817
1955
2183
2390
2430
2342
2407
2493
2549
2583
2750
2896
3020
3186
3199
3074
2863
2757
2383
1794
1093
512
-142
-815
-1526
-2145
-2665
-2976
-3151
-3339
-3433
-3390
-3263
-3142
-3009
-2903
-2867
-2779
-2559
-2405
-2314
-2219
-1933
-1610
-1288
-931
-493
-17
491
1011
1456
1791
2078
2324
2486
2538
2509
2504
2566
2613
2644
2724
2875
3028
3232
3345
3238
3090
2962
2737
2167
1490
820
141
-610
-1316
-2000
-2641
-3089
-3296
-3447
-3587
-3572
-3413
-3248
-3113
-2962
-2839
-2775
-2663
-2566
-2478
-2387
-2252
-2047
-1742
-1345
-928
-397
180
770
1273
1754
2197
2475
2624
2731
2804
2726
2705
2717
2751
2733
2834
3012
3176
3335
3382
3332
3144
2971
2622
2054
1278
556
-195
-932
-1725
-2425
-3027
-3382
-3536
-3654
-3692
-3574
-3316
-3145
-2971
-2801
-2684
-2683
-2645
-2577
-2543
-2534
-2449
-2203
-1850
-1451
-943
-324
282
856
1492
2053
2369
2604
2847
2976
2878
2821
2828
2765
2744
2798
2938
3025
3233
3477
3510
3382
3238
3084
2640
1927
1136
399
-416
-1249
-2058
-2711
-3230
-3530
-3665
-3710
-3642
-3457
-3247
-3061
-2905
-2760
-2713
-2734
-2769
-2742
-2706
-2699
-2578
-2292
-1864
-1431
-880
-262
416
1061
1656
2134
2536
2841
3051
3087
3076
3002
2971
2892
2896
2910
3005
3144
3301
3506
3511
3399
3141
2906
2383
1677
834
44
-823
-1604
-2284
-2902
-3436
-3663
-3669
-3667
-3617
-3404
-3167
-3019
-2833
-2727
-2715
-2784
-2798
-2832
-2782
-2697
-2569
-2282
-1779
-1261
-740
-57
683
1273
1819
2414
2828
3008
3164
3300
3237
3088
3038
3012
2948
2978
3060
3197
3324
3509
3517
3356
3071
2721
2234
1548
702
-195
-969
-1692
-2402
-3054
-3512
-3776
-3850
-3818
-3729
-3557
-3348
-3106
-2919
-2798
-2772
-2794
-2826
-2843
-2760
-2693
-2567
-2322
-1839
-1307
-739
-95
609
1342
1997
2600
3037
3362
3542
3655
3632
3525
3349
3259
3208
3123
3093
3178
3255
3227
3253
3164
2838
2402
2029
1453
628
-173
-897
-1667
-2398
-2981
-3491
-3900
-4054
-4028
-4000
-3888
-3627
-3375
-3189
-3033
-2880
-2835
-2814
-2806
-2725
-2620
-2491
-2263
-1835
-1323
-794
-148
655
1389
2017
2684
3265
3589
3794
3990
4007
3827
3688
3605
3442
3268
3201
3134
3070
3031
2999
2839
2554
2224
1832
1379
753
9
-755
-1397
-2082
-2747
-3352
-3773
-4103
-4226
-4224
-4143
-4019
-3791
-3507
-3276
-3082
-2953
-2821
-2778
-2666
-2522
-2352
-2198
-1905
-1409
-824
-206
460
1217
1991
2710
3314
3798
4155
4332
4389
4364
4220
3962
3677
3490
3240
2987
2789
2680
2480
2321
2226
1960
1570
1190
862
237
-466
-1146
-1781
-2521
-3130
-3659
-4099
-4417
-4477
-4439
-4313
-4060
-3750
-3428
-3094
-2813
-2622
-2471
-2351
-2269
-2143
-1971
-1822
-1513
-1002
-407
160
923
1747
2498
3174
3825
4305
4571
4705
4719
4545
4240
3864
3460
3084
2700
2324
2071
1925
1750
1639
1619
1490
1197
952
688
123
-570
-1212
-1865
-2675
-3333
-3843
-4297
-4635
-4654
-4503
-4299
-3975
-3526
-3105
-2726
-2387
-2132
-2002
-1933
-1889
-1781
-1647
-1528
-1266
-782
-151
473
1230
2038
2838
3513
4167
4588
4778
4758
4669
4385
3911
3360
2831
2358
1918
1574
1321
1224
1152
1180
1256
1303
1112
880
619
191
-507
-1221
-1920
-2676
-3373
-3888
-4263
-4546
-4545
-4314
-3969
-3560
-3075
-2587
-2167
-1819
-1593
-1492
-1466
-1504
-1513
-1421
-1266
-1074
-660
-5
712
1405
2206
3016
3669
4157
4525
4669
4539
4252
3847
3343
2740
2147
1613
1231
919
729
680
770
830
906
1046
1033
804
469
151
-428
-1144
-1845
-2461
-3128
-3647
-3926
-4081
-4106
-3887
-3450
-3006
-2529
-2051
-1599
-1284
-1071
-987
-987
-1055
-1123
-1136
-1029
-833
-536
-37
607
1302
1966
2631
3203
3645
3914
3999
3854
3552
3154
2679
2176
1661
1200
819
632
523
467
478
568
636
681
702
588
302
-35
-376
-810
-1382
-1941
-2421
-2807
-3088
-3251
-3303
-3233
-2964
-2587
-2196
-1795
-1388
-1051
-766
-583
-498
-500
-508
-516
-513
-428
-235
30
362
809
1305
1766
2175
2549
2827
2952
2967
2859
2662
2314
1947
1549
1181
810
515
276
90
-11
-37
-32
-63
-43
-65
-54
-164
-302
-523
-720
-970
-1256
-1525
-1769
-1967
-2103
-2110
-2112
-2004
-1835
-1526
-1229
-895
-605
-358
-157
1
63
21
-46
-108
-143
-131
-48
53
250
538
893
1205
1513
1794
2030
2182
2242
2158
1965
1707
1389
1038
651
267
-77
-301
-484
-604
-643
-570
-487
-384
-231
-110
-56
-81
-85
-208
-386
-623
-827
-1088
-1289
-1403
-1422
-1411
-1309
-1071
-778
-486
-243
6
182
286
233
146
-26
-211
-403
-515
-588
-577
-434
-159
151
504
921
1310
1632
1854
1983
1944
1784
1508
1171
751
297
-120
-442
-701
-888
-916
-791
-632
-443
-135
148
338
438
547
508
343
128
-100
-385
-666
-851
-964
-1018
-1000
-854
-635
-401
-186
32
206
280
244
127
-71
-304
-565
-758
-923
-997
-971
-782
-493
-146
248
669
1069
1353
1567
1649
1564
1332
1042
668
242
-191
-534
-792
-936
-955
-853
-641
-338
7
333
632
844
947
958
903
712
446
163
-99
-354
-531
-612
-648
-617
-471
-262
-99
41
159
215
144
15
-206
-461
-760
-987
-1163
-1251
-1256
-1102
-823
-512
-127
304
701
960
1163
1257
1209
1015
772
447
75
-245
-489
-660
-750
-705
-558
-312
-33
300
604
864
1032
1146
1161
1080
914
691
474
237
26
-166
-253
-317
-313
-267
-179
-127
-69
-29
-62
-175
-313
-473
-685
-916
-1095
-1208
-1280
-1263
-1136
-944
-686
-374
-26
289
528
714
807
792
675
494
266
3
-241
-406
-491
-517
-464
-270
-17
257
538
834
1053
1205
1299
1296
1212
1060
888
673
470
277
109
-37
-98
-141
-174
-181
-146
-143
-181
-220
-291
-419
-561
-700
-838
-987
-1079
-1118
-1121
-1069
-938
-761
-586
-374
-149
53
189
297
339
321
236
138
6
-124
-224
-285
-283
-222
-104
61
290
508
732
930
1091
1203
1249
1242
1153
1044
882
709
500
320
158
-3
-137
-220
-251
-282
-282
-283
-261
-252
-261
-320
-411
-497
-587
-687
-801
-862
-888
-869
-809
-686
-580
-442
-292
-116
-16
44
87
105
76
-1
-75
-155
-203
-220
-188
-141
-41
119
326
505
694
858
1011
1085
1109
1077
987
852
677
487
296
141
-36
-161
-239
-267
-281
-255
-201
-138
-91
-40
-35
-72
-147
-218
-314
-435
-547
-615
-634
-644
-606
-524
-411
-315
-196
-78
-11
-4
-5
-13
-82
-193
-278
-336
-371
-361
-294
-199
-65
140
360
543
706
857
927
941
883
771
612
446
271
87
-61
-157
-209
-228
-196
-153
-71
17
104
151
180
160
110
32
-58
-187
-304
-383
-431
-459
-434
-372
-275
-153
-34
58
126
173
145
65
-44
-174
-339
-481
-592
-646
-659
-584
-454
-279
-71
168
385
569
701
751
743
664
535
351
173
0
-136
-239
-263
-246
-172
-66
62
191
314
394
434
433
388
302
177
46
-88
-191
-270
-308
-309
-243
-144
-26
80
209
299
341
323
274
160
-3
-177
-359
-531
-692
-790
-833
-800
-749
-614
-434
-237
-63
117
268
344
378
357
289
174
74
-19
-103
-153
-147
-89
4
125
258
373
483
560
588
558
502
416
308
187
82
-9
-63
-85
-49
-5
74
163
257
322
363
379
329
243
121
-10
-192
-365
-515
-633
-751
-809
-811
-780
-730
-642
-508
-389
-284
-195
-97
-56
-43
-28
-22
-54
-91
-57
-26
-2
47
148
238
324
424
497
535
553
567
525
459
391
327
271
208
183
170
184
217
261
309
353
394
395
383
345
274
166
33
-125
-290
-449
-585
-698
-798
-840
-834
-801
-737
-647
-558
-471
-381
-312
-277
-244
-221
-217
-213
-191
-149
-105
-42
33
134
236
320
392
459
514
527
523
508
488
449
405
383
364
349
343
364
374
384
399
416
406
396
377
335
264
179
85
-38
-183
-324
-460
-576
-683
-748
-780
-791
-765
-703
-625
-564
-481
-404
-347
-311
-277
-246
-233
-199
-162
-119
-69
7
93
160
214
276
336
368
389
407
417
425
432
444
451
449
455
461
466
460
450
433
421
383
334
291
249
177
99
20
-63
-150
-235
-330
-427
-508
-565
-604
-656
-680
-677
-643
-620
-573
-520
-462
-406
-346
-287
-237
-186
-124
-62
-7
44
83
129
168
193
195
219
248
271
297
341
391
423
475
527
562
578
589
594
563
524
465
403
329
245
163
101
55
-9
-65
-111
-144
-203
-267
-329
-393
-467
-532
-590
-644
-662
-667
-641
-608
-550
-484
-394
-324
-260
-204
-147
-118
-93
-65
-54
-46
-27
24
59
116
178
266
335
407
466
529
573
594
602
598
579
535
496
443
381
327
287
243
202
184
164
131
86
51
-3
-87
-178
-262
-351
-455
-540
-607
-646
-670
-656
-629
-580
-526
-453
-384
-328
-298
-256
-217
-207
-202
-193
-167
-149
-109
-57
27
110
216
326
425
510
586
644
658
655
630
586
521
457
388
322
275
244
222
211
221
235
248
244
224
179
108
13
-94
-208
-333
-456
-551
-613
-649
-662
-640
-597
-536
-485
-440
-404
-372
-368
-378
-376
-371
-362
-361
-321
-265
-196
-109
11
124
231
355
485
583
627
677
696
674
620
567
495
406
350
315
289
270
289
333
371
385
404
414
377
294
191
70
-84
-236
-378
-515
-631
-687
-696
-695
-676
-616
-535
-472
-433
-408
-402
-414
-446
-472
-502
-517
-503
-460
-386
-285
-151
-8
146
287
427
538
620
658
664
653
613
540
471
415
376
352
340
364
406
468
517
561
577
585
551
463
347
197
49
-125
-290
-440
-555
-633
-677
-685
-674
-638
-586
-528
-489
-464
-451
-451
-472
-496
-521
-535
-533
-501
-445
-363
-260
-121
15
153
284
407
497
542
568
564
536
482
426
373
334
302
309
339
393
457
537
613
672
701
690
638
549
415
248
75
-105
-277
-424
-530
-606
-651
-659
-641
-608
-569
-532
-506
-492
-502
-518
-540
-571
-587
-585
-567
-530
-456
-366
-256
-134
2
128
242
337
418
474
499
503
493
476
446
422
405
404
402
433
467
522
578
627
671
682
671
619
548
435
295
130
-30
-187
-330
-458
-564
-628
-667
-685
-685
-660
-634
-612
-596
-577
-565
-566
-556
-541
-519
-497
-458
-399
-331
-262
-183
-84
16
109
198
290
370
435
479
518
533
540
540
524
505
492
491
490
501
520
548
574
595
594
577
530
468
371
248
110
-35
-175
-320
-438
-538
-604
-658
-680
-679
-657
-642
-614
-581
-561
-538
-517
-497
-480
-460
-439
-415
-380
-340
-294
-236
-168
-85
-1
92
178
274
361
439
499
550
586
601
607
592
575
560
549
529
528
531
538
531
519
492
450
391
312
214
89
-38
-169
-292
-420
-516
-589
-634
-656
-648
-620
-593
-549
-512
-474
-449
-434
-428
-425
-420
-416
-412
-400
-370
-328
-274
-200
-121
-24
76
180
280
378
472
534
574
607
629
614
587
550
520
482
460
439
427
424
436
443
432
411
381
331
249
145
22
-106
-231
-350
-463
-547
-602
-627
-625
-610
-564
-505
-449
-399
-355
-331
-331
-334
-357
-386
-422
-431
-428
-405
-361
-292
-199
-81
48
168
283
380
479
529
546
536
519
481
428
375
325
309
305
317
343
387
429
467
493
493
455
402
316
202
70
-51
-180
-296
-384
-458
-491
-515
-508
-490
-446
-411
-381
-348
-323
-317
-345
-362
-384
-401
-423
-422
-409
-363
-285
-195
-92
26
153
262
357
420
456
454
430
384
328
268
211
172
154
169
201
244
290
349
403
447
459
436
393
322
228
120
-5
-122
-223
-296
-359
-401
-413
-400
-374
-344
-307
-278
-246
-230
-229
-243
-263
-287
-312
-339
-342
-317
-275
-220
-139
-37
66
173
259
327
360
363
353
321
258
195
150
107
74
70
90
122
171
226
281
338
388
410
399
365
315
243
141
32
-71
-164
-242
-305
-344
-365
-365
-350
-320
-304
-282
-264
-260
-264
-280
-293
-312
-327
-325
-311
-282
-232
-164
-87
-11
75
157
217
252
263
261
240
215
182
155
136
130
143
162
190
219
254
291
326
359
389
396
383
358
315
249
172
89
1
-84
-152
-195
-230
-257
-275
-270
-266
-269
-290
-315
-346
-376
-406
-442
-459
-459
-422
-375
-319
-255
-166
-77
9
79
127
156
165
159
143
119
89
81
87
98
122
156
204
247
284
323
360
390
414
431
432
406
382
360
317
256
195
141
90
43
-8
-54
-74
-100
-126
-162
-205
-251
-299
-357
-423
-475
-519
-547
-549
-529
-496
-451
-392
-311
-220
-145
-87
-26
22
45
46
42
44
35
35
45
62
93
126
180
246
289
335
402
448
469
479
501
505
483
460
440
409
351
293
233
172
93
30
-31
-80
-139
-181
-218
-282
-333
-386
-428
-485
-541
-573
-592
-598
-604
-594
-561
-494
-408
-351
-279
-184
-86
-26
5
39
75
92
101
117
121
149
190
235
280
350
432
485
536
572
614
623
620
606
583
553
495
436
380
311
216
132
60
-16
-106
-173
-234
-290
-355
-399
-440
-486
-523
-563
-585
-618
-643
-670
-679
-669
-637
-579
-524
-442
-349
-242
-161
-80
-4
58
104
145
186
214
242
269
314
356
421
489
555
607
664
713
743
762
750
708
668
607
522
422
323
222
121
35
-64
-133
-191
-245
-296
-340
-382
-429
-472
-524
-582
-635
-691
-741
-774
-783
-795
-776
-722
-640
-556
-457
-348
-240
-130
-51
16
60
114
147
195
220
262
326
405
489
559
652
735
820
865
907
924
924
881
801
718
612
489
351
232
113
4
-81
-151
-211
-264
-305
-345
-400
-457
-523
-599
-691
-776
-854
-911
-961
-993
-984
-941
-865
-777
-673
-545
-407
-280
-159
-70
12
91
162
224
278
345
430
514
602
686
759
840
911
966
1000
1021
1025
1007
955
877
779
662
529
387
240
106
-17
-116
-208
-289
-351
-408
-456
-513
-572
-633
-692
-772
-832
-899
-950
-982
-999
-988
-953
-878
-803
-700
-592
-464
-356
-258
-153
-57
37
120
216
318
422
523
628
728
806
869
924
972
997
999
991
972
946
890
820
730
619
509
381
249
117
14
-98
-203
-300
-373
-440
-516
-597
-665
-726
-783
-832
-888
-918
-932
-930
-903
-866
-826
-768
-694
-612
-547
-476
-397
-312
-228
-137
-20
112
243
383
531
663
771
857
922
961
979
981
966
939
905
870
824
778
719
652
556
455
355
233
108
-29
-145
-269
-373
-477
-564
-641
-706
-760
-811
-843
-869
-879
-872
-852
-833
-797
-757
-705
-655
-599
-547
-484
-402
-321
-232
-119
11
149
296
439
578
695
794
858
898
923
930
920
890
856
821
785
760
735
693
650
615
556
458
342
222
93
-55
-208
-358
-494
-621
-720
-799
-869
-925
-943
-935
-917
-891
-845
-797
-761
-732
-689
-647
-618
-581
-518
-440
-354
-253
-131
1
141
291
437
569
683
796
873
920
943
949
937
893
842
788
730
675
632
606
575
542
503
451
384
293
181
53
-85
-235
-385
-527
-652
-750
-842
-907
-936
-937
-928
-899
-853
-807
-768
-731
-691
-650
-603
-555
-502
-415
-310
-207
-104
15
142
269
392
503
617
713
807
882
927
951
956
936
901
852
782
712
643
583
519
460
403
340
262
188
94
-5
-118
-245
-368
-495
-604
-715
-802
-871
-918
-954
-956
-933
-906
-863
-820
-758
-707
-632
-561
-488
-395
-297
-177
-71
33
138
251
348
435
524
609
694
768
831
880
920
936
940
908
859
802
717
631
535
443
349
269
184
103
24
-57
-142
-233
-332
-439
-537
-633
-717
-799
-865
-908
-929
-929
-906
-866
-802
-728
-648
-554
-462
-370
-290
-195
-106
-15
76
160
235
309
388
457
520
590
660
720
779
821
857
871
867
832
791
711
617
520
417
310
208
128
57
0
-73
-139
-203
-273
-361
-458
-560
-658
-741
-813
-871
-909
-916
-893
-844
-776
-684
-589
-478
-370
-264
-156
-60
20
105
192
264
333
389
439
487
535
580
615
645
667
699
713
726
716
698
674
624
554
454
362
253
143
23
-67
-144
-213
-280
-354
-409
-469
-540
-621
-695
-767
-832
-881
-920
-929
-913
-865
-802
-720
-610
-492
-366
-246
-125
-14
116
226
319
408
499
579
629
674
703
732
747
750
750
747
745
732
717
694
663
619
561
489
392
291
181
65
-46
-156
-256
-348
-436
-511
-588
-662
-736
-797
-847
-893
-920
-935
-935
-919
-879
-811
-738
-654
-554
-430
-297
-165
-32
109
248
386
507
612
710
795
866
910
940
946
937
910
880
844
794
729
673
621
554
479
388
299
195
89
-24
-139
-259
-361
-459
-556
-647
-733
-796
-864
-919
-971
-991
-1005
-998
-988
-962
-905
-827
-736
-641
-528
-408
-268
-130
-3
119
249
373
489
592
686
784
866
930
984
1023
1041
1042
1024
985
924
859
789
697
600
502
403
297
188
84
-25
-138
-246
-350
-463
-566
-663
-756
-842
-911
-967
-1016
-1038
-1052
-1048
-1033
-992
-942
-873
-789
-690
-575
-452
-329
-203
-70
59
189
311
429
546
660
756
859
947
1020
1080
1114
1130
1121
1088
1031
955
852
743
634
527
411
294
189
93
-6
-108
-201
-291
-395
-505
-615
-724
-831
-930
-1014
-1067
-1102
-1115
-1101
-1063
-1008
-945
-866
-779
-681
-582
-477
-367
-241
-119
3
121
250
380
501
608
715
824
916
994
1064
1119
1155
1173
1161
1130
1071
994
887
764
639
512
387
260
147
50
-42
-127
-211
-292
-377
-474
-580
-695
-804
-913
-1006
-1091
-1145
-1167
-1169
-1133
-1080
-1010
-926
-830
-737
-639
-539
-433
-325
-214
-96
22
154
287
413
531
650
759
858
940
1020
1085
1131
1156
1166
1159
1115
1049
957
848
732
599
468
339
218
111
12
-73
-165
-255
-345
-430
-537
-642
-744
-848
-943
-1021
-1077
-1123
-1140
-1136
-1102
-1047
-983
-900
-801
-691
-576
-453
-318
-183
-55
80
215
344
469
579
679
770
859
940
1009
1056
1094
1125
1142
1118
1072
1004
927
828
701
568
426
297
158
28
-100
-201
-284
-367
-451
-531
-596
-670
-743
-825
-889
-953
-1004
-1041
-1068
-1073
-1055
-1013
-963
-886
-794
-670
-536
-404
-261
-106
47
183
316
437
547
639
724
792
847
898
939
975
998
1013
1019
1004
978
933
863
779
678
556
420
284
143
7
-120
-230
-311
-391
-462
-529
-587
-640
-702
-766
-820
-867
-908
-940
-960
-951
-927
-893
-843
-775
-684
-583
-478
-361
-238
-109
16
144
268
382
484
581
664
733
785
824
855
870
878
873
852
826
798
762
712
653
584
494
397
295
174
48
-67
-180
-276
-355
-430
-500
-549
-597
-647
-693
-727
-752
-768
-790
-796
-778
-749
-708
-665
-601
-529
-446
-350
-261
-167
-69
38
142
249
347
436
522
591
653
688
713
724
725
712
699
683
652
625
591
561
520
478
407
334
250
155
54
-59
-167
-267
-359
-438
-510
-565
-607
-646
-671
-693
-704
-713
-713
-704
-680
-650
-610
-557
-488
-411
-334
-247
-163
-75
8
98
187
279
363
439
504
566
613
638
650
644
637
614
595
571
535
507
489
465
428
390
345
296
224
146
60
-33
-122
-214
-296
-374
-434
-494
-534
-575
-602
-625
-643
-651
-645
-641
-629
-587
-555
-511
-462
-399
-326
-252
-174
-98
-9
85
173
253
335
406
474
529
563
594
609
623
616
600
583
561
537
514
485
458
431
401
358
300
233
153
72
-18
-105
-202
-285
-355
-416
-466
-508
-534
-563
-582
-600
-607
-616
-616
-608
-594
-559
-521
-475
-413
-339
-261
-184
-99
-4
76
148
219
283
346
392
430
467
498
516
535
545
548
535
522
502
474
443
407
368
329
287
240
183
126
66
-4
-79
-162
-237
-308
-369
-435
-478
-509
-533
-552
-559
-555
-549
-537
-521
-490
-467
-427
-377
-323
-265
-200
-131
-50
33
101
169
225
275
325
375
409
447
478
513
543
564
569
562
551
528
503
457
405
356
308
256
205
149
99
39
-25
-95
-172
-255
-339
-416
-491
-552
-593
-623
-651
-655
-646
-628
-616
-597
-562
-518
-472
-413
-350
-271
-191
-121
-42
37
119
186
251
311
374
434
487
529
574
613
647
665
667
672
663
652
618
583
535
489
428
355
288
212
139
62
-8
-93
-174
-251
-330
-410
-484
-540
-590
-627
-671
-686
-692
-702
-696
-678
-656
-624
-576
-525
-460
-390
-319
-236
-149
-70
14
100
180
257
327
397
463
517
562
593
618
639
638
624
608
595
572
540
491
450
400
339
271
203
130
56
-15
-94
-171
-250
-326
-394
-456
-511
-554
-597
-612
-615
-610
-598
-576
-546
-511
-474
-441
-400
-364
-316
-277
-229
-169
-98
-23
59
152
242
326
400
467
520
564
587
602
602
605
605
595
588
576
550
527
491
439
375
307
226
140
49
-29
-102
-178
-256
-330
-387
-437
-489
-540
-579
-607
-620
-628
-633
-617
-592
-565
-537
-496
-458
-415
-371
-319
-262
-205
-128
-60
25
111
201
285
357
420
473
512
537
555
570
587
602
614
620
633
632
615
575
521
460
384
298
200
111
24
-52
-125
-194
-254
-301
-348
-399
-437
-476
-508
-539
-572
-589
-607
-611
-604
-592
-576
-539
-501
-456
-407
-360
-285
-210
-136
-64
14
100
178
241
303
356
397
433
470
491
506
523
542
548
547
547
532
522
495
460
403
338
265
188
101
13
-58
-125
-172
-214
-240
-263
-278
-292
-305
-330
-352
-379
-400
-424
-443
-454
-462
-448
-429
-393
-354
-297
-238
-174
-112
-43
17
70
128
175
224
258
285
300
315
327
339
348
350
360
368
368
359
353
339
303
262
219
158
91
31
-29
-89
-133
-165
-192
-211
-215
-222
-232
-235
-245
-255
-269
-287
-295
-304
-296
-303
-290
-262
-234
-202
-179
-141
-104
-65
-20
23
60
105
146
185
221
240
256
270
280
270
271
268
266
266
267
260
254
243
211
174
126
83
31
-18
-67
-117
-148
-174
-197
-218
-223
-229
-228
-226
-228
-225
-226
-219
-222
-221
-222
-215
-196
-187
-168
-142
-112
-85
-46
-7
22
56
84
113
141
161
179
204
227
252
282
305
324
328
329
325
309
280
249
210
177
140
95
54
18
-20
-56
-94
-135
-161
-192
-221
-243
-261
-275
-288
-295
-292
-286
-281
-273
-258
-235
-206
-190
-165
-127
-88
-53
-28
4
29
59
78
97
112
128
154
175
191
209
235
249
267
273
283
290
299
282
257
229
196
162
105
60
17
-18
-58
-92
-125
-150
-183
-213
-238
-257
-268
-274
-274
-272
-259
-249
-238
-229
-213
-195
-173
-151
-126
-95
-52
-20
14
56
89
113
137
161
180
186
192
201
209
207
207
213
215
217
217
210
212
221
214
200
176
147
120
87
38
-13
-56
-92
-134
-170
-198
-225
-236
-236
-248
-253
-235
-225
-215
-211
-204
-188
-167
-154
-152
-127
-104
-76
-48
-25
3
26
51
73
97
113
129
142
156
169
181
183
177
173
169
164
148
130
113
112
112
99
82
71
55
35
2
-35
-69
-90
-111
-135
-149
-148
-137
-135
-134
-136
-124
-119
-123
-120
-118
-111
-106
-101
-101
-86
-68
-55
-35
-18
3
26
43
58
75
86
101
106
105
113
131
136
134
132
140
150
136
119
102
97
82
70
46
30
18
17
-2
-25
-37
-48
-58
-82
-96
-111
-122
-140
-144
-142
-128
-120
-111
-102
-82
-61
-53
-58
-60
-52
-51
-46
-51
-40
-20
-3
11
34
62
82
110
129
147
170
186
188
186
179
170
165
161
144
133
124
109
93
73
54
35
22
1
-20
-39
-50
-79
-113
-144
-173
-193
-210
-225
-228
-218
-205
-188
-164
-135
-118
-101
-95
-85
-78
-78
-71
-62
-55
-38
-7
26
56
83
109
139
172
181
190
195
197
201
197
181
174
173
166
158
134
111
93
67
36
5
-25
-49
-68
-92
-113
-137
-154
-177
-200
-217
-234
-240
-241
-236
-235
-223
-212
-190
-160
-140
-120
-99
-67
-54
-41
-21
-2
25
51
75
106
143
170
188
208
223
233
245
254
258
260
260
245
232
224
208
182
163
141
122
98
71
41
6
-29
-70
-109
-144
-165
-191
-209
-215
-220
-232
-232
-230
-225
-219
-214
-207
-196
-182
-177
-165
-139
-118
-93
-71
-41
-4
27
51
71
99
118
134
156
173
189
211
217
222
224
214
195
183
166
147
133
123
112
104
110
94
73
48
20
-16
-47
-84
-115
-141
-148
-143
-149
-150
-152
-143
-151
-153
-155
-158
-152
-148
-142
-131
-116
-108
-100
-93
-84
-70
-54
-35
-3
30
52
75
100
125
146
156
152
146
139
135
124
104
98
101
105
108
114
116
121
114
97
72
36
19
-11
-34
-56
-80
-98
-100
-106
-120
-127
-137
-147
-151
-167
-177
-174
-173
-175
-160
-149
-141
-122
-107
-86
-72
-49
-27
-3
13
33
52
75
98
117
142
158
179
195
204
194
192
178
156
143
138
129
118
104
93
90
75
51
27
10
-15
-38
-56
-65
-69
-81
-89
-86
-87
-100
-111
-123
-130
-142
-155
-155
-149
-137
-116
-93
-67
-42
-22
-7
15
21
28
41
53
71
88
104
117
127
134
146
149
142
142
140
130
114
95
79
58
45
20
1
-9
-29
-39
-55
-77
-92
-99
-115
-132
-140
-144
-136
-132
-133
-131
-118
-109
-98
-96
-86
-71
-59
-39
-26
-15
-4
10
31
50
59
74
89
91
98
111
108
108
111
110
106
104
87
73
74
64
46
43
38
31
30
12
-5
-20
-35
-59
-85
-101
-113
-120
-119
-124
-117
-115
-112
-109
-95
-86
-78
-76
-81
-72
-58
-37
-35
-32
-23
-3
10
22
37
59
76
84
99
101
97
98
83
77
81
70
68
68
67
73
87
89
88
85
87
90
82
69
57
56
61
56
47
32
18
10
2
-23
-49
-62
-74
-94
-108
-110
-105
-94
-86
-82
-79
-70
-66
-64
-70
-73
-62
-46
-38
-29
-18
-2
6
-3
-4
-6
-1
-2
6
5
14
31
37
45
50
54
51
45
38
41
39
40
37
44
51
56
63
56
48
36
22
3
-18
-39
-62
-70
-82
-87
-87
-88
-90
-96
-86
-87
-83
-91
-86
-65
-44
-33
-20
-8
-2
4
9
8
3
12
24
36
43
59
75
92
101
99
105
106
95
72
63
56
47
36
21
13
18
11
8
8
4
-7
-25
-31
-33
-39
-44
-40
-38
-38
-39
-53
-60
-59
-68
-69
-61
-51
-40
-28
-23
-13
-6
0
3
9
14
21
33
46
58
51
50
49
54
53
51
56
66
82
89
90
98
94
76
55
36
17
-6
-27
-47
-52
-56
-55
-50
-36
-34
-39
-49
-52
-60
-75
-89
-99
-100
-104
-99
-93
-85
-78
-69
-48
-32
-14
-13
4
22
36
35
34
53
68
77
78
84
91
98
96
94
82
88
93
99
88
82
69
58
43
21
1
-22
-37
-55
-63
-79
-93
-101
-104
-108
-114
-117
-130
-135
-138
-127
-124
-116
-100
-81
-59
-39
-20
-6
16
34
50
59
73
92
103
106
124
126
130
138
129
134
126
121
131
140
133
129
134
131
118
104
80
65
37
6
-24
-56
-73
-84
-96
-115
-123
-132
-134
-133
-138
-137
-135
-135
-138
-136
-135
-130
-124
-112
-102
-93
-77
-64
-48
-31
-19
-11
8
25
27
47
67
74
81
84
86
94
99
90
84
76
76
67
54
34
26
11
16
20
22
17
17
21
22
11
-10
-19
-30
-35
-53
-65
-67
-69
-72
-67
-61
-61
-52
-55
-57
-51
-42
-34
-28
-10
-7
0
8
18
24
31
28
34
54
69
78
88
99
97
102
84
65
54
36
21
15
0
-9
-5
0
8
7
9
1
-5
-11
-20
-40
-49
-46
-51
-43
-42
-35
-35
-40
-45
-48
-43
-46
-51
-45
-25
-6
14
27
35
47
57
70
75
76
83
90
91
87
85
86
83
68
62
60
46
40
33
16
3
-7
-20
-38
-54
-61
-69
-80
-89
-93
-77
-74
-82
-77
-67
-41
-42
-46
-46
-41
-34
-33
-34
-28
-13
-5
0
3
1
0
-13
-30
-38
-37
-24
-11
-1
12
23
32
30
8
-2
1
-6
-30
-29
-31
-25
-24
-33
-31
-19
4
9
13
17
23
16
9
-3
-2
3
11
16
17
38
54
56
53
54
57
61
50
34
31
36
40
44
36
48
52
44
26
13
20
13
7
2
10
19
19
6
2
1
-17
-38
-67
-62
-48
-34
-29
-23
-11
4
0
-11
-15
-22
-18
-23
-32
-20
-8
0
3
8
14
25
52
49
36
34
41
37
23
3
-5
-7
-20
-16
-15
-1
10
13
15
15
22
33
26
13
18
23
31
35
36
47
46
43
39
20
-2
-14
-29
-48
-58
-63
-69
-65
-59
-64