-2
0
1
-1
-3
-1
1
0
-2
-3
0
2
1
-2
-1
2
1
1
-1
0
1
1
1
1
1
1
1
1
1
-1
-1
2
3
-1
-3
-1
2
1
-2
-3
0
2
-2
-4
-3
0
0
-4
-4
0
1
-1
-4
-1
1
-1
-3
-2
1
1
-3
-2
2
1
-2
-3
1
5
1
-3
0
4
4
-1
-3
3
4
1
-3
-1
5
4
-1
-2
2
4
1
-3
-1
4
3
-1
-3
-1
1
1
-2
-2
-1
0
0
-2
-2
-1
-1
0
-2
-2
-2
-1
-1
-3
-3
0
0
0
-2
-2
-1
1
-1
-1
-2
-2
-2
-2
-1
-2
-1
1
1
0
-3
-1
1
1
-2
-4
-1
3
1
-2
-2
1
3
1
-2
-2
3
4
1
-2
-1
4
5
0
-1
4
7
6
1
0
5
7
3
-2
1
6
6
0
-2
3
8
4
-1
-1
6
7
1
-3
0
6
3
-2
-3
2
5
1
-4
0
4
3
-1
-2
2
4
1
-1
-1
1
1
0
0
-1
0
0
0
0
-2
-2
0
1
0
-2
-1
2
2
-1
-3
0
2
0
-4
-4
-1
-1
-3
-4
-3
-1
-2
-2
-2
-1
-1
-2
-1
0
-1
-2
-2
-1
0
-3
-2
-1
2
1
-1
-1
3
4
2
0
2
3
3
2
1
1
3
3
1
0
1
2
2
1
-1
0
1
2
1
-1
-2
0
1
-1
-4
-5
-2
1
-2
-7
-5
0
1
-4
-8
-4
1
0
-6
-7
-2
1
-3
-8
-6
0
1
-4
-5
-2
0
-1
-4
-4
0
1
-1
-1
-1
1
1
2
1
1
1
2
1
1
-1
0
0
1
0
1
3
2
1
3
4
4
1
0
3
4
1
-4
-2
2
3
-2
-4
0
4
2
-2
-3
-1
0
-2
-3
-2
-1
1
1
0
0
1
3
2
1
-1
1
3
2
-1
-2
2
4
2
-1
2
8
9
6
3
6
9
6
1
0
3
4
1
-1
2
5
3
2
3
6
5
2
3
3
0
-4
-5
-3
-4
-9
-8
-4
1
-3
-7
-3
2
1
-4
-7
-3
-1
-2
-6
-7
-5
-3
-4
-4
-4
0
1
2
2
2
2
3
3
3
1
0
1
3
3
2
2
4
6
5
3
4
5
4
0
-1
1
2
0
-2
-1
1
2
1
1
0
0
-2
-2
-1
-3
-8
-7
-4
-2
-5
-7
-3
2
3
-2
-2
2
5
1
-3
-5
-2
0
-3
-6
-5
0
4
4
1
1
8
11
7
-1
-1
5
7
0
-5
-1
6
3
-11
-21
-19
-19
-32
-49
-49
-36
-18
-8
-6
2
21
33
27
14
3
-1
11
35
46
42
48
61
62
40
8
-18
-27
-21
-18
-17
-4
13
21
15
2
-13
-22
-27
-39
-50
-41
-22
-12
5
30
42
57
87
104
107
122
138
126
82
19
-36
-65
-100
-157
-189
-172
-123
-79
-49
-31
-18
-6
11
27
13
-28
-52
-52
-68
-118
-172
-187
-136
-53
8
50
109
154
129
66
3
-64
-104
-89
-71
-71
-24
71
163
196
143
65
45
47
-29
-145
-200
-147
-13
100
114
91
130
192
189
104
10
24
121
155
106
114
219
259
120
-117
-284
-337
-388
-525
-607
-495
-296
-120
67
229
287
259
195
111
37
-33
-106
-83
103
340
489
537
483
350
135
-166
-491
-733
-851
-808
-552
-215
66
305
540
666
570
317
108
52
42
-50
-94
121
458
589
471
284
145
57
-87
-341
-516
-418
-200
-117
-194
-302
-339
-319
-389
-600
-752
-632
-282
56
249
353
405
354
216
60
-130
-300
-362
-350
-290
-127
66
182
329
612
866
874
729
599
435
188
-32
-144
-110
53
176
149
104
93
-8
-171
-269
-264
-129
105
328
546
782
912
889
798
582
202
-209
-505
-691
-776
-804
-818
-772
-603
-344
-139
-73
-111
-145
-168
-277
-512
-779
-910
-891
-789
-605
-373
-143
99
344
379
142
-149
-376
-570
-700
-707
-578
-251
174
471
639
770
785
609
444
409
377
303
299
397
471
485
507
534
504
458
461
480
442
342
280
301
321
312
355
449
482
443
422
395
290
98
-140
-399
-665
-848
-837
-674
-470
-277
-131
-66
-121
-270
-428
-575
-759
-879
-757
-451
-193
-71
11
121
191
90
-158
-349
-355
-319
-400
-546
-656
-756
-850
-860
-797
-654
-367
24
428
811
1092
1203
1190
1126
1051
1008
946
790
652
615
538
253
-203
-669
-974
-1009
-866
-611
-106
695
1491
1984
2145
1994
1565
985
361
-262
-809
-1173
-1369
-1481
-1544
-1574
-1580
-1570
-1554
-1505
-1340
-956
-368
321
1081
1884
2572
2934
2894
2506
1827
885
-290
-1530
-2548
-3134
-3243
-2909
-2175
-1130
77
1175
1828
1938
1611
963
176
-545
-1124
-1395
-1145
-609
-406
-692
-1177
-1760
-2674
-4208
-5890
-6252
-4314
-925
2522
5755
9066
12198
14066
13448
10354
6425
3023
-126
-3439
-6267
-7790
-7907
-7254
-6725
-6570
-6233
-5462
-4630
-3759
-2480
-684
1689
4613
7444
9483
10670
11023
10107
7754
4402
583
-3258
-6634
-9115
-10455
-10465
-9270
-7343
-5172
-3093
-1405
-369
9
-136
-501
-592
-112
758
1732
2649
3356
3668
3383
2353
702
-1083
-2442
-3015
-2626
-1296
800
3417
6143
8392
9627
9596
8377
6273
3578
493
-2674
-5412
-7265
-8167
-8373
-7997
-6969
-5327
-3438
-1688
-122
1411
3077
4758
6179
7189
7821
8066
7665
6397
4258
1543
-1398
-4320
-7069
-9341
-10691
-10907
-10098
-8633
-6739
-4590
-2522
-1007
-236
258
1073
2200
3173
3855
4569
5443
5967
5472
3845
1641
-562
-2514
-4133
-5156
-5170
-3755
-982
2410
5557
8133
10078
11133
10896
9259
6693
3863
1185
-1341
-3716
-5773
-7312
-8255
-8644
-8580
-8208
-7471
-6137
-3978
-1160
1853
4727
7371
9614
10993
11050
9705
7285
4264
1001
-2310
-5470
-8095
-9740
-10342
-10266
-10002
-9653
-9016
-8171
-7501
-7123
-6353
-4351
-1195
2195
5172
7850
10353
12089
12170
10354
7348
4107
1128
-1514
-3641
-4851
-4624
-2840
-171
2438
4604
6465
7934
8598
8139
6765
5085
3543
2079
386
-1545
-3484
-5226
-6680
-7840
-8636
-8864
-8227
-6548
-3902
-623
2753
5728
7957
9227
9394
8374
6296
3559
719
-1801
-3805
-5301
-6363
-7093
-7743
-8487
-9502
-10886
-12523
-13790
-13747
-11850
-8443
-4173
634
5813
10667
13973
14926
13783
11435
8445
5000
1507
-1248
-2603
-2373
-1027
630
2140
3587
4930
5775
5817
5279
4815
4938
5551
6125
6349
6249
5691
4186
1315
-2740
-7124
-10829
-13252
-14284
-13899
-11870
-7987
-2748
2595
6817
9439
10598
10455
8922
6091
2641
-414
-2484
-3639
-4290
-4769
-5339
-6216
-7750
-10236
-13551
-16873
-18953
-18888
-16568
-12421
-6688
377
7864
14124
17830
18746
17403
14328
9971
5117
892
-1776
-2545
-1572
631
3306
5538
6692
6680
5778
4300
2688
1653
1787
3018
4885
6823
8375
9001
8028
5071
464
-4805
-9782
-13640
-15609
-15363
-13110
-9245
-4285
870
5118
7668
8492
8012
6684
4697
2364
226
-1217
-1922
-2393
-3118
-4292
-5902
-8004
-10748
-13986
-16987
-18744
-18545
-16352
-12531
-7373
-1139
5503
11333
15145
16531
16009
14120
11029
6990
3002
288
-549
88
1533
3552
5766
7261
7018
5144
2928
1369
608
598
1803
4478
7929
10734
11620
10160
6580
1414
-4492
-10058
-14411
-16753
-16328
-13256
-8609
-3525
1224
4978
7112
7369
6102
4092
2016
248
-988
-1438
-1125
-659
-883
-2150
-4304
-7123
-10489
-13969
-16741
-18000
-17263
-14563
-10420
-5491
-219
4901
9095
11667
12383
11638
10147
8392
6423
4339
2646
1822
1739
1826
1721
1597
1632
1711
1589
1430
1745
2872
4660
6691
8683
10468
11722
11951
10762
8225
4802
1046
-2619
-5896
-8536
-10285
-10894
-10390
-9107
-7393
-5358
-3064
-740
1337
2960
4039
4575
4570
4049
3104
1921
532
-1105
-2960
-4998
-7177
-9560
-11960
-14099
-15607
-16048
-15173
-13024
-9845
-5805
-1219
3341
7302
10236
11965
12483
11816
10048
7399
4317
1313
-1181
-3006
-4031
-4011
-2827
-757
1665
3967
5930
7520
8638
9135
9090
8911
8945
9110
9147
8777
7763
6011
3489
339
-3098
-6309
-8823
-10299
-10582
-9764
-8016
-5553
-2769
-153
1887
3247
3997
4203
3854
2974
1756
394
-1000
-2376
-3715
-5081
-6499
-7949
-9415
-10897
-12273
-13231
-13350
-12375
-10338
-7474
-3953
-20
3873
7096
9205
10148
10077
9136
7435
5176
2648
250
-1651
-2949
-3728
-3886
-3278
-1842
235
2651
5106
7410
9383
10786
11534
11825
11862
11691
11143
10002
8066
5232
1647
-2318
-6164
-9485
-11871
-12854
-12114
-9786
-6375
-2553
1167
4355
6649
7796
7785
6812
5168
3169
1043
-1094
-3156
-5060
-6780
-8370
-9929
-11416
-12673
-13551
-13935
-13642
-12487
-10487
-7856
-4783
-1464
1927
5087
7701
9520
10484
10608
9913
8455
6369
3839
1095
-1614
-4091
-6152
-7548
-7928
-7186
-5459
-2929
413
4381
8346
11702
14354
16502
18205
19107
18931
17601
15087
11124
5656
-666
-6942
-12558
-17110
-19844
-20085
-17742
-13409
-7836
-1804
3946
8751
12244
14334
14747
13450
10837
7450
3713
-17
-3483
-6788
-10017
-12879
-15008
-16487
-17589
-18098
-17667
-16237
-14118
-11716
-9133
-6187
-2881
708
4367
7738
10401
12417
13814
14260
12977
9684
5202
596
-3859
-8399
-12286
-14530
-14467
-12028
-8063
-3424
1327
5981
10050
13244
15468
16320
16539
17343
19331
21541
23101
23681
22806
19186
11648
706
-10343
-19418
-26774
-31497
-32095
-27746
-19285
-8497
2639
12549
19793
23571
24170
22232
17948
11918
5710
688
-2938
-5724
-8174
-10318
-12335
-14333
-16248
-18025
-19498
-20229
-19431
-16969
-13729
-10802
-8216
-5118
-967
3480
6919
9418
12125
15105
16906
16276
13172
8450
3092
-2680
-8778
-14536
-18667
-19791
-17527
-12726
-6582
286
7180
13014
17149
19018
18793
17388
16300
16486
17996
20553
23509
25980
26458
21945
11138
-980
-11236
-20034
-27436
-31969
-31681
-26244
-16977
-5951
4915
13971
20070
22895
22695
19637
14421
8536
3531
-35
-2430
-4097
-5392
-6571
-8025
-9954
-12217
-14549
-16548
-17690
-17188
-15132
-12430
-9857
-7269
-4117
-682
2370
4727
6886
9283
11676
13416
13889
12802
10211
6480
1844
-3465
-9007
-13761
-16297
-16053
-13373
-8862
-2988
3425
9104
13249
15373
15396
13859
11994
10983
11194
12449
14574
17090
18700
17169
11147
1693
-8382
-17389
-25323
-31044
-32420
-28296
-19648
-8744
2175
11475
18183
21759
22080
19335
14490
9053
4299
915
-1157
-2373
-3384
-4551
-6092
-8065
-10427
-12989
-15186
-16455
-16389
-14978
-12620
-9913
-7189
-4365
-1312
1774
4461
6584
8538
10697
12761
13877
13500
11704
8781
4873
4
-5383
-10428
-13968
-15035
-13562
-10184
-5539
-204
5031
9118
11527
11910
10766
9259
8406
8731
10114
12532
15335
17357
16950
12834
5146
-4473
-14131
-22546
-28667
-31201
-28775
-21586
-11504
-916
8366
15241
19131
19969
18085
14350
9900
5947
3145
1596
956
444
-628
-2670
-5624
-9232
-12884
-16005
-18032
-18493
-17168
-14134
-10102
-5992
-2452
433
2763
4412
5510
6391
7648
9380
11290
12758
13075
11802
8891
4504
-1136
-7371
-13117
-17044
-18135
-16216
-12230
-6779
-430
5663
9961
11674
11281
9579
7486
5872
5711
7676
11370
15844
19726
21410
19127
12055
1483
-9539
-18945
-26659
-31609
-32076
-26923
-17501
-6422
4037
12659
18735
21687
21601
19062
14946
10480
6897
4748
3717
3006
1897
8
-2741
-6346
-10856
-15672
-19620
-21607
-21400
-19052
-14620
-8949
-3297
1207
4617
7307
8994
9206
8337
7775
8332
9575
10293
9828
8132
5302
1184
-4276
-10339
-16131
-20244
-21315
-19099
-14616
-8909
-2501
3789
8766
11415
11525
10201
8725
7822
7955
9639
12806
16703
20423
22673
21654
15984
5683
-6343
-16629
-24465
-30009
-32542
-30425
-23165
-12441
-958
9065
16509
21198
23245
22878
20349
16375
12205
8962
6910
5459
3905
1666
-1526
-5531
-10063
-14739
-18922
-21844
-22799
-21283
-17251
-11506
-5311
316
4743
7675
9188
9477
8696
7176
5759
5281
5765
6417
6138
4465
1826
-1385
-5271
-9837
-14327
-17251
-17530
-15159
-11275
-6826
-2184
2294
5995
8021
8408
7892
7563
8194
9835
12280
15065
17720
19807
20190
17331
10528
891
-9312
-18179
-24981
-29214
-29983
-26192
-18188
-7932
2349
11114
17472
21152
22440
21640
18877
14832
10957
8174
6157
4119
1957
-467
-3551
-7397
-11612
-15580
-18741
-20469
-20301
-17990
-13799
-8527
-3123
1606
5018
6440
6245
5652
5255
4466
3248
2912
4179
5979
6294
4488
1519
-1589
-4895
-8858
-12962
-15632
-15401
-12393
-8115
-3879
69
3685
6626
8105
7855
6573
5554
5856
7610
10386
13362
16070
18453
19295
16536
9461
36
-9238
-17224
-23755
-27902
-27797
-22710
-13999
-4052
5692
13833
19165
21575
21614
19410
15141
10291
6485
4272
3026
2103
1259
-40
-2245
-5316
-8946
-12845
-16487
-18917
-19199
-17158
-13445
-8897
-3860
1133
4798
5837
4922
4101
4060
3643
2179
1094
2117
4722
6151
4619
1415
-1426
-3656
-6418
-10012
-13164
-13984
-11490
-7265
-3552
-782
1914
4913
6918
7222
6172
5241
5556
7106
9685
12538
15007
17118
18823
18151
12960
3533
-6589
-14650
-20739
-25652
-28131
-25494
-17616
-7205
2876
11208
16876
19803
20590
19491
16097
11227
7108
5079
4459
4033
3340
2261
192
-2939
-6932
-11273
-15548
-18867
-20372
-19590
-16546
-12069
-6925
-1606
3065
5809
6017
4891
4147
3977
3127
1345
503
2066
4503
4782
2307
-620
-2320
-3858
-6496
-9783
-11908
-11432
-8614
-5420
-3256
-1424
1115
4117
6053
6535
6464
7102
8869
11196
13338
14774
15804
17055
17657
14941
7361
-2712
-11189
-16643
-21012
-25090
-26282
-21827
-12780
-2837
5547
11725
15732
18081
19068
17919
14313
9925
6948
5746
5141
4165
2708
769
-1867
-5266
-9068
-12893
-16334
-18824
-19509
-17933
-14478
-10021
-5159
-391
3565
5713
6073
5643
5175
4302
2666
1189
1097
2154
2747
1874
154
-1249
-2358
-3877
-6198
-8566
-9589
-8579
-6477
-4782
-3492
-1424
1709
4613
6250
7082
8108
9557
11012
12294
13193
13735
14325
15063
14671
10925
3281
-5636
-12363
-16699
-20817
-24537
-24639
-19400
-10743
-1771
5876
11769
15839
18341
19309
17979
14166
9732
6736
5170
3914
2634
1335
-386
-2690
-5488
-8771
-12524
-16198
-18899
-19719
-18310
-14937
-10225
-4821
632
5171
7806
8436
7586
5793
3379
992
-655
-1213
-889
23
860
1097
589
-545
-2184
-4373
-6625
-8321
-8733
-7713
-5707
-3467
-828
2392
5445
7555
8742
9523
10017
10319
10540
10952
11588
12189
12658
12774
11260
5991
-2463
-10462
-15541
-19183
-23091
-25179
-22270
-14517
-5287
3045
9930
15293
18884
20823
20688
17687
12906
8729
6086
4019
2069
538
-875
-2630
-4657
-6937
-10026
-13816
-17163
-18998
-18973
-17062
-13178
-7907
-2200
3332
8091
11048
10993
8124
4330
1400
-748
-3034
-4908
-4543
-1897
715
1572
855
-749
-2802
-4790
-6673
-9025
-10738
-9759
-6181
-2274
1008
4259
7573
10250
11742
11885
10937
9807
9148
9406
9798
9753
9805
10940
11523
7850
-395
-9009
-14558
-18514
-23108
-26505
-24797
-17683
-8031
1660
10361
16937
20883
22945
23274
20536
15140
9841
6093
3176
1054
237
-338
-2140
-4568
-6692
-9092
-12756
-16939
-19923
-20600
-18661
-14444
-8890
-3101
2743
8341
12415
13134
10630
6653
2834
-376
-2936
-4517
-4689
-3480
-1691
-319
-229
-1919
-4844
-7368
-8795
-9888
-10743
-10105
-7144
-2708
1704
5329
8174
10521
11989
12452
12004
10865
9443
8814
9344
9612
9094
8903
9719
9469
5129
-3257
-11552
-16362
-19185
-22725
-25140
-22241
-13969
-3833
5660
13719
19287
22046
23318
23161
19811
13805
8499
5126
2347
50
-1106
-2316
-4856
-7686
-10120
-12877
-16478
-19813
-21612
-20889
-17373
-11806
-5531
332
5784
10875
14410
14581
11190
6736
3286
814
-1582
-3548
-4257
-3779
-3150
-3315
-4649
-6883
-9279
-10946
-11219
-10425
-9107
-6950
-3357
1047
4802
7317
9096
10530
11468
12007
12323
12018
11298
11087
11677
11670
9975
7646
6337
5764
2960
-4240
-12687
-17030
-17357
-18367
-20679
-19439
-12738
-4002
4214
11525
16752
19276
20971
22686
21671
16633
10953
7124
3521
-963
-4558
-6929
-9893
-13371
-15375
-16146
-17482
-19241
-19665
-17929
-14331
-9357
-3890
1390
6236
10697
14219
15881
14784
11020
6537
3255
922
-2075
-5758
-8357
-8754
-8359
-8966
-10582
-11579
-10996
-9405
-7638
-6049
-4290
-1626
1823
4929
6976
8526
10248
12072
13521
14065
13634
12595
11651
11016
10083
8024
5199
3600
4037
4141
165
-7480
-13729
-15403
-15732
-18494
-20795
-17607
-9361
-362
7857
14940
19552
21693
23339
23554
19408
12047
5511
786
-3900
-8019
-10207
-11456
-13208
-14554
-14614
-14419
-15151
-16169
-16164
-14219
-10302
-5222
-7
5072
10144
14709
17627
17996
15585
10789
4605
-896
-4688
-7990
-11701
-14072
-13161
-10275
-8354
-8085
-7747
-6137
-3905
-2438
-2047
-1666
-40
2887
5662
7281
8564
10594
12953
14209
13840
12476
11225
9978
8300
6331
4544
3256
3135
4050
3106
-2332
-9482
-13205
-14111
-16609
-20445
-19949
-13351
-4710
3257
11073
17664
20924
21956
22241
19664
12934
5454
193
-4061
-7973
-9916
-9766
-9920
-11129
-11724
-11324
-11742
-13759
-15664
-15518
-12901
-8458
-3113
2367
7718
12705
16572
18139
16855
12643
6149
-143
-4331
-7072
-10195
-12903
-12967
-10149
-7120
-5973
-6149
-5705
-3964
-2037
-1131
-1256
-1029
953
3747
5446
6070
7131
9393
11638
12890
12858
12140
11489
10785
9653
7750
5602
4102
3930
3834
432
-7002
-13370
-14777
-14926
-18122
-20677
-16591
-8137
-549
6063
13047
17722
18928
19508
19631
15743
8689
3100
-451
-4429
-7728
-8356
-8259
-9742
-11166
-11084
-11222
-12911
-14913
-15797
-14840
-11450
-6226
-738
4424
9649
14431
17500
17939
15416
10382
4379
-1257
-5690
-8789
-10822
-12169
-12107
-9987
-7082
-5374
-4957
-4440
-3198
-1825
-1358
-1776
-1920
-727
1485
3778
5886
8379
11646
15164
17297
17277
15973
14249
11985
9018
5576
2257
618
1171
69
-6141
-13122
-14690
-13563
-16467
-21071
-19654
-12160
-4504
2135
9708
16143
19207
21384
23406
20922
13249
6080
1742
-3048
-8359
-10653
-10430
-11146
-12345
-11783
-10750
-11851
-14313
-15608
-14762
-12113
-7833
-2443
3268
9163
14927
18997
19982
18135
13978
7536
404
-4846
-8075
-11339
-14434
-14965
-12391
-9411
-8025
-7636
-6793
-5085
-3486
-2825
-2963
-2442
-53
3549
6528
8660
11313
15050
18377
19493
18220
15911
13704
11147
7568
3615
463
-1039
-696
-737
-5108
-12654
-16832
-15752
-16082
-20416
-21576
-14558
-4650
3007
10187
17738
22272
23336
24141
22778
15871
6867
1054
-3237
-8647
-12345
-12407
-12061
-13006
-12971
-11719
-11601
-13059
-14229
-14036
-11977
-7684
-2038
3658
9314
15064
19399
20960
19655
15929
9594
1284
-6079
-10290
-12785
-16042
-18753
-17553
-12751
-8751
-7677
-7417
-5563
-2569
-448
168
123
1365
4816
8807
11202
12561
14743
17702
19454
18351
14938
11373
8691
5827
2041
-1609
-3450
-2918
-1408
-3268
-9775
-15190
-14571
-12927
-15996
-18900
-14272
-4703
3075
9369
16117
20847
21694
21734
20923
15504
6640
141
-3735
-8251
-12213
-12662
-11613
-11877
-12058
-10740
-9650
-10213
-11427
-11696
-10098
-6447
-1630
3256
8036
12714
16446
17977
16783
12999
6971
-155
-6497
-10921
-13955
-16233
-17236
-15964
-12645
-8882
-6282
-4898
-3452
-1214
1046
2219
2567
3596
6080
9003
11031
12223
13488
14878
15617
14678
11908
8395
5619
3658
1331
-1404
-2865
-1778
284
-1053
-7009
-12273
-12377
-11080
-13834
-17015
-13650
-5199
2293
8121
13897
17935
18754
18818
18247
13551
5517
-458
-3429
-6789
-10232
-10701
-9331
-9276
-9616
-8363
-7142
-7952
-9628
-10218
-9161
-6482
-2495
1692
5562
9406
12895
14546
13641
10159
5027
-345
-5355
-9963
-13199
-14247
-14152
-13578
-11426
-7369
-3964
-2229
-621
1807
3720
4303
4470
4923
5528
6222
7227
8098
8848
9742
10836
11128
9975
8131
6522
5127
3174
768
-798
-687
412
-637
-5858
-11286
-11707
-9629
-11481
-15528
-13740
-6004
753
5194
10350
14933
16069
16273
17020
14222
6848
759
-1831
-4626
-8190
-9157
-7987
-7867
-8303
-7143
-5831
-6628
-8637
-9767
-9246
-7230
-3947
-426
2952
6506
10119
12362
12072
9397
4842
-389
-4829
-8034
-10795
-12818
-12935
-10826
-7516
-4053
-1370
330
1814
3362
4204
3380
1774
1090
1857
2741
3112
3806
5673
8147
10132
10777
10055
8749
7550
6315
4155
1541
196
1186
2334
-642
-6980
-10469
-9139
-9321
-14249
-17291
-12765
-5391
-249
4354
10279
14403
15602
16676
16698
12245
5362
1211
-941
-4106
-6948
-6661
-5501
-5926
-6285
-5221
-5158
-7369
-9731
-10563
-10242
-8554
-5153
-1151
2448
6228
9890
11732
10831
8127
4191
-905
-5651
-8016
-8635
-9462
-10029
-8013
-3665
-199
818
693
1223
2186
2214
723
-1016
-1546
-563
882
2068
2983
4569
7367
10249
11159
10200
9184
8858
7982
5801
3564
2829
3322
1230
-4905
-10356
-10653
-10022
-13932
-18340
-15741
-8262
-2420
1666
6832
11552
13755
15505
16629
13650
7548
3826
2670
302
-3188
-4320
-3750
-4311
-5445
-5360
-5850
-8582
-11362
-11910
-11283
-10326
-7851
-3820
181
4028
7923
9917
9000
6873
4854
1970
-1933
-4677
-5178
-5153
-5351
-4347
-1881
-324
-684
-1149
-793
-745
-1440
-2111
-2565
-2666
-1945
-531
657
1575
3053
5587
8587
10677
11335
11378
11936
11990
10148
7287
5769
5111
1039
-6723
-12255
-12152
-11967
-16122
-19662
-16040
-8732
-3280
1030
6343
10399
12362
15128
17342
14688
9210
6732
6242
3573
-239
-1671
-2390
-4672
-6667
-6853
-7925
-11254
-14066
-14218
-13211
-11862
-8972
-4750
-694
3282
7501
10305
10366
8920
7151
4569
1100
-1673
-3177
-4507
-5715
-5198
-3097
-1857
-2359
-2578
-1436
-505
-1037
-2347
-3318
-3867
-3773
-3116
-2327
-1219
1257
5264
9418
12432
14370
15659
16233
15231
12449
8772
5907
3109
-2715
-10811
-15184
-13906
-13492
-17770
-19993
-14616
-6831
-2335
1305
6734
10950
13016
15928
18048
15173
9981
7818
7138
3858
-186
-1855
-3115
-6004
-8120
-8164
-9292
-12936
-15662
-15099
-13227
-11361
-8154
-3482
1134
5447
9712
12265
11349
8470
6017
3954
1017
-2072
-3656
-3840
-3755
-3169
-2125
-1961
-3110
-4063
-4022
-4048
-4862
-5614
-5374
-4202
-2583
-1049
565
2594
5117
7872
10432
12059
12781
13678
14805
14505
12065
9303
7411
3500
-4592
-12997
-16195
-15929
-18001
-21360
-19395
-11576
-3906
1322
6402
11434
14015
15347
16649
15499
10905
7183
6272
4999
1810
-276
-761
-2626
-6012
-8031
-8992
-11558
-15004
-16349
-15063
-12751
-9570
-5127
-86
4625
8634
11440
12102
10221
6883
3619
949
-1322
-3127
-4167
-4356
-3591
-2258
-1808
-2987
-4549
-4919
-4573
-4865
-5535
-5303
-3933
-2053
-239
1272
2404
3963
6209
8651
10111
10703
11576
13282
14279
13193
10998
9600
7033
-754
-10888
-15936
-15226
-16643
-21509
-21545
-13234
-4234
1027
5580
10865
13354
13886
15487
15636
10955
6091
5669
6097
3357
280
-295
-1384
-4811
-7793
-8922
-10924
-14495
-16504
-15021
-12133
-9245
-5605
-827
3821
7644
10387
11589
10186
6653
2772
327
-1322
-3433
-5415
-5210
-2927
-861
-678
-1761
-2788
-3283
-3681
-4572
-5733
-6304
-5402
-3339
-985
755
2458
4982
7998
10163
11019
11280
11859
12203
12131
11281
10117
8910
4956
-3048
-10378
-12620
-13609
-18315
-22257
-18763
-10878
-4335
963
6818
11322
13319
15237
16640
13878
8381
5418
5177
3855
1360
470
303
-1654
-4329
-5969
-8008
-11711
-15211
-16136
-14796
-12230
-8580
-4035
606
4994
8819
11060
10696
8331
5202
1904
-844
-2335
-3242
-4274
-4358
-2531
-513
-590
-2340
-3862
-4318
-4459
-4920
-5475
-5238
-3738
-1330
962
2451
3749
5578
7629
8796
8855
8864
9686
10545
10781
10132
9460
8405
3861
-4306
-10657
-12080
-13561
-18660
-21584
-16393
-7845
-1808
2767
8430
12617
13873
14702
14979
11299
5672
3185
3527
2610
559
359
846
-595
-3085
-4897
-7616
-12062
-15581
-15730
-14045
-11610
-7641
-2271
2775
7154
10694
11498
8558
4524
1834
-295
-3118
-5367
-4958
-2335
479
2352
3030
2332
516
-1654
-3825
-6287
-8427
-8720
-6850
-3981
-1176
1547
4392
7092
8904
9709
9412
8827
8313
8229
8175
8224
8030
5166
-1005
-6461
-8036
-9508
-14265
-18464
-16034
-9650
-4072
270
5180
8950
11124
13111
13980
10890
6041
3694
3210
1955
435
571
908
79
-1173
-1867
-3786
-7418
-11069
-12774
-12798
-11525
-9025
-5625
-1885
2326
6641
9474
9422
7207
4376
1296
-1867
-4152
-5186
-5687
-5226
-2564
1071
2759
2175
1575
1526
528
-1941
-4462
-5769
-5723
-4453
-2582
-822
980
3667
7057
9223
9586
9626
10309
10585
9557
7950
4452
-2214
-8705
-10515
-10485
-13484
-17132
-14458
-6964
-875
2906
7149
10590
11056
10954
11620
9890
4959
1826
2128
2645
1531
1162
1606
702
-1710
-3380
-4806
-7626
-10983
-12094
-10608
-8100
-5416
-2517
378
3302
6023
7309
6290
3249
136
-1843
-3139
-4465
-5275
-4821
-2901
-283
1924
2510
1877
1476
1668
1241
-567
-2785
-3777
-3257
-2409
-1957
-1458
64
2471
4885
6596
7802
8692
9777
10744
10956
8070
1229
-6274
-9961
-11132
-14306
-18888
-18384
-11352
-3677
1644
6576
11675
13941
14242
14432
12472
6386
1260
418
873
-428
-653
1536
2781
1289
-449
-2043
-5887
-10982
-13541
-12957
-11459
-8752
-4134
824
4629
8058
10454
9682
6034
2334
-605
-3944
-7215
-8428
-7438
-5566
-3192
-474
1514
2082
2223
2520
2247
859
-570
-898
-347
10
21
165
642
1601
2876
3887
4532
5328
6793
8508
9578
9104
5085
-2032
-8010
-10108
-11989
-16969
-20790
-17200
-9013
-2195
2859
8555
13230
15178
16139
16050
11970
5547
1959
1236
201
-1105
-204
1393
1316
375
-135
-2451
-7436
-12042
-13550
-13114
-11613
-8206
-3256
1544
6043
10088
11449
8764
4482
1372
-1204
-4629
-7650
-7897
-5459
-2444
-284
878
1186
1084
1125
780
-903
-2772
-2604
-725
744
1309
2247
3963
5516
5890
5476
5122
5364
5946
6457
6859
4920
-299
-5566
-7548
-9198
-14027
-18854
-17611
-11893
-6775
-2583
3043
8750
11953
13997
15473
13782
8676
4958
3804
2531
292
79
1602
2222
1456
982
-299
-3949
-8520
-11226
-12004
-12002
-10670
-7209
-2369
2361
6342
8777
8825
6714
3912
1162
-1714
-4469
-5910
-5286
-3212
-1050
165
469
497
733
399
-1069
-2847
-3135
-1693
295
1658
2569
3644
5026
6039
6132
5496
4866
5029
6058
7094
5024
-522
-5454
-6474
-7691
-12871
-18220
-17103
-11510
-6780
-3110
1992
7031
9891
12240
14000
12106
7042
4010
3532
2338
135
323
2049
2450
1705
1769
819
-2916
-7355
-9605
-10224
-10477
-9347
-6020
-1600
2660
6391
8503
7883
5048
2050
-439
-3320
-6110
-6915
-5240
-2392
299
2098
2778
2819
2717
1624
-905
-3363
-4263
-3649
-2202
-312
1729
3682
5697
7572
8415
8195
7506
6958
6546
3963
-1598
-6733
-7902
-8103
-11381
-15141
-13705
-8636
-4491
-1849
1475
4766
6647
8254
9559
8217
4714
2912
3004
2682
1445
1488
2276
2332
1609
1076
-360
-3096
-5858
-7128
-7452
-7263
-6158
-3819
-896
2196
5020
6455
5697
3553
1563
-202
-2609
-5174
-5954
-4641
-2534
-682
748
1563
1897
2025
1539
-16
-1775
-2353
-1716
-667
367
1582
3047
4664
6162
6942
7032
7015
7347
6798
3349
-1994
-5488
-6367
-8350
-12737
-15128
-12336
-7764
-4305
-884
3452
6646
8578
10257
10212
6696
2578
939
284
-1221
-2116
-861
755
1239
1519
1874
411
-2859
-5757
-7051
-7498
-7187
-5590
-2817
501
4030
6943
8063
6899
4144
1098
-1597
-4056
-6039
-6698
-5357
-2631
228
2146
3130
3361
2977
1767
124
-1582
-2687
-2707
-1582
-9
1432
3117
5226
6921
7541
7568
7647
7217
4024
-1506
-5878
-7086
-8112
-11295
-13672
-11513
-6846
-2843
420
3558
5707
7185
9073
9461
6478
2812
1700
1399
89
-1043
-488
165
-31
-57
240
-1182
-4311
-6806
-7631
-7850
-7599
-5900
-3053
101
3404
6493
7876
7006
5100
3365
990
-2326
-4950
-5493
-4551
-3231
-1576
289
1867
2730
3025
2492
1229
-78
-601
-612
-331
170
1414
3124
4694
5754
6438
7203
7337
4839
-21
-3997
-5624
-7138
-10563
-13217
-11979
-7986
-4188
-988
2130
4742
6661
8491
9180
7158
4049
2562
2201
1165
-35
-11
477
284
17
-86
-1307
-3703
-5619
-6476
-7043
-7083
-5891
-3981
-2108
246
2963
4521
4254
3615
3708
3161
1006
-1271
-1886
-1485
-1386
-1684
-1541
-994
-364
350
884
872
882
1642
2540
2566
2010
1861
2161
2570
2924
3623
4479
5457
4877
2193
-1312
-3146
-4634
-7977
-12040
-12624
-9511
-5919
-3009
286
3976
6537
8419
9187
7710
4207
1836
1059
341
-871
-874
292
1303
1640
1693
722
-1733
-4387
-5797
-6360
-6659
-6041
-3903
-1556
41
1685
3416
3267
1283
-53
51
-307
-1551
-1828
-553
984
2055
2777
2549
1270
246
320
78
-1146
-1586
181
2668
4124
4547
5125
5529
5313
4393
2240
-1323
-4536
-5357
-5051
-5675
-6996
-6534
-4443
-2130
-429
1058
2001
2549
3561
4543
4037
2296
1079
459
-125
-693
-748
-632
-541
-141
651
805
-225
-1683
-2610
-3222
-3919
-3966
-2869
-1300
190
2060
3885
4418
3563
2415
1174
-772
-2974
-4301
-4526
-4271
-3448
-2069
-640
493
1898
3250
3657
3163
3087
3456
3522
3258
3209
3504
3773
4199
4402
4354
2885
-272
-4130
-6314
-7228
-8699
-10737
-10662
-7697
-4041
-930
1832
4355
5850
7182
8194
7727
5174
2933
1876
679
-1403
-2834
-3062
-3132
-3358
-2995
-2299
-2199
-2707
-2960
-2849
-2741
-2694
-2349
-1558
-417
1230
3179
4542
4907
5034
5221
4692
2980
641
-1525
-3274
-4498
-5167
-5278
-4794
-3309
-1015
1211
2815
4032
5223
5974
5886
5228
4610
4470
4034
2358
-156
-1847
-2509
-3454
-5262
-6525
-6221
-4994
-3484
-1809
-453
235
1093
2359
2851
1978
1059
855
716
394
452
837
851
501
234
-86
-1022
-2448
-3602
-4094
-4021
-3702
-3151
-2024
-377
1209
2073
2202
1901
1623
1291
566
-403
-872
-467
333
976
1232
1235
1190
1270
1289
1009
609
685
1250
1838
2264
2634
2780
2704
2641
2980
2951
1362
-1248
-2976
-3292
-3913
-5497
-6603
-5802
-3689
-1179
1224
3108
4311
5451
6504
6205
4109
1554
-330
-1831
-3225
-4184
-4522
-4410
-3978
-3240
-2550
-2496
-3110
-3623
-3657
-3417
-3183
-2349
-618
1657
3817
5556
6588
6692
5844
4228
2093
-312
-2494
-4135
-4916
-4789
-3798
-2383
-910
481
1850
2989
3779
4101
3932
3610
3706
4202
4578
4162
2912
1164
-455
-1811
-3341
-5232
-6517
-6320
-4946
-3313
-1613
229
1845
3004
3702
3665
2699
1434
605
168
-75
82
628
1068
1172
954
291
-1003
-2658
-4249
-5579
-6360
-6181
-5117
-3779
-2332
-518
1446
2720
2986
2646
2175
1607
999
494
300
633
1448
2277
2791
2924
2720
2117
1136
-108
-1255
-2016
-2276
-2122
-1449
-196
1341
2868
3516
2781
1467
799
346
-1067
-2927
-3463
-2357
-752
737
1973
2762
3062
3277
2991
1444
-856
-2437
-3108
-3656
-4090
-3630
-2486
-1465
-610
412
1009
587
-239
-517
-602
-1142
-1608
-1203
11
1214
2006
2271
2011
1375
719
-241
-1752
-3351
-3924
-3341
-2414
-1553
-217
1724
3633
4693
5014
4885
4421
3607
2566
1405
388
-197
-646
-1587
-2878
-3598
-3561
-3532
-3903
-3917
-3011
-1473
136
1650
2967
4040
4878
5357
5055
4020
2795
1679
363
-1146
-2321
-2932
-3420
-3843
-4009
-3922
-4058
-4254
-4021
-3275
-2546
-1886
-843
775
2473
3593
4075
4066
3883
3574
2985
1740
314
-471
-524
-584
-801
-721
-274
-5
-141
-378
-601
-858
-1031
-810
-332
428
1519
2757
3182
2392
1236
421
-514
-2143
-3782
-4291
-3566
-2337
-948
531
1896
2918
3530
3474
2600
1359
344
-512
-1458
-2084
-1896
-1235
-826
-767
-723
-670
-899
-1352
-1875
-2402
-2637
-2027
-818
197
876
1741
2676
2899
2294
1387
346
-836
-1605
-1617
-1270
-781
245
1718
2833
3373
3735
3902
3520
2627
1606
645
-231
-897
-1613
-2670
-3645
-3934
-3716
-3593
-3500
-2778
-1414
89
1426
2514
3132
3257
3203
2923
2111
985
221
-251
-782
-1219
-1126
-931
-1275
-1799
-1909
-1886
-2317
-2860
-2876
-2421
-1945
-1290
-311
557
986
1478
2131
2307
1811
1393
1441
1484
1343
1457
1835
2064
2061
2002
1745
1078
235
-547
-1322
-1988
-2238
-1889
-1192
-469
87
307
291
176
2
-509
-1292
-1877
-1677
-740
473
1456
2217
2911
3483
3412
2324
594
-1096
-2432
-3412
-4003
-4108
-3659
-2532
-966
185
467
403
605
742
356
-353
-757
-573
81
813
1131
901
546
407
63
-789
-1654
-1795
-1194
-235
943
2249
3414
4125
4352
3984
3053
1820
701
-109
-695
-1106
-1370
-1495
-1631
-1805
-1991
-2219
-2564
-2672
-2272
-1493
-726
-42
639
1241
1606
1706
1549
1075
432
-85
-326
-490
-659
-709
-571
-432
-340
-252
-170
-225
-349
-339
-210
-154
-198
-145
57
189
175
156
293
498
691
871
1079
1186
1176
1087
967
644
225
-67
-128
-58
96
467
907
1075
798
381
-27
-568
-1360
-1947
-2076
-1777
-1220
-402
378
854
1103
1205
918
40
-1041
-1809
-2167
-2233
-1973
-1363
-623
-89
287
457
266
-329
-1082
-1567
-1498
-1031
-309
570
1540
2454
3070
3252
2864
1972
1055
500
317
320
553
1054
1624
1990
1954
1331
170
-1115
-2079
-2734
-3131
-3070
-2407
-1415
-327
737
1513
1660
1231
703
263
-156
-545
-657
-464
-94
313
603
470
-159
-959
-1600
-2197
-2842
-3177
-2905
-2201
-1367
-413
436
958
1110
1136
991
619
149
-79
-37
209
619
1130
1587
1917
2172
2311
2272
2069
1811
1542
1320
1141
1018
904
845
756
626
379
57
-407
-973
-1546
-2020
-2391
-2610
-2578
-2289
-1799
-1208
-516
152
690
1009
1115
970
644
237
-161
-592
-954
-1110
-1062
-996
-1024
-1097
-1195
-1345
-1539
-1690
-1735
-1609
-1269
-712
2
707
1259
1604
1830
1966
1950
1765
1600
1585
1760
2061
2390
2573
2475
2220
1878
1379
603
-253
-945
-1355
-1507
-1390
-1140
-886
-647
-348
-74
-29
-185
-420
-655
-892
-1069
-1154
-1227
-1267
-1173
-948
-769
-678
-542
-376
-327
-381
-478
-621
-813
-901
-805
-643
-479
-180
250
636
840
885
790
539
242
-31
-255
-406
-311
67
593
1123
1613
2010
2251
2319
2159
1797
1295
849
556
447
497
622
774
925
989
807
372
-270
-994
-1699
-2225
-2566
-2715
-2637
-2302
-1791
-1281
-892
-664
-564
-577
-660
-739
-812
-793
-593
-173
358
842
1241
1518
1654
1598
1377
1016
561
87
-306
-534
-641
-613
-440
-180
28
172
245
190
-28
-317
-601
-831
-904
-697
-229
353
979
1608
2152
2492
2601
2481
2101
1537
972
491
48
-422
-821
-1108
-1328
-1499
-1617
-1732
-1888
-1966
-1867
-1628
-1388
-1121
-791
-491
-250
-61
49
30
-22
1
122
274
447
642
848
1033
1179
1270
1309
1250
1163
1097
1089
1034
921
801
656
428
147
-139
-481
-876
-1264
-1550
-1804
-1998
-2080
-1990
-1794
-1515
-1079
-510
82
614
1089
1463
1667
1733
1760
1699
1521
1286
1102
934
720
475
181
-233
-729
-1169
-1519
-1795
-1958
-1938
-1738
-1388
-947
-493
-131
126
310
466
589
665
729
807
927
1040
1088
1043
884
661
422
220
68
-25
-44
17
141
248
261
157
-61
-392
-765
-1101
-1374
-1519
-1497
-1280
-910
-467
-15
388
669
803
819
724
550
355
208
126
111
160
262
358
440
491
497
460
369
255
134
53
22
34
54
59
22
-56
-185
-408
-689
-989
-1208
-1286
-1209
-1022
-756
-436
-101
221
459
581
588
556
557
591
611
597
536
454
358
207
-30
-328
-621
-814
-875
-825
-704
-522
-271
2
234
342
355
349
413
571
771
961
1114
1274
1395
1404
1187
765
225
-260
-622
-870
-1053
-1162
-1134
-965
-711
-513
-439
-456
-447
-355
-204
-64
49
178
352
528
586
441
138
-216
-506
-721
-875
-983
-972
-797
-491
-172
62
194
279
388
499
564
560
540
555
616
646
579
395
176
-27
-176
-305
-417
-462
-386
-180
87
323
474
591
706
831
906
905
812
694
592
476
304
49
-252
-530
-744
-896
-1031
-1153
-1234
-1239
-1160
-1027
-888
-765
-640
-479
-295
-83
122
322
506
675
796
823
755
581
362
135
-58
-207
-292
-312
-278
-200
-106
-34
21
63
123
204
312
425
507
549
538
476
365
226
66
-86
-193
-243
-238
-187
-114
-55
14
96
200
315
431
526
574
592
553
454
284
61
-194
-429
-612
-744
-831
-881
-898
-886
-825
-728
-614
-489
-348
-177
19
232
417
558
629
627
577
468
335
180
32
-83
-146
-164
-142
-124
-127
-167
-233
-311
-381
-418
-400
-316
-152
74
323
550
712
792
791
730
620
494
363
253
160
91
12
-84
-215
-353
-493
-600
-662
-668
-608
-493
-313
-112
89
256
367
419
427
402
356
296
231
154
74
-5
-98
-201
-304
-419
-518
-584
-594
-554
-459
-318
-157
39
232
408
518
564
525
432
314
179
51
-68
-152
-200
-197
-158
-107
-64
-32
-5
30
82
141
198
254
305
353
388
387
327
211
40
-162
-383
-611
-825
-1012
-1126
-1149
-1070
-892
-646
-355
-35
284
581
837
1026
1140
1193
1196
1147
1057
920
727
496
239
-30
-293
-531
-729
-873
-941
-940
-868
-733
-539
-295
-14
286
565
796
943
995
944
804
595
345
89
-146
-327
-455
-538
-590
-645
-705
-774
-837
-885
-888
-828
-706
-510
-276
-29
181
329
393
365
277
141
5
-105
-150
-129
-46
71
180
266
298
292
240
176
128
126
198
346
543
753
923
1022
1033
949
795
577
346
125
-43
-154
-207
-244
-280
-350
-448
-559
-684
-781
-849
-844
-763
-581
-332
-53
197
366
431
386
247
44
-185
-401
-552
-621
-599
-522
-438
-396
-419
-501
-614
-713
-757
-705
-541
-254
124
544
933
1232
1387
1409
1312
1135
921
718
564
473
470
499
533
525
451
306
120
-83
-269
-395
-446
-405
-293
-143
-13
51
26
-94
-270
-474
-657
-788
-856
-841
-759
-625
-472
-326
-222
-164
-145
-151
-158
-158
-147
-141
-127
-119
-104
-93
-86
-94
-109
-123
-120
-94
-52
9
77
168
283
425
581
734
870
972
1035
1049
1009
905
753
586
424
287
183
103
47
10
-14
-43
-82
-148
-242
-341
-435
-508
-558
-590
-607
-612
-611
-609
-623
-656
-695
-738
-758
-741
-686
-583
-445
-272
-87
94
256
381
472
516
522
491
434
362
276
190
90
-12
-108
-184
-211
-195
-128
-17
131
299
485
666
817
926
997
1028
1022
993
920
806
653
465
250
26
-201
-432
-640
-826
-977
-1088
-1151
-1169
-1135
-1051
-926
-780
-616
-456
-323
-212
-142
-107
-83
-54
-14
57
141
224
300
354
375
352
291
195
85
5
-31
-17
52
147
255
359
448
499
508
476
406
334
271
236
214
211
209
200
182
132
56
-58
-179
-303
-386
-422
-389
-300
-157
15
185
322
389
374
280
133
-34
-189
-316
-396
-440
-456
-459
-477
-525
-595
-677
-731
-732
-647
-471
-220
83
392
672
862
949
908
760
546
305
93
-61
-134
-142
-95
-32
18
28
-22
-112
-223
-309
-330
-272
-135
56
265
446
568
602
540
402
212
23
-131
-232
-277
-289
-280
-280
-291
-330
-386
-447
-481
-468
-383
-223
-6
249
496
711
851
906
859
735
561
370
192
39
-83
-186
-275
-369
-471
-584
-699
-798
-857
-853
-779
-643
-450
-228
4
221
403
532
601
614
579
515
429
328
214
91
-32
-148
-245
-310
-337
-322
-264
-170
-57
64
174
248
288
291
251
185
97
-10
-124
-232
-330
-406
-436
-422
-357
-241
-87
85
274
449
598
713
783
808
788
735
649
531
386
210
11
-198
-407
-600
-757
-864
-910
-895
-817
-693
-543
-373
-207
-58
65
156
205
220
203
158
94
21
-47
-108
-131
-122
-89
-27
43
109
173
231
274
307
320
307
267
202
111
-1
-114
-226
-313
-369
-380
-349
-282
-187
-78
38
139
233
305
354
391
408
419
426
425
416
387
336
255
150
20
-115
-246
-357
-428
-456
-424
-345
-228
-95
30
127
183
191
162
100
24
-53
-110
-137
-134
-103
-67
-31
-13
-21
-49
-94
-145
-184
-206
-201
-162
-102
-28
45
92
103
67
-18
-137
-264
-377
-452
-463
-414
-296
-128
62
248
399
496
526
499
428
327
216
111
23
-32
-57
-54
-38
-13
7
17
18
17
10
-1
-3
-1
22
61
114
171
218
246
248
228
187
136
81
28
-7
-28
-34
-26
-22
-20
-39
-75
-132
-206
-289
-374
-446
-499
-520
-513
-475
-421
-354
-290
-228
-175
-128
-71
-2
94
213
355
496
623
716
754
734
657
527
373
217
75
-33
-105
-146
-167
-176
-188
-210
-239
-277
-311
-333
-326
-290
-224
-129
-24
81
165
217
225
195
130
44
-40
-104
-136
-128
-78
-5
86
163
214
225
202
150
83
13
-50
-109
-161
-206
-255
-291
-324
-348
-357
-342
-304
-232
-124
2
140
275
389
477
537
563
564
539
493
428
344
246
130
5
-124
-246
-349
-419
-446
-432
-381
-300
-216
-139
-85
-60
-66
-98
-147
-205
-257
-291
-303
-286
-242
-183
-110
-37
33
89
133
166
187
212
238
279
320
369
404
421
410
362
281
170
45
-84
-187
-258
-282
-259
-203
-123
-45
21
66
80
72
44
12
-22
-42
-51
-49
-38
-28
-19
-20
-23
-36
-54
-76
-104
-130
-152
-163
-166
-153
-130
-101
-76
-56
-48
-51
-52
-45
-18
42
121
213
302
362
376
340
256
144
26
-72
-133
-139
-88
-3
103
203
272
299
272
197
98
-6
-93
-144
-157
-130
-81
-27
15
34
30
-1
-49
-104
-150
-180
-193
-188
-173
-155
-142
-145
-157
-174
-184
-181
-162
-119
-57
17
89
151
190
210
202
169
125
73
17
-34
-83
-120
-145
-161
-163
-155
-122
-68
5
97
189
273
330
349
323
258
163
49
-65
-157
-217
-234
-216
-171
-113
-56
-8
22
45
56
66
71
75
82
91
100
97
89
68
37
-6
-52
-91
-116
-121
-106
-70
-17
38
87
110
108
77
21
-45
-114
-159
-176
-161
-113
-38
50
137
208
249
260
238
188
116
40
-30
-87
-128
-155
-171
-183
-192
-210
-221
-227
-225
-206
-170
-122
-68
-16
22
44
54
51
40
32
31
40
54
73
88
99
99
85
66
47
32
24
32
45
66
83
90
88
75
55
27
2
-17
-21
-12
9
43
82
121
152
168
171
155
126
86
42
-2
-38
-68
-89
-96
-99
-96
-97
-103
-114
-126
-138
-150
-152
-151
-146
-143
-139
-137
-135
-129
-121
-106
-85
-57
-26
17
59
99
134
156
169
170
162
146
129
107
86
62
42
29
16
3
-12
-26
-42
-56
-62
-58
-37
-11
22
51
80
102
103
104
94
86
79
74
71
74
82
81
72
54
30
-6
-48
-93
-133
-168
-196
-216
-225
-218
-202
-181
-153
-113
-71
-27
18
57
92
124
140
146
150
146
130
109
79
49
24
2
-12
-19
-16
-16
-18
-16
-11
0
15
31
46
59
68
63
46
18
-26
-79
-134
-182
-211
-216
-199
-164
-113
-56
2
54
91
115
118
108
83
53
25
0
-19
-40
-54
-65
-72
-70
-69
-62
-50
-40
-32
-17
-5
12
28
39
46
62
82
103
131
151
170
177
171
153
132
102
67
28
-8
-35
-53
-64
-74
-81
-93
-103
-119
-133
-136
-133
-123
-108
-88
-62
-36
-13
7
26
49
67
87
102
111
108
87
55
14
-21
-54
-74
-81
-72
-49
-15
26
70
111
145
162
162
148
113
71
22
-26
-64
-93
-106
-106
-92
-66
-36
-5
17
29
32
31
29
27
28
29
25
17
2
-20
-52
-90
-132
-165
-186
-191
-174
-141
-96
-46
0
37
56
59
42
13
-20
-50
-68
-75
-63
-41
-14
16
40
55
65
67
62
63
65
76
98
126
160
186
198
189
163
125
82
37
1
-26
-40
-47
-51
-49
-51
-53
-57
-59
-54
-50
-39
-32
-24
-20
-19
-20
-23
-25
-30
-32
-42
-49
-61
-76
-89
-103
-115
-129
-136
-144
-139
-127
-101
-66
-17
33
81
120
144
149
136
104
63
28
-3
-18
-16
1
37
78
114
146
161
163
151
133
110
91
76
59
42
26
8
-15
-32
-52
-69
-76
-75
-60
-39
-9
11
26
24
10
-16
-47
-79
-118
-142
-155
-157
-150
-130
-116
-101
-87
-77
-55
-21
20
68
122
169
204
215
202
163
113
51
-8
-51
-79
-92
-95
-84
-62
-38
-17
3
19
33
43
50
56
66
69
63
57
50
37
8
-32
-74
-112
-139
-163
-170
-159
-139
-114
-90
-74
-58
-50
-55
-53
-53
-50
-39
-30
-18
-6
8
18
33
47
62
83
109
134
157
179
204
218
216
207
192
169
140
106
75
48
28
2
-23
-47
-72
-89
-101
-102
-103
-94
-81
-67
-64
-67
-62
-55
-47
-44
-26
12
42
42
26
12
-8
-41
-87
-129
-154
-175
-194
-199
-182
-162
-143
-121
-92
-60
-27
-2
15
29
31
38
55
71
88
116
155
189
210
216
210
189
159
122
94
89
97
114
130
145
139
116
77
17
-48
-111
-156
-180
-171
-136
-82
-34
-1
14
22
19
4
-30
-72
-100
-115
-121
-115
-93
-63
-37
-24
-21
-25
-37
-61
-83
-90
-72
-45
-17
17
48
70
82
85
80
68
64
73
93
117
126
122
122
117
102
77
48
25
12
-2
-24
-50
-71
-93
-121
-142
-146
-132
-116
-105
-96
-70
-50
-46
-57
-71
-78
-92
-110
-127
-131
-119
-89
-46
-2
39
77
106
121
119
102
89
74
52
35
39
68
87
102
121
147
160
148
122
102
87
61
40
29
32
41
44
41
39
37
30
4
-22
-34
-42
-63
-85
-85
-72
-65
-85
-99
-99
-101
-123
-158
-173
-171
-174
-187
-183
-158
-125
-80
-35
17
64
97
97
88
85
71
55
47
59
84
105
125
149
162
148
119
107
95
76
61
62
77
75
56
38
32
19
-18
-66
-103
-109
-99
-102
-104
-79
-38
-17
-16
-11
-6
-21
-48
-49
-32
-33
-52
-55
-38
-23
-38
-72
-100
-117
-127
-140
-132
-109
-78
-53
-13
34
82
114
136
164
175
170
146
142
141
126
103
88
96
105
100
91
79
60
36
4
-17
-39
-62
-73
-64
-48
-51
-54
-35
15
46
41
35
50
38
-13
-48
-56
-77
-121
-154
-149
-130
-132
-125
-101
-67
-49
-36
-11
22
28
4
-21
-29
-35
-76
-120
-127
-121
-123
-112
-70
-32
-8
24
66
85
85
100
116
102
76
107
133
126
100
98
112
91
39
-1
1
9
-5
-18
-9
15
33
42
44
50
51
45
47
48
43
24
9
-1
-16
-27
-36
-58
-86
-91
-77
-69
-80
-82
-80
-96
-106
-79
-38
-25
-25
20
81
91
61
39
39
30
17
14
29
28
11
2
-8
-20
-26
-34
-41
-45
-40
-26
-34
-31
-8
27
64
99
104
75
45
34
19
-20
-44
-1
49
67
99
160
176
113
28
-14
-40
-92
-145
-146
-100
-73
-76
-74
-47
-31
-46
-68
-66
-63
-57
-54
-36
-10
14
40
72
107
112