0
-3
-4
-2
-2
-5
-3
-3
1
1
-2
-1
1
-2
1
0
0
-1
-4
0
1
1
1
1
1
3
-3
-1
-1
-3
-3
-7
-2
1
0
3
5
3
4
1
-3
0
-3
-7
-7
-5
-2
0
-2
2
5
6
0
-3
0
0
-3
-2
1
5
5
4
4
1
3
3
-1
-2
2
-1
0
4
3
-1
0
3
3
3
2
2
2
4
0
-1
4
0
-5
-1
5
3
2
-2
2
1
1
-1
1
6
2
-1
0
1
-2
-4
-5
-3
0
1
-4
-4
2
5
2
3
-1
1
5
2
-1
1
4
3
1
2
4
5
6
3
0
1
0
1
2
-3
-8
-5
3
-1
-4
-3
-1
1
-3
-7
-5
-3
-3
-4
-3
1
4
9
6
4
3
2
6
5
-2
1
1
-4
-3
2
0
-3
-2
-1
0
0
-3
-5
-2
-6
-9
-6
-1
-5
-8
-7
-5
-2
-2
-3
-3
-1
0
1
2
0
-1
0
4
1
-2
-3
3
6
1
-1
-2
0
-5
-7
-3
-1
-7
-2
3
5
7
2
-3
-1
4
7
4
1
3
6
9
4
3
0
3
5
5
1
2
0
0
3
-1
-3
-2
2
-1
-1
-6
-8
-8
-8
-11
-9
-5
-2
1
1
-2
3
8
7
7
3
4
7
9
7
6
2
9
13
-1
-3
-2
-1
4
1
-4
-4
3
-1
1
-4
-6
-5
-5
1
3
-4
-6
0
1
-1
-8
-10
-10
-8
-6
1
-2
-7
0
8
6
1
0
-1
7
4
0
-6
1
11
7
-4
-11
-1
7
1
-12
-1
9
9
2
6
0
2
7
-5
1
10
11
3
7
11
10
18
15
8
15
19
28
22
15
14
34
14
-30
-49
-50
-37
-38
-59
-71
-50
-14
8
-9
-31
-18
-18
-47
-56
-31
-13
-17
-5
11
18
37
50
50
42
36
31
18
23
37
35
21
14
41
49
17
-5
-22
-5
9
-4
-19
-27
-27
-13
31
55
41
16
12
21
15
-17
-50
-46
-33
-18
-23
-32
-12
-23
-78
-69
6
60
47
25
42
75
115
74
30
55
41
-21
-83
-55
-30
-2
-27
-44
-11
-38
-89
-148
-119
-106
-124
-117
-87
-7
62
92
59
52
78
58
48
92
84
30
6
27
57
84
108
82
49
47
49
6
-67
-107
-107
-132
-125
-57
25
45
11
17
79
124
103
62
39
30
28
-3
-29
-58
-44
-12
11
10
5
12
9
-7
-82
-155
-143
-96
-102
-93
-50
-32
14
25
24
-1
15
55
70
74
56
79
80
39
4
-13
-9
22
37
33
59
32
7
2
-17
0
25
30
83
104
81
70
43
-5
-55
-78
-99
-77
-88
-34
-50
-72
-117
-178
-207
-168
-123
-136
-92
-60
-28
-10
34
58
29
25
77
108
40
2
17
34
49
25
-42
-70
15
80
75
31
13
69
123
82
-52
-88
-49
27
84
115
205
203
187
151
141
135
141
91
11
50
127
217
169
118
128
149
142
42
-53
-61
29
26
-82
-165
-181
-176
-200
-243
-302
-393
-361
-301
-215
-96
-7
11
-47
-115
-153
-140
-169
-199
-163
-52
-1
11
34
93
174
176
170
160
132
165
163
29
-104
-75
72
193
166
-12
-100
-33
45
1
-130
-94
139
288
193
8
-53
34
45
-48
-70
-61
13
66
-4
-95
-82
21
4
6
56
77
101
111
45
-119
-141
-85
-36
-177
-265
-122
35
110
154
196
89
-84
-86
20
65
-39
-122
-83
59
159
52
-173
-287
-81
144
47
-26
119
223
217
192
88
-41
-76
41
156
122
181
347
396
363
545
754
665
316
65
129
163
-142
-662
-815
-632
-73
-892
-3535
-4172
-1025
1323
-1787
-5930
-6817
-2605
1764
1326
-3134
-4738
-776
4102
5779
1984
-1197
351
5085
6503
5184
3071
3252
5209
6403
5774
5227
5074
1527
-2345
-1675
3360
3555
-2898
-9145
-8766
-2257
2227
-724
-8657
-11179
-5933
1506
3001
-2688
-8217
-5821
2124
6331
4587
925
-150
2501
6419
7307
4808
2499
2181
2838
3183
2448
909
-475
-1257
-2716
-6227
-9070
-6913
-2176
-3094
-10783
-15674
-10932
-963
2796
-3460
-11736
-10483
984
11291
9611
-735
-5139
3313
15913
19540
12140
4340
5892
15157
19008
8041
-5044
-1786
12473
11767
-4285
-16638
-12360
1395
7894
-3787
-22452
-22977
-6541
7174
1656
-14861
-23597
-12222
6247
11211
1865
-7482
-6211
4235
14959
15159
6559
1083
4220
10289
12563
9412
3578
1010
2424
3434
1747
-524
-1998
-3371
-5353
-7422
-7713
-6577
-5784
-7918
-12669
-14412
-8275
-870
-1933
-9304
-11442
-3955
5499
7226
1371
-3422
-447
8045
12862
8606
2007
2387
8957
14012
13084
7915
5856
9303
12975
11917
1578
-10349
-8094
9735
12778
-7899
-25745
-20656
-1629
9778
1330
-22188
-30034
-11904
10142
9955
-8512
-23068
-16698
5434
17925
10415
-3060
-5095
4048
14963
18337
11790
4120
4076
9451
12082
9927
5734
2276
978
597
-308
-2248
-3674
-5026
-6573
-9493
-11575
-11253
-12002
-13549
-11278
-6306
-8297
-13640
-12338
-3308
4974
4717
-2516
-6394
2005
13692
16988
8879
-565
878
13315
22152
16955
6552
3618
10713
18641
19215
10244
-6462
-14985
-3210
15121
7787
-18542
-32644
-20930
450
7948
-6597
-29322
-29061
-6733
11808
5550
-13209
-22231
-9552
12202
19366
8701
-2395
344
11454
19726
18383
10799
5707
7356
11980
12473
7761
2379
523
584
-848
-3847
-7016
-8139
-7778
-8661
-12480
-18530
-20686
-14566
-5218
-5710
-15490
-21209
-13126
3937
12074
2950
-10410
-7479
9356
23031
18982
2957
-4414
6533
21498
23912
13811
2877
3495
14170
20477
15125
7472
-404
-9753
-10457
3950
11584
-6076
-27734
-28899
-11102
4286
3094
-15673
-31187
-21884
1394
12536
545
-15859
-17906
-1126
16077
17556
7094
647
5147
13669
18662
16496
10881
7336
8059
10097
9255
5915
2539
864
-1840
-5257
-7440
-7393
-7782
-9180
-13422
-21716
-23918
-14019
-3682
-8919
-19602
-20938
-9745
4611
9122
24
-9603
-3004
12793
21435
14354
2910
2046
12498
21636
19692
11236
5697
8754
14541
15608
11689
8155
6586
-2206
-13475
-11272
5631
6905
-13997
-31610
-25574
-5088
6644
-652
-22236
-30375
-14048
10887
14800
-2575
-18027
-12650
8070
21572
17623
4975
112
6512
16745
20870
15605
7349
3539
6124
9073
7792
3627
-179
-3138
-6136
-6761
-6391
-7190
-10317
-16757
-21810
-18685
-8656
-6648
-15279
-22508
-16041
-839
6013
189
-8264
-5462
6211
17274
14714
3222
-226
10186
20912
19722
10430
3891
7309
14571
15938
10470
5456
5033
9028
9622
-3183
-17856
-12152
7801
6338
-17099
-32762
-21959
269
9900
-2867
-26875
-29645
-5898
19001
14655
-8283
-21591
-9520
14604
25713
15492
-1381
-3956
7675
19810
21052
12287
2453
297
6382
10780
7761
1380
-2790
-5164
-5738
-4690
-4642
-10402
-17223
-16134
-9298
-8427
-15408
-18390
-13961
-4499
-411
-5672
-11759
-5487
7710
12433
6891
-1567
-328
10648
19673
15718
5883
2531
8718
16052
14689
7383
2964
4141
7952
10294
7910
2832
-4402
-11803
-12341
865
7478
-8568
-28228
-25102
-5063
6094
1443
-14753
-23643
-13098
8781
15631
831
-13881
-10775
6538
18190
15616
5119
325
5065
12902
16520
12883
6662
3440
5516
7533
5876
2641
223
-2552
-5424
-6627
-9424
-12050
-10076
-7083
-11952
-19654
-19497
-10920
-2911
-3421
-10537
-14505
-7353
6131
11728
3547
-6201
-2279
10396
17622
13907
5008
1598
8670
17262
15208
6467
2513
5623
10002
10817
8075
3717
3064
2860
-4764
-13983
-8547
6284
2438
-18257
-29404
-16556
1602
7243
-4202
-21245
-22465
-3832
15985
12459
-6079
-16169
-5008
13087
20466
13942
2952
-352
6164
16116
18371
12007
4116
1649
4428
7025
6100
1207
-3785
-7569
-9770
-11408
-10155
-7604
-9624
-17920
-23734
-18095
-6553
-2227
-9579
-16100
-11773
97
8596
7283
-889
-3558
6016
16365
15403
8717
6556
10067
14629
15913
11174
5761
6203
9894
9481
5900
4107
4189
5792
2844
-9296
-19403
-8219
10097
3193
-22469
-32528
-14956
5862
9662
-5897
-23929
-22397
971
20714
12617
-9415
-17171
-1812
16926
21473
11602
-232
-1610
7659
17512
16991
8304
504
-16
5102
8193
5272
-2463
-8626
-10525
-7124
-4271
-8417
-16149
-18060
-11943
-8918
-11643
-14160
-11408
-6361
-2346
-1787
-5220
-3605
4873
10660
6596
2668
5422
11124
14582
13567
8703
5316
9095
13332
10442
4174
2670
4593
5846
6249
4199
1341
-195
-4476
-12352
-10370
3265
4659
-13461
-26664
-16980
1031
8027
-292
-15273
-19282
-4923
14158
14505
-2217
-13789
-6261
10045
17371
12124
2762
-486
4237
11948
14454
9483
3130
1297
3892
4442
761
-3096
-3315
-3593
-8002
-11902
-11982
-8101
-5330
-8108
-16015
-18277
-8824
303
-1552
-9752
-11716
-5777
4379
9976
5259
-2785
-358
10319
14605
10621
6555
6080
7619
11075
11738
6846
2621
4836
7603
5810
3377
3471
4507
4065
-1735
-11025
-11163
2131
7258
-9350
-26335
-18616
3051
9478
-3597
-18330
-16671
-1194
13099
9897
-6723
-15137
-3743
13447
15923
5476
-1746
2123
9966
13798
11920
6330
2338
3487
5929
3617
-684
-1656
-1882
-5942
-9873
-9009
-5864
-5888
-8852
-12357
-13729
-10616
-5191
-4365
-9601
-11318
-5741
641
2372
1573
449
1205
5869
10399
9353
6251
6902
9543
10274
9987
8384
5337
4493
6873
7393
4739
3273
4023
5027
3177
-4198
-11869
-8162
3903
3625
-12535
-24069
-15366
1246
6866
-3039
-15985
-16324
-2441
11877
10248
-4037
-13151
-4585
11338
17007
9576
1246
844
6450
13073
14684
8823
1445
-367
1988
3197
2846
131
-5802
-11119
-9924
-4493
-3485
-8284
-12413
-11984
-10071
-7793
-5725
-6849
-9246
-7355
-2409
-423
17
2033
3863
4040
5071
7445
8978
9063
8515
7953
7701
8114
8735
7498
4776
3040
4502
6254
6066
5034
1795
-5244
-10319
-4784
4398
2093
-11657
-20820
-14627
-246
6953
-1505
-15899
-17144
-2653
11130
9272
-3204
-12119
-6741
8135
16415
10055
-476
-1497
5726
12553
13433
8625
2120
-923
1354
4732
4305
-527
-5683
-8277
-7941
-5075
-3389
-6082
-10584
-11327
-8919
-6871
-5849
-6348
-7664
-7682
-4621
-1033
919
1564
1901
2498
3878
7086
9858
9111
6054
5070
7785
10160
9454
6031
3302
3333
5513
7529
6675
4913
2368
-2234
-7754
-5830
3175
4459
-7785
-19925
-15939
-2138
6399
925
-12403
-18855
-8832
8473
11930
-1342
-13716
-10094
3790
13783
11911
2000
-3811
1421
11499
14686
9549
2830
-816
230
4483
6925
2266
-4892
-7635
-5700
-3233
-2910
-4301
-7653
-10420
-10258
-6887
-4744
-5854
-7505
-8051
-6979
-3445
1366
2289
54
-106
2529
5584
8227
9253
6245
3707
6144
9851
9635
7274
5687
4496
5002
7376
8437
7030
3809
-2257
-7994
-4804
4584
4398
-8909
-19607
-14838
-1971
4592
-1502
-13421
-17937
-8489
5945
8851
-2163
-12243
-8668
3925
11981
10040
2742
-1134
2573
10471
14331
10583
4243
274
878
4344
7032
3822
-3260
-7642
-6603
-2909
-1647
-4198
-8815
-11120
-10368
-7565
-5225
-5827
-8457
-9541
-6900
-2910
145
1259
623
-285
1379
5818
9082
8500
5774
4608
6445
9503
10226
7421
4262
4016
6260
8003
7579
5337
2557
-1635
-5471
-4549
1637
2352
-7453
-17362
-14710
-3137
3402
-1144
-11499
-15524
-8175
4446
8142
-346
-9743
-7836
3401
11615
10151
3396
69
3144
9528
13257
10535
4834
1787
2194
3344
4017
2976
-908
-5222
-7385
-6470
-3976
-2739
-5386
-10256
-12417
-9985
-5027
-3084
-6162
-10528
-9749
-3806
1587
2206
-263
-1400
816
5528
8932
8255
5048
3877
6090
8998
9667
7144
4099
3656
5718
7331
6969
5394
2919
-984
-4994
-4866
498
2709
-5124
-15809
-15584
-4517
3672
353
-9953
-15053
-8796
3776
8761
1079
-8869
-8030
2316
10646
10252
4035
-93
2316
8881
12560
10203
5297
2927
4060
4543
2695
351
-70
-1190
-4592
-8186
-7848
-4076
-2997
-6730
-11626
-12067
-8465
-3640
-3043
-7510
-10888
-7456
-533
2538
1263
-718
-234
3008
7124
8735
6863
4880
4979
6359
7785
8217
6625
3576
2533
4254
6791
6694
4794
1827
-2625
-6342
-4225
2641
2175
-8086
-17112
-12769
-1197
4827
-600
-11080
-14276
-5540
7279
9013
-929
-9581
-5908
4941
11831
9970
2778
-1256
2470
10081
12702
8556
3280
1381
3355
4884
2512
-1943
-2874
-1907
-4177
-7968
-7895
-4593
-3815
-7054
-10819
-11189
-7194
-2004
-1502
-7160
-10690
-5874
1802
4013
1165
-1614
-919
4020
9245
9011
4556
2836
5103
7462
7886
6678
3974
2099
3280
4970
4548
3401
3886
3515
-1166
-6946
-6562
766
3593
-4578
-15256
-14643
-3500
4930
2130
-8329
-13480
-6843
5922
9849
1782
-7332
-6320
3226
11106
10813
3865
-858
1607
8004
11115
8680
3857
751
1861
4304
3706
-946
-4505
-4491
-3200
-4182
-6568
-8000
-7321
-5775
-6220
-8634
-9134
-5426
-2126
-2845
-5529
-5608
-2381
1906
3689
1722
-349
1746
6355
8105
5929
3720
3874
5639
6854
5947
3384
2164
3013
3450
2818
2748
3632
4277
1899
-4857
-9610
-3894
5666
3235
-10456
-17731
-9516
3522
7502
-839
-11839
-12285
-71
11488
8840
-3353
-9716
-3073
8218
12656
7685
176
-1619
3242
9475
10712
6271
800
-555
1930
3938
3302
43
-4969
-8006
-5451
-1288
-2449
-7608
-10663
-9067
-5634
-4019
-5326
-7228
-6456
-3687
-1516
-1895
-2138
-225
2169
2537
2006
2848
4756
5926
5315
3939
3463
4571
5802
4963
2545
1204
2164
3248
3322
2935
2663
3044
1089
-4436
-8339
-2290
5693
2054
-10641
-15791
-6767
5041
8207
-805
-11210
-10701
2380
12669
8351
-3979
-9524
-2485
8415
12620
6984
-1052
-2900
2732
9389
9878
4561
-1090
-1943
1406
4666
3886
-417
-4185
-5937
-5754
-3996
-1835
-2942
-7464
-11063
-10071
-4977
-911
-2143
-6873
-8607
-5068
476
3472
1599
-2486
-3398
1025
6004
6667
3561
1068
1434
4103
6653
6046
2348
-469
886
3953
5036
2979
732
917
3736
5406
791
-6538
-6673
2721
6948
-1470
-12441
-11453
-56
8522
5608
-5795
-11473
-4616
7868
10705
1492
-8431
-7664
2467
10417
8766
544
-4068
-1136
5310
8891
6685
903
-2675
104
4579
4838
972
-2200
-3264
-2826
-2394
-3155
-3992
-3877
-4702
-7723
-9246
-6693
-2358
-1131
-4283
-8019
-7052
-841
4504
3470
-2577
-5746
-1476
6318
9065
4182
-1512
-1172
4071
7478
6019
1400
-1220
1018
5075
5461
2355
941
2321
4708
4474
-647
-6609
-3957
5818
6956
-4315
-13609
-8240
3941
9187
2645
-8400
-11438
-2443
9637
9445
-2332
-11346
-6699
4575
9808
5664
-1877
-4943
-993
6435
9163
4852
-692
-1378
1996
4643
4458
1623
-1517
-2555
-812
177
-2080
-4521
-4799
-4622
-6169
-7092
-6620
-5429
-4271
-4086
-5010
-5555
-3040
326
1442
-962
-2969
-1454
2625
5490
4207
665
-860
2112
5915
6194
2670
-475
574
4796
7190
4985
1612
1309
4677
7067
2854
-4787
-5064
4192
8268
-285
-10777
-9514
768
7879
4229
-6338
-11441
-5125
5866
7914
-760
-9904
-9000
368
7747
6251
-958
-4818
-2080
4039
7997
6797
1950
-1036
1014
4638
5620
3799
1271
-705
-943
200
402
-2424
-5372
-6158
-5683
-6626
-7635
-7337
-6025
-4808
-5549
-6790
-5863
-1966
363
-387
-2591
-2688
580
4140
4336
1467
-102
1722
5312
6474
4080
1975
2781
5369
6538
5828
3710
3286
5164
7690
5590
-1528
-6024
-535
8456
6200
-6094
-13535
-6619
4579
7535
-1059
-11405
-12093
-1807
7894
4851
-6558
-12217
-5517
4847
8411
3578
-3421
-4621
1333
8911
10081
4723
-685
-202
4778
8446
6993
1491
-2284
-1231
1954
1635
-1728
-6203
-8835
-8321
-5162
-4563
-8088
-11071
-9868
-5828
-3703
-4224
-5926
-5111
-1774
1266
759
-1142
-72
2938
4580
3860
2697
2557
4792
7241
6192
3015
2458
5548
7907
6751
4045
2638
4596
7427
4855
-3678
-6809
1662
8803
2337
-10463
-13380
-4365
5518
5385
-4878
-13485
-10417
1345
7671
2158
-7806
-9788
-2036
6413
7725
3083
-1193
-1060
3544
8564
9412
5903
2289
2011
4303
6497
5702
2074
-1405
-2000
-1248
-1502
-2931
-5684
-8742
-9398
-7419
-7114
-9109
-9899
-8672
-7301
-6215
-5267
-4519
-2849
-759
-153
-607
547
3263
4709
4190
3257
3263
4481
6754
7497
5302
3285
4583
6853
7009
5663
4281
3583
4363
6010
2476
-4490
-5636
2534
6531
-1228
-11600
-12066
-2557
5285
3264
-7610
-13844
-8473
3390
7843
986
-8409
-8939
398
9014
9076
2566
-1823
166
6275
10621
9347
4503
872
1804
5183
6837
4199
-293
-2858
-2589
-1425
-1866
-4138
-7273
-9499
-10013
-8658
-7199
-7881
-9966
-10748
-8454
-5006
-2981
-2902
-3044
-1996
-53
2577
4283
4264
3215
3066
4067
5832
7036
6938
5632
4339
4159
5758
7088
6019
3374
2090
3046
4870
5502
926
-6339
-7568
1181
6594
-789
-12463
-13701
-3658
5079
3950
-6194
-13219
-9313
3011
9754
3961
-6600
-8653
450
10189
11658
5154
-1030
-610
5803
11228
10169
4634
155
603
4031
5998
3618
-718
-3502
-3924
-3575
-3932
-4824
-6109
-8065
-10663
-11422
-9046
-6106
-6095
-8593
-9934
-7128
-1841
931
-417
-1943
-429
2954
5580
6045
4458
3130
4168
6351
6785
5699
5021
4666
3734
3369
4193
4565
3567
2466
1609
1186
2258
1661
-3536
-7761
-2641
4345
856
-9254
-12129
-4598
3399
4299
-2823
-9801
-8136
2258
9506
5290
-3959
-6460
761
9199
10996
5433
-595
-701
4739
9465
8612
3626
-886
-824
3035
5336
2309
-2954
-5240
-4368
-3045
-3355
-5191
-7670
-8442
-8344
-8801
-8822
-6482
-4597
-5875
-7578
-6171
-1868
1582
2135
414
-314
1906
6170
8526
6508
3003
2280
4767
7067
7040
4552
1652
721
2412
4394
3994
1407
-728
-723
861
3153
1978
-4412
-9070
-3252
5481
2982
-7778
-12290
-5065
4339
6716
-399
-8729
-7830
2536
10620
6919
-2656
-6600
-639
7726
10231
5281
-1103
-2138
2261
7063
7402
3433
-1618
-2721
777
3567
1521
-2656
-4701
-4982
-4423
-3583
-3705
-5623
-7044
-7131
-7305
-7065
-4783
-2783
-3956
-5772
-4585
-1271
1710
3100
2297
675
1711
5786
8286
6270
2673
1658
3277
5332
5597
3133
-168
-808
1260
3001
2520
569
-1329
-1162
1246
3795
2442
-3635
-7781
-2917
5920
5227
-4584
-10546
-4805
4914
8398
2371
-6618
-7753
994
10061
8137
-1378
-7367
-3443
4779
8714
5286
-1174
-3843
-918
4119
6051
3297
-1818
-4370
-2046
1576
1686
-1793
-4664
-5216
-4027
-2830
-2450
-3435
-4813
-5512
-5797
-5532
-3689
-1250
-1473
-3915
-4413
-1125
2823
4174
2576
399
742
4287
7389
5947
1462
-658
1326
3926
4004
1557
-1444
-2329
-321
2096
2133
354
-1133
-737
1227
4168
4173
-1211
-6290
-2075
7275
7489
-2010
-8600
-3955
5011
9153
3852
-5427
-7975
-219
8781
7547
-1704
-8542
-5550
2749
7396
4060
-2648
-5480
-2438
2979
5313
2651
-2618
-4945
-2120
1959
2175
-1146
-3589
-3676
-2195
-916
-713
-2099
-3346
-3428
-3392
-3913
-3476
-1358
-451
-1958
-3469
-2204
755
3177
3144
809
-707
1111
4251
4440
1462
-1237
-1050
804
1818
873
-1036
-1911
-711
1071
1275
556
546
1779
2954
4193
4239
781
-2789
425
8214
7881
-1096
-7059
-2322
5994
8904
3131
-6106
-8393
-1152
7400
6102
-2864
-9912
-7431
860
5921
2918
-3892
-6891
-3872
1965
5012
2706
-2627
-4996
-1817
2842
3792
831
-2117
-2788
-1071
1015
1557
-202
-2439
-3187
-2570
-1940
-1988
-1655
-1616
-2394
-3209
-2209
-321
923
879
-551
-1799
-775
2095
2642
71
-2367
-1987
-229
1083
1096
-256
-1567
-674
1958
3262
3028
2687
3292
4116
6004
6789
3353
-908
1427
8341
7869
-293
-5920
-2242
4359
6689
1623
-6499
-8925
-2762
4897
3714
-4401
-10560
-8092
-945
3465
1271
-3987
-6478
-4133
1093
4692
3613
-949
-3336
-873
3359
4764
2739
-110
-1462
-309
1678
2612
1174
-1280
-2945
-2940
-2322
-1914
-1607
-2002
-3489
-4821
-3933
-1489
331
-5
-2125
-3659
-2087
1545
2832
134
-3119
-3195
-594
2025
2511
706
-1185
-156
3136
5198
4879
4246
4626
5494
7307
7068
2805
-586
3893
9448
5516
-3734
-6415
-494
5064
4810
-2186
-9528
-9478
-1284
4448
295
-8206
-11628
-6965
310
3655
106
-5199
-6153
-1776
3639
6169
4019
-587
-1896
2017
6448
6529
3249
29
-660
1367
3484
2756
-224
-2625
-3294
-2818
-2663
-3130
-3695
-3899
-4632
-5441
-4927
-2687
-877
-1246
-3261
-4200
-1860
1774
2407
-897
-3469
-2236
1253
3707
3353
734
-746
1768
5593
6871
5714
4828
4806
6258
7617
4873
93
887
6996
6999
-1016
-7151
-4138
2316
4512
-229
-8018
-11013
-5824
1874
2007
-4995
-10824
-8812
-2067
3237
2926
-1543
-4829
-2871
2739
6710
6349
2662
-226
894
4997
7268
5625
2257
17
223
1851
2564
839
-1627
-3446
-4474
-4670
-3979
-3417
-4022
-5402
-6651
-6316
-3961
-1230
-905
-2998
-4504
-2905
819
3046
1590
-1689
-2503
395
4089
4996
2739
347
1244
4863
7320
6655
4913
4227
5540
6587
3796
-719
-80
5316
5501
-1470
-7410
-5365
716
3772
-206
-7645
-10692
-6205
752
1797
-3716
-9267
-7974
-1601
3494
3542
363
-2337
-1456
3138
7149
6662
3068
953
2065
4696
6239
5101
2083
-64
200
1210
981
-532
-2430
-3939
-4877
-5528
-5730
-4979
-4115
-4892
-6679
-6774
-3788
-389
39
-2460
-3909
-1699
2206
3947
2228
-564
-1211
1485
4828
5325
2866
1322
2603
5085
6270
5998
4629
4075
5017
4003
-223
-1744
3113
5533
161
-6491
-6271
-1680
1839
1239
-4034
-8950
-7596
-1065
1769
-1385
-5874
-6624
-3305
1688
4157
2241
-734
-1014
1643
4757
6246
4595
1653
889
2888
4476
4165
2589
351
-1046
-368
712
-284
-2390
-3993
-5132
-5621
-4880
-4333
-4729
-5121
-5305
-5441
-3778
-715
247
-1430
-2363
-755
1938
3741
2836
260
-565
1854
4560
4871
2990
1378
1954
4518
6048
5106
3094
2654
3874
3462
128
-2168
871
3870
755
-5550
-6548
-1914
1923
878
-3800
-7165
-5868
-547
2556
-170
-5378
-5958
-1428
2946
3855
2291
-72
-1243
1125
5169
6164
3364
847
702
2104
3692
4079
2047
-707
-1594
-686
82
-365
-2007
-4253
-5580
-5472
-4600
-3723
-3397
-4403
-5861
-5485
-2664
259
815
-525
-1598
-463
2454
4553
3528
801
-87
1751
4183
4735
3082
1054
1097
3254
4890
4480
2596
1899
2172
879
-2005
-1689
2160
2246
-3180
-7259
-4791
51
2448
270
-4733
-7326
-3572
2801
3931
-601
-5044
-4649
-273
4573
5491
2007
-1577
-958
2779
5772
5510
2565
-293
-111
2539
3853
2278
-273
-1546
-1442
-677
-456
-1489
-3095
-4377
-5223
-5660
-4884
-3269
-2559
-3782
-5243
-4208
-761
1859
1532
-89
-389
1438
3931
4594
2671
701
1138
3032
3915
3171
1945
1324
1937
3112
3556
2626
2068
2054
-31
-3524
-3282
1246
2303
-2765
-7793
-6666
-1469
2616
1643
-3535
-6906
-4161
1930
4541
1900
-2584
-3811
-419
4421
5936
3642
734
-93
1526
4361
5709
3585
119
-894
813
2158
1727
37
-2036
-3097
-2364
-1299
-1609
-2727
-4313
-6193
-6704
-4827
-2816
-2876
-4222
-4955
-3508
-204
2370
2013
450
532
2600
4825
5370
3682
1676
1938
3996
4878
3707
2260
1769
2159
3133
3626
2526
1321
324
-1901
-4191
-2146
1460
-412
-6587
-8935
-4863
-58
1376
-1309
-5195
-6064
-1408
4050
4197
-300
-3144
-1040
3305
6069
5430
2703
602
1498
4182
5897
4709
1719
-532
-100
1490
1823
295
-1950
-3482
-3304
-1975
-1882
-3381
-5086
-6048
-6418
-5633
-4333
-4008
-4754
-4984
-3517
-1049
810
1286
1355
1816
2909
4294
5057
4382
3522
3954
4927
4665
3825
3542
3384
2891
2991
3143
2302
1520
451
-2408
-4816
-2436
714
-1728
-7577
-9206
-5484
-1127
46
-2828
-6510
-6049
-651
3859
3125
-680
-2387
49
4379
6897
6069
3662
2213
3040
5325
6823
5599
2512
403
750
1985
2029
469
-1870
-3686
-3948
-3080
-2760
-3722
-5645
-7528
-7887
-6133
-4267
-4311
-5646
-5920
-4048
-1295
413
815
1025
1682
2939
4391
5115
4693
4401
4940
5357
4990
4771
4959
4586
3665
3347
3334
3100
2278
-260
-3756
-4122
-784
-163
-4713
-9171
-8464
-4562
-1605
-2261
-5617
-7495
-4990
-171
2185
895
-1528
-1527
1421
5036
6622
5837
3975
3104
4534
6980
7562
5469
2812
1804
2424
2919
1866
-275
-1921
-2601
-3081
-3711
-4273
-5371
-6901
-7634
-6994
-6187
-5796
-5611
-5376
-4592
-3039
-1381
-404
335
1151
2151
3325
4213
4338
4398
4998
5612
5693
5825
5781
5279
4817
4806
4425
3902
2848
-217
-3371
-2650
360
-653
-5430
-8945
-8285
-5090
-1992
-2572
-6753
-9170
-6259
-1228
976
-59
-2157
-2636
-34
4407
6988
6147
3907
3008
4403
7098
8643
7141
3780
1844
2572
4018
3947
1983
-1001
-3132
-3200
-2233
-2681
-4989
-7521
-8486
-7592
-6115
-5531
-5975
-5983
-5193
-3831
-2102
-273
678
851
1121
1744
2874
4349
5269
4983
4548
4819
5556
6263
6516
5853
4705
4395
4071
1697
-1477
-1670
546
241
-3813
-7766
-7762
-4505
-1716
-2810
-6708
-8951
-6788
-2303
332
-820
-3782
-4487
-1196
3437
5690
4774
2725
1805
3429
6730
8546
6891
3651
2061
2827
4334
4617
2960
240
-1489
-1477
-848
-2004
-4749
-6620
-6061
-5117
-5639
-6663
-6427
-4822
-3467
-2911
-2729
-2045
-560
1243
1921
1458
1662
2964
4113
4726
5021
4924
4890
5406
5492
4950
4793
4086
1268
-1366
-527
1617
623
-3386
-6546
-6275
-3276
-1035
-2586
-6389
-7851
-5483
-1926
-316
-1415
-3594
-3730
-970
2333
3766
3361
2216
1552
2631
4968
6243
5210
3077
1891
2415
3564
3732
2456
591
-921
-1261
-1360
-2470
-3894
-4059
-3692
-4473
-5561
-5421
-3622
-2028
-1835
-2604
-2775
-1499
888
2528
1808
524
1275
3436
4935
5148
4450
3498
3544
4544
4988
4563
3090
537
-1878
-1091
1307
919
-3174
-6594
-6431
-3708
-1300
-1776
-4854
-7059
-5592
-2108
-13
-485
-2166
-2773
-865
2409
4311
3655
2193
1937
3267
4983
5645
4502
2621
1796
2263
2586
1865
606
-609
-1449
-2137
-3289
-4019
-3553
-2886
-3906
-5677
-6091
-4203
-1660
-945
-2053
-2771
-1590
786
2938
3294
2084
1384
2572
4644
5828
5536
4409
3695
3897
4663
5227
4250
1226
-1728
-1484
831
935
-2512
-6357
-7187
-4899
-2204
-2200
-4865
-7200
-6650
-3683
-955
-693
-2511
-3386
-1504
1643
3638
4006
3433
2700
3092
4693
5887
5341
4254
3401
2732
2272
2388
1955
458
-1304
-3001
-3894
-3503
-2717
-3946
-6212
-6965
-5356
-3272
-2557
-3085
-3480
-2309
-57
1860
2215
1581
1498
2718
4579
5636
5471
4697
4394
4917
5853
6332
5025
2036
-712
-748
1109
1474
-1548
-5557
-6727
-4509
-2041
-2387
-5001
-7228
-6815
-3955
-1347
-1664
-3634
-4077
-2193
371
2342
2804
1777
1052
2069
3780
4662
4658
3925
2619
1980
2595
3236
2740
1420
-582
-2361
-2041
-106
-64
-2961
-5340
-4789
-2559
-1228
-1743
-3350
-3981
-2418
28
1068
419
-157
578
2340
3823
4048
3585
3636
4336
4924
5191
4561
2440
374
518
2083
2034
-504
-3772
-5011
-3282
-827
-1051
-3782
-5790
-5256
-3123
-1180
-969
-2559
-3784
-2621
-206
1189
1148
664
368
683
1831
2857
2760
1812
1244
1120
1347
1376
585
-1370
-2762
-1834
-92
-79
-2173
-3566
-2729
-213
1339
464
-1410
-1565
391
2072
2057
928
381
1185
2804
3687
3133
2242
2221
2769
3062
3057
2434
548
-1264
-928
760
803
-1269
-3580
-4122
-2545
-395
-399
-2581
-4069
-3202
-1124
391
387
-1158
-2335
-1375
1004
2437
2136
864
-94
110
1528
2598
1943
208
-760
-622
-839
-1308
-1673
-1937
-2346
-2502
-2719
-2986
-2203
-1144
-823
-1481
-1605
-937
344
1384
1594
1261
1280
2393
3752
4343
4113
3779
3487
3493
4004
4195
3324
1664
-26
-980
-609
207
-542
-2943
-4821
-4461
-2785
-1714
-2171
-3370
-3882
-2744
-604
656
216
-494
-209
845
2064
3114
3238
2333
1493
1610
2202
2374
1669
173
-1553
-2391
-1842
-1269
-2192
-3834
-4494
-3799
-2849
-2476
-2857
-3081
-2525
-1334
-355
149
414
895
1731
2727
3538
3812
3891
4091
4389
4305
4070
3697
3284
2761
1881
455
-687
-765
-717
-1613
-3231
-4271
-4131
-3285
-2752
-2939
-3307
-3161
-2128
-693
249
368
326
774
1647
2676
3334
3296
2787
2653
2765
2683
2308
1480
18
-1087
-1044
-1151
-2291
-3545
-3959
-3712
-3366
-3389
-3903
-3958
-3233
-2220
-1500
-1022
-656
-4
1163
2408
3313
3933
4390
4677
4827
5040
4983
4391
3762
3224
1977
130
-789
-552
-506
-1640
-3637
-5285
-5239
-3827
-3048
-3749
-4758
-4790
-3565
-1591
-204
-143
-427
304
1870
3296
4086
4193
3749
3351
3640
4031
3506
2102
1054
494
-165
-884
-1627
-2604
-3643
-3979
-3892
-3637
-3446
-3446
-3544
-3006
-1799
-658
38
494
1100
2017
3132
4029
4508
4550
4484
4614
4927
5005
4366
2853
1077
83
121
95
-1125
-3281
-4817
-5052
-4506
-4008
-3984
-4681
-5315
-4703
-3120
-1803
-1109
-718
-570
-133
1321
2962
3660
3590
3431
3072
2852
3077
3210
2664
1573
384
-734
-1064
-677
-709
-2115
-3658
-3809
-2967
-2536
-2771
-3146
-3223
-2363
-691
441
430
615
1742
3082
3988
4605
4625
4481
4826
5666
5612
4190
2510
1841
2044
1519
68
-1918
-3214
-3435
-3303
-3659
-4302
-4599
-4879
-4445
-3548
-2941
-2811
-2430
-1682
-869
34
519
835
1113
1425
1534
1595
1674
1572
1451
965
327
90
471
545
-159
-1065
-1410
-973
-366
-385
-1115
-1686
-1280
-117
747
796
430
611
1429
2419
2857
2617
2170
2213
2831
3104
2240
546
-452
-34
788
440
-1087
-2322
-2299
-1515
-863
-792
-1240
-1727
-1583
-820
-198
12
29
112
111
316
728
1066
800
-9
-912
-1276
-997
-731
-1261
-2443
-3105
-2540
-1553
-1321
-1888
-2207
-1728
-783
-79
23
-200
-21
1007
2140
2565
2476
2666
3156
3607
3839
3794
3448
3012
2823
2725
2403
1399
-255
-1721
-1981
-1406
-1434
-2533
-3840
-4064
-3160
-1992
-1552
-1716
-1888
-1469
-449
704
1264
1142
988
1304
1840
2165
2051
1412
443
-203
-237
-161
-655
-1725
-2718
-2815
-2051
-1501
-1978
-2548
-2148
-1122
-339
-36
-232
-522
-4
1233
2057
2037
1830
1897
2319
2968
3311
2935
2330
2034
1937
1773
1687
1115
-554
-2167
-2278
-1369
-1089
-1695
-2823
-3485
-2730
-997
-181
-492
-771
-397
440
1588
2265
2102
1670
1767
2048
2065
1614
794
-234
-1081
-1417
-1623
-2343
-3342
-3739
-3487
-3160
-2984
-3023
-3168
-2664
-1352
-387
-366
-279
392
1244
2043
2844
3274
3396
3696
4062
4200
4316
4460
4190
3475
2755
2255
2028
1645
235
-1910
-3361
-3201
-2661
-2964
-4352
-5434
-5194
-3736
-2385
-1918
-2179
-2322
-1496
188
1592
1979
1880
1968
2360
2889
3263
3047
2257
1359
771
427
150
-278
-959
-1808
-2379
-2451
-2327
-2341
-2455
-2537
-2596
-2460
-1983
-1514
-1365
-1158
-611
158
946
1736
2235
2557
3039
3723
4195
4278
4163
4008
3888
3276
2068
1047
1093
1544
1114
-308
-1751
-2085
-1456
-799
-1117
-2058
-2850
-2899
-2440
-1925
-1767
-1986
-2365
-2381
-1826
-1174
-1066
-1364
-1559
-1443
-995
-395
-86
-210
-131
487
1163
1317
1114
906
968
1201
1299
913
291
-110
-57
164
249
24
-419
-662
-311
341
724
673
481
467
881
1628
2139
1837
925
395
727
1499
1903
1405
322
-188
483
1484
1782
1155
236
-247
18
272
-69
-833
-1464
-1876
-1984
-1955
-2084
-2434
-2749
-2810
-2621
-2224
-1940
-1935
-1975
-1709
-1185
-685
-373
-253
-124
188
591
889
1066
1202
1244
1226
1227
1269
1275
1361
1394
1244
1033
1119
1344
1527
1676
1757
1373
609
188
382
887
1085
661
-194
-480
177
949
1134
754
206
-104
128
437
149
-537
-1210
-1727
-2047
-1987
-1926
-2297
-2810
-3034
-2781
-2205
-1548
-1306
-1344
-1145
-613
4
569
900
848
782
1082
1441
1586
1622
1544
1185
954
1011
869
425
117
49
-184
-386
-482
-519
-426
103
528
82
-688
-775
3
906
1373
1141
691
853
1765
2792
3298
3098
2468
2032
2070
2186
1844
857
-486
-1551
-1955
-2178
-2822
-3805
-4665
-5112
-4975
-4540
-4310
-4307
-4037
-3336
-2493
-1644
-914
-362
170
1024
1895
2546
3027
3488
3744
3945
4122
4070
3750
3497
3182
2525
1810
1314
851
246
-316
-734
-1301
-2098
-2747
-2995
-2833
-2515
-2247
-2291
-2266
-1695
-705
227
947
1497
1845
2132
2589
3087
3329
3130
2715
2245
1898
1622
1173
236
-908
-1707
-2040
-2289
-2781
-3515
-4117
-4238
-3920
-3684
-3770
-3934
-3744
-3164
-2481
-1939
-1521
-971
-164
818
1672
2271
2702
3224
3853
4302
4378
4244
4207
4264
4270
3969
3273
2337
1620
1216
880
343
-364
-1097
-1702
-2042
-2166
-2175
-2207
-2244
-2194
-2116
-2056
-2003
-1656
-1176
-795
-711
-644
-420
-73
276
560
733
777
847
920
829
655
597
530
201
-262
-646
-957
-1138
-1179
-1379
-1876
-2222
-2020
-1657
-1522
-1637
-1678
-1367
-587
152
328
272
667
1542
2331
2753
2724
2396
2281
2658
3120
3210
2901
2359
1794
1607
1823
1893
1428
667
152
-67
-201
-563
-1109
-1633
-1877
-1992
-2262
-2636
-2792
-2692
-2536
-2430
-2314
-2195
-1944
-1573
-1226
-1010
-802
-602
-451
-269
-72
147
394
646
634
509
642
1008
1265
1192
864
555
716
1170
1319
932
560
527
847
1263
1348
753
28
64
567
748
356
-154
-407
-155
281
452
370
384
520
546
380
161
163
267
131
-333
-668
-692
-418
-224
-353
-748
-881
-610
-318
-343
-630
-906
-1003
-913
-937
-1180
-1423
-1419
-1253
-1131
-1183
-1306
-1198
-844
-536
-495
-435
-157
289
694
984
1154
1383
1785
2171
2355
2388
2373
2301
2276
2267
1844
1053
467
419
685
848
578
0
-325
-211
-109
-314
-767
-1289
-1801
-2028
-2086
-2141
-2217
-2106
-1900
-1643
-1332
-963
-639
-277
85
262
311
522
758
714
510
469
552
561
507
358
136
3
91
68
-158
-375
-373
-348
-292
-135
27
121
191
259
325
531
742
758
608
587
692
820
912
967
998
1083
1204
1206
1090
1005
961
765
365
-36
-288
-453
-657
-932
-1222
-1445
-1555
-1600
-1589
-1612
-1717
-1805
-1764
-1591
-1355
-1173
-1151
-1106
-886
-525
-207
1
95
207
489
855
1020
1024
1062
1127
1186
1254
1236
1065
994
1106
1169
970
712
588
594
640
684
570
227
-45
3
195
285
240
77
-178
-230
-11
201
128
-101
-328
-472
-423
-314
-389
-621
-807
-937
-940
-734
-592
-701
-892
-985
-968
-810
-598
-594
-725
-750
-583
-419
-338
-343
-403
-276
19
207
175
127
151
251
421
501
451
450
577
762
933
1028
992
941
1039
1188
1252
1145
927
725
728
878
975
910
702
507
438
495
473
340
85
-192
-411
-495
-569
-771
-1069
-1389
-1529
-1423
-1232
-1264
-1505
-1698
-1655
-1443
-1189
-992
-919
-895
-759
-443
-64
195
254
196
234
491
814
891
670
450
497
731
900
799
500
295
349
484
444
202
-15
13
273
452
344
128
52
250
570
766
681
580
685
930
1117
1141
966
762
729
747
558
197
-96
-367
-646
-861
-1031
-1307
-1529
-1604
-1684
-1821
-1853
-1845
-1832
-1632
-1233
-974
-913
-781
-502
-165
184
450
549
631
817
1010
1127
1223
1270
1191
1072
1037
1020
940
721
404
112
15
33
-22
-182
-370
-484
-435
-199
18
28
-61
-5
224
526
787
855
690
590
752
966
947
665
243
-77
-94
13
-147
-617
-1041
-1194
-1173
-1183
-1379
-1655
-1749
-1559
-1347
-1277
-1253
-1118
-868
-562
-260
-43
153
363
574
760
1011
1266
1306
1195
1178
1281
1313
1242
1093
872
628
492
398
178
-112
-318
-399
-400
-329
-315
-394
-329
-30
215
250
282
411
556
624
588
443
349
364
386
258
8
-234
-328
-350
-531
-828
-1048
-1137
-1220
-1273
-1307
-1327
-1307
-1240
-1198
-1082
-806
-528
-458
-479
-356
-42
361
660
683
542
600
913
1221
1328
1209
964
805
852
903
797
594
344
72
-5
191
362
279
118
66
100
216
394
418
236
127
159
168
162
242
264
154
86
124
94
8
-87
-283
-581
-723
-699
-780
-1018
-1195
-1245
-1247
-1194
-1121
-1103
-1029
-797
-598
-553
-508
-352
-137
130
358
425
381
440
625
793
868
857
738
567
530
620
673
590
451
373
427
496
475
383
271
173
149
210
246
208
128
31
-18
62
233
329
266
137
97
156
242
222
69
-149
-259
-239
-259
-408
-582
-680
-756
-818
-817
-812
-855
-882
-870
-889
-845
-689
-587
-582
-518
-377
-268
-96
116
216
222
341
530
640
689
732
738
735
749
742
731
770
785
691
576
511
484
450
387
268
135
57
19
2
-1
-20
-82
-148
-190
-234
-259
-285
-352
-442
-441
-388
-380
-413
-409
-399
-394
-326
-247
-266
-311
-234
-158
-155
-157
-146
-184
-153
-44
-22
-80
-71
-39
-86
-98
-23
14
-5
-4
-41
-41
91
210
123
16
46
111
165
277
337
293
318
444
530
563
638
669
653
661
691
644
588
554
475
384
320
217
33
-134
-251
-360
-500
-642
-791
-957
-1071
-1127
-1164
-1203
-1203
-1181
-1104
-956
-798
-692
-566
-352
-95
152
332
474
636
819
963
1060
1139
1188
1169
1096
968
850
811
738
467
121
-110
-223
-319
-461
-698
-931
-967
-861
-837
-897
-854
-692
-504
-321
-129
82
330
571
724
835
974
1122
1183
1138
1036
927
808
662
476
216
-89
-338
-550
-817
-1095
-1284
-1408
-1555
-1660
-1666
-1611
-1512
-1333
-1105
-864
-595
-311
-41
264
588
871
1115
1363
1579
1738
1882
1958
1909
1788
1678
1523
1304
1076
806
466
114
-206
-503
-721
-876
-1076
-1306
-1429
-1427
-1383
-1348
-1301
-1227
-1131
-955
-673
-402
-250
-143
33
262
521
754
814
687
610
662
693
577
338
-2
-296
-364
-293
-345
-611
-887
-1023
-941
-743
-659
-768
-872
-780
-515
-210
37
226
420
664
942
1188
1400
1514
1526
1488
1508
1539
1506
1352
1070
785
632
585
430
109
-236
-446
-568
-652
-719
-858
-1048
-1148
-1132
-1131
-1099
-957
-862
-851
-742
-546
-477
-466
-334
-176
-123
-111
-107
-125
-77
60
119
47
-14
-34
-44
-33
-17
-114
-207
-178
-121
-125
-71
58
168
281
411
480
528
676
838
881
824
771
755
819
881
774
545
418
446
465
358
153
-44
-132
-153
-185
-293
-442
-548
-559
-562
-604
-608
-545
-488
-493
-484
-417
-284
-143
-73
-92
-90
7
167
248
203
88
22
1
-11
-62
-163
-298
-412
-459
-473
-473
-499
-511
-493
-418
-308
-210
-175
-120
31
216
388
572
723
782
825
930
1044
1073
995
831
685
630
595
430
179
-15
-159
-283
-404
-533
-686
-805
-881
-931
-935
-912
-891
-870
-793
-683
-557
-401
-227
-69
125
351
516
569
622
722
855
977
1005
897
739
655
591
456
262
82
-55
-141
-223
-386
-588
-686
-639
-566
-586
-681
-745
-654
-437
-231
-121
-69
-8
126
339
515
569
535
521
547
590
601
534
418
332
261
133
-24
-151
-255
-375
-496
-643
-791
-848
-782
-743
-811
-869
-824
-683
-492
-347
-313
-286
-127
128
327
451
517
543
629
804
935
945
942
952
896
809
769
731
640
540
409
246
130
83
-5
-139
-223
-299
-378
-398
-368
-381
-411
-397
-371
-353
-283
-205
-221
-272
-234
-159
-131
-124
-113
-111
-73
2
9
-69
-124
-115
-128
-182
-256
-312
-314
-289
-321
-404
-436
-410
-405
-409
-398
-370
-353
-332
-300
-227
-92
47
121
146
220
369
579
754
816
784
783
864
994
1045
972
820
697
663
661
597
430
242
62
-54
-126
-193
-321
-496
-663
-766
-785
-775
-796
-866
-896
-804
-635
-526
-462
-377
-249
-110
34
159
226
281
364
448
496
511
486
423
374
320
193
10
-117
-168
-217
-290
-411
-553
-627
-525
-364
-302
-341
-355
-241
-36
163
288
328
332
406
567
690
702
661
600
523
502
531
461
274
126
36
-88
-227
-320
-433
-559
-604
-597
-636
-665
-617
-559
-523
-455
-343
-252
-173
-88
1
116
286
422
448
439
520
645
695
633
535
461
427
419
347
179
12
-55
-75
-110
-167
-280
-387
-389
-326
-317
-343
-329
-300
-258
-184
-108
-95
-62
19
83
88
93
100
108
126
112
62
40
33
-20
-85
-114
-110
-110
-112
-182
-262
-255
-152
-103
-122
-160
-168
-118
-17
73
46
-21
-52
1
65
97
57
-24
-51
27
150
194
175
144
148
212
299
330
310
301
301
315
356
390
370
331
265
185
128
108
45
-78
-215
-325
-368
-346
-347
-448
-563
-567
-439
-313
-284
-338
-355
-251
-59
93
119
79
101
190
270
312
308
265
201
155
112
55
-28
-120
-206
-284
-343
-377
-413
-446
-464
-459
-439
-374
-260
-136
-42
35
131
248
365
464
530
585
661
728
730
701
683
671
654
588
437
245
144
103
9
-157
-315
-415
-423
-392
-422
-499
-520
-438
-318
-224
-195
-182
-122
-2
106
158
161
131
101
125
166
138
40
-76
-155
-197
-214
-260
-363
-487
-559
-537
-469
-455
-506
-525
-451
-311
-178
-90
-39
43
179
316
415
500
565
602
636
665
653
633
606
500
328
180
129
114
58
-76
-236
-293
-227
-148
-139
-180
-218
-200
-104
30
112
112
81
84
147
230
258
197
73
-24
-56
-76
-156
-273
-385
-472
-512
-510
-520
-540
-531
-492
-440
-354
-247
-158
-74
19
124
222
329
422
488
510
517
522
510
462
383
313
246
181
93
-15
-110
-149
-140
-159
-225
-274
-260
-191
-126
-100
-106
-88
-13
101
207
231
211
233
297
321
286
232
162
110
71
21
-72
-164
-233
-294
-330
-333
-345
-387
-426
-420
-349
-256
-174
-147
-130
-55
57
126
169
239
290
301
308
315
301
292
289
226
126
77
58
1
-70
-127
-179
-211
-210
-201
-179
-150
-101
-69
-44
38
164
257
280
288
305
369
443
437
332
219
147
104
76
1
-162
-344
-436
-453
-467
-519
-615
-691
-658
-509
-393
-380
-411
-358
-211
-20
126
172
172
235
393
524
578
548
490
463
486
478
397
273
142
37
-34
-109
-227
-353
-427
-463
-495
-521
-514
-468
-396
-294
-185
-78
25
126
211
291
359
407
433
436
415
386
356
311
235
125
34
-4
-44
-139
-263
-343
-348
-303
-274
-305
-362
-344
-229
-109
-47
-30
-15
47
161
276
345
383
422
450
475
490
475
426
374
327
250
149
72
27
-9
-57
-155
-263
-313
-311
-334
-380
-421
-447
-446
-409
-368
-355
-343
-323
-289
-256
-221
-204
-189
-150
-110
-91
-73
-35
20
68
95
93
91
118
158
187
196
183
168
208
279
310
292
260
255
268
287
297
257
190
147
145
150
164
146
70
0
3
51
63
38
-7
-35
-32
15
36
7
-33
-39
-30
-21
-19
-52
-108
-147
-155
-157
-188
-261
-332
-354
-336
-302
-268
-271
-298
-274
-170
-93
-85
-93
-97
-74
-10
56
58
24
30
72
108
122
126
105
51
0
-16
-11
-10
-17
-52
-106
-93
-3
79
96
83
91
150
264
347
338
315
357
406
405
393
367
323
283
241
169
88
45
-17
-134
-237
-292
-336
-358
-379
-428
-475
-448
-374
-328
-299
-277
-233
-159
-62
-5
13
19
39
72
112
144
134
86
60
77
92
75
35
-17
-42
-46
-39
-19
-13
-24
-42
-18
45
99
112
96
110
177
262
313
305
265
239
271
307
284
196
117
91
102
96
18
-86
-161
-164
-145
-151
-210
-261
-269
-233
-187
-152
-147
-163
-141
-83
-31
-33
-51
-74
-91
-99
-105
-140
-193
-222
-217
-218
-232
-230
-213
-185
-142
-82
-39
2
53
118
177
260
358
424
439
450
497
546
547
502
436
364
317
279
218
116
11
-57
-108
-181
-273
-370
-472
-528
-537
-549
-578
-581
-537
-478
-395
-314
-254
-200
-89
37
119
169
216
273
321
364
367
321
252
217
190
137
48
-52
-125
-169
-186
-207
-229
-237
-204
-143
-85
-21
47
110
171
254
337
393
437
478
502
517
523
498
445
401
340
242
150
63
-51
-170
-266
-359
-452
-532
-587
-647
-702
-722
-708
-669
-617
-561
-517
-438
-303
-164
-59
16
85
177
306
406
429
421
423
436
437
417
348
270
232
210
176
123
88
79
86
77
72
71
65
71
86
83
72
78
82
85
90
92
73
75
92
91
51
-11
-65
-90
-91
-129
-209
-284
-317
-331
-339
-354
-380
-388
-354
-290
-237
-202
-158
-93
-21
46
92
118
131
143
178
208
196
166
137
109
95
85
68
46
7
-44
-69
-44
2
16
-4
-25
-23
31
111
143
109
79
87
128
170
161
98
59
61
64
36
-12
-60
-108
-142
-174
-205
-241
-273
-299
-313
-312
-296
-274
-266
-241
-205
-149
-82
-12
65
128
187
243
319
369
394
415
419
419
419
436
430
392
339
288
232
172
101
6
-90
-167
-211
-255
-298
-330
-333
-318
-286
-240
-193
-146
-87
-29
6
49
112
173
209
225
215
196
199
195
138
48
-29
-88
-137
-190
-256
-331
-387
-426
-469
-506
-519
-516
-503
-479
-440
-386
-305
-212
-133
-66
19
127
225
308
360
394
451
514
545
526
487
461
448
415
353
263
195
154
126
68
-4
-50
-58
-52
-65
-81
-105
-111
-92
-57
-40
-20
-19
-20
4
54
88
99
94
90
110
121
98
39
-19
-66
-94
-116
-161
-226
-287
-321
-331
-336
-361
-398
-419
-419
-393
-341
-307
-301
-282
-215
-123
-54
-20
-1
47
117
192
248
277
296
339
411
459
479
477
491
498
496
486
453
399
350
313
252
184
118
36
-56
-119
-177
-253
-336
-407
-450
-473
-482
-486
-487
-471
-423
-356
-290
-234
-180
-126
-48
40
98
144
165
187
238
291
297
264
235
226
217
183
131
76
27
-6
-49
-99
-166
-223
-266
-297
-307
-300
-277
-254
-213
-153
-78
1
82
149
199
254
312
353
374
377
353
322
310
309
272
193
124
83
40
-8
-57
-121
-176
-194
-191
-195
-210
-203
-189
-167
-126
-93
-73
-70
-58
-24
18
49
43
27
19
44
65
59
40
16
6
-4
-7
-32
-69
-104
-120
-119
-125
-129
-115
-92
-72
-47
-8
27
45
48
55
68
85
92
70
49
45
52
49
28
-1
-27
-34
-28
-27
-63
-95
-86
-58
-33
-29
-33
-23
8
22
19
14
23
49
71
84
98
111
116
111
103
84
56
32
3
-36
-72
-84
-101
-123
-137
-141
-138
-120
-99
-84
-67
-36
2
34
53
78
113
132
142
143
135
138
138
127
112
83
41
21
-3
-42
-86
-123
-142
-145
-163
-196
-206
-190
-170
-163
-152
-148
-132
-94
-57
-31
3
42
77
120
166
189
198
217
229
229
214
184
160
150
129
91
48
19
-1
-22
-43
-67
-78
-82
-84
-86
-84
-74
-54
-36
-20
-3
11
23
38
58
66
60
51
50
55
56
45
29
14
13
3
-15
-29
-47
-67
-88
-103
-122
-144
-171
-175
-164
-152
-152
-160
-153
-119
-80
-64
-42
-5
36
60
79
101
124
131
128
115
109
105
97
91
79
62
65
72
45
4
-12
-13
-18
-29
-46
-57
-56
-32
-24
-21
-4
19
36
58
62
65
73
86
84
71
72
62
39
10
2
-20
-41
-72
-102
-132
-139
-128
-131
-133
-132
-134
-129
-104
-80
-65
-53
-31
-12
5
22
45
68
93
116
119
114
115
121
116
96
67
43
18
5
-4
-27
-65
-98
-97
-101
-113
-120
-107
-77
-47
-17
12
41
58
75
89
107
114
108
100
108
123
115
79
38
20
29
35
-9
-64
-97
-106
-101
-95
-123
-160
-169
-150
-133
-127
-112
-96
-62
-21
16
43
68
84
101
123
141
159
169
168
157
148
134
110
74
38
9
4
-11
-28
-33
-35
-38
-35
-24
-26
-28
-38
-63
-69
-49
-23
-10
0
24
58
94
103
91
76
68
66
54
4
-39
-72
-87
-96
-133
-172
-184
-183
-195
-205
-200
-188
-168
-148
-132
-101
-44
8
50
86
112
149
198
217
203
181
185
195
188
148
101
67
50
30
-2
-36
-66
-77
-80
-73
-89
-93
-87
-81
-78
-69
-54
-23
12
37
61
82
111
143
161
153
149
148
140
114
82
51
4
-52
-89
-114
-154
-194
-229
-255
-258
-254
-261
-269
-237
-196
-164
-125
-67
-16
13
42
69
102
135
153
146
156
173
180
173
148
119
103
93
75
61
49
24
8
-6
-12
-19
-30
-45
-56
-68
-70
-63
-65
-72
-66
-48
-48
-40
-11
20
37
62
86
97
106
117
128
128
111
94
86
107
134
136
89
56
77
90
61
6
-33
-60
-51
-48
-83
-120
-142
-140
-148
-172
-201
-208
-189
-172
-152
-126
-100
-63
-44
-45
-36
11
42
59
66
74
105
143
160
138
110
100
104
91
60
35
6
5
17
7
-26
-55
-76
-103
-103
-98
-102
-111
-117
-119
-70
-5
5
-14
-5
29
64
105
121
112
111
130
126
111
87
66
50
37
13
-14
-39
-71
-87
-110
-117
-137
-160
-165
-148
-129
-114
-110
-97
-59
-28
-11
-5
11
41
78
84
86
112
123
114
122
141
124
99
86
72
57
75
79
42
15
7
-2
-28
-49
-80
-87
-78
-75
-95
-103
-73
-31
-19
-26
-6
16
24
23
15
-5
0
20
27
32
40
42
41
48
46
29
16
14
10
-7
-29
-40
-28
-17
-4
1
-3
6
22
23
18
7
0
9
15
2
-25
-29
-8
-4
-9
-7
4
13
32
35
11
11
22
8
-2
-8
-29
-41
-37
-29
-17
-25
-39
-25
-22
-38
-57
-57
-40
-16
-4
-5
-3
2
19
20
6
-15
-27
-31
-41
-50
-40
-18
-5
19
47
57
69
90
89
80
90
81
76
91
97
61
35
45
28
-18
-56
-81
-105
-112
-131
-153
-137
-117
-122
-113
-112
-112
-87
-47
-51
-59
-8
62
80
74
108
164
182
169
148
139
153
161
123
62
35
20
-9
-60
-94
-131
-136
-132
-151
-188
-177
-143
-141
-134
-110
-86
-40
21
35
37
68
100
119
141
141
148
169
193
184
158
142
121
82
46
15
-11
-23
-42
-83
-107
-93
-113
-130
-115
-90
-98
-92
-68
-55
-30
-9
-1
7
59
67
65
72
54
28
27
34
11
-26
-61
-71
-52
-40
-68
-87
-71
-49
-44
-25
1
28
48
57
67
88
98
95
86
74
71