0
-1
-1
0
2
0
2
-1
-1
2
-1
-4
0
-1
-2
0
-1
-1
-1
0
1
1
-1
0
1
0
2
0
0
2
0
-1
-1
0
1
-2
-2
-1
-3
-3
0
-2
-2
-1
-1
0
-2
-1
-1
0
-1
-2
-2
0
-2
-2
-1
0
0
-2
2
1
0
1
2
1
1
0
0
1
-1
1
-2
0
-1
2
-1
-2
0
2
-1
0
3
0
0
0
0
1
-1
-1
0
0
-1
0
-1
0
0
-2
-3
-1
0
-2
-2
-1
-1
-3
0
1
-2
-2
-1
-1
0
1
-1
-2
2
1
1
2
1
5
4
1
4
5
3
3
3
2
2
2
2
-1
1
3
0
-1
0
2
-2
1
0
1
-2
0
0
0
-2
-2
0
0
0
-2
2
0
0
0
-2
-2
1
-1
-2
1
-1
0
-1
1
-2
-1
0
0
1
0
0
1
1
0
2
1
1
1
2
0
2
1
-1
1
-1
0
-1
3
-1
1
1
1
1
0
1
1
3
1
3
0
2
-1
1
0
-2
0
1
0
-2
0
-1
0
-2
1
0
-1
-2
1
-2
-4
-2
-2
-1
-5
-2
-3
3
0
3
3
3
4
0
1
-4
-3
-3
-3
-6
-7
-6
-3
-2
-2
-1
1
5
5
7
8
9
9
12
8
7
1
3
3
-3
-6
-6
-5
-8
-9
-7
-7
-5
0
0
3
6
6
6
8
9
2
2
-1
-4
-7
-6
-9
-6
-4
-4
0
3
3
1
0
2
-1
-6
-8
-7
-6
-6
-3
-6
-1
-3
-3
1
-2
-4
0
2
0
4
6
8
12
10
8
6
6
2
2
-2
-1
0
-1
4
2
5
4
6
5
7
5
6
2
-2
0
-1
-9
-12
-9
-12
-12
-15
-7
-7
-6
-5
1
1
2
4
0
0
1
6
0
-2
1
3
2
5
2
-2
2
7
7
6
7
9
14
14
10
10
5
2
1
-3
-8
-11
-9
-7
-8
-8
-3
1
-1
0
3
4
1
0
3
0
1
-3
0
-5
-8
-10
-6
-10
-14
-10
-8
-6
-5
3
7
10
15
19
17
12
10
9
1
-4
-7
-8
-7
-6
-3
6
11
10
20
22
18
19
21
18
16
16
16
16
18
16
18
19
20
20
16
23
28
27
27
28
33
33
32
27
25
23
20
17
3
2
-7
-7
-11
-25
-32
-30
-30
-43
-45
-41
-32
-27
-35
-23
-4
6
-6
9
20
17
6
-5
-16
-34
-46
-69
-81
-97
-99
-108
-106
-92
-74
-58
-25
-7
-1
21
40
21
-6
-14
-29
-53
-64
-59
-57
-23
15
56
91
138
158
149
139
124
94
48
15
-14
-38
-47
-34
-22
-19
9
42
43
21
24
14
12
-20
-50
-62
-50
-42
-44
-13
21
32
49
101
119
107
105
150
136
104
65
50
25
-11
-50
-107
-141
-164
-169
-203
-224
-239
-215
-184
-176
-156
-150
-99
-57
-18
17
55
84
111
144
165
176
157
148
161
177
143
132
152
165
163
152
149
151
136
117
74
32
20
17
19
23
48
73
136
195
217
228
229
239
214
190
123
19
-102
-173
-214
-292
-416
-519
-562
-587
-616
-653
-698
-720
-649
-555
-462
-387
-254
-105
54
194
314
385
412
487
511
506
468
429
378
358
340
273
212
143
116
102
67
5
-38
-3
-27
-38
-35
1
-20
-28
23
38
5
-39
-10
-23
-78
-132
-142
-180
-199
-199
-190
-238
-254
-218
-195
-209
-237
-234
-218
-154
-110
-65
-15
82
236
363
423
445
525
572
546
456
376
319
216
103
-12
-56
-113
-163
-171
-154
-118
-74
-36
-45
-36
-34
-92
-143
-147
-173
-254
-263
-202
-160
-183
-175
-116
-53
-38
-25
2
13
15
18
21
25
26
-6
-15
-18
-66
-146
-161
-172
-199
-216
-205
-178
-116
-92
-87
-45
62
109
122
175
229
269
293
358
358
309
241
238
205
79
-12
-77
-137
-135
-79
-28
-18
77
153
232
283
281
237
173
188
146
119
61
45
65
88
72
21
-11
-73
-88
-93
-86
-127
-75
30
126
230
361
439
445
484
474
473
369
229
102
82
35
-84
-100
-137
-195
-247
-239
-292
-329
-328
-417
-540
-616
-749
-1108
-1579
-2095
-2531
-2919
-3249
-3654
-3880
-3663
-3184
-2553
-2025
-951
170
1477
2404
3629
4528
5119
5512
5920
6156
5660
5429
4998
4779
3911
3488
2880
2329
1561
1119
765
51
-538
-1103
-1441
-2196
-2674
-3326
-3802
-4493
-4979
-5398
-5625
-5969
-6087
-5887
-5420
-5044
-4437
-3635
-3191
-2842
-2477
-1438
-1529
-1659
-2121
-1173
-1404
-1491
-1408
-152
600
1341
3340
5170
6962
7744
10135
11349
12454
11596
11541
10855
9815
7496
5180
3711
1561
-188
-1873
-2091
-3556
-4013
-4131
-3379
-3950
-4340
-4340
-4492
-5218
-6317
-6717
-7750
-8494
-9156
-8675
-8438
-7705
-6649
-4768
-2734
-705
1502
3695
5724
6935
8221
8818
8627
7339
6628
5122
2263
-611
-1914
-3519
-6891
-8697
-8607
-8130
-9225
-8069
-5472
-2918
-1474
1527
5376
7524
8650
10279
12748
12472
10884
9616
9450
7501
4523
2634
1886
676
-1015
-888
-224
-481
-980
286
1053
-76
-1282
-1522
-2489
-4998
-7196
-8540
-9911
-11775
-12699
-12079
-11271
-10682
-8769
-5475
-2699
-534
2628
5701
7353
7991
9018
9179
7879
5985
3926
1549
-1158
-2916
-5380
-7498
-8814
-8213
-8043
-7304
-5440
-2661
151
2748
6273
8824
11006
11814
13396
13892
13593
11471
9859
8551
6931
4494
2158
1228
31
-857
-1540
-912
-1787
-2181
-2207
-1698
-2903
-4170
-5246
-6636
-8211
-9951
-10846
-12150
-12597
-12875
-11215
-9682
-8018
-6135
-2869
103
2417
4850
6740
7789
7932
8438
7871
6453
3901
1429
-699
-1905
-4151
-7064
-8432
-7615
-6974
-6872
-5044
-2528
-264
2258
6406
8833
9700
10833
13272
13870
13254
12522
11206
9386
8256
7745
4820
2385
918
734
-993
-1567
-2603
-3370
-3729
-3338
-3450
-4617
-5160
-6714
-7398
-8473
-9115
-11399
-12065
-11813
-11061
-10289
-8672
-6537
-4946
-1963
949
3716
4603
6030
6679
7553
6931
5466
2598
432
-1037
-3082
-5832
-8275
-8671
-8868
-7672
-6808
-4491
-2619
1171
4416
8254
10202
11992
13694
15760
16306
15612
15896
14668
13009
11147
11816
8524
5259
2858
3060
-155
-2841
-3947
-5136
-7083
-8574
-7286
-8809
-9598
-11407
-10302
-11275
-11389
-12831
-12956
-12561
-12096
-10798
-9655
-7098
-6377
-3186
-290
3015
3429
5300
7080
7749
6574
5503
4798
2099
-544
-2637
-3262
-5667
-7128
-7138
-5219
-4562
-3250
-404
3050
4863
6789
10164
12334
12748
13346
15411
15887
15909
15371
14787
13023
13088
11538
8349
4918
3441
707
-3146
-4917
-7329
-9751
-11972
-10504
-11690
-12495
-13195
-11967
-12365
-12209
-11748
-12474
-12300
-11758
-9721
-9563
-7472
-6215
-3735
-1593
1590
3068
3627
4530
5277
5646
4129
2496
332
-329
-1872
-3046
-4176
-3765
-3542
-2139
72
2209
3506
5305
8175
10102
11438
12289
13782
14972
16354
17463
17986
16827
15401
15416
15147
10773
5802
3616
2260
-3570
-7710
-8735
-10206
-14212
-14592
-11858
-12762
-14524
-14442
-11675
-12886
-13480
-13879
-12840
-13353
-12793
-10885
-9205
-7527
-6755
-3169
-261
1812
990
2855
4736
4477
2345
1951
2097
-318
-1611
-1431
-922
-2638
-1753
576
2410
2751
4530
7297
8785
10267
11992
14735
15661
17434
18995
21663
22485
21571
19761
18949
18948
13507
7370
2703
1008
-6799
-12605
-14358
-15924
-20786
-21477
-16508
-16829
-17781
-16408
-11820
-13401
-13397
-12601
-12326
-13818
-13484
-11102
-10719
-8793
-7893
-3918
-1266
2119
2302
4567
6709
6840
5996
5648
5715
2098
1711
1246
837
-2315
-1367
-211
118
180
1594
3842
4370
7076
9072
12631
14188
17416
20109
23606
25837
25238
24203
22473
22628
16868
10354
3908
1043
-6351
-13465
-15851
-18079
-21764
-23811
-18221
-17637
-17612
-16780
-12140
-12535
-13081
-12423
-13246
-14377
-15187
-12925
-13168
-11128
-10329
-6863
-3636
216
1426
3109
6163
7110
6944
6532
6940
4093
2768
2607
2046
-682
-1124
36
280
338
1615
3584
4999
7261
10429
13653
16669
19218
22629
25133
27877
28026
26355
23067
21624
19135
11016
3389
-1591
-4924
-14290
-17985
-19410
-21031
-25348
-22116
-17256
-17842
-17619
-15034
-11323
-13751
-12527
-13387
-13510
-15405
-13778
-12602
-11655
-9566
-8212
-4132
-1286
2567
2682
5596
6885
7740
7197
7492
6176
3167
3141
2644
1181
-1609
-643
-607
-729
-189
1735
3083
4794
8738
12236
15685
18518
22445
25286
28081
29697
28107
24970
22369
21105
13755
5368
-686
-3805
-11698
-18213
-19203
-20830
-24080
-24272
-18029
-17536
-17268
-15596
-11330
-12390
-13159
-12819
-13897
-15021
-16051
-14113
-14081
-11504
-10493
-6391
-2902
647
2331
5453
8413
7800
7802
8447
8193
3922
2938
3006
1517
-1414
-1095
-103
-702
-479
1374
3419
4719
7145
10856
14560
17529
20206
24019
26978
28335
28924
27993
24406
20014
18546
12467
3131
-4121
-5611
-12126
-19438
-20688
-20193
-23117
-24442
-17870
-16518
-17379
-17399
-12625
-13586
-14902
-15295
-15618
-16297
-16631
-14282
-13820
-10559
-9179
-5421
-2288
2290
3444
5250
7955
8911
8268
8011
8473
5470
3990
3847
3532
609
373
935
1054
796
2261
3635
5341
8135
11399
14412
17643
20749
23466
26120
28471
27818
24747
22095
20643
16325
7283
777
-3007
-7576
-16436
-18542
-19009
-21303
-24609
-19783
-15896
-17724
-17431
-13888
-12030
-15872
-14940
-15595
-16416
-18825
-16463
-15646
-14418
-12216
-9140
-4737
-1679
1753
3378
8290
9233
9208
9105
11502
8742
5730
5922
5896
2318
321
2138
1392
87
686
3618
4165
5990
8931
12952
15608
18262
21237
24601
26794
27306
26368
24169
21017
18507
13545
5778
-942
-4244
-9668
-16610
-18377
-19114
-21639
-22887
-17503
-16290
-17022
-15856
-12440
-13511
-15186
-14684
-16597
-17917
-18592
-16634
-17571
-14783
-12742
-9276
-5899
-1621
763
2862
7634
8273
8479
8095
10391
7054
6048
5784
5449
2510
2334
3931
2855
2915
3475
6024
6283
9005
10866
14043
16458
19198
21793
24037
26231
26279
25445
22181
19734
17209
11637
3575
-2142
-4856
-11659
-17622
-19062
-19434
-23154
-23021
-17866
-17140
-18167
-16569
-12948
-14633
-15360
-15130
-15964
-17620
-17218
-15639
-15585
-13240
-11395
-7906
-4671
-698
605
3717
7447
8443
8098
9353
10658
8000
7411
7650
6741
3652
4099
4454
3516
2594
3791
5014
6004
7931
10232
13187
15593
18105
20538
23372
24155
24477
23666
21298
17295
15619
11192
3309
-3189
-5100
-10384
-17584
-19066
-19024
-21831
-23427
-17981
-16543
-17358
-16510
-12448
-12873
-13847
-13502
-14434
-15272
-15695
-14444
-15182
-12709
-11637
-9181
-6235
-2076
-965
1033
5563
7229
6980
7610
10290
8414
7488
7577
7661
4761
4375
5030
4515
3437
3902
5672
6851
8885
10683
13806
16426
19190
20978
23475
24444
24686
23345
20923
17229
14987
10690
3200
-2908
-5688
-10503
-17935
-19239
-19745
-22525
-24930
-19426
-17668
-18644
-17596
-13358
-13023
-14226
-12605
-13661
-14158
-14983
-12870
-13877
-11671
-10661
-8389
-5493
-1825
-283
1167
5994
7149
7463
7864
10670
8344
7557
7720
7422
4421
3986
5001
3804
3128
3632
5716
6210
8646
10398
13587
15775
18464
20175
22782
23611
23067
22732
20877
16763
13090
11486
4565
-2884
-6597
-8336
-16365
-20279
-19704
-20722
-24848
-22024
-17235
-17984
-17902
-14357
-11481
-13408
-12022
-11897
-12393
-13831
-12458
-12370
-11541
-10025
-8927
-6154
-2748
40
518
4458
7100
7716
7263
9558
8973
7038
6551
6884
4844
3263
4153
4063
3634
3820
5742
6632
8715
10321
12750
14782
17138
18624
20540
21676
21315
21693
20743
17352
13337
12957
8108
293
-4661
-5772
-12279
-18780
-18908
-19462
-23517
-24266
-18566
-18070
-18618
-16470
-12306
-12890
-12644
-11362
-11905
-12869
-13176
-11878
-12019
-10317
-10181
-7821
-4744
-1443
-308
2641
6254
7076
7955
9981
10826
8319
8152
8584
7307
5018
5115
5093
4201
4284
5368
6368
7232
8978
10799
13134
14702
16331
18037
19771
19511
19968
20392
18205
13911
12204
10720
4008
-2745
-6122
-8584
-15970
-19440
-20047
-21008
-24558
-22448
-18251
-17557
-17562
-15012
-11150
-11829
-11320
-11416
-10657
-12501
-12049
-11293
-10149
-9723
-8693
-5231
-2269
416
1767
5580
7355
8674
9348
11058
9927
8363
8190
8124
6464
4594
4770
4509
4341
4133
5443
6076
6994
8126
10427
12444
13455
15027
17076
18828
18371
19674
19726
17252
12807
12327
10085
2249
-4610
-6595
-9451
-18155
-20427
-19904
-21371
-25671
-21057
-16799
-17488
-17629
-13165
-10135
-12322
-11261
-11095
-10917
-13171
-11612
-11344
-10052
-9652
-7965
-4239
-996
938
2022
7144
8651
8891
9509
12713
10645
8570
9545
10109
7135
5184
6836
6073
4964
4741
6691
6474
6977
7984
10430
12079
12783
13919
16189
17927
17010
17986
17893
14771
10051
10264
6810
-1715
-7698
-8308
-12971
-20678
-20905
-20368
-23012
-24841
-18474
-16412
-16778
-15110
-10503
-9795
-10481
-9136
-10048
-10081
-11190
-9956
-10450
-8077
-8050
-6361
-2445
1131
2089
3522
8738
9370
9691
10692
12674
9715
8872
9940
8598
5819
4857
6098
4586
4557
4410
5295
5683
6814
7746
9285
11429
11616
13158
15494
16395
15083
16642
17074
12373
8729
9418
6130
-3246
-7521
-7642
-12881
-20209
-19954
-18893
-22562
-23850
-18027
-15344
-16700
-15234
-10588
-9299
-10383
-9675
-9114
-9282
-10420
-9310
-8357
-7052
-7221
-5000
-1036
1738
2202
4145
8592
9828
9543
10313
12279
10564
9115
9437
9267
6623
5197
6119
5854
4479
3915
5186
5632
5494
6126
8264
9499
9717
11226
13893
14172
13427
14868
15363
11296
7630
8168
5289
-2739
-8014
-7904
-12129
-19002
-20001
-18267
-20891
-23090
-17795
-14311
-15014
-14756
-9578
-7789
-8733
-8512
-7367
-7694
-9126
-7975
-7274
-6266
-6716
-4399
-1173
2076
2796
4542
8278
10372
10421
10577
12133
10696
8987
8705
8968
6175
4267
4958
5571
3998
3284
4534
4984
4631
5307
7385
8035
8313
9616
12130
12600
12094
13187
13637
10674
7052
7504
5063
-2057
-7554
-7514
-10780
-17773
-19031
-17639
-19426
-22209
-17007
-13740
-14344
-14211
-9234
-7157
-8532
-7852
-7254
-7050
-8670
-7102
-6835
-5554
-5605
-3652
-360
2773
4251
4869
8602
10345
11120
10334
11505
10150
8949
8659
8391
6464
4404
5290
5268
4691
3333
4155
4027
3992
4358
5574
6096
6156
7817
9628
10571
10108
11632
12069
9951
6740
6850
5201
-1185
-6433
-7226
-9374
-16224
-17863
-16597
-17717
-21041
-16568
-12388
-13126
-13449
-8629
-5820
-7783
-6945
-5905
-6076
-7982
-6131
-5675
-5470
-5231
-3303
-530
1962
3858
4325
7457
9505
10158
9547
10716
10046
8268
8469
8453
6473
4208
5306
5170
3779
2953
3480
3166
2712
3669
4529
5290
5630
7263
9050
10397
10198
11168
12025
10161
6664
6312
5420
-834
-6555
-7404
-8846
-15814
-17749
-16248
-17072
-20594
-16328
-11877
-12585
-12708
-8237
-5119
-7142
-5929
-5212
-5068
-7035
-5351
-4911
-4490
-4287
-3145
-149
2183
4280
4213
7585
8884
9841
9347
10746
9279
7608
7765
7522
5730
3236
4066
3276
3016
1789
2510
1796
2139
2789
3879
4783
5016
6572
7966
9981
9294
10484
11328
10525
6863
6444
6725
1332
-4785
-6263
-6254
-13207
-16537
-15198
-15259
-19476
-16856
-11320
-11841
-12688
-8717
-4561
-6565
-6007
-4591
-4698
-6560
-5408
-4186
-4505
-3968
-3095
-462
1872
4200
4211
6392
8766
9637
9388
10113
9958
7825
7831
8084
6561
3492
3498
3624
2545
1106
1042
794
435
1183
2208
3121
3537
4977
6683
8672
8746
9285
10486
10179
7033
5650
6253
2178
-4083
-6323
-6077
-11426
-15877
-14921
-14455
-17694
-16802
-11320
-10629
-11287
-8356
-3973
-4421
-4541
-3232
-3226
-4178
-4338
-3191
-3664
-3128
-3132
-879
1413
3351
3854
5679
8179
8536
9543
9762
9417
6909
7650
7081
5161
2649
2458
2039
821
842
144
13
-390
1248
1565
2705
3253
4422
5790
7625
8424
8226
10018
10120
8033
5370
6605
4622
-1262
-5177
-4968
-7556
-13783
-14164
-13035
-14806
-17603
-12511
-9318
-10488
-10039
-4901
-2944
-5021
-3411
-2215
-2897
-4862
-2842
-2905
-3485
-3437
-1746
0
1511
3072
3594
6143
7651
8284
8099
9167
8153
6741
7000
6632
3996
2028
2687
2032
288
-307
-32
-599
-720
492
1428
2227
3055
4635
6505
8214
8507
9301
10703
9611
6773
6181
6411
1171
-4118
-5233
-5900
-11906
-14698
-13153
-13666
-16506
-14132
-8991
-9068
-8932
-5452
-1602
-2814
-2580
-1407
-1469
-3236
-3694
-2919
-3644
-3794
-3948
-1442
138
1855
2695
5347
7222
7723
8810
9284
8581
6207
6788
5789
3725
1029
1185
575
-575
-948
-959
-751
-1071
429
1308
2791
2914
4432
6309
8147
8139
8709
10737
9986
7333
6083
7195
3228
-2361
-4509
-4545
-9121
-13717
-12631
-12320
-14912
-15212
-9377
-7826
-8700
-6685
-1789
-1656
-3113
-1455
-1058
-2854
-4660
-2738
-3355
-4150
-4470
-1974
-199
1075
2833
4539
6482
6642
8644
8980
8126
5587
5953
5870
3430
1284
542
678
-1128
-762
-977
-825
-1602
-260
1133
1900
2333
3227
5691
6663
7625
7837
10060
9740
8044
6239
6924
5196
-169
-3489
-4195
-6134
-11871
-12352
-11572
-12748
-15330
-10716
-6861
-7776
-7403
-2686
-190
-2763
-1514
-467
-1682
-4687
-3023
-2790
-4283
-4738
-3093
-1045
-221
2158
3413
5423
6003
7661
8770
8398
6322
4901
5982
4092
1662
-163
465
-1053
-1645
-942
-944
-1594
-1529
1099
1628
2330
2477
4918
6344
7489
7938
9144
10440
8877
7298
6467
6969
2319
-2069
-3772
-4268
-8966
-12402
-10969
-11538
-13883
-13066
-7081
-6953
-7674
-4778
-241
-1500
-2611
-300
-852
-3379
-4312
-1889
-3640
-4473
-4059
-1601
-924
662
2358
3735
5414
5906
7312
7401
7195
4249
4281
4100
2311
-1013
-1027
-617
-2260
-2479
-1258
-694
-1845
210
2205
2889
2609
4546
6258
7108
7689
8495
9663
9540
8249
6495
6722
5306
833
-2733
-3275
-5053
-10004
-11056
-9961
-11020
-13200
-9459
-5674
-6455
-6270
-2165
33
-2292
-1588
-369
-1794
-4546
-3195
-2487
-4078
-4605
-2948
-1172
-572
1336
2553
4178
4993
6172
6543
6619
5282
3587
3513
2575
487
-1746
-1205
-1959
-2805
-2709
-1478
-1805
-1699
417
1710
2355
2802
5129
6145
7573
7994
9175
10145
9838
8157
6671
7412
4266
64
-2658
-2459
-6356
-10158
-9527
-9127
-11178
-11881
-6587
-5692
-6218
-4939
-652
-1127
-2376
-894
-1023
-2719
-4467
-2409
-3532
-4052
-4612
-2458
-1429
-253
1117
2214
4113
4398
5862
5642
6017
3807
3390
2931
1898
-424
-1504
-1051
-2291
-2477
-2242
-971
-1733
-470
1086
2496
2814
3982
5805
6726
7779
8002
9329
9559
9060
6875
6407
6135
3082
-992
-2680
-3009
-6934
-9731
-9123
-8783
-11256
-10528
-6104
-5377
-6109
-3933
-371
-1410
-1962
-565
-940
-3273
-3742
-2404
-3811
-4493
-4141
-2474
-1815
-134
1297
2230
3664
4427
5672
5387
5142
3110
3076
2682
1273
-714
-1138
-882
-2166
-1715
-1374
-876
-1623
132
1531
2312
2832
4320
6214
7046
8299
8672
10137
9971
8913
6941
6895
5717
1309
-1904
-2815
-4167
-9122
-9772
-8937
-9866
-12099
-8623
-5217
-6199
-5763
-2239
-166
-2350
-1278
-751
-1999
-4128
-3005
-3135
-4676
-4799
-3840
-2400
-1572
203
824
2677
3975
4769
5011
5485
4592
2844
3042
2590
516
-1433
-857
-1174
-2256
-1855
-916
-1022
-852
1233
2428
3022
4004
5766
7013
7990
8595
8931
10113
9728
7735
6093
6870
4466
-196
-2357
-2251
-5443
-9605
-8617
-8270
-10509
-11185
-6094
-4964
-6088
-4380
-286
-408
-1910
-385
-612
-2379
-3982
-2741
-4047
-4960
-5273
-4056
-2997
-1981
-669
424
2698
3114
3938
4700
5197
3160
2190
2882
1487
-843
-1801
-955
-2379
-2627
-1585
-757
-1161
-131
2190
3043
3925
4769
6598
7405
8341
8394
9341
10115
8909
6969
6589
6926
3258
-426
-1688
-2312
-6441
-8755
-7740
-8387
-10635
-9392
-4897
-4948
-5414
-2973
224
-1055
-1594
-364
-1229
-3543
-4114
-3081
-4680
-5459
-5159
-3672
-2994
-1687
-405
1025
2425
2983
4016
4748
4164
2310
2346
2618
615
-1297
-1274
-1278
-2617
-2186
-851
-918
-896
859
3064
3470
4346
5526
7110
7685
8176
8411
9109
9272
7616
6241
5996
5512
1657
-894
-1724
-2923
-6728
-7852
-7063
-8183
-9691
-7587
-4129
-4822
-4571
-1898
339
-1476
-1480
-594
-1881
-4168
-4121
-3465
-5383
-5803
-5029
-3556
-3352
-1763
-516
827
2087
2871
3648
3914
3754
2059
2159
1997
552
-1321
-1011
-867
-2029
-1628
-453
-78
-269
1772
3437
3999
4656
6178
7340
7679
8280
8420
9084
8779
7500
5890
5835
4977
1399
-1023
-1821
-3058
-7021
-7637
-7155
-8077
-9779
-7225
-4371
-5106
-4667
-1965
-197
-2293
-1641
-1091
-2316
-4718
-4085
-3883
-5536
-5775
-4965
-3685
-3452
-1538
-602
819
1739
2897
3611
3816
3347
2251
2799
2132
721
-559
69
-494
-1290
-617
25
17
347
2522
3428
4062
4906
6486
7300
7695
8055
8253
8933
8244
6831
5490
5755
4076
840
-1168
-1763
-3791
-7016
-7181
-7211
-8506
-9534
-6444
-4713
-5273
-4497
-1425
-677
-2228
-1368
-1128
-2803
-4815
-3838
-4457
-5898
-6020
-4645
-3949
-3238
-1234
-57
1294
2307
3596
3849
4240
3508
2596
2471
1944
491
-689
-250
-812
-1178
-676
244
87
938
2721
3673
4123
5119
6345
6816
7300
7521
7563
7898
7809
6305
4928
4933
4149
912
-1247
-1833
-3135
-6389
-6988
-6498
-7604
-8786
-6434
-3949
-4862
-4294
-1756
-537
-2372
-1775
-1355
-3057
-4759
-4177
-4354
-6081
-5632
-4710
-3857
-3212
-1153
-141
1095
2462
3124
3611
3998
3653
2060
2357
2146
567
-655
55
-148
-1231
-263
636
562
647
2612
3482
3779
4577
5573
6309
6453
6961
6900
7710
7200
5964
4962
5045
3936
775
-815
-1877
-3097
-6196
-6486
-6573
-7302
-8173
-6084
-3825
-4512
-3773
-1828
-351
-2232
-1602
-1479
-2813
-4664
-4064
-4074
-5867
-5467
-4540
-3530
-3368
-1167
-259
890
1992
3007
3416
3545
3414
2205
2494
2065
867
-306
322
53
-785
-93
740
727
846
2608
3568
3849
4445
5518
6238
6288
6668
6856
7269
6933
6032
5117
4514
3873
1335
-687
-2128
-2869
-5618
-6910
-6569
-6932
-8094
-6946
-3849
-4344
-4198
-2280
-375
-2179
-2018
-1158
-2758
-4566
-4191
-3713
-5948
-5388
-4428
-3706
-3618
-1284
-220
331
1843
2722
3045
3005
3665
2224
2224
2099
1550
171
654
735
-203
204
1088
1195
755
2458
3416
3656
4036
5455
6006
6081
6601
6938
7118
6868
6196
4854
4197
3622
1289
-1123
-2340
-3062
-5683
-6871
-6477
-6724
-7870
-6559
-3816
-3885
-3725
-1929
-243
-1592
-1566
-1151
-2428
-4221
-4218
-4150
-5775
-5576
-4870
-4127
-3690
-1591
-366
580
2035
3135
3632
3869
4265
3044
2725
2456
1679
202
211
131
-720
-524
256
522
288
1829
2971
3439
3830
5073
5718
5852
6179
6288
6226
6124
5693
4206
3088
3010
1741
-1032
-2570
-2458
-4035
-6413
-5875
-5108
-6346
-6733
-3406
-2476
-3554
-2505
3
-894
-2401
-1344
-1969
-4012
-4815
-3918
-5364
-5712
-4785
-4074
-3691
-1881
-232
259
1902
2882
3129
3486
4278
2821
1767
2419
1830
29
-81
808
-279
-485
1001
1442
775
1742
3352
3294
3449
4346
4889
4716
4947
5209
5007
5358
4794
3671
2602
2981
1748
-677
-2000
-2164
-3288
-5452
-4768
-4562
-5304
-5887
-2823
-1824
-2802
-2100
-7
-249
-2055
-921
-1595
-3420
-4695
-3441
-4618
-5586
-4863
-4036
-3640
-2588
-425
-60
1351
2359
3330
3470
4131
3331
2296
2653
2065
755
-5
820
-256
-541
358
1063
351
948
2455
2464
2481
3202
4008
3612
3873
4287
4415
4461
4411
3721
2678
2682
2412
488
-1349
-1704
-1869
-3891
-4398
-3814
-4087
-5166
-3403
-1370
-2264
-2347
-557
172
-1799
-1450
-1376
-3222
-4788
-4087
-4435
-6118
-5334
-4556
-4140
-3430
-906
-332
661
2424
3208
3205
3904
4435
2224
2073
2311
1668
-330
433
481
-499
9
1305
1270
490
2173
2668
2749
2811
3666
3384
3527
4289
4084
4333
4479
4117
2701
3009
3263
1067
-836
-1104
-766
-3348
-3872
-3245
-3341
-4832
-3483
-1038
-2027
-2336
-1145
259
-2067
-2008
-1868
-3312
-5426
-5095
-4653
-6443
-5978
-5320
-4261
-3982
-1407
-568
465
1996
3098
3458
3959
4555
2580
2514
2682
2041
-135
520
588
-511
-456
971
950
101
1571
2509
2516
2341
3444
3429
3504
3687
4029
4054
4376
4108
3213
3034
3339
2558
597
29
87
-720
-2565
-2167
-2006
-2965
-3609
-1511
-1127
-2596
-2190
-856
-1736
-3580
-2784
-3819
-5768
-6504
-5450
-6762
-7216
-5905
-5148
-4626
-2823
-676
-434
1344
2814
3377
3445
4536
3723
2475
2975
2782
1291
679
1584
572
126
1180
1655
610
971
2180
1824
1520
2114
2375
1960
2403
3168
3114
3598
4108
3972
3244
3726
3948
2329
968
749
769
-1414
-1907
-1639
-1995
-3558
-2335
-844
-2030
-2531
-1471
-961
-3083
-2939
-3319
-4755
-6237
-5685
-6109
-7127
-6212
-5629
-4922
-3707
-1229
-709
654
2422
3326
3616
4436
4485
2892
3198
3282
2079
662
1286
829
-357
220
822
106
-505
909
1055
539
749
1562
1565
1619
2539
2955
3517
4232
4549
4048
4137
4878
3963
2377
1629
1848
379
-1188
-974
-1211
-2514
-2982
-1054
-1517
-2541
-2280
-1292
-2635
-3682
-3310
-4691
-6159
-6638
-5964
-7307
-6982
-6160
-5382
-4496
-2377
-716
-194
1865
3116
3888
4125
5041
4112
3544
3836
3170
1939
1390
1544
196
145
497
161
-794
-203
425
-118
74
714
1030
1039
2137
3004
3351
4325
5113
4977
4542
5425
5436
3548
2286
2234
1782
-714
-1062
-1031
-1905
-3461
-2090
-1144
-2667
-3016
-2097
-2049
-4240
-4010
-4715
-6132
-7377
-6743
-7145
-7828
-6802
-6190
-5028
-3633
-1363
-929
910
2690
3548
4022
5044
5139
3831
4477
4274
3025
1595
2086
1023
-193
35
64
-967
-1422
-137
-344
-490
10
989
1141
1923
3098
3638
4475
5514
5942
5419
5628
6305
5246
3530
2633
2693
855
-797
-874
-1276
-2928
-3333
-1491
-2369
-3601
-3303
-2190
-4060
-5121
-4853
-6020
-7475
-7597
-6934
-8179
-7405
-6417
-5455
-4600
-2317
-980
13
2250
3260
3878
4763
6022
4643
4395
5003
4227
2354
2137
2060
140
-209
219
-468
-1865
-942
-349
-900
-615
454
837
1181
2729
3554
4011
5402
6421
6016
5701
6911
6474
4489
3207
3219
1916
-625
-945
-1261
-2633
-4281
-2564
-2324
-3772
-4130
-2758
-3390
-5411
-4904
-5475
-6909
-8085
-6880
-7634
-7855
-6868
-5763
-4944
-3348
-1038
-338
1683
3139
4337
4862
6204
5842
4974
5442
4952
3464
2203
2366
613
-414
-347
-573
-1967
-1918
-840
-1157
-1089
-177
826
981
2185
3357
3961
4841
6105
6263
5753
6059
6598
5421
3695
2908
2723
913
-932
-1079
-1603
-3246
-4014
-2480
-3130
-4312
-4153
-3249
-4732
-5724
-5218
-6219
-7483
-7729
-6859
-7782
-7052
-6151
-5181
-4125
-1788
-231
663
2828
3940
4769
5367
6475
5117
4770
4990
4256
2379
1829
1676
28
-359
-341
-657
-1808
-994
-742
-790
-583
431
878
1473
2814
3482
4442
5617
6597
5769
6084
6849
6474
4158
3317
3151
1541
-728
-1173
-1384
-3512
-4408
-3290
-3006
-4848
-4639
-3653
-4400
-5901
-5421
-5699
-7352
-7765
-7066
-7215
-7512
-6310
-5447
-4324
-2578
-423
689
2247
3706
4845
5888
6311
5738
5145
5612
4550
3123
2234
1940
258
-345
-249
-916
-1909
-1553
-772
-1229
-851
28
984
1316
2609
3654
4606
5735
6658
6643
6369
6964
6860
5306
3662
3043
2169
-70
-1245
-1708
-2868
-4604
-4032
-3285
-4505
-5129
-4303
-4148
-5777
-5624
-5774
-6946
-7938
-7181
-7251
-7730
-6652
-5650
-4685
-3210
-640
358
1837
3627
4926
5393
6114
6345
5181
4971
4557
3555
1877
1538
565
-532
-814
-908
-1499
-1953
-1065
-984
-666
-136
996
1447
2438
3689
4497
5511
6490
7042
6403
6786
7095
6115
3970
3105
2727
690
-1278
-1752
-2235
-4284
-4642
-3449
-3850
-5212
-4727
-3859
-5176
-5974
-5672
-6360
-7902
-7791
-7138
-7569
-7208
-5999
-4811
-3601
-1262
340
1556
3236
4676
5345
5955
6451
5393
4884
4840
4100
2259
1745
1277
-88
-797
-622
-1099
-2174
-1583
-936
-909
-722
550
1342
1963
3190
4438
5237
6222
6947
6821
6622
7170
6603
4705
3287
2829
1472
-959
-1707
-2339
-3670
-5035
-3791
-3799
-4958
-5055
-3942
-4505
-5940
-5417
-6074
-7285
-8064
-6987
-7627
-7552
-6512
-5316
-4232
-2320
-131
586
2536
4101
5232
5367
6382
5888
5070
5089
4690
3192
1960
2040
652
-260
-513
-598
-1863
-1716
-954
-964
-804
227
1323
1747
3122
4265
5151
6073
7109
6876
6508
7064
6861
4844
3118
2681
1486
-1101
-2276
-2554
-3871
-5412
-4605
-3843
-4987
-5329
-4171
-4019
-5564
-5509
-5546
-6655
-7679
-7106
-7170
-7566
-6646
-5477
-4299
-2806
-519
635
2326
4018
5256
5753
6475
6433
5553
5470
4943
3683
2233
1983
775
-307
-724
-894
-1860
-2031
-1195
-996
-762
76
1387
1978
3085
4290
5259
6102
6946
7113
6589
6849
6754
5257
3270
2499
1644
-738
-2315
-2793
-3595
-5359
-5036
-4148
-4820
-5490
-4528
-3929
-5384
-5620
-5489
-6221
-7587
-7176
-7004
-7442
-6835
-5551
-4345
-3119
-771
597
2097
3688
5187
5630
6154
6320
5547
5188
4709
3651
2044
1727
838
-335
-922
-850
-1534
-1928
-1125
-676
-529
225
1577
2204
3036
4267
5188
5925
6768
7037
6442
6439
6633
5238
3347
2264
1637
-630
-2158
-2736
-3443
-5002
-5027
-3964
-4534
-4996
-4513
-3650
-4913
-5183
-5178
-5809
-7004
-6920
-6558
-7121
-6486
-5529
-4219
-3267
-1071
256
1598
3145
4457
5027
5414
6019
5211
4783
4331
3804
2253
1687
1026
-71
-756
-789
-1114
-1792
-1183
-619
-256
247
1537
2290
3069
4173
5123
5715
6552
6836
6251
5850
6134
5072
2971
1714
1093
-648
-2746
-3038
-3667
-4973
-5662
-4239
-4270
-5024
-4664
-3620
-4106
-5080
-4583
-5140
-6037
-6622
-5883
-6364
-6159
-5308
-4192
-3098
-1542
227
1175
2901
3968
4849
5190
5917
5304
4649
4575
3999
2725
1841
1642
403
-322
-338
-426
-1272
-1024
-231
90
429
1414
2421
2988
3951
4870
5563
6182
6525
6072
5565
5656
4912
2984
1478
826
-593
-2660
-3284
-3703
-4914
-5806
-4584
-4230
-4969
-4801
-3618
-3813
-4801
-4390
-4618
-5621
-6379
-5665
-6062
-6168
-5492
-4380
-3557
-2066
-258
709
2145
3464
4463
4714
5478
5140
4501
4229
4027
2764
1851
1644
784
-154
-150
-55
-909
-843
-41
423
331
1391
2340
2938
3466
4710
5281
5769
6257
6047
5444
5192
5172
3119
1582
621
4
-2454
-3254
-3456
-4384
-5553
-4744
-3549
-4635
-4404
-3468
-2878
-4424
-3982
-4066
-5059
-6088
-5716
-5749
-6500
-5625
-4961
-3955
-2977
-825
40
1406
2933
3948
4366
5024
5370
4381
4214
4113
3248
1988
1876
1370
190
95
338
-210
-687
234
748
721
1458
2514
3062
3484
4671
5203
5678
5955
5951
5138
4949
4685
3031
1274
355
-295
-2415
-3325
-3696
-4269
-5493
-4779
-3837
-4292
-4489
-3638
-2980
-4063
-3985
-4061
-4645
-5805
-5432
-5399
-5874
-5563
-4705
-3760
-2960
-1148
-155
1101
2332
3588
3951
4598
4969
4359
3949
3877
3332
2037
1714
1291
361
-122
227
-172
-718
-110
721
829
1270
2360
3121
3542
4478
5209
5586
5913
5915
5226
4700
4666
3205
1316
184
-246
-2230
-3542
-3633
-4092
-5328
-4972
-3399
-3839
-4149
-3342
-2321
-3416
-3556
-3339
-4091
-5219
-5131
-4772
-5673
-5401
-4739
-3790
-3249
-1685
-617
421
1771
2826
3530
4041
4694
4175
4012
3960
3480
2390
1975
1625
565
111
201
-25
-650
-208
578
843
1291
2273
3238
3632
4460
5177
5734
5888
5686
5064
4516
4297
2749
1022
-257
-773
-2633
-3783
-3928
-4350
-5359
-4966
-3343
-3726
-3893
-3095
-2054
-3194
-3322
-3101
-3886
-5090
-5101
-4748
-5673
-5442
-4827
-3893
-3447
-1901
-774
243
1476
2540
3370
3899
4490
4120
4047
4013
3514
2579
2114
1806
791
402
409
244
-269
144
928
1239
1795
2610
3689
4092
4889
5375
6057
6108
5756
4966
4458
4066
2297
566
-697
-1255
-3333
-4262
-4349
-4602
-5684
-5009
-3372
-3667
-3738
-2824
-1749
-3040
-3047
-2947
-3690
-5095
-4989
-4791
-5717
-5517
-4839
-3951
-3577
-1904
-845
255
1400
2570
3232
3868
4457
4071
3958
3969
3543
2545
2273
1985
1107
666
876
644
187
550
1237
1432
1812
2617
3419
3890
4434
5045
5662
5896
5358
4699
4431
3882
2062
377
-674
-1802
-3699
-4444
-4503
-5142
-5867
-4793
-3348
-3504
-3343
-2170
-1462
-2481
-2574
-2584
-3602
-4984
-4981
-4972
-5814
-5786
-5009
-4145
-3572
-2040
-824
228
1326
2540
3220
3652
3990
3817
3648
3463
2953
2255
1975
1636
969
717
895
699
500
883
1504
1723
2297
3062
3788
4239
4829
5441
5917
6033
5334
4774
4332
3696
1722
180
-891
-1982
-3703
-4376
-4415
-5086
-5448
-4521
-3248
-3536
-3136
-2218
-1744
-2610
-2624
-2730
-3838
-4813
-4864
-4843
-5779
-5505
-4905
-4090
-3588
-2193
-1020
-55
1046
2000
3056
3396
3738
3454
3826
3574
3026
2553
2405
1967
1203
1387
1205
941
685
1286
1622
1927
2557
3248
4088
4620
5273
5689
6296
6136
5178
4498
4036
2813
455
-864
-1838
-3299
-4901
-4976
-4906
-5718
-5529
-4025
-3086
-3424
-2672
-1610
-1762
-2409
-2301
-2678
-4090
-4718
-4641
-5049
-5776
-5471
-4699
-4094
-3112
-1907
-739
215
1600
2586
3386
3735
3888
3952
4057
3862
3029
2764
2422
2101
1458
1557
1226
1030
1200
1664
1935
2234
3171
3657
4451
4971
5581
5747
6182
5763
4509
3848
3208
1472
-1056
-1946
-2982
-4766
-5913
-5500
-5699
-6428
-5325
-3723
-3375
-3404
-2038
-1395
-1909
-2163
-2055
-2967
-4150
-4437
-4703
-5343
-5605
-5219
-4625
-3759
-2760
-1716
-411
1015
1774
2786
3770
4214
3807
4287
4552
3851
3141
3245
3029
2035
2095
2086
1771
1347
2047
2290
2474
3063
3778
4356
4870
5503
5522
6014
5838
4749
3523
3300
1967
-690
-2145
-2745
-4364
-6319
-5929
-5745
-6592
-6491
-4351
-3538
-3809
-2711
-1345
-1574
-2308
-1727
-2231
-3534
-4478
-4361
-5019
-5649
-5602
-5038
-4272
-3579
-2408
-1241
364
1175
2243
3345
4146
3972
4209
4787
4244
3537
3414
3523
2469
2177
2347
2219
1702
2038
2681
2808
3279
3944
4760
5087
5592
5713
5991
5879
4946
3646
2884
2005
-306
-2212
-3202
-4270
-6278
-6718
-6270
-6622
-6953
-5454
-3779
-3687
-3003
-1552
-988
-1799
-1581
-1549
-2683
-4029
-4212
-4508
-5324
-5507
-5071
-4409
-3729
-2444
-1413
-161
934
2244
2950
3670
3848
4121
4236
4070
3636
3214
3228
2634
2508
2255
2418
1992
2293
2726
3008
3309
3760
4669
4832
5450
5428
5764
5630
5113
3984
2837
2368
378
-1513
-3189
-3730
-5746
-6871
-6697
-6700
-7122
-6544
-4335
-4071
-3432
-2359
-1040
-1643
-1706
-1471
-2289
-3286
-3950
-3963
-4902
-4891
-4856
-4179
-3671
-2765
-1799
-496
718
1301
2433
3496
3959
3720
4414
4560
3995
3553
3858
3317
2520
2531
2656
2246
2073
2696
2938
3300
3855
4667
5018
5508
5802
5886
5892
5298
4091
2846
2145
312
-2015
-3561
-4481
-6228
-7666
-7367
-7258
-7625
-6946
-4791
-3915
-3517
-2057
-850
-1062
-1386
-930
-1709
-2966
-3588
-3740
-4516
-4971
-4547
-4152
-3585
-2804
-1521
-397
633
1450
2399
3436
3603
3598
3799
4042
3328
2968
3117
2796
2109
2088
2613
2384
2402
2996
3662
3982
4601
5447
5766
6119
6343
6511
6183
5437
4150
2888
2028
-97
-2405
-4020
-4775
-6961
-8197
-7785
-7708
-8324
-7469
-5058
-4663
-4024
-2523
-1111
-1721
-1496
-876
-1665
-2740
-3131
-3003
-3954
-3950
-3858
-3361
-2820
-1953
-1015
-75
1261
1625
2588
3418
3844
3318
3587
3938
3064
2672
2719
2762
1788
2167
2593
2593
2626
3346
4143
4308
5067
5527
6098
6106
6170
6152
5823
4794
3169
2472
1217
-1088
-3358
-4233
-5621
-7846
-8371
-8004
-8456
-8845
-7100
-5524
-5172
-4048
-2297
-1585
-1753
-984
-835
-1528
-2205
-2364
-2780
-3231
-3245
-3215
-2724
-2150
-1425
-443
881
1415
1939
3122
3971
3487
3470
3953
3535
2614
2728
2839
1851
1648
2193
2524
2194
2968
3699
4231
4859
5684
6275
6401
6756
6396
6443
5663
4291
2509
1861
334
-2504
-4151
-4909
-6506
-8742
-8307
-8103
-8890
-8793
-6545
-5551
-5615
-3908
-2302
-2135
-2346
-1034
-1158
-1985
-2218
-1958
-2440
-2871
-2379
-2130
-1721
-1267
-253
718
1590
1977
2536
3545
3689
3340
3357
3523
2751
2187
2427
2068
1295
1319
2048
2015
2122
2966
3845
4375
5090
6048
6451
6629
6702
6662
6117
5058
3500
2243
972
-1007
-3240
-4465
-5577
-7410
-8380
-8102
-8184
-8857
-7817
-6249
-5604
-5099
-3413
-2359
-2340
-1757
-994
-1134
-1822
-1660
-1589
-1829
-2001
-1683
-1240
-841
-225
630
1530
1852
2196
3126
3456
2984
2643
3079
2466
1625
1512
1546
798
420
1204
1333
1418
1869
3163
3663
4493
5251
6061
6450
6667
6763
6500
6171
4684
3479
2279
1252
-1240
-2846
-3933
-5239
-7072
-7562
-7299
-8189
-8314
-7333
-5911
-6020
-4929
-3658
-2912
-2867
-2040
-1437
-1973
-2032
-1944
-1652
-2120
-1775
-1576
-1055
-636
60
975
1597
2083
2349
3326
3492
3232
2934
3157
2683
2027
1964
1711
1027
707
1304
1442
1416
1900
2894
3614
4369
5168
5864
6301
6574
6574
6474
5890
4491
3103
2197
700
-1718
-3299
-4333
-5979
-7665
-7730
-7839
-8609
-8505
-7066
-6199
-5912
-4654
-3473
-2954
-2653
-1672
-1553
-1799
-1879
-1597
-1549
-1612
-1453
-1089
-438
-88
618
1595
2335
2303
2897
3764
3731
3075
3186
3112
2184
1717
1830
1235
249
509
958
961
1066
1928
2657
3439
4432
5208
5834
6293
6587
6525
6580
5776
4334
3177
2194
261
-1947
-3215
-4644
-6596
-7661
-7647
-8152
-8793
-8062
-6889
-6301
-5667
-4328
-3474
-3135
-2555
-1860
-1730
-1957
-1883
-1655
-1400
-1329
-1065
-497
160
610
1376
2391
2996
2997
3464
4015
3961
3315
3021
2683
1878
1359
976
640
-138
33
362
888
997
1699
2614
3479
4220
4778
5569
5625
5804
5704
5866
4852
3765
2799
1919
301
-1484
-2555
-3986
-5389
-6560
-6600
-7219
-7563
-7376
-6504
-5998
-5520
-4591
-3971
-3433
-3165
-2466
-2276
-2086
-2145
-1696
-1207
-924
-711
-125
689
923
1517
2245
2834
2648
3060
3428
3379
2905
2829
2690
2059
1696
1453
1250
615
627
715
987
1033
1406
1999
2688
3320
3793
4541
4925
5068
5150
5461
4961
3850
2996
2237
730
-1163
-2462
-3749
-5455
-6713
-7124
-7485
-8040
-7797
-6897
-6178
-5547
-4507
-3413
-2884
-2380
-1755
-1287
-1320
-1304
-1044
-773
-648
-436
-9
504
966
1455
2017
2565
2866
3020
3345
3403
3167
2771
2757
2278
1737
1257
1113
643
323
405
474
629
862
1614
2087
2844
3415
4229
4648
4956
5092
5233
4968
4000
3093
2148
990
-844
-2257
-3610
-4932
-6339
-6880
-7192
-7515
-7502
-6728
-5801
-5181
-4267
-3300
-2497
-2197
-1580
-1262
-1217
-1378
-1065
-848
-809
-577
-45
596
1099
1805
2437
3005
3406
3805
4006
3905
3525
3145
2729
2157
1297
720
202
-231
-729
-669
-640
-559
-211
514
1203
1671
2558
3269
3865
4072
4502
4509
4380
3933
3225
2305
1380
411
-1077
-2283
-3373
-4316
-5428
-5758
-6013
-6269
-6163
-5415
-4806
-4417
-3561
-2868
-2367
-2035
-1463
-1411
-1315
-1107
-862
-709
-433
-66
302
998
1579
1967
2378
2928
3161
3181
3308
3175
2720
2367
2086
1665
1060
801
429
247
57
41
-81
39
316
487
885
1322
1915
2208
2855
3301
3648
3697
3905
3676
3051
2356
1586
486
-1001
-2092
-3277
-4377
-5484
-5796
-6128
-6198
-5984
-5218
-4464
-3768
-2882
-2105
-1340
-1005
-576
-478
-306
-451
-416
-405
-353
-301
-24
514
894
1339
1813
2356
2667
2971
3069
3018
2769
2520
2045
1609
1062
599
160
-96
-379
-600
-519
-421
-219
2
606
1003
1573
2196
2830
3227
3535
3886
3852
3623
2946
2229
1264
200
-1195
-2525
-3542
-4589
-5424
-5822
-5742
-5819
-5416
-4478
-3586
-2933
-2052
-1058
-584
-214
175
326
137
24
3
-137
-160
-67
140
444
949
1412
1855
2324
2658
2837
2897
2853
2438
2026
1594
1022
347
-72
-394
-797
-982
-931
-848
-730
-296
150
489
965
1588
2129
2460
2888
3140
3201
3103
2954
2431
1563
814
-76
-1188
-2402
-3195
-4050
-4771
-5027
-4972
-4910
-4544
-3655
-2952
-2177
-1313
-510
-106
363
669
636
501
429
238
-68
-16
49
87
277
791
1192
1500
1907
2181
2287
2321
2251
1895
1463
1062
575
131
-292
-639
-941
-977
-985
-1036
-869
-574
-307
-70
492
926
1323
1693
2255
2489
2640
2695
2663
2367
1795
1219
478
-218
-1337
-2103
-2826
-3316
-4006
-4131
-3965
-3830
-3458
-2789
-1920
-1464
-679
-14
560
632
800
857
746
502
249
171
-21
-24
79
454
752
959
1300
1664
1871
1829
1794
1579
1130
716
350
7
-555
-839
-1043
-1105
-1251
-1153
-1026
-913
-659
-318
116
462
979
1391
1865
2235
2529
2584
2565
2453
2146
1670
1050
309
-431
-1097
-1726
-2359
-2809
-3124
-3123
-2941
-2661
-2339
-1830
-1197
-600
-31
369
657
780
902
852
697
398
157
-37
-149
-195
-172
36
248
480
657
881
963
1000
941
720
398
63
-238
-550
-762
-987
-1170
-1241
-1159
-1123
-1037
-800
-511
-285
74
568
918
1287
1671
1915
1949
2078
2091
1873
1649
1443
1050
543
222
-152
-693
-1055
-1240
-1486
-1813
-1795
-1721
-1646
-1542
-1214
-868
-560
-201
148
449
576
709
776
815
701
569
477
346
222
191
253
144
-6
-18
-15
-64
-179
-239
-429
-652
-811
-920
-1074
-1280
-1384
-1468
-1458
-1480
-1363
-1089
-754
-498
-105
460
894
1248
1702
2033
2113
2130
2128
1938
1731
1673
1634
1482
1280
1204
1234
1374
1338
1022
469
-209
-838
-1314
-1966
-2685
-3229
-3311
-3236
-3001
-2493
-1754
-943
-306
486
1056
1497
1693
1909
1829
1502
1182
818
600
244
102
-104
-120
-287
-252
-200
-272
-409
-587
-689
-1097
-1367
-1726
-1873
-2102
-2114
-1980
-1752
-1467
-1012
-271
354
958
1513
2096
2496
2742
2981
3023
2891
2684
2661
2465
2134
1866
1681
1416
1036
744
323
-273
-902
-1272
-1680
-2211
-2586
-2706
-2738
-2698
-2452
-2088
-1756
-1393
-926
-416
-78
201
478
738
816
850
882
901
738
491
289
89
-161
-420
-546
-819
-989
-1179
-1119
-1258
-1361
-1525
-1445
-1438
-1453
-1397
-1264
-1060
-914
-482
-45
406
772
1474
2097
2615
2978
3501
3816
3957
4043
4121
3893
3357
2959
2528
1906
1003
384
-368
-1073
-1768
-2125
-2542
-2864
-2973
-2832
-2661
-2524
-2181
-1875
-1562
-1435
-1118
-962
-816
-782
-518
-292
-131
66
329
621
707
813
715
628
369
166
-209
-589
-1024
-1326
-1569
-1733
-1921
-2062
-2030
-1947
-1812
-1660
-1367
-1118
-692
-213
357
909
1640
2298
2895
3498
4088
4445
4657
4829
4809
4600
4305
3903
3234
2544
1854
1109
271
-545
-1317
-1990
-2524
-2964
-3332
-3501
-3498
-3410
-3204
-2907
-2650
-2433
-2063
-1733
-1527
-1302
-894
-571
-302
46
419
673
888
1129
1109
871
611
447
150
-244
-657
-991
-1240
-1389
-1491
-1589
-1690
-1809
-1803
-1674
-1570
-1517
-1270
-813
-294
260
1058
1894
2616
3292
4003
4572
4838
4997
4968
4836
4431
4069
3533
2976
2247
1621
913
171
-591
-1361
-2039
-2803
-3386
-3926
-4132
-4340
-4306
-4119
-3706
-3256
-2675
-1973
-1392
-896
-388
160
521
762
1026
1236
1279
1290
1319
1136
793
467
173
-201
-608
-940
-1238
-1455
-1605
-1580
-1562
-1569
-1617
-1523
-1374
-1270
-1216
-1022
-720
-358
160
821
1524
2186
2874
3531
3996
4212
4301
4191
3844
3329
2800
2186
1612
1105
702
333
20
-135
-383
-567
-871
-1021
-1383
-1651
-1972
-2135
-2207
-2268
-2124
-2066
-1665
-1485
-966
-770
-457
-415
-222
-179
-282
-403
-679
-802
-1079
-1146
-1364
-1435
-1527
-1486
-1397
-1326
-1209
-1133
-902
-697
-406
-165
200
541
874
1246
1665
1983
2207
2477
2685
2766
2793
2820
2663
2459
2229
2049
1738
1432
1129
856
570
305
92
-177
-434
-687
-854
-1054
-1220
-1375
-1424
-1433
-1351
-1204
-966
-713
-473
-225
63
243
308
266
148
-103
-405
-730
-1099
-1495
-1826
-2042
-2191
-2283
-2308
-2233
-2074
-1904
-1700
-1518
-1303
-1099
-833
-525
-211
167
582
1114
1548
2047
2500
2925
3198
3411
3491
3391
3218
2968
2647
2170
1688
1174
711
271
-132
-555
-936
-1210
-1391
-1492
-1593
-1635
-1626
-1466
-1301
-1095
-902
-660
-411
-109
178
413
614
754
868
948
936
792
588
366
76
-262
-610
-1010
-1418
-1744
-1959
-2147
-2307
-2385
-2337
-2195
-1993
-1753
-1463
-1166
-821
-412
28
411
810
1278
1754
2180
2562
2936
3185
3341
3388
3311
3024
2608
2174
1624
992
356
-254
-797
-1301
-1659
-1934
-2131
-2275
-2256
-2130
-1960
-1741
-1502
-1166
-824
-423
-25
415
785
1129
1478
1763
1919
1959
1971
1821
1560
1198
801
350
-158
-665
-1189
-1611
-1998
-2319
-2562
-2721
-2811
-2816
-2662
-2470
-2183
-1842
-1364
-868
-328
242
805
1343
1836
2298
2672
2938
3051
3099
3025
2839
2506
2113
1649
1128
599
92
-420
-936
-1368
-1723
-2003
-2231
-2361
-2392
-2291
-2104
-1842
-1445
-1017
-529
-45
519
998
1444
1802
2099
2297
2391
2397
2257
2072
1793
1494
1085
647
148
-318
-795
-1261
-1750
-2164
-2483
-2722
-2872
-2884
-2805
-2613
-2281
-1868
-1396
-872
-314
231
781
1255
1651
1972
2260
2396
2428
2369
2249
2037
1745
1419
1024
624
210
-187
-599
-991
-1337
-1614
-1816
-1978
-2046
-2027
-1900
-1723
-1442
-1104
-701
-270
215
695
1170
1592
1982
2306
2520
2621
2627
2526
2295
1970
1599
1147
634
100
-407
-866
-1328
-1737
-2077
-2302
-2492
-2569
-2552
-2466
-2320
-2054
-1685
-1305
-884
-435
49
487
889
1242
1518
1716
1819
1882
1856
1750
1564
1376
1137
856
539
187
-198
-581
-937
-1289
-1592
-1835
-1974
-2030
-1942
-1757
-1483
-1154
-746
-297
169
607
1018
1411
1746
2015
2218
2367
2400
2354
2221
2006
1676
1289
857
404
-70
-548
-975
-1347
-1642
-1890
-2053
-2153
-2193
-2162
-2038
-1874
-1672
-1403
-1081
-711
-315
97
500
863
1181
1435
1616
1704
1710
1621
1480
1276
1032
775
486
185
-114
-381
-641
-915
-1174
-1382
-1539
-1637
-1676
-1651
-1537
-1335
-1050
-701
-312
92
500
924
1309
1630
1892
2072
2194
2236
2192
2028
1805
1512
1161
756
322
-107
-516
-874
-1190
-1425
-1605
-1721
-1764
-1745
-1701
-1614
-1461
-1292
-1099
-892
-641
-385
-105
182
436
706
939
1148
1302
1409
1434
1411
1329
1194
986
723
426
104
-211
-538
-844
-1119
-1318
-1439
-1486
-1455
-1336
-1159
-921
-637
-349
-52
232
506
746
968
1145
1285
1375
1437
1455
1402
1292
1142
954
723
460
179
-100
-370
-610
-823
-987
-1121
-1196
-1247
-1243
-1205
-1108
-1011
-877
-722
-540
-324
-128
62
217
379
503
614
689
741
758
759
738
692
611
508
359
179
-15
-223
-460
-693
-891
-1046
-1139
-1173
-1116
-1003
-812
-573
-289
-18
257
520
747
930
1057
1124
1153
1149
1112
1025
913
813
692
564
430
297
146
25
-88
-207
-340
-438
-515
-581
-624
-669
-698
-696
-656
-630
-583
-508
-410
-321
-201
-89
9
104
196
267
316
353
366
361
346
313
245
183
94
-6
-116
-218
-340
-436
-509
-567
-591
-574
-520
-438
-327
-195
-55
95
253
375
481
555
611
629
616
588
527
448
395
342
270
200
160
105
69
59
33
-6
0
14
8
9
8
-30
-57
-81
-139
-242
-314
-367
-430
-472
-492
-496
-486
-431
-376
-312
-239
-164
-108
-48
12
62
97
121
131
140
130
133
120
77
45
26
12
-3
15
32
60
99
156
213
246
267
266
246
216
164
84
-1
-71
-143
-203
-221
-209
-202
-169
-80
0
76
166
246
300
356
397
401
392
359
281
186
90
-21
-167
-291
-374
-432
-482
-505
-497
-472
-429
-390
-361
-340
-307
-259
-217
-191
-152
-93
-19
59
134
205
269
334
392
426
457
472
464
446
432
397
334
272
188
102
23
-72
-174
-260
-318
-370
-399
-406
-405
-371
-307
-230
-158
-71
37
141
225
301
381
417
413
422
397
319
245
164
36
-84
-168
-273
-373
-424
-460
-479
-455
-403
-359
-301
-222
-163
-129
-83
-41
-16
11
50
97
155
239
317
386
447
501
512
490
452
371
258
140
19
-114
-224
-299
-378
-434
-447
-445
-433
-387
-318
-255
-175
-66
56
174
305
432
533
623
690
723
734
705
622
511
392
231
59
-105
-268
-421
-538
-616
-708
-763
-768
-766
-758
-711
-643
-584
-486
-369
-277
-175
-52
66
152
237
339
424
477
534
579
575
558
533
459
344
239
122
-20
-174
-300
-415
-524
-584
-627
-647
-632
-574
-489
-400
-272
-120
44
196
348
522
684
797
884
964
992
998
963
872
735
606
458
264
76
-116
-301
-456
-573
-685
-791
-845
-885
-887
-879
-878
-845
-763
-659
-565
-418
-252
-89
92
279
435
555
666
748
774
754
710
615
477
339
179
-3
-186
-349
-493
-623
-716
-764
-769
-743
-673
-570
-461
-325
-148
17
163
327
501
637
749
866
951
986
1024
1035
985
901
801
669
482
300
121
-89
-274
-421
-569
-682
-757
-811
-868
-870
-843
-817
-776
-695
-588
-477
-346
-192
-48
82
213
328
411
467
505
508
470
410
346
246
128
15
-106
-254
-357
-448
-560
-633
-643
-642
-615
-522
-415
-295
-142
53
212
359
520
641
732
823
875
888
899
898
838
775
707
589
441
302
147
-34
-181
-301
-430
-532
-578
-627
-658
-653
-639
-647
-619
-562
-531
-474
-386
-300
-217
-104
-4
60
138
203
242
264
277
276
255
222
181
137
59
-8
-67
-145
-214
-260
-287
-327
-312
-266
-232
-179
-82
7
74
174
262
303
356
424
455
461
479
482
465
442
410
354
282
223
163
88
14
-34
-74
-117
-142
-159
-183
-203
-197
-220
-254
-255
-253
-270
-270
-250
-234
-209
-175
-153
-135
-108
-95
-98
-90
-83
-96
-96
-94
-93
-98
-96
-88
-85
-69
-53
-44
-26
7
31
55
96
135
172
212
252
277
285
292
288
273
240
210
184
153
122
95
68
44
35
20
-8
-26
-28
-34
-48
-40
-32
-21
-6
-3
-2
-11
-9
-22
-41
-62
-92
-113
-144
-181
-214
-238
-267
-291
-300
-315
-327
-318
-300
-290
-280
-238
-194
-160
-114
-51
2
59
127
171
204
251
286
293
307
325
333
326
324
314
290
266
230
182
143
97
50
14
-21
-43
-54
-58
-61
-46
-19
0
23
51
71
81
90
101
94
87
83
72
44
16
-17
-65
-106
-158
-212
-265
-306
-340
-372
-396
-400
-394
-388
-359
-316
-280
-223
-158
-103
-51
13
65
107
166
212
246
271
304
314
307
305
291
267
242
223
189
149
123
92
42
0
-23
-57
-92
-90
-90
-90
-68
-39
-25
0
37
63
81
107
132
138
139
146
134
117
103
69
20
-22
-64
-126
-177
-212
-249
-281
-294
-304
-313
-304
-289
-277
-253
-213
-176
-132
-74
-21
28
85
144
183
215
240
254
254
251
236
216
203
178
147
121
88
53
23
-10
-38
-57
-78
-85
-75
-71
-61
-38
-18
-1
23
42
55
74
96
97
101
105
98
85
69
49
17
-11
-37
-65
-103
-130
-149
-175
-197
-203
-209
-211
-201
-175
-160
-134
-95
-66
-41
-3
35
57
90
124
144
158
168
171
154
140
133
102
77
57
34
8
-14
-38
-64
-82
-96
-107
-113
-102
-88
-73
-51
-32
-11
11
31
50
69
91
110
128
136
146
142
125
103
74
35
1
-26
-73
-103
-126
-160
-189
-206
-222
-243
-235
-227
-227
-203
-173
-145
-107
-63
-25
13
67
109
136
167
198
214
219
221
208
192
181
162
124
104
86
43
-4
-25
-63
-97
-104
-116
-127
-114
-98
-89
-75
-43
-21
-7
27
60
88
115
152
172
183
192
195
187
171
147
114
82
40
4
-39
-87
-122
-160
-199
-241
-257
-268
-286
-286
-279
-263
-246
-211
-179
-142
-97
-44
-2
42
86
120
154
174
200
209
211
213
213
193
167
145
119
78
44
15
-20
-46
-70
-91
-103
-108
-113
-104
-103
-91
-70
-54
-30
0
30
53
78
108
122
133
139
143
145
129
120
104
81
58
37
6
-37
-54
-77
-106
-133
-138
-142
-154
-148
-151
-143
-130
-111
-93
-77
-46
-17
13
37
60
85
95
110
125
125
112
116
115
102
80
64
55
30
5
-19
-38
-63
-69
-85
-103
-107
-96
-91
-94
-78
-61
-56
-45
-16
-10
3
23
45
47
63
78
74
79
81
71
57
54
41
24
4
-2
-9
-21
-31
-41
-45
-50
-58
-64
-61
-60
-51
-45
-43
-23
-6
3
14
30
32
40
47
45
46
48
56
46
49
43
41
30
16
1
-15
-30
-35
-43
-51
-49
-63
-65
-71
-75
-79
-77
-74
-68
-65
-59
-47
-40
-28
-26
-14
0
9
17
32
40
41
50
57
60
65
65
65
65
66
64
53
44
43
29
19
15
9
0
-3
-6
-13
-19
-15
-15
-18
-8
-4
-3
3
14
8
19
22
30
30
32
28
24
25
12
14
3
-7
-13
-20
-36
-38
-45
-56
-63
-67
-72
-72
-69
-61
-61
-54
-41
-40
-31
-22
-16
-3
15
28
37
55
63
68
68
74
70
69
69
66
59
50
49
32
27
14
-5
-14
-22
-27
-37
-41
-34
-29
-29
-35
-22
-17
-15
-11
-2
-2
15
22
24
35
41
35
27
33
28
17
12
9
-2
-5
-12
-17
-27
-30
-38
-50
-57
-54
-61
-53
-46
-47
-37
-35
-31
-18
-11
-9
6
19
23
29
34
32
34
37
34
30
25
24
21
14
4
-4
-18
-21
-22
-32
-37
-38
-38
-40
-39
-35
-30
-22
-14
-13
-6
6
8
8
21
25
31
38
41
42
42
38
36
32
26
20
17
18
10
3
-2
-1
-4
-9
-17
-16
-12
-14
-18
-13
-13
-9
-4
-2
4
13
12
15
21
15
12
12
14
13
9
10
10
4
0
-4
-8
-13
-16
-21
-26
-22
-22
-19
-12
-15
-10
-7
-6
-1
-1
2
6
16
21
21
21
24
19
17
17
10
8
6
4
1
-6
-14
-20
-20
-22
-25
-25
-30
-24
-21
-22
-22
-13
-10
-5
0
2
6
9
8
7
13
18
13
14
17
14
9
7
2
-7
-6
-13
-15
-17
-20
-23
-18
-17
-20
-21
-21
-18
-14
-12
-11
-7
-1
4
6
9
13
15
17
19
20
18
11
12
9
5
2
-1
-3
-1
0
-4
-6
-9
-12
-12
-15
-18
-6
-3
-7
1
6
8
8
11
14
12
14
18
18
17
19
22
14
15
16
9
12
11
1
-7
-5
-5
-9
-10
-11
-6
-9
-13
-10
-15
-8
-4
-4
-4
-1
-4
2
1
-2
3
3
5
7
5
5
6
1
-9
-5
-7
-11
-9
-10
-8
-10
-7
-3
-9
-7
-4
-9
-7
-1
3
5
5
6
12
17
15
9
12
12
21
20
15
13
12
12
7
2
2
8
7
10
8
4
6
0
-5
-4
-6
2
6
8
2
7
5
-1
3
5
1
1
9
-2
-1
-2
2
3
0
-7
-5
0
-5
-4
-13
-11
-11
-5
-12
-8
-5
-12
-6
-5
-8
-6
-4
-5
-3
-1
-4
-3
0
-3
-7
-6
4
-3
-1
-1
-3
-2
0
-8
-12
-5
-8
-2
3
-2
-5
-1
0
-4
-3
-4
-1
1
-2
-1
-5
0
0
-1
-6
1
1
-7
1
-10
-12
-8
-7
-4
-2
-4
-2
2
-6
-2
-5
-5
2
1
2
7
5
4
4
3
3
-1
-1
1
7
5
11
3
4
2
1
-2
-7
4
2
3
1
6
6
2
6
-2
1
5
1
3
-1
4
9
3
4
10
2
2
4
-4
-7
-2
-1
-1
-6
-4
-3
0
0
-1
5
-5
-2
-7
-3
-6
-5
-3
6
7
16
16
9
18
10
11
4
5
5