4
5
6
6
6
7
7
8
8
9
7
7
7
6
6
5
3
2
1
1
0
-1
-2
-2
-3
-3
-4
-4
-6
-7
-8
-9
-10
-12
-12
-14
-14
-14
-14
-14
-12
-12
-13
-13
-14
-14
-14
-13
-11
-9
-6
-5
-3
-3
-2
-2
-3
-4
-2
-2
-1
0
2
4
4
4
4
4
4
5
4
5
4
3
4
3
4
3
4
6
6
7
7
7
7
6
5
6
5
5
5
5
5
5
4
3
1
0
0
-1
-1
-1
-1
-1
0
0
0
0
0
1
0
0
0
0
0
1
1
1
2
3
4
6
7
7
7
7
8
8
8
7
8
6
6
4
3
3
2
3
3
3
2
1
0
-1
-4
-6
-7
-10
-10
-11
-12
-12
-11
-12
-10
-9
-8
-6
-6
-4
-4
-4
-2
-2
-2
-1
0
0
3
3
5
5
6
6
7
8
8
9
8
8
7
4
3
2
1
1
2
2
1
3
2
1
-1
-1
-2
-3
-1
-1
-2
-2
-3
-3
-4
-5
-6
-6
-5
-6
-6
-7
-8
-8
-9
-10
-9
-10
-7
-6
-4
-3
-1
-1
-1
-1
1
1
1
1
0
2
1
3
1
1
1
0
0
0
-1
-1
-2
-3
-3
-4
-4
-4
-3
-3
-3
-2
-3
-3
-3
-4
-3
-3
-2
-1
0
2
2
2
3
5
5
6
7
7
6
7
7
7
8
8
9
9
8
8
7
6
6
5
5
6
5
6
4
4
4
3
3
2
2
1
2
1
0
0
-1
-2
-2
-1
-2
-3
-2
-2
-2
-3
-2
-2
-3
-3
-3
-3
-4
-4
-4
-3
-3
-4
-3
-2
-2
-1
-1
-1
0
0
0
1
1
2
1
1
0
2
1
1
2
2
2
2
3
3
3
3
2
3
2
2
0
1
0
-1
0
-1
-2
-1
-1
-1
0
0
0
0
0
-1
-1
-2
-3
-4
-5
-5
-5
-5
-5
-5
-6
-6
-5
-6
-5
-6
-7
-7
-7
-7
-7
-8
-8
-8
-8
-8
-6
-6
-5
-3
-2
-1
0
1
2
2
3
3
4
4
4
5
6
6
6
7
6
7
7
6
6
5
5
4
3
2
3
2
2
1
2
2
2
2
2
2
2
2
1
2
2
3
4
4
5
5
5
6
7
6
6
4
4
4
3
3
2
1
1
0
0
-1
-2
-2
-3
-4
-4
-5
-5
-6
-6
-5
-2
-2
0
1
2
4
5
7
8
9
10
11
11
11
12
11
10
10
10
8
8
6
4
3
1
-1
-2
-4
-5
-6
-8
-9
-9
-10
-11
-11
-12
-13
-13
-14
-14
-14
-15
-14
-13
-12
-11
-9
-8
-8
-7
-6
-4
-3
-4
-4
-4
-2
-1
-1
0
1
3
4
6
6
5
5
6
5
4
3
2
1
1
1
0
-2
-2
-2
-1
-2
-2
-2
-3
0
0
-1
-2
-2
-1
-1
-2
-2
-2
-2
-1
-1
-2
-3
-2
-2
-1
-1
-2
-3
-3
-3
-2
-2
-2
-1
0
1
3
3
3
4
5
5
6
4
3
3
1
1
0
-1
-1
-1
-2
-1
-1
0
0
1
0
0
2
1
1
1
1
1
0
1
2
2
3
3
4
5
6
6
6
7
9
9
8
10
11
13
15
15
14
16
16
17
18
16
14
14
15
16
16
13
12
11
11
11
9
7
4
2
0
-2
-5
-8
-11
-11
-11
-12
-13
-16
-16
-16
-14
-16
-18
-19
-19
-18
-16
-18
-19
-20
-17
-16
-15
-15
-16
-16
-14
-13
-12
-13
-14
-13
-11
-9
-8
-6
-5
-3
-2
0
2
3
4
4
6
8
9
10
10
12
12
13
13
11
9
9
9
6
5
2
3
2
1
0
-2
-2
-2
-1
-3
-4
-3
-3
-2
-3
-3
-4
-2
-1
-1
-2
-3
-1
1
0
-1
-2
-1
1
2
0
-2
-1
0
2
1
0
0
0
1
2
1
0
-1
-1
2
3
2
1
1
3
5
7
6
5
4
7
9
10
7
6
7
8
10
9
6
7
7
8
7
5
4
3
3
2
1
-1
-1
-2
-3
-3
-4
-5
-6
-5
-5
-5
-5
-4
-5
-5
-3
-2
-2
-3
-3
-2
1
2
1
-1
0
1
2
3
2
1
0
1
2
2
0
-1
-2
0
0
0
-2
-4
-3
-2
-1
-3
-4
-3
-4
-2
-2
-2
-2
-1
-1
-1
-2
-1
0
0
0
0
0
1
0
0
-2
-1
-2
0
0
-1
-2
-3
-3
-2
-1
-3
-5
-5
-2
-1
-3
-4
-4
-1
-3
-3
0
0
-3
-5
-3
1
4
4
-4
-6
2
8
7
4
0
-4
2
11
10
2
-3
3
12
12
4
-2
3
10
9
6
5
2
5
8
3
0
10
11
2
6
13
10
9
5
-4
-4
8
14
7
-8
-7
1
3
4
1
-16
-26
-5
12
4
-7
-14
-21
-16
5
5
-21
-34
-17
10
18
3
-19
-24
-1
26
24
-1
-15
4
33
33
8
1
17
29
22
9
7
14
16
5
-5
-7
-3
-4
-17
-29
-28
-26
-15
-2
-16
-47
-37
-10
-17
-42
-36
-11
-7
-35
-51
-28
0
0
-29
-44
-21
18
22
0
8
21
-9
-29
28
88
69
-9
-78
-26
132
172
4
-125
-59
99
199
139
-81
-192
-22
181
166
15
-122
-154
-12
168
135
-98
-217
-96
104
168
27
-178
-178
35
154
35
-123
-126
-20
59
50
-22
-79
-40
34
35
-25
-50
-12
35
35
-16
-33
15
53
19
-38
-45
3
56
60
15
-22
1
48
59
40
13
-4
18
61
54
-5
-28
10
57
65
22
-29
-11
59
84
20
-60
-61
7
54
24
-49
-87
-47
39
57
-23
-104
-93
-26
8
-26
-74
-72
-36
-33
-58
-41
-2
-23
-94
-106
-44
1
-4
-28
-69
-58
-18
5
1
20
23
10
28
31
40
59
80
46
58
115
170
168
103
30
22
116
149
69
-52
-61
8
55
25
-54
-127
-178
-119
-16
-7
-119
-178
-119
-56
-65
-143
-163
-125
-39
11
-10
-32
-10
31
5
-14
-31
21
27
-27
-71
12
139
138
40
-20
88
178
143
77
40
72
161
185
30
2
157
225
95
15
62
68
96
82
-28
-124
27
128
77
-25
-55
-34
2
11
-1
106
155
85
-52
-66
-135
-186
-131
-192
-328
-411
-302
-193
-84
-64
-158
-247
-194
-105
-186
-204
-145
-90
-92
11
109
113
176
244
213
36
19
110
89
-100
-215
-93
-29
-17
-21
-8
-38
41
102
-28
-159
-86
111
97
-8
-125
-59
122
223
112
16
308
558
397
51
164
443
521
336
222
257
415
523
316
41
50
261
185
-154
-295
-82
39
-153
-348
-370
-165
-26
-116
-316
-330
-41
50
-46
-123
-8
34
-41
-189
-331
-225
-66
-7
-249
-341
-185
96
115
-121
-198
-78
96
-5
-101
-221
-139
39
102
110
151
284
92
-37
-122
-51
51
25
-99
-219
-98
78
207
233
109
-105
-121
28
-48
-251
-316
-254
-490
-640
-539
-402
-500
-459
-248
-184
-159
-114
-4
-107
-112
20
279
322
321
575
804
850
739
849
823
725
731
749
553
298
545
688
626
291
266
156
-7
-287
-607
-769
-765
-619
-895
-1111
-1050
-539
-594
-947
-1109
-889
-528
-504
-876
-1113
-590
-167
-136
-545
-735
-96
685
784
-71
-150
516
1206
1122
813
874
1278
1794
1553
1033
889
1925
2327
1470
302
537
1541
1652
662
-95
-260
-52
118
301
-900
-887
-2573
-7293
-7889
1647
6698
-2796
-12290
-11060
-1801
6839
7569
-7244
-16221
-4406
13061
11075
-1042
-6388
-1998
6696
12627
9368
-879
-2764
5780
12884
8986
2342
-174
2427
5665
6078
1237
-3283
-2311
-143
-1333
-5096
-6227
-6319
-5036
-5642
-7629
-9418
-7684
-4588
-4991
-7292
-8589
-5683
-2307
-53
-1426
-3512
-2385
2512
5378
3302
1888
2975
5678
7400
8366
6652
4992
5965
7828
7925
5931
4849
3825
3937
3065
2153
768
1743
3393
201
-7904
-10294
-867
5197
-757
-11792
-15401
-9843
2825
7013
-5785
-17640
-9572
5408
7916
2040
-4318
-6726
-455
10096
9824
1197
-1374
3319
7209
8915
7522
2984
1272
3387
4319
2532
1586
-512
-2925
-4147
-4277
-5065
-5343
-5804
-9231
-13115
-14910
-11056
-4727
-2642
-9552
-16589
-12770
-742
7848
3940
-5606
-7718
5121
18187
17439
5957
1421
9431
19760
21385
14269
8773
10328
18729
20282
6492
-8793
-371
16954
10810
-11819
-21757
-15677
-2478
7233
-4779
-28610
-27725
-1881
6316
-8182
-17447
-16711
-11224
3411
11425
-2604
-14010
-2013
12971
13745
8963
4165
2592
10480
18933
13908
5292
5946
9327
8431
5780
2704
-1206
-472
-520
-5048
-9572
-6875
-5816
-12668
-19273
-17292
-9510
-7593
-11126
-18594
-17767
-6382
5849
642
-10522
-8410
5290
13860
11404
5375
2551
9150
18927
20546
12971
7897
13286
20050
21177
15585
3994
-6492
-56
18429
14239
-10427
-23454
-14170
-2840
5103
-698
-23320
-31447
-8253
7924
-6081
-17631
-14367
-10751
-3878
7885
2804
-10918
-4611
10823
11530
6362
7182
6659
7778
14069
13714
6379
6759
11407
8762
3506
2881
1993
1460
1387
-3093
-9535
-8242
-3046
-8417
-18640
-18383
-7641
-4667
-12622
-20480
-18755
-6013
6504
1855
-14955
-14262
6502
18785
9239
-2614
-1094
10315
20668
19805
9577
3529
12179
23820
22587
12604
4136
-324
1314
12411
14619
-3198
-18876
-15204
-5013
-632
-768
-14518
-29675
-20974
506
-1217
-15585
-15714
-10863
-9565
-1492
5874
-2379
-6615
4566
11346
7530
8851
12962
10287
9786
13504
12231
9967
12470
10910
2905
1126
4260
3544
-78
-3634
-8919
-11075
-6216
-7980
-18635
-21743
-11763
-7830
-14742
-20534
-18621
-9125
1972
1255
-12625
-13569
5294
18978
10626
-967
1304
13380
22699
21873
12566
5995
13015
25673
25944
14347
6151
3986
2883
6683
12640
3597
-14047
-19173
-10349
-4695
-3079
-9423
-24957
-29775
-11661
1311
-9099
-18238
-14573
-10541
-6041
4545
4921
-4807
-2651
9233
12198
10372
13414
12636
8819
12024
16271
13229
10179
9802
5308
1453
3536
3636
-1416
-4919
-7017
-10887
-12335
-12491
-15498
-16634
-13918
-15609
-20617
-18284
-10296
-5368
-5364
-7930
-8756
-1001
11332
13187
3755
-130
9823
21145
21486
14169
9326
12690
20703
25657
20323
10956
8975
10927
6233
372
4726
5685
-6758
-18747
-16609
-9715
-4313
-4902
-19087
-32282
-20950
290
-1384
-15369
-18286
-13586
-7333
5392
10449
-2430
-8677
5111
17009
15143
12291
10176
6977
11661
20109
16970
7167
5069
6705
5262
3848
2118
-3285
-6422
-5694
-9448
-17237
-18185
-11738
-10322
-17017
-24497
-23366
-13265
-1875
-3158
-14283
-16985
-2391
12540
12121
1800
-3034
4877
18275
23890
15812
6828
9436
20378
25622
21583
13517
9671
12046
12530
4535
-2341
2091
4731
-5962
-18229
-18258
-10822
-3280
-3909
-19061
-32140
-19589
2185
1564
-13706
-18888
-14074
-3930
10620
12874
-3635
-10275
7245
22646
19501
10886
6171
6593
15924
23712
15456
2349
1721
7618
7856
4488
-1303
-7537
-8870
-8763
-14317
-17882
-13117
-12515
-19940
-25024
-21336
-13323
-5350
-7010
-16526
-16135
-325
11254
6526
-1445
-375
8852
17612
19941
13593
8030
12800
22346
23732
17250
13814
14323
15150
11932
3866
-3501
295
7280
-1067
-18159
-23157
-13326
-4053
-3027
-15769
-31064
-26494
-2471
6219
-9302
-20985
-15716
-3644
8243
13487
1237
-10108
1985
22596
23178
11640
6666
8410
14675
22300
19415
5722
926
7145
9303
4148
-167
-4129
-10644
-14683
-15043
-12143
-11116
-14821
-23784
-27203
-19129
-6884
-4677
-14418
-20138
-11652
4217
9439
3180
-3531
614
12030
20029
17920
10687
9783
17035
24042
22301
16015
13539
16414
18672
13382
874
-6509
844
10126
-117
-20881
-27976
-15240
-1868
-1161
-16284
-31783
-25002
-1213
6439
-9580
-20916
-14932
-2499
8082
11347
683
-8313
3191
20634
20797
10922
7608
9450
13609
19254
17682
7464
2592
6583
7730
3302
-156
-4316
-11059
-14775
-12594
-10827
-12814
-16923
-21298
-21680
-15784
-8507
-8944
-13529
-13757
-6465
626
3555
2384
1108
3830
9921
14764
14117
12860
13824
17318
18927
17758
15603
15221
16989
17134
10989
-2000
-7708
3091
13285
-27
-23363
-28016
-12459
1492
1389
-14685
-31643
-24021
1997
8548
-9716
-20407
-13641
-3689
6900
13224
1846
-10719
698
20062
19634
10178
7548
7207
9188
17149
17897
6557
1372
6016
7092
1500
-2221
-5283
-8713
-9613
-10324
-13094
-15743
-14466
-13688
-14483
-15527
-12546
-8746
-7006
-6786
-5473
-2568
605
3948
4863
5401
7267
10560
12427
13331
14375
14630
14441
13869
14368
14153
14234
11385
3754
-3148
48
7691
3652
-9674
-18264
-15430
-7069
597
-5146
-21824
-26675
-10485
2501
-2730
-11204
-14094
-12101
-2081
11398
8131
-5520
-4446
9428
15241
12914
11677
7243
4611
11286
17725
11392
4460
5379
6015
3259
768
-2053
-6960
-7450
-7575
-10825
-14878
-13910
-11655
-11745
-13769
-14984
-12044
-7362
-4180
-5869
-6638
-4218
1379
5065
5737
4423
4609
9306
14138
15080
12303
12064
13423
14627
14877
14668
13050
11024
6826
-1851
-5880
3312
10975
-2081
-22199
-23880
-9025
2959
1265
-15635
-32094
-23029
3562
9446
-9353
-19968
-13643
-3986
7315
14748
3178
-11341
-1317
18919
20347
10615
6817
5970
7524
15929
18441
8292
415
3820
5446
-92
-3731
-4537
-6851
-10757
-11938
-13979
-14258
-11293
-8613
-13163
-17501
-13476
-4901
-1446
-4535
-7576
-6486
943
8662
9655
3464
1778
8934
16842
17305
12614
9340
10114
14510
17350
15137
9715
8221
6837
-292
-6531
227
8509
-1197
-20424
-25109
-12184
1281
2756
-12928
-30876
-25427
1570
11699
-4764
-18276
-14466
-5038
7161
17101
7066
-10725
-5367
16852
22800
13320
6572
3728
4926
14476
20531
9731
-1856
-1246
1890
-854
-2489
-2943
-8342
-13486
-14687
-12400
-9431
-6128
-9732
-16599
-17136
-7789
699
315
-6551
-10609
-4224
7353
12837
6970
501
2598
12005
18743
16440
9005
5590
10348
15518
15271
10864
7160
7173
6391
-1279
-9742
-3100
8983
1247
-20810
-27827
-13186
2908
6099
-9803
-30173
-25735
3859
16268
-1658
-17604
-14577
-3943
9608
19479
7024
-12514
-5899
18026
23108
10900
3629
1785
4037
12793
17778
6967
-5073
-4886
-1061
-618
-999
-2666
-11134
-16926
-13128
-4806
-3609
-8921
-14218
-14436
-8488
-1383
482
-4561
-7870
-4276
3491
8049
7555
4488
3522
7720
13042
14323
10464
7634
8028
10641
11231
9405
7212
6781
7660
3333
-6261
-10767
104
9037
-2368
-22549
-24573
-8575
5895
4927
-13607
-30002
-19229
9341
14885
-4619
-16793
-10462
-39
11664
17652
4096
-11160
-1250
19421
19485
7827
2896
2685
4356
11670
13561
1328
-8622
-4157
2615
-620
-6662
-9004
-9802
-9645
-7502
-7499
-10945
-10143
-5470
-5626
-10129
-8128
-674
1957
-1361
-2818
414
5728
10021
10036
5960
4496
9491
14537
12824
7808
5742
7296
9095
9774
7723
4492
3002
342
-5904
-7753
1454
5275
-7381
-21740
-18282
-4714
4345
-21
-15499
-25164
-11455
9657
9208
-5767
-11874
-7192
404
12998
16775
1460
-10397
2866
19497
16654
6434
1710
1151
5274
12450
7906
-4715
-6737
660
-19
-7186
-8029
-5559
-6211
-9519
-11290
-10801
-6058
-2824
-6866
-12610
-9768
-852
2998
192
-3674
-2198
4155
11032
10990
5632
3652
8371
13475
12687
8736
5729
6655
8893
8983
6585
4666
5245
2689
-4567
-9626
-2587
6275
199
-16453
-22833
-11698
2682
5853
-8341
-24596
-20365
2785
13601
1660
-11249
-11306
-3286
9305
18736
8710
-9129
-5801
14897
21387
10446
1300
-1688
279
9741
15439
2689
-12310
-8755
3147
4305
-3169
-10632
-14125
-8712
-376
-3179
-13488
-13564
-5039
-2521
-6123
-6758
-4297
-1283
1971
2914
1182
2722
8174
10189
7680
6277
8291
10324
11107
9366
6310
5070
7470
9066
6528
2560
1160
-332
-4868
-5917
138
2238
-8387
-18161
-14695
-4109
1246
-2271
-14113
-20629
-8341
8682
5930
-7663
-8817
-2095
2433
9489
13885
2498
-7116
4813
19118
13886
3088
1046
1024
4083
10803
7283
-7024
-9260
1347
3680
-4314
-9282
-9068
-7080
-3316
-4869
-11593
-12009
-3877
-2049
-7831
-9032
-3411
846
1606
1338
287
2591
8241
10685
6955
5314
8331
10617
10400
9016
6719
4898
7839
10301
8153
3399
-1563
-6177
-3629
6333
5238
-10599
-20995
-12473
-362
2587
-5339
-18058
-21779
-7210
7942
2630
-10760
-12317
-4877
2421
10210
10280
-1789
-7111
6079
18248
13578
4988
2222
1527
3966
10839
10633
-12
-6597
-3280
1031
2031
702
-6244
-13451
-10136
-1045
-1096
-8639
-11885
-9939
-6862
-3204
-996
-4122
-6634
-2423
4095
5862
4435
3913
4632
7013
10079
10310
7669
6573
8451
9259
8282
7359
8138
8293
3293
-4979
-6213
3795
8646
-1943
-16821
-17880
-6604
4870
2568
-14030
-25684
-14621
4685
6121
-6079
-13483
-11773
-4420
8888
14065
957
-10496
-326
15677
15885
8184
3501
1256
2707
9756
11320
3175
-2276
-441
268
-1174
940
1137
-5421
-11007
-8763
-3805
-2079
-4361
-10065
-13749
-8927
-247
1111
-4723
-7896
-4190
3010
7885
6300
786
479
7336
12545
10365
5683
4375
6947
10333
10737
7126
4728
6167
4261
-2933
-4729
3657
6684
-3392
-14776
-14288
-4839
4048
1041
-14789
-23894
-11098
6138
4337
-8112
-13330
-10291
-1880
9783
10931
-3156
-9912
2926
15788
13154
5173
1424
655
4491
10499
9454
1125
-2488
-57
978
556
1714
-361
-6912
-8998
-4916
-1883
-3072
-5251
-8899
-10997
-6390
464
59
-5609
-6344
-1554
3671
5715
4348
1103
1801
7207
10117
7355
4595
5711
7422
7610
7438
7011
6375
5768
2279
-3970
-4458
4019
7337
-3307
-15575
-14152
-2935
5184
655
-13709
-21596
-10215
5915
5571
-6831
-13324
-9911
-1107
9393
9916
-2707
-9916
1552
14341
12899
4998
236
-851
3367
10639
9456
241
-4120
-540
1708
841
410
-1495
-5735
-7243
-4241
-1986
-2627
-4657
-7394
-8862
-5755
-399
361
-3247
-5074
-1937
2748
5517
4573
2078
1910
5347
8404
7578
5434
4835
5774
5989
6377
6686
6272
5503
3231
-2116
-5857
143
7765
2487
-12215
-17131
-7411
4163
4923
-7274
-19706
-16181
1184
9117
-190
-11876
-12849
-4998
6693
12245
2626
-9497
-4997
10335
14655
7454
671
-1442
1114
7698
9982
2531
-4117
-2366
1270
830
-319
-1331
-4154
-5637
-4225
-2860
-3592
-3705
-4408
-6517
-7099
-3789
-317
-477
-2135
-2693
-701
2715
5718
5130
2558
2445
5161
7479
7129
6061
4527
3822
4493
6596
7324
5844
4489
1774
-3029
-4882
2331
7667
-602
-14393
-15497
-3929
5770
3755
-9130
-19242
-12350
5301
9506
-2946
-13135
-10361
-1391
7648
9907
65
-9499
-3068
11391
13575
5446
-459
-513
2670
7437
7479
219
-4440
-1558
1895
-434
-3158
-3063
-2209
-3040
-4866
-5665
-4297
-1560
-2622
-6892
-8504
-4074
530
421
-2440
-3703
-1147
3432
6282
4392
1087
1390
5255
7948
7027
4274
2725
3712
5898
6556
5385
3963
3807
4492
2693
-2839
-5472
878
6279
-880
-12497
-12984
-3145
4866
3090
-8145
-16872
-9577
5649
7569
-3669
-10147
-7162
-823
6738
9079
-450
-8757
-953
11596
11046
2984
-712
565
4641
8419
4897
-3787
-4595
2327
3936
-2292
-6066
-3782
-1000
-1159
-4167
-7368
-6526
-1418
168
-5170
-9309
-5476
534
1167
-2069
-3814
-1942
2535
5838
4385
833
1078
5270
7629
5884
2986
2376
4054
6129
5920
3231
1726
4064
7559
5265
-3503
-8902
-1647
9347
6278
-9416
-17963
-8801
6135
9993
-3197
-18580
-16148
2811
12448
2362
-10532
-11570
-4178
5481
11308
3995
-8632
-7252
7430
13419
6548
259
-433
1598
6181
9344
3443
-5001
-4620
1778
3421
-248
-4039
-6780
-6089
-1813
-2
-4675
-8007
-5393
-2662
-3464
-4204
-3583
-3944
-3275
-878
251
-496
486
2742
3269
3120
4028
4949
4609
4593
4758
4194
3731
4498
5082
4064
3518
4470
5965
4731
-517
-5669
-2738
6165
6851
-4921
-14791
-9948
2420
7883
-673
-13915
-15642
-1772
9129
3735
-7575
-10328
-5189
2463
8926
5612
-5386
-7420
4563
12404
7614
1319
445
2452
6173
9341
4925
-3162
-4181
1280
2705
-1487
-4615
-5720
-5965
-4760
-2801
-4323
-6559
-5845
-4460
-5506
-5222
-2757
-2696
-4640
-3823
-661
874
1682
2271
1914
1937
4832
7076
5484
3161
3493
4978
5071
5209
4929
3764
2787
4577
6497
6021
3318
-1367
-5192
-2349
6247
5876
-6557
-15711
-9302
3395
7803
-1280
-14921
-16308
-1730
9983
4084
-8140
-11225
-5511
3540
10660
6935
-5231
-7510
4882
13931
10184
3068
-120
765
6224
10656
6170
-2253
-3352
326
155
-2831
-3637
-3976
-6204
-8202
-7999
-5780
-3122
-3529
-8154
-10612
-5847
408
75
-4988
-7023
-3330
2655
5512
2975
-909
82
5681
9093
7224
3541
2613
4708
7195
7431
5268
3340
3292
4373
5010
4754
4389
2449
-2671
-6967
-2992
5069
3887
-7454
-14947
-9666
1782
6978
-1471
-14798
-14995
-147
9650
3905
-5882
-8282
-3847
5259
12284
7289
-4307
-4380
7427
13498
8698
2329
-113
1680
7106
9270
2972
-3894
-3089
583
-457
-4579
-6935
-6790
-6224
-7459
-9161
-8906
-6209
-4564
-5945
-8750
-7740
-2646
496
-2075
-4860
-2561
2235
4627
3810
2260
2447
5737
8785
8006
4932
4512
6583
7533
6457
4800
3208
2520
3520
4398
2821
716
886
-82
-5092
-7490
-1023
4537
-1953
-12975
-13419
-3208
6122
4557
-7090
-15212
-6667
8831
11130
543
-6649
-4551
2503
11020
12286
1866
-6502
998
12375
11638
3674
-599
-255
2479
5891
3738
-2856
-5265
-2001
-1302
-4710
-6725
-6902
-7715
-8644
-7983
-7579
-7664
-7322
-6761
-6302
-4319
-1744
-1641
-2428
-495
3004
3755
2943
3295
4986
5894
6374
6355
5807
5346
5551
5803
4642
3390
2615
2382
1322
578
289
-397
-1168
-708
1353
441
-5271
-9842
-4270
5638
4884
-6819
-13540
-5952
6961
11697
1955
-10960
-9399
6655
15000
6657
-3602
-4311
110
6495
11971
7126
-4934
-6119
5790
10979
3953
-2852
-3758
-2237
1457
3467
-1823
-7885
-6036
-1632
-2955
-5990
-5988
-5383
-6412
-7479
-7295
-5724
-2697
-1425
-4091
-6889
-3331
4433
6916
1526
-3140
-12
6642
9020
5402
437
-399
3364
6908
5337
662
-1534
220
2237
1754
-159
-1867
-2057
-1246
-310
-511
-251
1027
2549
2488
-716
-4430
-2174
6941
9859
559
-9292
-5737
6482
13740
7439
-6542
-11428
520
13357
9884
-2585
-8684
-5898
1469
9251
6973
-6233
-12294
-1831
8103
4733
-2637
-6000
-6326
-2342
3992
2580
-5609
-7672
-2342
676
-216
-673
-2396
-4957
-3723
-54
283
-1207
-833
-793
-1866
-1156
1364
2702
1933
-896
-3187
-742
4236
4059
-1609
-4687
-1785
2111
2411
-595
-3699
-3774
-419
2936
2252
-1173
-2712
377
4370
5036
2522
1453
3821
6823
8133
5169
-575
-2538
5145
12066
6129
-6160
-8559
873
10008
8575
-3804
-13679
-8223
5365
8051
-1651
-10206
-10977
-5212
4031
6754
-3552
-13277
-7268
5008
6617
-57
-4646
-4678
-634
5523
6072
-495
-3788
699
4649
3173
985
745
402
-557
-944
-889
-800
-828
-1932
-3891
-4768
-3144
-1172
-1624
-4498
-5918
-3764
-586
-328
-2578
-3793
-2277
478
1767
907
-491
70
2433
4308
4338
3426
3487
4868
6604
6500
5261
4542
5801
6837
6964
5598
1557
-2592
-752
6351
6324
-3243
-10979
-7319
1331
5086
-1176
-11962
-14407
-4291
4740
1324
-7062
-10128
-7588
-1141
6161
4934
-5157
-8689
907
9420
7691
2281
-618
-730
3929
9619
7506
-477
-2739
1664
4006
2433
306
-1868
-4439
-4559
-2719
-2385
-4286
-6018
-6729
-6979
-5625
-3040
-2296
-4889
-6445
-3931
131
1707
610
-1120
-922
2503
5949
5487
2509
1911
4123
6549
7503
6386
3730
2563
4683
6628
5632
3166
1831
1876
3057
4698
2743
-3482
-7424
-2696
3849
1552
-7787
-12707
-7772
959
3823
-3446
-12086
-9890
1137
6263
1376
-4206
-4864
-1883
4164
8842
4603
-3497
-2434
6367
9546
5222
922
-536
381
3998
5446
688
-4452
-3328
-219
-835
-3274
-4015
-3993
-4699
-5287
-5327
-4625
-3586
-3100
-4508
-5999
-4502
-204
2016
-296
-3074
-1425
3298
5801
4255
1434
1200
4075
6661
5523
2445
1845
3932
5035
3866
2285
1509
1667
2486
2154
-8
-1274
354
1830
792
-406
-1634
-4370
-5238
69
4149
-1030
-8949
-8102
51
5661
3752
-3753
-8552
-3269
6853
8649
1235
-4411
-3503
967
6155
7193
423
-6195
-2712
5112
5990
988
-3259
-4756
-2572
2395
3158
-2719
-6986
-4268
-167
202
-1456
-2911
-3950
-3354
-935
65
-1745
-2820
-1332
-372
-1053
-516
1041
1136
421
698
1086
1495
2646
3007
1291
138
1173
2129
1617
1097
1126
587
244
1059
1721
881
-3
209
521
744
1374
1943
1450
1636
2643
1167
-2560
-2228
3849
5900
-564
-7209
-4935
2589
6763
2707
-5756
-8428
-1118
6617
4769
-2483
-6759
-5556
-143
5472
3473
-5045
-7837
-1002
4888
3613
-360
-3462
-3959
331
5318
3237
-2778
-3682
182
2332
1861
599
-1411
-1998
-297
571
-1222
-2004
-989
-1202
-2877
-3160
-1235
194
-377
-2386
-3092
-1558
1197
2167
162
-2424
-1627
2045
3691
1720
-409
39
1690
3356
3917
2569
479
1032
3700
4489
2637
1467
2581
3719
4008
2451
-1220
-3483
342
5213
2056
-6361
-9033
-2684
4172
3573
-4339
-10196
-6494
2131
4755
-447
-6027
-6880
-2444
4022
5858
-16
-5458
-2271
4731
6737
3638
2
-1799
270
4924
5690
897
-2409
-723
1040
531
-68
-671
-2364
-3609
-3185
-2537
-2440
-2785
-3544
-4748
-5032
-3106
-700
-813
-2756
-2646
-738
688
1595
2351
1470
530
2050
3840
3441
2764
3396
3033
2153
3082
4601
3647
1685
1523
1969
1787
1547
1760
893
106
208
-910
-3640
-3662
301
1467
-3042
-7799
-6284
-407
3531
731
-5645
-7237
-1363
4986
4919
247
-3705
-2991
2602
8044
6217
-977
-3492
1878
6989
5876
1298
-2181
-2254
1320
4126
1420
-3862
-4962
-2310
-746
-1556
-3051
-4469
-4775
-3523
-2502
-3121
-3912
-3207
-2020
-1929
-2504
-1404
909
1883
714
134
1165
3104
4544
4448
2563
1408
2683
4289
4043
2357
984
570
1831
2974
1908
-910
-1634
-27
642
-682
-1679
-1244
-574
39
-1139
-4062
-4693
-11
3451
-134
-5882
-5714
249
5495
4766
-1500
-5391
-1206
6012
7376
2941
-1595
-2592
906
6247
6613
318
-4371
-1591
3186
3500
532
-2599
-4439
-3117
291
487
-3158
-5229
-3895
-2563
-2122
-1604
-1966
-2944
-2746
-1609
-1120
-703
119
298
-409
-768
666
2785
3321
1759
739
1216
2414
3675
3946
1990
-295
86
1754
1937
749
-473
-1627
-1732
-169
933
-425
-2352
-2466
-1443
-431
810
1203
27
-815
-441
-371
66
2461
3343
79
-3095
-1249
3344
5626
3221
-1611
-3166
1014
5455
4567
292
-2855
-3045
146
4047
2962
-2982
-5687
-1896
1915
1263
-1520
-3673
-4471
-2442
750
495
-2845
-4018
-1966
-355
-123
-108
-553
-1380
-740
1115
1332
-358
-734
1187
2060
435
-744
378
1930
2231
1080
-774
-1322
726
2584
1198
-1801
-2724
-1017
658
455
-1263
-2288
-1619
22
857
443
-371
-335
793
1778
2346
2705
3099
2273
346
-471
1965
5160
4017
-1014
-4074
-1252
3959
5481
715
-5288
-5313
484
4579
2319
-3019
-6322
-4570
969
4280
486
-5769
-5773
87
3813
1904
-1779
-3475
-2012
1503
3355
973
-2283
-1810
792
1743
911
215
-393
-673
-39
720
76
-1275
-1275
-170
-175
-1655
-2208
-1046
63
-329
-1464
-2046
-1345
-15
536
-327
-1249
-1067
65
854
602
39
413
1477
1849
1732
1958
2466
2559
2529
2830
3310
3697
3255
1077
-1185
-104
3568
3818
-1072
-5251
-3588
1278
3605
423
-5251
-6870
-2258
2568
1993
-2193
-5329
-4873
-666
3802
2946
-2134
-4239
-586
3607
4349
2053
-811
-1755
621
3704
3601
563
-1858
-1466
495
1742
796
-1323
-2809
-2450
-1492
-1383
-2141
-2588
-2547
-2678
-3091
-3099
-1704
-131
-612
-2694
-2506
368
2357
1553
-82
-661
583
3041
4029
2046
-294
505
3604
5296
3731
1084
742
3006
5044
4407
2234
828
272
-294
-22
1424
1042
-2255
-5137
-4220
-1125
945
-376
-4012
-6083
-3907
-136
1511
402
-2496
-4825
-2788
3004
5555
1933
-2091
-1199
2436
5227
5567
3064
-652
-1205
2216
4634
2763
-824
-2540
-2347
-934
390
-354
-3459
-5455
-4507
-3042
-2883
-3054
-3044
-3905
-4617
-3723
-1038
997
446
-2000
-2233
987
4069
3916
1654
25
672
3512
5371
3908
1080
581
2329
4080
4209
2713
997
1032
2668
3803
3340
1178
-1992
-3460
-760
2576
957
-4405
-7051
-4522
-171
1674
-1104
-5561
-6103
-1722
1949
1648
-599
-2614
-3069
134
4899
5136
927
-998
1674
4371
4970
4185
2163
28
700
2928
2597
-100
-1730
-1976
-2369
-2351
-1753
-2441
-4421
-5219
-4459
-4024
-4276
-4018
-3463
-3405
-3574
-2680
-810
634
632
188
645
1849
3240
4039
3466
2026
2086
3544
4210
3355
2411
1960
2069
2754
2771
1711
890
1487
1970
1431
408
-732
-1792
-1822
-720
-799
-2456
-3966
-3631
-2273
-952
-840
-2153
-3105
-2115
-28
1042
1188
448
-715
-589
2209
4564
3657
1277
711
2051
3741
4565
3143
351
-787
847
2128
1072
-1074
-2737
-3481
-2836
-1565
-1925
-3992
-5529
-5497
-4548
-3148
-2339
-3217
-4440
-3851
-1621
269
892
580
302
727
1879
3245
3952
3265
1978
1767
2771
3725
3751
2739
1263
971
2194
3130
2140
534
25
858
1795
816
-2395
-4246
-1520
2018
740
-4291
-6533
-3511
1334
2754
-683
-4869
-4699
-365
3706
4303
952
-3243
-3026
2700
7015
4829
-200
-1706
643
3756
5100
3277
-586
-2288
31
2391
1509
-840
-2064
-2784
-3025
-1957
-1092
-2381
-4596
-5661
-5052
-2984
-1130
-1401
-3313
-4325
-2671
887
3048
1156
-1341
-412
2528
3974
4008
2533
402
780
3600
4263
1961
559
725
1348
2125
2385
681
-602
465
2067
1577
-849
-3250
-3131
24
2115
-223
-4556
-5285
-1621
2572
2680
-708
-3407
-2539
577
3675
4293
960
-3062
-2440
2555
5327
3334
-218
-1454
-228
2284
3740
2429
-804
-2513
-1263
631
877
-411
-1882
-3147
-3126
-1765
-493
-1608
-3967
-4774
-3032
-1009
-679
-1645
-2389
-1859
-360
1092
1193
663
409
952
1584
2086
1917
1336
992
1251
1573
1427
1008
562
644
828
741
395
704
1227
1410
989
-502
-2572
-2424
679
2390
-209
-3958
-4140
-868
2796
3271
325
-2665
-2180
882
3825
4591
1936
-2164
-2503
2085
5550
3971
46
-1939
-1466
845
2998
2446
-1061
-3504
-2411
-37
597
-453
-2007
-3556
-3695
-1951
-600
-1664
-3369
-3584
-2508
-1282
-376
52
45
-165
-212
635
2205
2758
1732
595
608
1438
2299
2121
744
-501
-252
829
1286
561
-748
-1133
-277
805
822
480
65
-1200
-2625
-1662
1170
1845
-712
-3453
-3408
-784
2822
3641
731
-2313
-1609
1412
4157
5021
2480
-1748
-2284
2011
5171
3931
792
-1300
-1701
321
3037
2686
-1011
-3761
-3311
-1309
-3
-307
-2489
-4680
-4369
-2246
-1236
-2093
-3283
-3506
-2529
-1334
-493
316
1067
634
99
1157
3014
3791
3370
2060
858
1455
3188
3329
1690
317
-184
250
1360
1361
-549
-1948
-1256
-95
490
-17
-2669
-5617
-4451
101
2008
-1132
-5177
-5594
-1588
3596
4665
843
-3009
-2204
1986
6140
6784
3004
-1726
-1419
3536
6915
5335
1581
-810
-874
1246
3375
2772
-733
-3445
-3337
-1686
-530
-611
-2510
-5447
-6679
-4647
-2021
-1802
-3517
-4891
-4549
-2059
1191
1997
-29
-1394
288
3014
4436
3948
2449
1496
2404
4182
4599
3147
1571
1445
2131
2259
1528
446
-378
-508
92
213
-1771
-4793
-5592
-3108
-835
-1847
-5138
-6837
-5076
-824
1888
839
-1889
-2505
-427
2833
5739
5653
2130
-734
1275
5517
7386
5638
2619
353
611
3021
4702
2955
-1001
-3407
-2730
-836
-227
-1710
-4734
-7022
-6361
-3637
-2116
-3153
-5046
-5352
-3387
-614
809
410
-563
-556
956
3160
4022
3139
2164
2414
3231
3846
3937
3392
2610
2280
2308
2110
1804
1544
990
312
-873
-2900
-4480
-3568
-1518
-1540
-4070
-6378
-6175
-3392
-278
140
-1935
-3572
-2646
115
3401
4696
2655
-549
-406
3119
6309
6339
4089
1675
937
2531
4663
4577
1632
-1370
-2234
-1180
-200
-1328
-4247
-5952
-4656
-2693
-2751
-4660
-5609
-3870
-756
242
-1298
-2277
-916
1465
3002
2883
1301
632
2263
4633
4910
3285
1519
1748
3571
4748
3145
476
-282
1389
2827
1432
-2514
-5583
-4465
-820
581
-2561
-6790
-7720
-4094
368
1481
-1198
-4136
-4367
-1438
2967
5221
2988
-1293
-2236
1205
5553
6848
4423
541
-930
1372
4667
4968
2024
-1408
-2565
-1971
-1323
-1012
-1425
-3156
-4693
-4522
-3547
-2154
-426
-305
-2618
-3227
-770
1727
2159
1825
421
-624
755
3763
4691
3404
1920
1658
2784
4211
4224
2492
898
662
1608
2078
558
-2706
-4789
-3742
-1271
-674
-3161
-6450
-7119
-3896
14
695
-2036
-4661
-4361
-940
3234
4434
1628
-1712
-1312
2348
5574
5586
3181
654
109
1458
3188
3262
1363
-1345
-2981
-2705
-1300
-304
-730
-2505
-4377
-4028
-1401
821
396
-1261
-2288
-1691
265
2586
2803
951
-662
288
2752
4463
3736
1705
772
1844
3393
3685
2661
1232
725
1184
1263
-533
-2645
-2930
-1478
-773
-1887
-4000
-5168
-3977
-1240
245
-993
-3139
-3745
-2093
591
2376
1700
-479
-1580
-194
2353
3703
2943
870
-777
-919
374
1479
940
-882
-2538
-2722
-1469
-54
-104
-1021
-1515
-1064
-350
521
934
616
197
381
769
1037
1522
1803
1597
1359
1820
2254
2169
1801
1677
1562
1378
1342
1387
1245
544
-756
-2195
-2436
-1253
-233
-1078
-2875
-3762
-2824
-833
734
554
-903
-1949
-1358
493
2256
2313
389
-1401
-964
1085
2326
1786
14
-1618
-1980
-1067
-391
-792
-1708
-2358
-2502
-2071
-1325
-936
-982
-946
-642
-289
196
873
1455
1795
1884
1759
1618
2070
2902
3356
2800
1789
1146
1375
2146
2393
1261
-402
-834
126
582
-838
-2851
-3487
-2375
-986
-726
-2046
-3535
-3302
-1041
983
1101
-117
-935
-464
1269
3045
3232
1642
70
78
1195
2061
1650
175
-1446
-2231
-1954
-1171
-1019
-1985
-3216
-3431
-2611
-1735
-1239
-1095
-1196
-1062
-213
808
1296
1514
2001
2359
2429
2622
3094
3235
2926
2624
2440
2272
2116
1950
1409
703
126
-326
-1269
-2417
-3110
-2989
-2726
-2841
-3475
-4106
-3958
-2835
-1358
-431
-74
-152
-113
521
2048
3263
3355
2646
2005
1792
2090
2653
2436
1144
-394
-1117
-1132
-887
-949
-1510
-2257
-2743
-2949
-2910
-2266
-1405
-1233
-1958
-2199
-1196
487
1643
1803
1162
887
1882
3440
3900
3034
2187
2287
2956
3308
2864
1817
1038
937
754
-313
-1642
-2196
-1992
-1883
-2163
-2830
-3547
-3678
-2618
-1259
-903
-1635
-2145
-1578
-198
1072
1321
586
-69
186
997
1536
1364
792
184
-193
-367
-259
-137
-143
-469
-741
-715
-229
216
248
74
307
800
1038
1049
1040
1150
1311
1510
1340
1023
853
902
819
791
794
585
148
-162
-318
-586
-1028
-1643
-2138
-2074
-1403
-1091
-1529
-2068
-1798
-864
135
716
718
350
198
791
1750
2081
1412
462
7
106
411
387
-185
-974
-1324
-1330
-1386
-1409
-1277
-1200
-1372
-1458
-1535
-1435
-967
-143
186
142
335
912
1316
1645
2197
2692
2765
2647
2715
2692
2564
2629
2817
2397
1524
909
725
277
-457
-1231
-1816
-2265
-2306
-2276
-2646
-3224
-3216
-2575
-2072
-1893
-1877
-1820
-1652
-975
-322
-183
-408
-196
263
537
523
499
553
793
1042
814
354
311
861
1374
1409
906
413
362
812
1260
1328
950
353
4
48
343
531
471
124
-342
-748
-704
-196
384
414
54
-302
-448
-269
127
226
-126
-306
-63
175
168
305
642
790
635
447
475
649
669
249
-332
-697
-777
-1009
-1459
-2064
-2339
-2177
-1828
-1991
-2502
-2631
-2105
-1290
-762
-743
-1041
-811
102
1075
1387
1382
1438
1648
2036
2720
3208
2954
2356
2300
2804
3064
2743
2072
1356
886
931
1095
722
-297
-1241
-1616
-1523
-1404
-1599
-2172
-2757
-2830
-2362
-1750
-1548
-1703
-1785
-1356
-777
-353
-166
-21
-6
-46
10
170
429
666
753
515
303
341
665
923
796
272
-139
-89
225
372
209
-16
-98
2
100
73
53
183
463
552
333
76
126
535
928
1025
562
117
120
631
881
676
134
-343
-297
244
695
382
-226
-623
-234
383
670
-12
-935
-1309
-891
-327
-247
-940
-1906
-2196
-1678
-1064
-971
-1236
-1629
-1814
-1489
-848
-470
-384
-291
-205
-92
366
962
1173
1090
1274
1725
2095
2083
1823
1654
1953
2412
2448
1881
1158
769
1029
1494
1318
387
-421
-574
-357
-265
-492
-898
-1284
-1401
-1302
-1077
-1081
-1307
-1633
-1683
-1571
-1432
-1411
-1393
-1315
-1163
-1005
-852
-579
-220
86
262
412
457
526
790
1094
1019
627
481
656
822
747
581
329
73
-86
57
350
450
233
-147
-377
-313
169
617
459
-194
-505
-39
674
931
554
111
82
593
1122
1235
820
493
600
907
911
620
254
-74
-237
-297
-480
-819
-1064
-1230
-1375
-1397
-1293
-1327
-1534
-1695
-1692
-1498
-1159
-906
-977
-1021
-627
-58
95
-69
-20
403
977
1373
1341
888
727
1303
2099
2105
1382
753
742
1079
1327
1083
320
-450
-588
-222
-36
-277
-676
-925
-898
-559
-210
-135
-334
-435
-219
250
591
609
411
326
382
497
496
295
-112
-417
-437
-389
-606
-881
-990
-1045
-1204
-1201
-1063
-1065
-1146
-990
-809
-817
-656
-232
31
53
230
482
669
930
1235
1302
1240
1324
1513
1603
1488
1276
1029
838
692
501
192
-156
-391
-496
-584
-729
-857
-906
-925
-970
-955
-778
-575
-401
-267
-159
-204
-76
304
633
622
537
591
645
703
783
758
513
309
257
238
120
-123
-407
-666
-806
-902
-936
-996
-1145
-1330
-1280
-1096
-905
-769
-651
-642
-555
-286
41
242
360
498
657
875
1065
1148
1109
1111
1222
1377
1385
1150
823
651
645
652
449
53
-354
-450
-335
-313
-609
-998
-1134
-999
-792
-728
-741
-775
-664
-345
33
145
60
71
144
89
128
398
526
253
-29
-44
19
75
188
144
-119
-239
-97
-1
-63
-108
-137
-189
-115
93
216
207
248
329
349
421
601
680
576
468
337
168
78
101
-84
-488
-820
-910
-806
-630
-632
-930
-1121
-842
-400
-225
-217
-216
-188
-15
410
757
857
848
912
1024
1213
1427
1423
1106
770
703
724
582
134
-331
-603
-631
-749
-1017
-1403
-1765
-1931
-1781
-1583
-1693
-1915
-1951
-1625
-1072
-471
-172
-87
89
588
1250
1853
2211
2253
2217
2354
2688
2915
2838
2448
1988
1603
1305
917
335
-359
-977
-1407
-1703
-2045
-2527
-2899
-2948
-2813
-2747
-2725
-2628
-2276
-1615
-940
-669
-563
13
919
1524
1671
1693
1839
2200
2656
2773
2393
1946
1792
1692
1346
801
235
-235
-585
-938
-1377
-1748
-1967
-2100
-2248
-2351
-2326
-2141
-1842
-1508
-1132
-763
-424
-39
467
952
1285
1505
1665
1719
1833
2142
2421
2269
1814
1431
1352
1419
1376
1019
391
-212
-436
-323
-313
-647
-1158
-1514
-1582
-1395
-1151
-1148
-1449
-1707
-1547
-1133
-893
-877
-803
-603
-398
-156
178
406
458
551
732
792
762
877
1078
1055
812
619
566
575
622
537
189
-176
-216
-63
-86
-288
-481
-601
-693
-629
-428
-296
-416
-570
-554
-337
-107
-16
-52
-53
94
271
380
373
291
342
598
716
510
262
315
549
679
475
-16
-348
-133
301
312
-113
-526
-591
-296
40
39
-334
-655
-589
-274
-99
-208
-441
-515
-338
-124
-125
-276
-263
-59
71
-26
-170
-173
-22
190
316
232
32
-45
49
229
329
299
164
53
27
72
144
137
39
-43
17
108
169
181
175
134
97
148
237
232
144
128
125
-26
-250
-291
-206
-192
-282
-389
-422
-307
-110
-29
-104
-167
-115
45
182
227
191
127
78
135
275
304
172
78
144
214
217
165
66
-61
-16
166
204
17
-148
-137
17
225
276
100
-43
59
188
192
147
61
-54
-64
13
-60
-293
-432
-401
-349
-445
-602
-699
-662
-554
-440
-361
-360
-362
-294
-107
103
194
137
121
292
519
614
591
545
465
408
464
525
399
117
-93
-146
-108
-105
-253
-496
-669
-648
-475
-284
-228
-374
-476
-277
172
453
423
337
448
686
923
1063
1009
832
814
1045
1105
771
400
310
307
193
6
-294
-693
-928
-878
-902
-1145
-1324
-1317
-1361
-1464
-1385
-1166
-1064
-1081
-1033
-828
-494
-155
42
106
248
522
817
962
968
943
1010
1114
1132
1044
919
815
755
726
641
479
295
172
80
-8
-148
-300
-322
-238
-227
-295
-242
-123
-81
-70
7
25
-79
-135
-30
85
79
2
-80
-164
-148
25
108
-91
-349
-330
-129
-69
-184
-326
-395
-387
-279
-188
-287
-448
-426
-287
-283
-357
-364
-308
-318
-356
-380
-344
-315
-316
-352
-317
-150
14
27
-16
120
369
535
537
544
651
882
1034
1026
986
1071
1166
1148
1095
1025
896
754
686
576
345
60
-141
-296
-459
-657
-922
-1189
-1291
-1234
-1272
-1468
-1574
-1417
-1144
-957
-871
-764
-515
-150
167
293
394
629
912
1093
1189
1222
1158
1107
1139
1138
932
605
320
145
18
-163
-471
-776
-914
-910
-915
-987
-1042
-1011
-869
-632
-408
-300
-225
-18
293
522
612
663
747
847
931
926
844
753
675
540
363
221
48
-200
-404
-505
-666
-880
-985
-975
-990
-1025
-1001
-915
-768
-586
-447
-367
-222
23
285
468
552
580
637
809
1001
1027
850
676
655
681
635
494
311
115
39
95
93
-71
-249
-256
-199
-173
-187
-228
-283
-250
-135
-62
-45
-2
17
-21
-36
10
53
30
-61
-170
-202
-153
-128
-273
-519
-672
-646
-590
-565
-602
-730
-830
-711
-428
-285
-332
-357
-179
104
378
512
482
485
645
893
1049
1030
879
757
779
853
824
622
363
158
91
92
41
-96
-299
-449
-456
-344
-290
-368
-487
-501
-384
-224
-131
-157
-205
-136
92
278
273
188
204
329
435
434
312
173
104
87
54
-41
-204
-369
-437
-423
-469
-575
-647
-655
-611
-552
-481
-444
-389
-309
-225
-143
-32
107
183
205
242
329
425
501
529
479
379
369
480
541
413
214
139
186
238
217
87
-79
-97
45
107
-56
-238
-215
-60
19
-47
-181
-251
-165
-4
-7
-172
-261
-170
-76
-89
-130
-157
-178
-147
-31
19
-66
-132
-80
-32
-48
-25
25
4
-14
44
74
52
115
209
155
39
47
107
167
256
268
95
-87
-35
128
195
99
-83
-214
-172
-20
76
25
-130
-269
-254
-68
85
60
-82
-183
-170
-13
169
202
84
15
83
198
247
199
140
124
131
98
35
-31
-66
-99
-143
-202
-245
-246
-231
-205
-193
-198
-251
-273
-206
-74
5
-41
-117
-108
55
245
296
201
128
169
287
365
344
262
197
186
197
190
144
104
83
26
-66
-93
-43
11
-18
-130
-243
-250
-156
-94
-110
-201
-336
-424
-305
-96
-72
-240
-369
-337
-208
-54
-33
-166
-284
-204
-26
65
78
58
13
4
136
313
353
268
205
265
408
531
535
408
276
257
345
419
384
218
21
-39
49
105
-20
-258
-400
-367
-303
-319
-409
-498
-527
-471
-358
-264
-234
-213
-129
-4
105
210
285
286
260
313
439
517
445
258
91
78
154
99
-143
-433
-568
-506
-392
-414
-589
-711
-638
-480
-423
-427
-394
-310
-161
39
185
248
374
595
761
809
873
956
997
1022
1036
958
783
646
586
501
333
148
-46
-240
-420
-564
-685
-804
-933
-1046
-1061
-985
-931
-882
-775
-668
-575
-410
-162
35
144
236
343
454
565
664
697
649
562
526
531
486
340
143
-12
-93
-138
-237
-420
-608
-662
-606
-570
-572
-559
-498
-390
-235
-80
68
208
309
381
517
700
796
793
774
758
741
707
594
409
253
148
-1
-180
-317
-441
-607
-746
-770
-749
-805
-908
-942
-859
-721
-593
-527
-496
-413
-192
66
214
274
325
455
633
792
842
788
720
724
790
795
646
413
263
207
162
77
-67
-270
-414
-416
-367
-422
-546
-577
-490
-377
-321
-318
-328
-261
-89
92
158
127
128
226
349
427
413
322
236
211
250
275
204
49
-100
-168
-144
-136
-223
-350
-448
-478
-398
-254
-216
-306
-359
-298
-189
-78
30
71
31
51
219
407
486
498
473
438
456
576
651
543
352
243
251
274
221
46
-167
-261
-226
-229
-330
-428
-464
-504
-537
-513
-468
-452
-448
-448
-476
-477
-347
-177
-145
-212
-217
-69
151
334
330
196
170
326
489
529
466
339
243
255
327
328
246
123
16
-40
-35
-27
-52
-111
-216
-317
-298
-171
-83
-120
-199
-201
-100
26
101
110
78
82
145
227
243
211
208
241
262
235
169
102
72
82
81
-14
-175
-263
-221
-154
-182
-296
-418
-463
-393
-267
-214
-268
-350
-375
-292
-92
96
95
-58
-133
-9
211
413
448
295
142
256
549
726
639
411
265
308
504
576
397
108
-22
3
39
17
-88
-256
-382
-354
-311
-384
-466
-446
-413
-443
-509
-526
-462
-328
-228
-243
-332
-339
-193
-35
24
4
-30
-64
-9
143
257
231
144
134
200
279
320
294
213
156
176
223
209
158
107
80
64
44
25
0
-45
-101
-127
-118
-96
-115
-150
-158
-142
-112
-80
-64
-76
-32
90
184
169
165
270
366
399
408
396
352
373
424
369
238
176
158
87
-2
-72
-183
-309
-367
-416
-541
-651
-652
-600
-606
-676
-703
-614
-422
-244
-174
-158
-54
163
375
500
560
610
688
786
830
784
712
683
636
505
332
169
47
-52
-175
-351
-571
-745
-807
-800
-843
-946
-1005
-944
-820
-703
-608
-527
-396
-189
68
257
349
425
592
820
998
1044
987
932
946
950
902
802
629
393
199
102
2
-156
-364
-561
-710
-767
-742
-743
-827
-915
-879
-721
-574
-510
-460
-348
-198
-47
98
230
336
450
555
619
639
645
632
594
547
502
411
256
118
41
-17
-133
-282
-455
-572
-575
-473
-414
-501
-618
-633
-472
-240
-86
-86
-156
-124
67
315
470
503
453
421
500
652
747
669
502
384
370
405
410
278
38
-138
-134
-95
-201
-399
-528
-496
-422
-439
-548
-611
-545
-422
-352
-378
-440
-417
-289
-127
-38
-57
-128
-118
57
281
396
353
253
211
280
413
492
446
284
151
164
284
355
261
43
-145
-172
-69
-9
-97
-292
-424
-377
-208
-101
-150
-239
-213
-92
15
65
69
88
140
224
262
238
226
285
342
289
182
121
138
157
118
-8
-159
-195
-99
-44
-144
-293
-369
-347
-251
-172
-220
-343
-358
-236
-96
-18
2
-5
5
84
224
364
392
318
276
310
357
369
366
298
200
132
118
106
60
-14
-104
-196
-250
-237
-223
-265
-354
-397
-361
-307
-287
-309
-332
-297
-205
-101
-59
-49
1
107
182
194
203
235
249
235
248
283
291
253
162
67
66
148
180
59
-133
-235
-165
-29
12
-116
-271
-280
-137
-11
-23
-118
-175
-117
34
161
171
98
86
183
262
277
261
227
191
166
139
96
60
4
-114
-236
-297
-311
-355
-405
-451
-502
-559
-556
-500
-438
-401
-393
-379
-312
-171
-38
27
73
194
323
407
466
520
559
618
678
659
569
526
579
627
554
385
255
207
202
161
59
-125
-295
-369
-357
-338
-366
-435
-499
-471
-339
-203
-160
-167
-138
-51
28
121
194
208
204
224
248
218
199
195
137
11
-86
-126
-162
-216
-283
-387
-505
-537
-483
-461
-520
-575
-549
-450
-330
-246
-193
-115
7
128
251
376
450
457
495
593
649
644
618
566
493
475
476
407
254
129
85
65
-2
-106
-195
-277
-315
-303
-303
-361
-396
-360
-295
-268
-265
-258
-223
-136
-47
-40
-91
-102
-24
92
145
93
-7
-30
58
151
121
32
14
58
92
107
102
100
131
155
120
72
93
164
178
130
67
12
29
98
119
33
-88
-135
-78
-16
-18
-95
-179
-176
-86
-12
-42
-110
-120
-79
-48
-19
14
42
66
113
121
102
120
151
134
88
34
-23
-70
-83
-90
-138
-231
-298
-307
-299
-272
-269
-319
-395
-400
-296
-159
-82
-68
-61
3
136
287
367
381
391
425
464
492
503
481
438
390
367
341
280
173
74
16
-34
-109
-208
-317
-401
-396
-364
-404
-503
-570
-554
-460
-346
-283
-322
-366
-288
-93
80
101
34
22
134
282
369
328
234
192
247
303
271
188
104
73
89
109
60
-57
-159
-167
-99
-36
-57
-141
-183
-116
17
109
83
22
39
147
265
314
279
218
232
297
329
302
248
199
149
121
96
42
-53
-138
-197
-237
-255
-297
-364
-435
-433
-403
-390
-384
-348
-321
-311
-246
-130
-43
-19
-4
32
63
113
220
298
272
207
216
308
369
327
233
160
133
132
125
79
-4
-78
-93
-85
-82
-92
-131
-170
-174
-116
-70
-54
-80
-87
-37
39
112
125
75
9
5
54
73
33
-37
-85
-88
-59
-52
-92
-150
-166
-131
-75
-58
-90
-107
-74
2
62
64
29
30
64
110
138
130
116
115
120
108
79
63
82
88
56
17
1
3
16
37
31
17
-7
-26
-10
31
37
5
-22
-26
-3
47
76
44
-9
-2
53
64
2
-98
-134
-94
-52
-101
-209
-255
-203
-107
-84
-132
-175
-145
-45
31
4
-60
-57
9
81
104
82
54
58
96
119
94
37
1
3
21
10
-31
-68
-76
-68
-72
-96
-120
-134
-136
-109
-58
-11
-19
-33
21
123
196
193
172
179
232
300
320
267
197
169
173
179
134
39
-64
-141
-149
-130
-164
-271
-356
-350
-277
-207
-201
-236
-252
-186
-62
49
89
85
110
180
255
321
355
343
331
334
331
325
308
252
165
102
82
58
-4
-92
-158
-184
-197
-216
-251
-319
-351
-327
-278
-275
-301
-291
-238
-165
-96
-78
-83
-50
39
117
134
127
111
96
108
161
184
144
85
49
61
96
70
-15
-118
-153
-97
-38
-73
-158
-205
-198
-159
-120
-116
-144
-132
-71
-14
15
61
120
150
157
198
250
296
315
320
304
281
278
282
296
266
212
149
115
84
47
-16
-82
-128
-186
-232
-275
-300
-317
-322
-355
-406
-403
-332
-262
-253
-268
-265
-215
-126
-39
-5
-17
-9
46
107
161
194
217
194
161
180
239
272
233
160
118
134
143
118
72
23
-15
-30
-58
-101
-118
-112
-106
-106
-100
-93
-79
-61
-21
40
73
81
91
121
158
220
263
241
212
216
233
224
181
119
81
73
45
-3
-44
-82
-110
-123
-137
-193
-253
-280
-289
-305
-327
-319
-304
-298
-289
-249
-182
-139
-126
-102
-36
44
108
119
112
125
184
261
294
277
233
218
246
283
271
216
135
69
47
37
-5
-78
-154
-216
-236
-244
-270
-312
-342
-325
-275
-235
-229
-218
-174
-106
-39
-6
15
64
130
184
218
242
271
295
301
264
209
188
217
213
141
41
-10
21
60
10
-84
-123
-94
-38
-12
-59
-109
-87
-17
37
8
-41
-30
43
109
119
72
21
28
93
146
132
54
-20
-42
-24
-11
-48
-125
-187
-182
-135
-117
-168
-232
-252
-197
-114
-94
-140
-179
-138
-31
68
83
41
0
6
74
160
180
119
61
66
116
175
186
115
37
35
88
109
59
-14
-22
5
12
-7
-32
-23
12
32
0
-32
-25
13
51
67
39
8
22
53
72
58
45
32
39
71
90
74
54
52
15
-18
-16
-9
-28
-59
-92
-140
-173
-167
-141
-155
-195
-213
-213
-210
-212
-178
-155
-150
-136
-102
-32
29
92
110
103
94
132
179
222
224
198
197
205
224
226
219
177
101
3
-67
-65
-39
-85
-194
-282
-278
-219
-206
-270
-357
-357
-264
-193
-176
-160
-88
7
80
116
118
140
202
270
299
293
288
299
323
330
305
262
204
147
110
72
-4
-103
-181
-225
-237
-231
-275
-352
-381
-326
-261
-247
-260
-255
-210
-127
-33
35
61
89
140
236
316
337
309
263
232
222
250
248
190
101
41
27
53
49
-30
-132
-206
-215
-192
-175
-182
-215
-224
-201
-148
-76
-21
-8
-7
11
68
136
165
174
187
243
299
312
260
204
206
244
255
189
106
41
26
16
-37
-117
-171
-198
-208
-211
-228
-256
-295
-308
-271
-209
-179
-211
-261
-262
-166
-50
-13
-63
-97
-52
44
145
171
113
61
81
152
212
209
143
83
91
155
202
157
54
-16
-9
43
55
-4
-77
-116
-102
-63
-41
-88
-168
-219
-188
-126
-102
-142
-203
-200
-118
-11
34
19
-16
19
125
224
232
188
174
223
286
301
272
223
194
169
147
125
97
24
-54
-101
-137
-160
-187
-222
-277
-312
-316
-284
-232
-192
-183
-190
-177
-108
-7
54
70
76
116
194
279
308
272
220
198
202
194
150
64
-19
-57
-54
-68
-124
-199
-229
-215
-199
-201
-210
-208
-185
-144
-104
-62
-8
40
57
91
160
226
255
270
283
309
340
348
328
280
231
167
125
65
-11
-74
-125
-177
-232
-282
-319
-336
-328
-311
-315
-306
-268
-223
-216
-207
-173
-101
-21
10
11
62
135
179
187
168
137
149
174
156
93
43
42
79
74
-3
-76
-83
-46
-23
-41
-94
-139
-133
-66
-18
-19
-55
-92
-66
38
134
146
94
82
153
232
246
215
172
151
169
176
151
100
70
73
72
39
-8
-44
-59
-67
-77
-107
-144
-161
-176
-182
-180
-190
-208
-198
-171
-135
-89
-52
-47
-39
2
33
50
56
62
55
73
120
140
100
63
79
129
145
85
-12
-71
-40
39
66
5
-89
-129
-96
-58
-36
-70
-122
-126
-74
-13
16
16
-6
-11
34
89
123
117
100
93
101
116
121
113
91
87
107
99
55
19
12
-2
-29
-42
-45
-56
-84
-119
-140
-124
-109
-131
-204
-246
-191
-107
-82
-110
-131
-105
-37
22
33
9
13
52
95
128
150
142
141
159
179
194
182
146
100
63
54
63
43
-15
-77
-88
-72
-75
-105
-141
-161
-153
-154
-178
-190
-156
-104
-71
-53
-47
-22
9
44
67
88
86
87
128
161
181
186
173
131
97
102
90
38
-19
-56
-77
-80
-78
-97
-131
-176
-198
-172
-139
-148
-150
-127
-103
-56
2
50
83
99
111
137
177
193
198
194
187
178
185
180
147
117
83
33
-26
-62
-97
-144
-207
-235
-244
-258
-292
-315
-303
-253
-208
-177
-151
-132
-103
-63
6
78
111
112
144
207
243
253
239
223
206
198
173
150
131
119
80
38
52
54
21
-45
-102
-127
-108
-89
-115
-160
-173
-135
-67
-31
-55
-59
-10
34
38
29
51
59
66
55
60
106
150
147
111
88
84
93
105
99
67
27
4
24
24
-5
-45
-62
-68
-66
-80
-91
-90
-102
-116
-112
-70
-39
-23
-19
-5
19
47
50
41
39
49
54
58
59
43
36
26
18
10
12
6
-17
-44
-69
-78
-75
-87
-107
-124
-138
-130
-108
-103
-102
-103
-96
-73
-54
-63
-76
-70
-35
-6
13
32
60
75
70
55
44
51
57
34
-5
-17
3
43
61
18
-39
-42
18
69
50
3
-8
17
45
59
52
45
55
82
99
107
102
90
90
100
94
65
28
-7
-10
5
20
-10
-89
-128
-112
-71
-61
-89
-137
-155
-134
-101
-57
-43
-61
-90
-64
6
64
65
18
-13
12
89
137
109
52
22
44
65
55
13
-11
-28
-39
-28
-26
-34
-40
-19
-18
-24
-30
-40
-35
-26
-19
-25
-25
-12
14
41
56
61
71
91
96
98
102
101
93
102
115
110
80
41
30
39
32
2
-23
-40
-31
-34
-59
-102
-119
-120
-123
-162
-197
-178
-140
-113
-102
-99
-102
-80
-43
-2
1
-17
-16
12
59
113
141
133
127
154
189
193
167
136
127
132
128
84
33
-1
-2
-1
-39
-103
-150
-173
-183
-180
-182
-193
-202
-207
-217
-172
-106
-62
-59
-47
-22
27
91
118
115
105
132
171
204
215
207
196
203
199
172
141
107
87
77
47
-13
-49
-60
-68
-102
-139
-151
-161
-152
-128
-98
-86
-79
-72
-57
-42
-36
-40
-51
-53
-21
32
72
85
71
65
77
99
94
64
16
-7
-1
-5
-18
-16
-10
-19
-37
-76
-95
-93
-89
-111
-140
-150
-120
-75
-58
-65
-77
-74
-39
14
47
43
32
36
66
111
147
134
95
83
100
145
163
124
75
57
75
73
40
-1
-25
-26
-26
-56
-97
-110
-97
-67
-69
-95
-102
-67
-32
-38
-49
-54
-42
-27
-15
-13
-11
-1
9
11
30
60
69
56
41
39
51
59
39
10
-10
-7
1
-3
-22
-35
-54
-64
-65
-64
-66
-55
-51
-56
-35
-4
14
18
10
5
21
42
47
49
40
41
48
68
86
87
87
87
88
90
107
108
80
41
23
36
41
29
3
-6
13
35
18
-23
-63
-93
-83
-56
-43
-59
-97
-120
-85
-4
31
-3
-54
-65
-18
21
20
-14
-21
-7
38
84
107
100
84
98
97
94
81
60
34
15
-2
-13
-29
-58
-78
-72
-67
-99
-132
-142
-121
-107
-109
-106
-94
-86
-97
-92
-68
-47
-39
-45
-24
30
69
73
65
44
39
55
94
116
80
28
22
57
60
24
-20
-38
-31
-39
-46
-40
-25
-19
-24
-35
-58
-62
-49
-27
-31
-25
-16
-1
7
11
31
58
83
65
32
28
48
65
51
9
-21
-14
8
5
-35
-87
-100
-80
-56
-46
-57
-70
-61
-29
-33
-44
-40
-25
-4
20
31
39
71
100
114
94
95
116
126
99
85
110
124
112
55
17
10
24
12
-33
-59
-63
-48
-45
-29
-30
-24
-34
-38
-29
-15
-1
-18
-36
-45
9
41
32
19
14
31
54
73
58
30
4
-10
-6
3
11
-6
-55
-74
-70
-51
-43
-70
-117
-124
-104
-78
-53
-41
-46
-43
-16
12
28
34
37
34
53
71
70
84
114
142
145
131
109
90
68
47
27
-9
-40
-69
-72
-54
-25
-46
-89
-116
-112
-84
-51
-50
-65
-58
-27
22
34
19
2
9
32
46
43
40
49
58
56
44
32
29
28
9
-12
-25
-28
-43
-79
-97
-93
-83
-75
-68
-75
-69
-58
-73
-89
-73
-33
-6
4
14
35
70
116
132
126
123
107
106
119
110
85
61
37
14
19
34
13
-13
-16
-17
-21
-25
-59
-82
-79
-66
-68
-81
-88
-73
-58
-76
-87
-51
-19
-7
-11
-12
5
39
71
77
65
62
69
91
89
62
55
35
36
38
37
33
2
-25
-34
-18
-31
-62
-102
-108
-82
-66
-85
-114
-133
-121
-88
-56
-35
-38
-35
-26
-12
-12
5
21
24
27
30
41
57
72
80
85
92
77
49
14
-1
5
-3
-26
-41
-24
4
21
24
30
13
-17
-27
-6
7
-28
-52
-61
-38
18
64
67
80
102
113
122
109
63
38
55
86
102
90
76
86
109
94
73
53
6
-34
-58
-84
-67
-36
-60
-91
-87
-46
-7
-26
-94
-124
-72
-17
-18
-66
-108
-81
-22
4
-22
-43
-15
9
3
16
31
45
41
20
-12
-27
-17
-20
-36
-50
-48
-41
-31
-19
-6
-2
0
-20
-17
1
19
21
16
3
11
15
21
39
44
41
48
60
56
48
55
65
42
22
0
11
31
28
-12
-48
-39
-26
-23
-36
-75
-105
-107
-82
-65
-41
-30
-39
-47
-42
-33
-26
-13
-15
-35
-39
-10
21
33
21
14
24