3
3
5
5
4
3
1
-1
0
0
0
-1
0
3
6
7
7
6
6
7
6
5
3
3
4
3
2
2
0
-1
0
0
1
2
2
2
1
1
1
0
-1
-2
-2
-1
-1
-1
-1
-1
0
1
2
0
0
0
0
-1
-1
0
-3
0
1
0
-1
0
0
0
-1
-2
-2
-2
-4
-4
-4
-1
-1
-2
0
1
1
2
0
-3
-2
-1
-3
-3
-5
-6
-4
-4
-4
-3
-2
1
2
0
-2
-1
-1
-2
-6
-8
-6
-5
-5
-7
-9
-7
-5
-5
-6
-4
-3
0
2
-1
2
4
6
4
1
1
1
2
2
-1
-1
3
4
5
4
2
2
3
4
1
1
1
2
4
3
5
3
0
0
0
-3
-3
-3
-3
0
1
-1
1
2
2
2
3
2
1
2
-1
1
2
-1
-3
0
0
2
3
0
0
3
5
4
3
2
0
1
2
2
0
-2
-2
1
2
0
0
2
3
6
5
5
4
4
3
2
1
-1
2
4
3
1
5
5
3
1
-3
-4
-1
-2
-3
0
1
3
5
5
3
4
1
-2
-5
-3
-4
-4
-3
-4
-1
0
0
-2
-1
-3
-3
-3
-3
-3
-2
-3
-6
-3
-4
-4
-5
-6
-6
-4
-1
-2
-1
1
2
4
4
2
3
0
-1
-3
-3
-2
-3
-7
-6
-3
-3
-2
-3
-2
-2
2
-1
-2
-1
1
1
1
0
-2
3
2
-1
-2
1
0
4
2
-1
1
4
1
0
0
-3
-3
-4
-5
-7
-7
-5
-1
2
3
1
3
4
0
-3
-4
-5
-2
1
1
1
3
2
3
7
5
2
7
10
11
11
7
7
10
9
8
4
4
5
-2
-11
-14
-17
-15
-18
-19
-15
-5
0
8
6
1
4
6
2
2
3
2
11
10
7
5
9
7
0
-7
-6
-3
0
7
9
7
10
10
2
-2
-2
-4
-8
-4
3
7
8
8
2
-1
-7
-15
-13
-12
-17
-15
2
11
12
14
16
14
7
3
-6
-13
-19
-18
-12
-6
-1
-3
3
1
-1
-6
-10
-13
-8
-7
-9
2
16
14
13
25
20
12
13
3
-10
-6
-13
-22
-19
-13
-10
-9
-13
-14
-21
-21
-9
-9
-9
6
21
23
34
42
36
32
24
7
6
9
-2
-5
9
3
1
18
17
-3
-12
-14
-16
-6
-8
-16
-7
4
9
11
-3
-23
-24
-18
-16
-16
-18
-6
9
17
19
15
11
8
1
-5
-9
-20
-24
-23
-24
-23
-30
-24
-13
-13
-4
5
17
25
31
33
36
40
39
35
39
36
28
33
36
22
9
0
-2
-4
-14
-18
-7
7
16
26
25
24
25
28
36
30
8
1
10
-4
-26
-48
-60
-58
-55
-77
-92
-84
-63
-53
-58
-69
-70
-46
-20
-17
-21
-1
30
59
65
39
18
2
-39
-72
-62
-57
-46
-2
28
46
68
68
39
14
-10
-18
-34
-51
-92
-84
-49
-54
-57
-52
-18
1
11
0
-12
-4
-35
-93
-128
-131
-114
-55
-25
16
102
187
222
201
159
110
49
-2
-13
-22
-10
-16
-6
27
86
108
138
153
146
114
103
71
32
-45
-138
-142
-102
-39
21
85
123
160
128
33
-54
-93
-98
-164
-194
-164
-160
-169
-146
-107
-52
5
7
5
-1
-80
-165
-154
-79
-20
-53
-56
4
54
-5
-82
-74
-70
-75
-88
-75
-24
52
139
163
106
30
-18
-63
-56
-45
-48
24
170
322
365
305
179
99
27
-75
-196
-197
-42
110
161
161
212
313
326
237
135
56
37
76
97
59
-37
-155
-178
-159
-211
-309
-311
-217
-7
169
198
243
341
388
425
380
197
35
82
222
160
23
57
213
306
387
390
300
249
310
312
131
-78
-90
18
183
89
40
212
432
441
244
-7
-262
-274
-447
-381
-2157
-6173
-7091
-3140
-838
-1038
343
2434
4150
6394
5766
1343
-1074
-444
-110
-662
-1376
-1960
-209
1965
1383
-1281
-2607
-2705
-2364
-2435
-2844
-2219
590
3517
4186
3413
2499
1771
983
-20
-1888
-2950
-2150
-447
285
-1863
-5989
-7532
-5740
-4503
-4229
-2966
80
5350
10403
11210
9336
8052
7212
5921
4239
1583
-298
388
2082
1988
71
-2117
-2765
-2683
-5340
-10487
-13263
-11420
-7798
-4440
-1586
882
3939
8331
10619
8827
5515
4007
4208
5035
4520
2367
969
1312
748
-2137
-5897
-8912
-10158
-9239
-7607
-6473
-4519
-799
2867
5110
5635
4284
2702
2606
2239
206
-729
-2805
-6337
-5949
-3078
-4825
-7471
-6705
-5120
-3110
-122
857
2219
7231
12243
14425
14247
12736
11989
12519
10581
6884
4761
4922
2809
-4967
-15795
-21892
-22466
-21871
-21513
-19264
-13119
-2363
8667
13679
13207
12912
14823
15826
14571
11694
9510
9766
10903
8345
2094
-4945
-11052
-16191
-19924
-22593
-22892
-18867
-11208
-3332
2902
7160
9554
10840
11615
10977
8846
7768
8890
9992
9735
7601
3504
-1680
-6662
-12119
-17402
-19711
-22639
-23990
-17664
-8789
-4922
-780
4810
7980
10469
12449
10225
8485
10695
12684
13002
12477
10081
8098
6922
3058
-2683
-6141
-6589
-4705
-1895
-461
-1190
-5898
-12197
-14562
-13395
-14204
-14279
-8812
211
9169
17124
19498
15957
13101
12103
7649
1421
-2227
-2804
-577
2902
2662
-1527
-4408
-6248
-10623
-15716
-17793
-16381
-10315
-866
6620
10631
14467
16695
14592
10186
4885
-1096
-3275
-1012
669
227
425
-141
-2223
-5163
-10116
-15492
-17850
-16853
-12989
-6357
-1170
1713
5708
9914
10092
6890
2749
195
981
3321
3999
4341
6121
8881
10031
7370
1852
-1682
-1839
-920
-1053
676
5893
10936
11618
4002
-9430
-18470
-18496
-19304
-22755
-19928
-9473
2437
14154
19446
14781
9352
9629
8218
3435
1028
2021
5723
12456
15395
9526
1586
-3676
-10491
-18644
-23169
-23852
-19735
-9331
1877
8008
11444
13375
11862
8122
4266
-798
-3298
494
6071
8323
9210
8317
3755
-1801
-7667
-15561
-23251
-26250
-22667
-15516
-10350
-6776
-795
6196
9992
10109
7733
5848
7713
11401
12778
12201
12090
13259
13946
10272
3040
-2684
-3798
-3119
-2250
33
2647
3010
-3467
-14456
-21409
-21402
-21621
-21510
-15224
-3867
8362
20433
25869
21585
16262
15013
11252
4241
-48
-238
2123
6167
6780
1486
-4099
-8406
-15320
-22625
-25308
-24164
-18374
-6917
4294
11095
16809
20557
18668
13299
7768
1918
-1298
503
3064
3874
5129
5091
550
-5789
-12249
-21540
-29115
-29558
-26394
-21462
-11268
309
8412
14945
19234
18437
15106
11935
8865
7180
7497
8652
10154
11152
9766
6780
3154
731
53
-1154
-2950
-1966
-240
-7360
-18886
-21603
-18223
-19020
-18531
-12040
-4827
4537
17792
22586
17068
14828
17063
14713
9874
6362
3208
3538
7656
6058
-2304
-7705
-10798
-16955
-22029
-23231
-23405
-18388
-6830
2521
7580
13184
16651
15798
14295
11495
5768
3045
5396
6588
5628
5253
2852
-2653
-7308
-12618
-22280
-29759
-28855
-25401
-23642
-17194
-6250
3557
11682
17746
18499
17162
17304
16615
13829
11362
9994
10409
11767
10135
5941
3114
2378
780
-1502
-1909
-855
-3793
-15299
-26290
-26629
-21775
-20832
-19115
-12063
-1660
11978
24256
24391
17114
16643
19969
17106
11091
7123
5625
7900
10532
5322
-4883
-11179
-15540
-21842
-26369
-27455
-25945
-17549
-4186
4896
9362
14527
17386
16228
14533
11106
5301
3999
7551
9176
7781
5872
1525
-4336
-9354
-15214
-23100
-30550
-32328
-27268
-18730
-10418
-2592
5519
14283
21069
21764
16875
12432
11392
11886
11106
8873
7607
9196
10297
7720
2398
-1639
-3476
-3658
-3058
-2569
-5714
-15346
-21651
-18219
-14093
-16260
-15059
-6997
2264
12631
21770
20155
13759
15102
18206
13242
6525
3916
3774
6328
8079
2225
-6465
-9371
-11305
-17530
-22506
-23071
-20582
-12351
-1244
4588
6858
11860
15347
13700
10762
7212
2776
2818
6278
6240
3868
3147
560
-4908
-10111
-17595
-27523
-31577
-27653
-21855
-15444
-6630
2857
11910
19372
21072
16898
12281
10523
10059
8935
7399
7066
9767
12834
11868
6754
2403
-87
-1605
-3417
-4393
-4843
-11714
-21388
-21703
-15253
-15339
-16500
-10028
-2093
6151
18047
22026
14702
12518
17875
16376
9073
5616
4592
5043
8448
6503
-3300
-8971
-9161
-13983
-21235
-23329
-22145
-16731
-5656
2484
4575
9015
14849
14729
11542
9354
5267
2815
6037
8276
5479
3089
1609
-3679
-11286
-19731
-28203
-31454
-27895
-22444
-15319
-4510
6698
15378
21217
22143
18518
14263
11370
8673
6416
4715
4586
6755
10058
10796
8133
4305
1611
-266
-2081
-3212
-11663
-25939
-29063
-18670
-14301
-17231
-12519
-2539
6119
17280
23290
15519
9292
14793
17278
10914
6299
4865
4806
9709
11686
1615
-8783
-9768
-11744
-19646
-24601
-24980
-21349
-10022
2343
6169
7828
13584
16682
14103
10362
4951
798
4321
9796
8017
2880
-762
-5703
-11376
-17991
-27313
-32559
-27355
-17082
-7845
763
8609
15760
22347
23857
17788
9999
6601
7001
6978
4325
2252
4432
9239
10696
6904
1359
-1335
-1970
-1840
-4938
-17321
-28325
-23804
-13215
-13052
-14475
-7718
913
9731
19624
19744
11226
10667
16804
15590
9030
4986
2574
3483
7612
5009
-4546
-8636
-7881
-11487
-17213
-20149
-21964
-18932
-9132
-1450
1359
6549
12916
15500
15891
13568
7360
4726
7394
7224
2946
-1691
-6387
-10435
-14422
-20754
-26032
-24374
-16881
-7978
194
6948
12852
18128
20396
17219
10604
5704
5748
7246
6191
3959
4532
7739
10296
8682
3740
-649
-2221
-1384
-8270
-23542
-30444
-22690
-15882
-14942
-10357
-3196
3777
14968
21856
14969
8082
11841
14987
11894
9713
8229
6001
7696
8611
868
-8263
-10886
-12604
-16295
-17256
-16936
-16148
-10067
-2090
451
1252
4906
7931
8752
9645
9094
8161
8754
7981
4007
-1328
-7728
-13745
-16337
-17923
-19542
-16675
-8744
-1071
4970
9949
12384
12802
12524
10270
6488
4302
4381
5964
8126
10036
10804
11442
10969
7876
2491
-1205
-5098
-16914
-28850
-28458
-21840
-20805
-18113
-9166
-1463
6152
16301
17946
10686
9241
13720
13501
10490
10053
10426
12516
15231
10698
-65
-6916
-10857
-18139
-24377
-24672
-21909
-15317
-5031
2271
5445
9410
12413
11371
8640
4970
607
-241
1403
387
-2476
-4130
-5027
-5340
-6522
-10336
-13121
-11217
-6804
-3314
-496
3071
8282
13573
16207
15394
12556
10538
10299
9722
6720
4447
5237
7302
7819
7570
3647
-9866
-23871
-27147
-26386
-30923
-30762
-20812
-8889
4443
18636
22273
17310
17286
18956
13024
5793
3904
4433
8210
14050
13486
6608
1981
-2430
-12080
-22699
-29091
-30863
-25516
-14798
-5752
1330
10571
18444
19131
14633
8614
2920
459
697
-9
-1040
312
2791
2967
-1652
-9865
-15321
-14830
-12503
-11169
-8070
-1086
7726
15366
18354
16426
13039
11547
11440
10528
8846
8370
10411
13782
14719
4441
-12947
-22664
-23903
-27474
-32228
-30706
-23662
-12252
3345
13565
13731
13958
18280
18933
14468
10049
6751
6540
10496
12075
7381
2488
-496
-5879
-13577
-20233
-25139
-25352
-19412
-12177
-6136
400
6109
9142
10358
9294
6240
4995
6545
8105
8859
9116
8596
7179
3847
-2312
-8980
-13288
-14973
-14552
-11879
-7048
-216
6556
10919
11931
11185
10230
9538
8460
6513
6138
9244
13495
11405
1844
-7366
-11839
-16357
-22976
-27232
-26046
-19353
-8194
1907
6184
8129
11800
14190
11848
6958
3971
5256
9480
12474
11944
10219
8574
4795
-2907
-12916
-21725
-25752
-24298
-20019
-15198
-8408
-749
5060
8800
9303
6142
3360
3616
4727
5697
7043
8255
9688
10753
8126
1763
-4361
-8228
-10302
-10880
-10066
-6844
-630
6274
10292
10582
8965
7695
7766
7162
4782
2867
5191
8374
4666
-3787
-8799
-10574
-14342
-17712
-18293
-17227
-12008
-1796
4981
5684
7113
10404
10986
9124
6613
3709
3178
5965
7859
6782
4833
2389
-1363
-5933
-11203
-16645
-18526
-15510
-10750
-6083
-705
3412
4921
5365
4429
994
-2112
-2399
-825
1363
3643
5622
7515
7878
4795
154
-3415
-5920
-7593
-7402
-4917
-152
5668
9837
11510
11803
11005
9036
6811
4438
2891
3579
7340
8319
-30
-10491
-13942
-14297
-18585
-21746
-19747
-14186
-4169
7287
11173
8990
9645
11997
9979
5091
1301
263
3516
8169
8511
5617
4252
2768
-2269
-9516
-16235
-20222
-19035
-14470
-9892
-4935
1613
7286
10172
9928
6144
1740
581
1187
649
-104
784
3252
5599
4565
-512
-5537
-7840
-8497
-8987
-9084
-6952
-617
8033
13383
14098
13243
13019
12645
10404
6365
3532
4465
8973
10026
1848
-8400
-12537
-14265
-19882
-25240
-25992
-21454
-10580
2291
8427
9672
13685
18602
17613
11628
5421
1979
2721
4966
4348
1857
1357
1345
-1908
-8296
-15391
-20349
-20215
-16567
-12513
-7430
-153
7704
13644
15114
11300
6082
3430
1919
-166
-1688
-1451
1172
5162
6228
2231
-3429
-7332
-9437
-10922
-12132
-11243
-5733
3378
10587
12916
12494
12476
12652
11357
7873
5018
5769
9877
12634
7021
-3400
-9940
-12125
-16865
-22638
-24357
-21366
-12972
-653
6938
7474
8988
13098
13300
8954
4740
2399
3173
6793
9053
7947
6165
4151
-74
-6602
-14183
-21182
-23928
-21452
-16548
-10504
-2946
4850
11413
15328
14206
8743
3846
1218
-741
-2005
-1671
413
4260
7573
6518
1611
-3187
-6536
-9670
-12230
-12059
-8549
-2355
4909
10183
11973
11880
11518
10124
6997
3695
2904
4891
9004
9356
2658
-4395
-6721
-9764
-16578
-20872
-20832
-17697
-8724
2280
6803
7968
12311
15729
13106
7771
3286
1157
2676
5403
5877
5459
5616
4379
-39
-6900
-14967
-20731
-20896
-17899
-14739
-9583
-1359
7010
12185
13054
9977
5367
2177
-67
-2146
-3234
-2286
1062
5570
6991
3421
-1283
-3684
-5715
-8655
-10572
-9049
-3883
3414
9553
12080
12057
11918
11402
8556
4002
792
1149
4517
7795
4688
-3118
-7407
-7913
-11809
-18074
-20712
-19081
-12792
-1944
6049
7777
10114
15183
16501
12115
6130
1721
1070
3440
4496
3173
2820
3491
2157
-2509
-9714
-16853
-19386
-17220
-14597
-11703
-5366
3121
10102
13877
13477
9514
5444
2210
-1260
-4385
-5786
-4641
-907
2609
2372
-520
-2757
-4067
-6147
-8478
-8929
-6113
-706
5679
10779
12868
12863
13111
12605
9668
5643
3512
3888
5697
7074
2998
-5716
-11478
-12954
-16725
-22177
-22968
-19039
-11791
-942
7619
9808
11589
15811
16571
11909
6670
3449
3109
5497
6756
5073
3737
3335
516
-5771
-13195
-19422
-21693
-19230
-14979
-10059
-3137
4977
11668
15043
14409
10680
6631
3344
163
-2352
-3448
-2546
15
1898
909
-2007
-4704
-6919
-9207
-10889
-10951
-8394
-3164
3479
9313
12644
14021
15106
15328
13362
9594
6095
4784
5238
6287
3650
-4270
-10974
-12610
-14172
-18936
-21837
-20089
-14525
-5235
3079
5688
7047
11378
14318
12400
8518
5671
5369
7901
9429
7540
5315
4101
1154
-4763
-11864
-18499
-21802
-19790
-15451
-11113
-5046
2625
9145
12901
13102
9893
6153
3490
938
-1089
-1651
-670
1754
4073
3535
409
-2707
-5074
-7570
-10091
-11303
-9913
-5785
-77
5441
8924
10641
12241
13534
12588
9453
6797
6398
6850
7337
5738
-826
-8162
-11109
-12738
-17505
-21144
-19954
-15297
-7285
1433
5325
6721
10532
13633
11820
7684
4447
3124
4867
7364
7025
5290
4624
3484
-552
-7333
-14731
-19006
-18126
-15000
-11959
-7514
-982
5668
10349
11653
8934
5195
3798
2545
-379
-2860
-2441
479
3668
3995
1390
-849
-1575
-2869
-5685
-8213
-8099
-4649
183
4269
6685
8083
9332
10166
9082
6293
4054
3689
4229
5267
5999
2155
-5080
-9343
-10394
-13608
-17806
-18020
-14263
-7614
764
6070
7137
8777
11704
11583
7753
3549
1507
3045
6212
6592
4489
3717
3482
486
-5533
-12189
-16880
-17048
-13690
-10173
-6325
-318
6184
10509
11747
9338
4533
1268
439
-1598
-4778
-5100
-2276
1066
2584
1205
-1524
-2718
-2763
-3925
-5585
-5231
-2033
2774
7176
9615
9757
9320
9274
8107
4678
1217
-42
873
2199
3240
2487
-2280
-7578
-9599
-11151
-15525
-17960
-14958
-9076
-1803
5476
9215
10809
13325
14198
10608
5489
2149
1102
2105
3114
2065
845
1078
137
-3943
-9456
-13770
-15021
-12796
-9457
-6506
-2230
3694
8646
10857
10020
7011
4382
3740
2981
-332
-3620
-3671
-1806
-968
-2480
-5266
-6497
-5286
-3958
-4340
-4700
-2624
1864
6438
8539
8671
8900
9739
9641
7233
3991
2538
3135
3911
3328
2758
995
-4313
-10242
-13491
-15766
-18272
-17366
-12762
-7135
142
7596
11080
11634
12221
11560
8609
5522
3341
2481
3804
5014
3776
2038
733
-1982
-6634
-11371
-14655
-15110
-12361
-8856
-5543
-857
4491
8383
9866
9124
6778
4795
4442
3106
-261
-2246
-1604
-530
-677
-2500
-5110
-6192
-5351
-5057
-5845
-5469
-2702
1826
5684
7216
7504
7998
8518
7930
5920
3437
2441
3631
5211
5332
5088
3302
-2086
-8073
-11310
-13991
-17529
-17877
-14243
-9051
-2150
4607
7709
8931
10808
11130
8418
5199
2960
2229
3279
3931
2902
2267
2483
1206
-2191
-6214
-9622
-10995
-9916
-8715
-7641
-4391
630
4500
6324
6614
5778
4934
4373
2340
-1118
-2854
-2402
-1653
-1545
-2215
-3264
-3299
-2209
-2008
-2992
-2897
-743
2342
4561
5599
6165
6511
6723
5981
3654
1643
1610
2932
3842
4291
4716
2562
-2117
-6349
-9106
-12230
-14797
-14308
-11339
-6653
-296
4929
7229
8456
9444
8543
5630
2437
43
-646
203
1121
1611
2298
2854
2332
110
-3139
-6069
-7425
-7566
-7070
-5339
-1995
1733
4579
6106
5938
4505
2826
878
-2353
-5026
-5366
-4402
-3303
-2380
-1986
-1796
-1016
-377
-914
-1566
-694
1525
3942
5677
7092
8212
8464
7633
5683
3171
1353
923
949
993
1934
1763
-1454
-5250
-7586
-9827
-12332
-12996
-11608
-8532
-2809
3357
6783
8336
9582
9487
7567
4766
1559
-797
-949
-20
559
1038
1262
853
-228
-2297
-5354
-7620
-7906
-7183
-5728
-2731
1031
4221
6641
7658
6747
4842
2698
-207
-3307
-4998
-5331
-4805
-3892
-3391
-3166
-2410
-1479
-1451
-2000
-1764
-468
1427
3334
5199
6852
8081
8899
8823
7673
5880
4512
3937
3275
2661
1275
-2140
-6027
-8202
-9676
-12020
-13382
-12275
-9302
-4619
544
3957
5825
7673
8953
7927
5165
2507
1281
1386
1602
1525
1813
2311
2142
585
-2245
-5674
-8089
-8852
-8724
-7820
-5382
-1511
2592
5742
6995
6309
5100
3836
1333
-1711
-3504
-3453
-2357
-1202
-969
-1293
-1062
-936
-1871
-3382
-4160
-3227
-1091
1064
3117
5103
6625
7826
8310
7365
5661
4489
4098
3688
3426
2092
-1085
-4294
-6003
-7518
-9875
-11244
-10576
-8071
-4022
-128
2199
4018
6029
6969
5781
3610
1974
1525
1654
1526
1481
2151
2765
2320
661
-1825
-4619
-6464
-7159
-7469
-6967
-4697
-1323
2003
4389
5006
4262
3364
2226
21
-2233
-3372
-2835
-1287
44
372
190
268
260
-840
-2781
-3817
-2948
-1049
897
2686
4178
5723
7396
7846
6379
4396
3689
3511
2889
1623
-1069
-4178
-5816
-6416
-7910
-9533
-9296
-7016
-3398
355
2567
3838
5693
7328
6918
4738
2469
1451
1721
1807
940
413
793
1055
81
-2263
-5089
-6733
-6655
-6197
-5906
-4535
-1763
1523
4175
4811
3816
2665
2066
974
-792
-2298
-2616
-1438
212
747
-135
-1109
-1175
-1248
-2359
-3753
-3722
-1742
1052
3311
4449
5145
6390
7656
7422
5671
4077
3568
3561
3033
291
-3904
-6817
-7643
-8554
-10130
-10774
-9263
-5401
-614
2649
3999
5340
7158
7968
6615
3961
2108
2204
2959
2816
1987
1406
1194
432
-1909
-5403
-8138
-8932
-8332
-7160
-5298
-2639
779
4198
5778
4851
3012
1894
904
-643
-1888
-1975
-746
1189
2441
2028
643
-457
-1393
-2955
-4797
-5292
-3644
-610
2401
4644
6067
7125
7665
6992
5222
3744
3110
2997
2778
875
-2193
-4749
-6416
-8565
-10634
-11350
-10213
-7054
-2578
1443
4338
6728
8529
8745
7041
4448
2306
1352
1049
909
1181
1930
2423
1676
-606
-3711
-6407
-8009
-8910
-8998
-7369
-4009
-98
2543
3606
3913
4119
3491
1723
-194
-1290
-759
884
2073
1908
1285
1058
509
-1385
-3929
-5527
-5089
-2930
-199
2257
4222
6156
7659
7733
6099
3876
2717
2567
2835
2325
355
-1841
-3258
-4689
-7210
-9809
-11170
-10321
-7030
-3178
-286
2494
5932
8711
9143
7243
4600
2932
2337
1510
390
182
1035
1932
1639
-511
-3736
-6140
-7096
-7698
-8138
-7328
-4895
-1357
2215
4370
4704
4407
4062
2928
1021
-794
-1444
-773
517
1243
913
161
-286
-942
-2633
-4439
-4605
-2758
20
2590
4326
5467
6705
7562
6685
4499
2726
2111
2443
1750
-741
-3260
-4245
-5099
-7012
-8735
-9361
-8261
-5232
-1739
548
2481
5141
7492
7961
6479
4157
2587
1944
1219
234
-170
174
634
484
-880
-3222
-5271
-6465
-7067
-7209
-7047
-5194
-1205
2716
4811
5654
5805
5190
3988
2023
-595
-2363
-2313
-1406
-930
-1090
-1096
-817
-884
-1490
-2296
-2142
-660
1042
2169
3417
5058
6535
7052
6503
5513
4542
3729
1962
-1088
-4068
-5687
-6686
-7747
-8289
-7985
-6536
-3958
-1483
138
1687
3737
5462
6062
5730
5118
4721
4225
3184
1781
643
-75
-871
-2188
-3881
-5385
-6319
-6840
-7506
-7889
-6532
-3680
-824
1407
3336
5064
6346
6736
5673
3738
2075
1065
311
-738
-1950
-2648
-2579
-2453
-2804
-3172
-2702
-1425
51
1191
2042
3010
4184
5180
5548
5464
5322
5344
5465
4385
1474
-1641
-3780
-5531
-7435
-8703
-9060
-8188
-5810
-3072
-1105
469
2320
4084
5033
5069
4710
4521
4593
4432
3854
2973
1970
806
-792
-3009
-5336
-7368
-8813
-9053
-7971
-6260
-4074
-1341
1142
3079
4424
4808
4307
3709
3175
2444
1797
1469
1202
756
134
-709
-1768
-2639
-2997
-2823
-2222
-1203
341
2083
3393
3939
4006
4024
3981
3697
3403
3436
2934
1573
189
-1321
-3278
-5053
-6227
-7102
-7082
-5679
-3786
-1915
0
1743
3072
3880
4008
3643
3301
3093
2979
2958
2899
2501
1599
-62
-2496
-4616
-5920
-6855
-7404
-6713
-4972
-2827
-621
1210
2453
3285
3768
3647
2899
1891
1181
828
484
-56
-412
-295
9
-193
-824
-1420
-1504
-1097
-579
4
993
2315
3229
3662
3438
2981
2822
3077
3044
2223
1374
745
55
-1238
-2895
-4722
-6734
-7164
-5812
-4324
-3225
-1459
894
2937
4232
4237
3267
2612
2419
2195
1747
1134
733
533
266
-885
-2509
-3607
-4110
-4497
-4840
-4667
-3660
-2049
-465
557
1383
2271
2988
3262
2795
2040
1471
1152
862
408
-158
-487
-327
-154
-425
-868
-1062
-712
-186
206
742
1752
2902
3711
3874
3708
3451
2768
1342
-394
-1466
-1985
-2400
-2904
-3136
-2826
-2201
-1814
-1982
-2169
-1741
-973
-437
-91
548
1547
2640
3180
2636
1626
1004
561
-353
-1554
-2310
-2329
-2029
-1697
-1585
-1438
-1290
-1074
-1001
-1240
-1382
-1188
-580
152
846
1314
1726
2212
2370
2056
1442
865
503
478
406
152
60
152
416
750
977
1008
1009
1335
1861
2285
2042
1021
253
-22
-533
-1553
-2294
-2415
-1956
-1087
-420
-336
-148
387
609
62
-881
-1198
-893
-621
-694
-681
-513
-181
314
251
-514
-1071
-811
-282
-334
-730
-773
-257
357
313
-388
-1071
-1269
-1116
-1219
-1554
-1595
-773
514
1297
1472
1652
2309
3051
3096
2221
1221
762
635
309
-70
-57
734
1923
2757
2741
2415
2062
1219
-292
-2240
-3710
-4009
-3378
-2759
-2084
-934
478
1523
1778
1274
495
-103
-301
-444
-713
-735
-325
146
233
-217
-1049
-1693
-2203
-2635
-2731
-2370
-1705
-696
630
1558
1871
1857
1755
1299
493
-279
-798
-1038
-1114
-1091
-967
-696
-369
13
546
1249
1954
2573
2994
3127
2807
2254
1722
1146
573
467
845
1596
2249
2144
1274
-53
-1513
-3033
-4317
-5303
-5346
-4049
-1962
134
1824
3018
3613
3452
2502
1133
-226
-1204
-1776
-1948
-1737
-1273
-799
-738
-1070
-1788
-2653
-3271
-3526
-3283
-2461
-916
856
2293
3236
3575
3270
2356
1177
30
-836
-1164
-975
-523
-27
387
746
948
776
352
-90
-171
267
1092
1870
2486
3089
3623
3825
3445
2582
1350
94
-1009
-1916
-2642
-3133
-3244
-2923
-2387
-1937
-1457
-988
-578
-82
388
727
1130
1534
1721
1564
1190
493
-404
-1232
-1934
-2641
-3227
-3276
-3108
-2859
-2338
-1674
-1136
-671
-145
413
861
1165
1366
1530
1713
1864
1817
1621
1557
1653
1634
1396
1067
649
175
-342
-824
-1101
-912
-154
761
1685
2557
3398
3895
3732
2643
1055
-551
-1890
-2742
-3178
-3074
-2490
-1315
-89
556
494
189
-53
-391
-774
-927
-729
-117
571
943
877
407
-293
-1163
-2276
-3401
-3998
-3882
-3200
-2229
-1252
-311
589
1071
984
590
177
-77
-79
148
597
1255
1979
2428
2519
2497
2469
2185
1503
773
351
218
118
6
-86
27
461
1056
1403
1544
1675
1532
982
82
-882
-1658
-1996
-2150
-2073
-1554
-682
216
748
726
417
185
-11
-244
-530
-655
-458
-46
209
112
-270
-771
-1243
-1748
-2525
-3310
-3436
-2776
-1827
-1094
-519
51
583
843
593
-19
-485
-244
482
1088
1557
2161
2856
3307
3334
2696
1577
697
361
267
136
223
699
1453
1932
1711
1026
357
-238
-1020
-1850
-2523
-2740
-2154
-1238
-698
-442
63
653
916
733
325
197
419
779
1021
966
728
552
317
-316
-1140
-1785
-2096
-2176
-2136
-2335
-2543
-2124
-1277
-610
-479
-458
-136
311
342
-222
-806
-847
-378
63
263
525
1217
2223
2940
2878
2339
1890
1628
1282
709
365
640
1285
1861
2151
2245
2098
1799
1105
-395
-2285
-3781
-4386
-4539
-4336
-3573
-2128
-346
1225
2115
2130
1615
1034
514
-27
-362
-135
646
1504
2037
2122
1773
961
-142
-1694
-3239
-4034
-3913
-3263
-2447
-1433
-354
616
1104
958
276
-541
-966
-1099
-1223
-1103
-423
645
1629
2232
2503
2494
2185
1661
990
436
282
591
955
1229
1617
2165
2627
2467
1829
1132
360
-438
-1253
-2034
-2728
-2953
-2840
-2708
-2351
-1777
-1096
-519
-44
297
473
606
672
564
450
498
658
775
734
479
71
-380
-839
-1198
-1427
-1544
-1416
-987
-434
-54
110
117
-10
-294
-659
-918
-1010
-912
-563
99
860
1444
1746
1777
1494
1023
581
322
227
379
865
1438
1869
2077
2129
1988
1567
884
43
-563
-925
-1155
-1244
-1191
-1018
-775
-460
-456
-876
-1319
-1523
-1479
-1230
-865
-460
66
722
1160
1052
460
-150
-539
-796
-1171
-1669
-1709
-1032
-130
391
485
514
712
793
346
-506
-1166
-1241
-845
-469
-241
138
895
1679
2021
1732
1039
528
337
52
-502
-658
-105
798
1541
1853
1858
1744
1541
968
32
-872
-1397
-1371
-1119
-985
-882
-424
327
775
587
-17
-541
-687
-643
-856
-1223
-1123
-493
120
330
137
-149
-277
-290
-526
-1053
-1354
-1072
-464
-21
164
385
794
1188
1199
717
105
-272
-425
-672
-1122
-1321
-893
-26
701
1106
1376
1576
1722
1502
827
107
-158
-6
208
402
597
988
1448
1597
1230
609
16
-498
-1083
-1648
-2051
-2178
-1843
-1209
-609
-367
-134
182
419
385
53
-299
-434
-261
-132
-213
-327
-277
-95
-30
-224
-525
-591
-384
-206
-143
-148
3
338
580
596
451
398
459
445
220
-23
10
224
464
562
492
432
512
603
532
386
347
486
678
682
414
149
80
40
-73
-93
30
182
332
318
2
-442
-848
-1189
-1540
-1824
-1848
-1471
-879
-414
-114
146
350
390
206
-62
-282
-331
-229
-141
-63
122
317
342
245
107
-50
-169
-202
-238
-215
0
380
706
874
879
781
709
715
665
471
230
200
438
646
588
404
372
529
635
499
212
-55
-183
-318
-624
-964
-1098
-963
-661
-363
-159
47
383
600
393
-167
-702
-933
-1031
-1242
-1479
-1445
-1081
-715
-535
-498
-461
-268
59
274
289
436
836
1238
1359
1160
946
913
861
534
48
-279
-312
-198
-119
-161
-139
164
521
600
364
160
209
356
406
348
372
578
856
927
621
107
-247
-353
-493
-854
-1168
-1119
-786
-598
-697
-829
-779
-483
-198
-153
-211
-37
284
483
376
33
-204
-218
-289
-624
-1025
-1179
-1014
-833
-836
-845
-547
1
470
666
734
920
1259
1520
1520
1385
1310
1372
1402
1231
846
501
351
261
56
-234
-440
-489
-456
-444
-516
-544
-406
-214
-108
-82
6
111
156
143
85
-3
-97
-165
-328
-552
-683
-707
-748
-794
-741
-599
-449
-347
-209
-86
-29
-47
-103
-117
-89
-167
-388
-557
-571
-509
-492
-530
-558
-508
-329
-73
109
283
655
1160
1545
1727
1756
1745
1753
1658
1346
936
650
580
566
388
58
-189
-225
-249
-472
-836
-1070
-1031
-902
-898
-984
-950
-698
-410
-269
-256
-177
9
166
196
130
63
63
44
-114
-273
-373
-402
-364
-307
-282
-230
-127
-85
-143
-297
-458
-566
-566
-467
-299
-94
118
299
400
335
124
-137
-314
-344
-259
-31
383
935
1480
1897
2130
2102
1868
1527
1079
556
104
-174
-293
-275
-214
-227
-322
-434
-618
-947
-1354
-1636
-1650
-1396
-1001
-670
-398
-103
164
283
263
177
114
205
414
555
566
485
353
195
-15
-308
-559
-596
-493
-354
-240
-167
-107
-59
-115
-287
-432
-442
-321
-163
-15
137
336
547
579
423
235
120
89
100
127
247
564
973
1241
1306
1251
1111
876
539
126
-254
-447
-438
-407
-401
-389
-443
-585
-792
-1037
-1321
-1538
-1561
-1390
-1112
-794
-411
-3
347
608
726
698
661
679
704
713
711
683
633
561
400
110
-241
-492
-588
-600
-605
-538
-398
-259
-132
-57
-23
20
103
257
440
596
698
760
751
610
363
95
-122
-246
-281
-214
-51
164
351
462
477
370
170
-99
-332
-440
-419
-334
-282
-254
-227
-255
-421
-731
-1096
-1350
-1366
-1225
-1017
-698
-226
296
676
789
686
529
391
263
174
188
385
772
1127
1257
1213
1095
891
492
-57
-550
-800
-775
-638
-539
-411
-100
271
449
343
139
72
128
139
65
74
238
428
464
305
34
-237
-424
-563
-710
-799
-702
-406
-77
79
39
-22
-45
-99
-211
-317
-336
-237
-40
112
82
-84
-266
-414
-602
-798
-915
-883
-679
-379
-105
66
222
397
550
655
755
906
1126
1368
1537
1523
1358
1129
845
468
36
-342
-544
-538
-466
-455
-435
-308
-193
-212
-352
-501
-532
-412
-244
-100
59
252
399
387
164
-185
-508
-742
-879
-882
-721
-384
44
398
563
553
401
136
-178
-468
-646
-643
-441
-129
166
376
399
208
-93
-438
-753
-946
-929
-695
-308
154
576
864
1000
1015
924
764
609
536
584
726
863
940
941
852
653
371
64
-240
-476
-620
-697
-761
-832
-868
-873
-848
-796
-712
-573
-395
-204
-23
127
132
27
-30
-47
-131
-230
-240
-116
102
333
467
475
462
463
346
88
-141
-211
-108
55
165
213
255
244
47
-299
-651
-875
-930
-808
-547
-186
244
645
900
941
830
671
533
415
351
410
589
824
976
941
728
394
-9
-483
-961
-1309
-1415
-1323
-1135
-921
-726
-580
-496
-494
-581
-682
-689
-529
-232
109
445
748
957
995
852
575
267
54
-1
67
214
466
776
965
930
695
364
28
-211
-344
-426
-410
-233
25
145
62
-127
-333
-512
-641
-717
-714
-560
-266
8
157
226
322
448
538
550
542
587
684
732
618
359
60
-194
-444
-751
-1062
-1220
-1162
-998
-901
-888
-861
-744
-580
-454
-357
-170
200
643
960
1050
995
935
877
680
379
192
242
444
631
720
731
692
537
205
-246
-636
-823
-813
-650
-395
-59
289
514
488
221
-184
-593
-880
-1052
-1094
-932
-539
-12
459
708
743
674
553
374
170
37
81
256
442
556
547
386
74
-327
-763
-1126
-1296
-1275
-1139
-910
-630
-372
-161
-29
30
81
188
328
463
587
706
793
794
708
634
598
567
508
460
440
390
278
82
-147
-330
-418
-446
-428
-356
-189
13
131
68
-105
-279
-440
-616
-776
-789
-588
-235
96
343
518
616
591
433
187
-39
-134
-75
62
222
391
508
483
327
55
-313
-701
-989
-1107
-1061
-878
-627
-331
-26
212
286
204
84
26
31
69
156
344
623
891
993
896
700
509
307
45
-233
-395
-335
-130
40
93
98
146
202
150
-48
-282
-388
-342
-299
-394
-534
-517
-342
-212
-244
-326
-310
-178
-36
4
-44
-51
78
233
264
190
169
264
381
386
274
151
84
39
-79
-241
-354
-337
-206
-60
22
65
129
193
202
111
-11
-63
11
155
283
384
481
560
532
330
38
-199
-308
-321
-267
-131
68
260
364
320
106
-185
-421
-553
-610
-603
-488
-259
-15
124
116
-22
-229
-402
-522
-585
-565
-443
-225
29
216
291
259
168
78
10
-41
-31
106
326
565
741
820
812
720
546
307
59
-127
-211
-195
-136
-69
30
123
176
164
88
-14
-96
-139
-163
-175
-153
-101
-38
-14
-32
-75
-131
-192
-237
-277
-319
-328
-306
-275
-235
-172
-60
94
238
307
293
205
73
-91
-288
-486
-615
-600
-466
-293
-134
-22
50
76
30
-83
-193
-204
-98
117
391
664
875
1014
1062
1001
821
536
244
38
-64
-107
-145
-174
-150
-84
-72
-152
-277
-360
-353
-305
-277
-242
-128
53
192
220
157
71
-5
-89
-212
-324
-362
-323
-272
-250
-244
-224
-178
-131
-104
-94
-78
-45
-26
-68
-144
-219
-239
-198
-125
-53
23
117
203
220
152
49
-20
-29
13
119
283
496
714
898
977
909
728
514
320
152
-2
-116
-140
-84
-36
-70
-177
-325
-468
-575
-651
-696
-655
-475
-230
-40
67
135
180
147
39
-74
-108
-81
-16
36
64
71
67
46
-44
-179
-278
-297
-267
-223
-185
-155
-128
-104
-106
-150
-212
-224
-156
-52
47
127
221
331
410
435
430
443
490
562
606
602
588
579
541
441
275
95
-54
-169
-275
-371
-426
-435
-415
-391
-391
-410
-400
-339
-284
-274
-255
-197
-118
-55
-32
-31
-3
53
76
55
16
6
29
31
-23
-74
-76
-51
-54
-92
-118
-107
-69
-36
-29
-31
-20
-2
-5
-45
-96
-115
-90
-46
9
78
174
295
410
472
499
528
556
567
535
486
434
360
228
60
-82
-191
-275
-340
-384
-387
-330
-259
-251
-305
-346
-340
-346
-370
-367
-312
-207
-89
8
65
90
116
132
97
17
-31
-18
7
17
14
36
69
80
43
-30
-84
-80
-50
-63
-103
-105
-52
1
19
-1
4
71
172
239
245
238
286
364
400
355
303
313
356
347
248
119
33
-22
-134
-313
-456
-478
-385
-276
-228
-196
-126
-41
-26
-113
-241
-299
-262
-190
-148
-115
-32
88
161
120
16
-60
-73
-85
-123
-139
-76
49
160
203
190
189
208
194
113
12
-39
-31
-12
-39
-84
-84
-35
23
47
52
84
171
263
310
296
255
228
217
177
88
-5
-42
-9
26
-3
-82
-149
-174
-195
-266
-362
-407
-359
-256
-175
-120
-47
59
157
174
101
13
-28
-47
-91
-150
-165
-102
-7
32
7
-29
-38
-7
17
3
-2
40
128
181
171
125
86
65
25
-36
-84
-88
-58
-31
-8
9
51
114
176
216
242
253
246
215
131
20
-75
-128
-143
-126
-100
-53
4
36
12
-70
-175
-263
-306
-302
-260
-181
-70
71
196
248
214
149
90
23
-36
-71
-55
-5
45
87
82
37
-30
-83
-130
-175
-186
-134
-37
58
128
160
164
139
100
41
-19
-41
-6
55
107
137
151
138
87
15
-60
-120
-149
-135
-96
-54
-17
15
30
11
-32
-58
-30
26
83
119
114
82
29
-49
-131
-202
-228
-178
-81
15
85
117
118
89
27
-45
-89
-80
-29
41
98
132
142
112
40
-75
-191
-259
-263
-214
-138
-42
68
154
172
110
14
-72
-126
-147
-120
-21
152
327
428
437
362
227
40
-179
-374
-476
-462
-366
-234
-102
18
112
149
122
57
-1
-22
-1
50
119
194
250
258
210
125
33
-46
-97
-110
-84
-35
25
63
77
60
16
-27
-66
-97
-114
-111
-96
-70
-53
-64
-102
-141
-169
-175
-175
-159
-123
-65
-15
22
46
58
80
124
191
254
321
387
418
394
311
196
59
-96
-239
-337
-370
-350
-292
-211
-128
-56
-5
17
0
-27
-38
-10
46
111
179
241
288
280
208
90
-29
-122
-176
-197
-177
-115
-22
61
87
57
-2
-45
-77
-116
-142
-127
-54
31
70
42
-28
-105
-171
-225
-276
-281
-194
-34
135
255
319
365
390
359
273
185
147
167
207
214
187
146
79
-48
-234
-417
-528
-546
-499
-421
-311
-169
-27
60
66
15
-29
-27
-5
18
70
164
273
325
281
175
64
-21
-88
-151
-180
-136
-41
51
93
72
27
-16
-52
-79
-84
-57
-7
52
86
90
68
16
-42
-76
-66
-20
48
125
205
273
296
256
178
96
24
-35
-67
-50
11
73
98
90
52
-4
-79
-172
-271
-317
-287
-211
-145
-119
-105
-95
-103
-144
-201
-224
-176
-65
47
131
194
239
239
170
60
-33
-86
-99
-78
-26
49
116
167
174
131
65
6
-46
-88
-109
-94
-46
11
49
56
53
53
55
49
38
32
50
88
125
128
120
111
95
63
27
7
2
-2
-17
-12
11
35
34
3
-34
-57
-81
-137
-208
-246
-234
-211
-208
-203
-165
-114
-80
-57
-29
12
64
109
120
108
82
63
47
29
17
31
69
107
124
117
94
58
2
-62
-101
-118
-113
-75
-5
69
121
137
131
113
65
-2
-61
-95
-96
-80
-50
-7
34
70
91
87
62
38
26
20
22
40
72
89
95
86
50
-6
-65
-135
-193
-222
-225
-209
-180
-150
-124
-94
-75
-67
-58
-37
6
58
103
148
195
225
218
183
137
85
35
1
-14
-12
8
28
33
26
12
-13
-49
-95
-122
-112
-75
-39
-11
13
33
36
8
-37
-78
-90
-75
-49
-22
15
71
117
122
95
57
35
31
25
13
20
59
112
128
81
10
-52
-108
-173
-240
-296
-297
-248
-197
-161
-123
-61
21
81
107
117
139
187
227
232
210
185
177
159
107
24
-34
-42
-34
-43
-70
-79
-57
-29
-38
-69
-86
-61
-9
20
24
19
54
88
68
2
-51
-56
-35
-25
-37
-32
-2
37
56
36
4
0
31
42
32
21
32
55
59
33
-14
-54
-95
-145
-197
-230
-243
-217
-180
-130
-65
-1
53
96
131
149
170
183
187
185
182
164
144
104
51
-11
-61
-91
-115
-129
-121
-94
-64
-48
-45
-52
-61
-61
-65
-51
-21
19
70
116
130
125
104
61
-1
-63
-100
-105
-86
-62
-40
-6
27
52
50
30
20
21
13
4
10
29
45
44
20
-2
-18
-37
-56
-81
-107
-110
-92
-66
-43
-26
1
38
66
74
70
64
58
54
51
41
29
24
20
0
-24
-46
-61
-73
-72
-64
-44
-15
12
33
48
64
71
65
57
52
47
35
15
-7
-28
-44
-67
-98
-124
-122
-90
-47
-14
22
70
118
136
114
75
49
49
43
25
10
23
56
68
40
-9
-36
-68
-113
-161
-187
-157
-91
-43
-14
26
88
131
118
72
41
38
50
43
21
13
27
48
40
-4
-45
-47
-30
-23
-20
-4
32
53
36
-12
-67
-108
-124
-133
-152
-149
-114
-67
-40
-37
-44
-48
-47
-37
-25
-9
37
113
175
209
216
202
178
136
86
36
2
-1
33
71
79
48
-10
-57
-124
-223
-310
-319
-251
-149
-40
65
168
258
282
226
131
39
-10
-30
-49
-50
10
88
127
124
81
17
-40
-101
-163
-199
-195
-166
-122
-75
-42
-29
-23
-32
-54
-77
-97
-104
-95
-73
-40
-2
33
75
109
132
145
168
194
218
229
220
201
172
123
68
18
-25
-47
-52
-50
-56
-70
-89
-115
-138
-163
-171
-149
-111
-63
-8
47
82
90
70
38
7
-12
-10
9
43
85
118
136
128
74
-2
-78
-133
-177
-219
-236
-212
-166
-139
-143
-154
-156
-147
-144
-137
-113
-55
26
102
154
183
214
236
242
232
221
207
201
199
190
174
147
92
33
-26
-78
-122
-162
-185
-180
-133
-98
-68
-41
-23
-16
-17
-36
-54
-55
-40
-22
-5
17
46
81
101
95
83
73
72
67
57
48
43
47
32
-9
-62
-108
-141
-171
-207
-246
-266
-255
-213
-173
-147
-111
-40
46
110
155
180
195
213
225
221
211
208
206
203
180
145
111
68
10
-59
-124
-161
-165
-164
-150
-125
-91
-41
10
36
33
20
14
2
-25
-51
-58
-40
-11
19
24
15
3
-13
-26
-44
-57
-38
-3
22
45
61
74
68
32
-9
-47
-76
-101
-119
-116
-97
-77
-70
-62
-44
-18
5
20
48
94
121
124
123
125
119
91
42
5
6
9
-6
-33
-46
-39
-27
-47
-85
-95
-72
-47
-39
-39
-24
16
67
81
65
59
70
68
37
-6
-18
-12
-17
-33
-44
-36
-16
-7
-10
-14
-10
-2
4
-6
-20
-16
0
2
-16
-22
-19
-22
-39
-49
-49
-28
-5
17
33
49
71
91
94
75
62
53
39
13
-6
-18
-29
-31
-22
-20
-16
-9
0
-1
-14
-32
-39
-32
-23
-5
24
61
100
124
124
104
79
59
40
17
-8
-15
-10
-4
-12
-45
-71
-91
-120
-154
-188
-203
-189
-147
-97
-54
-6
53
80
79
56
10
-31
-52
-56
-43
-2
47
94
130
145
122
82
43
10
-11
-21
4
34
59
70
61
44
16
-27
-68
-100
-101
-80
-45
-19
3
29
59
74
58
54
75
103
122
124
117
115
102
65
15
-30
-70
-97
-123
-145
-153
-144
-139
-143
-147
-146
-131
-105
-87
-64
-27
4
34
58
75
73
75
79
77
73
67
58
50
46
33
13
-5
-14
-23
-17
-6
2
13
36
46
26
15
6
-18
-46
-63
-71
-64
-42
-31
-13
2
11
22
30
35
44
66
89
115
133
132
108
73
30
-9
-41
-82
-124
-146
-137
-121
-119
-120
-114
-95
-77
-72
-69
-49
-18
17
47
73
99
120
130
134
130
123
108
81
49
19
-26
-69
-80
-85
-92
-96
-77
-36
2
12
5
4
2
-8
-33
-51
-36
-12
13
36
59
88
108
109
89
65
39
28
23
15
20
25
42
66
62
39
13
-21
-63
-97
-114
-123
-120
-105
-80
-56
-39
-28
-17
-2
-2
-2
7
21
29
48
75
100
121
127
118
100
79
46
19
-14
-45
-59
-68
-74
-78
-82
-88
-86
-80
-73
-57
-42
-25
-13
3
13
17
17
14
16
20
22
27
36
39
27
19
14
4
-2
2
11
19
27
20
11
-8
-26
-36
-33
-35
-42
-35
-14
5
4
-6
-25
-43
-52
-57
-65
-61
-36
-12
6
27
41
51
48
38
24
17
4
-17
-23
-25
-35
-43
-46
-49
-46
-42
-40
-26
-10
4
22
44
65
74
84
90
91
89
77
59
53
51
31
16
8
4
9
9
4
12
23
21
7
-11
-33
-32
-26
-26
-24
-10
11
25
21
2
-15
-36
-52
-69
-83
-83
-64
-36
-14
-6
7
29
36
17
-6
-21
-22
-24
-40
-61
-57
-37
-21
-14
-21
-25
-9
1
-6
-12
15
62
93
102
98
101
111
98
59
30
18
25
40
43
39
40
56
47
17
-12
-24
-33
-40
-38
-20
9
28
24
15
14
3
-19
-39
-44
-45
-39
-36
-33
-36
-49
-62
-70
-75
-73
-65
-51
-32
-9
3
8
13
14
6
-9
-15
-17
-10
0
5
6
14
21
21
-1
-20
-27
-28
-20
-19
-8
12
42
57
68
67
57
43
37
13
-12
-16
-21
-18
-13
-3
9
27
35
32
22
10
5
-2
-11
-31
-44
-47
-35
-21
-24
-25
-22
-4
-4
-27
-52
-60
-54
-44
-33
-25
-11
21
40
38
23
10
9
11
18
21
31
47
65
74
72
57
38
18
-5
-27
-35
-33
-28
-8
11
23
35
41
34
13
-8
-19
-23
-19
-23
-19
-5
19
39
42
27
15
9
-6
-23
-37
-41
-30
-15
-7
1
15
16
12
4
-1
-3
4
1
-1
-1
9
31
36
16
1
11
23
23
2
-17
-28
-30
-28
-26
-17
2
17
23
22
16
11
8
-10
-28
-24
-17
-7
0
1
-10
-16
-32
-43
-49
-58
-49
-28
-7
5
9
20
24
11
2
-8
-18
-24
-28
-30
-18
-7
-11
-15
-13
-11
-7
-2
1
9
19
32
41
49
47
39
31
26
23
17
11
5
3
-1
-7
-21
-36
-45
-49
-40
-28
-12
2
23
45
52
55
58
54
41
32
16
6
-3
-11
-18
-31
-41
-44
-37
-37
-32
-19
6
23
30
34
32
25
12
-1
-14
-12
3
12
8
2
8
15
12
-1
-21
-42
-43
-37
-31
-30
-19
-8
1
5
-10
-21
-24
-23
-22
-12
-1
13
21
26
23
14
10
10
16
12
14
24
41
54
65
64
66
75
71
44
27
19
11
-2
-17
-30
-32
-23
-40
-53
-64
-62
-52
-46
-48
-41
-16
-4
4
8
10
11
8
1
9
18
15
7
3
-1
-9
-18
-29
-45
-52
-44
-37
-32
-18
-2
8
8
-2
-14
-17
-18
-30
-29
-12
0
8
11
16
22
26
21
19
25
35
47
57
75
85
90
81
60
42
25
3
-21
-29
-31
-37
-53
-59
-53
-48
-53
-59
-58
-33
-1
23
33
31
39
40
17
-6
-22
-28
-11
7
16
13
18
24
14
-19
-49
-59
-59
-59
-56
-36
-14
3
10
5
-4
-6
-12
-31
-39
-35
-23
-8
0
4
11
22
12
7
10
17
15
9
6
9
10
5
7
13
24
33
43
45
48
52
51
45
28
12
14
9
-6
-3
8
17
15
17
16
22
24
16
13
25
31
39
46
36
27
12
-21
-56
-72
-70
-66
-59
-53
-43
-10
11
4
-11
-24
-28
-24
-22
-36
-45
-29
-12
4
14
23
26
21
10
-1
-14
-27
-23
-14
3
24
28
37
49
52
33
14
-2
-13
-19
-26
-16
2
18
19
16
-2
-15
-27
-40
-31
-26
-13
13
34
49
57
54
36
18
3
-8
-19
-29
-14
4
12
-3
-15
-23
-38
-56
-67
-55
-46
-38
-38
-39
-29
-17
-23
-34
-34
-18
8
15
12
8
20
30
31
17
1
10
30
40
38
37
38
35
28
20
12
5
-7
-11
-6
4
5
10
10
4
-4
-13
-16
-14
-17
-21
-15
-3
15
20
15
3
3
4
2
2
14
31
37
32
25
27
18
13
-2
-14
-12
5
13
0
-15
-23
-31
-38
-42
-46
-41
-15
9
22
40
52
51
41
27
1
-10
4
9
5
9
16
24
31
25
5
-5
6
2
-18
-25
-25
-28
-28
-34
-42
-38
-23
-23
-13
-5
-1
4
1
-11
-14
-2
4
-4
-13
-8
3
18
16
-3
-14
-9
-20
-28
-20
-1
15
24
14
9
31
23
8
0
-10
-5
18
16
-6
-3
6
13
14
-2
-36
-37
-4
-1
-32
-44
-16
17
27
13
7
21
14
-5
-30
-44
-48
-50
-40
-26
-12
8
35
43
35
47
48
28
10
0
-13
-16
-6
-8
-10
-6
-3
9
16
12
-1
-25
-37
-25
4
10
21
43
70
83
78
40
10
13
2
-4
-1
12
19
9
2
8
16
13
-12
-26