-2
-5
2
6
1
-2
2
-5
-9
-9
-11
-13
-9
-9
-4
3
-2
-8
-6
-2
-9
-9
-6
-2
0
-2
-4
0
6
4
5
5
6
8
8
6
4
4
1
5
3
0
-4
-2
-1
-1
-8
-6
1
6
6
6
9
7
12
10
5
1
5
-5
-6
0
-4
0
4
0
-1
2
3
9
8
0
-2
7
9
-1
-7
-4
-1
-3
-4
-7
2
9
6
3
4
6
4
1
-1
-4
-4
1
1
2
-2
0
5
2
-1
-6
-8
-8
-7
-8
-8
-3
2
11
11
12
15
8
6
-3
-9
-8
-3
-2
0
8
13
17
11
6
9
0
-13
-14
-11
-11
-6
-7
-1
7
7
4
4
4
-2
-10
-14
-9
-8
-6
-7
-3
3
12
11
4
0
-1
-3
-9
-17
-24
-14
-9
-13
-13
-2
7
3
-3
-1
-1
-2
-11
-13
-8
-7
-1
7
10
12
11
6
7
1
-7
-4
2
7
10
19
24
25
21
16
8
2
-12
-23
-18
-9
-6
-6
-3
1
10
0
-6
-10
-21
-30
-28
-26
-26
-19
-8
8
12
14
21
26
24
16
12
14
7
2
5
0
2
6
4
-2
-3
-2
-1
-6
-9
-8
0
5
-3
4
14
12
8
6
1
8
8
4
16
16
17
17
9
6
6
-10
-10
-7
-16
-22
-18
-11
-4
-1
-2
11
18
14
8
15
12
0
-11
-12
-3
-4
-2
-10
-2
0
3
5
5
-4
-12
-9
-6
-9
-15
-14
-7
-2
3
13
13
8
11
15
9
7
-2
-2
11
11
3
3
10
16
9
5
0
2
9
-10
-26
-18
-17
-24
-30
-39
-35
-22
-11
-17
-11
-5
1
13
3
-5
0
5
2
5
0
1
11
13
5
10
15
11
9
8
9
8
8
9
13
13
15
22
33
33
22
19
19
10
2
-6
-10
-4
1
-1
4
11
6
22
23
9
5
27
26
6
7
8
6
1
-13
-5
22
15
-4
-10
-22
-36
-50
-69
-76
-63
-47
-37
-24
-29
-40
-46
-51
-78
-98
-97
-83
-55
-10
31
62
79
52
30
-9
-51
-51
-36
-27
-31
-6
33
48
23
23
27
52
86
96
119
153
197
183
155
176
158
103
47
-7
-18
-48
-120
-144
-96
-68
-78
-40
-21
-19
8
-15
-107
-153
-143
-157
-162
-83
-25
-4
89
175
218
197
165
150
156
171
109
56
119
232
212
125
74
57
-6
-100
-223
-327
-330
-269
-199
-173
-155
-97
-21
-3
-82
-255
-376
-433
-468
-480
-443
-271
-58
106
239
377
490
467
362
270
185
155
54
-53
-16
27
54
90
140
162
234
262
266
289
235
136
-11
-148
-240
-303
-362
-370
-337
-167
97
307
390
439
455
374
191
-86
-318
-458
-582
-647
-551
-346
-132
80
242
341
336
182
-47
-315
-483
-502
-485
-444
-261
-67
34
149
192
114
-2
-167
-215
-172
-167
-120
-67
18
148
174
108
63
43
109
194
261
313
344
462
531
531
455
331
272
247
192
185
275
382
367
322
312
137
-138
-320
-495
-662
-697
-659
-468
-182
58
295
478
548
544
485
323
52
-130
-183
-246
-278
-196
-50
139
328
380
369
411
337
139
-77
-309
-476
-552
-596
-614
-525
-350
-167
-80
5
64
58
-17
-129
-237
-290
-286
-297
-306
-312
-145
38
66
39
34
88
185
199
108
31
70
193
164
53
-7
19
7
-152
-272
-309
-285
-290
-288
-179
-34
35
148
204
201
252
279
228
168
87
38
38
6
-114
-138
-131
-170
-77
29
263
427
411
326
233
76
-10
-112
-233
-191
-19
266
506
659
733
821
890
776
612
487
400
257
-19
-137
-104
-98
-119
-201
-323
-307
-308
-554
-856
-1088
-1335
-1650
-2050
-2562
-3148
-3607
-4006
-4291
-4504
-4777
-3964
-2161
-1201
-264
2074
4421
6150
7294
7779
8214
8296
7130
5499
4402
3155
1999
2242
2992
2911
2170
1264
802
-825
-5389
-9885
-11321
-12272
-13640
-12769
-9803
-5744
-292
4346
7319
10046
11233
10152
8816
6528
2524
-19
-269
-707
-705
867
2504
4235
5291
4138
1952
-1260
-6765
-11784
-15225
-19350
-22271
-21075
-17222
-12246
-6257
-162
6570
13265
17071
17941
17979
16517
14001
12241
10382
9233
11092
12472
10416
9888
10676
5788
-3156
-9745
-14993
-21395
-26220
-27830
-26976
-22189
-14669
-8270
-1966
4606
8281
10257
12205
10791
6762
5750
6987
6545
6515
8611
11072
13464
14973
13160
9555
6296
1326
-5543
-11340
-16002
-20126
-21238
-19063
-16383
-13581
-8798
-3629
-494
1491
2194
803
-512
-1259
-2585
-2957
-1223
1571
5789
10670
14121
16408
18045
17436
14539
10921
6629
2334
-269
-1018
-271
1723
3211
3000
2531
1284
-3738
-12005
-19598
-24182
-26828
-27855
-25279
-18361
-8864
1850
11748
18846
22707
23690
21581
17189
11206
4389
-516
-1707
-1062
-40
2680
6533
9294
9901
7665
2487
-3896
-10697
-17930
-23923
-27083
-27287
-24251
-17994
-9877
-2253
4231
10154
13827
13874
11667
8102
4251
1477
-297
-1106
231
3369
6813
10190
13122
14130
13423
11928
9645
7204
4897
2723
1824
730
-2908
-5161
-5263
-9749
-16963
-19323
-18397
-18762
-17853
-13356
-7083
292
7710
12073
13884
14781
13267
9804
6437
2696
-886
-1215
1814
4620
6159
8682
11767
11779
8023
2556
-4073
-10933
-16758
-21858
-24963
-24254
-20567
-15108
-8437
-1592
3442
6770
9318
8870
5287
1872
-791
-2706
-3263
-2553
-213
4205
8976
12569
15106
16778
16416
15116
13601
10948
8227
7505
7181
3148
-2054
-3094
-5020
-13238
-21048
-22551
-22211
-23498
-21669
-15749
-9210
-1223
6904
11364
13327
13906
12253
9428
6751
2980
-79
1756
6326
8688
10313
14124
17035
15153
10239
4070
-3740
-12386
-19789
-25567
-29315
-29901
-27850
-22843
-15219
-8758
-3617
2461
6991
8630
9319
9240
7514
6332
6804
7138
7636
9236
11108
13850
16534
17306
17539
18211
17890
16275
14094
11202
4124
-5494
-10037
-13363
-22620
-31499
-31558
-27958
-26639
-22226
-12462
-2928
6205
15246
19487
19162
17595
14136
8860
4079
-194
-3028
-1294
4363
8933
11408
15109
18751
16909
10311
2952
-5570
-15485
-23678
-28434
-31523
-32520
-29394
-22699
-14197
-6441
-615
6095
12633
15081
14554
13731
11951
9606
8091
6879
6053
6771
8941
11889
14732
16162
16518
17190
16994
13755
9671
5422
-2890
-11352
-14735
-19533
-28211
-32552
-29396
-25589
-22917
-15675
-5046
3969
12384
19250
21201
19861
17250
12674
6904
1849
-2005
-3344
-577
4308
8037
11107
14878
16552
13031
6071
-1925
-10102
-18549
-26245
-31329
-32450
-30508
-26709
-19290
-8712
1085
8931
16115
21048
22674
21574
17987
12624
7903
4336
1687
915
2183
5232
10119
14826
17274
18444
18481
16811
11166
26
-9292
-13743
-20375
-29294
-32506
-28701
-24597
-20271
-11319
-524
7953
15244
20649
21699
18736
14204
9388
3971
-1627
-5295
-5696
-2658
2274
6322
9788
14006
16133
13043
7169
752
-7479
-16987
-24847
-30117
-31950
-30501
-26723
-19211
-8872
513
8517
15961
20651
21572
20069
16594
11071
5545
1330
-1374
-1818
-227
2935
7789
12933
16272
17869
18069
16330
12557
5621
-4511
-12494
-17089
-23650
-30929
-31955
-26743
-21663
-16615
-7552
2888
10270
16060
20307
20043
15696
10942
6534
1282
-3630
-5633
-4463
-811
4077
8606
12326
15211
15671
12006
5654
-1703
-10063
-18782
-26431
-31397
-31703
-28984
-24992
-17349
-6556
3422
11288
17337
20980
21887
19931
15204
8938
3575
-431
-2855
-2665
-495
3018
8642
14566
18122
19496
19230
17293
13388
4952
-6403
-13604
-17871
-24976
-31821
-31061
-24860
-20001
-14712
-5134
4869
11437
16185
19237
18050
13039
8219
4180
-885
-5414
-6376
-3961
680
5810
10124
14039
17349
17232
12446
5331
-2306
-11227
-21805
-29827
-32442
-32591
-31198
-24817
-13759
-2020
7454
15112
21668
25218
23787
18682
12147
5284
-1122
-4938
-5851
-5142
-1711
5130
12370
17823
20810
21459
20713
17572
10539
-73
-10495
-16861
-21889
-28661
-32564
-29192
-22343
-16557
-9616
243
8697
13841
17646
18774
15270
9605
4686
402
-4182
-7440
-6931
-3209
1728
7142
12073
15855
17818
16420
11273
3950
-4826
-15232
-24589
-29707
-32089
-32159
-27186
-17689
-6363
4502
13324
20430
25076
24793
19980
13362
6036
-1451
-6740
-8652
-8191
-5110
1245
8708
15165
19542
21205
20773
17895
11865
4101
-4814
-13501
-19041
-22629
-26322
-27130
-22582
-15817
-10139
-4070
3525
9602
12872
14325
13523
9905
4928
717
-2599
-5759
-7073
-5128
-1395
3233
8440
12641
15034
15633
13348
7598
-261
-8427
-16540
-23792
-28020
-28432
-24908
-18198
-9761
-22
9723
16972
20980
21492
18530
13079
6422
-393
-6101
-9133
-8872
-6046
-988
5462
11581
16552
19744
19843
17200
12742
7248
840
-6806
-13532
-16627
-18231
-20179
-20100
-15860
-10368
-6499
-2633
2713
6688
8233
8632
7990
5318
1588
-1243
-2743
-4311
-4914
-3089
422
4308
7854
10408
12075
12044
9082
3803
-1929
-8275
-14919
-19712
-21384
-20307
-16808
-11280
-3975
3928
10478
14422
15964
15057
11507
6421
1268
-3641
-7083
-7712
-6005
-2697
1925
7087
12052
15602
16701
15791
13477
9959
5598
553
-5046
-9292
-11019
-12318
-14473
-14753
-11962
-8982
-7305
-4966
-1467
1266
2665
3734
4095
2726
878
-36
-722
-1784
-2073
-723
1602
4162
6539
8258
8976
8007
5618
2307
-2632
-8284
-12375
-14790
-15694
-14427
-11159
-6305
-363
5277
9275
11426
11799
10067
6780
2908
-1203
-4511
-5644
-5007
-3193
-89
4012
8319
11636
13140
13390
12530
10324
7219
3609
-869
-4925
-7105
-8923
-11777
-13324
-12066
-10031
-8838
-7086
-3805
-492
1691
3216
4090
3590
2088
768
-433
-1961
-3052
-2773
-1268
839
2973
4980
6848
7389
6311
4553
1619
-2674
-6840
-9913
-11601
-11893
-10772
-7992
-3584
1329
5367
8088
9801
9944
8281
5641
2473
-808
-2997
-3886
-3566
-2245
156
3506
6813
9039
10469
11162
10706
9069
6770
3227
-933
-3963
-6443
-9905
-12752
-13033
-11729
-10557
-8873
-5526
-1640
1301
3503
5027
4985
3546
1850
207
-1787
-3702
-4283
-3242
-1471
380
2539
4729
5980
6174
5193
2549
-647
-3493
-6393
-8743
-9686
-8992
-6790
-3563
-25
3287
6037
8022
8587
7640
5620
3158
952
-770
-2212
-2627
-1958
-317
2049
4201
5648
7001
7973
8114
7314
6057
4116
1313
-1248
-3149
-5909
-9121
-10708
-10381
-9739
-9069
-7012
-3535
-371
2049
4021
4928
4369
2899
1219
-594
-2836
-4528
-4565
-3319
-1841
-89
2269
4398
5116
4911
3860
1546
-1526
-4385
-6587
-7843
-8270
-7210
-4553
-1023
2395
5271
7551
8957
8708
7106
4867
2254
-239
-2057
-2814
-2640
-1749
110
2736
5063
6601
7300
7472
7197
6106
3696
457
-2198
-4026
-6426
-9171
-10407
-9935
-9039
-7867
-5614
-2556
166
2474
4476
5421
4820
3507
2145
503
-1747
-3550
-4027
-3409
-2645
-1660
-74
1870
2823
2661
1805
518
-1471
-3726
-5624
-6590
-6734
-5713
-3452
-473
2579
5518
8045
9561
9495
8238
6302
3919
1293
-1120
-2676
-3076
-2716
-1555
452
2567
4186
5396
5966
5753
4984
3726
1292
-1565
-3401
-4776
-6978
-8860
-8922
-7812
-6886
-5635
-3087
-213
1957
3716
5102
5178
4111
2644
1209
-648
-2628
-3909
-3878
-3161
-2258
-1261
384
1840
1989
1334
689
-902
-3352
-5338
-6286
-6481
-6152
-4802
-1949
1668
4801
7313
9363
10434
9850
8120
5895
3025
66
-1931
-2872
-3170
-2792
-1380
968
3159
4366
4871
5176
4895
3798
1939
-625
-2971
-4429
-5767
-7502
-8572
-8112
-6793
-5391
-3589
-1123
1341
3425
5016
5724
5079
3685
2143
532
-1568
-3375
-4263
-4016
-3276
-2293
-1032
477
1312
1613
1296
24
-1966
-3705
-4989
-5890
-6256
-5447
-3269
-334
2602
5360
7909
9665
10077
9295
7579
5035
2263
-226
-2218
-3450
-3800
-3196
-1575
393
2062
3381
4420
4757
4283
3313
2069
-21
-2442
-3902
-4941
-6677
-8169
-7949
-6620
-5463
-4042
-1458
1287
3339
4896
5845
5489
4082
2268
547
-1460
-3413
-4447
-4063
-2912
-1533
-111
1633
3045
3213
2086
424
-1667
-4190
-6572
-7914
-7931
-6771
-4509
-1227
2628
6251
8995
10789
11301
10000
7393
4504
1456
-1662
-4017
-4870
-4414
-3179
-1199
1377
3777
5308
5866
5799
5008
3262
1055
-1376
-3825
-5490
-6591
-7771
-8378
-7646
-6107
-4473
-2676
-328
1957
3698
4876
5296
4638
3306
1655
55
-1639
-2959
-3515
-3066
-2046
-648
677
1900
2440
2361
1673
-13
-2445
-4456
-5802
-6767
-6964
-5935
-3719
-772
2361
5107
7407
9040
9413
8390
6599
4260
1638
-754
-2549
-3560
-3613
-2798
-1236
726
2396
3619
4478
4693
4066
2910
1697
385
-1538
-3364
-4188
-4744
-5822
-6551
-5928
-4643
-3722
-2528
-552
1344
2675
3656
4141
3715
2575
1291
232
-1134
-2535
-3126
-2577
-1727
-1007
-121
1297
2051
1615
824
-71
-1933
-4007
-5204
-5528
-5437
-4731
-2818
278
3261
5367
7086
8432
8431
6977
5048
2692
-177
-2478
-3621
-4068
-3855
-2838
-749
1890
3744
4523
5076
5391
4752
3134
1461
-199
-2112
-3630
-4400
-5141
-5938
-5970
-4896
-3574
-2634
-1411
349
1904
2780
3092
2902
2321
1239
-21
-1099
-1916
-2465
-2370
-1604
-502
542
1646
2574
2572
1782
973
-414
-2598
-4410
-5264
-5472
-5152
-4065
-1997
741
3269
5174
6491
7098
6623
5185
3153
639
-1766
-3289
-4043
-4124
-3310
-1746
546
2998
4506
5092
5521
5480
4362
2614
1109
-596
-2458
-3406
-3700
-4496
-5236
-4792
-3483
-2697
-2379
-1360
134
1102
1602
1883
1767
1255
531
-58
-708
-1450
-1913
-1521
-543
492
1294
2322
3232
3441
2708
1410
-463
-2592
-4610
-6024
-6545
-6170
-4942
-2731
170
3018
5184
6562
7144
6491
4607
2129
-460
-2884
-4579
-5105
-4465
-3022
-817
2079
4720
6344
7099
7160
6263
4517
2474
306
-2117
-3872
-4410
-4789
-5509
-5423
-4121
-2755
-2175
-1570
-394
658
1166
1351
1258
812
270
-240
-659
-1139
-1414
-1177
-230
883
1834
2620
3520
3782
3229
2242
866
-1254
-3410
-4857
-5522
-5875
-5673
-4254
-1834
586
2334
3719
4884
5093
3930
2272
415
-1666
-3304
-3904
-3768
-3015
-1456
988
3530
5174
5963
6498
6440
5340
3556
1968
895
-466
-1889
-2265
-2158
-2738
-3447
-3300
-2829
-3161
-3642
-3109
-2106
-1493
-928
-162
494
594
498
644
525
-149
-427
327
1320
1742
2037
3023
3912
3533
2310
1359
74
-2104
-4053
-4816
-5285
-5718
-5091
-3170
-1007
542
1697
2918
3574
2896
1541
236
-1273
-2793
-3327
-2868
-2097
-913
1011
3337
5180
5983
6126
6230
5921
4681
3267
2356
1199
-168
-881
-1389
-2642
-4003
-4456
-4367
-4837
-5295
-4603
-3175
-1953
-969
7
771
1028
829
530
61
-465
-711
-147
890
1855
2731
4052
5083
5039
4037
2961
1449
-962
-3547
-5012
-5794
-6403
-6273
-4882
-2855
-992
394
1538
2316
2222
1314
189
-1019
-2281
-2979
-2666
-1821
-795
790
3055
5244
6448
6847
7218
7433
6728
5360
4254
3049
1388
-69
-1243
-2951
-4816
-5885
-6255
-6718
-7043
-6350
-4747
-3096
-1754
-564
477
1071
1006
738
443
157
-12
394
1367
2547
3504
4473
5417
5733
4903
3529
2006
58
-2507
-4734
-5977
-6677
-7141
-6678
-5181
-3418
-1957
-644
669
1432
1297
687
42
-734
-1469
-1703
-1284
-469
793
2587
4653
6320
7385
8061
8545
8479
7537
6224
4776
2853
791
-1011
-3186
-5602
-7294
-8000
-8427
-8733
-8182
-6562
-4557
-2765
-1219
88
1018
1389
1432
1289
1033
832
1134
2055
3223
4144
5019
6046
6650
6220
4952
3339
1169
-1558
-4250
-6496
-8257
-9357
-9594
-8742
-7119
-5265
-3158
-917
916
1978
2409
2315
1675
665
-142
-470
-290
374
1684
3774
6118
7902
9231
10307
10761
10182
8774
6861
4247
1145
-1633
-4328
-7367
-9895
-10999
-11147
-11080
-10303
-8227
-5493
-2928
-681
1220
2511
3019
2876
2549
1988
1338
1115
1810
2942
4045
5129
6521
7583
7694
6765
5095
2831
37
-3445
-6843
-9407
-11221
-12262
-12004
-10492
-8254
-5546
-2479
366
2331
3439
3865
3550
2542
1188
236
53
370
1320
3123
5469
7750
9526
10653
11169
10763
9363
7343
4944
1848
-1515
-4212
-6599
-9329
-11440
-11981
-11616
-11147
-9991
-7534
-4475
-1761
552
2589
3961
4434
4275
3915
3272
2520
2151
2574
3447
4340
5274
6472
7321
7168
6052
4447
1952
-1654
-5421
-8648
-11545
-13720
-14438
-13547
-11409
-8540
-5101
-1227
2230
4486
5696
6131
5488
3889
2265
1099
290
266
1385
3394
5768
8037
9979
11498
11919
10974
9084
6700
3576
-415
-4352
-7325
-9981
-12548
-13947
-13589
-12354
-10964
-8650
-5167
-1756
917
3282
5120
5829
5476
4790
4101
3055
2025
1919
2763
3775
4763
6044
7413
7835
6993
5364
3068
-411
-4562
-8379
-11476
-14063
-15499
-15115
-13170
-10382
-6991
-3106
875
3990
5747
6680
6889
5885
4237
2996
2109
1479
1680
3125
5146
7070
8740
10189
10924
10418
8712
6375
3640
506
-3105
-6527
-8920
-10518
-12115
-12988
-12270
-10664
-9082
-6971
-3997
-1096
1216
3297
5029
5751
5550
5113
4854
4327
3566
3292
3866
4600
5163
5649
6102
5872
4634
2665
451
-2425
-5933
-9123
-11358
-12964
-13919
-13639
-11933
-9457
-6605
-3316
204
3169
5134
6438
7315
7237
6177
5085
4436
3944
3662
4085
5214
6413
7228
7829
8096
7458
5800
3690
1479
-857
-3607
-6429
-8327
-9281
-10437
-11452
-11086
-9647
-8380
-6889
-4310
-1352
1060
3281
5554
7071
7367
7096
6968
6465
5198
3982
3624
3626
3399
3126
3165
3037
2158
646
-936
-2834
-5382
-7975
-9836
-11145
-12199
-12536
-11619
-9770
-7585
-4906
-1622
1632
4292
6475
8342
9391
9264
8524
7775
6835
5552
4429
4046
3987
3704
3551
3715
3531
2734
1732
820
-309
-1792
-3614
-5376
-6645
-7696
-9144
-10222
-10004
-8868
-7622
-5803
-2900
470
3549
6395
8728
9817
9747
9175
8146
6199
3732
1794
805
155
-346
-424
60
508
419
-229
-1301
-2912
-4988
-7275
-9324
-10946
-11989
-12208
-11224
-9068
-6233
-3014
715
4499
7675
9980
11387
11685
10865
9322
7441
5300
3043
1271
419
217
120
212
715
1335
1484
1058
298
-525
-1411
-2812
-4696
-6068
-6757
-7584
-8280
-7808
-6318
-4650
-2606
401
3583
6054
8047
9649
10006
8869
7027
5207
3020
405
-1689
-2503
-2570
-2379
-1874
-835
135
339
-210
-1067
-2451
-4516
-6755
-8477
-9540
-10163
-10151
-8730
-6125
-3320
-296
3301
6697
9190
10761
11424
11007
9534
7354
4830
2175
-341
-2176
-2907
-2901
-2660
-1849
-460
806
1534
1695
1426
901
99
-1268
-3094
-4507
-5207
-5847
-6366
-5897
-4351
-2505
-555
1986
4697
6668
7951
8706
8268
6581
4392
2236
-71
-2388
-4006
-4373
-3925
-3128
-2027
-590
662
1111
753
-50
-1383
-3401
-5589
-7249
-8282
-8779
-8358
-6799
-4384
-1454
1833
5157
7950
9758
10583
10497
9237
6890
4047
1245
-1278
-3281
-4431
-4530
-3734
-2330
-666
1021
2354
2966
2895
2394
1302
3
-1318
-2899
-4048
-4127
-4042
-4185
-3531
-1816
-110
1071
2489
4129
5284
5767
5714
4960
3468
1600
-21
-1485
-3077
-4172
-4077
-3161
-2134
-1221
-182
899
1353
850
-164
-1334
-2864
-4578
-5740
-6128
-6074
-5452
-4071
-1999
410
2495
4156
5741
6718
6714
6126
5041
3480
1802
296
-1036
-2107
-2712
-2643
-2003
-1107
-472
195
1103
1654
1519
1189
899
794
795
322
-317
-258
2
-493
-1143
-1051
-655
-623
-411
528
1512
2099
2630
3088
2732
1573
395
-498
-1730
-3125
-3820
-3525
-2873
-2211
-1434
-310
615
855
599
240
-485
-1636
-2624
-3205
-3551
-3560
-3123
-2192
-728
647
1793
3070
4142
4525
4418
3984
3113
1886
637
-530
-1590
-2360
-2743
-2534
-1809
-1118
-453
541
1466
2028
2335
2403
2426
2639
2650
1986
1263
1116
660
-529
-1391
-1486
-1616
-1938
-1585
-455
414
875
1486
1878
1360
350
-524
-1373
-2556
-3562
-3739
-3203
-2563
-1845
-741
585
1411
1624
1681
1603
922
-236
-1150
-1669
-2395
-3076
-2943
-2265
-1572
-735
440
1811
2837
3331
3656
3632
2930
1745
576
-556
-1883
-3002
-3309
-3016
-2482
-1755
-640
927
2338
3148
3886
4583
4796
4676
4066
2886
1808
799
-784
-2313
-2958
-3106
-3296
-2872
-1589
-285
650
1488
2071
1790
673
-570
-1607
-3009
-4400
-4863
-4373
-3571
-2406
-779
1094
2655
3569
3830
3750
3117
1688
20
-1285
-2422
-3452
-3927
-3552
-2718
-1802
-546
1019
2225
2848
3115
3074
2426
1110
-245
-1362
-2428
-3383
-3710
-3184
-2222
-1260
-8
1568
2955
3922
4537
4960
5208
5091
4798
4098
2885
1811
872
-622
-2208
-3090
-3419
-3716
-3551
-2656
-1681
-823
144
661
375
-375
-1215
-2076
-3163
-4187
-4448
-3848
-2778
-1371
289
2102
3687
4662
4918
4631
3714
2127
359
-1109
-2501
-3683
-4011
-3586
-2791
-1666
-265
1194
2365
2852
2744
2224
1180
-378
-2003
-3331
-4300
-4775
-4479
-3441
-1903
-182
1597
3456
5002
5873
6272
6376
6073
5532
4928
3784
2226
1124
231
-1225
-2617
-3238
-3398
-3559
-3396
-2666
-1839
-1244
-766
-628
-1144
-2012
-2859
-3581
-4306
-4657
-4233
-3010
-1303
595
2470
4379
5916
6513
6153
5337
4014
2015
-153
-1884
-3168
-4014
-4106
-3442
-2410
-1353
-189
901
1446
1138
291
-720
-1834
-3093
-4205
-4773
-4686
-4002
-2712
-955
903
2649
4314
5812
6797
7066
6826
6447
5973
5348
4558
3338
1991
1115
231
-1314
-2848
-3600
-4031
-4647
-4856
-4352
-3787
-3323
-2731
-2294
-2408
-2838
-3127
-3175
-3332
-3262
-2462
-923
923
2791
4597
6287
7345
7431
6760
5618
3775
1309
-980
-2621
-3888
-4880
-4990
-4216
-3290
-2397
-1383
-574
-251
-572
-1298
-2053
-2871
-3759
-4282
-4125
-3424
-2320
-634
1544
3609
5345
6837
8006
8491
8086
7125
6194
5115
3872
2775
1603
411
-288
-930
-2142
-3310
-3905
-4387
-5123
-5454
-5246
-4980
-4642
-4077
-3619
-3465
-3371
-2978
-2323
-1754
-947
433
2220
4010
5604
6841
7623
7694
6954
5569
3814
1697
-623
-2542
-3762
-4571
-4912
-4651
-4110
-3438
-2704
-2244
-2179
-2328
-2725
-3166
-3447
-3579
-3440
-2781
-1610
-177
1430
3142
4791
6239
7219
7594
7623
7312
6446
5337
4277
3300
2657
2186
1201
170
-226
-902
-2599
-4253
-5154
-6024
-7126
-7585
-7189
-6541
-5669
-4367
-2980
-2043
-1271
-181
964
1573
2068
2959
4182
5177
5769
6126
6374
6097
5097
3758
2375
612
-1461
-3138
-4185
-5082
-5819
-5913
-5531
-5097
-4528
-3748
-3050
-2584
-2276
-1815
-1211
-821
-574
90
1200
2244
3138
4231
5391
6188
6603
6737
6556
5910
4848
3827
2973
1997
1256
966
337
-627
-1173
-1760
-3250
-4919
-5919
-6605
-7408
-7634
-6951
-5747
-4272
-2559
-889
464
1492
2379
3092
3325
3319
3480
3875
4262
4454
4459
4477
4298
3534
2299
1048
-368
-2198
-3952
-5149
-5953
-6439
-6492
-6076
-5310
-4367
-3330
-2332
-1567
-969
-335
390
1002
1390
1965
2892
3815
4425
4830
5231
5517
5376
4928
4346
3617
2848
2134
1558
1145
936
876
399
-459
-1064
-1865
-3503
-5217
-6166
-6689
-7222
-7090
-5921
-4329
-2569
-592
1167
2320
2986
3475
3688
3296
2607
2247
2326
2485
2532
2568
2826
2990
2623
1765
780
-407
-2058
-3727
-4923
-5779
-6323
-6421
-5907
-4784
-3566
-2425
-1059
266
1162
1746
2227
2541
2508
2436
2577
2752
2795
2808
3111
3621
3694
3470
3444
3308
2760
2056
1445
980
594
317
-264
-1052
-1437
-1836
-2949
-4141
-4692
-4886
-5248
-5255
-4366
-3187
-1980
-514
821
1579
2011
2389
2620
2304
1743
1515
1689
1927
2023
2097
2337
2412
2040
1312
387
-762
-2191
-3544
-4427
-4937
-5185
-4923
-4084
-2996
-1888
-749
238
880
1245
1407
1458
1384
1127
1099
1565
2096
2377
2689
3210
3616
3568
3166
2631
2034
1377
769
365
194
320
895
1183
825
597
415
-701
-2422
-3709
-4568
-5529
-6074
-5567
-4471
-3142
-1524
185
1485
2190
2527
2753
2435
1618
893
652
718
842
972
1400
2032
2315
2061
1584
935
-266
-1737
-2887
-3715
-4402
-4770
-4500
-3650
-2710
-1795
-679
407
1094
1400
1693
1874
1628
1279
1324
1515
1495
1446
1821
2350
2466
2400
2525
2585
2321
1955
1785
1771
1700
1763
1711
1151
535
1
-1138
-2803
-4146
-4901
-5533
-5926
-5491
-4431
-3104
-1550
-113
846
1355
1638
1757
1427
788
397
504
972
1508
2004
2623
3276
3559
3209
2361
1273
-119
-1749
-3174
-4174
-4784
-4943
-4510
-3507
-2445
-1464
-422
395
677
594
438
265
-49
-289
-22
631
1318
1997
2851
3680
4035
3985
3788
3296
2542
1791
1279
1049
954
1163
1713
1778
1330
984
285
-1419
-3396
-4753
-5781
-6874
-7241
-6471
-5148
-3549
-1748
-19
1292
2114
2671
2912
2548
1949
1653
1785
2015
2142
2358
2849
3269
3102
2361
1547
600
-853
-2432
-3586
-4320
-4909
-5133
-4649
-3808
-3086
-2204
-1097
-178
272
527
924
1202
1198
1231
1533
1902
2130
2414
2984
3379
3384
3363
3433
3329
2837
2229
1929
1740
1468
1282
878
189
-455
-1178
-2518
-4121
-5207
-5859
-6519
-6686
-6011
-4901
-3412
-1681
-55
1186
2166
2987
3465
3336
2978
2809
2839
2803
2720
2712
2764
2725
2358
1537
596
-355
-1593
-2942
-3980
-4607
-4900
-4880
-4528
-3874
-3119
-2318
-1452
-737
-299
107
685
1258
1669
2162
2836
3448
3817
3994
4090
4011
3527
2825
2208
1672
1039
524
420
585
912
1432
1506
948
388
-363
-2052
-4249
-5873
-6853
-7688
-7883
-6851
-5086
-2959
-501
1938
3699
4675
5163
5194
4411
3110
1898
1173
815
668
775
1279
1948
2258
2027
1523
739
-680
-2435
-3937
-5017
-5829
-6194
-5860
-5067
-3979
-2513
-1020
199
1174
1927
2679
3117
2995
2877
3063
3162
2884
2608
2625
2601
2355
2082
1765
1562
1389
1099
979
933
844
1036
945
57
-873
-1545
-2752
-4529
-5767
-6141
-6311
-6064
-4881
-3124
-1155
807
2538
3728
4096
3945
3637
2873
1724
803
497
665
990
1391
1940
2509
2645
2040
1097
0
-1575
-3395
-4801
-5599
-5920
-5797
-5041
-3764
-2338
-869
529
1595
2179
2384
2546
2567
2190
1827
1859
2060
2124
2146
2399
2680
2603
2291
1966
1625
1156
529
127
17
-74
100
342
30
-461
-719
-1369
-2740
-4029
-4594
-4935
-5157
-4627
-3430
-1928
-259
1323
2497
3067
3221
3183
2687
1759
941
544
499
666
995
1416
1827
2070
1789
1012
76
-1138
-2676
-4004
-4755
-5007
-4898
-4301
-3067
-1694
-527
694
1701
2036
1975
1915
1836
1467
1019
1043
1452
1818
2065
2407
2833
2852
2421
1970
1417
655
-74
-501
-500
-281
154
925
1337
1146
916
437
-969
-2847
-4201
-5046
-5842
-5987
-5086
-3576
-1718
235
1899
3082
3684
3783
3443
2579
1487
603
168
114
275
583
1100
1661
1846
1429
821
54
-1242
-2676
-3643
-4194
-4545
-4533
-3894
-2855
-1786
-672
433
1349
1915
2201
2425
2478
2219
1973
1882
1761
1529
1355
1395
1366
1090
839
792
805
663
494
675
1082
1383
1675
1631
1094
477
-299
-1682
-3344
-4510
-5087
-5453
-5284
-4263
-2792
-1097
672
2127
2958
3207
3110
2718
1841
810
120
-49
163
600
1159
1807
2357
2511
2037
1135
-9
-1503
-3052
-4175
-4827
-5061
-4758
-3860
-2574
-1282
-49
1117
1851
2016
1929
1789
1497
1023
704
767
1015
1236
1510
1923
2205
2107
1803
1510
1115
569
99
-5
176
433
940
1472
1414
987
613
-301
-2001
-3621
-4550
-5227
-5675
-5214
-3900
-2237
-396
1436
2858
3625
3772
3558
2919
1819
666
-30
-197
-71
190
682
1331
1816
1788
1305
601
-468
-1869
-3059
-3823
-4288
-4460
-4111
-3149
-2007
-923
227
1285
1931
2203
2349
2414
2138
1661
1400
1322
1125
865
860
1093
1074
873
922
1060
962
746
712
859
962
1056
1167
883
265
-325
-1126
-2391
-3675
-4373
-4638
-4702
-4182
-2979
-1489
72
1519
2542
3021
3020
2652
1967
1050
203
-269
-273
61
551
1159
1801
2205
2082
1477
603
-565
-1987
-3237
-3999
-4316
-4202
-3580
-2528
-1348
-225
886
1727
2007
1915
1777
1596
1210
781
680
885
1079
1242
1511
1773
1692
1364
1097
806
300
-153
-220
37
356
855
1452
1603
1275
842
34
-1460
-3072
-4179
-4896
-5351
-5032
-3877
-2347
-660
1081
2469
3218
3383
3146
2476
1413
299
-466
-733
-627
-259
377
1201
1862
2097
1927
1461
562
-752
-2089
-3091
-3764
-4149
-4068
-3448
-2522
-1450
-242
908
1757
2247
2523
2669
2486
1992
1541
1233
884
483
292
371
403
355
494
794
1038
1125
1228
1467
1663
1759
1642
1105
329
-465
-1455
-2677
-3775
-4344
-4477
-4218
-3395
-2215
-940
407
1609
2282
2338
2048
1630
962
136
-480
-637
-396
139
859
1663
2335
2643
2461
1843
876
-447
-1978
-3344
-4274
-4690
-4517
-3857
-2816
-1470
-85
1128
2060
2465
2391
2101
1656
1091
494
128
89
238
484
853
1306
1662
1713
1631
1570
1326
928
668
586
663
914
1043
808
498
180
-596
-1774
-2760
-3400
-3904
-4060
-3538
-2581
-1568
-397
835
1681
1933
1922
1793
1316
572
36
-108
-11
235
689
1345
1902
2036
1753
1248
451
-730
-2062
-3182
-3900
-4167
-3958
-3291
-2276
-1123
54
1170
1923
2054
1891
1708
1389
843
324
223
429
670
903
1287
1709
1887
1745
1535
1296
936
572
385
383
534
863
1049
917
622
156
-671
-1725
-2690
-3508
-4069
-4025
-3451
-2625
-1617
-383
831
1588
1894
1922
1760
1331
746
298
138
163
409
826
1317
1650
1674
1372
841
69
-989
-2127
-3034
-3622
-3800
-3529
-2879
-2039
-1071
4
960
1526
1731
1705
1570
1401
1141
890
817
972
1154
1328
1490
1595
1489
1233
956
717
505
361
370
584
992
1295
1203
915
556
-190
-1352
-2451
-3178
-3820
-4189
-3785
-2780
-1752
-673
557
1589
1999
1916
1710
1275
552
-130
-385
-299
-58
384
1118
1826
2188
2074
1650
944
-149
-1497
-2765
-3679
-4220
-4250
-3649
-2661
-1517
-353
848
1833
2212
2069
1745
1316
805
330
43
89
437
933
1422
1852
2083
2031
1758
1311
723
181
-104
-173
-43
402
863
1076
1087
979
403
-633
-1678
-2472
-3266
-3850
-3690
-2911
-2021
-1083
53
1052
1549
1673
1605
1255
670
141
-82
-89
91
411
962
1497
1787
1666
1290
683
-239
-1358
-2409
-3209
-3649
-3605
-3139
-2373
-1446
-376
694
1473
1850
1935
1788
1481
1074
698
449
365
473
704
978
1216
1340
1338
1219
947
645
478
464
453
564
913
1126
991
658
251
-462
-1362
-2134
-2678
-3059
-3075
-2565
-1752
-945
-223
467
926
974
717
356
-50
-366
-461
-302
103
705
1342
1954
2310
2273
1804
1090
122
-1027
-2156
-2988
-3486
-3567
-3112
-2247
-1373
-482
581
1409
1682
1628
1437
1090
603
154
-51
-24
161
511
1012
1440
1670
1763
1783
1504
1040
664
521
429
419
574
851
969
796
424
-112
-873
-1687
-2324
-2802
-3003
-2813
-2196
-1396
-639
-76
329
560
492
132
-276
-510
-553
-331
92
734
1434
2107
2526
2577
2176
1415
414
-774
-1950
-2919
-3527
-3711
-3381
-2532
-1526
-556
466
1376
1832
1853
1573
1098
519
-55
-402
-441
-258
158
839
1554
2037
2321
2471
2310
1810
1202
703
345
148
132
230
351
418
316
-99
-694
-1291
-1800
-2323
-2674
-2589
-2128
-1485
-803
-176
181
340
277
93
-318
-683
-814
-533
-48
569
1276
2067
2637
2760
2438
1724
765
-495
-1801
-2900
-3615
-3935
-3715
-3012
-1953
-799
330
1313
1997
2214
1986
1450
797
80
-575
-895
-833
-474
111
948
1801
2469
2799
2900
2668
2153
1435
773
236
-65
-258
-408
-441
-423
-603
-1023
-1348
-1542
-1804
-2038
-1894
-1420
-885
-409
85
357
262
-71
-378
-683
-1026
-1174
-804
-53
775
1626
2445
3046
3123
2648
1751
583
-845
-2294
-3441
-4105
-4312
-3962
-3047
-1786
-504
699
1690
2273
2345
1964
1248
384
-438
-1046
-1312
-1139
-610
225
1313
2367
3130
3528
3590
3215
2476
1556
680
-106
-617
-816
-845
-813
-651
-538
-723
-1082
-1304
-1475
-1784
-1969
-1766
-1317
-866
-377
26
172
110
8
-147
-388
-594
-510
-52
568
1180
1745
2262
2466
2238
1634
788
-310
-1513
-2610
-3376
-3848
-3980
-3594
-2735
-1699
-623
476
1495
2204
2506
2455
2039
1374
631
6
-500
-792
-756
-264
555
1459
2249
2900
3357
3450
3142
2511
1688
764
-145
-1033
-1785
-2301
-2664
-2908
-2856
-2423
-1865
-1292
-601
187
833
1184
1315
1089
478
-335
-995
-1495
-1877
-1968
-1458
-466
662
1712
2612
3252
3357
2838
1828
517
-1016
-2517
-3695
-4398
-4627
-4300
-3390
-2115
-821
439
1590
2400
2678
2526
2125
1520
687
-111
-549
-674
-637
-336
353
1171
1931
2559
3042
3191
2990
2557
2031
1333
536
-326
-1124
-1796
-2308
-2822
-3232
-3218
-2797
-2252
-1611
-687
324
1196
1803
2129
1946
1335
456
-371
-1122
-1757
-2106
-1822
-1006
-3
1012
1973
2655
2829
2484
1622
358
-1161
-2599
-3744
-4444
-4675
-4342
-3479
-2214
-767
605
1742
2589
3064
3072
2713
2040
1217
425
-119
-487
-592
-401
76
736
1435
2093
2568
2841
2847
2653
2167
1562
884
17
-1011
-1894
-2531
-3175
-3656
-3660
-3146
-2446
-1538
-390
882
1948
2614
2871
2659
1913
803
-279
-1239
-2037
-2493
-2313
-1605
-583
503
1516
2242
2503
2226
1480
311
-1194
-2693
-3828
-4568
-4903
-4623
-3726
-2448
-959
635
2099
3184
3758
3914
3670
2980
1881
789
-93
-780
-1205
-1152
-668
35
909
1898
2797
3330
3487
3333
2883
2102
962
-361
-1638
-2774
-3757
-4430
-4511
-4078
-3280
-2145
-609
959
2229
3116
3628
3490
2690
1459
156
-1120
-2204
-2823
-2836
-2297
-1420
-233
1009
2027
2456
2372
1804
840
-547
-2028
-3369
-4275
-4673
-4490
-3817
-2746
-1403
42
1441
2564
3243
3420
3319
2942
2309
1473
688
59
-334
-504
-413
-85
379
872
1436
1990
2347
2459
2418
2228
1765
975
-34
-1133
-2240
-3392
-4237
-4544
-4302
-3697
-2558
-944
834
2387
3549
4201
4105
3358
2062
613
-950
-2227
-3032
-3103
-2685
-1790
-584
696
1714
2262
2282
1715
724
-602
-1984
-3280
-4186
-4532
-4296
-3584
-2429
-1023
416
1809
2970
3621
3815
3575
3067
2339
1552
607
-145
-608
-757
-678
-333
123
612
1228
1796
2166
2240
2189
1939
1490
649
-346
-1404
-2430
-3446
-4063
-4216
-3911
-3207
-1966
-410
1230
2635
3652
4074
3827
2971
1732
321
-1127
-2254
-2860
-2839
-2366
-1433
-332
771
1523
1876
1680
1090
32
-1262
-2515
-3456
-4041
-4236
-3821
-2840
-1539
-231
1177
2480
3404
3800
3785
3383
2683
1841
914
107
-542
-866
-842
-458
11
527
1115
1681
2045
2108
1998
1749
1363
677
-118
-886
-1681
-2536
-3138
-3353
-3320
-3016
-2285
-1181
81
1252
2270
2975
3181
2727
1946
1011
-81
-1237
-1999
-2241
-2078
-1601
-856
22
735
1108
1093
779
98
-851
-1862
-2673
-3222
-3435
-3263
-2611
-1653
-599
474
1551
2400
2833
2940
2813
2405
1782
1196
676
206
-126
-152
28
310
606
959
1296
1508
1578
1560
1476
1294
938
473
-18
-577
-1313
-2009
-2455
-2693
-2824
-2671
-2036
-1120
-118
868
1822
2427
2570
2246
1668
832
-167
-1080
-1679
-1890
-1817
-1396
-743
-19
484
770
753
444
-222
-1065
-1887
-2539
-3033
-3232
-2915
-2222
-1372
-383
783
1869
2650
3043
3109
2868
2346
1553
803
131
-413
-704
-531
-130
357
944
1591
2147
2339
2276
2026
1705
1049
285
-388
-916
-1564
-2119
-2332
-2299
-2186
-1998
-1523
-913
-252
300
861
1223
1269
1021
726
358
-163
-639
-890
-855
-720
-437
-37
378
542
535
360
-21
-668
-1391
-1976
-2386
-2621
-2676
-2316
-1658
-887
-120
756
1528
2027
2227
2209
1955
1477
918
382
22
-264
-317
-83
388
818
1282
1755
2099
2204
2092
1829
1478
1080
503
-79
-557
-933
-1422
-1774
-1929
-1881
-1842
-1651
-1272
-741
-269
164
554
748
695
475
265
-60
-367
-611
-611
-516
-209
119
499
736
811
652
332
-169
-852
-1627
-2271
-2655
-2816
-2693
-2180
-1337
-366
631
1617
2393
2793
2736
2313
1597
676
-248
-1024
-1478
-1627
-1280
-587
375
1288
2201
2891
3273
3164
2727
2053
1228
302
-612
-1337
-1835
-2049
-2089
-1890
-1511
-1010
-538
-93
271
530
595
497
261
-100
-511
-840
-1015
-1086
-996
-648
-128
364
783
1168
1352
1227
841
303
-358
-1058
-1680
-2240
-2569
-2589
-2310
-1823
-1102
-280
547
1326
1969
2323
2301
1999
1404
651
-217
-930
-1457
-1646
-1504
-987
-166
792
1757
2538
3159
3362
3274
2811
2131
1164
164
-734
-1459
-2048
-2383
-2280
-1908
-1376
-779
-60
546
970
1143
1066
687
95
-581
-1240
-1735
-2009
-1969
-1603
-979
-225
551
1219
1573
1601
1288
699
-136
-1001
-1824
-2442
-2756
-2694
-2298
-1581
-619
388
1333
2063
2542
2621
2364
1757
950
15
-834
-1487
-1828
-1833
-1492
-838
2
910
1709
2348
2708
2798
2615
2274
1751
1108
463
-66
-500
-863
-1085
-1151
-1063
-893
-666
-373
-36
238
407
415
308
24
-406
-936
-1397
-1761
-1965
-1932
-1650
-1185
-655
-28
491
830
871
739
407
-68
-626
-1134
-1456
-1582
-1435
-1084
-478
241
1012
1649
2127
2385
2343
2021
1396
676
-141
-834
-1429
-1747
-1838
-1584
-1054
-388
346
1065
1749
2211
2526
2530
2320
1815
1268
583
-98
-769
-1187
-1360
-1335
-1140
-750
-179
392
873
1102
1154
870
368
-321
-1035
-1811
-2404
-2691
-2634
-2326
-1798
-1092
-380
193
513
611
460
53
-485
-936
-1196
-1278
-1081
-564
198
1001
1762
2386
2730
2737
2404
1888
1165
340
-439
-979
-1280
-1425
-1366
-1121
-731
-381
-70
161
368
483
574
687
801
858
879
935
938
851
669
522
384
225
62
52
166
253
355
435
454
289
77
-229
-596
-1059
-1483
-1773
-1922
-1979
-1981
-1775
-1556
-1331
-1189
-978
-923
-889
-869
-762
-568
-262
194
746
1419
1944
2437
2710
2793
2492
2065
1464
805
125
-427
-782
-1001
-987
-943
-735
-621
-454
-464
-379
-431
-430
-426
-265
-121
3
198
397
604
712
914
1050
1200
1213
1321
1406
1478
1409
1239
991
664
294
-126
-517
-898
-1184
-1394
-1530
-1648
-1773
-1883
-2046
-2277
-2554
-2738
-2863
-2846
-2632
-2149
-1418
-480
589
1693
2740
3538
4025
4122
3881
3280
2461
1528
676
-3
-439
-617
-543
-310
-64
143
183
11
-416
-922
-1486
-1956
-2260
-2276
-2090
-1707
-1144
-460
227
772
1231
1560
1830
1928
1988
1982
1998
1973
1905
1741
1435
1067
628
220
-301
-775
-1201
-1445
-1667
-1867
-2067
-2238
-2435
-2757
-3048
-3386
-3571
-3620
-3354
-2857
-2017
-912
409
1806
3075
4127
4810
5123
4895
4274
3345
2319
1295
419
-184
-526
-526
-370
-24
178
288
154
-89
-641
-1301
-1899
-2368
-2769
-2987
-2862
-2536
-2010
-1364
-557
271
1088
1822
2517
3071
3409
3491
3428
3128
2600
1895
1211
473
-197
-773
-1124
-1309
-1426
-1550
-1649
-1786
-2133
-2628
-3185
-3750
-4311
-4637
-4624
-4224
-3461
-2280
-814
800
2341
3689
4719
5335
5413
5043
4385
3574
2665
1824
1192
802
579
497
493
477
329
3
-450
-1018
-1657
-2272
-2746
-3083
-3276
-3294
-3109
-2758
-2293
-1732
-1065
-329
405
1193
2043
2844
3448
3875
4075
4013
3677
3091
2290
1390
518
-279
-897
-1345
-1645
-1847
-1965
-2116
-2375
-2726
-3161
-3671
-4174
-4527
-4641
-4423
-3791
-2829
-1537
-33
1553
2989
4226
5063
5437
5381
4966
4296
3474
2686
1935
1442
1073
869
679
566
307
-53
-556
-1179
-1883
-2565
-3169
-3664
-3957
-4077
-3974
-3609
-3031
-2355
-1556
-676
243
1189
2126
2907
3566
4006
4273
4294
4134
3648
3027
2302
1538
729
8
-661
-1283
-1801
-2266
-2659
-3057
-3370
-3666
-3832
-3946
-3925
-3742
-3322
-2772
-2069
-1229
-311
636
1588
2470
3200
3758
4145
4357
4384
4242
3928
3512
2991
2409
1754
1110
444
-206
-849
-1402
-1875
-2315
-2714
-3027
-3272
-3467
-3577
-3550
-3391
-3080
-2627
-2041
-1288
-402
558
1493
2415
3174
3782
4164
4323
4208
3882
3416
2757
2057
1261
534
-245
-897
-1596
-2229
-2812
-3233
-3569
-3830
-3932
-3888
-3625
-3286
-2813
-2275
-1616
-979
-320
331
989
1607
2211
2795
3325
3763
4100
4318
4354
4169
3804
3293
2641
1850
1011
176
-581
-1279
-1935
-2523
-3007
-3392
-3741
-3961
-4048
-3986
-3772
-3373
-2792
-2063
-1191
-296
622
1474
2229
2834
3294
3574
3691
3674
3478
3148
2711
2211
1581
907
187
-524
-1252
-1880
-2440
-2884
-3213
-3388
-3425
-3319
-3100
-2817
-2463
-2093
-1684
-1224
-681
-121
481
1123
1828
2519
3136
3634
3999
4195
4203
4016
3667
3206
2650
1998
1327
667
-18
-750
-1446
-2105
-2785
-3413
-3874
-4179
-4341
-4321
-4023
-3511
-2801
-1979
-1060
-147
692
1430
2024
2500
2761
2940
2947
2943
2789
2645
2391
2093
1667
1199
671
55
-587
-1245
-1805
-2328
-2690
-2982
-3075
-3050
-2853
-2638
-2317
-1961
-1541
-1083
-591
-100
404
999
1551
2084
2536
2945
3207
3405
3459
3382
3194
2965
2654
2222
1712
1110
436
-361
-1220
-2061
-2829
-3498
-4012
-4276
-4291
-4040
-3552
-2871
-2113
-1277
-451
324
951
1462
1812
2070
2206
2265
2249
2240
2163
2040
1888
1711
1455
1143
783
340
-152
-656
-1150
-1643
-2070
-2441
-2670
-2801
-2794
-2698
-2401
-1987
-1456
-899
-279
335
940
1472
1900
2217
2413
2514
2542
2528
2431
2313
2207
2092
1899
1643
1305
840
247
-438
-1204
-1989
-2665
-3226
-3607
-3735
-3573
-3224
-2685
-2000
-1280
-570
70
642
1044
1388
1558
1702
1714
1726
1633
1573
1428
1272
1084
915
715
507
302
75
-129
-370
-627
-903
-1162
-1449
-1650
-1790
-1863
-1832
-1628
-1330
-925
-437
123
649
1162
1573
1889
2072
2141
2068
1890
1667
1425
1159
856
621
411
202
-22
-202
-433
-708
-1009
-1298
-1574
-1812
-1984
-2048
-1982
-1850
-1609
-1256
-838
-446
-22
371
747
1025
1250
1366
1432
1382
1239
1006
744
436
145
-110
-312
-411
-387
-265
-134
26
145
256
235
107
-121
-356
-627
-851
-977
-954
-800
-494
-61
431
930
1381
1718
1871
1835
1597
1225
727
163
-419
-844
-1124
-1239
-1212
-984
-679
-349
-69
129
180
57
-177
-490
-807
-1140
-1322
-1398
-1250
-1002
-581
-143
355
754
1111
1301
1328
1184
919
601
228
-128
-467
-648
-728
-652
-484
-210
71
372
643
834
888
861
717
493
209
-55
-277
-418
-460
-369
-170
134
481
827
1096
1245
1225
1037
694
195
-394
-961
-1430
-1788
-1958
-1875
-1569
-1134
-608
-82
379
670
783
695
495
135
-263
-624
-844
-957
-901
-693
-354
26
407
713
913
995
920
734
454
171
-116
-321
-440
-449
-364
-197
7
232
457
625
735
783
768
692
581
468
361
259
200
185
207
251
320
379
422
407
317
182
-17
-294
-629
-942
-1235
-1478
-1633
-1658
-1557
-1355
-1060
-700
-331
-33
219
415
511
470
379
289
174
78
31
74
132
243
363
493
565
591
542
449
309
161
34
-69
-121
-113
-57
29
144
253
351
400
427
417
385
324
279
240
225
218
253
313
378
417
418
395
309
164
-34
-234
-459
-682
-898
-1060
-1171
-1225
-1212
-1162
-1074
-957
-798
-653
-514
-410
-306
-205
-121
-68
-4
71
152
243
363
482
596
690
771
827
847
807
740
659
544
422
312
247
189
172
188
241
284
328
350
338
277
190
86
-23
-126
-224
-252
-237
-186
-135
-37
48
104
114
84
8
-89
-193
-321
-419
-500
-564
-586
-572
-551
-527
-478
-440
-411
-406
-412
-429
-436
-465
-512
-530
-531
-519
-495
-415
-297
-154
9
204
412
618
809
961
1087
1171
1214
1191
1159
1081
974
849
731
594
446
320
198
95
3
-66
-140
-195
-242
-277
-346
-423
-510
-604
-696
-771
-819
-843
-823
-733
-567
-355
-120
116
365
574
703
731
698
569
363
100
-156
-413
-630
-788
-874
-911
-912
-877
-830
-789
-768
-751
-733
-687
-598
-462
-257
35
363
731
1108
1468
1766
1996
2105
2115
2029
1843
1560
1218
850
466
119
-189
-435
-617
-714
-761
-762
-755
-755
-780
-836
-950
-1086
-1228
-1352
-1428
-1417
-1302
-1083
-743
-325
154
628
1072
1407
1621
1670
1572
1319
966
524
63
-349
-693
-962
-1136
-1213
-1216
-1188
-1144
-1115
-1081
-1059
-1030
-969
-835
-606
-288
132
615
1134
1638
2093
2441
2649
2694
2602
2376
2030
1611
1176
743
348
1
-287
-520
-689
-841
-983
-1125
-1277
-1437
-1594
-1727
-1824
-1857
-1825
-1705
-1504
-1209
-849
-443
-39
365
727
1032
1241
1356
1366
1292
1144
943
702
448
207
-22
-240
-453
-645
-823
-988
-1155
-1299
-1420
-1481
-1456
-1330
-1126
-815
-377
131
669
1201
1702
2123
2420
2570
2567
2436
2192
1887
1530
1165
819
531
284
78
-119
-310
-524
-760
-1040
-1343
-1641
-1907
-2128
-2249
-2235
-2101
-1846
-1475
-1009
-511
-24
414
776
1027
1153
1145
1059
899
703
504
360
258
208
196
204
183
113
-23
-229
-492
-808
-1132
-1403
-1574
-1638
-1552
-1318
-945
-466
73
614
1132
1581
1919
2129
2211
2172
2043
1857
1613
1347
1086
845
602
386
169
-53
-281
-500
-721
-955
-1184
-1387
-1546
-1664
-1733
-1734
-1654
-1506
-1304
-1027
-681
-326
19
368
675
895
1017
1052
989
839
628
390
160
-27
-168
-243
-247
-221
-171
-106
-66
-91
-162
-275
-407
-534
-623
-652
-604
-470
-250
39
375
722
1050
1321
1521
1633
1642
1555
1389
1162
894
604
312
48
-190
-400
-583
-729
-842
-939
-1016
-1060
-1078
-1078
-1069
-1046
-1000
-937
-865
-766
-633
-481
-293
-57
186
415
640
824
936
953
884
733
522
256
-28
-272
-452
-565
-586
-518
-388
-216
-31
135
266
347
377
369
324
260
207
197
221
279
373
502
652
796
917
983
990
926
791
578
306
-9
-343
-662
-939
-1157
-1297
-1345
-1305
-1191
-1023
-818
-608
-414
-252
-137
-75
-60
-76
-98
-104
-86
-35
58
192
352
508
636
712
715
624
447
198
-80
-357
-604
-773
-840
-797
-647
-417
-136
166
453
690
859
944
941
876
772
627
465
336
254
211
210
260
326
388
435
435
363
220
5
-257
-548
-849
-1112
-1294
-1392
-1394
-1287
-1084
-818
-512
-198
82
305
462
543
562
525
451
364
285
214
168
165
186
218
251
277
282
252
175
51
-100
-266
-436
-584
-685
-728
-696
-584
-402
-164
115
417
690
904
1052
1122
1098
974
781
541
304
88
-87
-199
-238
-223
-185
-135
-106
-121
-197
-333
-517
-720
-907
-1062
-1156
-1158
-1070
-890
-640
-347
-45
255
522
723
853
912
918
876
783
662
539
412
296
201
122
60
12
-33
-74
-113
-165
-231
-298
-372
-451
-516
-557
-575
-543
-465
-342
-157
67
300
518
705
833
892
864
762
599
396
183
-21
-191
-315
-390
-416
-402
-364
-332
-317
-328
-363
-437
-539
-642
-724
-770
-772
-715
-598
-419
-195
55
307
547
763
928
1022
1054
1024
929
787
619
440
264
109
-9
-83
-119
-126
-110
-84
-74
-84
-123
-200
-304
-418
-521
-600
-633
-615
-528
-371
-157
79
308
508
654
728
714
625
473
282
75
-120
-267
-359
-404
-403
-359
-289
-213
-163
-154
-179
-245
-336
-448
-558
-644
-683
-665
-583
-434
-234
5
260
512
732
899
1000
1038
1007
916
780
622
458
310
191
109
65
52
60
78
76
47
-9
-103
-220
-359
-504
-628
-713
-756
-739
-662
-536
-366
-173
19
182
320
410
441
417
341
234
116
-2
-108
-190
-237
-248
-237
-215
-184
-150
-129
-132
-157
-201
-260
-328
-397
-444
-459
-431
-355
-226
-49
161
380
587
767
892
954
959
905
791
653
530
417
316
257
240
236
226
199
144
58
-68
-242
-426
-599
-747
-854
-905
-901
-844
-742
-606
-454
-303
-161
-44
56
124
170
204
219
225
214
206
196
179
154
122
91
51
8
-36
-84
-126
-156
-180
-204
-218
-222
-218
-206
-183
-145
-93
-14
90
208
331
457
579
681
748
777
770
726
647
556
455
346
238
146
59
-34
-124
-210
-301
-398
-500
-600
-694
-782
-850
-895
-908
-891
-837
-741
-616
-468
-302
-131
37
192
321
424
489
517
517
498
462
419
376
338
306
287
274
255
237
205
152
92
29
-43
-116
-175
-214
-235
-229
-196
-139
-58
35
138
244
342
415
462
480
472
435
373
293
203
115
28
-54
-125
-186
-259
-335
-415
-505
-600
-695
-788
-859
-901
-918
-893
-827
-726
-597
-437
-261
-76
110
289
444
567
667
726
750
741
706
658
610
564
520
483
454
419
370
303
215
108
-15
-136
-249
-339
-391
-405
-381
-318
-232
-136
-34
63
140
200
240
255
263
261
246
230
207
171
118
60
-15
-102
-204
-319
-431
-539
-635
-715
-766
-793
-789
-754
-694
-622
-532
-424
-311
-184
-52
86
223
350
460
553
624
670
693
689
669
640
609
574
542
499
443
379
303
206
90
-35
-155
-267
-352
-407
-438
-427
-381
-313
-236
-158
-87
-26
23
53
77
105
136
173
209
241
270
281
255
200
123
16
-109
-236
-357
-464
-535
-571
-573
-544
-498
-449
-400
-350
-311
-283
-264
-238
-192
-125
-40
67
198
335
467
576
665
724
751
742
694
628
541
446
344
241
143
59
-13
-75
-125
-171
-217
-253
-291
-338
-379
-414
-438
-445
-433
-396
-326
-233
-134
-24
91
196
274
322
347
343
300
232
153
60
-37
-122
-186
-235
-267
-272
-268
-252
-232
-228
-233
-240
-259
-284
-303
-305
-283
-235
-160
-55
74
217
356
483
589
664
706
705
659
581
486
387
285
186
98
44
9
-14
-34
-64
-100
-154
-229
-321
-416
-505
-569
-600
-588
-527
-433
-307
-167
-26
104
208
281
317
325
316
282
228
173
123
77
31
-12
-51
-83
-101
-111
-127
-144
-155
-167
-184
-210
-235
-254
-266
-266
-241
-181
-91
21
145
276
407
520
595
630
624
579
497
388
272
159
67
0
-49
-79
-92
-96
-113
-145
-198
-264
-335
-409
-474
-517
-525
-490
-424
-327
-207
-86
30
124
190
231
244
244
232
204
173
144
116
91
60
28
-2
-33
-66
-95
-111
-120
-123
-125
-123
-116
-106
-94
-82
-62
-31
11
71
143
222
310
389
447
485
500
486
440
365
273
167
57
-53
-158
-249
-322
-385
-428
-449
-457
-458
-453
-436
-406
-371
-331
-286
-224
-151
-85
-19
47
103
149
185
214
237
249
250
248
235
211
180
144
101
47
1
-38
-62
-82
-87
-73
-50
-18
26
73
113
146
166
178
188
192
191
191
205
221
238
254
264
264
246
208
142
58
-48
-170
-301
-422
-529
-608
-657
-674
-645
-585
-498
-396
-287
-183
-88
-17
33
67
76
81
92
109
135
180
234
288
343
386
402
389
348
275
185
93
8
-63
-115
-136
-121
-85
-39
15
69
121
171
208
217
207
198
181
146
106
62
33
19
3
-9
-10
-10
-10
-25
-55
-104
-161
-228
-311
-406
-491
-556
-591
-590
-552
-473
-354
-213
-71
57
165
242
280
278
244
191
146
120
98
99
125
164
206
239
249
240
209
155
84
8
-54
-95
-113
-99
-59
2
74
145
212
265
291
293
284
253
208
156
97
35
-21
-70
-117
-159
-197
-228
-250
-277
-303
-313
-320
-328
-332
-324
-300
-276
-251
-219
-172
-122
-64
4
75
148
221
291
340
365
364
342
303
231
152
80
17
-39
-82
-98
-102
-90
-67
-45
-33
-22
-19
-23
-30
-34
-24
3
41
88
152
224
289
325
336
328
292
221
124
22
-72
-159
-228
-281
-312
-320
-321
-317
-307
-305
-307
-308
-303
-292
-278
-249
-200
-132
-58
25
118
213
292
348
385
400
388
360
316
257
192
129
70
18
-34
-86
-130
-157
-182
-200
-212
-214
-194
-173
-145
-108
-65
-17
29
73
119
169
218
266
305
336
364
364
340
295
232
147
53
-53
-152
-234
-305
-355
-388
-406
-414
-411
-402
-390
-374
-350
-323
-283
-217
-140
-54
42
138
238
330
398
442
463
457
428
378
318
245
178
110
41
-23
-89
-152
-208
-253
-289
-305
-308
-287
-252
-206
-152
-94
-34
22
75
111
150
195
244
292
341
386
421
435
425
380
308
208
81
-59
-194
-304
-395
-459
-497
-509
-498
-468
-432
-392
-353
-307
-262
-212
-154
-88
-15
64
149
230
306
379
438
475
484
474
453
405
328
236
133
26
-76
-168
-242
-297
-326
-330
-317
-283
-238
-182
-131
-83
-40
-10
17
41
73
110
154
208
279
347
400
439
442
412
351
259
126
-15
-158
-286
-395
-476
-525
-544
-538
-508
-455
-403
-348
-291
-226
-174
-121
-56
20
103
188
274
357
426
480
506
515
501
466
405
327
241
145
46
-55
-153
-240
-299
-343
-371
-375
-355
-321
-276
-217
-165
-114
-64
-19
18
48
79
121
171
220
272
322
359
379
368
330
263
169
62
-55
-166
-265
-342
-392
-420
-434
-426
-399
-356
-310
-266
-210
-147
-81
-20
44
110
175
240
291
336
376
398
401
380
341
286
224
157
93
37
-16
-64
-105
-148
-187
-229
-268
-300
-319
-322
-311
-280
-231
-166
-93
-20
45
103
153
176
185
182
182
185
191
197
204
208
200
181
134
73
-2
-80
-157
-224
-273
-293
-285
-257
-218
-170
-108
-48
-8
23
49
59
66
73
85
111
139
165
191
203
208
203
168
115
62
16
-31
-69
-95
-112
-105
-105
-112
-117
-120
-124
-131
-136
-132
-124
-108
-78
-53
-19
17
43
60
71
72
74
76
66
61
65
73
81
84
77
70
56
34
7
-17
-33
-45
-54
-52
-33
-10
20
43
60
75
83
78
62
40
12
-8
-29
-43
-52
-55
-46
-43
-37
-38
-42
-52
-62
-80
-95
-103
-110
-108
-96
-77
-53
-24
-1
23
44
57
55
47
30
7
-23
-50
-67
-72
-77
-73
-55
-29
3
29
42
53
58
64
68
74
86
102
124
139
154
170
175
166
153
135
125
108
80
57
37
24
3
-33
-74
-106
-139
-167
-190
-208
-208
-191
-179
-163
-135
-106
-79
-56
-38
-10
12
39
72
99
125
156
178
187
188
170
142
85
21
-44
-100
-150
-197
-230
-244
-242
-235
-222
-204
-181
-143
-97
-52
-4
55
115
172
222
263
294
319
335
337
321
305
283
248
216
173
120
66
8
-62
-128
-199
-272
-333
-389
-429
-447
-438
-406
-353
-293
-220
-142
-67
5
69
130
177
218
253
282
299
307
310
300
276
235
184
126
60
-25
-108
-189
-259
-307
-352
-381
-383
-369
-338
-290
-231
-161
-80
13
99
185
263
333
388
420
432
435
425
397
358
304
253
195
134
63
-11
-86
-166
-240
-312
-384
-447
-482
-505
-505
-483
-439
-374
-284
-183
-73
42
144
232
303
349
371
371
354
328
302
274
243
205
171
133
81
19
-55
-130
-211
-284
-349
-387
-397
-392
-365
-307
-224
-142
-61
24
108
187
253
299
336
367
383
391
383
358
325
292
252
191
121
50
-16
-97
-192
-283
-351
-399
-437
-465
-465
-437
-398
-342
-280
-210
-134
-51
26
96
164
225
268
305
330
342
341
327
293
255
211
150
80
10
-58
-122
-176
-220
-260
-283
-290
-294
-295
-289
-264
-230
-188
-135
-68
15
104
190
263
323
364
382
376
350
314
270
213
153
103
62
16
-37
-89
-146
-197
-246
-291
-319
-340
-353
-341
-317
-283
-235
-175
-117
-54
17
88
155
212
257
300
327
329
323
305
272
230
175
113
53
-3
-66
-121
-161
-195
-221
-239
-249
-248
-243
-232
-220
-202
-163
-115
-53
5
64
129
200
256
286
300
301
289
267
226
171
125
83
49
4
-45
-73
-96
-130
-164
-193
-221
-241
-255
-258
-247
-226
-192
-144
-94
-35
23
84
143
193
236
271
286
288
276
244
202
152
104
56
12
-32
-73
-105
-139
-176
-210
-237
-248
-256
-257
-240
-209
-169
-125
-80
-29
23
72
119
160
188
209
230
242
237
225
194
170
139
87
38
-10
-48
-81
-112
-136
-157
-163
-165
-172
-178
-178
-173
-158
-135
-112
-80
-29
27
79
132
168
193
214
207
185
160
137
108
75
40
9
-10
-27
-48
-66
-78
-92
-116
-136
-152
-169
-178
-174
-164
-133
-98
-51
7
52
90
127
149
148
145
138
132
120
110
98
84
74
58
39
12
-8
-29
-45
-52
-59
-65
-69
-71
-69
-66
-69
-68
-71
-72
-59
-45
-35
-11
14
35
56
67
70
70
61
37
7
-18
-26
-41
-41
-38
-31
-17
-3
-3
-3
-3
-12
-11
-14
-22
-25
-12
2
13
24
31
38
42
41
36
34
40
34
24
15
2
-11
-15
-36
-60
-61
-51
-38
-18
5
24
48
60
69
72
59
40
21
7
5
15
17
24
35
49
58
43
25
9
0
-14
-36
-53
-57
-62
-59
-58
-49
-30
-11
2
15
21
10
5
-5
-22
-31
-24
-12
2
19
29
35
41
38
23
-3
-26
-35
-51
-71
-81
-87
-88
-95
-102
-89
-72
-48
-31
-17
1
16
28
40
56
70
84
90
86
91
94
84
70
60
48
37
23
14
9
-8
-17
-15
-21
-30
-29
-30
-41
-45
-54
-56
-47
-43
-26
-15
2
30
47
55
53
53
51
48
35
20
10
10
-5
-23
-31
-47
-60
-74
-86
-95
-93
-90
-89
-82
-75
-70
-57
-39
-18
-10
11
38
62
76
86
106
132
149
142
137
128
117
97
78
57
31
8
-2
-19
-36
-40
-44
-51
-65
-68
-71
-70
-84
-105
-104
-81
-56
-40
-21
5
41
67
76
70
60
50
41
29
22
14
14
20
12
12
19
8
-5
-9
-23
-51
-65
-63
-67
-64
-74
-72
-53
-34
-23
-17
-10
-5
15
43
50
54
77
80
81
76
53
56
58
39
22
16
16
11
6
0
-20
-33
-48
-71
-87
-89
-95
-92
-75
-61
-49
-32
-15
5
25
31
39
45
38
19
9
-1
-16
-17
-8
5
17
42
44
42
41
25
5
-18
-36
-56
-62
-71
-66
-61
-38
-12
13
29
35
48
49
52
36
26
23
20
10
10
0
-4
-5
-4
-11
-22
-18
-14
-11
-18
-15
-18
-24
-18
-8
-13
-11
3
22
52
57
62
71
80
69
50
41
30
19
0
-10
-16
-14
-1
14
25
37
42
43
34
9
-12
-23
-36
-28
-18
-18
-11
-2
-1
-13
-26
-49
-60
-56
-72
-79
-71
-49
-38
-24
-29
-26
-26
-29
-17
-16
1
13
35
43
51
54
48
49
55
50
48
52
54
40
42
34
22
14
-9
-25
-41
-53
-74
-56
-26
-10
-17
-17
-11
-3
11
22
15
11
21
32
33
30
35
33
25
16
11
1
-11
-46
-91
-92
-78
-84
-89
-89
-70
-61
-66
-76
-80
-77
-62
-50
-42
-11
40
92
115
138
168
173
164
141
119
94
75
63
42
19
2
-9
-28
-44
-78
-95
-97
-109
-122
-133
-120
-95
-79
-60
-32
-6
2
0
8
23
33
35
51
65
91
102
97
103
105
85
59
27
-15
-47
-80
-98
-113
-118
-113
-106
-83
-57
-50
-43
-27
-12
-9
-5
10
33
59
78
112
137
151
167
166
151
131
115
82
59
36
11
-9
-29
-46
-59
-76
-88
-88
-84
-81
-92
-88
-80
-66
-54
-53
-40
-7
21
32
39
43
59
57
54
59
59
43
22
16
-3
-21
-37
-49
-59
-56
-67
-74
-51
-56
-70
-69
-45
-25
-26
-12
1
39
67
59
49
57
64
71
48
44
42
44
69
57
42
23
25
18
-27
-69
-77
-65
-72
-80
-62
-46
-21
-9
-15
-9
-19
-12
-9
-17
-22
-4
6
9
11
15
29
37
40
43
47
47
42
36
31
11
-2
-16
-43
-60
-67
-74
-83
-83
-80
-73
-54
-42
-44
-33
-23
-13
-12
-10
7
14
24
34
51
61
75
90
80
79
73
48
30
24
17
5
3
1
-1
-2
-2
-9
-5
-8
-24
-26
-28
-33
-30
-21
-10
1
13
26
42
57
62
60
72
78
80
74
66
55
29
12
-27
-49
-64
-80
-96
-77
-55
-61
-71
-72
-67
-60
-60
-73
-67
-47
-27
-17
0
12
20
41
61
69
74
62
57
75
62
25
23
27
19
8
-2
-12
-15
-17
-33
-40
-50
-51
-46
-35
-28
-29
-3
11
9
-1
12
41
45
43
37
44
48
51
49
31
16
3
2
-8
-35
-59
-70
-66
-77
-73
-67
-65
-58
-45
-28
-28
-4
12
11
25
32
36
41
45
39
29
24
18
7
3
10
10
11
-7
9
16
9
4
-4
-11
-18
-18
-24
-15
-24
-23
-5
17
28
31
41
64
80
70
66
73
62
34
13
11
-5
-32
-48
-60
-59
-59
-58
-43
-46
-58
-59
-69
-70
-74
-62
-44
-24
-2
18
26
35
42
40
45
45
38
24
10
2
23
29
29
22
15
13
23
11
-3
-2
-10
-10
-9
-3
7
17
20
29
37
33
34
36
27
21
16
29
29
28
26
12
0
-9
-27
-35
-42
-42
-51
-62
-52
-60
-40
-32
-26
-16
-6
-4
-12
-8
-12
-26
-28
-4
17
31
35
59
76
77
65
47
16
-3
-26
-54
-61
-64
-59
-49
-33
-28
-27
-42
-25
-39
-41
-34
-24
-8
-5
6
5
18
9
17
25
28
21
27
40
41
30
18
9
-14
-24
-33
-32
-31
-24
-22
-10
-6
0
16
29
30
24
23
0
4
18
-2
-19
4
23
28
22
13
26
35
20
-1
16
24
16
3
-5
8
23
18
6
-8
6
4
-12
-19
-14
1
4
5
-7
7
18
24
18
-10
-16
-11
-11
-14
-41
-44
-14
5
-13
-26
-16
-14
10
12
22
31
43
40
32
21
1
-5
0
-1
-12
7
17
25
28
27
9
2
-4
-19
-18
-19
-15
4
13
-12
-28
-23
-12
-6
-6
-14
-13