17
14
10
7
6
3
-2
-5
-6
-7
-6
-6
-4
-3
-2
-1
-1
1
3
4
4
5
6
9
9
11
13
14
16
17
18
18
17
16
14
12
10
10
10
10
6
3
3
1
-1
-4
-3
-2
-1
0
2
4
6
7
6
6
7
6
6
6
5
7
9
8
7
6
6
5
2
2
1
0
-4
-5
-6
-6
-8
-10
-12
-14
-16
-18
-20
-23
-26
-26
-28
-29
-30
-28
-28
-29
-30
-31
-31
-30
-30
-30
-27
-22
-19
-17
-13
-11
-9
-11
-11
-11
-10
-10
-9
-6
-2
1
4
6
7
7
6
4
1
1
1
1
3
3
4
5
6
4
2
-1
-3
-4
-6
-7
-6
-5
-2
-1
2
4
6
7
6
5
6
7
7
7
7
8
10
10
11
10
11
13
13
13
15
16
16
13
12
11
10
9
6
4
5
5
3
3
4
5
6
6
7
7
6
5
6
4
3
1
2
3
4
6
6
7
7
5
4
3
3
2
0
2
5
4
6
6
4
2
3
0
-1
-3
-6
-5
-4
-3
-1
3
6
7
9
10
12
10
6
5
4
3
1
0
0
0
-1
-1
-2
-5
-8
-10
-12
-12
-11
-12
-11
-9
-9
-8
-8
-10
-12
-14
-15
-15
-15
-13
-12
-11
-11
-10
-9
-10
-11
-12
-13
-11
-10
-6
-6
-4
-1
-1
-1
-1
1
-1
-2
-2
-1
0
2
4
5
5
6
9
8
5
5
4
4
4
4
4
4
5
4
2
3
3
1
1
-1
1
2
2
2
2
1
2
6
3
3
6
5
4
5
5
4
4
3
2
2
1
4
2
0
3
5
2
3
4
0
1
0
0
-1
1
-2
-1
1
-1
-2
0
-1
-3
-2
-1
1
3
2
4
7
6
3
5
4
0
-1
0
0
-2
2
1
0
0
1
0
-4
-4
-1
-1
-1
0
-3
-2
1
-1
0
3
3
3
8
11
6
6
7
3
-3
-3
-3
0
5
4
5
10
7
3
8
6
-2
-5
-3
-3
-1
-4
-2
3
1
-3
-1
-5
-12
-15
-19
-23
-18
-17
-10
-1
-3
-2
8
10
4
-5
-17
-18
-7
-7
-17
-9
1
3
11
18
3
-3
5
-3
-12
-9
-4
0
7
11
10
9
5
-5
-13
-16
-21
-27
-23
-22
-20
-13
-20
-24
-12
-12
-31
-32
-20
-15
-13
-12
2
16
13
-2
6
20
8
2
7
-3
-6
14
22
9
9
14
21
21
4
-7
-6
-8
-18
-16
-2
5
3
6
19
26
23
15
0
-4
1
-4
-12
1
11
10
19
26
14
21
33
3
-10
10
16
-9
8
41
32
29
34
33
33
20
-3
-2
17
4
-6
13
19
0
-7
-1
-11
-14
-22
-16
7
18
19
39
60
46
30
30
28
7
-3
1
-8
-3
9
9
9
11
-10
-34
-16
-21
-61
-61
-41
-47
-46
-23
-12
-18
-1
20
-2
-16
-18
-31
-36
-43
-49
-27
-10
-11
6
7
-2
0
-8
-21
-18
-10
-6
2
-6
6
25
13
-6
-4
1
-13
-21
-21
-22
2
29
19
16
30
32
42
44
18
-18
-33
-15
-22
-52
-79
-83
-62
-57
-67
-51
-38
-47
-39
-31
-38
-29
-20
-24
1
17
14
19
18
10
9
20
32
30
30
69
97
95
113
130
109
89
51
12
-24
-57
-71
-56
-40
-46
-18
22
62
65
41
28
4
-15
-40
-87
-123
-88
-54
-38
-18
-1
14
62
69
5
-44
-51
-38
-46
-47
-5
75
133
133
114
131
154
167
144
111
130
179
192
184
174
158
123
53
-71
-226
-342
-406
-408
-359
-255
-127
8
128
178
156
93
2
-115
-191
-196
-143
-21
95
181
244
294
272
202
75
-44
-100
-219
-363
-391
-311
-258
-236
-175
-89
-2
59
80
109
166
181
120
79
-15
-185
-254
-213
-197
-149
-130
-155
-3
183
137
31
86
110
95
33
-63
51
268
251
136
197
274
299
269
103
-116
-206
-215
-199
-104
-70
-105
-80
-10
-57
-269
-384
-335
-218
-160
-180
-166
-55
71
24
-82
-73
42
203
283
217
280
546
703
662
528
398
433
453
173
-25
196
405
336
251
206
212
163
-215
-662
-678
-428
-344
-408
-481
-335
115
391
85
-306
-217
-31
-220
-662
-869
-607
-174
68
221
478
717
785
741
454
-158
-727
-818
-574
-637
-819
-399
558
1198
1183
970
953
938
304
-768
-1252
-985
-656
-195
371
619
693
649
-372
-2402
-5415
-9563
-11781
-10393
-8241
-6684
-3529
1900
8536
13954
15314
14337
13986
12462
8736
5236
2270
178
431
1452
1802
2250
1803
-750
-4546
-9162
-13608
-16120
-17291
-17141
-13624
-7276
-653
5164
9802
12915
14382
13734
11220
8423
5982
3971
2787
2124
1583
1020
-110
-2272
-5072
-7891
-10320
-12223
-13184
-12064
-8811
-5018
-1404
2157
5417
7563
8224
7543
6262
4365
1301
-1093
-1561
-2119
-4236
-6048
-6602
-6611
-6924
-7908
-8365
-6404
-3062
430
4452
8098
10478
12796
14814
14987
13722
12014
10481
9815
9003
6496
2754
-1698
-7258
-12897
-17473
-21557
-24598
-24516
-20722
-14437
-7100
85
6668
12542
16762
18458
18098
16442
14156
12091
10498
8737
6597
4271
1642
-1721
-5814
-10288
-14569
-17839
-19343
-18880
-16770
-13336
-8813
-3538
1729
6167
9288
11197
12330
12881
12818
11920
10346
8177
5527
2581
-859
-5063
-9440
-12903
-15025
-15921
-15727
-14404
-11635
-7782
-3936
-381
3211
6536
9168
11085
12410
13589
14908
15733
15740
15333
14569
13099
10505
6299
543
-6148
-13187
-19686
-24460
-27184
-27917
-26056
-21125
-13925
-5926
1719
8423
13970
18005
20219
20783
20095
18470
16371
14191
11656
8396
4410
-33
-4800
-9823
-14768
-18908
-21603
-22555
-21534
-18629
-14339
-9158
-3485
2110
7076
10984
13614
15182
16021
16106
15220
13365
10538
6980
3052
-1278
-6150
-11096
-15243
-17931
-18929
-18380
-16534
-13338
-9046
-4287
365
4585
8059
10633
12280
13180
13792
14374
14760
14864
14814
14609
13966
12298
9028
3897
-2903
-10714
-18461
-24873
-29225
-31160
-30081
-25480
-17904
-8837
351
8675
15405
20029
22419
22844
21753
19566
16870
14364
12134
9573
6312
2417
-2125
-7427
-13155
-18495
-22628
-25053
-25315
-23022
-18456
-12510
-5913
817
7012
11894
15015
16512
16983
16749
15770
13925
11326
8016
4066
-227
-4862
-9945
-14980
-18862
-20739
-20464
-18495
-15230
-10601
-4893
757
5480
9074
11413
12509
12663
12436
12380
12785
13471
14271
15187
15801
15392
13304
9026
2507
-5799
-14818
-22967
-28787
-31958
-32335
-29186
-22429
-13284
-3475
5596
13125
18660
21941
23043
22428
20614
18109
15521
13233
10924
7991
4309
-43
-5149
-10933
-16678
-21490
-24830
-26294
-25427
-22064
-16778
-10440
-3701
2913
8759
13126
15739
16977
17195
16486
14906
12593
9590
5822
1645
-2608
-6944
-11362
-15303
-17894
-18456
-17185
-14744
-11322
-6758
-1797
2584
5960
8184
9377
9884
10086
10469
11533
13174
15231
17441
19230
19641
18116
14257
7800
-869
-10728
-19916
-27032
-31231
-32555
-30657
-25173
-16903
-7487
1527
9084
14845
18687
20546
20788
20049
18734
17192
15742
14197
11894
8479
3942
-1600
-7871
-14338
-20291
-24952
-27578
-27815
-25548
-21069
-15079
-8391
-1517
4907
10101
13579
15449
15977
15404
14030
12159
9937
7544
4917
1946
-1338
-4880
-8480
-11630
-13801
-14906
-14852
-13483
-10902
-7473
-3780
-378
2482
4800
6593
8101
9603
11287
13353
15989
18852
21308
22640
22124
19010
13012
4238
-6017
-15612
-23552
-29409
-32373
-31555
-26939
-19583
-10915
-2301
5393
11510
15582
17610
18179
17935
17278
16627
16264
15880
14831
12548
8753
3463
-2935
-9869
-16693
-22503
-26391
-27709
-26321
-22604
-17268
-10931
-4239
1972
6930
10359
12423
13270
13134
12190
10916
9608
8249
6536
4265
1406
-1927
-5481
-8911
-11691
-13362
-13754
-12883
-10882
-8143
-5166
-2332
-61
1485
2627
3895
5569
7646
10262
13518
17186
20567
22856
23469
21724
17089
9458
-276
-10376
-19409
-26643
-31356
-32524
-29737
-23694
-15714
-7259
610
7280
12257
15414
17058
17595
17511
17438
17649
17812
17433
15976
12995
8252
1938
-5400
-13007
-19935
-25314
-28275
-28434
-25971
-21419
-15367
-8545
-1921
3694
7852
10581
12016
12300
11761
11010
10355
9600
8493
6852
4562
1652
-1790
-5676
-9479
-12291
-13686
-13745
-12619
-10606
-8020
-5105
-2293
-95
1517
2889
4350
6265
8770
11551
14483
17460
20076
21675
21682
19798
15635
9255
965
-8296
-17006
-23998
-28737
-30974
-30024
-25637
-18614
-10364
-2185
5281
11575
16225
19048
20256
20272
19624
18718
17621
16210
14166
11086
6761
1232
-5306
-12350
-18997
-24371
-27831
-28880
-27271
-23161
-17240
-10348
-3400
2781
7621
10679
11963
11898
11099
10071
9080
8245
7529
6752
5645
3897
1384
-1844
-5458
-8864
-11515
-13114
-13574
-12928
-11214
-8585
-5317
-1884
1325
4123
6528
8761
10967
12965
14692
16323
17856
19071
19443
18673
16137
11444
4624
-3883
-12739
-20729
-26967
-31004
-31900
-28945
-22616
-14132
-4965
3821
11456
17259
20810
22127
21704
20195
18269
16349
14566
12648
10178
6709
2005
-3906
-10620
-17403
-23420
-27747
-29601
-28550
-24740
-18829
-11685
-4294
2301
7278
10176
11150
10772
9719
8559
7710
7447
7703
8086
8136
7290
5218
1871
-2422
-6996
-11105
-14133
-15750
-15700
-13923
-10694
-6497
-2035
2065
5351
7822
9710
11266
12573
13834
15402
17290
19168
20391
20299
18085
13207
5760
-3581
-13184
-21564
-28053
-31947
-32186
-28371
-21304
-12413
-3169
5373
12451
17367
19872
20305
19356
17724
16037
14694
13630
12437
10522
7317
2607
-3421
-10233
-17158
-23267
-27473
-28944
-27373
-23261
-17370
-10561
-3788
1981
5905
7900
8407
8160
7655
7325
7576
8492
9758
10676
10636
9234
6316
2020
-3191
-8461
-12873
-15787
-16928
-16100
-13417
-9424
-4851
-535
2956
5473
7290
8669
9849
11211
13149
15752
18677
21149
22453
21709
18171
11571
2442
-7646
-17221
-25108
-30563
-32509
-30226
-24233
-16000
-7158
1182
8311
13542
16496
17471
17192
16314
15432
14941
14792
14617
13729
11421
7357
1700
-5042
-12261
-19149
-24663
-27750
-27872
-25312
-20892
-15393
-9463
-3997
210
2806
4198
5067
5870
6827
8147
10051
12210
13875
14241
12874
9833
5314
-301
-6224
-11391
-14977
-16626
-16196
-13964
-10354
-6077
-2131
765
2550
3793
4848
5998
7553
10057
13734
18058
21898
24402
24774
22258
16259
7142
-3335
-13319
-21543
-27589
-30451
-29137
-23871
-16303
-8399
-1202
4876
9360
11845
12651
12632
12567
12934
13837
15134
16339
16685
15287
11724
6180
-698
-8169
-15448
-21548
-25474
-26588
-25044
-21750
-17506
-12839
-8400
-4857
-2517
-1009
324
2018
4181
6778
9855
13151
15880
17097
16178
13238
8654
2820
-3443
-9089
-13174
-15213
-15113
-13297
-10285
-6587
-3134
-841
125
451
870
1831
3403
6061
10186
15488
20677
24463
26239
25189
20708
12644
2359
-7919
-16667
-23317
-27481
-27949
-24280
-17793
-10642
-4257
1079
5177
7628
8491
8589
8848
9865
11638
13925
16186
17811
17817
15461
10786
4398
-2881
-10279
-16892
-21756
-24065
-23761
-21548
-18359
-14698
-11027
-7984
-5881
-4537
-3318
-1635
801
3915
7507
11443
15081
17498
17864
15928
12047
6714
625
-5289
-10011
-12961
-13849
-12835
-10638
-7820
-4842
-2595
-1655
-1648
-1614
-877
606
2941
6640
11901
17616
22245
25177
25854
23509
17550
8430
-1577
-10424
-17499
-23084
-25906
-24532
-19556
-13304
-7555
-2578
1720
4675
5945
6333
6690
7461
9036
11422
14147
16467
17588
16659
13545
8549
2147
-4905
-11770
-17482
-21151
-22177
-21058
-18906
-16032
-12761
-9795
-7593
-6157
-5216
-4042
-1973
959
4598
8638
12536
15946
17930
17395
14635
10306
4617
-1259
-6267
-10210
-12441
-12274
-10704
-8725
-6258
-3785
-2331
-2254
-2692
-2465
-1002
761
3243
7520
13331
18591
22098
24075
23890
20890
13781
3947
-4973
-11510
-17355
-22733
-24321
-20878
-14886
-9397
-5002
-591
3432
5509
5833
5923
6174
6766
8201
10564
13310
15578
16110
14523
11325
6573
259
-6893
-13643
-18784
-21393
-21474
-19876
-17582
-14173
-10397
-7841
-6365
-5300
-4523
-3784
-2079
768
4712
9161
12992
16124
17851
17037
13937
9021
2854
-2842
-7268
-11012
-12805
-11827
-9892
-7720
-4901
-2445
-1493
-1744
-2235
-1528
116
1661
4129
9141
15052
19258
21956
23321
22627
18464
9801
-229
-7600
-12603
-18480
-23498
-23253
-17766
-11302
-6745
-2910
1666
5197
6216
5994
5787
5628
6107
7621
10032
12859
15022
15086
13064
9717
4930
-1678
-9247
-15881
-20240
-21823
-21198
-19411
-16531
-12270
-7964
-5989
-5383
-4472
-3638
-3226
-2063
637
4841
9742
13562
16055
17539
16827
13293
7745
1424
-4270
-8591
-12007
-13531
-12319
-10121
-7692
-4483
-1800
-1134
-1384
-1246
-108
1476
3076
5961
11225
16676
20001
22165
23032
21634
16231
6900
-2574
-8854
-13651
-19703
-23715
-22016
-16114
-10124
-5931
-1955
2460
5515
6405
6391
6195
6170
6900
8511
10832
13323
14711
14178
11987
8282
3035
-3522
-10720
-16920
-20589
-21440
-20695
-19065
-15832
-11253
-7182
-5281
-4749
-4053
-2920
-1919
-878
1428
5448
10085
13737
15743
16387
15428
12063
6576
431
-5166
-9655
-12733
-13936
-13283
-11313
-8517
-5255
-2310
-816
-551
155
1919
3637
5204
7877
12195
16642
19575
21204
21377
19595
14450
6058
-2498
-8858
-13899
-19299
-22773
-21617
-16757
-11260
-6828
-2626
1805
5234
6873
7495
7745
7917
8626
9929
11562
13141
13871
13079
10799
7035
1860
-4266
-10722
-16471
-20051
-21151
-20629
-18997
-15754
-11284
-7184
-4389
-3096
-2422
-1308
26
997
2382
5204
8884
12255
14374
14787
13784
11241
6770
1023
-4627
-9432
-12754
-14239
-14241
-12816
-9916
-6267
-2838
-416
927
2084
3795
5453
6778
8905
12202
15799
18440
20222
20493
18710
14269
6896
-1235
-8347
-14255
-19711
-23135
-22864
-19149
-13616
-8202
-3160
1828
5838
8037
8989
9187
8898
9001
9656
10662
11909
12743
12326
10490
7196
2458
-3417
-9784
-15640
-19748
-21654
-21600
-19743
-16360
-11743
-6962
-3160
-765
297
924
1474
1925
2390
3728
6151
8949
11508
12842
12479
10809
7580
2671
-2837
-7936
-11981
-14275
-14800
-13838
-11249
-7364
-3323
105
2497
4069
5524
6938
7898
9169
11297
14019
16377
18329
19210
18137
14948
9016
1487
-6007
-12583
-18375
-22581
-23729
-21461
-16461
-10470
-4588
1044
5786
8879
10376
10592
9852
9044
8693
8848
9562
10361
10465
9474
7252
3664
-1227
-6993
-12712
-17320
-20143
-20933
-19795
-17022
-12776
-7750
-3236
119
2048
2888
3243
3255
2966
3013
4060
5758
7796
9390
9745
9016
7128
3662
-873
-5462
-9548
-12395
-13615
-13473
-11843
-8660
-4725
-836
2352
4577
6353
7997
9106
9834
10943
12559
14268
15620
16636
16347
14376
10227
3971
-2892
-9312
-14927
-19876
-22652
-22192
-18665
-13241
-7380
-1624
3728
7968
10533
11484
11019
9760
8653
7990
7730
7921
8048
7709
6701
4624
1213
-3348
-8364
-13098
-16784
-18950
-19287
-17804
-14674
-10250
-5288
-901
2391
4406
5199
5194
4585
3647
2936
3014
3761
4862
5741
5934
5436
3964
1278
-2210
-5789
-8973
-11184
-12154
-11934
-10333
-7331
-3497
389
3748
6483
8701
10543
11650
12172
12629
13246
13872
14188
14302
13433
11206
7091
1419
-4597
-10202
-15255
-19700
-22088
-21432
-17914
-12630
-6804
-971
4558
9084
11941
12983
12329
10675
8924
7551
6616
6029
5618
5220
4546
3050
337
-3551
-8007
-12344
-15872
-18083
-18515
-17175
-14066
-9489
-4206
778
4581
6915
7728
7339
5987
3953
2002
784
526
898
1529
2133
2393
1980
474
-1918
-4623
-7206
-9278
-10469
-10512
-9263
-6642
-3091
823
4521
7649
10127
11997
13087
13355
13258
13103
12977
12680
12320
11462
9515
6061
1038
-4445
-9674
-14431
-18744
-21496
-21485
-18540
-13509
-7638
-1584
4277
9277
12670
14085
13587
11646
9279
7241
5788
4884
4349
4086
3875
3093
1111
-2228
-6465
-10889
-14666
-17222
-18135
-17190
-14330
-9766
-4265
1106
5266
7740
8595
7964
6132
3486
812
-997
-1569
-1191
-303
797
1769
2093
1288
-700
-3284
-5887
-8199
-9740
-10124
-9148
-6756
-3276
716
4484
7659
10052
11715
12566
12519
12125
11786
11655
11419
11206
10802
9559
6832
2276
-3092
-8254
-12948
-17427
-20793
-21520
-19091
-14322
-8536
-2523
3413
8569
12153
13769
13345
11243
8618
6465
5074
4370
4091
4181
4489
4292
2762
-340
-4522
-9047
-13083
-16014
-17358
-16842
-14402
-10209
-4882
400
4424
6772
7549
6952
5127
2452
-205
-1882
-2106
-1299
-16
1438
2812
3526
2880
811
-1992
-4874
-7421
-9243
-9903
-9091
-6853
-3347
672
4455
7411
9541
11027
11682
11392
10813
10587
10666
10608
10519
10544
9895
7674
3112
-2451
-7515
-12001
-16649
-20663
-21879
-19595
-14851
-9257
-3486
2369
7573
11218
12940
12705
10725
8142
6187
5188
4842
4801
5002
5402
5312
3796
607
-3735
-8442
-12692
-15742
-17107
-16646
-14419
-10452
-5176
187
4155
6374
7096
6656
5088
2468
-240
-1832
-1886
-994
254
1549
2843
3694
3112
897
-1906
-4605
-7044
-8756
-9356
-8608
-6456
-3138
665
4232
6948
8804
10170
10958
10773
10331
10369
10798
10807
10611
10664
10281
8265
3480
-2532
-7660
-11759
-16301
-20767
-22419
-20117
-15188
-9697
-4199
1597
6926
10617
12489
12580
10844
8315
6355
5477
5342
5368
5283
5352
5200
3770
587
-3873
-8679
-12859
-15711
-16980
-16544
-14403
-10552
-5370
15
4068
6301
7183
6998
5563
3080
429
-1324
-1650
-1018
-90
975
2223
3090
2693
836
-1634
-3995
-6128
-7860
-8598
-7972
-6225
-3527
-107
3289
6032
7962
9486
10696
11012
10815
10786
11186
11159
10582
10227
9646
7988
3754
-2203
-7412
-11197
-15067
-19519
-21872
-20326
-15739
-10373
-5204
297
5794
9948
12214
12803
11620
9319
7238
6114
5736
5552
5260
5035
4747
3549
817
-3258
-7794
-11876
-14760
-16150
-15950
-14239
-10936
-6266
-1209
2949
5455
6542
6592
5573
3469
1002
-795
-1430
-1073
-300
683
1874
2818
2656
1154
-978
-3133
-5247
-7125
-8191
-7933
-6409
-4089
-1140
2174
5162
7428
9024
10261
10800
10663
10446
10402
10421
9881
9434
8877
7550
4473
-587
-5717
-9941
-13655
-17708
-20538
-20226
-16790
-11806
-6637
-1285
4163
8710
11501
12513
11855
10018
8022
6580
5811
5482
5274
5112
4856
3846
1568
-1872
-5939
-9959
-13144
-15069
-15352
-14046
-11309
-7442
-2933
1229
4063
5489
5603
4787
3225
1258
-452
-1220
-917
23
1270
2437
3250
3243
2036
-104
-2468
-4830
-6914
-8157
-8106
-6737
-4305
-1245
1973
5039
7425
9021
9906
10036
9642
9255
9218
9294
9199
9115
8771
7674
4989
492
-4642
-9418
-13632
-17482
-19943
-19774
-16695
-11779
-6293
-727
4624
8929
11433
12045
11119
9295
7355
5843
5023
4942
5270
5604
5496
4466
2226
-1127
-5206
-9398
-12830
-14911
-15255
-13895
-11100
-7292
-3036
777
3368
4489
4302
3251
1659
27
-1118
-1260
-346
1265
3043
4450
5111
4684
3000
361
-2688
-5641
-7927
-9065
-8695
-6914
-4070
-708
2572
5474
7592
8834
9174
8861
8542
8549
8991
9448
9907
10269
9864
8093
4410
-610
-6015
-11138
-15734
-19237
-20472
-18887
-14891
-9591
-3891
1707
6554
9850
11190
10786
9256
7424
5885
4964
4841
5426
6276
6765
6333
4600
1556
-2502
-7087
-11290
-14338
-15628
-15024
-12791
-9278
-5026
-863
2288
3955
4174
3335
1869
233
-1053
-1434
-690
1005
3123
4915
5913
5839
4488
1922
-1392
-4790
-7656
-9368
-9565
-8284
-5751
-2513
886
3927
6242
7706
8363
8334
8164
8385
9116
9887
10552
11193
11165
9832
6402
1285
-4405
-9716
-14465
-18616
-20849
-20096
-16512
-11442
-5935
-352
4757
8466
10353
10656
9602
7787
6167
5415
5563
6253
7054
7565
7395
6024
3158
-1070
-6070
-10782
-14243
-15937
-15743
-14004
-10779
-6442
-1788
1887
3913
4479
3888
2781
1374
2
-822
-486
1111
3283
5045
5863
5795
4765
2435
-815
-4264
-7339
-9405
-9809
-8831
-6876
-4050
-882
2188
4574
6238
7317
7796
7940
8492
9750
10754
11145
11668
11980
11119
7851
2229
-3795
-8756
-12995
-17589
-20976
-20967
-17481
-12546
-7541
-2277
2966
6959
9308
10469
10238
8575
6772
6093
6535
7271
7692
7771
7534
6552
4109
-55
-5365
-10386
-13983
-15868
-16055
-14881
-12217
-8001
-2937
1242
3591
4335
4001
3397
2418
1004
-204
-153
1391
3630
5344
5964
5969
5140
2960
-266
-3698
-7032
-9506
-10204
-9475
-7973
-5632
-2605
532
3164
5125
6615
7544
7958
8772
10339
11645
11904
12287
12819
12516
9765
3909
-2632
-7686
-11532
-16367
-20991
-22104
-18937
-13967
-9273
-4432
947
5556
8460
10273
10783
9558
7801
7013
7329
7911
8079
7816
7340
6457
4443
759
-4476
-9719
-13482
-15563
-16270
-15692
-13615
-9728
-4643
-26
2867
4038
4330
4225
3546
2276
966
571
1599
3549
5050
5521
5404
4716
2957
125
-3264
-6577
-9014
-9975
-9576
-8451
-6539
-3731
-553
2094
4118
6060
7425
8109
8861
10446
12063
12500
12570
12902
12842
10711
5251
-1453
-6763
-10540
-15051
-20048
-21990
-19529
-14820
-10318
-5763
-494
4328
7573
9762
10834
10208
8722
7890
7992
8343
8311
7808
7077
6000
4093
839
-3849
-8863
-12652
-14892
-15790
-15397
-13625
-10229
-5565
-805
2581
4366
5031
5061
4639
3556
2027
1042
1338
2595
3762
4078
3802
3325
2195
-73
-3038
-5920
-8172
-9237
-9154
-8505
-7030
-4515
-1572
958
3095
5123
7038
8157
8867
10149
11798
12647
12486
12561
12331
10723
6106
-268
-5817
-9793
-13804
-18493
-21004
-19526
-15337
-10875
-6476
-1535
3381
6961
9247
10637
10689
9624
8681
8459
8573
8502
7885
6810
5412
3497
528
-3696
-8310
-12075
-14430
-15417
-15063
-13404
-10341
-6103
-1528
2141
4488
5446
5545
5152
4204
2872
1729
1488
2164
3101
3426
3135
2557
1523
-368
-2940
-5581
-7647
-8655
-8673
-8053
-6638
-4332
-1653
742
2813
4798
6553
7681
8483
9780
11419
12338
12427
12590
12376
10596
5987
-162
-5622
-9811
-13953
-18334
-20452
-18913
-14853
-10358
-5869
-980
3763
7113
9069
10143
10193
9311
8339
8038
8295
8477
7996
6814
5197
3070
1
-4196
-8796
-12533
-14712
-15400
-14778
-12871
-9626
-5398
-1046
2543
4785
5717
5680
5022
4066
2936
1957
1611
2158
3029
3357
2972
2182
975
-941
-3475
-5977
-7748
-8545
-8433
-7625
-6020
-3655
-1089
1100
2874
4660
6236
7180
7924
9169
10796
11795
12024
12340
12201
10360
5717
-286
-5451
-9520
-13652
-17987
-19975
-18294
-14235
-9984
-5745
-997
3706
7019
8894
9874
9937
9218
8392
8122
8353
8466
7863
6589
4902
2680
-415
-4524
-8919
-12418
-14330
-14814
-14137
-12308
-9163
-5008
-792
2586
4736
5815
5979
5471
4541
3285
2190
1770
2057
2396
2360
2007
1389
276
-1460
-3528
-5393
-6739
-7465
-7451
-6793
-5400
-3435
-1394
378
2209
4225
5969
7096
8237
9820
11418
12031
11936
11925
11249
8756
3625
-2041
-6598
-10086
-13974
-17651
-18651
-16319
-12400
-8675
-4789
-260
3907
6593
8240
9294
9515
8949
8382
8401
8690
8532
7528
5887
3913
1409
-1918
-6009
-9965
-12782
-14020
-13918
-12779
-10658
-7454
-3545
267
3179
4933
5567
5528
5167
4395
3228
2277
2095
2386
2496
2157
1525
649
-617
-2318
-4115
-5656
-6618
-6870
-6582
-5763
-4346
-2696
-1169
500
2443
4469
5843
7066
8710
10687
11765
11721
11669
11231
9664
5448
-83
-4901
-8214
-11406
-15159
-17127
-15775
-12274
-8950
-5654
-1685
2256
4855
6546
7984
8612
8200
7671
7872
8476
8585
7822
6428
4651
2387
-681
-4595
-8656
-11798
-13350
-13456
-12561
-10854
-8071
-4463
-773
2169
4012
4764
4829
4669
4154
3186
2263
2014
2380
2631
2320
1485
525
-494
-1934
-3705
-5212
-5935
-5841
-5334
-4599
-3468
-2070
-865
224
1518
2946
3979
5137
6943
9257
10830
11305
11785
11823
10397
6003
301
-4361
-7526
-10787
-14696
-16400
-14517
-10696
-7478
-4404
-729
2730
4684
5825
6782
6922
6227
5947
6750
7876
8322
7983
7119
5647
3327
-16
-4275
-8626
-11785
-13182
-13242
-12339
-10398
-7236
-3543
-156
2350
3711
4073
3744
3292
2704
1960
1427
1612
2434
3124
3094
2348
1359
241
-1401
-3476
-5200
-5933
-5795
-5166
-4202
-2941
-1530
-376
494
1462
2263
2714
3652
5582
7915
9346
10339
11440
11829
9917
4967
-435
-4388
-7416
-11254
-14783
-15155
-12098
-8115
-4918
-1658
1934
4598
5483
5779
5786
4904
3726
3740
5073
6542
7371
7608
7249
5903
3420
-272
-4902
-9343
-12227
-13203
-12878
-11473
-8894
-5214
-1360
1768
3473
3906
3432
2710
1856
947
381
586
1718
3098
4003
3984
3336
2212
417
-2024
-4494
-6110
-6575
-6044
-4889
-3222
-1303
420
1589
2237
2485
2074
1842
2470
4133
5745
7126
8958
10453
10483
7264
2480
-1973
-5427
-9162
-13073
-14670
-12824
-8688
-4551
-562
3286
6403
7604
7414
6476
4634
2311
919
1336
2920
4568
5854
6646
6560
5045
2010
-2340
-7133
-11076
-13147
-13379
-12087
-9517
-5761
-1485
2358
4727
5257
4304
2857
1362
-184
-1506
-1776
-478
1692
3596
4602
4858
4413
2909
303
-2743
-5216
-6572
-6765
-5833
-4031
-1849
289
2222
3596
3820
2897
1953
1821
2371
2866
3862
5682
7452
7813
5495
2043
-1288
-4301
-8157
-11855
-13150
-11254
-7643
-3748
446
4697
7968
9324
9311
8054
5477
2484
534
210
911
2000
3211
4426
4967
4117
1565
-2302
-6501
-9901
-11867
-12300
-11267
-8823
-5021
-610
3132
5053
5404
4821
3593
1506
-868
-2332
-2214
-861
907
2599
4071
5050
4813
3137
566
-2039
-4229
-5684
-5891
-4912
-3198
-1222
1032
3035
4159
3840
2998
2494
2391
2099
2147
3343
4707
5150
3402
930
-1351
-3478
-6732
-10226
-11560
-10124
-7066
-3729
36
3945
7314
9221
9805
8969
6662
3793
1726
902
793
1014
1631
2602
3251
2779
799
-2377
-5861
-8780
-10585
-11169
-10549
-8571
-5210
-1157
2222
4264
5062
4972
3878
1794
-443
-1822
-1928
-1237
-74
1428
3141
4316
4338
3222
1520
-339
-2190
-3509
-3782
-3061
-2004
-694
1174
3069
3921
3473
2928
2908
2904
2352
2310
3015
3811
2996
487
-2035
-3998
-6095
-9271
-11576
-11293
-8510
-5076
-1496
2473
6416
9079
10053
9846
8396
5876
3259
1632
1123
1218
1589
2267
2910
2881
1570
-1072
-4536
-7844
-10287
-11561
-11482
-10027
-7114
-3287
556
3337
4806
5237
4703
3134
820
-1094
-1937
-1582
-662
569
1952
3272
3869
3361
2004
227
-1534
-2811
-3118
-2593
-1609
-236
1776
3936
4876
4410
3683
3568
3335
2345
1869
2317
3211
2473
153
-2219
-4015
-6241
-9829
-12590
-12715
-10263
-7186
-3491
1173
6097
9458
11019
11452
10366
7627
4295
1924
813
568
863
1684
2760
3422
2875
784
-2575
-6228
-9314
-11363
-12095
-11325
-8799
-5068
-992
2321
4540
5510
5117
3548
1320
-571
-1593
-1587
-943
435
2222
3740
4233
3659
2307
366
-1670
-3193
-3764
-3512
-2438
-340
2527
4764
5452
5463
5657
5453
3833
2220
1712
2182
1418
-908
-2704
-3325
-4274
-7366
-10375
-11085
-9478
-7776
-5841
-2550
1815
5410
7679
9376
9987
8771
6367
4348
2990
1896
1067
895
1284
1796
1840
864
-1182
-3613
-5660
-7249
-8391
-8674
-7638
-5376
-2819
-489
1470
2825
3068
2278
1032
-111
-876
-1272
-1102
-145
1289
2428
2862
2795
2290
1159
-410
-1578
-1888
-1780
-1236
144
2321
3876
4487
4797
5294
5220
3953
3010
2830
2997
1186
-1817
-3838
-4490
-5860
-9056
-11283
-10732
-8219
-6074
-3749
-406
3384
6065
7710
8719
8330
6459
4384
3132
2294
1576
1186
1330
1695
1849
1279
-341
-2807
-5144
-6665
-7522
-7743
-6991
-4842
-1963
750
2771
4081
4436
3603
1849
-95
-1689
-2842
-3303
-2770
-1363
98
1160
1819
2078
1543
317
-1014
-1689
-1724
-1273
-141
1812
3942
5458
6475
6974
6943
5760
4475
3396
2683
994
-1977
-4461
-5605
-6316
-8636
-10953
-11310
-9362
-7103
-4903
-1950
1756
5075
7353
8949
9401
8307
6303
4652
3482
2332
1255
661
496
301
-274
-1458
-3369
-5571
-7292
-8157
-8244
-7752
-6259
-3714
-620
2354
4575
5854
6089
5557
4413
2774
874
-657
-1332
-1468
-1534
-1565
-1259
-1006
-1206
-1660
-1872
-1802
-1590
-1007
162
1598
2766
3842
4974
6020
6293
6277
6349
6341
5368
2721
-375
-3019
-5109
-8078
-11320
-12985
-12009
-9683
-7157
-3974
-50
3697
6294
8031
8666
7781
5876
4246
3396
2868
2428
2285
2578
2881
2445
864
-1688
-4619
-7333
-9468
-10642
-10742
-9519
-7009
-3524
202
3236
5104
5932
6085
5371
3892
2187
1145
985
1264
1470
1631
1809
1616
712
-693
-2201
-3414
-4043
-3750
-2643
-1144
437
2407
4519
5737
5852
5782
5878
5378
3421
528
-1655
-2809
-4039
-6411
-8545
-8883
-7596
-6276
-4993
-2939
-292
2002
3819
5387
6005
5321
4223
3733
3550
3029
2414
2244
2481
2519
1932
557
-1450
-3633
-5491
-6919
-7980
-8487
-7985
-6160
-3558
-1092
691
2083
3323
4039
3727
2620
1725
1524
1637
1593
1594
1970
2467
2554
2089
1357
476
-467
-1035
-1013
-794
-610
122
1519
2882
3377
3709
4219
4408
3023
325
-2068
-3641
-5026
-7122
-8711
-8654
-6966
-4935
-2881
-428
2113
3996
5084
5777
5692
4473
2812
1778
1368
983
645
674
1059
1418
1326
473
-1088
-2769
-4073
-5114
-5901
-6277
-5758
-4290
-2163
-122
1303
2277
3042
3529
3022
1710
472
-39
-267
-612
-745
-238
689
1421
1795
2019
2160
2189
2210
2111
1868
1513
1495
1798
2055
2134
2451
3045
3320
2231
159
-1923
-3671
-5737
-8302
-10096
-10151
-8610
-6361
-3495
-96
3314
5935
7619
8206
7364
5318
2998
1162
-121
-903
-1057
-473
516
1348
1415
469
-1265
-3315
-5181
-6728
-7674
-7453
-5720
-2986
-163
2339
4450
5821
5937
4748
2823
776
-1017
-2243
-2699
-2345
-1360
74
1534
2572
2989
2932
2621
2099
1555
1194
1322
1931
2877
3578
3971
4122
4080
3265
978
-1894
-4144
-5499
-7081
-8843
-9377
-7971
-5714
-3592
-1328
1292
3607
5039
5784
5798
4797
3187
1837
1017
299
-315
-476
-225
8
-108
-779
-2015
-3548
-4888
-6031
-6832
-6809
-5638
-3529
-999
1693
4248
6257
7190
6938
5707
3736
1267
-1202
-3171
-4256
-4461
-3851
-2605
-878
1008
2531
3499
4016
4286
4132
3573
3090
3121
3365
3522
3677
4021
3993
2614
223
-2055
-3894
-6225
-9109
-10906
-10517
-8698
-6467
-3630
22
3626
6252
7711
7995
6926
4881
2717
936
-466
-1287
-1353
-846
-313
-32
-255
-1404
-3457
-5949
-7839
-8840
-9028
-8212
-6030
-2410
1829
5609
8245
9622
9723
8388
5733
2399
-829
-3190
-4302
-4282
-3403
-1812
264
2125
3074
3134
2645
1902
904
34
-111
647
1953
3430
4800
5922
6037
4524
1889
-903
-3474
-6298
-8888
-9953
-8976
-6834
-4286
-1351
1810
4382
5848
6159
5433
3850
1895
146
-1078
-1721
-1776
-1461
-1006
-573
-465
-995
-2490
-4249
-5402
-5857
-6039
-5833
-4403
-1782
1075
3320
4947
6053
6336
5532
3826
1650
-465
-1989
-2696
-2768
-2242
-1002
738
2309
3267
3668
3609
3130
2329
1611
1177
1107
1457
2155
3000
3638
3445
2091
120
-1898
-3949
-6409
-8509
-9117
-7925
-5753
-3102
6
3281
5943
7488
7850
7064
5266
3015
994
-540
-1648
-2332
-2488
-2427
-2612
-3596
-5113
-6545
-7699
-8458
-8556
-7374
-4713
-1151
2461
5665
8235
9673
9566
8033
5537
2624
-195
-2327
-3405
-3468
-2755
-1446
163
1369
1620
1113
446
-303
-1168
-1717
-1315
234
2276
4284
5952
7195
7213
5612
2851
-216
-3136
-5921
-7896
-8374
-7280
-5328
-3032
-564
1713
3275
3802
3490
2741
1764
733
18
-122
290
938
1277
1081
372
-593
-1944
-3807
-5700
-6839
-6829
-5933
-4428
-2427
-185
1805
3170
3768
3513
2527
1229
142
-417
-365
332
1728
3504
5088
6023
6135
5422
3950
1896
-338
-2157
-3045
-3042
-2376
-1138
594
2113
2277
1144
-573
-2302
-4337
-6414
-7429
-6687
-4514
-1628
1668
4946
7483
8755
8703
7337
4795
1647
-1251
-3525
-5032
-5616
-5333
-4628
-3985
-3340
-2847
-2954
-3732
-4486
-4518
-3800
-2601
-822
1541
3990
5926
6959
6958
5806
3743
1334
-849
-2504
-3364
-3096
-1836
11
1857
3306
4061
4041
3236
1913
550
-335
-513
-73
1017
2542
3999
4349
3296
1345
-1094
-3975
-7134
-9376
-9881
-8716
-6334
-3048
753
4107
6383
7421
7233
5765
3399
851
-1243
-2622
-3196
-3015
-2470
-1753
-1155
-897
-1335
-2379
-3433
-4072
-4243
-3909
-2886
-1284
516
2133
3282
3781
3552
2779
1772
782
92
20
585
1585
2720
3870
4793
5103
4638
3635
2445
1324
282
-358
-470
-148
193
-87
-759
-1819
-3073
-4733
-6368
-7182
-6817
-5468
-3548
-1019
1806
4392
6024
6565
6153
4853
2897
718
-1196
-2646
-3613
-3903
-3634
-3152
-2846
-2801
-2908
-3153
-3430
-3580
-3429
-2748
-1474
196
1841
3147
4029
4444
4339
3705
2741
1786
1170
1135
1507
2001
2491
2956
3174
2754
1750
627
-226
-831
-1061
-695
335
1420
1990
2016
1554
559
-1353
-3597
-5433
-6315
-6409
-5720
-4012
-1510
1238
3490
4981
5495
4953
3526
1509
-680
-2726
-4125
-4692
-4528
-3899
-3004
-2094
-1432
-1028
-865
-949
-1183
-1207
-793
-100
618
1309
1947
2337
2285
1869
1254
620
178
149
536
1248
2193
3219
4049
4461
4492
4188
3611
2703
1851
1226
823
289
-477
-1174
-1854
-2660
-3823
-4896
-5493
-5563
-5130
-4221
-2733
-931
924
2529
3683
4153
3858
2994
1697
264
-1136
-2215
-2865
-3104
-2917
-2480
-1962
-1528
-1195
-974
-887
-891
-877
-716
-507
-266
29
401
728
930
1093
1267
1508
1740
2065
2448
2855
3235
3397
3458
3397
3310
2978
2407
1857
1454
941
13
-984
-1904
-2636
-3467
-4170
-4473
-4258
-3588
-2620
-1374
-29
1215
2077
2514
2472
1913
923
-311
-1531
-2495
-3163
-3534
-3609
-3290
-2700
-2101
-1621
-1182
-708
-280
79
466
976
1485
1850
2103
2244
2205
1958
1691
1553
1505
1537
1686
2041
2350
2477
2278
1846
1344
758
167
-349
-525
-329
67
330
473
485
105
-668
-1606
-2281
-2663
-2813
-2435
-1349
201
1547
2492
2985
2857
1899
170
-1845
-3785
-5343
-6274
-6343
-5601
-4233
-2474
-668
859
1871
2292
2194
1648
883
164
-377
-664
-637
-328
87
501
890
1286
1613
1824
2042
2367
2793
3192
3498
3724
3843
3803
3549
3149
2587
1952
1256
430
-478
-1469
-2417
-3321
-4090
-4582
-4624
-4215
-3459
-2387
-1112
185
1207
1788
1862
1450
677
-371
-1452
-2407
-3042
-3254
-3099
-2653
-2057
-1391
-791
-358
-125
-64
-104
-214
-269
-272
-194
-52
133
376
618
876
1169
1517
1941
2397
2849
3295
3605
3791
3789
3643
3359
2977
2600
2202
1829
1404
893
297
-434
-1241
-2102
-2868
-3388
-3594
-3392
-2853
-1976
-967
17
772
1139
1074
549
-307
-1362
-2400
-3256
-3787
-3927
-3680
-3118
-2380
-1567
-819
-228
169
342
356
260
111
-30
-120
-132
-62
110
343
659
1002
1396
1791
2163
2496
2771
2988
3123
3222
3276
3322
3319
3295
3149
2881
2411
1710
801
-269
-1372
-2403
-3178
-3619
-3635
-3236
-2495
-1583
-658
86
510
524
122
-567
-1443
-2273
-2932
-3272
-3247
-2890
-2276
-1580
-909
-425
-146
-137
-313
-587
-851
-987
-952
-704
-283
255
796
1265
1595
1754
1738
1629
1464
1348
1311
1430
1682
2031
2452
2841
3149
3302
3268
3028
2595
1990
1306
562
-106
-707
-1114
-1332
-1382
-1252
-1045
-787
-614
-560
-685
-991
-1449
-2003
-2542
-2982
-3229
-3243
-3017
-2602
-2087
-1537
-1087
-799
-695
-748
-898
-1073
-1157
-1092
-822
-374
205
833
1412
1850
2092
2120
1982
1731
1465
1293
1246
1392
1679
2074
2460
2744
2861
2714
2353
1752
1058
322
-325
-790
-1042
-1030
-827
-461
-44
352
628
752
694
464
108
-329
-766
-1173
-1491
-1716
-1855
-1922
-1960
-2003
-2085
-2208
-2372
-2536
-2668
-2714
-2613
-2357
-1936
-1385
-761
-129
419
842
1084
1162
1118
986
867
829
927
1182
1582
2089
2619
3093
3426
3553
3454
3119
2591
1933
1218
530
-63
-536
-851
-1019
-1075
-1046
-981
-903
-848
-796
-757
-712
-630
-522
-388
-238
-107
-26
-6
-86
-248
-469
-742
-1024
-1268
-1482
-1623
-1702
-1732
-1707
-1656
-1573
-1462
-1323
-1153
-944
-710
-448
-182
75
307
518
695
865
1055
1280
1569
1921
2318
2707
3051
3246
3267
3034
2572
1892
1100
272
-465
-993
-1298
-1299
-1113
-765
-414
-136
-27
-127
-390
-777
-1159
-1446
-1548
-1440
-1139
-709
-266
83
263
213
-52
-466
-935
-1358
-1616
-1668
-1498
-1142
-678
-213
168
401
457
356
159
-68
-243
-308
-236
-32
269
611
946
1206
1393
1479
1469
1418
1292
1177
1013
858
680
498
335
193
122
113
203
341
517
660
722
655
420
43
-446
-979
-1458
-1832
-2034
-2041
-1883
-1594
-1250
-917
-646
-476
-389
-369
-367
-341
-250
-87
130
383
615
781
863
837
708
536
328
152
32
-17
5
77
180
264
332
359
348
324
288
280
296
353
430
525
610
672
710
703
675
610
529
423
300
146
-32
-240
-475
-708
-941
-1128
-1265
-1341
-1345
-1292
-1204
-1094
-981
-881
-784
-695
-586
-455
-287
-90
121
321
476
579
591
543
441
328
240
218
278
420
639
863
1088
1232
1278
1221
1043
794
505
215
-36
-225
-338
-385
-369
-322
-254
-171
-100
-20
50
117
185
230
266
268
240
178
83
-35
-170
-319
-470
-627
-777
-925
-1056
-1161
-1232
-1237
-1186
-1059
-868
-631
-370
-119
89
246
323
342
311
261
223
222
275
380
532
702
866
998
1083
1107
1077
998
887
751
607
455
301
145
-5
-152
-270
-353
-391
-368
-298
-182
-50
78
169
215
199
133
28
-90
-201
-292
-352
-395
-436
-489
-579
-704
-862
-1022
-1160
-1235
-1207
-1078
-829
-497
-125
239
543
737
804
742
570
335
90
-119
-245
-270
-193
-32
176
392
572
692
730
695
603
477
354
261
206
204
237
285
330
337
302
219
93
-45
-171
-258
-281
-230
-115
37
200
321
376
338
199
-20
-285
-550
-769
-900
-922
-836
-658
-427
-188
17
156
219
205
145
64
-9
-47
-40
2
67
132
171
173
137
69
-5
-64
-91
-69
-1
95
202
292
343
344
294
206
98
-3
-78
-114
-110
-74
-21
25
54
52
22
-23
-77
-118
-138
-137
-111
-80
-51
-43
-54
-89
-143
-189
-227
-239
-210
-157
-75
17
105
177
219
239
226
200
167
131
106
98
99
113
133
153
164
163
148
112
70
14
-36
-86
-120
-144
-157
-157
-159
-160
-164
-172
-179
-178
-169
-136
-91
-33
35
92
138
157
141
104
40
-34
-111
-171
-214
-228
-217
-188
-144
-98
-59
-32
-13
-6
7
28
74
139
228
326
418
487
515
489
411
289
144
-2
-124
-200
-229
-203
-147
-70
-4
43
52
25
-33
-109
-189
-261
-311
-342
-342
-329
-290
-242
-183
-116
-51
11
63
92
97
68
9
-72
-167
-265
-338
-392
-403
-369
-304
-201
-76
64
205
353
486
608
718
800
851
866
839
758
646
494
322
157
3
-115
-201
-246
-263
-265
-257
-258
-274
-294
-321
-345
-346
-334
-300
-258
-218
-203
-212
-254
-324
-388
-439
-445
-386
-272
-106
81
252
372
418
370
239
54
-152
-334
-458
-499
-459
-339
-177
4
172
307
404
470
520
568
636
714
810
890
942
941
872
734
542
322
97
-89
-233
-307
-323
-305
-261
-235
-237
-281
-369
-487
-615
-740
-833
-886
-899
-872
-814
-736
-645
-544
-437
-314
-184
-39
106
244
356
428
452
420
341
227
109
-11
-89
-131
-131
-86
-22
61
140
220
283
347
413
479
561
640
713
771
794
775
712
607
475
330
201
98
36
17
31
60
83
75
19
-98
-267
-481
-717
-940
-1130
-1257
-1308
-1274
-1163
-987
-768
-532
-298
-93
75
192
262
287
274
245
199
158
127
110
107
117
136
151
172
185
200
220
248
286
337
402
460
523
558
571
551
491
408
302
192
94
24
-17
-10
28
92
174
247
300
318
288
211
89
-65
-239
-417
-576
-712
-810
-862
-873
-843
-771
-680
-565
-439
-315
-196
-89
-4
53
92
95
82
53
19
-14
-24
-18
19
86
175
285
397
503
589
650
666
652
594
507
402
279
162
48
-50
-123
-179
-211
-220
-215
-193
-157
-114
-69
-20
16
45
59
48
21
-30
-100
-182
-267
-354
-424
-473
-502
-496
-470
-421
-354
-282
-209
-137
-76
-27
19
50
83
108
131
152
172
186
202
219
238
269
303
348
395
437
466
477
463
422
361
291
211
146
86
42
13
-9
-31
-56
-84
-121
-156
-187
-209
-222
-220
-216
-206
-202
-202
-213
-227
-240
-249
-255
-251
-244
-240
-241
-252
-267
-287
-302
-302
-281
-234
-159
-64
41
144
229
292
327
338
336
330
337
362
406
470
533
586
611
588
521
411
265
118
-22
-127
-182
-198
-172
-125
-86
-63
-73
-124
-201
-284
-367
-420
-429
-404
-340
-254
-170
-100
-60
-53
-79
-126
-178
-225
-254
-257
-238
-203
-159
-119
-94
-84
-93
-118
-147
-174
-188
-175
-135
-59
40
166
298
427
542
627
683
696
683
637
570
495
412
330
255
181
110
44
-22
-81
-134
-179
-210
-233
-252
-263
-284
-304
-329
-355
-372
-376
-359
-317
-249
-166
-70
18
89
130
141
118
72
13
-46
-91
-125
-136
-142
-134
-138
-149
-177
-218
-259
-296
-306
-286
-221
-119
18
167
317
440
527
572
567
533
472
406
344
300
272
260
251
239
207
153
78
-20
-117
-210
-290
-343
-373
-382
-369
-343
-308
-276
-234
-199
-165
-124
-82
-37
16
67
111
148
168
174
161
134
93
42
-18
-81
-141
-192
-228
-244
-241
-216
-179
-131
-78
-33
8
39
58
74
88
111
145
193
259
323
391
444
475
482
461
419
350
278
193
111
36
-33
-88
-136
-178
-215
-251
-292
-331
-371
-406
-435
-451
-449
-431
-386
-321
-240
-147
-52
34
100
143
157
145
111
64
14
-31
-59
-62
-38
8
73
139
194
227
232
207
154
92
28
-27
-56
-59
-35
14
79
150
211
257
283
289
275
251
221
191
161
134
104
71
33
-17
-72
-141
-213
-288
-361
-420
-464
-487
-487
-465
-430
-383
-330
-278
-227
-182
-148
-120
-104
-93
-86
-83
-80
-71
-57
-32
11
66
135
217
303
380
447
493
513
508
478
430
372
311
261
217
190
177
164
160
153
137
117
95
62
40
19
6
1
3
5
0
-9
-42
-81
-136
-195
-251
-300
-333
-357
-360
-361
-355
-346
-343
-338
-334
-329
-318
-298
-276
-247
-214
-183
-152
-115
-75
-29
30
96
168
241
315
369
421
445
453
442
415
377
331
286
239
198
159
128
101
79
66
60
57
62
70
80
92
99
98
87
62
25
-27
-83
-146
-204
-251
-286
-310
-315
-312
-305
-290
-282
-276
-276
-278
-285
-285
-283
-267
-245
-208
-160
-103
-38
26
91
147
192
221
236
231
219
197
174
153
142
145
154
177
205
226
241
244
231
209
184
155
135
122
113
110
104
89
73
44
5
-34
-80
-124
-159
-192
-214
-224
-236
-245
-254
-269
-289
-308
-326
-337
-340
-338
-327
-317
-296
-269
-234
-185
-127
-58
21
103
182
258
315
357
381
388
379
366
350
335
326
321
315
309
296
277
253
224
191
153
116
78
40
2
-35
-70
-106
-140
-168
-192
-210
-213
-214
-200
-182
-160
-138
-124
-115
-121
-135
-159
-190
-221
-247
-267
-272
-270
-257
-238
-218
-194
-173
-145
-120
-86
-48
-1
54
112
177
236
295
345
385
416
434
439
433
414
385
354
316
281
253
226
204
184
153
117
68
8
-64
-142
-216
-282
-326
-351
-348
-323
-282
-235
-187
-156
-136
-137
-153
-178
-203
-231
-245
-249
-243
-224
-202
-177
-153
-135
-126
-123
-126
-131
-128
-111
-83
-28
37
111
189
258
316
356
377
383
373
356
339
318
306
289
274
252
228
194
157
119
75
35
-3
-37
-70
-91
-115
-136
-154
-172
-194
-210
-226
-240
-242
-238
-222
-198
-170
-137
-115
-98
-87
-89
-97
-107
-113
-118
-109
-92
-66
-36
-5
17
34
38
39
48
55
81
118
162
212
254
290
311
320
313
300
280
257
244
224
208
191
163
122
70
12
-55
-119
-177
-223
-259
-279
-285
-285
-272
-256
-238
-219
-205
-191
-179
-174
-163
-147
-135
-115
-87
-61
-33
7
38
71
97
116
124
123
113
98
82
65
54
45
45
52
69
95
126
164
203
236
267
286
294
289
269
233
184
128
67
6
-52
-104
-150
-188
-221
-252
-277
-304
-326
-351
-367
-379
-376
-361
-326
-279
-222
-161
-109
-67
-41
-25
-23
-25
-22
-18
-1
26
58
89
119
136
144
144
132
121
111
105
109
124
142
168
196
225
249
278
299
317
325
325
317
297
268
230
182
126
66
3
-59
-113
-159
-201
-230
-255
-273
-289
-304
-314
-325
-327
-322
-310
-288
-260
-228
-192
-158
-124
-87
-50
-14
23
59
92
123
154
179
197
209
211
200
182
162
139
115
99
84
74
67
59
53
48
45
44
48
62
78
93
117
125
129
119
99
69
31
-8
-45
-79
-104
-122
-136
-138
-147
-148
-157
-166
-173
-182
-184
-184
-175
-170
-158
-146
-132
-114
-92
-69
-39
-8
24
55
81
105
121
129
136
136
136
135
128
113
95
70
44
24
9
7
11
29
47
69
86
100
99
93
72
48
23
-6
-32
-57
-77
-93
-105
-115
-124
-136
-135
-138
-139
-125
-110
-92
-67
-39
-14
9
26
42
51
52
53
52
44
34
28
23
19
19
18
18
18
23
24
25
33
33
35
40
42
52
58
75
101
124
145
159
159
140
113
70
23
-29
-74
-116
-150
-172
-189
-204
-220
-232
-250
-269
-283
-287
-289
-276
-245
-205
-152
-97
-41
18
70
115
147
176
192
204
210
216
219
219
221
216
214
200
182
164
138
112
99
89
83
79
72
73
69
69
73
76
82
84
79
75
60
46
34
22
12
1
-10
-33
-68
-109
-161
-206
-249
-287
-306
-305
-291
-261
-232
-198
-175
-161
-152
-150
-145
-135
-113
-78
-36
13
70
122
167
201
227
239
243
237
232
224
224
216
209
201
191
181
165
148
133
115
95
79
65
46
30
15
-3
-17
-35
-51
-67
-90
-113
-131
-148
-172
-196
-223
-252
-279
-303
-322
-331
-324
-316
-304
-281
-258
-236
-212
-186
-164
-145
-124
-95
-59
-14
36
83
136
185
233
271
305
319
322
316
302
289
267
248
224
200
175
147
124
103
82
66
54
57
52
49
50
44
40
26
12
-10
-33
-55
-75
-88
-109
-125
-147
-166
-182
-204
-221
-227
-233
-240
-231
-226
-213
-199
-185
-169
-146
-123
-95
-62
-29
5
40
79
125
168
204
241
266
289
304
306
299
282
263
246
230
208
181
154
126
97
72
49
25
4
-21
-36
-51
-60
-75
-83
-93
-97
-101
-111
-120
-129
-143
-158
-165
-164
-158
-152
-140
-124
-108
-95
-84
-74
-65
-63
-56
-46
-40
-20
-3
14
41
66
82
88
96
103
118
128
133
143
149
146
138
126
104
86
60
43
35
26
16
5
-1
-9
-32
-63
-104
-135
-159
-178
-186
-188
-185
-175
-154
-141
-129
-128
-126
-128
-132
-133
-128
-118
-103
-80
-56
-26
-3
18
42
62
77
74
72
82
98
112
133
158
184
206
219
215
217
225
229
221
215
205
197
186
162
143
124
107
87
62
41
20
-11
-52
-99
-144
-180
-210
-237
-255
-257
-258
-253
-246
-246
-242
-240
-238
-232
-215
-199
-185
-162
-138
-111
-87
-56
-30
-4
21
40
65
91
117
137
163
179
191
196
204
214
226
229
234
240
242
243
235
222
208
190
170
151
126
103
84
65
44
19
-4
-28
-51
-75
-97
-117
-142
-160
-177
-197
-217
-243
-275
-307
-334
-349
-357
-360
-351
-337
-313
-285
-254
-215
-171
-127
-71
-9
53
115
171
215
257
292
309
323
322
311
299
291
282
268
243
221
209
190
166
145
123
102
76
51
22
-3
-13
-17
-21
-30
-33
-33
-35
-37
-39
-39
-42
-52
-69
-99
-128
-165
-198
-235
-268
-290
-311
-322
-332
-331
-321
-305
-282
-250
-212
-160
-113
-53
0
48
98
143
181
225
268
310
349
377
401
414
421
404
372
330
292
249
217
186
166
148
119
87
45
0
-40
-85
-125
-153
-169
-183
-194
-202
-209
-216
-217
-210
-205
-199
-188
-183
-173
-180
-189
-194
-195
-202
-214
-217
-206
-182
-170
-145
-103
-55
-18
11
44
82
115
136
155
172
197
219
239
259
279
292
290
281
265
252
233
205
173
137
115
97
71
43
23
5
-15
-36
-57
-76
-95
-122
-150
-167
-179
-183
-188
-181
-178
-171
-164
-176
-193
-208
-220
-228
-224
-216
-204
-184
-160
-139
-111
-90
-69
-53
-30
-12
19
50
81
117
141
172
191
202
211
217
221
216
213
198
191
188
190
189
180
175
168
164
146
121
100
79
55
18
-9
-39
-63
-76
-93
-112
-127
-136
-152
-162
-171
-184
-187
-191
-191
-184
-171
-155
-134
-109
-86
-64
-45
-25
-11
1
20
44
55
76
94
102
117
126
127
134
135
135
130
124
113
103
103
98
98
87
79
73
66
57
52
47
37
36
32
36
33
21
4
-16
-41
-69
-95
-114
-130
-141
-154
-163
-184
-199
-218
-251
-270
-284
-282
-269
-253
-217
-171
-127
-86
-63
-32
1
27
49
67
86
112
134
153
163
179
197
206
203
205
222
233
234
224
215
216
210
188
169
157
138
113
75
34
3
-11
-20
-27
-32
-42
-46
-60
-93
-130
-162
-187
-209
-221
-223
-217
-220
-222
-218
-209
-196
-198
-191
-165
-129
-86
-57
-22
7
36
55
64
65
72
91
103
115
133
161
178
201
222
242
262
271
272
260
245
217
197
164
127
98
62
33
0
-28
-59
-94
-126
-153
-188
-222
-258
-272
-283
-290
-296
-281
-264
-253
-245
-231
-203
-175
-152
-119
-76
-42
-4
23
50
67
82
85
89
98
103
107
110
120
130
136
139
130
116
106
89
77
80
77
75
83
90
91
89
81
71
66
60
49
40
33
26
17
5
-6
-21
-41
-57
-78
-95
-108
-127
-147
-155
-155
-155
-156
-149
-142
-120
-113
-93
-59
-19
20
54
79
100
126
135
143
150
159
166
176
189
200
212
208
195
175
159
138
105
78
52
30
15
-5
-15
-18
-23
-35
-53
-71
-72
-76
-85
-96
-104
-105
-111
-111
-103
-103
-115
-131
-148
-165
-183
-203
-213
-206
-201
-189
-182
-169
-146
-116
-95
-61
-31
-5
15
31
47
60
72
84
96
97
109
114
109
97
79
62
49
37
28
37
41
51
59
59
57
49
43
39
52
54
62
72
75
92
103
109
109
105
98
83
61
37
26
12
-5
-21
-31
-35
-57
-78
-88
-104
-113
-122
-108
-94
-84
-73
-54
-28
-18
-13
-8
5
13
21
26
29
34
31
24
22
15
9
11
13
18
25
26
17
4
-14
-23
-33
-45
-51
-45
-35
-18
1
30
55
64
60
57
68
66
61
50
42
45
43
32
26
24
16
15
4
-3
-8
-21
-33
-46
-60
-63
-58
-54
-47
-37
-24
-10
7
21
25
25
25
33
31
39
39
41
55
67
64
47
28
3
-13
-39
-61
-81
-97
-106
-123
-145
-149
-143
-131
-131
-122
-107
-92
-77
-77
-62
-54
-41
-42
-33
-25
-21
-14
-7
1
5
17
20
24
27
35
45
48
57
57
54
50
49
48
56
66
67
71
70
64
64
68
70
69
71
84
95
101
101
99
96
91
79
64
56
45
33
21
14
-2
-17
-22
-25
-22
-33
-44
-53
-62
-64
-63
-57
-55
-47
-40
-30
-24
-29
-48
-63
-71
-77
-74
-68
-42
-28
-4
-6
-16
-16
-24
-33
-48
-49
-48
-46
-39
-34
-22
-6
3
15
32
40
53
58
63
74
77
89
86
87
84
88
84
75
67
63
50
33
15
8
0
-9
-8
-8
-7
-9
-23
-47
-48
-54
-61
-63
-55
-41
-27
-7
-7
-9
-13
-3
-5
-11
-9
-16
-16
-19
-21
-34
-46
-56
-60
-63
-67
-68
-53
-32
-22
-9
15
37
30
33
40
47
52
53
57
68
85
91
96
87
84
82
72
48
31
15
-3
-23
-45
-55
-55
-74
-89
-88
-95
-100
-111
-120
-114
-102
-98
-86
-80
-76
-61
-42
-24
-17
-4
12
38
44
56
61
57
67
62
53
54
43
31
21
8
12
21
23
21
29
38
46
48
31
17
4
-17
-34
-34
-25
-11
-3
1
19
37
40
47
55
55
42
20
15
16
12
1
-8
-6
2
-11
-15
-14
-19
-23
-35
-45
-43
-35
-19
-1
8
5
6
4
-2
-9
-16
-16
-10
-6
0
-4
-6
-10
-16
-10
0
-7
-2
6
12
8
2
4
15
30
27
31
29
29
18
4
-1
-5
-9
-14
-11
0
20
22
20
20
21
15
-6
-24
-44
-35
-19
-10
-7
2
14
19
4
-7
-8
-16
-11
-15
-11
5
15
18
5
-14
-22
-22
-17
-14
-8
8
16
33
33
38
44
43
44
54
64
69
70
60
43
29
16
16
7
-2
-7
-18
-20
-33
-30
-34
-37
-47
-56
-59
-58
-68
-93
-89
-83
-73
-64
-53
-43
-40
-26
-9
-9
-19
-30
-40
-36
-30
-29
-35
-28
-32
-32
-32
-31
-41
-38
-26
-7
6
13
15
12
9
12
21
34
51
53
67
60
58
67
73
80
82
80
88
84
61
46
35
21
12
-5
-7
-9
-8
-7
-11
8
24
42
48
61
65
64
62
56
42
33
23
11
23
31
25
20
19
20
24
11
7
-1
-17
-29
-36
-48
-52
-55
-48
-40
-39
-36
-45
-45
-47
-56
-67
-78
-87
-74
-61
-49
-43
-26
-22
-28
-38
-53
-61
-59
-53
-54
-44
-30
-15
2
13
31
49
58
51
44
50
53
48
39
39
36
40
35
34
50
60
60
59
50
45
37
31
24
9
1
-8
-14
-13
-17
-33
-51
-64
-61
-47
-45
-57
-46
-34
-27
-23
-37
-42
-24
-19
-21
-14
-11
-9
-8
-10
-9
-16
-21
-18
-18
-10
3
-4
-4
0
-6
-4
-17
-24
-25
-21
-10
0
9
6
17
15
12
7
5
6
8
13
22
49
56
66
61
46
44
37
27
17
14
19
9
-14
-16
-14
-20
-33
-27
-26
-33
-38
-41
-43
-26
-22
-16
5
16
31
39
37
30
32
43
57
71
86
98
107
113
106
107
113
118
112
98
89
71
71
53
35
22
4
-7
-19
-33
-54
-60
-62
-76
-91
-102
-96
-83
-74
-71
-58
-36
-41
-49
-54
-57
-57
-56
-75
-75
-64
-60
-60
-57
-59
-55
-43
-58
-84
-74
-64
-71
-62
-46
-29
-11
1
20
33
44
56
70
90
104
107
97
111
96
92
72
50
39
20
20
10
17
23
18
-2
-21
-38
-59
-78
-85
-74
-64
-58
-44
-33
-29
-23
-17
-4
0
7
13
25
26
27
37
42
41
32
40
37
27
13
1
-17
-24
-31
-37
-30
-20
-1
1
-4
-14
-4
-14
-30
-45
-42
-20
-2
12
30
55
68
55
50
44
29
24
11
8
-1
9
12
10
6
-4
0
6
10
1
-4
0
30
45
55
61
56
61
58
57
40
24
-1
-11
-21
-28
-40
-39
-38
-31
-27
-31
-37
-49
-48
-50
-55
-56
-54
-46
-43
-46
-41
-33
-21
-24
-15
-6
0
11
21
25
40
42
35
24
20
11
3
-11
-25
-27
-38
-46
-45
-41
-28
-19
-21
-5
-7
-9
-10
-20
-19
-8
-10
-26
-43
-51
-36
-29
-18
-12
0
28
46
46
35
31
24
10
0
-5
3
11
16
15
20
24
16
16
22
28
20
22
17
29
33
26
33
36
30
33
43
61
80
81
79
74
66
49