-2
-2
-1
0
-3
-2
1
-1
0
-1
1
-1
1
1
-1
2
0
0
0
1
-1
2
-1
-1
2
-1
-2
3
-1
-1
2
-1
-1
3
-2
-3
0
-1
-3
-3
-2
-3
-2
-2
-2
-1
-1
-2
0
0
-1
-1
-1
0
-2
-1
0
1
0
1
0
2
3
2
2
2
3
0
0
0
2
-1
-1
0
-1
0
0
1
2
1
-1
4
1
1
2
-1
0
0
0
-2
-2
-1
-2
-1
-2
-2
1
-1
-1
1
2
-1
-2
2
-1
1
0
0
2
0
1
0
1
4
2
0
3
2
3
4
2
1
-2
0
-2
-2
-6
-5
-5
-4
-5
-4
-1
-3
1
2
6
5
8
5
7
7
6
4
2
0
-1
-2
-2
-2
0
-1
-2
4
2
1
3
5
2
7
5
6
4
5
1
-2
0
-3
-4
-4
-4
-3
1
2
1
-2
1
1
-2
-6
-6
-4
-6
-8
-7
-10
-13
-5
-10
-13
-13
-9
-14
-13
-9
-10
-10
-7
3
5
12
17
19
21
20
15
9
3
-3
-5
-12
-10
-4
-3
-8
-11
0
1
2
-5
-4
2
6
6
3
10
13
7
5
9
1
-2
-3
-7
-10
-8
-7
-9
-13
-5
-5
-7
4
10
4
4
10
11
12
11
11
8
16
15
14
6
6
1
-7
-7
-18
-19
-20
-20
-23
-22
-18
-13
-14
-16
-12
-15
-14
-11
-14
-11
-4
1
3
11
13
15
24
31
33
36
32
39
39
24
33
29
13
6
24
10
3
10
8
3
9
5
-6
9
8
-6
-7
6
-7
-8
-10
-24
-26
-25
-33
-34
-27
-29
-29
-20
-15
-14
-15
-12
-12
-14
-5
-1
6
3
-1
6
9
0
-6
-4
3
3
-4
-3
4
2
5
1
-2
-11
-8
-2
-3
-3
0
2
10
17
7
10
7
0
-9
-7
-20
-24
-13
-9
-15
-12
4
7
4
1
10
9
10
17
23
30
40
54
60
81
96
88
67
71
59
33
-2
-15
-23
-35
-44
-52
-53
-64
-58
-67
-64
-56
-47
-55
-37
-20
-24
-32
-27
-29
-49
-65
-74
-76
-88
-67
-41
-35
-26
4
17
-1
-12
-13
-11
-31
-26
-10
-8
3
16
19
10
-3
-12
-3
2
-4
11
39
73
119
157
191
234
259
264
263
244
225
199
157
147
122
89
48
36
13
-17
-69
-129
-148
-173
-208
-208
-200
-189
-127
-39
-9
9
72
103
90
34
11
-26
-30
-30
-28
22
97
157
184
230
263
264
245
174
59
-8
-89
-199
-268
-276
-295
-259
-163
-109
-62
-14
36
9
-7
-16
-39
-111
-152
-120
-108
-118
-131
-133
-133
-97
-55
-55
-60
-42
-37
-41
-28
-41
-82
-71
-49
-15
19
69
86
145
206
238
243
255
261
237
238
220
221
165
124
97
38
-23
-110
-212
-246
-285
-424
-485
-457
-483
-491
-434
-396
-317
-217
-154
-112
-13
39
39
36
10
74
178
169
153
219
304
366
409
373
359
385
343
315
241
111
22
28
31
12
116
130
110
95
60
-34
-151
-222
-373
-472
-485
-415
-457
-454
-347
-239
-115
2
103
164
313
380
411
443
439
374
376
483
495
456
548
679
718
720
744
672
505
330
107
-216
-547
-892
-1302
-1729
-2141
-2489
-2773
-2940
-3093
-3024
-2681
-2289
-2039
-1272
-499
-62
288
1123
1601
1736
2041
2566
2887
3152
3720
4332
4863
5212
5825
6236
6369
6126
6017
5363
4534
3516
2410
845
-455
-1861
-3260
-4530
-5446
-6448
-7086
-7416
-7594
-7687
-7354
-6974
-6603
-5933
-5167
-4654
-4109
-3199
-2786
-2772
-2472
-1778
-1984
-2288
-2006
-1451
-1665
-1301
-422
676
1423
2757
4293
6006
7312
8671
9982
11057
11351
11574
11749
11123
9879
8960
7901
6045
4284
2902
1243
-639
-2030
-3315
-4645
-5978
-6884
-7786
-8521
-9426
-9917
-10325
-10483
-10718
-10236
-9700
-8916
-7950
-6277
-4711
-2973
-1197
909
2807
4480
6019
7525
8647
9141
9613
9761
9334
8288
7409
6068
4138
1889
327
-1733
-4246
-6199
-7105
-8535
-9837
-9865
-9251
-8867
-7925
-5976
-4152
-2393
-279
2055
3794
5516
7013
8442
9430
9961
10017
10347
10182
9332
8437
8116
7018
5446
4442
3773
2035
247
-728
-2025
-3973
-5561
-6605
-8218
-9666
-10553
-11093
-11805
-12064
-11855
-11046
-9896
-8684
-7226
-5093
-2896
-1004
1141
3408
5010
6183
7587
8360
8389
7993
6981
5405
4525
2993
163
-1836
-2141
-3590
-5367
-4975
-3706
-3786
-3154
-734
1275
2194
3759
5966
7206
7841
8668
9724
9476
8660
8000
7671
5931
3969
2531
1522
-259
-1595
-2263
-2639
-3504
-3962
-3855
-3860
-4841
-5736
-5899
-6475
-7941
-8778
-8730
-9459
-9980
-9208
-8024
-7621
-6388
-4367
-2253
-517
1472
3287
5165
6428
7256
8079
8361
6871
5562
5453
3570
-59
-1703
-2037
-4673
-6869
-6146
-5207
-6062
-5082
-2154
74
1185
3586
6365
8195
9203
10764
12353
12486
11404
10933
11200
9423
6278
4498
3808
1071
-1843
-2507
-2893
-5183
-6229
-5040
-4884
-6466
-6725
-5931
-6589
-8156
-8679
-8844
-10077
-11170
-10975
-10080
-9845
-9505
-7816
-5148
-3330
-1824
796
3410
4513
5721
7570
7661
6389
6226
5733
3347
1313
598
-1181
-3162
-3379
-2836
-3161
-2642
-832
1291
3105
5256
7444
9652
11502
12955
14157
15148
14994
13772
12926
12315
9758
5908
3578
2029
-1591
-5327
-6344
-7364
-10335
-11416
-9917
-10274
-11812
-10771
-9209
-10158
-10599
-9590
-9503
-10478
-10062
-9393
-8840
-7997
-6723
-5346
-2863
-822
362
2518
5305
5714
5594
7412
8075
5750
4693
5228
3271
162
-319
-669
-3077
-4188
-3003
-2576
-2688
-969
1464
3473
5610
8055
10386
12955
14492
15346
16975
17825
15782
14291
14505
11784
6492
4223
2813
-2456
-7019
-7187
-8698
-13054
-13835
-11871
-12577
-14113
-12382
-11110
-11811
-11866
-10256
-10155
-10420
-10393
-9398
-8428
-7173
-6761
-5110
-2590
-837
97
2556
4527
4511
5134
6744
6632
5002
5035
4716
3211
1841
1670
295
-887
-1138
-698
-742
215
1330
3093
5245
7895
9721
12103
14278
15939
17127
18216
17320
15783
15313
13357
8975
5556
3668
-1235
-5945
-7730
-9406
-14364
-15872
-14904
-15702
-17756
-15660
-14367
-15144
-14517
-11590
-11268
-11492
-9865
-8273
-7820
-6420
-4728
-3998
-2186
-51
1033
1928
4279
4920
4834
5783
6937
5496
5018
5605
4960
3102
3270
2973
1215
444
987
492
70
1335
2319
3335
5554
8001
9449
11925
14232
15464
17065
18578
16705
15007
15758
13575
7059
4230
3540
-2580
-8990
-8776
-10056
-16846
-18513
-14850
-16378
-19971
-16756
-13634
-15762
-15457
-10819
-10167
-11491
-9385
-6672
-6756
-5882
-4262
-3314
-1816
-157
-93
1345
4017
3580
2716
5485
6844
4008
4082
6883
5533
2838
4524
5279
2097
1460
3621
2865
1313
3051
4933
5353
6964
9615
11363
13295
15142
16378
18213
18736
15967
14399
15477
11498
4187
2255
1572
-6352
-12274
-10285
-12133
-19998
-19980
-14827
-17363
-21104
-16279
-12956
-16153
-15474
-9977
-9877
-12084
-9724
-6507
-6911
-6527
-4686
-3272
-1885
-538
51
2133
4626
3681
3749
7384
8340
5007
6241
9298
6968
4115
6881
6911
2681
2391
5129
3218
1278
3622
5543
5218
6878
9624
11334
13161
14866
16511
18219
17735
14771
15212
15072
8578
2167
2744
-1272
-10770
-13289
-10688
-17362
-23416
-18790
-15979
-21771
-20877
-13852
-14397
-17132
-12083
-7880
-10722
-10519
-6387
-5252
-6487
-4715
-3231
-2660
-2122
-972
-77
1456
1247
1396
3973
5885
4321
4962
8364
8123
5974
8043
9743
6362
4996
7566
7228
4338
5814
8337
7937
8359
11953
13854
14273
15814
18297
19287
18294
15583
14774
14182
8703
1378
-251
-3080
-12371
-17600
-15178
-19113
-27284
-25004
-19427
-23396
-25450
-17527
-14552
-18170
-14718
-7084
-8358
-10420
-5810
-2102
-4305
-3484
-425
-5
-836
1214
2587
2609
2616
3235
4364
5987
5899
5357
7363
8682
7104
7059
9223
7436
4338
5430
6799
3733
3043
5967
7076
6388
9793
13270
14222
15179
18755
20741
20102
17781
16757
16050
11707
4539
871
-1553
-9833
-16914
-16268
-17800
-26303
-27392
-21343
-22277
-26370
-20478
-14965
-17633
-16979
-8829
-7412
-10582
-7765
-2536
-3754
-4457
-1456
-210
-1734
-636
1344
1370
980
1510
2714
4400
5377
5231
7010
9156
8794
8267
10558
10132
6822
6455
8471
6200
4052
6008
7916
6867
8876
12688
14166
14348
17324
20221
20280
18041
16583
16453
13239
6297
1415
-246
-7400
-16018
-17468
-16984
-25050
-29468
-24296
-22359
-27449
-24219
-16437
-17077
-18671
-11156
-6111
-9271
-8453
-2418
-1568
-3802
-1301
1125
-449
-967
1592
2172
1212
1135
2584
3940
5093
5016
6337
8576
9069
8177
9976
10768
7768
6235
8330
7308
3882
4840
7200
6308
6432
10416
12314
12383
14430
17565
18623
18505
16937
15259
15043
11898
4760
749
-624
-8440
-16603
-16248
-17281
-26792
-29499
-23086
-23987
-29597
-24068
-16918
-19836
-19978
-10574
-7400
-11348
-8271
-1154
-1636
-3411
499
3333
1453
1440
4435
5304
3804
3530
5608
7316
6905
6318
8814
10823
9351
8756
11614
11111
6936
6761
9057
6193
2559
4697
6263
3886
4240
8482
9409
8822
11139
14347
15042
14560
13298
12897
12865
9073
2935
1188
-561
-8978
-14965
-13044
-15959
-25325
-25323
-19296
-22718
-27115
-20008
-15071
-19405
-17883
-8626
-7994
-11761
-7515
-1278
-3114
-4044
351
2836
663
969
4239
5446
3409
2828
5691
7519
5706
5261
9067
10405
7722
8535
12566
10793
6569
8381
10506
6195
3206
6437
6727
3360
4415
8791
8506
7765
10816
13622
13580
13578
13239
12111
11922
9059
3607
866
-181
-7581
-13955
-13114
-14587
-23593
-25113
-19497
-21576
-27008
-21495
-15490
-19391
-19693
-10827
-8343
-12870
-9677
-2432
-3152
-5378
-604
3205
1168
921
5049
6632
4685
4365
7157
8693
7335
6808
9730
11426
9218
9093
12633
12148
7502
7879
10377
6816
2343
4688
5879
2116
1613
6254
6848
5336
7978
11594
11698
11902
12779
11914
11275
10155
6029
2155
1287
-3487
-10594
-12103
-11702
-18833
-23465
-19554
-18798
-24876
-22996
-16245
-17750
-20739
-14004
-8789
-12292
-11826
-4567
-2798
-5770
-2489
2568
1714
11
3635
6485
5020
3786
6359
8578
7692
6749
9268
11584
10043
9041
12215
13072
8851
7509
10209
8296
3168
3672
6044
3005
763
4541
6754
4575
5616
9621
10547
9931
10985
10773
9581
9070
6433
2060
509
-1989
-8615
-12179
-11025
-15172
-21835
-20094
-16700
-21243
-23054
-16258
-14733
-18941
-15333
-7980
-10029
-12383
-6418
-2335
-5691
-4660
1032
1743
-662
2372
6468
5873
4634
6892
9398
9235
8505
9731
11916
11578
10101
11521
13424
10493
7250
8880
8888
3689
1562
4059
2285
-1428
865
4178
2212
1937
6484
8358
7392
9269
10823
8689
8199
8693
4819
343
-54
-3326
-9780
-11541
-10816
-16460
-20620
-17316
-16219
-20980
-19645
-14080
-15017
-17107
-11618
-7571
-10517
-9893
-4035
-2836
-5142
-2223
1670
1069
717
4190
6149
5321
5459
7767
9239
9020
8657
10262
11963
11257
10254
11995
12219
8788
7110
8443
6078
1477
1158
2439
-259
-1763
1217
2891
1691
3556
7481
8391
8510
10050
10277
8778
8554
6624
2695
127
-1430
-6448
-10452
-10550
-12668
-18158
-18352
-15313
-17543
-20171
-15858
-12876
-15467
-14370
-8248
-7865
-10357
-6942
-2331
-4048
-4682
-335
1788
68
1445
5229
5861
5009
6410
8894
9369
8932
9645
11630
11927
10553
10806
12363
10395
6935
6889
6842
2460
-576
539
-204
-3509
-2576
682
614
255
4222
7263
7131
8449
11298
10390
8521
9112
7916
3144
392
-665
-5310
-9994
-10449
-11868
-16886
-17680
-14986
-16169
-18307
-14703
-11817
-13476
-12327
-7218
-6675
-8494
-5615
-2184
-3622
-3695
-97
1183
-189
1525
4693
5170
4682
6266
8169
8693
8678
9532
10662
10726
9794
10023
10591
8703
5768
5192
4660
1295
-1427
-1234
-1837
-4051
-3449
-904
-318
-57
3213
6191
7146
8735
11083
10620
9699
10283
8890
4379
1824
415
-4357
-9147
-9836
-11644
-16781
-17720
-14897
-16121
-18356
-14738
-11489
-13082
-11908
-6577
-5836
-7790
-4879
-998
-2330
-2650
927
2417
980
2694
5705
5934
5437
7031
8699
9186
9157
9381
10223
10568
9332
8631
9222
7401
3878
3130
3173
-513
-3650
-2913
-2968
-5550
-4909
-1847
-1190
-1175
2494
6017
6779
8319
11403
11670
10340
11157
10721
6393
2872
2160
-1711
-7400
-9336
-9961
-14822
-17484
-14971
-14766
-18006
-16000
-11457
-12138
-12739
-7854
-5297
-7669
-6065
-1291
-1592
-3312
-91
2612
1229
1760
4969
5685
4818
6116
7952
8270
8195
8532
9111
9559
8950
7982
8112
7210
4254
2661
2748
230
-3238
-3371
-2512
-4415
-4896
-2037
-231
-501
2223
6228
7395
8056
10876
11857
10320
10431
10163
6457
2871
2046
-1504
-6807
-8573
-9162
-13676
-16030
-13551
-13649
-16498
-14065
-9853
-10831
-11030
-6055
-4203
-6474
-4557
-347
-1530
-2889
358
2251
381
1296
4208
4208
3594
5147
6455
6361
6815
7049
7337
7815
7390
6101
6431
5842
2760
1130
1654
-781
-4407
-3936
-2846
-4989
-5318
-1778
-256
-679
2441
6576
7076
7750
11283
12184
10045
10343
11229
7563
3668
3417
1057
-4521
-6758
-6391
-10257
-13751
-12096
-11100
-14182
-13381
-9414
-9494
-10832
-7210
-4391
-6127
-5697
-2030
-1656
-3105
-1034
1194
377
468
2676
3484
3142
3752
4729
5293
5719
5565
5825
6763
6513
5267
5774
5789
3118
1322
2000
233
-3212
-3334
-2053
-3877
-4655
-1748
96
-444
1724
5463
6469
6907
9605
10760
9143
9203
10010
7299
3665
3181
1388
-3330
-5841
-5590
-8722
-12268
-11304
-9961
-12455
-12393
-8843
-8355
-9651
-6719
-3643
-5065
-5238
-1773
-779
-2442
-899
1470
733
370
2524
3128
2215
2742
3667
3704
3994
4278
4135
4813
5299
4359
4199
4690
2918
713
1108
444
-2737
-3542
-1980
-2878
-4110
-1650
589
304
1807
5539
6792
7049
9472
11021
9511
9386
10484
8252
4674
4134
2980
-1545
-4352
-4071
-6676
-10735
-10357
-8759
-11225
-12248
-8994
-7971
-9901
-8093
-4610
-5647
-6872
-3951
-2087
-3889
-3307
-432
-313
-1266
842
2498
1630
1665
3296
3689
3458
3876
4203
4501
4893
4589
4249
4528
3440
1529
1326
1169
-1457
-2921
-1784
-1925
-3432
-1977
492
627
1341
4768
6810
6781
8673
11047
10233
9088
10494
9667
5853
4166
4433
868
-3236
-3260
-3820
-8307
-9737
-7151
-8253
-11268
-9156
-6301
-8486
-9111
-5404
-4921
-7810
-6461
-3363
-4910
-6215
-3458
-1895
-3340
-2163
445
555
103
1779
3018
3044
3454
3990
4453
5104
5036
4505
5042
4735
2667
1986
2711
789
-1716
-960
-216
-2080
-2011
569
994
624
3301
6001
5900
6922
9691
9964
8504
9494
10014
6982
4426
4701
2781
-1628
-3006
-2654
-5899
-9020
-7456
-6678
-9786
-9927
-6684
-7129
-9421
-7136
-4912
-7351
-8224
-5024
-4767
-7129
-5592
-2682
-3485
-3664
-593
713
-148
1164
3292
3308
3365
4476
4943
5014
5379
5212
4949
5007
3771
2348
2438
1865
-723
-1418
-434
-1311
-2592
-810
636
62
1250
4473
5331
5272
7864
9694
8545
8423
10364
8836
5602
5289
5316
1250
-1780
-1139
-2695
-6968
-7294
-5367
-7707
-10070
-7648
-6453
-9300
-9124
-6037
-7113
-9449
-7266
-5330
-7508
-7590
-4419
-3897
-5060
-2856
-404
-863
-502
1962
2892
2684
3889
5076
5295
5643
6116
5909
5954
5443
4033
3317
3224
1318
-554
-163
-221
-1836
-1480
496
458
530
3197
5209
4877
6372
9002
8718
7648
9368
9534
6360
5044
5859
3117
-833
-852
-1099
-5221
-7118
-5183
-6305
-9553
-8423
-6342
-8559
-9799
-7074
-6768
-9403
-8544
-5979
-7238
-8421
-5818
-4257
-5442
-4269
-1418
-1177
-1316
911
2453
2370
3416
4852
5158
5629
6374
6139
6012
5973
4712
3467
3432
2067
-244
-413
-17
-1503
-1953
-21
598
369
2409
4943
5124
6073
8694
9362
8222
9267
10266
7922
5714
6174
4770
765
-698
-387
-3455
-6715
-5871
-5537
-8816
-9628
-7310
-8054
-10468
-8994
-7257
-9373
-10146
-7557
-7260
-9114
-7677
-5126
-5547
-5523
-2659
-1186
-1418
102
2479
3044
3653
5186
6064
6389
7099
7249
6894
6812
5806
4338
3800
3037
627
-422
90
-706
-1942
-635
821
448
1527
4305
5306
5270
7622
9265
8286
8199
9900
8615
5755
5574
5422
1809
-910
-495
-2358
-6285
-6703
-5495
-8013
-10085
-8157
-7592
-10063
-9840
-7498
-8649
-10407
-8596
-7150
-8847
-8638
-5962
-5313
-5740
-3454
-1087
-878
21
2446
3623
4043
5271
6229
6583
7108
7308
6844
6760
5949
4308
3424
3011
845
-935
-594
-792
-2197
-1641
254
415
880
3371
5278
5369
6924
9121
9059
8351
9602
9549
6880
5538
5775
3368
-312
-960
-1442
-5054
-7362
-6149
-7013
-10120
-9656
-7623
-9281
-10775
-8485
-7710
-10064
-9705
-7120
-7843
-9219
-6923
-4816
-5633
-4661
-1460
-363
-407
1814
4035
4370
5069
6587
7307
7447
7792
7712
7499
6909
5425
4232
3863
2305
-6
-201
129
-1189
-1701
171
875
548
2325
4745
4841
5414
7913
8491
7239
8025
8955
6536
4409
4804
3281
-686
-1905
-1805
-4900
-7751
-6760
-6842
-9815
-9974
-7706
-8594
-10405
-8521
-7151
-9193
-9499
-6959
-7085
-8686
-7005
-4581
-4974
-4383
-1476
23
163
2071
4131
4671
5376
6554
7025
7336
7675
7170
6833
6689
5280
3621
3440
2395
-38
-659
-3
-1176
-2053
-381
733
270
1705
4289
4785
5095
7614
8678
7506
8042
9485
7539
4937
5327
4456
349
-1724
-1027
-3713
-7567
-6955
-5957
-9260
-10600
-7780
-7926
-10775
-9399
-6919
-9085
-10599
-7659
-6812
-9144
-8097
-4741
-4826
-5156
-2065
268
-20
1228
3972
4803
4922
6198
7262
7433
7700
7719
7511
7287
6185
4648
4201
3308
891
-277
251
-716
-2145
-909
605
2
693
3513
4535
4257
6332
8183
7170
6817
8499
7475
4499
4091
4104
730
-2125
-1784
-3278
-6889
-7405
-6054
-8208
-10099
-8254
-7314
-9599
-9395
-7061
-7900
-9727
-8066
-6544
-8094
-8028
-5462
-4605
-5049
-2970
-532
-116
542
2828
4366
4755
5668
6942
7692
7930
8035
8069
7950
6816
5328
4647
3720
1407
-121
2
-675
-1967
-1301
203
126
665
3083
4610
4655
6170
8171
7804
7071
8274
8065
5193
3875
4170
1739
-1830
-2175
-2569
-6012
-7837
-6216
-7160
-10016
-9149
-7074
-8938
-10164
-7752
-7330
-9776
-9096
-6576
-7675
-8868
-6378
-4486
-5480
-4268
-1163
-242
-131
2297
4514
5041
6107
7768
8621
8977
9437
9211
8853
7997
6294
4823
4083
2055
-389
-700
-686
-2216
-2480
-613
-171
-469
1594
3894
3856
4621
6989
7186
6059
7056
7434
4777
3157
3573
1519
-1898
-2277
-2552
-5737
-7291
-5719
-6552
-8958
-8005
-6258
-7879
-8748
-6723
-6590
-8619
-8101
-6218
-7189
-8021
-6171
-4696
-5212
-4094
-1652
-601
-95
1735
3677
4701
5727
6838
7879
8665
8792
8513
8628
7842
5870
4699
4223
2069
-383
-573
-653
-2226
-2491
-743
-328
-597
1320
3621
3822
4435
6857
7610
6528
7042
8244
6201
3715
3899
3256
-675
-2663
-1925
-4032
-7568
-6951
-5554
-8358
-9686
-6943
-6694
-9649
-8729
-6213
-8091
-9974
-7494
-6374
-8602
-8007
-4912
-4690
-5301
-2782
-273
-105
847
3438
5146
5822
6942
8391
9487
9664
9263
9328
9189
7107
4953
4566
3241
-70
-1430
-733
-1944
-3596
-2123
-450
-1129
-386
2650
3795
3438
5396
7276
6497
6005
7327
6442
3915
3323
3135
274
-2165
-2040
-3254
-6060
-6397
-5239
-6815
-8025
-6404
-5800
-7813
-7619
-5960
-7033
-8713
-7386
-6482
-7945
-7672
-5461
-5042
-5234
-3188
-1229
-710
472
2637
4058
5201
6557
7646
8685
9436
9195
8783
8793
7317
4951
3961
2969
43
-1849
-1473
-2158
-3688
-2750
-933
-1054
-417
2242
3775
3737
5376
7233
6801
6164
7227
6800
4343
3355
3344
1093
-1824
-2038
-2583
-5337
-6734
-5392
-6058
-8021
-7220
-5589
-7024
-8109
-6308
-6092
-8233
-8069
-6145
-7025
-8105
-6209
-4486
-5089
-4284
-1547
-250
54
1909
4310
5327
6164
7645
9020
9348
9179
9134
8995
7538
5353
4116
3067
591
-1716
-1849
-2117
-3485
-3427
-1494
-1008
-899
1217
3534
3710
4579
6850
7204
6115
6806
7450
5160
3356
3577
2196
-1223
-2085
-1942
-4569
-6902
-5679
-5543
-8006
-7919
-5806
-6760
-8525
-6817
-5868
-8073
-8585
-6341
-6622
-8131
-6626
-4468
-4784
-4390
-1674
61
434
1883
4372
5731
6445
7487
8871
9438
9019
8658
8736
7603
5044
3697
3137
885
-1797
-1963
-1820
-3225
-3526
-1533
-735
-1009
749
3354
3738
4081
6334
7319
6263
6530
7760
6072
3765
3734
3316
-42
-1929
-1596
-3371
-6475
-6195
-5155
-7422
-8608
-6571
-6314
-8692
-7964
-6146
-7706
-9277
-7260
-6479
-8262
-7555
-4953
-4772
-4950
-2366
-224
151
1470
3996
5367
6227
7481
8532
9086
9269
8838
8260
7690
5764
3648
2719
1503
-1212
-2460
-2014
-2637
-3591
-2233
-594
-721
228
2894
4126
4027
5715
7369
6820
6329
7498
6853
4403
3556
3650
1254
-1535
-1718
-2408
-5197
-6402
-5157
-6208
-8188
-7361
-5954
-7676
-8581
-6800
-6781
-8826
-8347
-6428
-7266
-7973
-5870
-4115
-4575
-3447
-666
605
851
2800
5101
5877
6393
7709
8809
8595
8140
7965
7488
5624
3673
2645
1537
-759
-2315
-2110
-2319
-3142
-2428
-543
-39
450
2514
4453
4605
5392
7210
7460
6501
6902
7366
5373
3526
3480
2441
-698
-1960
-1806
-3812
-6283
-5682
-5271
-7481
-8109
-6323
-6780
-8702
-7735
-6477
-8174
-9105
-7185
-6798
-8132
-7070
-4576
-4305
-4148
-1632
668
976
2024
4584
6049
6288
7191
8659
8817
8144
7854
7770
6315
4122
2853
2060
179
-1920
-2176
-1999
-2678
-2710
-852
334
593
2099
4491
5166
5335
6977
7885
6830
6430
7295
5869
3432
2897
2549
-380
-2423
-2190
-3513
-6350
-6497
-5463
-7279
-8634
-7128
-6688
-8672
-8339
-6725
-7769
-9224
-7667
-6621
-7828
-7398
-4963
-4000
-4016
-1988
444
1300
1911
4022
5854
6400
6828
8039
8821
8232
7605
7580
6759
4406
2821
2241
647
-1767
-2420
-2065
-2661
-2998
-1420
122
539
1819
4229
5431
5625
6962
8209
7676
6882
7464
6763
4418
3130
2983
752
-1977
-2316
-2929
-5646
-6957
-5710
-6756
-8808
-8033
-6573
-8333
-9072
-7141
-7177
-9150
-8305
-6290
-7348
-7822
-5336
-3654
-4272
-2782
94
976
1168
3334
5385
5734
6393
7795
8513
8099
7902
7673
6888
5118
3431
2323
1165
-894
-2303
-2129
-2174
-2800
-1948
75
742
1403
3711
5611
5572
6428
8202
7970
6701
7256
7213
4664
3012
3193
1339
-1895
-2455
-2564
-5295
-7196
-5945
-6388
-8723
-8420
-6598
-7874
-9187
-7478
-6795
-8696
-8661
-6516
-6827
-7765
-5988
-3878
-4136
-3406
-763
754
953
2521
4804
5775
6233
7346
8489
8520
7978
7595
7311
5825
3696
2517
1836
-128
-1932
-1722
-1427
-2233
-1728
450
1316
1513
3512
5677
5702
5942
7599
7777
6353
6317
6606
4516
2378
2201
1099
-1923
-3224
-3097
-4978
-7169
-6503
-6059
-7867
-8322
-6593
-6851
-8328
-7449
-6293
-7644
-8368
-6609
-6216
-7262
-6271
-4000
-3821
-3584
-1201
724
882
2102
4541
5614
5918
7059
8264
8147
7746
7548
7006
5565
3819
2470
1444
-40
-1682
-2055
-1700
-1938
-1804
-111
1221
1549
2907
5112
5696
5622
6989
7711
6518
6083
6676
5134
2754
2393
1832
-1074
-2923
-2730
-4206
-6790
-6611
-5780
-7501
-8517
-6899
-6614
-8242
-7774
-6325
-7269
-8325
-6813
-5952
-6924
-6488
-4367
-3725
-3678
-1926
140
852
1673
3658
5287
6007
6631
7750
8355
8040
7368
7116
6262
4241
2617
2013
791
-1206
-1678
-1110
-1280
-1456
100
1465
1766
2826
4863
5612
5516
6609
7312
6540
5894
6269
5012
2891
2045
1448
-1002
-3086
-3276
-4490
-6762
-7115
-6178
-7448
-8505
-7258
-6506
-7909
-7755
-6233
-6783
-8001
-6811
-5626
-6598
-6488
-4432
-3583
-3871
-2206
11
628
1298
3498
5101
5630
6587
7861
8225
7988
7776
7333
6362
4710
3086
2077
1076
-636
-1500
-1087
-912
-1148
34
1649
2099
2740
4636
5725
5431
6072
7038
6361
5171
5480
4815
2467
1001
877
-993
-3598
-4084
-4403
-6492
-7693
-6419
-6668
-8150
-7635
-5945
-6754
-7594
-6255
-5754
-7148
-7086
-5434
-5728
-6423
-4997
-3228
-3418
-2778
-376
1115
1222
2705
5026
5812
6039
7307
8370
7897
7423
7429
6691
4844
3298
2325
1155
-473
-1481
-1383
-1170
-1226
-434
1227
2076
2626
4217
5778
5745
5969
7119
6905
5464
5414
5407
3125
1128
1112
-121
-3156
-4036
-3817
-5770
-7689
-6426
-6058
-7818
-7751
-5688
-6201
-7509
-6220
-5328
-6918
-7379
-5602
-5748
-6834
-5740
-3808
-3889
-3407
-1122
515
972
2393
4509
5564
6229
7157
8004
8061
7757
7175
6578
5330
3346
1805
1058
-387
-2265
-2340
-1712
-1991
-1787
217
1433
1747
3261
5373
5638
5613
6938
7365
6096
5486
5898
4302
2009
1299
922
-1579
-3578
-3495
-4182
-6365
-6718
-5300
-6054
-7318
-6128
-4832
-6222
-6752
-5305
-5548
-7331
-6830
-5455
-6412
-6959
-5060
-3735
-4025
-2716
-234
865
1484
3512
5406
6107
6828
7887
8363
8080
7587
6924
5995
4262
2357
1257
278
-1526
-2623
-2046
-1733
-1961
-852
1116
1801
2495
4452
5815
5591
6011
7117
6653
5336
5207
4859
2718
986
670
-524
-3072
-4066
-3943
-5333
-6903
-6085
-5423
-6756
-6985
-5283
-5346
-6872
-6288
-5282
-6621
-7627
-6186
-5816
-6908
-6084
-3989
-3593
-3186
-987
828
1517
2871
4891
6013
6762
7578
8238
8386
8065
7146
6302
5272
3300
1441
604
-478
-2286
-2572
-1789
-1673
-1557
217
1697
2206
3398
5220
5744
5647
6489
6857
5969
5136
5125
3923
1978
899
433
-1396
-3371
-3717
-4048
-5593
-6325
-5284
-5557
-6678
-6122
-4939
-6011
-6978
-5956
-5945
-7613
-7640
-6274
-6851
-7414
-5677
-4093
-4186
-2920
-370
797
1527
3559
5452
6052
7033
8179
8457
8182
7977
7131
5902
4565
2847
1273
263
-869
-2048
-1939
-1373
-1205
-544
1090
2082
2639
3977
5179
5220
5312
6108
5896
4878
4525
4310
2748
1202
777
-103
-2126
-3285
-3228
-4138
-5517
-5363
-4660
-5533
-6121
-5089
-4773
-6193
-6440
-5578
-6324
-7692
-7041
-6269
-7088
-6890
-4910
-3939
-3767
-1946
261
1231
2352
4397
5777
6486
7454
8187
8208
7952
7320
6187
5051
3525
1620
270
-543
-1852
-2661
-2163
-1591
-1460
-461
1144
1966
2661
3910
4842
4898
5227
5793
5577
4800
4450
4118
2837
1503
861
68
-1670
-2855
-2942
-3514
-4834
-4905
-4192
-4833
-5536
-4758
-4466
-5931
-6331
-5595
-6353
-7758
-7166
-6408
-7122
-6816
-4864
-3846
-3533
-1685
509
1601
2765
4747
6116
6805
7602
8230
8191
7750
6878
5708
4550
2931
1028
-181
-915
-2099
-2706
-2002
-1375
-1306
-259
1447
2145
2508
3690
4650
4529
4642
5300
5134
4202
3957
3872
2599
1210
799
139
-1694
-2773
-2662
-3334
-4755
-4682
-4069
-4924
-5654
-4892
-4910
-6420
-6691
-6041
-6840
-7945
-7195
-6469
-6843
-6197
-4302
-3325
-2671
-835
1068
2236
3446
4978
6123
7020
7486
7586
7675
7337
6042
4790
4063
2407
323
-510
-833
-2141
-2643
-1536
-864
-980
244
2097
2609
2834
4195
5214
4941
5070
5873
5692
4655
4530
4504
3114
1626
1403
646
-1476
-2459
-2170
-3236
-4988
-4583
-4052
-5568
-6342
-5189
-5712
-7740
-7537
-6683
-8064
-9102
-7649
-7090
-7726
-6543
-4329
-3679
-2879
-580
1242
2267
3697
5323
6289
7169
7664
7705
7717
7215
5821
4811
4102
2093
142
-184
-647
-2201
-2332
-988
-788
-905
739
2373
2338
2881
4600
5171
4679
5300
6192
5612
4767
5035
4842
3269
2155
1988
920
-1171
-1881
-1906
-3287
-4876
-4489
-4437
-6007
-6555
-5688
-6436
-8121
-7730
-7197
-8368
-8888
-7499
-7025
-7241
-5839
-3824
-3053
-2074
68
1765
2694
3885
5305
6186
6725
6979
7057
6891
6109
4918
4066
3087
1218
-211
-515
-1137
-2344
-2175
-1112
-988
-847
655
1912
1997
2692
4141
4615
4399
5023
5834
5500
4897
5073
5070
3869
2704
2465
1708
-163
-1326
-1298
-2435
-4238
-4452
-4170
-5669
-6836
-6225
-6535
-8253
-8455
-7538
-8255
-9023
-7844
-6716
-6786
-5810
-3674
-2486
-1687
107
1977
2951
3879
5123
6085
6595
6789
6783
6700
6143
4972
4022
3287
1766
202
-206
-524
-1577
-1798
-867
-548
-606
444
1705
1869
2257
3469
4158
4007
4413
5244
5239
4793
4873
5075
4184
3076
2660
2175
489
-1008
-1294
-2121
-4015
-4911
-4685
-5894
-7423
-7303
-7115
-8571
-9094
-8037
-7984
-8657
-7626
-5964
-5596
-4877
-2867
-1272
-619
642
2359
3379
3801
4499
5412
5861
5654
5433
5574
5126
3915
3090
2710
1450
-23
-293
-301
-1200
-1619
-716
-158
-331
285
1580
2011
2060
3024
4085
4167
4181
5212
5881
5431
5244
5922
5606
4084
3489
3437
1763
-526
-938
-1496
-3904
-5531
-5188
-6215
-8365
-8460
-7785
-9083
-10001
-8618
-7944
-8655
-7858
-5767
-5107
-4773
-2958
-1152
-603
205
1839
2893
3187
3658
4638
5188
5087
4875
5194
5098
4080
3241
3126
2289
731
315
585
-197
-1048
-278
432
29
226
1573
1996
1740
2581
3789
3845
3795
4816
5680
5472
5291
5858
5865
4770
3856
3600
2394
177
-1113
-1631
-3467
-5677
-6146
-6456
-8174
-9194
-8535
-8722
-9705
-9082
-7701
-7647
-7451
-5698
-4249
-3870
-2882
-1059
-33
363
1318
2591
3078
3160
3774
4607
4622
4268
4502
4671
3836
3009
2913
2401
1009
364
645
189
-720
-475
377
240
123
1116
1940
1799
2196
3483
3971
3860
4558
5705
5753
5470
5866
6116
5230
4147
3702
2735
736
-1034
-1856
-3304
-5434
-6684
-6921
-7949
-9237
-9131
-8579
-9016
-9113
-7757
-6779
-6688
-5788
-3918
-3003
-2704
-1460
86
538
674
1753
2708
2699
2729
3697
4237
3868
3827
4387
4129
3171
2961
2928
1934
844
835
777
-45
-423
128
393
165
580
1475
1837
1955
2726
3680
4069
4337
5086
5857
5906
5738
5888
5814
4716
3567
2908
1652
-619
-2232
-3032
-4735
-6847
-7533
-7672
-8888
-9637
-8884
-8475
-8909
-8217
-6607
-6057
-5809
-4285
-2650
-2320
-1809
-280
680
570
1078
2196
2438
2215
2843
3663
3544
3393
3829
4050
3428
2986
2866
2425
1462
853
733
425
-174
-265
244
416
364
937
1846
2043
2265
3282
4195
4286
4721
5782
6251
5968
6015
6234
5531
4282
3360
2413
569
-1480
-2787
-3944
-5802
-7331
-7663
-8005
-8981
-9109
-8169
-7945
-8170
-7115
-5661
-5425
-5073
-3423
-2305
-2286
-1554
-87
242
134
1063
1960
1886
2053
3052
3531
3432
3696
4203
4064
3576
3312
3027
2356
1465
1005
787
310
-253
-112
316
236
280
1068
1699
1746
2299
3419
3962
4157
4969
5886
5978
5816
5938
5671
4669
3449
2384
980
-893
-2773
-4057
-5268
-6870
-7978
-8057
-8252
-8884
-8505
-7446
-7232
-7125
-5732
-4528
-4474
-3799
-2206
-1692
-1781
-784
240
48
187
1237
1663
1515
2143
3096
3273
3426
3990
4229
3976
3789
3523
2946
2269
1598
1032
609
141
-307
-254
23
11
225
971
1585
1906
2715
3734
4317
4768
5618
6269
6244
5950
5757
5260
3973
2407
1170
-154
-2300
-4166
-4996
-6041
-7772
-8300
-7689
-8066
-8586
-7443
-6225
-6536
-6026
-4208
-3607
-3965
-2819
-1416
-1721
-1792
-477
85
-481
106
1273
1407
1390
2469
3337
3408
3682
4295
4364
3970
3606
3177
2570
1738
884
374
115
-465
-806
-403
-57
-132
474
1616
2056
2335
3550
4667
4801
5201
6198
6467
5883
5588
5351
4260
2612
1277
81
-1708
-3763
-4978
-5646
-6956
-8155
-7858
-7318
-7856
-7669
-6131
-5433
-5698
-4586
-3109
-3185
-3235
-1901
-1303
-1864
-1394
-371
-357
-454
488
1222
1399
1996
2905
3447
3828
4235
4324
4321
4026
3355
2690
2217
1222
200
-23
-235
-965
-1073
-389
-212
-123
884
1944
2232
2891
4272
4983
5113
5685
6441
6253
5567
5178
4697
3268
1399
223
-941
-2954
-4893
-5457
-6124
-7595
-8028
-7093
-7103
-7649
-6467
-5012
-5190
-5103
-3426
-2764
-3362
-2821
-1658
-1926
-2286
-1357
-759
-926
-473
664
1267
1766
2563
3448
4063
4479
4570
4629
4542
3846
3003
2537
1827
498
-121
-117
-651
-1309
-828
-171
-207
288
1612
2361
2597
3675
4878
5147
5244
5912
6139
5439
4772
4341
3332
1541
80
-915
-2350
-4311
-5382
-5643
-6517
-7445
-7001
-6238
-6562
-6296
-4835
-4129
-4419
-3586
-2333
-2431
-2746
-1941
-1417
-1956
-1979
-1161
-756
-885
-257
860
1561
1893
2778
3852
4261
4165
4401
4601
3877
2878
2450
1945
596
-338
-368
-592
-1333
-1167
-279
12
242
1407
2583
2872
3506
4712
5310
5167
5447
5845
5400
4436
3773
3084
1573
-171
-1335
-2330
-4065
-5527
-5837
-6139
-7115
-7195
-6147
-5916
-6135
-5062
-3729
-3844
-3760
-2500
-1943
-2558
-2326
-1457
-1676
-2160
-1463
-682
-768
-403
868
1811
2151
2985
4127
4651
4624
4748
4758
4155
3175
2406
1724
631
-492
-861
-899
-1377
-1522
-722
10
235
1032
2306
2890
3220
4138
4953
4946
4926
5265
5175
4399
3579
2977
1911
278
-1096
-1972
-3293
-4944
-5589
-5592
-6326
-6923
-6059
-5324
-5642
-5142
-3650
-3360
-3712
-2763
-1900
-2478
-2652
-1759
-1762
-2353
-1799
-916
-879
-510
728
1694
2227
3117
4125
4688
4931
4999
4805
4374
3592
2601
1806
1005
-95
-786
-795
-988
-1340
-876
-41
296
727
1791
2584
2816
3440
4322
4536
4371
4644
4761
4079
3217
2693
1780
144
-1169
-2012
-3246
-4807
-5458
-5567
-6157
-6580
-5973
-5351
-5373
-4836
-3751
-3340
-3401
-2738
-2146
-2377
-2539
-2077
-1953
-2237
-1902
-1190
-797
-403
662
1732
2471
3190
4174
4868
5082
5069
4983
4564
3682
2779
2007
1106
1
-624
-797
-1080
-1390
-1008
-345
-27
459
1455
2280
2617
3313
4177
4553
4521
4733
4805
4241
3396
2699
1796
300
-1096
-2022
-3034
-4461
-5271
-5342
-5642
-6146
-5788
-5063
-4978
-4721
-3804
-3221
-3371
-3010
-2406
-2459
-2785
-2475
-2224
-2346
-2094
-1402
-780
-229
778
1807
2771
3544
4350
4948
5313
5226
4906
4541
3807
2784
1885
1217
217
-573
-812
-932
-1288
-1169
-579
-210
142
879
1718
2209
2806
3511
4066
4181
4227
4263
3943
3105
2196
1413
177
-1218
-2203
-2997
-4254
-4992
-5025
-5258
-5677
-5301
-4692
-4628
-4269
-3460
-3083
-3117
-2670
-2323
-2412
-2450
-2247
-2177
-2076
-1668
-1135
-454
350
1250
2267
3387
4161
4715
5366
5720
5399
4944
4599
3732
2546
1743
1041
-52
-823
-981
-1227
-1609
-1445
-959
-674
-306
400
1097
1665
2280
2924
3426
3659
3742
3723
3402
2658
1847
964
-192
-1383
-2325
-3288
-4268
-4740
-4958
-5300
-5346
-4885
-4594
-4432
-3811
-3169
-2998
-2793
-2287
-2169
-2289
-2103
-1847
-1923
-1769
-1132
-532
-7
843
1941
2853
3700
4516
5167
5507
5629
5421
4999
4382
3506
2534
1710
886
-77
-712
-992
-1345
-1692
-1542
-1219
-1060
-703
32
629
1092
1841
2616
2977
3228
3617
3606
3095
2603
2032
978
-180
-1051
-2034
-3166
-3867
-4191
-4682
-5044
-4828
-4546
-4521
-4268
-3657
-3341
-3236
-2863
-2482
-2505
-2482
-2104
-1894
-1918
-1578
-850
-335
190
1126
2165
2943
3728
4594
5156
5421
5533
5455
5020
4389
3606
2785
1903
989
132
-486
-1014
-1549
-1819
-1804
-1760
-1682
-1230
-625
-127
438
1303
2003
2362
2806
3217
3119
2659
2360
1783
694
-304
-1015
-1947
-2995
-3494
-3777
-4242
-4507
-4261
-4126
-4116
-3809
-3409
-3264
-3070
-2680
-2526
-2418
-2137
-1831
-1665
-1276
-795
-367
238
1015
1743
2436
3319
3992
4524
4981
5309
5205
4996
4712
4143
3350
2610
1859
969
224
-390
-1026
-1597
-1887
-2044
-2115
-1966
-1609
-1159
-534
232
918
1571
2218
2635
2746
2767
2541
1931
1175
459
-468
-1505
-2265
-2858
-3527
-4020
-4093
-4168
-4327
-4178
-3832
-3743
-3623
-3195
-2909
-2795
-2481
-2041
-1798
-1471
-968
-475
15
646
1317
1996
2726
3377
3995
4604
5008
5146
5243
5211
4813
4277
3816
3149
2260
1517
895
129
-612
-1108
-1571
-2033
-2245
-2237
-2178
-1963
-1476
-890
-266
362
1018
1517
1830
1966
1971
1684
1111
543
-82
-902
-1754
-2287
-2827
-3403
-3722
-3772
-3931
-4025
-3833
-3628
-3533
-3334
-2962
-2686
-2421
-2058
-1604
-1212
-798
-315
246
810
1356
1938
2585
3176
3614
4099
4535
4743
4743
4783
4648
4256
3826
3430
2850
2145
1592
1045
373
-267
-749
-1254
-1723
-1967
-2071
-2107
-1949
-1552
-1082
-591
-11
520
892
1163
1330
1225
924
541
85
-508
-1101
-1614
-2128
-2581
-2918
-3139
-3375
-3577
-3693
-3680
-3669
-3679
-3542
-3238
-2909
-2567
-2015
-1402
-862
-247
473
1080
1569
2145
2675
3071
3377
3706
3967
4118
4194
4235
4193
4036
3833
3593
3232
2755
2279
1776
1157
455
-184
-768
-1391
-1964
-2286
-2456
-2550
-2488
-2129
-1701
-1261
-742
-188
228
504
713
739
620
347
34
-379
-766
-1226
-1607
-1962
-2238
-2545
-2783
-2951
-3111
-3244
-3270
-3165
-3073
-2839
-2428
-1879
-1374
-754
-44
626
1201
1791
2325
2666
2959
3228
3427
3461
3542
3610
3632
3601
3581
3510
3342
3153
2870
2504
2040
1527
917
261
-415
-1028
-1619
-2141
-2529
-2741
-2813
-2737
-2499
-2123
-1703
-1268
-778
-331
-46
121
248
265
91
-149
-381
-697
-1083
-1393
-1647
-2003
-2297
-2451
-2586
-2785
-2794
-2701
-2576
-2374
-1970
-1521
-1026
-424
214
822
1370
1901
2360
2719
2937
3095
3214
3256
3208
3202
3206
3146
3102
3113
3039
2841
2664
2455
2092
1590
1114
564
-65
-705
-1230
-1751
-2264
-2603
-2752
-2855
-2890
-2688
-2374
-2082
-1749
-1312
-934
-650
-408
-227
-182
-226
-321
-477
-724
-1032
-1309
-1539
-1780
-2062
-2228
-2235
-2258
-2253
-2037
-1710
-1432
-1033
-468
64
509
1059
1616
1988
2303
2626
2846
2911
2956
2964
2901
2826
2767
2697
2649
2623
2557
2478
2402
2233
1983
1688
1345
882
396
-70
-568
-1107
-1563
-1930
-2300
-2592
-2741
-2794
-2831
-2712
-2498
-2275
-1998
-1633
-1309
-1066
-803
-625
-558
-575
-624
-809
-1011
-1224
-1448
-1648
-1788
-1887
-1902
-1763
-1591
-1365
-1017
-559
-127
348
880
1360
1757
2154
2525
2747
2869
2949
2974
2890
2762
2609
2447
2275
2140
2051
1960
1893
1829
1803
1701
1541
1335
1109
786
379
-25
-448
-942
-1414
-1800
-2190
-2543
-2782
-2920
-3006
-3005
-2881
-2663
-2407
-2101
-1748
-1400
-1108
-860
-703
-627
-637
-720
-866
-1029
-1200
-1340
-1396
-1388
-1316
-1144
-867
-552
-197
240
672
1075
1470
1851
2164
2416
2619
2742
2787
2754
2681
2562
2407
2216
2037
1874
1738
1618
1525
1470
1446
1382
1285
1198
1062
816
519
212
-197
-654
-1109
-1570
-2043
-2447
-2798
-3102
-3298
-3362
-3372
-3278
-3030
-2709
-2385
-1955
-1504
-1139
-832
-530
-358
-304
-276
-315
-423
-508
-538
-566
-521
-396
-202
71
381
686
1036
1432
1760
2040
2304
2498
2578
2615
2602
2454
2236
2041
1850
1598
1365
1205
1083
975
947
964
958
950
995
953
839
702
492
195
-147
-530
-985
-1412
-1837
-2270
-2666
-2931
-3182
-3351
-3350
-3233
-3100
-2820
-2380
-1968
-1573
-1125
-714
-464
-241
-69
-34
-80
-92
-123
-188
-188
-98
38
220
487
785
1103
1423
1724
1992
2230
2393
2457
2476
2453
2320
2098
1889
1636
1342
1083
876
671
517
473
463
460
511
598
630
631
618
526
359
153
-90
-417
-758
-1116
-1482
-1848
-2169
-2472
-2704
-2839
-2918
-2910
-2759
-2517
-2269
-1937
-1550
-1205
-927
-638
-412
-289
-230
-155
-133
-124
-64
21
139
318
559
803
1072
1354
1600
1802
1984
2110
2155
2140
2094
1996
1833
1646
1455
1229
1001
816
649
473
362
312
293
286
302
350
389
403
394
362
270
133
-23
-241
-523
-807
-1099
-1425
-1722
-1976
-2205
-2378
-2447
-2446
-2397
-2229
-1992
-1752
-1470
-1130
-850
-630
-395
-197
-119
-58
31
62
80
154
267
372
550
746
958
1152
1351
1507
1626
1696
1679
1657
1585
1460
1306
1180
1016
852
729
604
463
365
315
264
232
239
250
268
320
374
374
375
395
331
191
65
-114
-401
-674
-927
-1240
-1533
-1721
-1889
-2036
-2051
-1994
-1904
-1728
-1486
-1260
-1007
-710
-476
-292
-116
15
77
136
185
191
203
256
306
370
495
623
765
939
1109
1225
1327
1397
1400
1350
1276
1147
975
818
665
484
341
237
138
48
12
-6
-16
-5
21
68
118
169
200
215
201
144
23
-141
-334
-547
-788
-1022
-1249
-1420
-1543
-1608
-1615
-1576
-1467
-1302
-1111
-923
-699
-471
-272
-109
40
148
226
278
307
312
323
330
333
369
442
526
614
744
873
983
1089
1168
1179
1139
1076
975
808
637
494
337
191
108
53
-15
-52
-57
-74
-94
-89
-60
-47
-4
56
104
125
131
82
-35
-183
-364
-580
-814
-1009
-1183
-1306
-1354
-1335
-1293
-1174
-1008
-842
-667
-468
-297
-161
-3
114
204
278
345
379
399
407
405
409
414
432
457
512
561
626
702
775
802
800
782
730
631
523
406
279
172
96
31
-27
-70
-115
-161
-207
-245
-271
-275
-249
-203
-130
-32
59
120
150
133
54
-80
-251
-442
-643
-809
-927
-1006
-1025
-971
-872
-752
-616
-454
-308
-168
-27
106
227
343
442
514
569
599
587
552
491
412
348
298
261
242
258
296
329
360
378
370
348
321
255
178
115
59
-11
-67
-117
-179
-227
-271
-324
-369
-366
-358
-328
-243
-135
-18
110
232
307
342
324
252
134
-29
-203
-369
-516
-637
-693
-695
-664
-583
-462
-339
-215
-83
33
146
244
321
388
452
487
500
494
463
398
328
242
158
103
53
28
29
49
60
82
103
103
72
46
4
-56
-114
-169
-237
-290
-327
-369
-399
-403
-391
-378
-337
-276
-192
-90
22
144
260
352
417
453
446
394
307
203
87
-34
-150
-251
-312
-337
-341
-314
-258
-175
-85
16
114
203
280
346
395
425
429
406
380
318
241
159
77
-11
-68
-119
-148
-157
-153
-138
-122
-98
-90
-96
-110
-129
-183
-223
-267
-304
-336
-345
-359
-359
-327
-299
-262
-201
-132
-51
56
155
249
336
424
471
493
488
452
379
301
203
94
2
-80
-147
-191
-203
-212
-197
-154
-108
-59
-7
53
104
146
170
183
181
173
133
66
3
-59
-130
-194
-227
-252
-257
-244
-214
-187
-145
-103
-76
-57
-36
-36
-48
-53
-73
-100
-107
-100
-120
-112
-84
-59
-35
12
61
113
195
272
340
416
491
521
544
548
495
419
341
239
125
20
-68
-143
-200
-225
-243
-247
-228
-205
-182
-146
-104
-76
-51
-24
-26
-41
-66
-110
-171
-232
-283
-338
-374
-381
-370
-349
-299
-232
-173
-105
-41
-2
39
71
70
68
67
60
49
43
41
39
36
48
66
90
122
168
225
294
378
455
526
582
619
623
608
564
473
372
260
136
12
-93
-193
-263
-308
-342
-350
-337
-319
-295
-267
-248
-226
-222
-225
-237
-261
-301
-344
-392
-437
-468
-487
-489
-477
-435
-372
-292
-193
-97
0
96
173
225
263
293
291
283
264
237
204
174
145
120
109
108
116
145
204
262
336
426
505
568
624
647
639
609
547
453
354
238
99
-26
-128
-231
-310
-360
-390
-397
-381
-362
-342
-309
-293
-295
-299
-307
-331
-365
-401
-441
-479
-501
-522
-530
-511
-474
-413
-317
-206
-101
13
115
211
286
338
367
392
392
369
336
295
245
189
138
91
64
53
58
92
151
225
305
385
462
518
548
560
548
506
456
384
288
185
87
-25
-123
-206
-278
-340
-372
-392
-408
-404
-393
-387
-383
-368
-370
-375
-385
-405
-435
-454
-471
-495
-507
-492
-457
-393
-298
-196
-81
47
175
284
375
449
488
506
500
466
419
363
298
234
177
118
70
39
25
25
50
87
155
227
290
360
428
469
488
488
454
409
324
224
125
20
-89
-189
-261
-324
-371
-407
-428
-435
-442
-445
-442
-437
-433
-429
-427
-430
-445
-452
-458
-469
-476
-472
-433
-370
-283
-181
-60
76
215
338
453
532
577
596
583
540
476
412
333
273
206
157
113
81
62
49
64
89
127
172
238
312
382
424
447
463
454
414
350
267
177
75
-34
-128
-214
-298
-375
-438
-487
-529
-571
-592
-612
-620
-617
-603
-594
-580
-549
-516
-482
-448
-403
-354
-288
-214
-126
-22
93
210
333
458
552
620
670
680
644
591
526
444
351
264
189
121
65
19
-4
-10
1
18
57
114
164
226
298
346
372
401
426
414
383
338
263
186
90
-21
-137
-251
-360
-466
-550
-634
-709
-747
-769
-793
-791
-766
-736
-691
-632
-574
-510
-440
-364
-285
-210
-133
-39
75
188
295
406
520
619
677
719
728
706
664
596
505
405
303
195
94
2
-71
-108
-116
-104
-79
-28
44
116
189
260
320
380
431
460
483
476
447
397
331
232
112
-17
-154
-285
-420
-549
-656
-729
-797
-841
-869
-873
-862
-832
-792
-737
-669
-591
-501
-403
-306
-212
-99
9
120
234
352
466
571
669
743
796
817
798
754
679
578
455
325
195
71
-34
-119
-170
-188
-177
-142
-90
-27
43
112
181
253
316
373
422
467
489
483
451
395
316
195
62
-81
-227
-369
-507
-621
-718
-793
-850
-883
-899
-902
-874
-837
-785
-722
-636
-539
-436
-325
-203
-76
50
167
294
422
534
633
717
783
826
845
836
786
711
613
495
360
215
73
-47
-131
-206
-246
-251
-229
-195
-151
-92
-23
50
120
192
260
322
378
418
429
427
391
343
259
152
14
-115
-252
-393
-514
-627
-710
-776
-816
-847
-844
-839
-811
-761
-698
-617
-529
-424
-309
-178
-52
83
214
336
456
562
648
705
744
764
764
731
677
609
522
422
302
174
41
-77
-182
-253
-310
-339
-343
-311
-261
-193
-108
-17
81
173
274
356
430
476
514
527
500
436
353
247
113
-38
-193
-331
-471
-599
-699
-773
-830
-864
-869
-844
-800
-745
-666
-566
-459
-354
-237
-102
38
176
301
424
539
641
710
755
771
761
724
672
609
526
434
330
224
114
-3
-115
-214
-290
-350
-395
-401
-373
-317
-241
-146
-32
86
202
303
390
464
506
525
525
494
433
353
248
130
-4
-143
-291
-430
-550
-658
-744
-810
-855
-876
-865
-837
-786
-711
-623
-527
-418
-303
-183
-48
85
217
353
470
571
654
710
732
737
707
660
596
521
433
344
246
152
62
-19
-98
-166
-213
-255
-268
-271
-246
-200
-126
-43
50
153
255
352
426
477
505
514
494
448
377
287
180
61
-68
-204
-344
-476
-589
-689
-773
-836
-870
-873
-862
-829
-777
-706
-623
-529
-423
-300
-175
-49
84
215
334
444
542
611
660
682
684
667
629
566
497
428
344
264
188
110
44
-21
-75
-126
-156
-180
-179
-161
-125
-70
1
84
166
254
326
383
417
433
427
394
330
247
156
52
-62
-184
-306
-421
-528
-628
-708
-771
-815
-828
-824
-804
-767
-711
-639
-547
-452
-350
-227
-96
38
167
299
416
521
608
673
712
722
710
685
647
590
520
453
377
288
206
116
36
-47
-119
-173
-207
-228
-221
-183
-126
-59
15
107
189
265
318
357
372
366
335
292
237
165
84
-4
-94
-193
-292
-398
-495
-585
-660
-721
-763
-791
-799
-782
-752
-709
-645
-568
-467
-355
-238
-110
21
158
279
391
484
560
620
656
673
664
645
613
569
505
443
369
289
209
117
40
-34
-106
-168
-194
-205
-198
-169
-123
-49
20
102
178
255
317
351
368
363
338
281
221
145
50
-43
-139
-232
-329
-425
-517
-587
-642
-693
-719
-727
-714
-690
-646
-589
-522
-441
-355
-263
-166
-62
36
132
219
304
374
435
483
515
543
558
553
541
516
480
438
389
326
264
200
125
66
5
-41
-78
-92
-87
-62
-18
32
102
169
231
278
314
326
325
294
246
189
105
15
-82
-176
-277
-367
-448
-509
-564
-601
-623
-622
-608
-595
-566
-528
-487
-443
-391
-330
-266
-204
-136
-60
21
90
158
224
286
342
387
426
466
496
510
515
516
500
473
425
367
306
228
140
59
-1
-49
-88
-103
-99
-68
-25
17
64
108
146
173
196
194
170
134
93
44
-28
-104
-180
-241
-311
-376
-428
-460
-473
-477
-463
-446
-415
-388
-363
-335
-309
-293
-271
-242
-211
-169
-121
-72
-12
56
118
177
241
294
342
380
410
433
447
440
427
407
375
328
269
216
151
83
22
-17
-45
-52
-49
-23
15
53
90
122
145
155
154
138
115
83
48
7
-35
-89
-145
-195
-245
-289
-328
-358
-368
-371
-363
-349
-337
-316
-301
-286
-270
-250
-233
-206
-173
-139
-93
-48
-1
58
114
170
228
274
309
339
360
361
355
336
312
284
251
211
168
135
89
52
27
11
-2
4
18
42
75
100
123
143
159
166
168
146
123
99
68
27
-14
-58
-102
-150
-190
-227
-256
-282
-308
-327
-336
-341
-345
-340
-336
-324
-308
-282
-257
-230
-203
-169
-126
-79
-36
6
53
96
143
182
218
242
261
279
285
280
273
250
227
207
181
156
135
114
98
93
82
78
79
83
97
115
124
124
135
136
128
112
91
64
33
7
-26
-64
-97
-126
-159
-181
-208
-234
-252
-263
-275
-278
-282
-280
-268
-258
-243
-232
-216
-206
-199
-173
-156
-138
-106
-71
-28
16
54
91
130
160
175
200
221
227
233
238
243
238
234
229
220
210
196
189
184
174
165
160
162
158
149
142
134
116
96
81
46
17
-17
-50
-90
-124
-151
-183
-211
-237
-254
-271
-290
-299
-298
-293
-286
-274
-251
-223
-202
-188
-168
-161
-142
-129
-118
-107
-93
-76
-46
-14
9
43
72
104
136
159
177
199
217
231
237
238
244
248
244
240
239
242
240
231
215
200
182
156
130
105
73
52
33
9
-11
-29
-41
-56
-78
-100
-113
-132
-148
-163
-179
-195
-206
-207
-211
-214
-215
-202
-195
-181
-162
-155
-152
-152
-146
-143
-145
-153
-136
-118
-109
-95
-67
-40
-12
16
44
76
102
128
148
180
198
209
223
238
249
253
266
256
240
225
223
196
164
142
120
107
92
74
64
68
51
36
27
21
-15
-38
-46
-63
-86
-108
-114
-125
-119
-128
-137
-142
-150
-152
-142
-143
-155
-150
-151
-157
-159
-157
-169
-176
-171
-178
-176
-163
-147
-129
-109
-75
-43
-16
7
38
63
75
85
102
116
130
157
175
186
204
217
219
211
213
204
184
177
181
172
158
147
140
129
116
99
73
46
27
0
-38
-58
-68
-90
-113
-114
-113
-114
-121
-116
-112
-111
-112
-110
-107
-120
-130
-135
-139
-148
-163
-173
-162
-151
-160
-157
-142
-126
-117
-96
-81
-66
-45
-23
-11
3
25
39
49
72
105
129
152
164
187
212
212
215
217
217
213
207
202
189
177
159
139
116
92
60
34
2
-35
-63
-84
-106
-136
-155
-162
-170
-172
-171
-169
-156
-135
-121
-118
-97
-74
-62
-65
-57
-48
-56
-57
-57
-54
-51
-44
-40
-31
-28
-28
-19
-6
-10
-16
-2
22
35
56
68
88
112
119
124
137
146
152
159
170
174
169
171
179
158
144
139
121
94
70
44
7
-13
-29
-55
-91
-108
-132
-153
-165
-189
-200
-193
-183
-167
-143
-126
-116
-92
-71
-69
-61
-51
-49
-35
-32
-29
-7
7
2
5
18
18
18
12
2
10
23
26
40
75
79
80
104
122
116
112
104
106
101
85
82
92
81
76
80
76
70
49
34
11
-1
-10
-38
-69
-76
-81
-109
-127
-133
-149
-153
-155
-173
-186
-170
-131
-111
-101
-89
-63
-39
-29
-40
-39
-24
-17
-11
-7
-8
0
22
21
24
34
48
55
62
67
77
90
91
103
114
113
116
132
118
99
115
126
115
102
111
107
95
87
83
59
48
32
19
10
-2
-14
-30
-51
-75
-72
-76
-101
-112
-112
-115
-123
-126
-116
-119
-132
-130
-94
-79
-102
-105
-72
-64
-85
-80
-49
-34
-33
-19
7
21
36
44
44
65
88
70
70
91
79
70
83
93
76
72
95
97
87
88
80
83
91
82
64
62
76
60
36
32
38
26
14
12
5
-21
-30
-41
-79
-95
-85
-92
-119
-119
-107
-101
-112
-117
-113
-98
-86
-81
-58
-49
-61
-66
-53
-58
-55
-48
-36
-8
13
36
55
78
88
88
90
92
84
66
75
72
50
36
43
42
23
26
12
0
-5
-4
-19
-36
-39
-25
-17
-10
6
13
9
21
26
6
-5
6
8
-1
-2
-22
-27
-12
-12
-37
-27
-4
-23
-34
-24
-30
-48
-55
-65
-77
-56
-53
-46
-36
-27
-32
-25
-6
-11
-8
21
43
31
50
89
91
72
90
92
68
50
54
47
24
18
24
25
18
27
25
12
-4
-12
-9
-16
-26
-12
-10
-26
-14
-1
-5
8
9
-14
-18
6
7
3
-6
-6
1
12
7
-11
1
-1
-25
-25
-22
-43
-36
-20
-12
-25
-16
4
5
1
9
7
-3
1
-5
-13
0
14
16
15
26
41
39
32
30
37
44
39
37
28
25
26
11
-13
-9
2
-3
-12
-5
2
5
-5
-13
0
-15
-31
-31
-17
-39
-48
-36
-26
-34
-36
-24
-32
-34
-27
-24
-33
-31
-39
-40
-28
-17
-10
-3
-3
-5
6
1
-18
-18
-14
-24
-28
-17
-6
-11
-4
6
11
10
18
23
21
28
28
26
24
27
29
26
26
31
24
8
17
23
16
21
29
31
31
39
42
34
19
8
9
7
4
6
4
-6
-4
5
-4
-21
-26
-32
-36
-35
-32
-21
-14
-12
-13
-11
-11
-13
-22
-23
-24
-27
-21
-27
-35
-35
-29
-23
-30
-29
-15
-2
1
3
13
14
6
5
10
18
30
39
37
40
52
50
23
21
28
21
9
18
39
32
38
49
46
40
50
53
41
25
6