0
1
-1
0
1
0
0
1
0
0
1
0
0
1
0
0
0
-1
1
1
0
0
-1
0
0
-1
0
-1
0
0
1
1
0
1
0
0
0
0
0
0
0
0
1
0
0
-1
0
0
0
0
-1
-1
1
-1
-1
0
-1
0
-1
0
0
0
0
0
0
0
1
0
0
1
0
0
0
-1
0
1
0
0
1
0
0
0
0
0
0
0
1
0
-1
0
-1
1
0
0
1
1
-1
0
0
0
0
0
0
0
0
0
0
0
1
0
-1
0
0
0
-1
-2
-1
-1
0
-1
0
-1
-1
0
-1
0
0
0
1
1
0
1
0
0
1
1
0
1
0
1
1
0
0
0
0
0
0
0
2
2
2
1
2
2
2
2
2
0
1
-1
-1
-1
-1
-2
-2
-1
-1
0
1
0
1
0
1
0
0
1
0
0
1
0
1
-1
-2
-1
-2
-2
-4
-2
-3
-3
-3
-2
-3
-2
-3
-3
-4
-5
-4
-5
-4
-3
-2
-2
2
2
2
4
5
5
4
3
4
3
3
3
3
5
4
4
6
7
6
5
6
5
5
2
2
1
2
-1
-2
-2
-3
-4
-4
-6
-7
-7
-8
-9
-9
-7
-9
-7
-6
-6
-6
-3
-3
-2
1
1
2
3
5
6
5
6
7
8
5
8
8
8
6
7
6
5
3
2
2
-2
-1
-4
-4
-4
-5
-7
-7
-6
-8
-9
-6
-5
-6
-5
0
5
5
7
10
13
10
10
10
10
5
3
2
0
0
-3
-3
-4
-2
-6
-4
-4
-6
-9
-8
-6
-9
-6
-7
-5
-3
-2
-3
0
4
4
5
7
11
12
13
14
16
14
13
11
8
3
-2
-4
-7
-12
-15
-15
-15
-16
-16
-12
-12
-9
-4
-1
-3
2
3
4
5
6
7
7
12
12
15
17
20
18
18
19
14
10
10
5
1
-2
-5
0
-2
-5
-4
-1
-5
-6
-12
-19
-25
-30
-40
-47
-50
-53
-54
-52
-46
-33
-20
-2
3
17
29
43
52
50
51
56
73
83
95
97
115
130
135
129
116
99
75
49
0
-45
-76
-100
-131
-149
-166
-158
-144
-143
-138
-143
-118
-118
-115
-112
-106
-107
-90
-69
-63
-35
-21
-3
-3
13
18
24
17
4
32
41
51
42
51
59
91
125
122
118
139
187
207
189
166
184
204
199
156
132
116
116
116
85
40
-1
21
35
37
-6
-11
19
45
37
32
22
32
49
29
16
-3
-9
-8
-13
-34
-39
-68
-106
-156
-195
-275
-337
-379
-426
-436
-432
-433
-424
-306
-201
-178
-152
-28
75
87
83
114
131
151
196
193
176
210
282
293
303
261
227
206
163
71
33
15
-45
-82
-96
-64
-73
-63
-67
-64
-33
-14
-26
-40
-23
-45
-60
-32
-32
-61
-75
-60
-30
-17
-30
-36
-12
5
-39
-70
-134
-177
-247
-296
-376
-445
-474
-461
-436
-423
-306
-203
-89
24
190
349
446
532
573
633
611
594
578
502
440
383
366
304
240
234
176
123
113
121
86
51
87
88
134
167
176
124
123
122
73
-15
-89
-145
-173
-246
-320
-333
-348
-404
-427
-394
-418
-438
-428
-395
-349
-322
-322
-280
-173
-88
-55
-10
60
114
168
205
214
222
247
277
243
192
107
51
-41
-87
-144
-216
-258
-231
-181
-147
-118
-38
49
101
94
94
138
160
103
59
74
123
204
217
221
235
350
403
364
293
254
259
192
90
3
-24
-55
-64
-82
-79
-89
-122
-138
-126
-101
-113
-109
-83
-42
-56
-114
-120
-95
-124
-144
-133
-97
-36
47
90
125
147
177
184
157
49
-27
-56
-123
-217
-346
-353
-325
-263
-238
-309
-344
-282
-275
-415
-614
-796
-875
-976
-1144
-1284
-1385
-1391
-1311
-1202
-1138
-966
-672
-331
96
611
1055
1447
1987
2572
2864
2942
3121
3294
3398
3330
3090
2733
2550
2334
1918
1416
1048
560
50
-408
-900
-1474
-2116
-2645
-3223
-3713
-4192
-4625
-5192
-5536
-5734
-5824
-5926
-5846
-5525
-4862
-3900
-2755
-1486
45
1835
3715
5351
6677
7732
8693
9388
9603
9067
8072
7310
6727
5743
4387
3180
2316
1875
1460
789
-206
-691
-1008
-1423
-2354
-3228
-4382
-5302
-6102
-6619
-7923
-8698
-9086
-8483
-8668
-8933
-8507
-7245
-6328
-5522
-4756
-3630
-2215
-990
252
976
2598
3521
5200
5923
7435
7448
8507
9222
10075
9302
9535
9779
9394
8024
7255
6902
5304
3751
2199
1468
-286
-1472
-3066
-3927
-4964
-5722
-6543
-6926
-7340
-8076
-8070
-7766
-7641
-8442
-7466
-6485
-5549
-5503
-3768
-2448
-989
163
1040
1621
2471
3212
2890
2318
1519
1501
914
1058
91
297
799
2350
2653
3663
4869
5882
6869
7772
8420
8146
7637
6890
6532
5237
3835
1916
415
-641
-1312
-1987
-3368
-3677
-4006
-3396
-3906
-3809
-4996
-5348
-5735
-5596
-6986
-8038
-8586
-8276
-7921
-7258
-6277
-5323
-3206
-844
1728
3418
5193
6411
7983
9101
9236
8210
6934
6061
4803
3442
653
-1915
-3540
-3930
-5400
-7150
-8610
-8115
-7613
-6906
-6888
-6269
-4517
-1982
-196
1102
3184
4680
6707
8436
9829
9407
10199
10584
10780
9616
9165
7940
7011
6371
5766
4485
3235
2528
1454
702
-615
-2140
-4183
-5388
-6840
-8457
-10372
-11724
-12882
-13352
-13101
-12856
-12342
-11183
-8948
-6657
-4208
-1997
253
2100
4390
6040
6989
6849
7285
7098
7158
6104
3736
1665
1217
285
-2009
-4135
-5156
-4781
-4669
-4004
-3796
-1794
63
2921
4788
7292
8088
8879
10070
11327
10083
8080
6893
6258
4621
2724
1326
-183
-1209
-1344
-906
-1636
-2331
-2366
-1855
-1614
-2260
-3482
-4544
-4772
-5558
-6846
-8117
-8857
-9914
-9487
-8600
-7725
-7425
-5412
-2782
-224
1762
3963
5614
6831
7483
8045
7180
5920
3960
1358
-601
-1611
-3466
-6243
-7436
-7338
-6722
-6441
-5204
-4825
-2276
640
3918
4713
7212
9096
10498
11418
12604
11796
10154
9666
9251
7663
5357
4222
2515
1418
930
770
-733
-1692
-1598
-1821
-2162
-3234
-4545
-6461
-6731
-7719
-9513
-11527
-11993
-12619
-12395
-11552
-10506
-9482
-7330
-4085
-1537
835
2826
4855
5789
7075
7330
6944
5353
3477
1850
825
-712
-3193
-5220
-5617
-4651
-4502
-4316
-3707
-1345
1182
4182
5853
7585
9099
11200
12799
13427
12856
12464
12264
11504
10046
8373
6721
4685
2927
1433
106
-1618
-3374
-4565
-5184
-5862
-7077
-7928
-8574
-9299
-9895
-10227
-11078
-12228
-12728
-12146
-11502
-10953
-9962
-8116
-5831
-3291
-547
1773
3760
5420
7223
8356
8795
7526
5452
3913
2829
481
-2788
-5491
-6775
-7175
-7063
-7117
-6878
-4787
-1349
1893
4185
6959
9435
11902
14137
15662
15607
15805
16476
15891
14110
12835
11805
9726
7285
5320
3407
1089
-1042
-3236
-5190
-6651
-7926
-9369
-10439
-10943
-12029
-12997
-13460
-14182
-15789
-16116
-15697
-15421
-14871
-12884
-10596
-8197
-5046
-1541
1358
3900
6355
8338
9545
9419
8398
6866
5486
3503
809
-2011
-3716
-4921
-5301
-5576
-4726
-3918
-1418
1607
4750
6606
9071
11732
13863
15142
16054
16401
16640
17196
16136
14373
12913
11995
9525
6931
4374
1768
-923
-3026
-5596
-8400
-9991
-10814
-12242
-13092
-13461
-14396
-15279
-14849
-15054
-16268
-16408
-15167
-14296
-13164
-10825
-8383
-6042
-2903
521
3409
5477
7457
8452
8707
8292
7245
5214
3204
1044
-1149
-3006
-3820
-4716
-5661
-4947
-3365
-1801
-452
2576
4899
6675
9215
12249
13587
14496
16515
17879
18138
18689
18766
16480
14919
14278
12118
8107
4929
1968
-1861
-3730
-6858
-10574
-13172
-12170
-14034
-15388
-14852
-14723
-16972
-15896
-13937
-15806
-17227
-15164
-13495
-14075
-11591
-8934
-7431
-5474
-846
1974
3985
6089
7144
7496
8285
8093
5255
3126
1941
132
-2201
-2610
-3559
-4667
-3706
-504
571
1252
4137
7576
9134
10866
13240
14545
15259
16994
18181
18250
18937
18476
15983
14300
14094
11406
6454
2710
-44
-3662
-6375
-9145
-13016
-15491
-14479
-14337
-15574
-15180
-14686
-15353
-14436
-12497
-14044
-16038
-14715
-12820
-13092
-11823
-9400
-8277
-6323
-1672
2197
3052
4391
6558
8438
9138
8940
6450
4432
3997
3331
636
-1537
-2359
-2955
-2210
-488
112
-381
2241
6105
7954
8566
11135
13689
15336
17264
19168
19826
20581
20544
18104
16057
15266
12231
6128
1756
-998
-4999
-8683
-11642
-14822
-16703
-15329
-14646
-15435
-14530
-13725
-14286
-13466
-12001
-14444
-16930
-15652
-14448
-15579
-14537
-11990
-11064
-8613
-3624
-261
465
2801
5861
7884
8495
8161
6596
5861
5996
4773
2573
1243
907
566
1333
2195
1963
2224
5165
8278
8994
10384
13478
16364
17675
19976
21657
22510
22954
21974
18724
16238
14634
9834
3117
-1815
-4946
-9956
-13260
-16746
-19279
-20795
-18418
-18105
-17633
-15990
-15097
-15086
-12776
-11549
-14895
-15900
-13664
-13441
-15329
-13079
-11037
-10739
-8159
-3820
-1970
-470
3211
5436
6607
8012
8866
7928
7894
7546
6074
5033
4907
3631
2328
2905
3016
2346
3071
5788
7385
9127
12480
16508
18642
21602
24949
26675
27193
26318
23268
19469
16966
12071
3841
-3301
-7399
-12713
-17568
-21024
-23700
-25753
-23556
-21024
-20302
-17794
-15276
-14570
-12709
-9355
-11385
-14600
-13129
-11956
-14695
-14354
-11448
-12618
-12598
-7285
-2761
-2682
57
3913
6807
9265
11445
9916
8910
10520
10456
7667
6097
5303
2799
2310
3542
2527
806
3925
8473
10545
12838
18115
21979
24850
28416
31397
31454
28844
25160
21483
18253
11483
1512
-6404
-10531
-16321
-21871
-25672
-27607
-29300
-26615
-23209
-21079
-19017
-16947
-15065
-11868
-9695
-12926
-15406
-13685
-13522
-16468
-15136
-12971
-15204
-14128
-6781
-2334
-2788
862
6626
10247
12783
15250
13782
12733
14340
14525
10708
8152
6176
3560
2930
3332
1126
-496
3664
8326
10028
13061
19260
22679
25266
29237
32445
30920
27424
24205
20476
15797
7932
-1729
-9648
-13862
-19413
-24519
-28260
-29086
-29945
-26634
-23222
-20447
-18919
-16765
-14254
-11082
-10204
-13472
-14951
-13406
-13558
-15568
-13296
-12205
-13961
-10891
-2761
266
-161
4393
10597
13741
15615
16831
14960
14158
15189
13644
9005
5801
3162
753
258
-789
-3431
-2979
2276
6079
8090
12555
18928
22233
25550
29465
32082
30356
26669
23165
19696
14790
6487
-2568
-9179
-13440
-18310
-22634
-25701
-26782
-26578
-23151
-20646
-18297
-16767
-15472
-13801
-10893
-11267
-15303
-16262
-14608
-15910
-17191
-13686
-12552
-13901
-9725
-1630
681
1121
5685
10455
12556
14851
15530
12931
11858
13017
11339
7368
4899
2648
466
764
534
-1814
-1211
3921
7447
9771
14388
19921
22505
26171
30217
31411
29650
27019
23177
18607
14637
7515
-2297
-9168
-12243
-17400
-22434
-25232
-26200
-27378
-24357
-21756
-20642
-19473
-17089
-16049
-14144
-12735
-15314
-17780
-15647
-14479
-16272
-14372
-10984
-11141
-9086
-1509
2978
2644
5557
10857
13579
14651
15511
13541
11906
12815
11996
8180
5429
4283
2120
1666
1882
198
-965
3076
7173
8886
11462
17071
20444
22936
26511
28783
28102
25513
22580
18727
15349
9617
839
-6501
-9587
-14197
-19624
-23209
-24347
-26214
-24731
-21970
-20839
-19956
-17874
-16400
-14768
-12725
-14321
-17090
-15841
-14091
-15724
-15128
-11591
-11169
-10487
-4417
1295
1400
3399
8340
11569
12675
14284
13566
11663
12197
12534
9585
6757
5797
4060
2664
2919
2000
187
2145
6232
8041
9751
14334
18499
20828
24286
27136
27697
26689
24408
20640
17191
13981
6362
-2255
-6797
-10136
-16417
-21352
-23445
-25610
-26908
-24284
-22836
-22203
-20644
-18467
-17414
-14704
-14035
-16963
-17502
-14473
-14851
-16353
-12942
-10551
-11152
-7707
-187
1913
2576
7011
11657
12876
14617
15717
14033
12904
13679
12253
9295
7740
5991
3788
3635
3524
1313
826
4188
6404
7261
10256
14878
16792
19294
23033
24773
24352
23670
21316
17315
14762
10908
2876
-4496
-7535
-12386
-18000
-21614
-23450
-26664
-25404
-22805
-22480
-21445
-18080
-17087
-16123
-12468
-12696
-16384
-15206
-12043
-14234
-14747
-10613
-9746
-10376
-5071
1113
1689
3792
8817
11727
12955
15446
15117
12657
12842
13532
10697
8066
7210
5129
3350
3994
3412
916
1679
5360
6656
7381
10841
14779
16218
19078
22537
23373
23232
22893
19843
15681
14098
9860
986
-5709
-8137
-13367
-18797
-21982
-24067
-27143
-24890
-22584
-22392
-21024
-17733
-17237
-15372
-11780
-13176
-16701
-14199
-11557
-14539
-14077
-9714
-9784
-10434
-3907
1618
1396
3720
9622
12664
13894
16200
15891
14275
15065
15270
12092
9718
8918
6589
4939
5296
3754
825
2302
5952
6172
6251
10206
14111
14764
17369
20721
21153
20512
20455
17444
12826
10929
7133
-1406
-7945
-9995
-14879
-20103
-22471
-23752
-26932
-24431
-21441
-21202
-20190
-16143
-15245
-14224
-10872
-11327
-14850
-13016
-10000
-12557
-12741
-8381
-7461
-8464
-3021
2928
3280
4924
10325
13480
14228
16052
16164
14244
14093
14280
11555
8858
7841
5934
3970
4263
3271
472
1348
5131
5796
5762
9589
13512
14139
16378
19821
20108
19135
18554
15775
11332
9294
5084
-2662
-8401
-10375
-15044
-19487
-21363
-22865
-25271
-22637
-19992
-20000
-18588
-14954
-14423
-13348
-10046
-10906
-14275
-12222
-9388
-11842
-11846
-7815
-6850
-7025
-1695
3317
3772
6130
11253
13608
14030
15861
16025
14341
13729
13399
10864
8902
7654
5541
3836
3693
2388
234
1016
3297
3399
4088
7714
10760
11439
13883
17128
17646
17514
17658
14861
10728
9205
6385
-1063
-7102
-9139
-12860
-17303
-19670
-21074
-23045
-21135
-18915
-18560
-16720
-13686
-13652
-12359
-8651
-9710
-13459
-11397
-8761
-11715
-12066
-7527
-7084
-8068
-2818
3045
3410
5238
10202
13149
13931
15625
15697
14255
13763
13265
11123
9348
7757
5386
4261
4300
2373
-123
711
2520
2282
2788
6135
8645
9522
11886
15241
15411
15349
16546
15069
10176
8015
7153
1470
-5853
-8905
-11008
-15448
-18583
-19795
-21044
-21018
-18519
-17408
-15757
-13009
-12129
-12176
-8720
-7526
-11343
-12172
-8631
-9553
-12328
-9167
-6107
-7467
-5805
921
3667
3719
7252
12028
13222
14002
15527
15452
13969
13446
12856
10960
8925
7067
5384
4192
3178
933
-505
511
1999
1840
3300
6646
8812
9679
12601
15078
14621
14700
15231
12173
7809
6834
4157
-2915
-8483
-9950
-13467
-17502
-19060
-19721
-21098
-19206
-16354
-15496
-13741
-11204
-10790
-9887
-6862
-7980
-11228
-9778
-7438
-9953
-10463
-6386
-5570
-6584
-2279
3332
3536
4816
9461
12416
12629
14456
15463
14072
13333
13346
11660
9276
8016
5638
3469
2991
1801
-1556
-1528
1297
1670
1161
4806
8521
8910
10468
14300
14630
13362
14472
13437
8250
5496
4992
-247
-7366
-10003
-11913
-16165
-18353
-18701
-20036
-19482
-15949
-14661
-13616
-10448
-8940
-9649
-6835
-5217
-8795
-10361
-7017
-7353
-10191
-7652
-4476
-5575
-4119
2444
4741
4185
7454
12170
12800
13263
14647
14029
12543
12678
11477
8586
7007
5743
3201
2008
1628
-1196
-2859
-448
1027
-494
1404
5762
6987
7006
10764
12878
11630
12192
13560
10059
6020
6012
3571
-3277
-7825
-8861
-12504
-15917
-17187
-17949
-18787
-16042
-14173
-13481
-10716
-7750
-8425
-7027
-3477
-5091
-8722
-6354
-4148
-7710
-8219
-3919
-3509
-5133
-745
4096
3852
4875
9432
11618
11704
13381
13730
12194
11927
11787
8917
6840
5979
3431
714
787
-572
-3857
-3539
-710
-1145
-1686
2274
5113
5226
7373
11410
11070
10858
13026
12390
7587
6152
5917
940
-5213
-7403
-9579
-13593
-15324
-15984
-17210
-16628
-13681
-12537
-10692
-7395
-6476
-6892
-3683
-2116
-5623
-6870
-3926
-5045
-8078
-5721
-2996
-4900
-4254
1227
3711
3361
6096
9825
10844
11753
13008
12495
11242
10593
8964
7057
5641
3103
341
164
-112
-2877
-4128
-1859
-1214
-2005
133
3554
3914
4945
8442
10359
9546
11019
13116
10932
7380
6788
6077
1080
-4144
-6806
-8774
-12035
-14189
-15477
-15705
-15238
-13430
-11917
-9096
-6997
-6732
-5966
-2499
-2075
-5277
-5727
-3539
-5114
-7351
-4925
-3350
-5277
-4431
721
2729
2504
4975
8612
9875
10814
12197
12010
10740
10002
9103
7360
5185
2538
443
-265
-1341
-3696
-4653
-3253
-2680
-2330
-171
2734
3638
5543
8733
10564
10108
11509
13192
10916
7298
6376
5507
255
-4878
-7237
-9122
-12551
-14164
-14568
-14855
-14271
-11704
-9652
-7421
-5133
-4340
-3545
-804
-696
-4124
-4838
-2972
-4965
-7505
-5356
-3833
-5717
-4142
762
2003
2058
5516
8952
9227
10046
11390
10959
9547
8558
6913
5179
3456
774
-1332
-1526
-2685
-5101
-5008
-3211
-3237
-2839
474
3361
3955
6212
9822
11149
10539
12062
13489
10945
7101
6094
5117
277
-4634
-6777
-8342
-11390
-12730
-12767
-12600
-12260
-10183
-8273
-5953
-4212
-3716
-3063
-850
-1053
-3827
-4424
-3333
-5195
-7066
-5241
-3993
-5137
-3641
541
2101
2564
5382
8362
8947
9219
9878
9626
8358
6788
5145
3603
1829
-586
-2116
-2726
-4000
-5699
-5316
-4213
-3958
-2987
-115
2445
3784
6362
9238
10759
10725
12087
13032
11557
8019
6309
5273
2093
-2654
-5452
-6761
-8913
-10611
-10841
-10533
-10636
-9253
-7242
-5303
-4059
-3486
-3217
-1706
-1144
-3460
-5157
-4287
-4805
-7186
-6480
-4262
-4583
-4695
-901
2236
2227
3521
6926
8411
7621
8010
8572
7333
5174
4255
3219
1301
-753
-1692
-2374
-3333
-4502
-4920
-4013
-2945
-2235
-610
2373
4526
6195
8715
11146
11260
11658
13294
12575
8691
6654
6601
3583
-1642
-4299
-5124
-7674
-9635
-9960
-9904
-10377
-8902
-7462
-5945
-4460
-3618
-3895
-2355
-1184
-3552
-5346
-4006
-4473
-7522
-6615
-4107
-5096
-5636
-1586
1122
732
2733
6233
6881
6540
8140
8219
6581
5255
4519
2701
1239
-360
-2122
-2868
-3005
-4367
-5308
-3838
-2799
-2638
-837
2577
3908
4964
7890
10542
10323
10377
12170
12196
9038
6911
6670
4588
186
-2490
-3460
-5430
-7696
-8057
-7805
-8361
-8004
-6563
-5088
-4085
-3430
-3487
-2708
-1782
-3095
-4985
-4703
-4735
-6861
-7040
-5157
-5371
-6108
-3457
-574
-427
577
3578
5114
4841
5721
6519
5685
4305
3657
2681
1330
-25
-1109
-1648
-1983
-2922
-3480
-2584
-1651
-1406
-124
2596
4190
4998
7188
9776
10168
9970
11641
12527
10198
7887
7776
6616
2613
-634
-1845
-3665
-6329
-7462
-7625
-8286
-8439
-7379
-6205
-5059
-4203
-4142
-3611
-2333
-2925
-4876
-4977
-4591
-6447
-7457
-5793
-5550
-6700
-5072
-2105
-1696
-1064
1528
3250
3283
4462
5668
5149
4399
4231
3596
2549
1884
624
-377
-575
-1171
-2532
-2319
-1311
-1461
-1014
1444
3322
3615
5581
8429
9291
9029
10714
12243
10638
8340
7860
7240
3898
576
-1260
-2940
-5427
-6705
-7176
-7736
-8009
-6992
-5881
-4689
-3638
-3323
-3102
-1846
-1873
-3787
-4545
-4164
-5640
-7363
-6456
-5827
-6936
-6155
-3499
-2701
-2316
130
2137
2466
3479
5038
5194
4777
4535
3959
3237
2657
1321
76
-156
-843
-2139
-2075
-1302
-1686
-1256
1078
2741
3122
4855
7590
8627
8740
9868
11305
11005
9174
7752
7017
5659
2476
-447
-2182
-3573
-5710
-6839
-7078
-7460
-7813
-6620
-5074
-4399
-4162
-3607
-2832
-2670
-3425
-4555
-5136
-5847
-6977
-7313
-6779
-6825
-6843
-5355
-3389
-2470
-1455
405
2313
3229
4022
4804
5437
5145
4667
4293
3869
2751
1696
1189
565
-533
-1279
-1028
-830
-885
-9
1629
2955
3937
5820
7460
8400
9120
10402
11016
9949
8253
7349
6724
4113
837
-1237
-2420
-4741
-6152
-6612
-7043
-7796
-6633
-5390
-4707
-4024
-3251
-3265
-2940
-2638
-4010
-5465
-5820
-6458
-8072
-7933
-7343
-7659
-7431
-5141
-3542
-2746
-978
1232
2413
3504
5017
5562
5421
5212
5235
4552
3865
2830
2000
1151
596
-250
-716
-794
-705
-218
917
2443
3273
4549
6387
8063
8443
9134
10446
10418
8411
7154
6938
5218
1976
-344
-1601
-3583
-5117
-5763
-6401
-7291
-6538
-5483
-5007
-4187
-3295
-3659
-3732
-2610
-3466
-5726
-6311
-6009
-7727
-8578
-7389
-7197
-7925
-6108
-3205
-2451
-1538
745
2801
3612
4986
5680
5455
5160
5251
4530
3616
2763
1570
748
657
19
-1271
-1308
-677
-613
-232
1226
2373
3004
4642
6447
7175
7484
8880
9827
9010
7530
7056
6600
4607
2131
329
-854
-2545
-3633
-4572
-5118
-5629
-5092
-4936
-4228
-3685
-3869
-4609
-3801
-3800
-5655
-6928
-6567
-7477
-9018
-8409
-7547
-8032
-7578
-5017
-3446
-2727
-968
1402
2894
4000
5148
5899
6310
6235
5892
5518
5031
3786
2703
2346
1686
306
-506
-224
-439
-628
235
1661
2189
3077
4951
6223
6494
7270
8690
8747
7372
6435
6213
5087
2707
700
-759
-2173
-3501
-4393
-5243
-5800
-5604
-5279
-4936
-4136
-3765
-4409
-4309
-3416
-4493
-6295
-6531
-6564
-8315
-8797
-7733
-7718
-8109
-6064
-3503
-2907
-1749
919
3169
3771
4907
5893
6430
6185
6067
5466
4915
3957
2934
2295
1868
695
-513
-452
-360
-905
-726
599
1375
1896
3517
5116
5603
6209
7687
8752
8365
7270
6703
6590
5568
3101
991
62
-1049
-2683
-3804
-4207
-5058
-5416
-5084
-4368
-4499
-4877
-5190
-4629
-4815
-6155
-7280
-7330
-8038
-9259
-8945
-8104
-8076
-7730
-5376
-3268
-2078
-452
2017
3722
4781
5989
6780
6893
6556
6402
5802
5086
3924
3050
2268
1692
459
-496
-693
-741
-1194
-956
303
1081
1697
3014
4722
5320
6009
7423
8564
7670
6641
6691
6635
4540
2183
1027
46
-1625
-2902
-3541
-4307
-4826
-4828
-4589
-4139
-4053
-4817
-5093
-4310
-5133
-7111
-7678
-7482
-9096
-9972
-8732
-8161
-8678
-6961
-3800
-2541
-1455
1279
3875
4795
5985
7122
7385
7113
7108
6305
5380
4589
3581
2378
1971
1161
-444
-1076
-578
-1155
-1821
-642
588
648
1610
3775
4619
4871
6241
7910
7836
6961
6761
6753
5873
3918
2198
985
-101
-1674
-2916
-3599
-4190
-4872
-5130
-4621
-4301
-4853
-5518
-5049
-5028
-6535
-7645
-7571
-8418
-9835
-9303
-8242
-8448
-7878
-5285
-3111
-2047
127
2634
4360
5541
6910
7338
7487
7432
6937
6057
5406
4291
3056
2500
1816
171
-934
-855
-1325
-2271
-1811
-746
-377
309
2169
3461
4180
5452
7132
7868
7601
7286
7081
6778
5373
3343
1637
706
-713
-2291
-3336
-3814
-4528
-4904
-4672
-4111
-4335
-5015
-5129
-4680
-5531
-7075
-7661
-7915
-9153
-9634
-8642
-8232
-8184
-6513
-3868
-2169
-436
1749
3710
5277
6843
7480
7466
7512
7297
6531
5688
4706
3263
2322
1739
673
-843
-1490
-1851
-2316
-2391
-1715
-1112
-431
1018
2622
3831
4796
6208
7507
8199
7676
7141
7017
6660
4695
2491
1439
502
-1155
-2713
-3190
-3901
-4591
-4893
-4344
-4209
-4710
-5380
-5132
-5020
-6341
-7594
-7780
-8137
-9350
-9056
-7940
-7699
-7283
-4859
-2166
-922
739
3226
5335
6301
7314
7791
7843
7421
7014
6063
5012
3676
2506
1571
639
-718
-1928
-2377
-2745
-3182
-2941
-2032
-1341
-445
1226
2798
3909
5172
6743
7768
7943
7604
7218
7071
6091
4027
2205
1446
218
-1491
-2579
-2981
-3841
-4406
-4340
-3921
-4312
-4991
-5343
-5068
-5762
-7188
-7987
-8072
-8822
-9405
-8536
-7741
-7426
-6070
-3191
-1155
139
2035
4515
6143
6934
7471
7663
7516
6943
6181
5048
3803
2378
1396
519
-497
-1945
-2733
-2923
-2952
-3209
-2660
-1615
-645
476
2216
3895
4902
6093
7630
8782
8292
7689
7624
7553
5512
3373
2185
1253
-682
-2139
-2764
-3537
-4502
-4796
-4537
-4421
-4863
-5522
-5510
-5341
-6462
-7673
-7750
-7927
-9092
-9015
-7735
-7343
-6956
-4747
-2129
-914
744
3239
5198
6059
7060
7600
7542
7220
6654
5507
4408
3277
1926
780
-33
-1279
-2585
-2929
-2807
-3186
-3127
-1886
-581
272
1824
3725
5064
6033
7645
8936
8875
8144
7907
7743
6332
3974
2118
1015
-442
-2214
-3348
-3808
-4531
-5139
-4939
-4142
-4341
-5153
-5229
-4573
-5477
-7055
-7498
-7532
-8783
-9389
-8318
-7731
-7631
-5946
-2987
-1305
209
2611
4972
6195
7168
7742
7718
7370
6633
5376
4142
3029
1395
77
-541
-1401
-2868
-3317
-2928
-3146
-3273
-2138
-705
32
1415
3353
4726
5644
7105
8543
9107
8605
8083
7936
7531
5485
3145
1919
979
-912
-2559
-3026
-3807
-4810
-5059
-4413
-4552
-5242
-5652
-5427
-5656
-6830
-7709
-7919
-8361
-9240
-8753
-7756
-7342
-6566
-4159
-1757
-354
1455
3655
5409
6393
7332
7398
7178
6720
6118
4836
3697
2423
1107
83
-635
-1736
-2969
-3172
-3025
-3054
-2793
-1397
-188
895
2590
4530
5705
6621
8141
9320
9209
8335
7917
7697
6325
3901
2044
1109
-428
-2244
-3237
-3586
-4577
-5149
-4892
-4366
-4797
-5377
-5510
-5286
-6073
-7276
-7773
-7899
-8751
-9110
-8031
-7161
-6741
-5192
-2317
-447
861
2814
4996
6143
6727
7094
6935
6484
5701
4604
3340
2339
1049
-76
-723
-1384
-2596
-3108
-2737
-2739
-2848
-1756
-251
584
1868
3848
5325
6137
7429
8718
9224
8600
7957
7556
7033
4980
2686
1453
620
-1257
-2865
-3232
-3758
-4745
-4969
-4322
-4428
-5124
-5527
-5292
-5620
-6876
-7791
-7807
-8203
-9097
-8655
-7281
-6705
-6006
-3627
-877
409
1732
3875
5781
6437
6729
6723
6542
5956
5091
3775
2636
1520
441
-387
-915
-1804
-2842
-2822
-2338
-2328
-2165
-754
555
1533
3058
4910
5961
6759
8069
9026
8845
8025
7434
6984
5643
3370
1527
525
-864
-2663
-3696
-3958
-4653
-5266
-5128
-4520
-4770
-5474
-5668
-5331
-6115
-7459
-7770
-7669
-8483
-8813
-7478
-6491
-6076
-4482
-1644
87
1290
3057
4918
5945
6544
6622
6196
5972
5426
4262
3078
2422
1157
141
-112
-427
-1827
-2297
-1662
-1508
-1801
-788
641
1260
2405
4358
5608
6030
7186
8373
8566
7784
7300
6784
6064
4214
2185
907
57
-1618
-3339
-3696
-4077
-4952
-5469
-4684
-4665
-5515
-5989
-5450
-5822
-7336
-8018
-7759
-8214
-9082
-8230
-6916
-6544
-5642
-3074
-777
227
1693
3689
5237
5855
6245
6105
5960
5641
4958
3856
3033
2070
1088
631
201
-856
-1774
-1526
-1395
-1590
-1269
58
908
1845
3459
5075
5834
6699
7911
8455
8012
7319
6750
6020
4537
2479
824
-134
-1480
-3068
-3930
-4096
-4688
-5077
-4794
-4283
-4624
-5114
-5121
-5014
-5978
-7072
-7329
-7480
-8282
-8374
-7217
-6503
-5967
-4349
-1867
-273
1055
2604
4269
5351
6054
6010
5635
5385
5002
4089
2951
2147
1250
623
209
-204
-1036
-1385
-1118
-837
-667
-107
898
1694
2895
4226
5256
5818
6711
7545
7620
7033
6376
5892
4979
3331
1512
329
-761
-2153
-3462
-3955
-4426
-4869
-5086
-4607
-4462
-4788
-5149
-4863
-4980
-6005
-6743
-6701
-6944
-7662
-7149
-6200
-5668
-4906
-2707
-794
266
1693
3551
4829
5409
5964
5813
5585
5250
4620
3389
2639
1850
827
172
-4
-730
-1527
-1231
-885
-1013
-638
622
1325
2068
3438
4691
5155
5916
6889
7176
6623
6118
5552
4794
3393
1669
128
-873
-2045
-3418
-4189
-4448
-4800
-5106
-4766
-4212
-4296
-4673
-4573
-4331
-5086
-5994
-6195
-6383
-7100
-7132
-6182
-5660
-5104
-3622
-1480
-22
1375
2676
4152
5242
5970
5761
5472
5308
4737
3741
2868
2125
1001
450
275
-35
-826
-942
-603
-289
-100
471
1263
1931
2987
3969
4764
5228
6028
6565
6568
6058
5371
4869
4058
2554
669
-304
-1201
-2528
-3827
-4014
-4358
-4822
-4879
-4236
-4134
-4471
-4582
-4298
-4573
-5555
-6132
-6153
-6491
-7154
-6769
-5899
-5402
-4693
-2801
-1017
27
1231
2961
4254
4737
5084
5234
5165
4744
4157
3390
2710
1928
1186
812
472
-202
-726
-416
-209
-275
132
1200
1903
2541
3666
4731
5138
5508
6266
6642
5947
4997
4540
4165
2643
802
-290
-930
-2182
-3337
-3675
-3854
-4368
-4497
-3971
-3512
-3792
-4122
-3980
-3811
-4672
-5583
-5728
-5917
-6781
-6876
-5901
-5501
-5178
-3739
-1646
-566
713
2247
3625
4243
5000
5225
5043
4630
4171
3490
2832
2130
1166
658
503
33
-633
-623
-330
-394
-51
843
1544
1980
3084
4282
4750
4973
5738
6333
5917
5144
4631
4284
3221
1703
304
-381
-1376
-2508
-3351
-3485
-4008
-4243
-4074
-3468
-3616
-3934
-3964
-3691
-4201
-5234
-5663
-5820
-6441
-7021
-6421
-5950
-5686
-4703
-2722
-1359
-194
1391
2970
3950
4715
5335
5242
4983
4628
4139
3279
2583
1798
1080
716
353
-187
-617
-373
-330
-136
334
1240
1738
2543
3586
4493
4853
5408
6128
6202
5526
4822
4498
3766
2247
674
-230
-1029
-2197
-3179
-3532
-3773
-4102
-4053
-3595
-3236
-3448
-3729
-3676
-3762
-4672
-5558
-5832
-6354
-7068
-6999
-6192
-6045
-5454
-3875
-1893
-699
720
2216
3602
4593
5360
5406
5144
4969
4564
3767
2943
2302
1464
950
703
337
-329
-370
-106
4
108
789
1487
1953
2770
3847
4481
4747
5497
6193
5854
4987
4590
4331
3050
1305
75
-553
-1752
-2874
-3457
-3598
-4147
-4173
-3862
-3361
-3461
-3682
-3857
-3726
-4200
-5247
-5809
-5936
-6553
-7173
-6531
-6002
-5901
-5070
-2979
-1677
-615
1026
2775
3734
4640
5493
5550
5328
5112
4724
3857
3125
2294
1502
1055
620
-58
-498
-230
-276
-247
272
1129
1441
2159
3297
4109
4374
5004
5890
5947
5209
4609
4416
3613
2001
530
-333
-1252
-2360
-3074
-3336
-3685
-3861
-3570
-3006
-2741
-2910
-3141
-3044
-3188
-4162
-5037
-5380
-5947
-6800
-6760
-6254
-6264
-5831
-4315
-2756
-1795
-163
1514
2814
3766
5027
5376
5283
5168
5049
4293
3506
2802
1998
1290
847
383
-188
-305
-269
-144
147
804
1298
1890
2776
3596
3997
4411
5118
5449
4976
4354
3980
3609
2456
1071
-87
-711
-1643
-2413
-2977
-3185
-3518
-3412
-3151
-2823
-2864
-3048
-3265
-3273
-3762
-4764
-5416
-5718
-6281
-6734
-6298
-5968
-5764
-4743
-3005
-1892
-763
817
2300
3296
4403
5095
5116
5102
5152
4671
3864
3267
2553
1698
1233
836
195
-376
-207
-164
-86
269
1051
1470
2138
3040
3783
4004
4468
5145
4986
4282
3776
3679
2721
1418
285
-308
-1228
-2015
-2591
-2858
-3165
-3231
-3095
-2783
-2575
-2819
-3060
-3035
-3281
-4380
-5099
-5327
-5948
-6695
-6430
-5942
-5951
-5222
-3571
-2226
-1312
322
1832
2937
3887
4869
4945
4947
4979
4624
3803
3274
2733
1793
1304
1056
505
-247
-183
-85
-267
-83
595
1024
1424
2342
3150
3445
3904
4622
5025
4552
4076
3787
3529
2466
1172
275
-320
-1155
-1971
-2349
-2619
-2980
-3042
-2794
-2467
-2661
-3008
-3172
-3087
-3796
-4832
-5300
-5653
-6393
-6722
-6104
-5949
-5623
-4447
-2653
-1635
-264
1217
2520
3472
4550
4912
4714
4796
4700
4099
3332
2946
2209
1549
1222
907
239
-150
-67
-139
-73
273
812
1128
1896
2737
3284
3631
4302
4858
4808
4421
4024
3729
3052
2015
819
107
-628
-1401
-2143
-2431
-2797
-3048
-3139
-2903
-2881
-3236
-3569
-3705
-3975
-4889
-5560
-5978
-6403
-6874
-6619
-6166
-5826
-4966
-3532
-1975
-745
647
1852
3178
4183
4759
4658
4723
4683
4257
3611
3114
2512
1809
1488
1204
684
67
-48
-67
-114
-56
389
744
1265
1985
2727
3202
3803
4481
4856
4813
4558
4302
3959
3293
2155
1116
445
-287
-1264
-1953
-2236
-2650
-2954
-3002
-2767
-2967
-3339
-3651
-3719
-4310
-5267
-5825
-6128
-6687
-7114
-6610
-6164
-5692
-4709
-2998
-1681
-360
1061
2469
3573
4434
4833
4811
4847
4594
4027
3346
2840
2061
1403
1027
610
-62
-470
-453
-540
-512
-91
474
916
1658
2605
3302
3887
4561
5122
5290
5100
4701
4318
3874
2922
1636
732
58
-841
-1795
-2243
-2634
-3033
-3256
-3053
-2950
-3283
-3637
-3723
-3854
-4743
-5471
-5844
-6211
-6870
-6760
-6192
-5805
-5107
-3680
-2027
-820
786
2243
3479
4325
5187
5337
5155
4857
4438
3708
2936
2247
1358
779
376
-84
-683
-785
-809
-861
-532
97
524
1022
2086
3006
3541
4194
5013
5448
5303
5045
4733
4327
3539
2388
1250
383
-430
-1393
-2197
-2734
-3198
-3488
-3583
-3408
-3611
-3992
-4262
-4212
-4727
-5661
-6129
-6400
-6894
-7216
-6589
-6172
-5638
-4482
-2636
-1298
60
1755
3227
4318
5131
5721
5664
5620
5204
4496
3686
3096
2135
1217
808
385
-420
-807
-627
-737
-776
-123
578
943
1726
2915
3587
4032
4803
5441
5523
5258
4908
4382
3794
2888
1633
563
-225
-1092
-2074
-2621
-3112
-3571
-3811
-3731
-3755
-4062
-4338
-4565
-4763
-5366
-5937
-6359
-6617
-6900
-6682
-6116
-5492
-4610
-3278
-1705
-278
1199
2463
3674
4621
5243
5350
5332
5039
4360
3660
3050
2207
1199
665
301
-270
-788
-842
-805
-804
-428
194
684
1289
2264
3160
3755
4428
5087
5526
5721
5547
5032
4591
4130
3046
1755
873
104
-1005
-1937
-2452
-3028
-3539
-3732
-3718
-3898
-4166
-4424
-4608
-4867
-5436
-5902
-6119
-6199
-6455
-6136
-5433
-4681
-3897
-2559
-1052
149
1293
2536
3716
4293
4598
4813
4913
4381
3686
3176
2561
1563
767
412
-139
-864
-1179
-1030
-1086
-1095
-593
105
648
1344
2345
3105
3742
4348
4927
5273
5428
5042
4483
4142
3589
2360
1205
477
-379
-1499
-2156
-2614
-3230
-3732
-3749
-3672
-3834
-4089
-4264
-4307
-4561
-4948
-5254
-5335
-5549
-5580
-5102
-4462
-3928
-3112
-1732
-516
489
1569
2789
3660
4172
4555
4786
4705
4267
3774
3251
2546
1704
1105
587
-78
-670
-822
-901
-1020
-929
-353
187
783
1564
2447
3109
3762
4402
4788
5121
5165
4787
4143
3779
3064
1861
734
-37
-953
-1931
-2551
-3085
-3652
-4016
-4003
-3998
-4122
-4368
-4532
-4581
-4764
-5109
-5425
-5456
-5595
-5488
-5041
-4357
-3852
-2913
-1580
-402
536
1652
2951
3732
4207
4622
5022
4871
4409
4005
3609
2812
1974
1482
956
113
-415
-458
-548
-801
-506
173
753
1329
2214
3078
3656
4239
4723
5011
5117
4946
4387
3717
3157
2289
1152
127
-681
-1573
-2349
-2910
-3434
-3940
-4180
-4222
-4296
-4413
-4562
-4749
-4898
-4971
-5185
-5411
-5540
-5439
-5236
-4749
-4164
-3428
-2523
-1372
-215
830
1890
2906
3706
4167
4572
4772
4561
4071
3702
3193
2386
1670
1196
536
-139
-411
-502
-738
-635
-118
376
863
1673
2538
3122
3674
4271
4568
4674
4806
4591
3903
3246
2804
2019
949
33
-662
-1458
-2123
-2663
-3186
-3668
-3876
-3968
-4052
-4154
-4365
-4557
-4580
-4596
-4922
-5085
-5043
-4934
-4755
-4188
-3605
-3068
-2108
-870
83
887
2071
3151
3711
4128
4682
4846
4439
4037
3800
3172
2241
1580
1147
417
-311
-548
-634
-739
-554
15
544
1144
1927
2731
3338
3802
4095
4304
4472
4328
3765
3142
2675
2013
1206
366
-398
-1189
-1723
-2230
-2822
-3375
-3595
-3754
-3988
-4038
-4063
-4289
-4574
-4504
-4573
-4849
-5015
-4843
-4661
-4401
-3835
-3160
-2464
-1649
-560
412
1360
2226
3052
3645
4167
4465
4442
4221
3917
3480
2803
2235
1591
890
211
-102
-480
-754
-640
-248
79
556
1343
2031
2552
3110
3639
3803
3875
4017
3958
3435
2903
2474
2025
1335
548
-201
-837
-1372
-2028
-2612
-3143
-3462
-3799
-3905
-3943
-4105
-4387
-4482
-4413
-4618
-4835
-4920
-4779
-4741
-4385
-3898
-3263
-2675
-1826
-865
183
1217
2059
2867
3613
4357
4634
4685
4571
4376
3892
3254
2655
1905
1135
436
31
-403
-613
-569
-257
134
707
1383
2001
2565
3044
3402
3576
3669
3619
3448
3006
2502
1998
1666
1039
233
-459
-890
-1426
-2112
-2666
-3068
-3413
-3764
-3879
-3883
-4110
-4396
-4466
-4363
-4610
-4858
-4851
-4678
-4554
-4192
-3580
-3008
-2362
-1482
-394
561
1441
2241
3055
3752
4287
4500
4460
4300
4088
3657
3025
2330
1617
942
367
-127
-554
-700
-616
-361
42
661
1244
1799
2461
2977
3245
3425
3680
3644
3451
3152
2750
2222
1845
1348
505
-242
-752
-1315
-2091
-2644
-3110
-3581
-3890
-3970
-4070
-4252
-4376
-4436
-4430
-4494
-4630
-4670
-4568
-4305
-3937
-3367
-2842
-2149
-1257
-162
789
1641
2487
3339
4095
4514
4719
4709
4618
4250
3784
3190
2431
1595
962
442
-214
-716
-817
-716
-606
-253
327
849
1383
2029
2483
2721
2951
3165
3098
3000
2796
2364
1911
1628
1238
478
-136
-641
-1138
-1818
-2338
-2845
-3260
-3588
-3757
-3884
-4038
-4162
-4267
-4252
-4338
-4422
-4506
-4392
-4178
-3861
-3447
-2884
-2151
-1342
-351
599
1563
2430
3345
3966
4344
4603
4689
4472
4035
3614
2961
2230
1534
1010
392
-145
-402
-474
-471
-336
75
440
795
1260
1742
1926
2046
2253
2324
2210
2193
2211
1916
1657
1584
1452
920
505
132
-307
-952
-1485
-2092
-2633
-3080
-3463
-3820
-4035
-4153
-4334
-4325
-4252
-4259
-4266
-3971
-3779
-3563
-3089
-2391
-1912
-1260
-313
620
1386
2215
3080
3579
3971
4304
4459
4177
3806
3443
2912
2228
1541
982
404
-13
-260
-359
-450
-298
-3
310
566
908
1182
1401
1588
1711
1714
1756
1828
1833
1815
1797
1702
1550
1376
1024
510
-32
-556
-1247
-1979
-2641
-3180
-3665
-4024
-4242
-4363
-4343
-4224
-4027
-3861
-3675
-3426
-3136
-2805
-2509
-2160
-1676
-996
-391
184
900
1784
2471
2963
3459
3851
3960
3836
3708
3294
2647
2000
1526
855
163
-313
-512
-730
-813
-675
-444
-201
108
528
836
1099
1301
1513
1645
1812
1901
1977
2138
2355
2431
2437
2444
2303
1967
1596
1061
296
-503
-1164
-1918
-2676
-3299
-3696
-4025
-4205
-4277
-4237
-4151
-3944
-3754
-3616
-3359
-3046
-2748
-2436
-1937
-1468
-974
-332
396
925
1468
2096
2575
2767
2957
3092
2971
2680
2430
2122
1661
1234
946
649
322
161
166
113
77
198
337
400
539
752
876
1048
1340
1561
1709
1993
2305
2441
2521
2550
2354
1974
1561
999
168
-614
-1308
-2008
-2770
-3220
-3567
-3800
-3854
-3666
-3498
-3331
-3025
-2790
-2592
-2429
-2248
-2161
-1967
-1711
-1489
-1196
-742
-238
130
617
1192
1612
1884
2202
2425
2344
2218
2043
1762
1293
963
639
315
39
-5
-45
-83
19
221
374
521
798
1015
1225
1452
1733
1896
2084
2306
2475
2570
2630
2635
2395
2143
1813
1371
725
113
-501
-1191
-1801
-2294
-2720
-3129
-3290
-3347
-3313
-3189
-3007
-2863
-2650
-2354
-2178
-2081
-1881
-1667
-1543
-1349
-1035
-811
-611
-212
217
460
701
1085
1310
1307
1360
1391
1206
920
810
611
358
194
189
109
85
213
296
345
467
698
809
980
1213
1453
1614
1892
2169
2348
2518
2696
2707
2563
2431
2205
1786
1276
809
245
-341
-852
-1313
-1730
-2038
-2247
-2393
-2385
-2290
-2196
-2101
-1883
-1751
-1707
-1619
-1489
-1523
-1623
-1569
-1526
-1567
-1536
-1333
-1199
-1031
-683
-277
-74
116
420
612
602
599
638
506
335
303
283
177
197
308
402
472
709
947
1121
1315
1561
1759
1902
2030
2146
2251
2272
2220
2135
2043
1852
1587
1295
953
594
217
-174
-526
-832
-1130
-1384
-1523
-1608
-1654
-1619
-1518
-1406
-1313
-1197
-1102
-1029
-1029
-1074
-1117
-1149
-1242
-1366
-1369
-1356
-1333
-1258
-1059
-912
-764
-559
-337
-227
-173
-59
-9
-54
-82
-25
-32
-24
60
220
353
550
799
1069
1304
1545
1789
1982
2126
2225
2311
2330
2305
2221
2084
1898
1678
1420
1150
837
481
145
-159
-420
-753
-1022
-1206
-1305
-1426
-1437
-1341
-1251
-1130
-935
-713
-608
-477
-363
-338
-409
-456
-558
-706
-842
-945
-1086
-1145
-1159
-1174
-1199
-1141
-1070
-1062
-1028
-959
-898
-901
-851
-802
-759
-715
-621
-477
-320
-128
103
403
720
1066
1425
1806
2135
2405
2647
2834
2905
2860
2768
2577
2270
1917
1559
1131
685
299
-34
-386
-684
-875
-1010
-1119
-1170
-1139
-1087
-960
-814
-641
-474
-305
-178
-51
73
108
80
55
30
-87
-226
-331
-427
-593
-739
-841
-973
-1123
-1216
-1303
-1436
-1540
-1606
-1663
-1708
-1681
-1651
-1626
-1512
-1389
-1259
-1075
-710
-439
-153
226
754
1221
1757
2298
2629
2979
3162
3284
3216
3055
2724
2331
1867
1303
811
376
-24
-446
-702
-813
-906
-909
-785
-634
-532
-396
-238
-140
-39
6
77
93
88
72
118
153
148
167
204
198
113
45
-22
-187
-459
-677
-920
-1215
-1512
-1705
-1917
-2106
-2216
-2208
-2190
-2091
-1880
-1642
-1404
-1114
-763
-454
-112
249
610
948
1302
1644
1922
2154
2332
2440
2417
2333
2162
1923
1668
1375
992
595
303
40
-156
-287
-340
-384
-352
-293
-199
-143
-62
-4
14
34
80
86
56
140
201
222
221
328
333
318
284
238
95
-48
-194
-397
-604
-814
-1037
-1288
-1475
-1664
-1848
-1983
-2014
-2016
-1985
-1851
-1626
-1391
-1111
-777
-447
-149
179
504
758
960
1147
1283
1334
1364
1393
1373
1290
1194
1114
1012
902
785
679
563
472
391
360
345
304
264
258
233
176
143
137
98
31
42
93
88
98
201
270
279
314
390
365
304
283
200
7
-181
-304
-478
-649
-827
-988
-1162
-1281
-1392
-1476
-1499
-1473
-1416
-1343
-1179
-984
-765
-545
-284
-76
86
254
399
472
521
583
609
599
599
602
622
639
646
632
655
657
642
656
669
627
579
583
561
512
471
466
426
395
343
313
284
246
208
176
132
87
90
96
83
60
39
2
-64
-147
-252
-375
-489
-621
-765
-895
-973
-1087
-1157
-1194
-1161
-1169
-1106
-998
-852
-721
-572
-380
-234
-101
3
105
134
153
158
164
149
171
192
225
264
360
431
510
580
639
681
725
747
708
710
679
618
594
616
604
553
554
570
548
523
537
510
429
381
367
324
242
195
161
78
-43
-125
-221
-351
-478
-595
-736
-853
-940
-1045
-1114
-1132
-1126
-1125
-1045
-945
-859
-776
-644
-549
-475
-365
-259
-226
-189
-124
-120
-122
-77
-17
0
69
173
275
348
458
563
611
638
650
654
634
628
596
585
594
583
577
603
632
623
637
632
602
565
573
551
517
483
463
429
380
306
212
95
-29
-199
-379
-540
-691
-828
-939
-1022
-1076
-1068
-1070
-1049
-994
-913
-881
-823
-745
-683
-647
-576
-492
-447
-390
-286
-189
-119
-30
75
161
234
313
393
477
508
519
528
554
532
508
491
485
488
521
557
602
648
687
710
691
672
643
602
520
476
453
433
411
413
422
426
418
386
317
210
72
-91
-281
-482
-676
-852
-994
-1081
-1136
-1172
-1132
-1068
-1008
-948
-852
-777
-724
-680
-622
-577
-549
-513
-457
-398
-307
-193
-66
51
155
283
379
469
517
556
549
516
483
438
384
344
334
325
352
382
432
477
520
559
569
577
559
550
537
505
466
468
464
436
450
461
447
412
400
319
222
109
-29
-214
-392
-528
-671
-799
-918
-961
-1008
-1014
-997
-946
-905
-852
-783
-726
-681
-657
-606
-548
-487
-446
-363
-255
-152
-39
92
192
262
368
464
504
505
514
519
504
454
406
384
354
308
290
330
330
322
367
428
438
467
511
523
507
515
524
494
443
413
381
347
315
274
236
190
135
47
-34
-130
-226
-343
-456
-568
-683
-777
-842
-885
-936
-942
-903
-849
-799
-718
-628
-582
-507
-433
-370
-305
-219
-141
-89
0
85
166
251
337
369
404
457
461
458
469
440
392
366
356
313
278
282
293
285
290
334
353
363
392
429
424
422
433
429
384
358
336
269
197
158
98
-6
-54
-104
-207
-291
-347
-421
-514
-573
-650
-752
-813
-824
-857
-877
-841
-769
-724
-628
-528
-444
-365
-263
-178
-119
-35
39
124
191
282
324
391
444
482
476
466
451
451
427
385
362
335
323
297
311
280
275
280
305
301
330
355
348
368
402
400
366
368
341
288
237
190
97
34
-18
-90
-181
-225
-301
-387
-461
-530
-615
-705
-754
-832
-871
-911
-899
-872
-817
-758
-643
-519
-404
-296
-183
-62
27
124
204
263
308
374
409
442
468
478
474
480
471
436
424
425
398
370
362
345
306
294
275
254
256
279
292
326
370
395
425
449
451
419
405
371
303
205
133
48
-48
-144
-215
-312
-407
-487
-573
-666
-749
-829
-908
-959
-1005
-1015
-1015
-994
-938
-854
-770
-654
-512
-380
-256
-116
12
112
195
273
327
377
423
442
450
486
518
517
504
503
491
474
473
460
436
407
384
333
311
305
307
290
315
357
388
418
444
461
444
419
370
320
253
197
126
48
-26
-96
-169
-245
-325
-416
-520
-611
-700
-784
-859
-913
-952
-978
-979
-952
-912
-864
-786
-690
-578
-453
-318
-198
-67
43
149
224
288
334
359
390
414
427
449
485
497
511
528
550
549
550
543
527
505
475
461
435
406
400
409
402
409
437
415
393
377
338
269
220
151
66
15
-43
-120
-190
-233
-316
-405
-482
-562
-656
-719
-790
-847
-876
-881
-869
-835
-786
-728
-657
-570
-500
-439
-349
-263
-186
-94
6
69
138
213
269
302
335
372
397
417
437
450
461
469
472
477
486
508
509
517
527
537
532
518
498
475
460
432
410
382
360
316
257
199
145
72
-3
-55
-126
-212
-259
-310
-391
-470
-532
-616
-699
-745
-801
-851
-867
-848
-842
-813
-749
-681
-622
-543
-464
-392
-324
-251
-170
-107
-32
47
117
176
252
308
348
388
424
436
458
487
497
501
514
549
566
581
596
617
612
618
611
575
540
510
470
412
381
345
294
243
199
127
47
-21
-100
-167
-241
-293
-363
-412
-472
-528
-591
-648
-702
-749
-776
-811
-816
-809
-769
-723
-664
-593
-520
-448
-372
-310
-249
-196
-141
-100
-42
14
72
136
188
241
286
349
396
436
469
518
557
595
641
674
696
717
710
708
705
687
654
622
591
543
500
447
397
328
265
174
85
0
-84
-182
-266
-335
-418
-489
-543
-600
-655
-696
-722
-746
-764
-777
-777
-760
-742
-706
-660
-594
-536
-466
-401
-335
-278
-225
-168
-116
-70
-40
6
41
60
90
138
179
202
246
296
342
384
430
470
503
547
572
599
618
642
650
654
658
662
648
618
585
544
482
414
344
258
172
78
-2
-90
-161
-232
-292
-355
-403
-447
-504
-551
-579
-604
-633
-637
-646
-639
-613
-564
-526
-476
-405
-330
-271
-220
-169
-136
-107
-77
-47
-40
-16
5
14
30
54
80
99
119
136
153
175
203
219
248
282
313
348
383
404
433
473
493
508
522
516
512
496
447
401
360
295
226
174
119
50
-3
-50
-118
-177
-232
-297
-362
-412
-464
-513
-541
-553
-583
-592
-570
-540
-502
-450
-387
-316
-242
-170
-102
-58
-14
15
35
33
36
30
16
19
25
27
28
42
50
56
62
70
80
105
121
141
166
204
240
283
321
347
376
408
410
416
425
414
403
395
367
327
296
247
190
120
47
-33
-117
-198
-273
-338
-392
-438
-470
-498
-501
-498
-474
-450
-417
-376
-333
-274
-225
-177
-134
-88
-56
-10
38
75
90
91
96
100
93
73
56
41
23
10
0
-24
-36
-44
-41
-33
-9
19
65
119
173
217
253
297
314
323
327
328
318
308
298
292
277
248
214
177
133
80
17
-51
-108
-160
-219
-265
-285
-307
-320
-320
-304
-292
-266
-235
-216
-184
-146
-114
-98
-76
-62
-51
-47
-36
-49
-53
-33
-34
-49
-45
-39
-52
-53
-55
-69
-72
-65
-66
-70
-60
-35
0
49
109
171
229
289
329
350
354
356
339
325
298
283
264
241
227
198
167
122
81
24
-32
-88
-134
-181
-219
-233
-240
-250
-242
-223
-202
-179
-155
-129
-104
-71
-45
-26
0
14
19
7
-2
-14
-43
-66
-93
-116
-145
-163
-180
-190
-199
-207
-206
-198
-181
-166
-146
-120
-84
-43
-2
33
77
127
180
226
272
307
343
374
390
386
370
339
294
239
177
116
64
6
-53
-105
-145
-177
-209
-226
-231
-227
-211
-188
-171
-137
-95
-54
-13
27
64
100
129
148
152
150
139
123
96
66
37
0
-38
-83
-126
-167
-206
-241
-270
-287
-292
-279
-255
-223
-182
-140
-101
-50
7
56
100
151
195
233
268
302
324
341
345
339
314
281
230
170
111
48
-19
-84
-140
-188
-226
-256
-272
-272
-261
-240
-214
-175
-125
-75
-22
29
82
133
182
218
248
265
280
273
255
227
189
141
88
29
-33
-86
-144
-204
-253
-292
-322
-340
-353
-345
-324
-289
-248
-194
-138
-83
-28
30
91
143
192
242
277
312
335
335
326
315
284
242
195
138
72
1
-62
-136
-203
-252
-302
-328
-333
-329
-319
-280
-231
-192
-131
-76
-13
53
114
158
214
249
267
283
290
284
262
238
199
161
109
60
-3
-66
-138
-192
-241
-289
-327
-349
-346
-336
-312
-281
-233
-176
-120
-66
-2
66
116
164
214
254
284
306
314
314
303
275
239
202
156
99
39
-24
-86
-145
-195
-242
-273
-298
-304
-301
-280
-241
-191
-142
-84
-25
36
95
144
188
227
254
268
272
278
278
259
235
205
169
125
74
10
-45
-98
-146
-180
-203
-218
-222
-215
-205
-184
-159
-126
-94
-55
-17
25
64
103
132
153
164
175
178
170
152
122
91
57
12
-36
-77
-116
-151
-187
-217
-233
-245
-241
-238
-221
-185
-153
-113
-71
-20
24
68
101
139
167
192
213
221
228
226
205
187
169
127
88
48
7
-30
-67
-119
-149
-171
-178
-181
-167
-144
-113
-89
-61
-29
-5
24
46
77
101
130
147
165
175
175
159
129
97
65
32
-18
-60
-100
-140
-176
-200
-223
-251
-260
-260
-251
-241
-225
-195
-153
-113
-68
-8
50
98
146
196
236
260
277
283
281
275
252
227
200
177
138
96
52
9
-32
-71
-110
-136
-150
-164
-163
-162
-155
-131
-104
-75
-55
-27
6
35
59
81
99
111
124
124
122
115
102
68
37
11
-31
-71
-107
-141
-174
-192
-212
-230
-225
-213
-206
-192
-155
-125
-99
-64
-23
19
63
99
138
176
204
229
232
235
235
221
194
162
138
103
75
37
2
-27
-55
-78
-96
-97
-102
-99
-100
-96
-83
-64
-39
-20
3
22
48
73
85
95
102
98
86
70
50
23
-4
-38
-62
-84
-112
-131
-141
-152
-165
-169
-170
-164
-160
-149
-130
-102
-62
-24
4
31
70
90
100
112
122
128
124
127
133
135
127
106
86
68
44
8
-17
-37
-64
-83
-85
-79
-71
-60
-55
-39
-17
-7
4
19
28
44
65
77
81
99
104
105
97
85
68
44
21
-3
-32
-70
-92
-107
-124
-146
-157
-152
-146
-137
-124
-109
-91
-67
-41
-23
-1
36
62
79
93
103
109
107
101
93
88
87
76
56
41
31
15
-15
-40
-55
-75
-89
-90
-96
-95
-86
-74
-57
-41
-24
-7
14
41
63
89
112
132
147
160
159
154
144
124
93
64
38
-3
-44
-72
-99
-134
-152
-163
-170
-169
-162
-149
-125
-106
-94
-67
-37
-9
22
49
77
117
142
163
185
195
208
209
190
172
153
127
90
51
14
-24
-59
-88
-115
-146
-163
-175
-183
-181
-179
-172
-154
-130
-109
-86
-47
-18
7
38
69
90
102
126
129
122
115
102
78
58
34
-7
-35
-63
-94
-124
-150
-176
-187
-179
-180
-159
-139
-112
-85
-52
-23
7
44
66
93
125
147
163
186
201
211
210
205
194
169
131
104
63
18
-12
-40
-64
-86
-104
-123
-121
-130
-135
-140
-136
-130
-122
-99
-72
-37
-7
18
41
54
70
85
98
97
85
85
81
63
36
15
-10
-39
-63
-84
-100
-111
-122
-122
-107
-92
-76
-66
-49
-19
4
25
36
48
61
80
91
107
120
124
130
134
121
99
82
52
21
6
-7
-26
-37
-41
-45
-51
-60
-62
-59
-59
-48
-29
-25
-12
10
12
22
33
49
55
64
64
58
58
48
40
27
18
-3
-16
-33
-42
-56
-76
-88
-96
-102
-116
-120
-112
-112
-107
-92
-78
-63
-37
-8
16
46
70
85
98
97
94
101
93
81
70
51
34
24
7
-13
-21
-33
-44
-54
-66
-65
-63
-65
-60
-52
-46
-31
-13
3
23
47
63
65
73
84
88
91
91
89
97
92
81
72
59
41
16
-5
-25
-43
-51
-58
-71
-79
-85
-84
-85
-90
-93
-77
-61
-63
-51
-34
-16
7
24
25
37
43
37
37
25
18
15
11
0
-5
-14
-19
-12
-17
-20
-21
-27
-27
-15
-17
-23
-11
-3
7
13
30
43
55
65
68
71
71
67
60
59
54
47
43
31
20
15
7
-9
-24
-31
-43
-53
-58
-61
-63
-62
-63
-61
-58
-53
-46
-34
-29
-24
-19
-12
5
10
25
29
29
32
40
33
27
30
19
15
17
9
-6
-5
-9
-21
-30
-27
-29
-30
-30
-27
-14
-9
2
8
14
22
31
34
29
30
29
32
30
28
21
21
16
2
-12
-20
-28
-41
-42
-46
-51
-49
-48
-53
-45
-39
-45
-51
-46
-40
-30
-17
-4
5
6
17
24
27
30
41
36
39
36
29
37
37
31
26
34
28
17
10
2
-7
-12
-19
-19
-16
-6
9
19
26
35
36
41
38
32
38
39
35
32
25
15
10
0
-4
-3
-7
-11
-13
-19
-24
-34
-39
-44
-43
-36
-25
-14
-16
-6
2
7
16
27
28
34
39
42
49
40
30
26
17
9
11
-2
-16
-8
-13
-23
-21
-24
-29
-27
-31
-32
-21
-13
-16
-15
-8
0
-1
5
3
6
12
25
33
30
30
26
29
23
11
6
6
-12
-26
-21
-29
-42
-40
-38
-41
-47
-52
-62
-59
-51
-58
-55
-46
-37
-29
-13
-7
-11
-10
-2
3
3
6
11
21
27
26
26
35
40
38
28
18
22
25
13
7
10
9
12
6
7
7
8
13
6
1
-4
7
9
2
4
15
14
15
19
20
18
18
23
13
12
15
13
-1
-6
-12
-17
-15
-19
-11
-5
-7
-9
-18
-31
-26
-24
-42
-45
-40
-30
-17
-3
-3
0
9
19
22
21
18
13
24
31
26
22
33
25
17
23
13
6
5
7
4
4
0
-1
-2
12
18
13
4
-2
3
-4
-9
-18
-35
-23
-13
-18
-18
-1
11
2
4
0
-7
-15
-12
-10
0
-4
-7
2
-4
-6
-12
-9
-15
-9
-13
-9
-5
-3
1
12
14
2
8
2
-1
-18
-25
-23
-21
-11
1
7
9
24
27
14
16
21
21
20
21
19
16
24
36
37
28
17
18
24
15
-10
-20
-20
-30
-39
-41
-38
-31
-23
-26
-34
-38
-45
-64
-59
-58
-55
-36
-20
-6
0
10
17
21
14
11
17
26
31
21
25
32
38
25
23
30
23
21
9
6
4
2
-10
-21
-19
-26
-24
-27
-21
-14
-6
1
5
16
25
23
20
26
32
36
34
29
27
21
16
19
17
20
16
5
-5
-12
-21
-41
-46
-52
-50
-53
-41
-28
-32
-23
-14
-15
-20
-6
-6
0
7
10
18
28
33
37
36
30
23
28
49
42
31
39
65
54
40
24
6
11
6
-20
-36
-27
-29
-36
-36
-23
-22
-19
-6
-2
2
-3
-7
-17
-10
-6
-16
-8
8
8
11
23
21
16
12
0
-2
-2
-12
-27
-21
-16
-26
-24
-12
-22
-30
-6
-14
-29
-11
-8
-16
-3
2
-2
8
14
19
10
4
18
12
-4
-13
-16
-24
-6
-11
-32
-28
-7
-12
-20
-15
-20
-18
-19
-14
-19
-19
-10
9
10
7
1
13
22
13
15
12
6
8
28
37
41
37
40
37
30
17
1
2
-5
-13
0
6
-5
-2
11
6
1
3
9
0
-1
10
4
-9
-5
11
7
15
11
-1
-3
5
-2
-18
-21
-13
0
-6
4
9
8
13
2
-8
-12
-3
-11
-12
-11
-14
-12
-14
-10
-9
2
21
22
15
23
23
14
8
9
-2
-6
6
3
3
10
21
11
14
24
17
10
19
21