-7
-9
-7
-4
2
4
2
5
6
5
0
-6
-6
0
-4
-8
-9
-1
9
6
3
1
-1
3
11
0
-7
-2
-2
1
-6
-6
-5
-2
2
0
-2
3
5
-3
-1
7
6
1
3
5
8
4
-1
1
6
5
5
9
8
9
12
10
5
6
15
11
4
7
11
22
15
2
2
10
11
6
-3
-4
1
3
-3
-4
0
1
1
-3
-4
-1
2
0
-11
-12
-6
-2
-2
-6
-4
-1
-2
-3
-2
-8
-8
-2
-1
-8
-9
-4
-4
-4
-9
-10
1
3
-3
-2
1
7
4
3
2
4
4
1
1
5
3
-5
-3
2
9
4
-3
-5
5
4
-3
-8
-8
-7
-3
-4
-9
-11
-10
-6
-12
-17
-12
-7
-10
-13
-15
-8
-1
4
-9
-17
1
8
4
-3
-7
4
10
3
-1
-5
-5
4
3
-5
-5
1
10
4
-5
2
2
-1
-2
2
-2
-7
-2
5
7
-4
-6
3
12
3
3
9
12
15
17
15
9
10
16
14
12
13
13
8
0
8
10
7
5
7
6
5
10
7
-2
2
17
7
-6
-2
14
5
0
-5
-8
-6
0
-4
-28
-26
-12
-6
-12
-17
-18
-2
11
7
-4
-12
-1
6
-4
-18
-17
-5
5
0
-10
-8
7
10
0
-10
1
5
4
2
8
19
21
8
6
13
6
-2
-5
-1
-8
-7
4
6
-7
-1
12
10
3
7
8
5
-1
2
15
4
-2
-5
0
0
-1
-4
-3
-5
-7
2
-6
-10
-9
1
-2
-17
-22
-7
-6
-15
-14
-9
-7
-3
-6
-2
-5
-5
-4
-8
-7
-15
-16
-11
-4
-9
-11
-6
-6
-5
-10
-15
-20
-12
-13
-16
-12
-9
-9
-14
-16
-9
-1
1
-3
-5
0
0
17
13
3
6
25
25
23
27
30
33
42
49
41
47
56
55
48
52
69
62
51
54
44
45
55
44
15
5
22
20
16
-13
-29
-21
-21
-31
-28
-22
-55
-58
-53
-50
-61
-47
-29
-29
-27
-32
-31
-9
3
-46
-70
-59
-38
-46
-57
-65
-64
-43
-19
8
17
36
48
61
46
37
53
60
80
61
28
42
69
86
51
6
-2
36
39
-5
-20
-41
-52
-66
-73
-53
-64
-101
-123
-117
-141
-135
-141
-149
-120
-102
-89
-60
-33
-71
-74
4
57
50
28
26
103
199
222
183
169
206
240
247
211
182
167
165
148
113
92
97
121
67
-11
-61
-62
-69
-99
-85
-24
-1
-48
-107
-50
-29
-81
-116
-97
-116
-180
-242
-298
-294
-194
-195
-232
-231
-210
-146
-100
-69
-149
-202
-96
-47
-101
-93
-55
1
54
91
66
123
224
264
258
239
252
250
297
315
308
305
351
416
366
310
252
233
214
148
39
-57
-93
-78
-89
-87
-85
-61
-55
-55
-42
-47
33
14
-98
-171
-54
23
-51
-153
-280
-297
-235
-162
-232
-337
-352
-260
-201
-256
-286
-204
-49
-51
-140
-150
-52
47
21
-59
-77
-8
156
149
103
36
101
252
323
248
131
187
238
271
162
80
73
125
140
94
-4
-160
-146
-73
-107
-190
-231
-183
-163
-200
-205
-124
-36
-48
-120
-100
-11
28
38
56
141
155
174
160
89
63
68
80
35
16
0
74
180
179
159
124
107
55
15
-9
-87
-174
-183
-189
-199
-193
-184
-69
-81
-56
-52
-56
-19
21
119
140
127
30
21
123
140
103
45
93
112
75
125
13
-105
-105
-68
-109
-217
-248
-261
-239
-182
-108
-32
-61
-124
-46
166
333
342
216
155
202
305
381
353
300
426
592
632
505
407
249
57
71
94
67
-119
-132
-20
120
151
-3
-150
-180
-55
-183
-402
-618
-533
-251
-106
-376
-732
-572
-151
40
-274
-572
-798
-641
-210
-113
-627
-1045
-861
-537
-409
-741
-1026
-993
-822
-558
-566
-787
-922
-315
466
771
-188
-581
528
2402
2272
1269
819
-613
-332
3346
5470
659
-2814
567
5274
4832
1860
-173
-365
1760
4432
3530
-1302
-3422
499
3366
239
-3066
-2176
-824
-1112
-1040
-1450
-2661
-2001
57
-412
-2454
-1623
782
344
-1899
-2064
-434
390
-314
-2094
-3562
-2352
552
934
-2977
-5463
-2655
1278
499
-3012
-4471
-2626
444
2071
162
-3051
-1904
2097
4438
2027
2079
1678
-822
305
7105
7759
-886
-2536
3900
7854
5971
4241
1127
-843
3253
8200
4625
-3824
-4410
2193
3527
-1598
-4128
-2701
-2627
-2265
-785
-2327
-4797
-2860
711
-957
-3745
-1672
1243
-395
-2512
-979
495
34
-195
-1616
-4276
-2711
2032
967
-5807
-7156
-1052
2096
-973
-4119
-4304
-2686
947
2840
-761
-5015
-1286
4520
4354
520
1171
5509
3668
-825
1963
9696
7453
-148
142
5375
7414
7892
6030
-577
-2098
6389
10800
2313
-7158
-4250
3194
2757
-2993
-5837
-5446
-4054
-733
-382
-5318
-7677
-2393
1723
-1809
-4741
-2287
124
-982
-1164
-588
-1102
-1262
83
-997
-3970
-2329
1068
-647
-5981
-5330
-582
321
-2727
-4091
-3677
-2470
879
2384
-1113
-3654
700
5557
3774
1071
3004
7205
3716
-1771
2019
11123
9145
-676
-867
5867
9180
8774
5901
-1237
-2867
6754
11528
1431
-9233
-5260
3627
2799
-4062
-7047
-5531
-3711
-1100
-1177
-6318
-8669
-2737
1782
-2555
-6165
-2559
758
-581
-1515
-760
-706
-168
963
-1326
-4376
-1965
2061
-599
-6702
-5745
36
1065
-2483
-4221
-3537
-1921
1812
2976
-1931
-4753
955
6404
4099
1266
3776
6521
2655
-515
5089
11268
6387
-1320
1578
8445
9840
8042
4668
-917
-28
8998
10403
-1380
-8949
-2399
4217
161
-6178
-6916
-5393
-4126
-2203
-3226
-7590
-7416
-1733
-445
-4921
-4998
-273
412
-2120
-1681
599
568
395
529
-760
-2490
-1451
1066
-850
-4982
-4903
-554
-147
-2983
-3507
-2442
-2540
-1079
1020
-920
-3293
-288
4450
2873
33
2361
6325
7065
4106
-503
-643
8124
13272
4463
-3676
2200
11435
11992
6811
766
-1817
3839
10221
5438
-5967
-8615
-1553
2450
-2177
-8061
-8259
-5440
-3296
-2778
-4896
-7739
-6158
-1272
-557
-3698
-3696
-426
1221
-91
-444
498
1630
1119
-1595
-3141
-1500
807
-1141
-5543
-6188
-1833
907
-1645
-5043
-4967
-1979
1181
1632
-2384
-4717
739
6556
4076
-212
1973
7287
10407
5393
-3087
-1061
13010
16045
1485
-5540
4500
13491
12663
7734
-413
-4333
5564
14937
5234
-10670
-9572
1830
3415
-4162
-8923
-8155
-6231
-3403
-2281
-6207
-9648
-5424
256
-2134
-6300
-2733
2051
-255
-3573
-1008
2078
-9
-2607
-1789
-2092
-3453
-1348
-272
-5430
-8129
-1368
2823
-2963
-7248
-3177
-181
-727
-3
-297
-2801
-739
6322
6836
1951
2411
9251
10729
2484
-1505
7067
15600
8902
-1334
1473
9737
11435
9863
6028
-1438
-1392
10360
12078
-2772
-11394
-2912
3120
-2137
-6685
-6973
-7476
-6626
-2740
-3436
-8500
-8381
-2095
-724
-5030
-5072
441
779
-2895
-2750
-826
-699
6
579
-4289
-6438
-777
2695
-4725
-10311
-4852
1256
-1309
-5997
-6379
-4280
-913
3254
332
-5909
-3526
8962
10896
2969
93
8555
12584
3432
-720
7709
15615
7531
67
4034
10229
10267
10717
6969
-2318
-1911
11546
11511
-4996
-11510
-675
3316
-4233
-7306
-5476
-7015
-8281
-4479
-4550
-9067
-7560
-2197
-2872
-6846
-3457
2531
863
-3836
-4174
-806
1567
1946
-1877
-6641
-4742
2322
3136
-4754
-9578
-4608
1434
144
-5041
-7106
-5164
-766
2755
-185
-5044
-2489
6782
8756
4612
4163
9150
11864
6089
1120
4902
14121
12778
1705
-875
8719
15427
12682
6330
-90
-1193
7875
12731
913
-12800
-8653
1494
-653
-8143
-9819
-9298
-9448
-6435
-3978
-7723
-10260
-6927
-2958
-3480
-3865
-1322
-553
-1773
-3126
-1252
1655
2512
-1161
-5624
-3753
1629
2851
-3464
-8531
-6250
44
1860
-2974
-8452
-7861
-1432
3947
1606
-4509
-4030
4282
10210
7245
4208
5504
10850
13112
7561
1238
6282
17253
13200
493
889
11985
14741
10285
5897
398
-740
8262
10978
-2658
-13661
-6431
1428
-3812
-10326
-9911
-9528
-10394
-7003
-5330
-9672
-11170
-5947
-3036
-5908
-5327
-825
535
-2918
-4977
-1331
3717
3063
-4100
-7100
-1669
3570
870
-5886
-9325
-5774
751
2192
-5742
-11365
-6570
3571
4501
-1769
-5623
451
8552
9907
5171
3280
9371
13897
12492
5688
2240
7292
16816
15859
2825
-2046
10006
18277
12013
2935
854
909
4885
8918
1801
-11309
-11529
-1159
-606
-8875
-11875
-10146
-9674
-8204
-5175
-7117
-10686
-8229
-3811
-3232
-5020
-3412
-1529
-4614
-6417
-1225
4728
549
-8204
-7512
632
3865
-1842
-8595
-10634
-5658
1865
1469
-8205
-12911
-2438
9564
7434
-678
-1067
6477
14688
16752
14654
5636
-2682
5411
25370
26096
148
-10380
9508
25132
17034
6958
1461
-5144
1709
18506
10596
-16941
-20177
1471
4070
-10807
-13455
-7698
-11361
-12589
-4803
-5900
-13783
-9959
-2416
-7056
-10925
-1326
2719
-7788
-10080
1510
6567
-952
-5728
-4266
-1878
1096
2287
-5043
-12827
-7331
3888
1906
-8813
-10885
-1181
4602
4567
2205
1787
3118
11053
15873
14609
11506
5837
3312
11637
25410
16741
-2289
-997
16188
19475
12962
8644
1154
-5005
7471
17092
553
-19411
-11176
1731
-5114
-13107
-9367
-10023
-15568
-10300
-4569
-11238
-13989
-6443
-5358
-12251
-8230
683
-4316
-10941
-4299
3252
-1428
-4999
-1692
-1058
-2921
-862
-566
-6764
-7780
-840
605
-6086
-8380
-1489
2993
1239
769
3421
6310
7913
11135
11509
12221
16980
14063
2967
2727
22151
26990
5514
-6542
8415
21478
17730
10670
1654
-8143
1645
19935
10571
-18819
-20472
383
2734
-10820
-13672
-11412
-15020
-11683
-3800
-9099
-17280
-11041
-2396
-8158
-14303
-7647
-690
-3257
-7830
-6985
-4059
126
2219
-1904
-8458
-6348
1891
3094
-4858
-9778
-5643
1244
2449
-1292
-4026
-868
5981
10300
7812
2613
6427
15569
22221
14328
-324
-523
19129
30986
11642
-8167
1494
22095
22711
11364
2550
-3803
1153
17058
14749
-10733
-20383
-1405
5826
-9201
-16291
-9998
-10574
-13658
-8395
-8977
-16649
-12878
-3446
-7882
-17027
-10539
-1241
-4219
-8867
-6291
-4084
-3867
231
713
-5780
-6993
292
2384
-4247
-6442
-2208
-432
-1542
-1169
201
1071
4453
7325
6534
4789
9001
15073
15172
14224
11107
4808
5617
19317
24468
5643
-6034
8771
22585
15324
5971
4632
125
2151
14220
10457
-12979
-18377
977
4215
-13430
-19002
-10157
-9311
-12406
-9189
-12280
-19029
-12033
-1201
-7587
-19469
-14286
-2733
-1128
-5248
-7338
-8191
-4956
3280
4324
-4526
-9223
-2956
3067
836
-2970
-4490
-3763
-667
3899
3748
816
2244
8003
9100
7771
8801
12834
13313
14853
16797
9181
2448
11507
25792
14662
-4521
1370
19663
17150
5621
4705
4640
-26
6810
10501
-5020
-17672
-4199
4887
-11394
-22344
-10765
-3441
-12303
-16652
-13392
-14488
-11902
-3457
-6738
-21178
-19753
-1694
4454
-5882
-13668
-10157
-2313
5216
5220
-5513
-12857
-4159
7825
5054
-6609
-9358
-2338
4393
4921
2083
-243
1667
8258
11707
9631
6571
9068
13798
15045
16885
13565
5839
4555
16847
22733
8346
-1788
6867
15304
11395
7765
7001
-895
-2370
7464
7814
-8191
-13743
-3142
-3938
-15450
-14532
-5708
-10197
-18900
-15489
-10686
-12003
-10024
-6939
-14180
-20408
-8530
4057
-2269
-14679
-12969
-2199
3519
3040
-3170
-10557
-7608
5284
9028
-3480
-11545
-3884
6461
6522
1597
-557
1505
7836
13604
11129
5048
7266
15465
16492
13206
14943
12726
4661
6156
19617
18853
2355
-1078
10720
12704
7038
8388
7033
-5155
-4570
8930
6447
-11128
-13131
-3996
-8959
-15520
-7553
-5119
-18367
-22096
-9642
-5671
-12145
-11828
-9583
-14982
-14538
-882
3074
-9483
-16343
-6607
3499
3424
-1019
-6378
-8362
-1048
8737
4756
-8644
-9686
1671
8342
3725
-1082
-954
4100
11144
13781
8538
4783
10054
17479
16848
13843
13491
8877
3965
9410
21232
14557
-1831
-1770
12231
14170
7228
4586
182
-6734
1
10338
283
-18243
-14479
-1795
-6079
-15214
-11531
-9500
-16615
-15568
-7125
-8965
-14496
-10156
-7618
-14218
-11550
1769
1076
-12291
-13232
-118
5370
716
-4103
-6483
-4949
3328
8242
-1278
-11460
-5177
7820
8505
-568
-3465
1455
8732
12580
11063
5095
5545
13846
19390
14871
11559
13073
9537
4774
10784
20172
11449
-3069
286
12736
12203
6011
3690
-1996
-7632
2095
10254
-3726
-20013
-12144
-586
-7472
-14868
-10623
-10632
-16690
-12893
-5506
-10305
-15432
-10369
-7156
-11797
-9910
-1039
-2726
-10330
-8433
489
2243
-1718
-3798
-4653
-2970
2566
4866
-2591
-9033
-2347
7593
6886
-911
-2098
3376
9378
11776
9606
4931
6234
13590
17710
13746
12360
13476
7974
4094
12227
20667
9735
-3096
1961
12699
11830
7023
3565
-3407
-6201
4802
8448
-6893
-18916
-9623
-1963
-9953
-15189
-10811
-11409
-16068
-11781
-6362
-11450
-14008
-8235
-7014
-12337
-8775
-280
-3167
-9929
-6357
1742
1305
-2561
-2981
-3485
-2672
2159
3516
-4535
-8999
112
8077
3726
-3427
-550
5978
9709
9986
7771
4807
8228
15428
16519
10789
11227
15897
10401
2846
8342
19600
12813
-1012
49
10394
11647
7815
4503
-2512
-7053
2725
8973
-4136
-18221
-11297
-2216
-8935
-15748
-12016
-10436
-14324
-12080
-8125
-12080
-13021
-6190
-5456
-13116
-11464
-318
570
-6789
-7464
-1380
534
193
634
-2220
-4585
-142
4364
-767
-6642
-1724
4413
2423
-1569
1294
4652
5920
7710
8308
5987
6914
12723
14548
10870
11010
14996
10310
2706
6270
17465
13937
277
-1538
8880
12140
7949
4327
-320
-5069
738
7614
-1176
-15672
-13555
-3715
-6871
-15232
-13595
-9689
-12496
-13301
-9010
-9504
-12316
-8313
-5297
-10284
-11994
-2868
1587
-4170
-7007
-2198
1616
1631
1601
-539
-3397
-689
4017
1400
-4814
-2679
3261
2746
-416
1537
4929
5440
6519
8748
7567
7356
10702
13053
11087
10631
14595
11424
3018
2946
13720
16189
3541
-3285
4172
10711
8871
5232
1183
-5750
-3743
5310
3150
-11494
-16660
-7873
-5754
-12090
-13015
-10205
-12755
-14753
-9265
-6987
-10889
-10591
-6755
-7970
-10824
-4332
1820
-2000
-6682
-3216
2590
3211
2115
-69
-2848
-745
4547
3626
-3803
-4287
2273
4349
1235
198
2711
4269
6723
8397
6429
4759
8805
12745
10905
8546
12672
13165
4717
720
9336
16568
7101
-3257
-177
8293
9231
7063
2972
-4949
-7002
3495
7615
-5708
-18031
-11963
-4041
-7449
-12158
-11091
-12565
-14344
-8620
-4189
-9750
-12785
-7014
-4229
-8519
-6986
-254
-1068
-5499
-3349
2227
2636
660
392
-480
-143
2519
2831
-2079
-4019
947
3690
1011
-1082
1688
4187
5569
6789
6982
4736
6287
10166
11345
8434
9835
12351
6386
352
5933
16189
10596
-2122
-2586
7121
10926
8835
3790
-3723
-6737
3630
10168
-1575
-16853
-13197
-1933
-3058
-10733
-12630
-11678
-11160
-7608
-5065
-10410
-13245
-7123
-3010
-7251
-9058
-3053
-596
-2996
-2785
126
1023
1073
2366
597
-1633
448
2867
-58
-3784
-1008
1630
419
-207
1659
1499
1730
5277
7286
4036
3260
7384
9463
8009
8389
11193
7651
1257
3113
12532
14076
3034
-3393
3498
11440
11035
5779
48
-4538
-229
8794
5126
-10426
-15581
-4413
188
-8120
-13094
-10277
-9472
-9609
-6309
-7306
-12800
-9866
-2629
-4598
-11047
-6785
957
-842
-4803
-2381
1710
1746
1833
1604
-1258
-1346
2558
2756
-3429
-4896
596
2903
-499
-2266
201
2667
4673
5152
3430
2093
6022
9114
7953
5759
8794
10884
4573
-39
6369
15468
9852
-2365
-1745
8489
12514
8583
2533
-3357
-3893
6476
10380
-3013
-16114
-9143
2151
-2354
-11928
-11985
-8934
-8355
-6805
-6062
-11400
-11664
-3722
-2112
-9555
-10244
-598
1571
-4496
-5131
297
2589
1344
1153
-450
-1040
2355
3969
-1488
-5887
-397
4682
547
-4689
-2223
2899
4551
4203
2776
762
3537
9355
10359
4644
3753
10253
10316
2208
715
10517
13799
3245
-2489
4628
10919
9194
5559
954
-4157
688
9947
4575
-11524
-13559
-719
1882
-7736
-12082
-9029
-8023
-7023
-4522
-7951
-13435
-8365
-148
-3739
-10898
-6752
886
-476
-3630
-1647
-108
-842
1459
2932
-769
-2759
706
1674
-2311
-2653
1077
223
-3514
-2331
1855
2251
1478
1860
1725
2089
6621
9192
5436
2269
8511
13255
5665
-1483
4907
14537
9419
-826
418
7898
9818
8013
4684
-1451
-2941
6260
9159
-3267
-13231
-5453
2644
-3732
-11199
-9198
-6084
-6938
-6590
-6818
-10708
-9396
-2158
-1717
-10144
-10638
-674
2700
-3163
-5909
-1687
1306
1709
1971
-577
-2946
-539
2945
-268
-4550
-1846
1598
-918
-3844
-1156
2112
1784
1008
1513
1832
4153
6959
5730
2689
5278
11933
9023
-470
-423
10831
15151
4194
-3297
3156
11414
11121
6069
1351
-2623
1633
9790
6093
-7977
-11303
-102
3187
-6172
-10772
-6718
-4964
-7126
-6341
-6770
-9463
-7034
-2191
-3997
-10025
-6385
1233
397
-5042
-4321
802
1482
289
-129
-1164
-1689
42
1128
-2325
-3963
-936
313
-2360
-3620
-255
1366
587
605
1806
2302
3905
5668
5182
3758
6959
10393
5172
-1244
3096
13370
11028
-200
-1601
7590
11482
8097
4885
1539
-1286
4400
10256
2347
-10098
-6862
3223
13
-9225
-8634
-4571
-6322
-7707
-5393
-7827
-10344
-5394
-1101
-6657
-11245
-4263
1812
-1265
-5184
-2861
-313
12
1562
1269
-2624
-3465
550
2210
-1922
-3357
-1701
-1287
-2095
-760
530
-615
-499
1719
2802
2590
3711
4598
4584
5435
9318
8498
1500
-158
8388
14106
5470
-2088
3033
10369
9777
6969
4866
486
488
8183
8610
-2778
-8794
-1249
2131
-5081
-8225
-4655
-5181
-8880
-7388
-5084
-7944
-7711
-4180
-4893
-9294
-6752
-544
-1568
-5457
-4478
-774
-202
-487
234
-1487
-2860
-829
1329
-1219
-3992
-2078
-979
-2272
-2433
-80
312
-608
864
2995
2817
2968
4238
4865
4806
7218
9938
5772
-152
2530
11799
12233
2072
-1599
5381
11106
9904
6782
2596
-1208
3289
10656
6127
-6201
-8160
503
1665
-4764
-7283
-6052
-7226
-7740
-4677
-5662
-9814
-8439
-4025
-4911
-8275
-5673
-1965
-3159
-4499
-2162
-238
-1111
-731
232
-997
-1871
-358
363
-2296
-3090
-1378
-1439
-2311
-1285
21
-670
-92
2174
2959
2064
3105
4254
4745
5523
8065
8492
3421
336
5630
13235
9956
142
-80
8289
12015
8897
4958
1552
-78
5899
10225
2114
-8999
-6121
3209
563
-7959
-9052
-5837
-6537
-7439
-6318
-8707
-10829
-6563
-2705
-6288
-9267
-4667
-773
-2979
-4157
-1635
-450
-1367
-279
420
-1136
-1730
157
-87
-2735
-2411
-217
-1055
-2500
-1121
400
-639
-21
2551
3141
1630
2307
4385
5621
5993
7749
7187
1992
858
8194
14332
7009
-1965
2008
11399
12003
7162
3527
891
1268
8182
8979
-1944
-10024
-2433
4488
-2715
-10416
-7819
-4548
-7289
-8100
-6984
-9850
-10445
-4620
-2782
-8600
-9234
-2358
-341
-4206
-3785
-302
-725
-1727
571
1064
-1136
-917
831
-803
-2562
-77
1155
-2068
-3174
-5
1372
-136
568
2136
1399
1515
4436
5115
3792
4599
8554
7364
1334
1587
9235
13397
5608
-119
4450
10886
10579
7533
4398
517
1853
8849
7563
-3620
-8626
-941
2106
-5250
-9360
-6571
-6247
-8968
-8060
-7228
-10138
-9203
-4591
-4846
-8983
-6301
-800
-1805
-4762
-2596
697
-238
-746
805
542
-857
-48
1015
-780
-2013
-430
-648
-2741
-2392
169
-482
-2388
-430
2215
1875
788
2484
3468
3996
5774
8038
5795
584
2137
9543
12911
5902
103
4399
10932
11259
7790
4275
1170
2102
8018
7271
-2384
-7783
-2046
1350
-4782
-8647
-6716
-6819
-9585
-8344
-6187
-8955
-9628
-5714
-4105
-6578
-5284
-1249
-1723
-3379
-1203
1247
260
-83
1818
1252
-687
235
1760
-22
-2636
-1832
-922
-1637
-1550
-1220
-2548
-2850
1011
2999
432
-1006
2263
4515
4522
4859
6436
5761
2248
2684
7639
11799
7212
1397
3477
9939
11187
8068
4544
1409
899
6536
7831
-837
-8652
-4128
1477
-3164
-8919
-8267
-7287
-9102
-7945
-5803
-9139
-10588
-5715
-2203
-5407
-6569
-2341
-771
-1760
-1105
391
-616
-353
2461
1868
-1254
-1230
1416
851
-2157
-2179
-1349
-1742
-1802
-1205
-2417
-3101
246
2474
543
-967
2169
4968
4849
4516
6199
7436
4586
2643
5759
11508
10032
3384
2703
8476
11157
9418
6325
2445
-292
4616
8578
1515
-8339
-6565
-139
-2707
-8453
-8805
-8280
-9833
-8458
-5627
-8743
-11251
-6529
-1992
-4705
-7209
-3168
-495
-1136
-1276
-385
-893
-302
2677
2044
-1803
-1809
1772
2000
-1968
-2994
-1261
-550
-1003
-1491
-2612
-3193
93
2775
731
-2001
734
5191
5957
4547
5001
7415
6338
3426
4746
10505
11180
4415
2025
7516
11006
9199
6310
3277
-335
2526
7987
3557
-7421
-8854
-1432
-1131
-7721
-9731
-8321
-8895
-8631
-5516
-7118
-10666
-7289
-1641
-2952
-6767
-3524
522
-129
-1355
-77
398
-76
1713
2175
-677
-1970
572
1624
-1631
-3276
-1445
-572
-1751
-2311
-1914
-2377
-1087
1425
881
-1602
-278
4795
6044
3959
3634
7538
8511
4156
2673
7978
12240
7069
1856
4896
9494
9323
6925
4158
-232
97
6386
5434
-4947
-9915
-3173
-150
-6435
-10172
-8208
-7378
-8207
-6121
-6072
-9422
-7423
-1700
-1688
-6403
-4230
1471
1479
-1469
-1100
1175
1287
1793
1987
-561
-2181
387
2623
-1102
-5035
-3080
-41
-963
-3326
-3506
-2971
-1696
1255
1403
-1642
-1874
3761
6951
4683
3055
6509
8618
4728
3228
7830
11282
6277
2317
5489
8767
7687
6465
4571
-22
-683
5149
4415
-5012
-9201
-3249
-1099
-6858
-9309
-6887
-6579
-7707
-5975
-5374
-7879
-5964
-1508
-2092
-5834
-3382
2102
1846
-1476
-1527
926
2301
2361
1015
-1827
-2178
970
2342
-1577
-5732
-3983
-424
-308
-3204
-4978
-4325
-1706
1796
1320
-2158
-2464
3478
7428
5263
2655
5188
9357
7632
3522
4378
9791
10229
4842
2533
5651
8375
8545
5812
971
-1990
2664
6323
111
-8458
-7275
-1425
-2925
-7651
-8069
-6795
-7123
-6154
-4237
-6079
-7119
-3400
-1074
-3696
-4329
187
2054
-512
-1738
56
1548
1843
1459
-883
-2763
-730
2243
210
-4915
-5471
-1474
390
-2210
-5070
-5017
-2355
1311
1833
-1617
-3140
1651
7182
6039
2595
3251
8194
9477
5032
2573
6327
10817
7575
2554
3098
6894
8170
6472
3234
-610
-442
4035
3353
-4327
-8652
-4247
-1908
-5948
-8224
-6373
-6036
-7183
-5668
-4306
-5600
-4893
-2480
-2230
-3555
-1266
1803
778
-1488
-873
1852
2593
1390
-696
-2005
-873
1300
421
-4164
-6340
-2808
330
-1643
-5414
-5478
-2406
736
1637
-567
-2413
571
6287
7077
3365
2526
7067
10387
6741
2235
4103
9997
9819
3851
1646
5099
7605
6967
4388
445
-2231
1425
4667
-578
-8047
-6754
-1948
-3607
-7265
-6394
-5457
-7228
-6499
-3356
-4083
-6134
-4296
-1730
-2441
-2560
251
1142
-1088
-1588
1009
2499
1037
-854
-1433
-954
140
174
-2513
-5643
-4312
-313
-92
-4107
-5818
-3090
411
1424
335
-1573
-787
3729
7297
5223
2393
4267
9193
9383
4466
2587
6808
10935
7651
3046
3221
6190
7182
6435
3463
-1240
-1825
3159
3459
-3749
-8114
-4289
-2297
-5355
-6280
-4941
-6391
-7566
-4334
-2602
-5686
-6039
-2352
-1166
-3144
-1887
1225
478
-1583
-605
1371
915
-362
-788
-1662
-2038
-941
-1133
-4106
-5691
-3129
-1016
-2705
-4905
-4407
-2017
-112
859
-274
-1442
817
5397
6126
3399
3213
7057
9466
6280
3134
4885
9581
9099
4676
2693
4978
6784
6938
4927
771
-2158
1381
4578
177
-6457
-5889
-2436
-3242
-4891
-4414
-5612
-7367
-4899
-1599
-3809
-6271
-3769
-1090
-2106
-2421
-27
217
-1499
-1041
766
499
-776
-887
-1129
-1978
-1673
-1318
-3009
-4989
-3928
-1471
-1895
-4091
-4355
-2044
-95
534
73
-1011
48
3869
6141
4039
2515
5211
9185
8079
3829
3047
7463
9984
6547
2804
3604
5856
6681
6054
2928
-1382
-643
3977
3011
-3927
-6920
-3726
-2477
-4598
-5407
-5503
-6818
-6341
-3385
-3199
-5679
-4920
-2062
-1719
-2845
-1341
347
-390
-1098
-305
506
257
8
-531
-1640
-1976
-1379
-1620
-3396
-4220
-2720
-1674
-2737
-3581
-2331
-590
-11
244
-100
508
2708
5150
4347
3038
4686
8186
9070
5077
2435
5208
10457
9066
3165
1200
4584
6952
6608
3701
-568
-2777
1711
4822
-318
-7626
-6907
-2492
-2853
-5425
-6005
-6513
-7171
-4823
-2120
-3993
-6011
-3662
-1017
-1894
-2478
-316
388
-1014
-1518
-50
868
204
-745
-1700
-2132
-1411
-455
-1681
-4305
-4069
-1253
-406
-2431
-3272
-1712
-121
706
884
225
585
3270
5365
4395
3564
5505
8372
7326
3733
3461
7607
9600
5495
1772
3052
5663
6248
4926
1806
-1737
-291
4130
2494
-4695
-7244
-3331
-2202
-4853
-5846
-5681
-6957
-6152
-2816
-2859
-5870
-5131
-1875
-1425
-2642
-1565
-247
-985
-1412
-369
453
23
-519
-1049
-1681
-1529
-762
-1065
-3056
-4044
-2139
-556
-1424
-2807
-2284
-856
372
1340
785
-5
1595
4709
5103
3747
4338
7299
8066
5012
3247
6120
9463
7074
2533
1979
4614
5978
5413
2563
-1345
-1703
2809
3605
-2458
-7111
-4661
-2006
-3741
-5515
-5623
-6392
-6386
-3555
-2237
-4564
-5299
-2672
-913
-1623
-1620
-456
-484
-1044
-484
601
402
-778
-1349
-1190
-986
-1133
-1611
-2832
-3666
-2482
-853
-1293
-2962
-2790
-962
474
1035
446
5
1247
4354
5035
3695
3654
6640
8511
5533
2695
4676
9049
7728
2768
1219
3866
5914
5749
3013
-987
-2262
2066
3905
-1295
-7240
-5945
-2248
-2873
-5428
-6386
-6472
-5943
-3680
-2336
-4481
-5611
-2968
-379
-1197
-2162
-768
-52
-491
-336
750
584
-498
-731
-552
-625
-912
-1125
-2169
-3436
-2430
-532
-910
-2940
-2969
-727
707
987
379
68
1165
4184
5416
3816
3181
5915
8423
5884
2550
3645
7775
7466
3360
1372
3214
5071
5589
3582
-13
-1882
1416
3533
-617
-6044
-5518
-2293
-2949
-5393
-5883
-5459
-5372
-4019
-2745
-4262
-5081
-2511
-571
-1971
-2677
-611
227
-870
-840
261
312
-524
-689
-800
-1098
-1012
-1201
-2381
-3507
-2363
-763
-1314
-2954
-2721
-770
466
780
460
191
1319
3995
5039
3653
3285
5974
8028
5503
2618
4193
7898
7151
3253
1794
3518
5232
5579
3521
-147
-1612
1552
3277
-786
-5788
-5447
-2728
-3102
-5144
-5928
-5996
-5508
-3848
-2974
-4834
-5178
-2479
-784
-2081
-2583
-874
-153
-313
-37
253
-299
-203
349
-225
-1106
-886
-889
-2008
-2746
-1786
-1130
-1768
-2310
-1833
-917
-78
776
721
508
1368
3510
4207
3765
3825
5678
7066
5254
2928
3899
7375
7238
3445
1380
3162
5339
5603
3199
-287
-1825
1046
3051
-341
-5845
-6265
-3079
-2527
-4849
-6545
-6538
-5557
-3782
-3126
-4918
-5389
-2814
-673
-1657
-2635
-1386
-206
112
295
353
-245
-164
751
439
-746
-950
-630
-1310
-2021
-1502
-1079
-1497
-1626
-1200
-881
-109
1129
1395
878
1355
3356
4421
4209
4110
5424
6699
5199
3316
4380
7189
6551
3105
1918
3551
5063
5012
2968
-349
-1751
1189
2846
-1030
-6198
-5940
-2675
-2735
-5219
-6777
-6563
-5588
-3849
-3333
-5359
-5945
-3115
-542
-1606
-3163
-2166
-496
433
706
300
-768
-462
1277
1261
-706
-1553
-771
-724
-1498
-1453
-1345
-1658
-1442
-872
-922
-760
796
1404
908
642
2422
3696
4069
4150
4856
5544
4395
4025
5308
6928
5429
3076
3020
4340
4987
4576
2589
89
-488
2019
2009
-1766
-5166
-4258
-2400
-3313
-5283
-6281
-6110
-5128
-3863
-3689
-5352
-5082
-2517
-629
-1445
-2613
-1812
-477
754
1005
86
-849
-79
1745
1178
-788
-1519
-632
-374
-1193
-1752
-2044
-1770
-924
-660
-1538
-1268
834
2148
969
376
1789
3744
4453
4200
4217
4189
3889
4269
5575
5999
4079
2566
3141
4190
4263
3350
1628
-534
-439
1494
1173
-2533
-5175
-3859
-2235
-3300
-5287
-6101
-5784
-4597
-3016
-3483
-5418
-4840
-1632
9
-1450
-2607
-1886
-168
1280
1188
-412
-1374
343
2309
1558
-862
-1626
-324
375
-350
-1517
-1913
-1241
-31
46
-1032
-871
1263
2707
1841
689
1607
3935
5193
4478
3448
3343
3961
4979
5720
4975
2820
2404
3923
4689
3231
1692
982
442
312
354
-704
-3079
-4202
-3277
-3169
-4641
-5879
-5520
-5156
-4852
-4255
-4299
-4872
-4070
-1870
-941
-1991
-2602
-1444
300
912
209
-700
-638
829
1931
1307
-653
-1297
-63
1045
62
-1606
-1799
-495
452
2
-816
-601
983
2399
2152
1007
1422
3378
4847
4515
3695
3231
3530
4600
5490
4781
2929
2622
3680
4230
3379
2330
1229
123
134
728
-272
-3008
-4369
-3524
-3192
-4124
-5218
-5707
-5794
-4571
-3127
-3725
-5307
-4505
-1699
-559
-1877
-2869
-1966
24
1205
404
-1235
-1086
1169
2463
1091
-972
-1230
367
1453
401
-1775
-1974
73
1333
226
-1304
-594
1357
2638
1998
914
1007
2975
4787
4611
3145
2438
3157
4436
5306
4449
2570
1863
3365
4551
3847
1775
241
215
1299
1366
-879
-3479
-3929
-2620
-2516
-4104
-5653
-5707
-4656
-3606
-3435
-4490
-4997
-3492
-1430
-1287
-2644
-2816
-1189
569
662
-597
-1212
134
1861
1712
51
-859
-157
1024
1021
-549
-1979
-1115
1008
1091
-781
-1491
194
1870
1921
1012
490
1365
3099
4044
3477
2880
2939
3454
3947
4608
4337
3266
2465
3005
3668
3513
2342
886
-10
421
1002
-132
-2644
-3857
-3302
-2837
-3712
-4909
-5495
-5219
-4088
-3388
-3915
-4686
-3679
-1882
-1455
-2349
-2411
-1019
297
284
-513
-724
395
1661
1377
-73
-602
352
1059
441
-933
-1580
-656
723
496
-855
-1101
377
1552
1393
638
546
1588
2717
3217
3011
3232
3442
3420
3625
4433
4765
3816
2658
2681
3493
3902
2925
1207
3
501
1520
662
-2010
-3693
-3031
-2201
-3043
-4602
-5375
-4984
-3806
-3048
-3616
-4560
-3728
-1804
-1428
-2423
-2433
-846
114
-69
-581
-427
396
1260
911
-385
-806
147
721
-237
-1543
-1722
-621
286
34
-896
-872
286
1262
1105
460
434
1384
2395
2572
2327
2896
3846
3803
3174
3406
4401
4238
3131
2274
2431
2889
3095
2117
444
-274
764
1067
-742
-2926
-3222
-2603
-2728
-3770
-4700
-4954
-4202
-3118
-2981
-3691
-3612
-2290
-1566
-1930
-1802
-773
-161
-260
-106
317
580
910
969
326
-377
70
565
-165
-1276
-1232
-415
16
-71
-275
-174
476
1348
1442
928
910
1589
2392
2440
2296
2622
3610
3858
3138
3063
3834
3551
2410
1999
2397
1909
1303
1027
572
-84
-120
-272
-1661
-2776
-2621
-2406
-3496
-4708
-4495
-3855
-3607
-3604
-3335
-3060
-2441
-1423
-1223
-1526
-1094
152
610
254
393
907
1105
1138
1052
639
77
195
220
-531
-1397
-1270
-789
-837
-995
-806
-427
95
575
593
345
667
1485
1665
1404
1402
2264
3007
3071
2846
2954
3166
3200
3150
2594
1706
1554
2069
1858
764
210
232
-36
-709
-1213
-1729
-2420
-2535
-2491
-3032
-3855
-3620
-2715
-2460
-2541
-2348
-2020
-1724
-875
-210
-467
-870
-244
640
737
347
328
378
311
361
335
-84
-650
-605
-545
-796
-1010
-696
-416
-489
-371
-14
374
438
560
691
854
1195
1555
1800
1743
1993
2536
3142
3130
2573
2089
2309
2811
2780
1796
737
557
1325
1722
560
-1113
-1673
-659
-72
-976
-2746
-3447
-2495
-1369
-1564
-2845
-3495
-2427
-798
-578
-1872
-2420
-1244
152
241
-654
-1161
-655
446
749
-244
-1385
-1133
-58
38
-1206
-2140
-1764
-886
-662
-1119
-1652
-1400
-310
476
-2
-656
-26
1175
1574
1215
1212
1709
2459
2976
3249
3118
3072
3161
3214
3323
3325
2910
2056
1648
1980
2255
1712
525
-296
-108
484
174
-1257
-2335
-1947
-1042
-1195
-2293
-2852
-2201
-1345
-1226
-1841
-2182
-1716
-769
-570
-1122
-1410
-826
-209
-353
-852
-1117
-1020
-836
-994
-1653
-2172
-1868
-1338
-1667
-2309
-2246
-1371
-726
-557
-826
-1040
-350
937
1498
757
499
1511
2803
3009
2665
2593
2965
3462
3683
3402
2772
2531
2671
2639
2217
1507
995
989
1064
768
24
-513
-780
-662
-578
-950
-1732
-2172
-1693
-1044
-1094
-1821
-2017
-1419
-873
-887
-1149
-1220
-988
-560
-467
-851
-1103
-712
-433
-849
-1473
-1581
-1310
-1176
-1445
-2026
-2228
-1625
-941
-1024
-1510
-1316
-572
68
281
153
65
756
1843
2077
1560
1581
2453
3087
2950
2357
2083
2451
2959
2607
1687
1267
1752
2113
1612
687
380
873
1076
296
-629
-732
-204
-153
-828
-1601
-1508
-757
-401
-966
-1661
-1536
-804
-430
-867
-1523
-1515
-971
-716
-964
-1338
-1374
-1151
-982
-1228
-1591
-1652
-1364
-1307
-1533
-1687
-1405
-996
-800
-750
-587
-193
337
624
673
841
1369
1695
1767
1881
2088
2203
2252
2274
2240
2156
2141
1858
1522
1484
1551
1252
689
561
703
771
385
-120
-322
-1
175
-276
-901
-891
-381
-214
-611
-1047
-999
-604
-349
-675
-1150
-1123
-660
-656
-1183
-1446
-1155
-959
-1170
-1548
-1772
-1645
-1270
-1223
-1798
-2193
-1661
-857
-839
-1363
-1403
-753
74
393
141
-163
348
1349
1654
1164
978
1627
2187
2161
1752
1667
2046
2435
2103
1376
1300
1837
2000
1340
630
633
1132
1354
744
-13
-81
480
597
20
-515
-469
-243
-270
-497
-815
-921
-843
-821
-1193
-1366
-1158
-1138
-1689
-1943
-1538
-1213
-1559
-2087
-2134
-1680
-1247
-1298
-1851
-2138
-1527
-570
-372
-990
-1244
-472
580
856
354
27
579
1569
1970
1516
1072
1359
2134
2518
2165
1646
1726
2172
2417
2051
1549
1370
1569
1604
1254
758
695
830
664
209
56
120
30
-238
-469
-688
-799
-679
-739
-1101
-1435
-1268
-1110
-1285
-1612
-1674
-1672
-1733
-1756
-1707
-1835
-2023
-2006
-1822
-1695
-1681
-1683
-1670
-1505
-1208
-849
-655
-668
-607
-174
438
697
608
595
1026
1562
1786
1681
1637
1944
2260
2322
2086
1960
2087
2292
2250
1853
1481
1617
1931
1748
1073
698
871
1086
850
232
-142
40
345
212
-351
-724
-575
-160
-199
-753
-1202
-1059
-700
-742
-1140
-1509
-1523
-1384
-1263
-1294
-1523
-1875
-1951
-1581
-1289
-1504
-1906
-1985
-1580
-1102
-843
-1054
-1228
-1003
-309
208
211
-135
-133
506
1154
1133
682
670
1175
1607
1521
1208
1039
1259
1575
1499
966
629
967
1326
1056
446
274
598
840
592
122
-72
239
606
492
-20
-223
193
607
387
-150
-322
-52
187
-30
-473
-625
-439
-437
-628
-788
-820
-966
-1059
-1059
-1082
-1165
-1178
-1151
-1226
-1167
-830
-620
-775
-853
-499
-116
1
-28
-8
141
489
760
695
460
600
959
1030
807
608
717
801
757
545
402
368
483
476
218
2
193
454
293
1
53
386
504
365
206
290
533
626
428
136
181
414
490
140
-178
-170
32
-4
-296
-537
-621
-652
-702
-753
-852
-1042
-1071
-990
-901
-915
-813
-737
-839
-844
-580
-300
-340
-461
-436
-205
115
349
210
-10
157
649
803
516
226
290
584
747
581
211
133
416
693
541
172
106
409
611
457
228
251
466
599
554
394
386
576
678
481
253
281
449
427
189
-52
-129
-42
13
-138
-495
-667
-553
-392
-454
-802
-1026
-887
-531
-524
-735
-879
-777
-577
-408
-442
-625
-624
-393
-189
-171
-165
-104
-15
122
345
423
229
141
334
433
254
124
194
161
103
118
80
-21
55
204
57
-85
110
393
334
145
156
368
594
677
476
272
442
799
780
439
224
321
455
455
291
56
-160
-117
-8
-78
-286
-421
-496
-509
-307
-193
-390
-661
-586
-343
-276
-413
-540
-581
-531
-440
-228
-132
-262
-387
-185
153
255
78
-91
-141
-89
31
153
-112
-546
-540
-47
91
-293
-547
-417
-207
-55
47
-148
-312
-28
461
500
237
271
589
787
779
744
680
705
838
875
704
543
609
664
565
356
275
252
277
241
42
-120
-59
56
-32
-178
-236
-159
-123
-163
-294
-365
-328
-259
-271
-337
-372
-341
-259
-182
-186
-330
-401
-287
-212
-361
-553
-565
-509
-522
-560
-617
-687
-628
-530
-527
-565
-488
-317
-220
-205
-145
75
298
378
316
352
542
757
764
600
496
607
823
841
638
416
461
626
681
505
293
201
251
365
382
173
-98
-87
117
175
-35
-221
-237
-206
-143
-154
-287
-468
-393
-231
-223
-347
-418
-379
-358
-309
-342
-452
-543
-448
-397
-518
-623
-514
-415
-476
-504
-464
-357
-255
-111
-119
-140
-21
296
436
343
274
402
605
702
689
536
472
606
764
668
477
404
502
521
499
387
330
247
248
268
301
174
25
7
71
87
14
-96
-244
-249
-95
-62
-294
-493
-384
-197
-240
-462
-559
-476
-360
-344
-421
-544
-523
-325
-228
-401
-585
-438
-184
-119
-315
-401
-305
-38
163
97
-163
-188
211
533
396
35
4
338
614
536
238
83
241
523
535
268
108
226
376
399
328
230
220
266
281
230
243
233
117
24
54
124
121
-11
-198
-258
-128
-118
-288
-452
-450
-443
-446
-487
-573
-582
-514
-487
-609
-588
-444
-343
-431
-514
-484
-289
-93
-124
-320
-336
11
324
241
-39
-59
323
699
680
335
202
540
968
912
545
351
586
852
834
572
433
516
613
617
521
471
444
463
338
260
283
321
128
-101
-137
-79
-83
-184
-391
-523
-471
-347
-464
-698
-762
-673
-676
-820
-868
-772
-687
-738
-876
-842
-648
-450
-467
-675
-794
-523
-116
-105
-456
-593
-243
187
250
-38
-205
15
480
647
363
41
242
749
917
580
271
421
813
927
733
499
468
628
800
818
643
502
554
680
680
652
596
428
265
318
442
346
58
-174
-178
-67
-73
-299
-548
-661
-540
-494
-652
-883
-852
-728
-763
-940
-906
-690
-567
-687
-826
-754
-485
-263
-315
-563
-664
-354
67
99
-313
-489
-197
232
310
67
-141
-81
264
487
396
142
160
396
552
552
478
491
514
608
662
750
729
637
538
629
809
797
523
327
436
608
561
306
68
-1
179
211
-78
-509
-497
-267
-256
-599
-863
-777
-553
-448
-667
-866
-785
-399
-286
-510
-678
-500
-161
-4
-181
-392
-293
93
251
45
-227
-158
141
312
151
-108
-105
99
253
217
96
-9
72
225
355
286
173
160
273
413
459
373
214
208
383
544
418
182
113
260
385
328
84
-108
-24
179
111
-169
-321
-231
-112
-168
-366
-467
-373
-237
-275
-451
-454
-270
-112
-187
-284
-259
-85
60
74
-74
-132
22
224
214
58
-16
30
126
161
115
-46
-116
-70
12
-40
-95
-158
-188
-175
-70
27
24
-40
-74
39
211
314
219
72
82
292
486
427
216
118
283
441
424
216
48
48
159
195
50
-140
-168
-77
-114
-224
-283
-228
-298
-379
-421
-291
-250
-350
-400
-324
-193
-185
-150
-210
-235
-200
-44
-43
-167
-190
-106
-51
-92
-46
-15
-102
-211
-114
67
80
-69
-166
-118
93
308
312
84
32
280
631
687
455
257
376
661
843
710
398
288
499
753
655
349
116
193
354
336
75
-166
-188
-105
-132
-279
-437
-504
-493
-448
-491
-589
-604
-548
-497
-526
-530
-512
-484
-451
-429
-440
-432
-382
-338
-332
-352
-362
-322
-253
-181
-207
-262
-223
-48
47
4
-34
44
233
356
374
303
337
514
722
753
666
616
692
890
1001
873
677
679
829
854
727
564
460
454
490
415
197
57
107
101
-89
-317
-298
-259
-325
-500
-604
-609
-490
-427
-561
-725
-663
-459
-450
-589
-645
-565
-524
-525
-547
-537
-573
-534
-501
-484
-461
-406
-444
-529
-444
-233
-167
-323
-392
-194
80
158
30
-58
43
322
497
393
187
216
543
762
682
438
428
617
849
789
560
413
532
730
675
450
304
431
525
435
250
221
253
265
174
71
-7
28
83
-30
-204
-207
-86
-156
-273
-292
-282
-319
-317
-275
-328
-412
-413
-359
-345
-347
-354
-425
-478
-378
-189
-186
-379
-490
-321
-53
8
-195
-391
-303
10
195
60
-193
-214
70
359
320
74
-39
181
423
450
253
138
236
438
474
346
255
307
411
387
274
179
194
216
191
60
-15
7
72
11
-120
-153
-78
-86
-186
-257
-269
-265
-237
-200
-279
-347
-270
-183
-226
-280
-246
-212
-221
-214
-165
-134
-141
-162
-154
-55
38
-5
-136
-101
37
87
39
28
43
80
151
221
203
151
182
241
285
248
207
193
228
254
246
183
154
201
236
163
76
92
120
97
29
-1
-13
-20
-25
-41
-119
-160
-163
-138
-203
-269
-288
-280
-279
-268
-233
-268
-277
-222
-101
-56
-108
-199
-166
28
129
10
-181
-176
72
252
147
-98
-134
80
299
287
47
-91
49
335
360
141
13
166
375
359
212
138
226
317
315
191
88
106
223
230
72
-78
-22
82
34
-128
-213
-208
-182
-156
-226
-345
-392
-293
-256
-340
-434
-409
-336
-298
-293
-286
-266
-232
-130
-29
-24
-87
-18
123
201
147
99
116
138
216
283
220
54
95
258
298
168
63
73
135
174
158
74
8
79
193
214
112
56
122
232
243
158
104
135
154
140
118
31
-61
-35
8
-102
-271
-263
-158
-154
-312
-399
-368
-289
-275
-328
-420
-464
-336
-196
-227
-358
-306
-149
-24
10
-5
3
112
248
315
300
248
267
350
411
367
271
207
235
302
303
184
89
111
175
188
107
10
-53
10
76
84
-2
-59
-26
92
164
91
-10
-21
68
93
12
-108
-121
-71
-44
-127
-216
-223
-154
-153
-223
-286
-309
-293
-263
-264
-329
-353
-287
-206
-197
-218
-205
-158
-122
-60
-12
-11
-12
59
141
186
182
180
165
189
265
268
166
108
176
227
180
133
147
175
186
168
121
95
128
131
61
6
68
125
85
11
17
73
83
48
-5
-48
-61
-44
-31
-60
-112
-161
-146
-93
-49
-99
-200
-240
-183
-69
-70
-183
-271
-200
-52
17
-72
-191
-172
5
126
34
-113
-102
54
148
103
7
-16
75
197
213
95
7
87
232
218
79
15
79
165
151
65
-13
26
104
78
-18
-57
9
86
50
-52
-79
-17
23
-17
-85
-132
-118
-63
-37
-77
-126
-123
-76
-24
-27
-73
-129
-116
-38
28
3
-104
-139
-66
55
55
-47
-117
-65
47
84
1
-106
-82
26
113
60
-57
-74
57
161
91
-28
-37
66
128
113
32
-29
14
117
141
40
-19
64
159
118
57
52
60
64
51
23
-21
-40
-26
-23
-55
-87
-121
-119
-105
-73
-83
-116
-115
-51
17
18
-41
-62
-2
109
114
-4
-86
-19
98
94
1
-87
-31
73
143
67
-29
-33
81
138
63
-27
-4
83
122
79
-4
-2
53
124
62
-55
-57
77
131
25
-77
-34
84
125
48
-55
-77
21
113
39
-110
-113
5
52
-15
-100
-110
-55
14
-18
-102
-125
-72
-21
-21
-70
-92
-63
-28
-22
-13
-14
-20
-10
13
28
24
2
-24
-17
1
32
21
-7
-33
-10
24
29
-31
-88
-70
-14
7
-70
-112
-68
4
-9
-55
-78
-60
-29
-14
-16
-81
-96
-32
30
-4
-48
-17
44
63
33
-1
-20
7
44
35
-21
-26
36
68
27
2
26
43
54
70
73
38
39
88
143
128
85
76
120
167
161
118
77
79
106
131
100
41
14
23
22
2
-26
-58
-91
-109
-113
-124
-155
-161
-151
-133
-121
-123
-122
-122
-117
-118
-121
-136
-130
-102
-86
-88
-75
-30
-15
-27
-30
1
9
-3
6
24
9
22
71
74
56
82
116
106
111
144
139
91
99
151
183
155
136
133
143
166
166
122
63
60
94
99
35
-21
-9
20
-4
-72
-107
-96
-91
-101
-132
-149
-155
-135
-105
-123
-149
-136
-80
-77
-131
-140
-108
-77
-67
-68
-85
-59
-2
18
-19
-44
-10
18
-9
-57
-38
18
37
16
-7
7
54
100
77
19
21
99
143
113
78
94
146
155
122
76
78
98
98
33
-5
30
80
68
14
-10
30
85
40
-45
-85
-53
-40
-61
-85
-90
-84
-58
-47
-61
-74
-80
-79
-91
-92
-83
-83
-95
-66
-2
15
-21
-26
17
44
12
-24
-21
-4
16
37
31
9
27
90
104
52
17
38
77
51
28
23
25
30
53
48
25
19
23
27
9
-3
-13
-19
-6
-3
-6
-1
-20
-18
23
32
5
-32
-60
-27
5
-18
-82
-94
-54
-17
-26
-71
-112
-92
-25
-14
-57
-76
-38
12
24
-3
-16
0
42
60
27
8
22
64
73
56
56
85
95
91
98
70
53
62
78
45
12
11
24
10
-19
-31
-40
-21
-17
-36
-62
-45
-23
-39
-74
-74
-47
-37
-40
-62
-70
-31
18
0
-47
-46
-7
-4
-27
-46
-33
-18
-22
-15
-2
7
15
25
1
-1
28
30
12
-10
-15
2
32
26
-2
-14
14
60
67
25
-11
4
39
48
3
-59
-61
0
37
-15
-79
-70
-5
5
-53
-94
-55
2
-6
-34
-56
-37
-7
0
-18
-31
-21
9
17
2
-3
33
59
62
63
57
46
48
74
68
44
43
68
53
26
38
59
35
4
1
24
30
12
13
33
60
61
49
52
46
44
56
39
-17
-22
6
9
-18
-21
-19
-29
2
6
-54
-85
-43
-25
-50
-54
-41
-36
-28
-19
-24
-55
-67
-69
-69
-51
-20
-47
-74
-30
11
16
-11
-6
-6
19
51
38
-11
-26
25
70
58
5
6
58
96
62
22
10
17
31
37
19
-3
-5
21
34
14
-6
-2
17
-2
-42
-56
-29
-29
-65
-97
-106
-85
-55
-52
-72
-73
-60
-15
1
-43
-61
-30
-11
-19
-17
3
-4
-5
22
35
27
19
28
41
49
46
47
25
10
28
54
54
29
4
23
66
70
23
2
20
56
51
22
-10
-8
40
54
-1
-30
2
41
26
-19
-33
-16
1
-1
-38
-74
-59
-8
-16
-102
-135
-59
-17
-51
-104
-117
-67
-23
-22
-63
-84
-35
33
16
-8
16
51
60
47
47
66
61
57
57
59
73
83
81
66
65
75
73
89
87
50
28
60
75
50
36
38
17
9
33
33
-9
-45
-31
-3
-20
-63
-68
-41
-37
-47
-63
-73
-83
-92
-100
-106
-108
-104
-96
-91
-65
-42
-32
-55
-56
-48
-27
-24
-52
-60
-24
28
37
32
15
32
73
101
66
21
11
45
99
102
46
20
71
119
107
57
43
42
64
70
48
20
5
6
16
10
-5
-16
-15
-13
-20
-34
-39
-18
1
-14
-26
-27
-7
-12
-45
-87
-93
-50
-38
-62
-94
-67
-29
-18
-26
-44
-50
-22
19
24
-28
-69
-35
8
9
-12
-7
28
37
31
40
63
57
51
57
58
61
85
78
42
33
45
67
55
25
13
24
18
8
19
9
-15
-7
7
8
-3
-16
-14
-15
-8
-16
-34
-55
-43
-27
-47
-71
-93
-87
-68
-55
-72
-90
-66
-19
-11
-50
-58
-52
-27
-3
-3
-35
-42
-17
30
32
19
30
37
75
99
113
103
101
106
111
101
92
76
41
43
74
71
25
12
36
67
44
-12
-31
-23
11
10
-31
-64
-40
3
6
-19
-33
-28
-10
-29
-62
-80
-81
-81
-83
-79
-71
-60
-43
-34
-42
-53
-58
-65
-72
-66
-51
-36
-42
-58
-41
-8
-5
-14
-14
-2
15
30
29
28
23
31
47
46