-3
-2
-3
-3
-3
-3
-3
-4
-4
-3
-4
-4
-4
-4
-4
-4
-3
-3
-4
-3
-2
-2
-2
-3
-3
-3
-3
-4
-5
-4
-4
-3
-2
-1
-1
0
1
1
2
1
1
1
1
2
2
3
3
3
4
3
3
2
3
2
1
1
1
1
2
2
1
2
2
2
1
2
2
2
2
2
1
1
1
1
1
0
0
1
0
1
1
2
1
2
2
2
2
2
3
3
4
5
5
5
5
5
4
4
4
4
3
3
2
3
3
3
3
3
4
3
3
4
3
3
3
2
1
-1
-1
-2
-2
-3
-2
-2
-3
-3
-3
-3
-3
-4
-4
-4
-4
-4
-3
-4
-3
-2
-2
-1
-1
-1
-1
-1
-1
-2
-2
-2
-2
-1
0
0
0
0
0
-2
-2
-2
-3
-4
-5
-4
-5
-6
-7
-6
-7
-7
-8
-8
-8
-8
-7
-6
-5
-5
-4
-3
-3
-3
-2
-1
-1
1
1
3
4
5
6
6
7
7
6
6
4
3
4
3
3
2
1
1
1
0
0
-1
0
-1
0
1
1
2
2
3
3
3
3
3
2
4
3
3
4
4
4
4
2
2
2
1
0
0
-1
-1
0
-2
0
-1
0
0
0
0
0
0
-1
-2
-2
-3
-5
-6
-8
-9
-10
-10
-9
-7
-6
-3
-1
2
5
7
8
9
10
9
8
9
7
7
7
7
7
7
6
5
4
4
2
1
0
-1
-1
0
-1
0
0
0
1
1
1
1
3
4
5
6
8
9
9
8
7
6
3
1
-1
-3
-4
-5
-6
-6
-6
-5
-6
-6
-6
-6
-7
-7
-6
-5
-4
-5
-4
-5
-5
-5
-7
-7
-9
-10
-10
-11
-10
-9
-9
-7
-5
-4
-4
-4
-2
-3
-3
-4
-5
-7
-7
-7
-9
-8
-8
-8
-7
-7
-7
-5
-5
-5
-3
-2
-1
1
2
4
5
7
8
8
8
10
10
11
13
15
17
19
20
21
19
17
13
10
8
4
2
2
2
4
6
5
5
3
2
0
-3
-5
-5
-3
-2
2
7
9
11
11
9
6
1
-4
-9
-11
-13
-12
-9
-6
-3
-2
-2
-2
-4
-5
-8
-9
-9
-8
-6
-2
-1
3
3
2
1
-2
-6
-9
-11
-12
-11
-11
-8
-6
-3
-1
1
1
3
5
7
10
11
12
14
17
19
16
11
8
7
4
-1
-3
-3
-5
-5
-7
-8
-8
-9
-11
-11
-9
-7
-5
-5
-2
4
9
11
12
15
18
18
19
20
18
13
8
6
2
-6
-15
-21
-21
-21
-18
-13
-7
-1
5
14
19
16
10
3
-7
-14
-26
-40
-54
-60
-62
-61
-58
-52
-43
-31
-17
-6
0
4
10
17
18
15
14
18
19
13
10
15
18
14
12
18
23
19
12
14
18
9
-6
-4
1
-9
-24
-25
-13
-6
-12
-17
-8
2
3
-1
4
10
13
16
26
31
31
38
43
40
36
47
55
50
40
45
58
60
49
46
54
48
36
32
30
18
4
-10
-22
-27
-31
-44
-63
-75
-75
-78
-91
-104
-105
-103
-104
-98
-87
-81
-75
-50
-17
-3
5
25
54
71
80
89
101
108
108
107
107
100
87
72
62
54
37
25
21
16
-1
-11
-3
2
-5
-11
-1
11
15
17
36
50
45
36
43
42
17
-20
-51
-66
-82
-114
-151
-155
-140
-138
-156
-160
-149
-144
-149
-155
-158
-155
-146
-144
-138
-122
-93
-64
-34
-6
26
68
101
121
136
162
183
191
184
182
183
173
153
141
131
105
83
70
54
31
15
3
-15
-33
-44
-38
-45
-59
-66
-57
-53
-57
-52
-46
-44
-41
-30
-16
-18
-43
-62
-61
-49
-59
-71
-68
-39
-16
1
31
50
59
72
85
82
53
45
58
42
-2
-14
27
38
14
-13
7
29
23
11
-13
-28
-27
-17
-47
-94
-95
-67
-47
-46
-38
-3
44
64
67
110
130
118
96
110
107
61
-14
-24
-14
-26
-22
17
69
57
59
61
72
23
-49
-130
-175
-180
-188
-192
-172
-103
-3
86
96
98
106
120
109
98
155
187
170
205
334
401
327
239
204
160
20
-169
-361
-482
-461
-335
-295
-331
-194
87
287
278
142
54
94
85
-40
-180
-185
-187
-129
-112
-240
-375
-409
-396
-491
-563
-606
-598
-524
-413
-308
-186
0
148
251
298
264
314
397
400
282
274
324
374
471
578
535
409
452
512
444
290
201
73
85
53
-142
-384
-356
-288
-425
-523
-442
-161
-75
-199
-266
55
284
69
-155
-176
-42
76
73
10
130
460
600
700
846
891
725
518
355
189
-45
-471
-874
-968
-801
-774
-764
-639
-437
-228
28
133
4
-144
-244
-290
-370
-475
-458
-336
-321
-361
-165
84
11
-223
-190
39
65
-6
49
364
583
562
514
709
847
683
377
221
212
207
101
-19
118
470
708
652
711
813
726
368
13
-340
-631
-834
-918
-739
-414
-77
190
653
1041
1059
739
431
300
104
-266
-724
-1125
-1260
-1143
-1002
-1040
-1088
-912
-589
-504
-734
-943
-896
-877
-1004
-995
-855
-683
-446
-180
44
333
755
1016
1126
1148
1255
1355
1244
985
707
609
484
400
381
453
363
369
696
968
900
686
647
657
629
354
-85
-387
-474
-642
-805
-645
-343
-85
76
288
483
428
218
-98
-512
-827
-828
-813
-828
-676
-293
-6
69
-12
-110
-308
-764
-1158
-1109
-938
-935
-969
-757
-676
-978
-1567
-2163
-2763
-4422
-5875
-5708
-4030
-2806
-1718
841
4924
9080
11204
12392
13435
13669
11501
8428
5260
1682
-1932
-5081
-6956
-7702
-7707
-7799
-6920
-5518
-4819
-4930
-5176
-5704
-6424
-6520
-6356
-5510
-3589
-778
2656
6414
9501
12033
14341
15126
14023
12146
9791
6137
2261
-1206
-4325
-6591
-7930
-8818
-8673
-7483
-6753
-6286
-5660
-5358
-5720
-5443
-6936
-10975
-12466
-10658
-9247
-11336
-11176
-6153
2378
8951
12500
17543
24695
30516
31916
30480
26011
20955
16050
9140
-976
-9461
-14600
-17726
-20438
-22489
-22685
-20005
-16588
-14985
-12903
-9986
-8122
-7461
-5464
-2891
-1407
-350
2225
7335
12059
14791
17643
22543
25586
25118
23232
20040
14117
7004
172
-7041
-13897
-19420
-22507
-22910
-21571
-20268
-17854
-13467
-9605
-7147
-4777
-2725
-2075
-3110
-3770
-3611
-1784
-1006
-222
2495
7659
12561
15837
18649
20940
23099
23221
21302
17223
13061
9020
4824
1021
-2478
-7184
-11722
-12410
-11398
-14499
-20398
-22443
-20494
-18999
-19234
-18957
-15029
-7690
252
5836
10453
14386
17538
19964
21169
19306
15422
12865
12705
12306
9312
5369
3116
1936
-822
-4370
-8184
-12622
-16454
-17782
-18422
-20218
-21431
-19649
-14969
-9723
-5928
-2542
1172
4649
7557
9126
6499
2515
2623
5374
4629
1414
2337
8562
14981
16834
17122
19792
22784
21764
17373
12709
7995
2167
-5645
-12845
-16860
-19607
-23845
-26683
-25002
-21320
-18174
-15065
-10811
-5424
645
5071
7360
8427
9590
10812
11228
10175
9645
10836
12250
13826
16152
16861
14693
12369
9391
3871
-3035
-10070
-17164
-21943
-23672
-24820
-25012
-21755
-16743
-11212
-6348
-3702
-1531
571
590
-1834
-2631
-2734
-3310
-1929
2294
7949
13518
18849
23896
28835
31065
29815
26461
22076
16324
10578
4825
-1798
-9035
-15310
-17714
-18293
-22001
-27966
-28711
-24570
-22406
-22139
-19562
-14254
-7755
-395
5449
9804
13276
16433
19745
22370
21516
18493
18085
19900
19797
16699
12634
9076
5538
631
-5502
-11909
-18640
-23802
-25765
-25908
-27554
-27521
-24425
-20449
-16502
-13736
-9974
-6862
-2320
1011
5087
9184
12755
16533
20977
25516
27460
28016
27431
27796
25991
21889
17272
14412
11315
7611
3525
-4023
-11522
-14667
-16500
-22275
-29365
-32503
-31107
-28118
-25355
-20718
-13024
-2982
6583
14710
19832
22652
23712
23695
21818
18169
12943
8673
8154
9233
8377
6543
6669
6428
4189
895
-4097
-11090
-18125
-22761
-26350
-29259
-30986
-31398
-28020
-21520
-13503
-7539
-1818
5179
13526
19780
21604
21445
21808
23044
22271
19210
14924
13002
13155
12659
11207
10551
11056
11190
10994
8395
1022
-7331
-12375
-15922
-22214
-29220
-32450
-30613
-26869
-22224
-15419
-6196
3714
13103
20667
24657
25042
23242
20303
16138
10784
4898
474
-99
1739
2912
3691
5582
7055
6458
4273
349
-6505
-13941
-19390
-23270
-27146
-31397
-30996
-25358
-17097
-11174
-4929
3977
13611
20237
22618
23118
22605
21317
18052
13663
8701
4853
3344
4150
4895
5373
7049
10196
13133
13226
8991
1332
-5418
-10215
-16083
-24397
-31255
-32238
-28842
-24214
-18865
-10904
-1169
9338
18601
24186
25349
24207
21475
16945
11254
4694
-1805
-5087
-3500
-844
656
2781
6185
8650
8819
6581
1049
-6293
-12945
-17961
-22887
-28659
-31401
-28245
-20974
-14725
-8806
-193
10165
18310
22147
23173
22972
21522
17803
12701
7441
2676
-477
-396
1334
2659
4171
7525
11855
13916
12964
8381
839
-6304
-11078
-16718
-25795
-32074
-31129
-25966
-21390
-16018
-7870
2319
12597
20406
24234
24622
22939
19327
14652
9254
2472
-4227
-6378
-3624
-941
-22
2232
6451
8889
8446
5905
696
-6869
-13483
-17950
-23347
-29143
-30673
-26163
-19724
-13706
-6538
3049
12639
19334
22690
24053
23280
19969
15294
10512
5456
388
-2331
-1700
567
2144
4070
8116
12240
13340
12098
8199
794
-7480
-12352
-17131
-25647
-32088
-30802
-24677
-19592
-14442
-6240
4099
13635
20283
23861
24134
21509
17282
12973
8195
1776
-4394
-6017
-2812
254
1284
3405
7349
9189
7955
5275
303
-7542
-14558
-19614
-24499
-28743
-29441
-25709
-19677
-12184
-3824
5408
13334
18959
22640
24162
22139
17341
12516
8256
3820
-552
-2841
-1951
832
3055
5685
9245
12055
12138
11286
9121
1676
-7405
-13146
-15800
-22489
-30045
-30349
-23794
-17800
-13963
-6596
3119
11000
16383
20978
22192
19176
14732
11227
7529
2598
-2952
-5786
-3252
1039
2777
4058
7583
9821
8183
5770
2402
-4893
-13323
-18054
-20996
-25450
-28475
-25524
-19130
-12574
-6274
1898
10169
15975
19301
20949
20291
16480
12016
8154
4518
322
-2442
-1963
697
2928
4692
8047
11277
12071
10628
9198
6638
-979
-9669
-14356
-15381
-20675
-27236
-26312
-18913
-13415
-10617
-4201
4058
9875
13785
17419
17991
14564
10774
8466
5899
1731
-2444
-3742
-1133
2727
4473
5711
8118
9495
7540
4905
1698
-5077
-13061
-16843
-18826
-22678
-25399
-22538
-16930
-11408
-5596
1239
7612
12243
15666
17499
16626
13226
10073
7709
4860
1235
-796
-137
2061
3924
5407
7860
10469
11045
10058
8325
6295
981
-6756
-12650
-14376
-16638
-22820
-25360
-20549
-14374
-11560
-7387
-247
5783
10342
14469
16562
14815
12009
9938
7717
4761
1263
-1244
-989
2427
5378
6079
6772
8400
7937
5074
1944
-2887
-10388
-15994
-17587
-20268
-24254
-23909
-18608
-13592
-9278
-3113
3664
8797
12369
15071
16222
14901
12418
10114
8292
5630
2797
1620
2379
3800
4493
5125
6935
8296
7547
5934
4661
2541
-2578
-8447
-12218
-13349
-15541
-19785
-20646
-16639
-12118
-9740
-5874
-120
4901
9401
13430
15383
14468
12947
11572
9645
6664
3187
578
151
1882
3321
3370
3328
4185
3902
1927
-1021
-5086
-10449
-14278
-15826
-18891
-21749
-20755
-16433
-13092
-9266
-3178
2849
7660
11651
14943
16218
15648
14265
12503
10266
6930
3723
1935
1554
1591
1453
2021
3869
5630
5603
5242
4759
3880
148
-5354
-9984
-11682
-13432
-18550
-21303
-18448
-13516
-10904
-7172
-678
5517
10802
15312
18280
17866
15544
12900
9826
6080
1412
-2512
-4205
-2603
-517
222
987
3251
4232
2870
1104
-1955
-7554
-12795
-14446
-16911
-21003
-21815
-17784
-13070
-9584
-4204
2555
8783
13363
16521
18334
17926
16207
13491
10395
6248
1821
-1326
-2295
-1950
-1923
-1347
1236
4483
5706
5987
6281
6037
2763
-2912
-7692
-10038
-12314
-17707
-20700
-17958
-13115
-10281
-6289
756
7125
12314
16724
19294
18180
15023
11882
8057
3212
-2021
-5807
-7217
-5777
-3209
-1512
266
3106
5072
4503
2806
-200
-5434
-10666
-13080
-15883
-20006
-21011
-17137
-12311
-8571
-3018
3977
10160
14801
18019
19128
17656
15296
12217
8016
2874
-1856
-4795
-5610
-4856
-4055
-2628
631
4651
6649
7086
7134
6508
4321
-454
-5874
-9654
-10905
-13646
-16843
-15812
-11039
-6781
-3713
1612
7376
11583
14292
16159
15640
12289
8434
4598
598
-3361
-6424
-8287
-7633
-4487
-1872
-250
2028
4288
3813
2456
937
-2776
-8395
-11620
-12611
-15128
-16822
-14807
-10184
-6090
-1460
4378
9580
13478
15907
17094
16069
13174
9404
5381
1333
-3057
-6419
-7617
-6679
-5258
-3668
-698
3270
6008
6752
7196
7046
5932
2506
-2337
-6274
-7357
-7989
-11192
-12329
-8970
-4309
-1939
853
5211
8452
10530
11811
11859
9055
5286
1998
-1094
-4122
-6919
-8796
-9004
-6165
-2826
-1031
480
2943
4106
3411
2482
320
-3919
-7417
-8149
-9806
-11969
-11594
-8159
-4958
-1908
2651
6976
9929
11833
13381
13041
10396
7013
3764
495
-3369
-6654
-8112
-7641
-6099
-4197
-1429
1989
5044
6856
8295
8744
7859
6098
3004
-889
-3489
-3766
-5680
-8864
-8803
-5231
-2483
-1841
155
3330
6049
7080
7220
6306
4007
1110
-1709
-4013
-6365
-8443
-9414
-7742
-4142
-1575
-95
2410
5445
6088
5269
4349
2030
-1934
-4384
-5735
-8020
-9847
-8893
-6354
-4203
-1273
2420
5672
7782
9408
10123
8812
6098
3194
347
-2910
-6135
-8096
-8337
-6803
-4563
-2033
1185
5180
8268
10070
11022
11037
10314
7822
3647
-300
-1599
-3122
-7291
-9785
-8045
-5317
-4863
-3756
-694
2306
3986
4768
5084
3764
1257
-1533
-3740
-5818
-7940
-9362
-8679
-5441
-2007
373
3061
6570
8408
8369
8002
6359
2401
-1293
-3523
-6260
-9168
-10082
-8818
-7303
-4936
-1327
2251
4717
6595
8472
8588
6449
3470
857
-2054
-5420
-7822
-8537
-7512
-5260
-2331
1222
5469
9325
11837
13266
13653
13086
10748
6150
1272
-1462
-3253
-7489
-11289
-11087
-8404
-7041
-6037
-3165
262
2865
4252
5122
4235
1688
-1201
-3529
-5593
-7795
-9463
-9352
-6213
-1941
1112
3893
7735
10548
10891
10435
9059
5223
552
-2770
-5906
-9234
-11253
-11101
-9826
-7361
-3658
100
2964
5444
7794
8665
6871
3904
1264
-1699
-5173
-7883
-8815
-8056
-5761
-2270
1724
6129
10377
13587
15453
15580
14529
12309
7653
1698
-2395
-4262
-7961
-12569
-13346
-10427
-7976
-7108
-4528
-550
2581
3912
4764
4528
2002
-1378
-3883
-5592
-7549
-9290
-9357
-6322
-1444
2253
5056
8784
12070
12458
11714
10441
6672
920
-3228
-6161
-9877
-12870
-13094
-11441
-9287
-5754
-1413
2102
4501
6878
8455
7368
4358
1358
-1323
-4230
-6849
-8087
-7452
-4714
-1067
2805
7043
11502
14569
15785
15954
14614
12158
7625
1877
-3152
-5508
-7685
-11823
-13881
-11874
-8422
-7001
-5324
-2150
1032
2817
3483
3649
1946
-833
-3422
-4758
-5904
-7260
-7668
-5459
-826
3161
5893
8677
11794
12494
11537
10009
6746
1308
-3573
-6579
-9747
-12519
-13525
-12413
-10121
-6548
-2368
848
3220
5544
7478
7123
4424
1387
-1086
-3212
-5299
-6596
-6368
-3946
-207
3627
7407
11150
14023
15316
15438
13932
11485
7535
1935
-3442
-6073
-7291
-10977
-14003
-12572
-8433
-6446
-5645
-2785
624
2596
3110
3399
2119
-686
-3041
-4097
-4962
-6333
-6781
-4861
-542
3531
6138
8526
11435
12519
11251
9472
6698
1707
-3464
-6207
-8663
-11900
-13500
-12008
-9546
-7323
-4256
-780
1825
3691
5291
5494
3674
1490
-125
-1567
-3306
-4455
-4195
-2171
877
3702
6386
9438
12226
13407
13318
12343
10419
7856
3939
-976
-4701
-6003
-7781
-11297
-12605
-10249
-7535
-6987
-5825
-2719
132
1288
1914
2462
1449
-670
-1996
-2457
-3253
-4245
-3980
-1640
1912
4678
6589
8776
10582
10332
8981
7271
4021
-740
-4317
-6396
-9322
-12073
-12380
-10571
-9095
-7267
-4193
-965
1293
3024
4515
4650
3534
2220
1152
-20
-1342
-2187
-1644
319
2412
4120
6545
9397
11172
11666
11792
11027
9157
6618
2682
-1817
-4909
-6284
-9053
-12404
-12699
-10179
-8270
-7747
-5531
-2000
652
1795
2906
3489
2087
-15
-1137
-1772
-3047
-4054
-3422
-817
2312
4633
6655
8799
10028
9383
8238
6208
2530
-1903
-4924
-7356
-10425
-12480
-12279
-10616
-9137
-6840
-3521
-205
2240
4096
5320
5220
4237
2939
1556
-13
-1535
-2161
-1311
611
2285
4162
6951
9718
11167
11440
11356
10122
8229
5307
903
-3427
-5673
-6862
-10057
-12584
-11540
-8560
-7446
-6753
-3718
-312
1266
1947
3391
3406
1293
-683
-1357
-2069
-3513
-4160
-3008
-191
2578
4727
6834
8824
9373
8627
7683
5277
1130
-3127
-5608
-7889
-10863
-12561
-11852
-9819
-7954
-5404
-2112
893
3252
4910
5711
5041
3694
2249
807
-748
-2212
-2499
-1058
1037
2696
4812
7739
10181
11095
11225
10726
9118
7086
3731
-676
-4480
-5819
-7097
-10212
-11699
-9726
-6984
-6546
-5372
-2255
219
914
1612
2705
1873
-258
-1612
-1944
-2584
-3535
-3329
-1417
1456
3871
6016
7889
9124
8977
8080
6481
3505
-540
-4167
-6272
-8239
-10536
-11647
-10435
-8156
-6203
-4035
-1517
1003
3077
4251
4235
3220
2202
1261
309
-889
-1808
-1365
429
2354
4007
5978
8177
9907
10656
10446
9345
7736
5827
2404
-1640
-4521
-5335
-7221
-10307
-10730
-8289
-6792
-7135
-5314
-2124
-586
-351
836
1936
860
-849
-1370
-1286
-1940
-2546
-1605
607
2946
4834
6829
8364
8920
8177
7159
5397
2240
-1788
-4745
-6403
-8315
-10348
-11046
-9602
-7495
-5550
-3868
-1870
451
2469
3352
2858
2035
1622
1433
763
-239
-357
769
2515
4031
5434
6992
8469
9570
9799
9149
7725
6302
4657
1354
-2347
-4328
-4724
-6977
-9947
-9950
-7899
-7394
-7939
-6022
-3299
-2245
-1758
117
1576
773
-342
-56
538
-41
-615
260
2195
3910
5209
6692
7715
7625
6716
5907
4061
832
-2723
-4858
-6249
-8149
-9977
-10344
-8958
-7274
-5713
-4200
-2433
-443
1527
2621
2289
1784
2081
2554
2101
1413
1714
2913
4166
5034
5938
6879
7607
8035
8056
7354
5983
4814
3715
1088
-2121
-3861
-4076
-5983
-9020
-9568
-7996
-7689
-8562
-7012
-4268
-3064
-2395
-137
1942
1710
1028
1576
2241
1721
1000
1448
2688
3742
4533
5627
6389
6060
5039
4431
3158
379
-2865
-4713
-5665
-7493
-9485
-9787
-8509
-7427
-6487
-4765
-2743
-821
1031
2456
2808
2898
3559
4059
3597
2866
2990
3712
4266
4399
4769
5427
6031
6395
6304
5914
5111
4415
3521
1262
-1620
-3438
-3723
-5673
-8802
-9783
-8425
-8075
-8829
-7255
-4500
-2916
-1861
614
2846
2895
2232
2596
3301
2702
1545
1396
2360
3246
3784
4517
5115
4865
4045
3649
2712
237
-2795
-4301
-5095
-6774
-8817
-9215
-8367
-7433
-6390
-4733
-2812
-967
1170
2941
3657
3772
4445
5005
4474
3531
3310
3592
3587
3508
3795
4386
4825
5154
5343
5284
4740
4135
3517
1260
-1576
-3131
-3307
-5749
-9052
-9651
-8275
-8274
-8976
-7075
-4341
-2733
-1411
1298
3481
3337
2750
3299
3899
2830
1366
1158
1950
2569
2876
3636
4224
4034
3368
3342
2486
52
-2633
-3742
-4639
-6707
-8347
-8477
-7891
-7385
-5982
-3929
-2297
-670
1628
3725
4194
4171
4823
5320
4540
3490
3310
3293
3033
2908
3389
3894
4148
4481
4845
4920
4285
3932
3440
1295
-1530
-2754
-2867
-5388
-8738
-9393
-7998
-8125
-8921
-7265
-4497
-2872
-1526
1253
3451
3324
2835
3679
4251
2904
1221
1027
1788
2045
2119
2792
3450
3230
2810
3074
2370
138
-2140
-2899
-3874
-6045
-7641
-7786
-7527
-7434
-6129
-4099
-2599
-1071
1384
3615
4274
4560
5309
5683
4976
4034
3556
3189
2642
2297
2578
2999
3118
3459
4152
4566
4245
4251
4077
2086
-482
-1589
-2044
-5030
-8565
-9307
-8300
-8736
-9555
-7744
-4812
-2967
-1266
1824
4183
4172
3817
4558
4702
2865
862
459
910
888
965
1890
2860
2925
2932
3555
3017
922
-1219
-2099
-3511
-5872
-7526
-7932
-8122
-8089
-6531
-4370
-2823
-1125
1639
4098
4919
5150
5670
5858
4954
3700
2830
2304
1685
1349
1749
2360
2757
3429
4554
5124
4929
5005
4815
2589
-216
-1468
-2211
-5498
-9099
-9720
-8671
-9097
-9640
-7476
-4430
-2515
-620
2572
4741
4557
4103
4597
4450
2420
312
-80
477
577
783
2026
3211
3355
3512
4202
3619
1278
-1027
-2164
-3889
-6373
-8207
-8780
-8998
-8555
-6588
-4258
-2531
-439
2717
5215
5826
5751
6007
5877
4486
2802
1835
1256
625
627
1579
2475
3086
4167
5532
5990
5597
5313
4242
1513
-1260
-2578
-4076
-7507
-10144
-9944
-8789
-9032
-8571
-5881
-2891
-976
1125
3849
5105
4578
4095
4263
3441
1239
-325
-211
412
633
1310
2693
3668
3739
3954
4124
2865
264
-1769
-3028
-5162
-7498
-8763
-8866
-8894
-7812
-5445
-3116
-1324
1154
4281
6080
6177
5953
6196
5581
3692
1999
1285
762
218
671
1808
2648
3372
4743
5914
5820
5197
4866
3293
160
-2381
-3316
-5166
-8648
-10321
-9276
-8264
-8571
-7290
-4171
-1557
8
2233
4704
5216
4234
3800
3858
2607
327
-781
-428
78
350
1418
2801
3430
3454
3935
3879
2148
-459
-2183
-3654
-5901
-7941
-8857
-8934
-8587
-6851
-4347
-2173
-157
2697
5588
6703
6430
6240
6211
4882
2689
1308
680
-3
-337
640
1839
2659
3624
5128
6038
5662
5171
4598
2514
-686
-2673
-3533
-6062
-9304
-10003
-8551
-8076
-8175
-6057
-2773
-554
962
3424
5305
4978
3781
3484
3051
1070
-1097
-1600
-943
-485
84
1560
3066
3663
3902
4426
3898
1724
-654
-2344
-4325
-6752
-8346
-8825
-8889
-8133
-5891
-3086
-871
1339
4283
6739
7207
6520
6178
5522
3479
1176
99
-354
-1066
-1001
520
2165
3115
4301
5905
6532
5879
5363
4305
1441
-1770
-3198
-4254
-7347
-9903
-9455
-7750
-7576
-6958
-4036
-955
662
2203
4624
5527
4278
3008
2689
1698
-661
-2259
-2058
-1161
-638
452
2348
3688
3996
4326
4681
3433
866
-1508
-3247
-5377
-7625
-8795
-9028
-8559
-7114
-4350
-1634
498
3048
5943
7594
7116
6297
5718
4359
1818
-198
-951
-1397
-1710
-879
1109
2708
3919
5406
6880
6946
6108
5186
3096
-127
-2865
-4018
-6149
-9210
-10257
-8640
-7280
-7112
-5213
-1844
707
1997
3798
5429
5010
3443
2470
1802
-79
-2250
-2816
-1927
-1055
-256
1481
3383
4304
4512
4875
4368
2278
-427
-2597
-4568
-6979
-8723
-9275
-8985
-8029
-5733
-2574
-12
2343
5131
7553
7978
7028
6052
4849
2737
229
-1253
-1749
-1924
-1536
102
2252
3781
5111
6593
7350
6498
5309
3820
948
-2443
-4415
-5472
-7988
-10097
-9455
-7336
-6528
-5696
-2828
259
1841
2933
4674
5284
3910
2310
1651
707
-1401
-2835
-2414
-1147
-296
889
2844
4322
4690
4679
4643
3242
641
-1934
-3948
-5982
-7980
-8930
-9023
-8300
-6523
-3662
-915
1240
3744
6338
7710
7136
6100
5156
3598
1328
-579
-1402
-1715
-1506
-399
1498
3193
4468
5789
6783
6652
5444
4212
2084
-1046
-3766
-4877
-6346
-8946
-9729
-7938
-6248
-5943
-4252
-1036
1283
2290
3665
5098
4589
2935
1899
1342
-293
-2330
-2779
-1785
-766
-57
1571
3391
4241
4244
4421
3912
1798
-817
-2879
-4642
-6758
-8197
-8553
-8276
-7208
-4920
-1966
190
2230
4846
7064
7381
6415
5620
4588
2686
494
-789
-1356
-1564
-1050
377
2121
3385
4613
5808
6347
5602
4495
3209
619
-2427
-4194
-4919
-7091
-9203
-8633
-6528
-5736
-5236
-2640
378
1826
2680
4392
5246
3932
2257
1704
1020
-1078
-2686
-2396
-1312
-795
145
2023
3351
3528
3663
4008
2877
404
-1835
-3364
-5316
-7281
-8085
-8055
-7634
-6178
-3351
-663
1260
3553
6230
7675
7161
6258
5442
3874
1471
-439
-1331
-1815
-1834
-876
863
2433
3723
5030
6038
5951
4943
3860
2012
-932
-3554
-4559
-5693
-8068
-9053
-7414
-5530
-5127
-3792
-755
1705
2632
3685
5100
4843
2984
1635
1163
-226
-2407
-3140
-2196
-1291
-686
930
2850
3634
3616
3980
3839
1927
-663
-2628
-4214
-6264
-7745
-8074
-7796
-6894
-4747
-1764
536
2506
4989
7220
7647
6633
5691
4596
2543
91
-1329
-1858
-2083
-1715
-307
1587
3080
4415
5623
6256
5613
4530
3195
730
-2233
-4132
-4867
-6746
-8669
-8221
-6146
-5065
-4474
-2106
840
2447
3167
4426
5101
3835
2014
1136
331
-1645
-3239
-2980
-1888
-1203
-153
1810
3280
3623
3759
4041
3030
712
-1565
-3252
-5082
-6926
-7710
-7758
-7307
-5891
-3149
-466
1480
3650
6091
7505
7072
6043
5021
3440
1129
-836
-1777
-2196
-2156
-1230
596
2344
3748
5088
6149
6182
5197
4083
2200
-703
-3362
-4473
-5583
-7822
-8745
-7206
-5338
-4771
-3360
-423
1907
2859
3845
5100
4691
2797
1433
869
-576
-2739
-3429
-2556
-1717
-1050
613
2477
3247
3460
3958
3756
1856
-447
-2217
-3979
-6057
-7308
-7508
-7414
-6597
-4321
-1353
820
2713
5142
7249
7607
6571
5466
4202
2145
-228
-1721
-2337
-2563
-2060
-471
1510
3020
4402
5812
6473
5781
4661
3252
635
-2413
-4203
-4995
-6910
-8756
-8158
-5971
-4785
-4025
-1607
1305
2830
3557
4783
5220
3645
1742
954
48
-2087
-3617
-3149
-2033
-1357
-123
1925
3237
3485
3808
4058
2758
388
-1686
-3366
-5326
-7005
-7565
-7532
-6929
-5193
-2342
197
2063
4268
6606
7715
6997
5779
4596
2840
502
-1437
-2372
-2749
-2469
-1236
712
2406
3804
5298
6391
6215
5059
3809
1680
-1282
-3727
-4793
-6200
-8301
-8612
-6779
-5015
-4314
-2492
470
2581
3475
4448
5329
4433
2450
1098
305
-1374
-3343
-3650
-2648
-1723
-764
1091
2838
3519
3782
4130
3472
1421
-797
-2654
-4530
-6426
-7338
-7466
-7167
-5924
-3386
-552
1488
3531
5874
7525
7424
6275
5039
3438
1290
-846
-2193
-2818
-2824
-1839
-43
1760
3246
4801
6226
6616
5775
4601
2749
-129
-2940
-4503
-5882
-8199
-9282
-7940
-5945
-4979
-3370
-281
2321
3627
4701
5818
5344
3389
1697
619
-995
-3155
-4041
-3411
-2459
-1497
336
2405
3446
3868
4448
4234
2410
7
-2009
-3944
-6105
-7475
-7851
-7655
-6710
-4373
-1368
960
3087
5585
7617
7855
6880
5727
4096
1782
-542
-2046
-2939
-3254
-2485
-702
1244
2803
4430
6054
6781
6229
5098
3391
584
-2431
-4384
-5843
-8065
-9571
-8691
-6643
-5283
-3711
-733
2154
3837
5024
6146
5917
4091
2176
848
-782
-3025
-4312
-3970
-3034
-2054
-297
1993
3439
4034
4674
4767
3254
745
-1551
-3590
-5910
-7599
-8248
-8112
-7247
-5042
-1862
803
3108
5634
7890
8366
7346
6041
4287
1816
-762
-2486
-3462
-3840
-3104
-1222
981
2827
4589
6313
7214
6789
5671
3770
787
-2373
-4456
-6051
-8389
-9865
-8972
-6868
-5303
-3507
-445
2462
4255
5545
6595
6192
4270
2268
724
-1099
-3347
-4667
-4439
-3493
-2349
-496
1850
3419
4170
4847
4987
3529
869
-1573
-3764
-6030
-7902
-8642
-8481
-7489
-5095
-1822
1087
3413
6048
8410
8984
7818
6263
4470
1810
-952
-2801
-3774
-4235
-3466
-1263
1152
3069
4868
6780
7700
7150
5831
3681
508
-2748
-4907
-6688
-9030
-10234
-9174
-7067
-5427
-3275
-53
2817
4629
6055
7099
6449
4361
2328
682
-1374
-3696
-4956
-4706
-3708
-2410
-500
1770
3378
4237
4825
4848
3245
479
-2103
-4243
-6432
-8423
-9102
-8597
-7205
-4761
-1367
1885
4407
6906
9042
9585
8301
6388
4284
1609
-1193
-3230
-4202
-4398
-3459
-1309
1253
3444
5313
7072
7900
7369
5682
3064
-123
-3133
-5453
-7767
-9826
-10285
-9024
-7121
-5109
-2270
904
3533
5564
7124
7555
6382
4416
2371
229
-2189
-4286
-5270
-5059
-3998
-2391
-333
1678
3251
4329
4776
4237
2374
-153
-2683
-4991
-7099
-8693
-9159
-8477
-6570
-3748
-478
2650
5461
7916
9401
9517
8214
6004
3389
736
-1711
-3617
-4598
-4422
-3051
-845
1585
3775
5722
7212
7741
7106
5242
2362
-715
-3290
-5660
-8273
-9942
-9733
-8394
-6832
-4582
-1361
1620
3984
6133
7732
7723
6209
4318
2258
-197
-2854
-4754
-5507
-5365
-4292
-2351
-92
1704
3232
4549
4971
3824
1659
-598
-2993
-5547
-7682
-8658
-8690
-7761
-5511
-2337
843
3740
6549
8626
9312
8746
7314
5036
2186
-495
-2569
-4025
-4680
-4109
-2394
-167
2065
4251
6191
7294
7350
6275
4045
1170
-1635
-4140
-6920
-9198
-9852
-9125
-7873
-6002
-2949
240
2892
5267
7347
8143
7220
5561
3636
1268
-1514
-3881
-5186
-5589
-5191
-3837
-1673
362
1969
3390
4480
4169
2584
726
-1367
-3777
-6149
-7429
-7893
-7610
-6123
-3450
-362
2348
5125
7547
8804
8610
7525
5876
3392
589
-1749
-3305
-4277
-4321
-3103
-1207
779
2848
5041
6534
6927
6288
4652
2315
-306
-2899
-5861
-8318
-9407
-9287
-8457
-6803
-4041
-1052
1877
4627
6853
7898
7561
6390
4540
2194
-522
-3013
-4750
-5591
-5413
-4405
-2747
-827
1102
2838
3889
3857
2916
1508
-366
-2753
-4934
-6330
-6991
-7010
-5892
-3619
-940
1706
4353
6659
7936
8052
7271
5770
3579
1163
-936
-2572
-3679
-3842
-2928
-1411
197
2046
4018
5535
6188
5706
4365
2456
428
-2045
-4945
-7212
-8267
-8446
-8158
-6704
-4204
-1570
998
3765
6192
7174
6969
6247
4893
2638
-16
-2228
-3897
-4993
-5207
-4378
-3035
-1641
-2
1808
2971
2947
2240
1341
-51
-2022
-3873
-5107
-5771
-5834
-4876
-3067
-919
1318
3661
5707
6789
6966
6515
5408
3613
1564
-208
-1659
-2676
-2986
-2466
-1433
-185
1374
3002
4311
4817
4450
3485
2103
347
-2050
-4472
-6164
-7137
-7581
-7250
-5786
-3760
-1496
1043
3663
5645
6572
6670
6057
4728
2666
361
-1696
-3361
-4406
-4684
-4135
-3149
-1851
-329
1032
1862
1936
1637
804
-543
-2145
-3418
-4276
-4860
-4724
-3731
-2081
-356
1591
3589
5073
5821
5938
5565
4465
2922
1405
63
-1077
-1834
-1871
-1488
-901
66
1340
2558
3152
3171
2848
2211
1158
-555
-2442
-4014
-5077
-5854
-6127
-5411
-4093
-2524
-653
1616
3608
4799
5442
5613
5065
3692
1983
260
-1455
-2829
-3590
-3745
-3567
-2958
-1895
-770
-46
334
483
339
-312
-1156
-1936
-2664
-3112
-3074
-2376
-1535
-448
981
2491
3603
4245
4733
4667
3968
2977
2099
1162
96
-602
-891
-934
-850
-361
327
963
1444
1634
1506
1172
711
-221
-1476
-2580
-3333
-3910
-4213
-3937
-3235
-2200
-830
789
2293
3350
4065
4377
4217
3469
2309
966
-409
-1619
-2527
-3001
-3141
-3075
-2752
-2163
-1568
-1240
-1097
-986
-1069
-1322
-1519
-1535
-1564
-1479
-926
-19
873
1651
2477
3231
3680
3776
3628
3201
2533
1763
1196
778
311
-170
-345
-261
-191
-38
241
257
-89
-265
-172
-468
-1301
-1973
-2139
-2232
-2486
-2448
-1913
-1228
-533
456
1589
2371
2779
3124
3320
2985
2217
1474
718
-223
-1127
-1642
-1977
-2358
-2585
-2540
-2540
-2766
-2853
-2699
-2620
-2668
-2417
-1849
-1235
-637
211
1180
1939
2582
3228
3656
3599
3287
2999
2626
2047
1442
1056
809
573
486
592
554
284
63
88
-169
-933
-1660
-2048
-2364
-2898
-3179
-3045
-2717
-2319
-1551
-426
482
1150
1977
2917
3410
3357
3203
2945
2420
1767
1215
589
-199
-736
-829
-897
-1325
-1818
-2089
-2357
-2818
-3382
-3827
-4188
-4320
-4002
-3213
-2297
-1346
-64
1483
2842
3767
4406
4731
4646
4280
3737
2971
2082
1363
931
644
436
344
407
481
456
334
173
-361
-1289
-2173
-2761
-3489
-4404
-4889
-4704
-4196
-3540
-2379
-839
694
2056
3409
4528
5037
5016
4715
4172
3265
2168
1178
370
-317
-785
-962
-1048
-1245
-1422
-1463
-1849
-2594
-3351
-3846
-4473
-5105
-5187
-4758
-4025
-3117
-1585
198
1876
3364
4679
5680
6007
5921
5490
4752
3736
2690
1910
1214
642
256
218
203
82
77
73
-388
-1273
-2018
-2726
-3766
-4877
-5503
-5736
-5728
-5210
-3969
-2417
-827
1015
3025
4709
5723
6268
6436
5994
5072
3904
2682
1373
163
-648
-1123
-1453
-1839
-2018
-2051
-2173
-2612
-3108
-3558
-4104
-4596
-4812
-4672
-4438
-3842
-2800
-1429
-32
1395
2871
4139
5095
5713
6032
5947
5477
4857
4156
3369
2435
1681
1098
565
53
-304
-678
-1322
-1991
-2526
-3155
-4071
-4824
-5253
-5527
-5689
-5322
-4465
-3393
-2090
-481
1292
2861
4191
5273
5974
6167
5910
5414
4601
3516
2387
1381
482
-526
-1322
-1898
-2334
-2832
-3242
-3458
-3762
-4045
-4224
-4120
-4069
-3922
-3526
-2888
-2134
-1299
-229
837
1857
2830
3826
4649
5153
5439
5556
5452
5042
4463
3785
2928
1970
1132
322
-630
-1643
-2408
-3046
-3837
-4538
-4966
-5165
-5374
-5271
-4753
-4075
-3330
-2394
-1154
49
1134
2151
3120
3884
4365
4756
4936
4796
4390
4032
3536
2629
1550
610
-232
-1316
-2302
-2989
-3452
-3912
-4118
-3944
-3749
-3528
-3197
-2609
-2134
-1734
-1291
-773
-261
204
832
1495
2170
2794
3518
4199
4638
4930
5062
5020
4556
3921
3125
2063
754
-573
-1710
-2903
-4053
-4882
-5291
-5480
-5511
-5076
-4382
-3629
-2881
-1937
-995
-316
265
835
1397
1767
2145
2552
2914
3272
3672
4053
4071
3763
3369
2867
1973
763
-348
-1348
-2357
-3211
-3704
-3899
-3946
-3694
-3127
-2468
-1883
-1326
-736
-269
5
165
295
424
574
831
1244
1666
2182
2803
3513
3987
4290
4516
4440
3849
2856
1839
538
-1052
-2596
-3785
-4697
-5443
-5605
-5248
-4613
-3914
-2949
-1800
-932
-294
198
626
689
659
755
867
912
1074
1663
2250
2653
2957
3388
3522
3188
2653
2029
1145
-11
-1009
-1817
-2547
-3130
-3250
-3051
-2722
-2286
-1621
-924
-446
-156
72
188
83
-93
-120
-124
-75
114
685
1318
1939
2595
3331
3821
3888
3808
3414
2596
1300
123
-1060
-2280
-3448
-4059
-4229
-4207
-3848
-3122
-2239
-1535
-825
-200
192
220
154
89
-76
-264
-227
90
407
713
1261
1983
2419
2612
2700
2733
2318
1738
1088
408
-433
-1164
-1564
-1895
-2055
-2011
-1586
-1239
-886
-516
-110
84
-13
-86
-222
-357
-621
-619
-455
-253
93
668
1469
1961
2400
2749
3008
2853
2358
1732
873
-59
-1037
-1706
-2301
-2711
-2855
-2580
-2131
-1746
-1249
-784
-426
-336
-265
-296
-530
-815
-923
-800
-667
-444
-22
533
1091
1551
1985
2243
2260
2147
1927
1592
1060
591
140
-224
-554
-759
-836
-892
-817
-709
-497
-453
-419
-401
-362
-448
-633
-728
-779
-694
-592
-287
47
506
847
1289
1548
1701
1596
1417
1128
693
327
-119
-374
-674
-610
-707
-676
-664
-481
-488
-651
-805
-1034
-1229
-1514
-1580
-1659
-1528
-1348
-931
-400
110
540
971
1492
1702
1724
1634
1627
1376
1104
914
777
585
432
441
376
226
1
-116
-318
-575
-815
-936
-1043
-1183
-1159
-1027
-900
-854
-637
-345
-69
145
486
838
1014
1168
1311
1431
1213
1070
900
733
374
143
44
-143
-280
-390
-349
-534
-678
-829
-952
-1210
-1476
-1547
-1601
-1604
-1514
-1177
-809
-528
-114
373
866
1041
1226
1426
1509
1409
1228
1185
968
829
665
634
447
255
155
7
-175
-511
-642
-837
-997
-1135
-1133
-1023
-983
-734
-454
-136
70
386
748
945
1007
1018
1078
991
789
578
395
153
-77
-183
-194
-247
-230
-164
-47
-69
-88
-169
-339
-635
-910
-1079
-1274
-1412
-1467
-1243
-958
-583
-214
222
667
983
1216
1267
1285
1091
922
659
470
240
107
66
32
62
50
55
-44
-107
-238
-409
-591
-710
-765
-774
-714
-517
-290
34
328
647
909
1101
1284
1283
1200
903
671
329
-45
-509
-971
-1218
-1363
-1296
-1291
-990
-597
-119
295
657
965
925
809
494
193
-297
-706
-1012
-1142
-1104
-861
-472
-30
396
854
1198
1360
1228
1014
737
300
-163
-601
-826
-1052
-1036
-901
-659
-440
-192
117
257
356
322
320
192
58
36
10
90
135
444
636
842
974
1113
1166
943
773
448
184
-351
-695
-1015
-1233
-1414
-1465
-1279
-1146
-801
-506
-56
188
436
562
620
572
358
204
-27
-141
-306
-262
-172
-55
103
334
622
668
733
695
629
336
39
-234
-559
-873
-1150
-1152
-1188
-1074
-941
-576
-283
-12
231
443
587
591
645
613
594
589
651
764
832
1017
1167
1271
1239
1124
968
598
218
-311
-739
-1255
-1611
-1862
-1949
-1893
-1716
-1336
-979
-513
-131
298
545
722
784
813
737
601
445
325
226
193
183
229
305
351
417
432
441
289
149
-95
-322
-648
-934
-1206
-1442
-1551
-1551
-1395
-1183
-828
-429
31
445
830
1109
1293
1385
1417
1399
1333
1264
1190
1140
1107
1136
1062
950
737
546
201
-209
-690
-1159
-1562
-1951
-2115
-2204
-2029
-1851
-1414
-959
-410
36
445
766
966
1115
1092
1053
872
783
592
533
384
344
244
238
199
162
57
-103
-216
-430
-583
-872
-1041
-1320
-1417
-1540
-1485
-1420
-1209
-909
-522
-105
332
765
1089
1377
1583
1734
1733
1740
1649
1565
1440
1378
1221
1001
805
566
307
-103
-467
-900
-1264
-1618
-1860
-1978
-2027
-1891
-1700
-1303
-968
-552
-175
235
549
777
961
1035
1139
1146
1164
1017
934
811
684
487
210
30
-216
-336
-624
-715
-892
-934
-1077
-1107
-1140
-1229
-1267
-1281
-1145
-1131
-921
-691
-291
40
479
920
1318
1607
1876
2074
2109
1991
1869
1690
1476
1151
861
541
213
-99
-383
-637
-993
-1225
-1425
-1465
-1606
-1591
-1526
-1346
-1207
-976
-680
-438
-198
56
400
637
829
987
1168
1254
1226
1138
972
749
468
238
2
-290
-521
-654
-665
-786
-804
-810
-769
-825
-844
-854
-932
-1015
-1036
-907
-797
-582
-260
185
616
1055
1484
1818
2002
2089
2090
1940
1653
1311
969
607
226
-100
-355
-575
-796
-923
-977
-1042
-1104
-1095
-1020
-977
-934
-841
-690
-586
-462
-336
-156
-22
162
332
516
655
747
849
869
842
739
634
457
234
32
-149
-322
-522
-639
-704
-760
-815
-818
-745
-763
-740
-693
-615
-595
-517
-374
-221
-54
209
533
797
1059
1342
1596
1702
1723
1678
1567
1294
959
589
248
-140
-471
-737
-948
-1086
-1145
-1063
-996
-864
-733
-505
-355
-239
-219
-196
-229
-259
-299
-310
-278
-155
64
303
552
776
1006
1084
1061
870
659
303
-108
-548
-868
-1108
-1274
-1307
-1235
-1042
-823
-532
-282
-95
0
64
98
61
-5
-15
39
168
368
661
921
1204
1444
1657
1712
1640
1462
1148
793
326
-77
-550
-893
-1195
-1309
-1343
-1268
-1108
-884
-574
-301
-53
114
239
264
203
65
-65
-201
-300
-333
-254
-94
141
381
641
819
925
868
717
406
36
-392
-822
-1186
-1435
-1515
-1495
-1311
-1017
-612
-255
109
417
630
699
692
629
541
438
378
360
441
556
738
923
1067
1150
1156
1117
894
602
221
-99
-495
-813
-1089
-1227
-1294
-1236
-1073
-854
-587
-297
-4
209
374
478
504
438
295
155
32
-90
-164
-177
-61
42
215
350
475
487
423
239
-51
-383
-743
-1060
-1352
-1475
-1471
-1296
-1039
-660
-248
167
538
830
1039
1121
1131
1034
933
810
700
601
546
549
562
568
554
522
433
292
102
-121
-371
-595
-816
-985
-1096
-1122
-1075
-984
-804
-568
-282
-45
206
429
629
731
750
722
653
552
389
264
129
54
-20
-20
-23
-17
-31
-82
-172
-333
-540
-784
-996
-1204
-1321
-1346
-1224
-1036
-724
-327
117
524
892
1193
1411
1529
1544
1467
1324
1155
986
801
605
421
253
99
-57
-199
-365
-521
-695
-806
-922
-1010
-1079
-1069
-1009
-924
-789
-600
-384
-154
74
298
489
666
819
913
935
932
902
819
684
536
369
176
-20
-204
-382
-562
-724
-853
-957
-1037
-1095
-1113
-1103
-1042
-948
-805
-618
-405
-141
144
478
772
1051
1281
1500
1641
1701
1670
1560
1387
1148
842
472
108
-242
-542
-823
-1025
-1165
-1207
-1204
-1147
-1056
-938
-811
-703
-590
-476
-352
-237
-115
28
210
410
619
812
992
1137
1248
1259
1194
1037
817
525
202
-140
-469
-758
-1002
-1166
-1255
-1262
-1223
-1146
-1024
-883
-747
-618
-491
-365
-242
-92
87
297
516
764
1019
1260
1460
1592
1638
1611
1485
1265
956
606
224
-167
-517
-821
-1047
-1213
-1289
-1294
-1210
-1099
-954
-777
-581
-399
-252
-114
11
113
190
255
340
454
587
720
855
975
1063
1092
1052
917
691
394
74
-276
-634
-973
-1232
-1403
-1485
-1474
-1383
-1205
-986
-719
-456
-205
2
182
329
454
561
645
735
831
935
1037
1145
1225
1248
1210
1115
963
716
401
46
-297
-619
-892
-1117
-1251
-1285
-1228
-1108
-938
-732
-513
-311
-136
9
108
177
219
246
261
289
345
432
529
635
731
788
796
747
633
429
174
-113
-405
-692
-953
-1162
-1285
-1316
-1258
-1126
-929
-674
-387
-101
160
384
570
703
781
811
803
772
733
691
644
597
569
552
517
454
365
262
136
-27
-207
-381
-538
-662
-750
-789
-776
-707
-599
-458
-309
-158
-20
88
152
188
204
204
187
160
152
176
213
257
311
371
410
419
381
299
170
-7
-211
-409
-601
-773
-900
-953
-920
-819
-669
-469
-230
28
273
482
636
737
775
757
688
577
435
296
170
67
-6
-50
-58
-40
12
52
81
88
82
50
-8
-99
-204
-288
-338
-370
-367
-319
-229
-115
-8
100
184
241
241
208
153
90
30
-33
-80
-89
-64
-27
21
57
92
106
115
75
8
-80
-164
-254
-330
-388
-417
-396
-343
-237
-100
62
225
377
495
586
618
581
465
307
126
-71
-264
-441
-561
-607
-578
-494
-366
-192
-2
173
307
389
408
368
279
151
12
-115
-189
-210
-170
-91
29
168
303
399
426
399
326
208
53
-111
-254
-364
-441
-461
-431
-370
-293
-203
-89
20
115
172
208
237
240
210
149
91
22
-32
-76
-86
-80
-48
7
77
136
171
174
129
44
-78
-217
-365
-500
-600
-637
-602
-499
-339
-130
111
347
555
698
760
738
652
494
294
92
-81
-198
-261
-254
-184
-64
81
209
293
331
314
231
98
-66
-244
-405
-518
-583
-595
-542
-431
-275
-96
80
253
398
484
509
484
410
291
147
-3
-132
-229
-287
-301
-271
-216
-143
-71
-15
7
-12
-65
-140
-225
-307
-375
-410
-386
-304
-179
-22
162
352
525
655
733
741
679
565
400
200
0
-168
-290
-350
-344
-280
-178
-48
79
173
211
190
114
-1
-143
-293
-422
-504
-518
-472
-373
-229
-49
139
306
432
507
523
478
378
245
95
-62
-197
-304
-366
-386
-366
-321
-260
-188
-114
-54
-24
-22
-42
-62
-86
-114
-140
-130
-82
-5
92
201
320
433
512
547
533
465
350
194
26
-141
-282
-375
-407
-381
-297
-165
-14
133
248
317
331
285
182
43
-105
-236
-334
-389
-387
-323
-213
-85
52
185
288
342
348
309
226
109
-24
-160
-278
-367
-420
-438
-416
-349
-244
-116
5
109
187
235
257
241
175
90
18
-30
-64
-75
-50
-2
69
150
220
252
247
215
156
69
-40
-142
-215
-242
-230
-190
-117
-9
118
234
322
379
392
362
290
184
55
-75
-186
-268
-316
-328
-297
-230
-151
-77
-9
45
71
70
47
1
-64
-133
-192
-235
-263
-274
-260
-202
-120
-42
35
120
204
263
281
274
247
202
138
63
-4
-59
-94
-118
-119
-97
-68
-39
-9
12
19
11
-3
-20
-39
-48
-40
-5
51
110
175
248
314
364
377
354
302
221
120
0
-120
-228
-313
-372
-397
-390
-357
-299
-233
-166
-101
-53
-17
-2
-4
-13
-28
-46
-64
-76
-71
-44
-1
52
116
185
258
314
341
341
319
258
157
40
-83
-209
-324
-415
-463
-463
-422
-343
-236
-113
18
130
208
261
293
300
289
271
257
262
290
324
354
379
399
384
331
248
137
5
-143
-288
-413
-515
-593
-641
-638
-594
-524
-436
-331
-213
-94
12
99
171
215
228
236
230
206
173
151
157
179
201
227
259
285
279
237
163
61
-71
-223
-368
-494
-590
-646
-643
-581
-469
-325
-168
4
171
308
419
492
531
537
518
489
450
404
361
322
285
247
212
171
115
39
-52
-145
-248
-356
-461
-548
-604
-629
-622
-575
-493
-375
-234
-84
67
202
313
399
446
444
411
358
295
223
152
89
53
43
38
28
13
-6
-48
-117
-201
-293
-384
-463
-519
-542
-523
-469
-386
-271
-131
10
141
265
370
451
503
528
525
491
435
371
299
221
153
92
46
23
4
-22
-54
-86
-131
-192
-264
-344
-408
-438
-442
-422
-372
-272
-137
7
141
254
352
427
459
447
400
334
258
179
108
49
6
-19
-26
-32
-43
-79
-131
-190
-258
-332
-404
-458
-484
-476
-444
-379
-278
-160
-37
85
208
316
404
466
491
491
466
413
340
259
165
76
-4
-58
-92
-116
-121
-112
-92
-87
-103
-139
-191
-248
-307
-356
-371
-348
-281
-179
-50
85
212
319
388
414
395
339
265
174
77
7
-32
-48
-48
-33
-6
14
19
-9
-63
-133
-210
-295
-372
-423
-449
-434
-374
-268
-138
-3
130
268
389
467
496
493
466
422
357
268
179
100
38
-14
-54
-82
-91
-89
-81
-80
-96
-119
-153
-196
-245
-300
-346
-366
-359
-309
-233
-139
-30
89
202
286
326
326
301
248
173
86
12
-42
-77
-97
-95
-79
-60
-42
-34
-38
-59
-95
-138
-173
-200
-221
-227
-205
-163
-103
-28
60
151
236
313
376
426
442
424
380
316
235
137
45
-35
-97
-135
-145
-130
-106
-75
-47
-26
-21
-42
-83
-134
-173
-206
-229
-227
-199
-145
-79
-3
64
120
152
153
133
94
38
-24
-84
-131
-159
-165
-166
-156
-129
-100
-74
-48
-31
-16
1
14
29
37
41
45
53
53
49
46
51
71
96
129
169
214
248
268
272
250
199
137
55
-18
-78
-125
-153
-158
-130
-88
-38
1
37
49
56
53
18
-28
-77
-100
-116
-131
-127
-118
-93
-66
-55
-48
-56
-59
-67
-95
-111
-134
-133
-130
-125
-114
-89
-50
-15
19
44
76
100
110
116
122
116
110
90
73
47
28
3
-22
-27
-16
7
36
77
102
129
141
131
100
63
20
-25
-50
-64
-69
-51
-7
37
80
123
144
142
139
112
60
2
-52
-98
-135
-154
-165
-166
-154
-141
-124
-121
-116
-111
-101
-96
-99
-98
-98
-82
-61
-56
-45
-16
21
60
95
130
165
199
213
206
180
142
95
46
-4
-52
-82
-99
-101
-84
-53
-20
17
49
76
93
95
76
59
32
12
-3
-10
-2
3
28
57
97
127
149
156
139
111
69
10
-60
-135
-197
-242
-269
-274
-265
-227
-179
-116
-56
-10
23
32
30
12
-19
-54
-82
-83
-68
-35
9
69
131
187
235
253
246
214
169
104
26
-50
-112
-158
-193
-200
-190
-152
-122
-78
-27
14
47
59
79
81
76
50
38
40
49
64
83
123
162
190
206
208
199
156
94
20
-59
-140
-217
-274
-308
-314
-301
-258
-199
-124
-59
-3
35
43
28
2
-29
-62
-83
-78
-47
9
73
147
219
276
310
306
282
228
159
69
-22
-113
-194
-248
-274
-269
-257
-221
-170
-98
-38
12
49
74
89
84
74
60
62
63
81
102
137
178
206
221
219
199
163
118
53
-17
-84
-146
-194
-234
-260
-261
-248
-218
-186
-145
-101
-64
-40
-19
5
22
26
25
23
31
46
53
64
95
139
168
184
194
198
187
161
107
37
-30
-92
-154
-210
-242
-255
-250
-220
-170
-112
-57
-5
47
78
108
133
141
147
147
150
150
152
154
149
140
123
109
81
48
10
-35
-80
-114
-154
-191
-225
-237
-236
-229
-207
-169
-119
-81
-49
-18
24
47
51
57
79
89
99
101
108
116
120
117
114
100
71
45
23
-8
-55
-93
-123
-136
-152
-163
-171
-163
-148
-132
-107
-68
-22
28
86
133
185
216
231
241
237
220
182
147
112
75
46
26
13
-3
-23
-35
-43
-63
-98
-130
-152
-175
-198
-213
-203
-172
-145
-110
-61
-7
39
67
93
114
123
113
100
88
72
61
41
28
16
5
-3
-24
-42
-62
-83
-106
-125
-131
-135
-129
-122
-108
-90
-62
-30
5
39
73
113
149
180
193
202
201
193
174
140
107
80
52
27
3
-9
-15
-12
-11
-20
-28
-34
-41
-66
-93
-112
-127
-135
-138
-131
-109
-76
-43
-2
39
76
99
118
129
124
110
85
51
14
-15
-36
-55
-69
-75
-73
-68
-68
-78
-98
-103
-101
-108
-106
-94
-64
-41
-9
18
38
60
67
80
79
83
88
94
94
85
85
78
59
30
6
-12
-28
-51
-65
-60
-51
-43
-37
-23
-9
-12
-18
-29
-43
-58
-58
-53
-41
-18
4
36
70
99
110
113
104
86
61
40
9
-24
-36
-42
-36
-31
-20
-20
-13
-5
-19
-34
-50
-62
-70
-65
-52
-42
-25
9
37
50
59
59
55
55
50
40
25
16
6
-7
-23
-30
-32
-28
-21
-18
-2
12
23
31
29
21
2
-16
-32
-46
-62
-61
-52
-34
-15
5
26
32
35
34
25
8
-6
-15
-12
-7
-4
5
25
39
44
49
50
52
47
43
41
32
25
21
13
10
0
-4
-5
-8
-15
-15
-15
-18
-20
-32
-44
-54
-58
-64
-66
-68
-63
-49
-35
-17
-4
9
29
40
50
51
51
45
32
16
-2
-15
-22
-25
-28
-23
-15
-10
-14
-17
-21
-16
-24
-33
-32
-27
-24
-29
-26
-17
-6
-1
6
25
49
58
63
68
76
77
64
53
37
30
14
2
-9
-15
-18
-24
-29
-30
-29
-30
-28
-28
-37
-38
-32
-26
-23
-16
2
25
46
45
41
39
31
15
-3
-21
-31
-29
-24
-16
-6
4
11
12
15
4
-7
-26
-43
-57
-69
-64
-59
-43
-27
-5
18
31
40
49
53
48
42
41
37
38
35
36
34
30
28
27
30
23
19
14
11
-1
-14
-22
-38
-43
-42
-34
-24
-18
-7
8
21
28
33
33
31
23
15
10
2
-5
-13
-13
-14
-11
-2
1
-1
-6
-7
-3
-13
-29
-37
-40
-51
-64
-74
-77
-79
-71
-53
-32
-11
10
29
42
52
52
44
34
26
21
14
9
9
21
39
51
61
66
63
48
30
11
-11
-35
-49
-50
-46
-39
-31
-19
-11
-4
-2
-2
-4
-4
1
10
19
16
8
7
12
4
-11
-20
-21
-16
-11
-5
-4
-1
9
12
8
-6
-12
-17
-21
-31
-40
-38
-33
-22
-15
-9
-4
-1
2
5
7
8
7
19
27
30
35
44
51
52
47
41
34
22
10
-1
-7
-11
-14
-11
-6
-1
2
5
5
-1
-11
-20
-32
-35
-33
-33
-30
-25
-12
2
11
12
11
12
6
1
-2
-2
0
-2
-7
-7
-5
-6
-12
-16
-13
-8
-4
-3
0
4
2
4
5
6
4
3
4
9
14
18
26
35
39
42
44
38
29
17
11
9
10
12
14
11
12
14
10
-1
-14
-23
-29
-30
-32
-33
-28
-24
-16
-15
-16
-15
-13
-8
-8
-6
0
4
-1
-6
-8
-8
-12
-17
-19
-14
-11
-15
-15
-17
-10
-13
-23
-25
-21
-21
-25
-25
-21
-14
-10
-8
-2
11
16
18
22
22
15
15
18
18
22
26
28
37
45
43
43
33
23
6
-3
-8
-12
-8
-6
2
9
12
11
12
6
-3
-10
-16
-14
-14
-11
-4
6
13
10
6
1
0
-3
-11
-13
-12
-10
-9
-10
-13
-10
-14
-18
-19
-22
-23
-21
-14
-11
-11
-1
7
8
10
15
22
23
21
21
22
23
17
12
11
14
11
9
4
1
1
6
11
6
3
-2
-5
-11
-16
-19
-27
-28
-26
-17
-8
1
7
14
20
24
22
11
8
7
5
3
9
17
18
21
20
15
7
-4
-15
-20
-18
-24
-27
-24
-16
-14
-19
-22
-18
-13
-14
-23
-24
-11
-5
-3
0
9
18
24
27
22
17
11
7
2
1
0
-1
1
4
0
-9
-17
-25
-27
-28
-26
-22
-17
-10
-7
-6
-8
-12
-13
-15
-16
-12
-12
-4
6
15
22
25
28
28
28
24
22
20
13
10
12
14
15
14
12
7
5
-1
-7
-8
-8
-8
-7
-6
-7
-11
-11
-8
-2
-3
-5
-1
6
10
7
8
7
8
5
1
3
4
5
4
7
11
11
4
-2
-7
-7
-7
-11
-13
-14
-9
-2
2
3
6
8
12
12
9
9
8
0
-7
-3
2
2
3
9
15
16
11
6
3
3
-2
-9
-9
-3
-2
-1
1
1
-1
-2
-7
-10
-15
-19
-17
-14
-6
-5
0
3
8
3
-3
-12
-16
-13
-12
-13
-9
-2
3
2
-8
-6
-4
-4
-7
-8
-3
0
4
6
10
16
13
10
6
3
1
1
2
3
5
9
11
14
13
11
10
7
4
1
-1
-7
-13
-14
-10
-7
-7
-4
-4
-10
-15
-14
-16
-16
-14
-8
-6
-3
0
-3
-8
-9
-4
-2
-7
-3
5
10
6
-2
-2
2
5
-2
-2
-2
3
4
4
6
7
5
-3
-2
1
-1
-4
5
12
16
19
20
22
19
16
12
10
11
9
9
10
10
17
25
24
18
13
13
5
-5
-13
-15
-19
-13
-13
-16
-16
-17
-18
-25
-28
-31