2
1
1
0
2
1
1
0
-1
0
0
0
-2
0
0
-1
0
3
0
0
1
0
0
2
0
-1
1
1
-1
0
0
0
2
1
-1
-1
3
1
1
-1
-1
-1
-1
-1
-2
-1
-2
1
2
2
1
0
2
1
1
-1
-4
-2
0
-1
-1
0
2
2
2
3
0
-2
-1
-1
-3
-5
-5
-2
0
1
-1
0
3
2
1
0
1
-2
-2
-1
-2
-1
-3
-2
0
0
0
-2
-1
3
-1
-1
-2
-1
1
0
-1
-1
1
-1
0
1
1
0
0
1
3
2
1
2
4
4
3
0
2
2
1
0
-2
-1
-1
0
-1
-2
-1
-2
-1
0
-2
-4
-2
0
0
0
-1
0
3
2
1
-1
0
0
1
1
-1
-3
0
1
1
-1
-2
1
2
2
-1
-1
0
1
2
1
-1
-1
-1
0
0
-1
0
1
2
3
1
3
3
4
1
0
1
1
-2
-2
-1
-1
0
1
2
3
3
1
1
2
0
-3
-1
-2
-1
1
0
-1
0
1
0
1
-1
-3
0
0
-2
-2
-1
0
0
1
0
-2
-2
-1
-1
-1
-2
-2
0
0
-1
-2
-1
-2
-2
-3
-1
-2
-3
-1
1
-1
-3
-4
-3
-3
-5
-5
-1
5
5
4
8
11
11
10
9
9
5
3
3
0
-1
-4
-5
-4
-5
-5
-6
-5
-4
-6
-6
-4
-4
-5
-1
-2
1
5
2
4
12
11
5
3
1
-2
-5
-11
-16
-15
-11
-15
-12
-4
-5
-4
1
5
6
8
6
3
-1
1
1
2
7
5
10
15
17
13
12
10
8
9
9
9
13
14
15
15
13
4
-5
-10
-19
-22
-27
-27
-25
-11
-2
-6
-5
-2
-1
-12
-24
-36
-37
-31
-28
-27
-21
-8
5
12
21
26
31
34
34
40
38
37
35
36
32
39
38
28
24
24
19
16
16
6
2
1
-5
-10
-14
-25
-42
-49
-46
-48
-51
-44
-37
-25
-7
-5
-2
-1
-5
-19
-24
-28
-30
-17
-5
11
33
61
72
74
73
68
49
31
11
-10
-30
-40
-57
-61
-61
-68
-74
-70
-68
-67
-55
-53
-48
-31
-11
-7
-1
7
12
13
11
12
13
20
27
31
46
55
58
58
65
64
51
41
25
13
8
-2
-9
3
7
-6
6
28
28
18
20
22
27
35
26
24
33
41
30
23
13
-5
-12
-21
-36
-65
-82
-78
-70
-75
-73
-56
-30
-8
6
14
16
20
6
-14
-23
-34
-60
-67
-58
-63
-72
-75
-69
-53
-41
-33
-11
25
67
94
110
119
121
123
117
89
54
32
27
29
28
33
50
69
83
94
91
78
53
31
0
-14
-37
-68
-66
-46
-32
-28
-14
-10
-16
-30
-67
-93
-109
-118
-121
-122
-113
-78
-32
22
56
39
30
39
30
-25
-104
-140
-134
-137
-126
-95
-13
61
102
126
121
105
56
-15
-111
-160
-189
-185
-160
-106
-21
47
119
167
204
195
137
60
19
-25
-107
-171
-156
-75
-11
76
196
241
222
197
206
144
53
-27
-89
-60
15
5
-38
-28
9
73
40
-23
-99
-126
-108
-73
-90
-104
-90
56
215
234
171
150
206
182
123
38
-3
13
81
92
65
61
65
34
-99
-238
-325
-349
-361
-329
-241
-100
37
192
269
269
257
196
61
-34
-81
-206
-247
-171
-105
-93
-28
81
120
108
91
76
10
-83
-139
-164
-237
-244
-169
-93
-35
81
204
289
303
265
236
143
32
-24
-42
-42
-23
49
216
389
494
518
474
378
188
-84
-362
-682
-887
-888
-783
-652
-441
-178
91
301
397
352
198
-23
-208
-401
-563
-610
-606
-529
-291
2
308
666
861
873
878
834
586
149
-264
-528
-634
-603
-541
-365
-15
344
531
598
588
556
422
219
-7
-165
-261
-308
-298
-238
-118
79
252
228
154
169
147
-50
-282
-375
-356
-322
-332
-288
-121
112
168
91
102
238
323
195
-11
-24
94
97
92
173
318
399
454
456
387
212
-4
-165
-285
-394
-473
-380
-238
-103
-64
-130
-216
-239
-310
-445
-670
-943
-1189
-1299
-1485
-1857
-2309
-2815
-3169
-3272
-3092
-2774
-2273
-1360
247
2394
4419
5988
7376
8678
9500
9553
8775
7329
5270
2838
257
-2489
-5177
-7329
-8519
-9040
-8844
-8111
-7088
-5632
-3636
-2072
-1187
-146
842
1490
2288
3187
3777
4623
5818
6780
7377
7690
7150
6044
4843
2849
26
-2417
-4356
-6226
-7297
-7476
-7314
-6657
-5275
-3980
-2863
-1732
-1081
-841
-369
-44
235
975
2022
3009
4114
5188
5766
5320
3156
617
-1284
-3607
-6673
-9042
-10005
-8990
-6471
-4069
-1911
1752
5760
8379
9951
10421
9611
8857
8178
6726
4831
2898
1088
94
-346
-1788
-4149
-6037
-7161
-7829
-8596
-9300
-9249
-7907
-5639
-3077
-900
925
2837
4589
5594
5993
5919
5504
5472
5886
6057
5905
5541
4748
3769
2718
900
-1857
-4311
-6063
-7346
-8132
-8491
-8365
-7492
-5797
-4618
-4263
-3490
-2111
-1263
-773
-254
352
1610
3330
4198
4409
5221
5560
4897
4069
2891
1277
380
611
1396
2677
3610
4986
7533
9948
9505
6603
3289
-424
-4719
-9097
-13325
-16437
-16762
-14700
-10943
-6365
-1861
1905
5787
9079
9599
7512
4734
2101
41
-1004
-1119
-136
2277
5759
9208
11219
11176
9035
5454
1071
-3887
-9182
-13458
-15234
-14852
-12790
-9225
-4821
-1043
2828
5105
4083
2665
1728
-883
-4217
-5786
-6173
-4416
-684
2288
4250
8131
10608
9948
8461
6085
2712
689
-257
-1692
-687
2533
5698
8796
10847
9263
5823
2608
-2439
-9089
-14959
-19073
-20459
-17988
-13431
-8163
-2067
4096
9651
13413
13491
10371
6597
2969
-625
-3314
-4618
-3858
-567
4046
8294
11339
12144
10344
7206
2552
-4009
-10779
-15765
-18335
-17746
-14704
-10402
-4686
430
3920
7096
8937
6828
2682
-1355
-4743
-6360
-6730
-7298
-5551
-443
4428
7935
10731
11526
11119
11375
10141
6585
4035
3265
3789
5538
5708
3466
1572
524
-1966
-6027
-11117
-16139
-18252
-17140
-15138
-12870
-9346
-4285
2428
8365
10822
10589
10024
9174
7415
5143
2440
645
1525
4179
6612
7965
7946
6775
5351
2610
-2298
-8365
-13596
-16906
-17453
-16280
-14208
-10288
-6833
-3310
1955
6044
5447
3403
2390
2098
1880
685
-1894
-1443
3149
6056
7084
8835
10637
11805
12756
11279
8198
6692
5789
4666
3025
-81
-5012
-7686
-8255
-10267
-13828
-16327
-16421
-13449
-9332
-6670
-4356
-838
4002
8501
10533
9529
8129
7629
7030
6036
4359
2469
2509
4655
6263
6432
5103
2468
-277
-2779
-6308
-10924
-14733
-16509
-15899
-13397
-10678
-7785
-5066
-2401
1263
4535
4660
2952
2178
2457
3414
3446
1800
1474
4777
7323
7839
8642
9649
9663
9895
9841
8833
8250
8096
7038
4464
573
-4679
-9115
-12410
-16331
-20403
-21645
-19411
-14807
-9855
-4823
622
6165
10722
13704
14219
11701
8630
6437
4507
2583
1497
1535
3315
6424
8334
7952
5973
2944
-1428
-6337
-11651
-16990
-20697
-21182
-19247
-15421
-11425
-8431
-3546
2899
6695
7116
6795
6490
6773
6781
5131
3136
4144
5980
6714
7609
8272
8263
8761
8951
7639
6794
6555
5914
6354
5842
1079
-4781
-8063
-10869
-15008
-19238
-22170
-21500
-16736
-10734
-6144
-728
5611
11624
15544
16644
14804
11188
7690
4988
2830
154
-1253
246
3872
7166
8938
7989
5124
1738
-2641
-9000
-15876
-21290
-23821
-22741
-19058
-14757
-11623
-6903
340
6735
8977
8467
7146
7169
8031
6995
3388
2186
4792
7221
8501
9571
9804
9809
10741
10582
8532
6620
5300
5183
5849
2933
-3979
-8855
-10384
-13397
-18367
-22380
-23026
-19737
-13496
-8253
-3454
2618
9105
14413
17338
17253
13597
9466
6796
4830
1926
-770
-914
1784
5635
8166
8353
6283
3014
-980
-6258
-12892
-19633
-23874
-24730
-21860
-18173
-16168
-11855
-3493
4072
7532
8870
9184
10122
11481
10301
6227
4588
5706
6775
7967
9337
9482
10053
11986
12348
10823
8889
6930
6006
6149
2150
-6023
-12233
-14848
-17794
-21965
-25547
-25885
-21456
-13830
-6796
-1241
5032
11481
16647
19346
19207
15668
10872
7382
5796
3619
553
-462
1888
5723
8318
8433
5627
1665
-2436
-7804
-14767
-21638
-26132
-27160
-24009
-20625
-17795
-11703
-2687
4561
8697
11031
12534
13956
13923
11055
7601
6732
6406
6278
7413
8770
8948
10009
11646
11805
10384
8312
6480
6019
6127
1945
-5827
-12058
-14913
-17463
-21818
-26170
-26954
-22726
-15184
-7882
-2499
3394
10845
17606
20499
20633
17895
12788
8251
6276
4110
-22
-2388
-403
4329
7568
7623
5222
2378
-997
-6285
-13710
-21103
-26099
-27655
-25766
-23574
-20121
-13026
-3476
4492
9768
13055
15798
17474
16192
12012
8381
6840
5133
4113
4841
6313
7407
9404
11605
12722
11972
9537
7834
7438
6578
1690
-6182
-12916
-15948
-17728
-21134
-25173
-26035
-21818
-14339
-7078
-2414
2233
9182
16238
19409
19692
17439
12761
8363
6957
5431
1351
-1837
-46
5179
8709
8362
5502
2842
-179
-5519
-13370
-21185
-26995
-28898
-28417
-27122
-23084
-15372
-6032
2688
9600
14005
17744
19890
17998
13346
10121
7258
4251
3007
3902
5058
6989
9650
12136
14303
14647
11802
9391
8217
6170
1922
-5514
-14362
-18990
-18687
-20094
-24420
-26414
-22744
-15415
-7449
-3147
-159
5546
12886
16999
18430
18111
14488
10278
9588
10408
7260
2036
1160
5728
9661
8685
5176
2054
-675
-5167
-11519
-19166
-26003
-30213
-32469
-31041
-25991
-20087
-13386
-3434
6844
14598
19897
22261
21141
19415
17286
12175
6623
3562
2745
3328
5576
7338
9858
13877
16492
15556
13662
10930
6868
2253
-6405
-17929
-25190
-25670
-26496
-28939
-28382
-22515
-13342
-3616
2673
6249
10965
15693
17441
16919
15291
11032
6271
5104
6974
6422
3710
4343
9470
13014
11545
7736
3601
-1944
-8588
-14799
-20513
-25678
-30748
-32471
-28000
-20679
-15456
-10250
-1659
8620
16438
19621
18782
17201
16738
14210
9148
4263
1944
1903
4321
7069
8970
11628
15174
17520
16967
14978
10860
7427
2127
-9294
-21076
-25254
-25475
-28980
-32072
-28959
-20386
-11021
-2524
3164
8197
13321
17104
17544
16043
12593
7292
3763
4614
6269
4562
3451
7478
13736
15294
12265
8554
4297
-2161
-9946
-16791
-23297
-28727
-32223
-31505
-26117
-19155
-13379
-6608
2510
11056
16265
18078
16873
14834
13835
11080
6041
2479
2536
3892
6100
8556
10542
12921
15454
15842
13244
10336
6818
3563
-964
-9543
-18797
-22136
-20894
-21979
-24718
-23977
-17753
-9670
-2830
596
3706
7885
11997
13696
13664
11850
8437
6270
7375
9012
7273
4837
6360
10832
12112
9337
5932
2611
-2236
-7954
-13169
-18315
-24069
-29119
-29448
-24728
-19118
-15536
-10678
-2213
7442
13822
15993
15383
15034
15200
13111
8167
3667
2294
3245
5203
6937
8715
11476
14389
15905
14902
12396
8571
5449
-358
-10030
-18445
-21436
-22260
-24945
-26364
-23335
-16230
-8776
-2466
1701
5944
9626
12181
12587
11869
9197
5884
4729
6256
7491
6567
6594
10014
13769
13405
10371
7189
3038
-3218
-9648
-15088
-20167
-25730
-29679
-28391
-23148
-17940
-13899
-8194
-73
8190
12900
13729
12595
12508
12230
9972
6008
3324
3276
5287
7822
9569
11067
13411
15755
16193
14072
10675
7321
3969
-818
-8624
-16679
-20799
-21116
-22024
-23926
-23485
-18321
-11125
-4684
-433
3016
6906
10672
12722
12658
11096
8490
7021
7755
8895
8279
7426
8896
11744
12404
10196
6778
2591
-3237
-8992
-14164
-18904
-24523
-29219
-28916
-23849
-18319
-14657
-9965
-2762
6153
12209
13519
12083
12324
12975
11671
8165
4922
3885
5573
8361
9783
11026
12775
14381
15096
14087
10815
6534
3780
-248
-7749
-15758
-19583
-20321
-21809
-24076
-23408
-18406
-12208
-6607
-1920
2667
6567
10297
12926
13898
12683
10218
8343
8438
9085
7933
6507
7485
10168
10947
9294
6710
3165
-2117
-7576
-12353
-17197
-22811
-27538
-28147
-24438
-19482
-15283
-10499
-3837
4352
10733
13192
12736
12525
12417
11128
8002
4844
3333
4207
6359
8090
9724
11643
13417
14344
13936
11186
7540
4109
1764
-3706
-12799
-19409
-19600
-18796
-21590
-23895
-20793
-13977
-7669
-3104
38
3907
8079
11764
13353
13824
11935
9132
8561
10517
10851
8273
6816
8927
11649
11073
7912
4180
-308
-5540
-10330
-14647
-19985
-26140
-28956
-26139
-20912
-17144
-14069
-8811
-330
7894
12113
12384
12015
13010
13348
11182
6981
4180
4062
5852
7147
8229
9723
11609
13217
14300
12844
9354
5790
3509
-473
-9053
-17610
-20890
-20327
-21806
-24283
-23389
-17700
-10834
-4669
-590
3102
7140
10984
13330
14349
13771
10652
8343
9214
11205
10103
7422
7465
10525
12102
9889
6082
1885
-3037
-8221
-12703
-17295
-23360
-28252
-28149
-23602
-19134
-16101
-12165
-4791
4097
10407
12643
12604
12951
13426
12686
9481
5716
3841
4671
6249
7561
8940
10451
12180
13813
14068
11429
7916
4910
2781
-3050
-12543
-19606
-20583
-20274
-22842
-24726
-21739
-15021
-8302
-3037
599
4574
8460
11669
13396
14468
12488
8922
7807
9933
10882
8450
6463
8207
11354
11179
8061
4327
-138
-5773
-10649
-14464
-19246
-24973
-28582
-26308
-20615
-16325
-13800
-9227
-1441
6803
11855
12712
11656
12127
13457
12603
8954
5830
5375
6749
8014
8629
9089
9847
10965
12109
11604
8798
5321
3367
1095
-5944
-14621
-19159
-19436
-20821
-23470
-23503
-18945
-12581
-6500
-1479
3260
7610
11128
13890
15889
15634
11801
8292
8140
9468
8074
5239
5088
8222
10030
8917
6441
3071
-2246
-7862
-12161
-16224
-22059
-28040
-29182
-24863
-19573
-15977
-11698
-4860
3831
11086
14530
14206
13261
13348
13105
10450
6255
3655
3976
5827
7074
8005
8778
9878
11501
12649
10630
7069
4197
2803
-888
-9122
-17058
-19732
-19105
-20592
-23045
-21874
-16185
-9446
-3212
1537
5834
9567
13074
15571
16955
14911
10157
7216
7826
8532
6209
3653
4517
7875
9351
7982
5076
1018
-4387
-9498
-13780
-18523
-25021
-30082
-28704
-22776
-17552
-13856
-8697
-573
8909
15384
16241
14241
13705
13906
12060
7709
3628
2101
3633
5970
7340
8338
9624
11067
13067
13035
9781
5389
3484
497
-7857
-16901
-20732
-20655
-22382
-24583
-23045
-16693
-9911
-3562
2061
7418
11057
13915
15840
16850
15144
10527
6914
6625
7701
6112
3974
4818
8150
9819
8629
6064
2296
-3484
-9607
-14303
-18733
-24728
-30146
-30230
-25157
-19243
-14373
-9200
-1924
7253
14618
16943
15611
14725
14508
13231
9913
6142
3901
4176
5834
7041
7786
8129
8633
9874
10344
8230
4745
2277
1219
-3386
-11930
-18473
-19204
-18991
-21543
-23186
-19669
-13243
-6929
-1051
4264
8916
12537
15551
17534
18012
14358
9241
6842
7545
6965
3844
2114
4385
7787
8270
6355
3707
-407
-6050
-10923
-15024
-20325
-26646
-29990
-27496
-21772
-16648
-12096
-5807
2789
11370
16375
17031
15724
14968
14122
11805
7768
4136
2719
3939
5607
6550
7168
7959
8922
10074
9497
6347
2716
1053
-222
-6358
-14991
-19338
-18314
-18396
-20796
-21032
-16682
-10394
-3933
1643
6042
9495
12544
15383
17548
17129
12229
7562
6939
8333
6423
2680
1832
4816
7305
6578
4273
1237
-3400
-8575
-12116
-15870
-21128
-26160
-27309
-23515
-18076
-13307
-8585
-2528
4691
11792
15939
15745
13604
12956
12985
11036
6838
3801
3228
4482
5326
5724
6051
6262
6829
8197
7699
4412
1482
1187
467
-5463
-13159
-16621
-15543
-15696
-18234
-19191
-15501
-9449
-3229
1849
5691
8873
12157
15263
17186
16041
10980
6928
6543
7136
4607
1190
941
3738
5667
4979
3277
807
-3202
-7937
-11493
-14948
-19504
-23596
-24801
-21893
-16963
-11962
-7257
-2014
4165
10879
15410
15667
13495
12741
13084
11404
7229
4033
3098
3359
3531
3712
3741
3761
4720
6571
6199
3431
1609
1827
1548
-3929
-11446
-15177
-14092
-14104
-16890
-18537
-14912
-8198
-1964
2519
6229
10074
13348
15727
16813
15673
10708
6159
4744
4693
2276
-787
-909
1605
3493
3552
3042
1419
-2466
-7302
-10602
-13216
-17274
-21479
-23330
-21024
-15873
-10606
-6256
-1745
3875
10472
15599
16109
13515
12511
13243
11603
7016
3654
2591
2015
1561
1848
2118
2147
3091
4818
5160
3507
2306
2255
1994
-2449
-9052
-12955
-12787
-12989
-15547
-17026
-13878
-7965
-2608
1782
5922
10030
12799
14898
16209
15697
11253
6353
3913
3084
945
-1745
-2232
-521
1506
2729
3322
2368
-1058
-5512
-8793
-11226
-15248
-19830
-22267
-20762
-16527
-11613
-6915
-2585
2619
9194
15185
16668
14496
13029
13445
12146
7747
3721
2118
1206
259
599
1488
1638
2046
3804
5164
4418
3315
2617
2295
-1183
-7557
-12202
-12682
-12739
-15035
-16335
-13407
-7724
-2559
1945
6369
10484
12849
14428
15499
15201
11171
5951
2700
1584
401
-2001
-3235
-1800
937
2628
3042
2219
-885
-5051
-8137
-10308
-14345
-19115
-21545
-20141
-16255
-11757
-7046
-2387
2823
9224
15268
17085
15275
13765
13677
11977
7516
3355
1204
-209
-1220
-719
483
871
1432
3531
5718
5490
4189
3076
2753
-499
-7058
-12282
-13224
-13191
-15046
-15958
-12901
-7221
-1995
3016
7958
11919
13523
14399
15278
14819
10228
4250
631
-67
-797
-2849
-3642
-1783
1295
3325
4096
3084
-558
-4943
-8040
-10449
-14698
-19161
-20825
-19190
-15391
-10763
-5844
-1357
3454
9385
14702
16093
14284
12658
12210
10571
6760
3032
1060
-43
-757
-336
519
613
795
2400
4268
4215
3107
2313
2674
346
-5693
-10711
-11413
-11152
-13172
-14567
-12092
-7026
-2204
2779
7813
11636
13173
14305
15845
15717
10886
4261
168
-902
-2164
-4695
-5976
-4265
-654
2400
3894
3165
222
-3254
-5986
-8878
-13310
-17759
-19851
-18879
-15243
-10488
-5703
-1152
3906
9853
14863
16456
14787
12749
11643
9775
5935
2059
-50
-1145
-1633
-1069
60
302
525
2012
4103
3908
2396
1273
1652
1058
-3509
-8720
-10434
-9257
-9435
-10792
-10450
-7088
-2664
2060
5994
8853
10318
11570
12978
13789
11250
5455
888
-479
-742
-2981
-5270
-4987
-2097
675
1829
1650
162
-2488
-5357
-7554
-10104
-13540
-16090
-16406
-14311
-11079
-7166
-3027
865
4979
9941
13970
14556
12950
12022
11596
9267
5441
2389
271
-1624
-2728
-2151
-1848
-2052
-889
2197
4038
4126
4015
4719
4521
-70
-6062
-9336
-9693
-11294
-13837
-14113
-10335
-5077
283
5343
9857
12732
14276
15620
16202
13100
6100
414
-1736
-2734
-5475
-7582
-6389
-2543
955
2875
3696
2802
-185
-3651
-6428
-9808
-14527
-17919
-18556
-16886
-13795
-9227
-3821
1022
5769
11546
16392
17135
14863
13113
11874
8639
4031
607
-1590
-3429
-3840
-2292
-1016
-786
540
3639
5392
4780
3735
3502
3055
-1024
-6843
-10350
-10465
-10816
-12288
-12207
-8819
-3839
1333
6184
9895
12065
12975
13755
13923
11486
5596
76
-2455
-2996
-4419
-6046
-5544
-2517
779
2874
3646
2593
-670
-4134
-6595
-9146
-13059
-16154
-16614
-15191
-12104
-7583
-2462
1324
4799
9808
14807
15786
13295
11168
10261
8103
4390
1286
-987
-2954
-3475
-1996
-990
-1538
-1102
1461
3562
3178
2538
2449
2942
1300
-3009
-6824
-7968
-7767
-8798
-9949
-9096
-5485
-1132
3136
6517
9358
10813
11657
12426
12180
8286
2299
-1693
-2665
-3571
-5768
-6730
-5025
-1866
832
2480
2579
734
-1959
-3881
-5747
-9059
-12646
-14376
-14503
-13063
-9753
-5242
-1656
1588
6499
12266
15318
14330
12543
11658
10145
6698
2692
-666
-3384
-4744
-4061
-2948
-3027
-2538
139
3367
4418
4260
4197
4620
4333
600
-4515
-7922
-8302
-8729
-10034
-10554
-7975
-3386
1436
5526
8789
10698
11329
12145
12486
10007
3904
-1418
-3504
-3896
-5530
-6989
-6126
-3016
526
3042
3934
2683
-42
-2533
-4749
-7847
-11751
-14640
-15558
-14495
-11459
-7053
-2675
849
5240
10881
14920
14864
12618
11012
9640
6810
2789
-740
-3373
-4707
-4344
-2965
-2248
-2078
-133
3083
4876
4312
3779
3840
4202
2673
-1767
-6188
-7505
-6405
-6611
-7979
-7807
-4414
-56
3786
6213
8009
8827
9494
10179
9744
6088
776
-2260
-2945
-3469
-5180
-5860
-4309
-1394
1045
2135
1994
392
-1929
-4006
-5969
-8518
-11351
-13188
-13475
-11732
-8507
-4696
-1449
1617
5763
10531
13271
12628
11008
10096
9008
6245
2593
-616
-2859
-3995
-4094
-3558
-3425
-2491
-50
2907
4246
4533
5063
5843
5631
2031
-2989
-6096
-6370
-7175
-9315
-10323
-7840
-3425
946
4344
7347
9652
10837
11395
11178
8718
3143
-1783
-3964
-4686
-6269
-7216
-5763
-2462
709
2824
3981
3417
991
-1901
-4334
-7112
-10650
-13294
-14313
-13504
-10870
-6716
-2430
1076
4787
9449
13420
14062
12079
10078
8713
6338
2586
-960
-3329
-4620
-4924
-4120
-2946
-1985
-362
2223
4474
4975
4981
5008
5200
3451
-802
-4773
-6246
-6296
-7514
-8951
-8202
-4668
-671
2842
5533
7968
9217
9703
9680
8811
5221
113
-3158
-4160
-4744
-5883
-5661
-3648
-588
1946
3318
3477
2000
-396
-2981
-5256
-7969
-10781
-12484
-12627
-11069
-8114
-4092
-285
2823
5974
10036
12871
12288
9716
8009
6838
4047
162
-2631
-4126
-5234
-5256
-3779
-2445
-1638
186
3248
5228
5346
5389
5692
5789
3462
-725
-4073
-4984
-5376
-6715
-7902
-6769
-3663
-244
2685
4937
6817
7580
8004
7898
6764
3005
-1088
-3458
-4114
-4745
-5441
-4767
-2636
14
1698
2788
2944
1575
-917
-3177
-5076
-7608
-9911
-11082
-11138
-10083
-7177
-2998
392
2627
5685
10025
12306
10979
8872
7979
6331
2852
-444
-2438
-4378
-5956
-5506
-3694
-2733
-1786
939
4144
5498
5821
6697
7197
6556
3665
-309
-3381
-4593
-5495
-7078
-8159
-6679
-3372
19
2560
4776
6733
7451
7482
7059
5782
2193
-1730
-4172
-4784
-5268
-5479
-4727
-2809
-272
1877
3309
3351
1809
-522
-2653
-4711
-7145
-9210
-10597
-11179
-9857
-6337
-2287
410
2574
6198
10315
11896
10692
9042
7513
4963
1769
-826
-3186
-6007
-7224
-6002
-4103
-3077
-1332
1650
4539
6203
7260
7918
7645
6661
3640
-371
-3562
-4571
-5505
-7141
-7997
-5999
-2506
544
2760
5078
6825
6962
6510
6056
4643
670
-3231
-5052
-5133
-5527
-5609
-4370
-2106
226
2369
4059
4036
2029
-351
-2312
-4231
-6748
-8825
-10430
-10977
-9144
-5224
-1484
695
2986
6786
10618
11664
10086
7822
5811
3354
607
-2080
-4702
-7033
-7260
-5466
-3521
-2304
-292
2745
5595
7332
8148
8050
7278
6631
4257
115
-3545
-4548
-4780
-5964
-7104
-5604
-2605
19
2031
4092
5358
4974
4398
4264
3470
40
-3620
-5295
-4914
-4585
-4471
-3681
-1888
416
2594
4053
3960
2261
-14
-1810
-3228
-5389
-7784
-9569
-9856
-8102
-4951
-1926
64
2130
5472
9122
10411
9006
6963
5582
3882
1296
-1576
-4123
-6184
-6799
-5766
-3966
-2564
-579
2373
5748
7883
8824
8956
8824
8102
4610
-230
-3737
-4722
-5934
-7902
-8692
-6373
-3169
-346
2036
4690
6009
5776
5549
5446
3730
-736
-4395
-5697
-5560
-5912
-5870
-4441
-1893
993
3597
5279
4989
3074
927
-844
-2996
-6212
-8786
-10399
-10378
-8582
-5282
-2002
451
3140
7043
10568
11039
9109
7076
5378
2813
-432
-3301
-5557
-7482
-7518
-5715
-3280
-1562
717
3871
7303
9082
9511
9079
8544
7237
3317
-1291
-4322
-5145
-6128
-7387
-7403
-5020
-2213
339
2547
4719
5210
4525
4142
4050
2191
-2040
-5058
-5808
-5442
-5643
-5179
-3503
-1128
1519
3917
5269
4586
2590
544
-1263
-3531
-6304
-8341
-9714
-9621
-7614
-4160
-1146
947
3317
6973
10008
10071
7942
5940
4236
1884
-878
-3469
-5828
-7657
-7183
-4828
-2537
-1202
1156
4861
8408
9760
9820
9239
8879
7302
3202
-1533
-4473
-5213
-6159
-7308
-7162
-4845
-2114
485
2668
4532
4562
3940
3703
3527
1134
-2979
-5541
-6071
-5779
-5847
-5039
-3229
-691
2058
4358
5498
4736
2834
740
-1069
-3442
-6083
-8056
-9272
-8934
-6863
-3333
-513
1349
3532
7234
9784
9077
6610
4885
3238
733
-1907
-4146
-6233
-7522
-6238
-3651
-1712
-502
2233
5962
8845
9458
9144
8550
7961
6540
2874
-1580
-4343
-4606
-4901
-5982
-6471
-4809
-2345
-49
1560
2974
3126
2650
2495
2673
1149
-2425
-5017
-5386
-4663
-4740
-4428
-2873
-370
1953
3867
5126
4845
3189
1213
-369
-2478
-4979
-6891
-8269
-8385
-6798
-3802
-1287
351
2260
5493
7962
7734
5874
4463
2938
662
-1833
-3850
-5662
-6837
-5953
-3811
-1730
-77
2839
6311
9046
9689
9642
9155
8499
6698
2564
-1827
-4344
-4556
-5170
-6546
-7001
-5033
-2432
-196
1374
2875
3062
2599
2531
2692
930
-2841
-5093
-5151
-4530
-4795
-4196
-2172
254
2427
4480
5903
5347
3356
1310
-288
-2573
-5300
-7346
-8683
-8764
-7183
-4044
-1327
390
2335
5636
7960
7550
5618
4108
2403
-84
-2474
-4152
-5656
-6565
-5414
-2866
-312
1584
4208
7223
9524
9865
9230
8250
7124
5411
1845
-2175
-4490
-4396
-4406
-5528
-6097
-4516
-2218
-465
597
1745
1875
1314
1149
1264
105
-2710
-4400
-4477
-3905
-3763
-2856
-1235
461
2228
4061
5300
4618
2829
1108
-295
-2277
-4337
-6111
-7725
-8144
-6713
-3972
-1897
-660
1052
4127
6529
6592
5214
4114
2743
830
-1209
-2874
-4539
-5624
-4973
-2902
-488
1424
3806
6745
9377
10135
9932
9214
8325
5960
1711
-2448
-4737
-5354
-6491
-7938
-7971
-5709
-3014
-747
970
2732
3194
3022
2903
2711
577
-2879
-4839
-5101
-4815
-4692
-3479
-1653
514
2941
5296
6377
5337
3485
1677
-84
-2803
-5441
-7666
-9309
-9398
-7480
-4419
-2227
-577
1909
5735
8101
7537
5883
4788
3026
481
-1969
-3664
-5465
-6382
-5065
-2250
319
2289
5082
8352
10523
10601
10089
8955
7275
4062
-121
-3955
-6028
-6594
-7229
-7928
-7219
-4586
-1740
403
1909
3291
3278
2758
2213
1913
-204
-3216
-4871
-4567
-3797
-3454
-2526
-826
1418
3420
4944
5349
4216
2233
358
-1233
-3570
-5843
-7718
-8739
-8445
-6462
-3609
-1650
-221
2176
5735
7579
6842
5367
4374
2637
262
-1771
-3349
-5137
-5851
-4204
-1466
658
2311
5039
7955
9700
9669
9134
7863
6201
3725
79
-3608
-5706
-5921
-6353
-7134
-6770
-4466
-1961
-161
1134
2549
2710
2148
1804
1974
480
-2373
-3954
-3646
-3015
-3174
-2640
-1048
943
2451
3838
4680
4047
2218
537
-762
-2810
-5103
-7242
-8335
-8230
-6740
-4362
-2222
-574
1872
5418
7650
7351
6233
5228
3437
997
-1389
-3358
-5438
-6194
-4976
-2266
173
2356
5212
8467
10504
10729
10087
8682
6917
3527
-880
-4742
-6441
-6957
-7923
-8569
-7226
-4256
-1500
412
2191
3621
3529
2887
2617
2289
-349
-3428
-4693
-4149
-3887
-3899
-2763
-648
1480
3184
4883
5501
4224
1958
329
-1295
-3744
-6460
-8642
-9283
-8581
-6415
-3765
-1564
196
3221
6973
8515
7257
5804
4597
2619
-131
-2445
-4341
-5997
-6009
-3987
-907
1431
3571
6426
9472
10772
10281
9090
7200
5217
2109
-1822
-5233
-6399
-6334
-6748
-6978
-5623
-3083
-922
459
1826
2773
2373
1713
1676
1552
-637
-3039
-3802
-3238
-3006
-2991
-2053
-380
1244
2560
3924
4379
3166
1335
116
-1286
-3467
-5813
-7621
-8371
-8083
-6342
-3868
-1953
-247
2867
6595
8089
7289
6392
5297
3248
455
-1916
-4154
-6061
-6412
-4631
-1781
603
3026
6249
9644
11288
11345
10210
8690
6031
1512
-3276
-6531
-7741
-8932
-9980
-9367
-6553
-3184
-363
2085
4447
5351
4995
4504
4298
2198
-1818
-4696
-5255
-5017
-5248
-4665
-2617
68
2503
4794
6369
5942
3825
1848
62
-2661
-6082
-8952
-10394
-10390
-8916
-5867
-2739
-504
2392
6873
10146
9755
7902
6488
4603
1327
-2002
-4518
-6795
-7855
-6540
-3252
-224
2194
5298
9146
11574
11741
10813
9183
6776
2612
-2152
-6099
-8055
-8869
-9525
-9323
-7288
-3884
-570
2003
4080
5372
5362
4813
4227
3037
-214
-3595
-5170
-5032
-4834
-4546
-3239
-935
1570
3670
5215
5512
4074
1716
-326
-2459
-5036
-7931
-9944
-10336
-9158
-6449
-3162
-697
1448
5018
8946
10280
8766
6950
5250
3017
-7
-2681
-5125
-6828
-6609
-4412
-1508
648
3096
6479
9640
10710
10499
9603
7978
5278
1076
-3292
-6590
-7856
-8585
-9246
-8804
-6347
-2924
109
2356
4293
5309
5391
4884
4223
2435
-942
-3771
-4980
-5031
-5097
-4612
-3166
-864
1461
3418
4713
4747
3158
1017
-942
-3055
-5650
-8297
-9960
-10067
-8335
-5356
-2287
-45
2529
6393
9787
10250
8666
6782
4881
2303
-712
-3485
-5973
-7256
-6542
-3984
-1336
1022
3888
7487
10030
10791
10577
9465
7574
3996
-539
-4702
-7054
-8188
-9227
-9677
-8196
-4890
-1322
1517
3753
5472
6028
5825
5108
3872
841
-2613
-4786
-5346
-5478
-5379
-4354
-2307
222
2518
4294
4986
4247
2309
218
-1952
-4293
-6995
-9355
-10242
-9353
-6725
-3550
-922
1464
4920
8716
10475
9672
7940
5882
3531
678
-2169
-5020
-7091
-7179
-5334
-2765
-652
1852
5264
8480
9835
9966
9437
8088
5801
1959
-2394
-5958
-7441
-8146
-8976
-8923
-6658
-3059
188
2456
4533
5921
6066
5358
4551
2908
-441
-3498
-4962
-5164
-5283
-4863
-3366
-1120
1136
3147
4609
4700
3288
1256
-701
-2910
-5476
-8139
-9841
-9913
-8271
-5303
-2254
274
3087
6879
9981
10482
9127
7256
5025
2289
-715
-3589
-6238
-7639
-7044
-4745
-2193
96
3021
6695
9247
10042
10023
9378
7670
4036
-489
-4544
-7027
-8378
-9505
-9850
-8369
-5103
-1305
1871
4465
6256
6865
6564
5802
4380
1034
-2745
-5178
-5842
-5996
-5790
-4557
-2278
391
2833
4749
5413
4422
2354
239
-2098
-4839
-7914
-10104
-10592
-9527
-6901
-3507
-399
2415
6064
9722
11115
10083
8269
6049
3333
158
-2666
-5349
-7278
-7393
-5436
-2719
-612
1891
5394
8667
9779
9825
9367
8241
5481
1238
-3012
-6131
-7621
-8627
-9222
-8674
-6138
-2547
866
3367
5410
6350
6376
5681
4712
2336
-1317
-4245
-5403
-5615
-5796
-5076
-3171
-720
1533
3467
4672
4291
2465
372
-1634
-4115
-7110
-9279
-10002
-9520
-7725
-4484
-1072
1706
4744
8266
10541
10358
8867
6990
4583
1398
-1549
-3973
-5999
-6968
-6054
-3614
-1378
743
3670
6982
8735
9086
9081
8404
6703
3347
-661
-4308
-6420
-7452
-8189
-8537
-7340
-4336
-828
1833
3905
5555
6068
5670
5035
3910
927
-2548
-4623
-5110
-5408
-5483
-4293
-2134
0
1864
3597
4216
3085
1088
-808
-3102
-5913
-8340
-9589
-9749
-8874
-6240
-2410
938
3555
6651
9745
10846
9752
8080
5875
2833
-536
-2993
-4904
-6441
-6705
-4939
-2241
13
2405
5386
7882
8688
8788
8494
7367
4340
317
-3164
-5533
-6897
-7922
-8331
-7658
-5322
-1917
1267
3545
5240
6158
6263
5673
4704
2352
-1168
-4004
-5123
-5351
-5548
-4940
-3119
-831
1249
2987
4062
3616
1925
-189
-2419
-4999
-7647
-9396
-9832
-9116
-7061
-3611
93
3240
6190
9149
10812
10461
8839
6637
3801
406
-2451
-4510
-5999
-6655
-5670
-3324
-874
1391
4071
6647
7857
8012
7790
7091
4741
904
-2609
-4896
-6215
-7333
-7890
-7274
-5315
-2346
725
3231
4982
5868
6171
5815
5045
3131
142
-2776
-4354
-4854
-5081
-4848
-3617
-1637
382
2088
3253
3266
1929
20
-1921
-4248
-6847
-8772
-9443
-9016
-7414
-4381
-755
2542
5492
8350
10438
10677
9422
7361
4723
1434
-1670
-3909
-5556
-6617
-6198
-4165
-1780
501
2998
5554
7089
7612
7581
7096
5215
1727
-1778
-4193
-5644
-6954
-7745
-7396
-5742
-3089
0
2708
4741
5800
6318
6266
5588
3818
1005
-1852
-3807
-4722
-5168
-5120
-4095
-2289
-368
1383
2690
3085
2107
399
-1685
-3965
-6400
-8393
-9349
-9314
-8136
-5288
-1443
1955
4814
7804
10357
11022
10041
8224
5802
2554
-725
-3053
-4764
-6044
-6238
-4592
-2195
-75
2078
4587
6331
6917
7004
6929
5641
2422
-1038
-3463
-4874
-6260
-7342
-7365
-6073
-3763
-883
1927
4168
5401
6020
6224
5870
4432
1812
-988
-3180
-4450
-5153
-5216
-4478
-3011
-1199
735
2375
3105
2459
920
-892
-3088
-5698
-7984
-9222
-9436
-8591
-6181
-2478
1202
4320
7400
10246
11441
10658
8912
6661
3533
-31
-2809
-4751
-6225
-6617
-5250
-3020
-891
1366
3998
5945
6652
6755
6732
5948
3304
-151
-2836
-4310
-5464
-6608
-7005
-6106
-4081
-1426
1228
3547
5024
5689
5935
5803
4886
2681
-34
-2313
-3734
-4600
-4920
-4525
-3386
-1903
-266
1294
2260
1958
561
-1123
-2880
-5043
-7321
-8859
-9311
-8609
-6556
-3262
179
3246
6382
9427
11189
10916
9433
7368
4669
1365
-1591
-3887
-5582
-6380
-5508
-3599
-1689
275
2751
5011
6072
6399
6456
6118
4092
883
-2056
-3777
-4901
-6121
-6911
-6536
-4848
-2303
430
2836
4617
5641
6195
6325
5846
4010
1210
-1376
-3002
-4081
-4903
-5063
-4204
-2721
-1072
595
1847
1990
933
-516
-2086
-4095
-6687
-8872
-9679
-9215
-7571
-4799
-1422
2039
5546
9007
11331
11781
10682
8787
6281
2970
-450
-3367
-5498
-6636
-6317
-4742
-2843
-751
1811
4417
5999
6538
6560
6324
4859
1844
-1434
-3709
-4952
-6066
-6870
-6740
-5322
-2904
-37
2650
4744
5978
6600
6704
6306
4821
2166
-736
-2822
-4012
-4793
-5130
-4550
-3162
-1486
151
1504
1963
1131
-425
-2107
-4034
-6304
-8387
-9464
-9250
-7818
-5186
-1732
1847
5150
8307
10819
11694
10798
8860
6340
3176
-187
-2917
-4875
-6052
-6132
-4861
-2900
-880
1215
3369
4949
5471
5427
5304
4473
2111
-873
-3043
-4163
-5016
-5799
-5912
-4931
-3094
-679
1831
3952
5169
5774
6092
6068
5111
3004
377
-1868
-3273
-4098
-4560
-4424
-3523
-2101
-610
693
1321
931
-249
-1723
-3403
-5497
-7513
-8676
-8700
-7661
-5556
-2496
986
4316
7354
9882
11236
10886
9337
7057
4153
862
-2035
-4188
-5557
-5917
-5142
-3601
-1712
369
2401
4038
4935
5162
5041
4569
2912
181
-2287
-3657
-4495
-5336
-5765
-5156
-3578
-1400
1014
3348
4977
5733
6120
6240
5591
3750
1246
-1123
-2888
-4041
-4616
-4613
-3993
-2834
-1351
36
879
850
31
-1300
-2847
-4606
-6421
-7841
-8349
-7696
-5994
-3256
-134
3012
6004
8754
10533
10802
9771
7887
5353
2385
-469
-2877
-4567
-5366
-5105
-4086
-2561
-718
1229
2900
4022
4620
4894
4736
3516
1255
-1144
-2831
-3957
-4906
-5629
-5493
-4383
-2502
-201
2212
4163
5356
6013
6399
6199
4864
2558
30
-2064
-3646
-4625
-5070
-4793
-3912
-2471
-1000
120
564
336
-535
-1984
-3863
-5766
-7208
-7979
-7833
-6747
-4543
-1453
2052
5253
7993
10140
11115
10621
8985
6567
3463
220
-2500
-4370
-5468
-5605
-4832
-3239
-1225
932
2780
4037
4684
4922
4812
3771
1570
-974
-2838
-4034
-4932
-5529
-5411
-4410
-2512
-126
2303
4395
5726
6403
6574
6335
5083
2907
295
-1902
-3561
-4632
-5115
-4793
-3867
-2533
-1162
3
660
549
-331
-1812
-3582
-5456
-6996
-7917
-7947
-7020
-5057
-2232
1110
4375
7175
9362
10636
10550
9223
7057
4282
1141
-1700
-3770
-5011
-5434
-4867
-3577
-1865
107
2055
3438
4103
4381
4513
3922
2130
-217
-2128
-3369
-4316
-4952
-5088
-4460
-3006
-754
1591
3645
5080
6103
6521
6364
5416
3605
1220
-1105
-2965
-4270
-5010
-5047
-4299
-3087
-1811
-664
303
669
140
-1113
-2695
-4437
-6015
-7121
-7517
-7064
-5635
-3240
-106
3158
5991
8265
9933
10420
9549
7703
5228
2276
-654
-2984
-4517
-5267
-5111
-4132
-2579
-717
1220
2789
3737
4157
4362
4123
2876
757
-1336
-2806
-3855
-4596
-4915
-4531
-3463
-1522
745
2881
4413
5583
6192
6141
5309
3803
1724
-579
-2617
-4102
-4912
-5108
-4522
-3379
-2036
-920
86
764
693
-400
-2025
-3672
-5103
-6321
-7060
-6919
-5904
-3896
-1017
2147
4865
7192
9054
10029
9580
8043
5802
3130
287
-2220
-3929
-4869
-5040
-4416
-2924
-1102
618
2103
3311
3909
4009
3860
3177
1606
-441
-2055
-3065
-3739
-4240
-4186
-3505
-2085
-261
1728
3340
4481
5235
5520
5208
4137
2542
556
-1402
-3163
-4314
-4879
-4778
-4085
-2933
-1809
-817
25
463
54
-1087
-2429
-3739
-4993
-6061
-6438
-5941
-4565
-2403
356
3126
5575
7669
9115
9456
8577
6826
4566
2013
-549
-2692
-4144
-4787
-4685
-3825
-2370
-698
857
2268
3276
3768
3846
3768
3116
1633
-202
-1540
-2395
-3012
-3446
-3357
-2697
-1520
8
1571
2926
3820
4444
4583
4199
3129
1745
-73
-1867
-3426
-4349
-4716
-4497
-3774
-2832
-1862
-940
-88
112
-579
-1750
-2772
-3751
-4696
-5350
-5321
-4522
-2895
-605
1848
4067
5871
7295
8046
7788
6496
4596
2384
168
-1723
-3057
-3886
-4090
-3514
-2322
-955
332
1495
2419
2954
3163
3183
3120
2544
1377
55
-779
-1286
-1688
-2079
-2076
-1639
-854
-3
891
1783
2453
2800
2807
2672
2069
1044
-391
-1611
-2745
-3477
-3874
-3652
-3210
-2644
-1990
-1126
-400
-391
-913
-1584
-2193
-2984
-3613
-3995
-3879
-3310
-1962
-59
1923
3624
5057
6190
6660
6381
5342
3772
1788
-16
-1437
-2490
-3302
-3509
-2990
-2071
-1012
52
1167
2035
2702
3103
3484
3547
3026
1939
761
-169
-977
-1668
-2289
-2412
-2158
-1369
-499
577
1443
2215
2643
2831
2679
2042
913
-493
-1769
-2889
-3583
-3923
-3763
-3422
-2764
-1938
-1005
-324
-264
-701
-1355
-1979
-2706
-3254
-3663
-3667
-2938
-1358
490
2228
3839
5253
6205
6501
6107
4864
3093
1122
-476
-1877
-2976
-3723
-3686
-3088
-2115
-947
328
1473
2341
3055
3571
3814
3563
2790
1549
263
-796
-1620
-2234
-2627
-2468
-1864
-892
200
1346
2202
2733
2889
2790
2209
1200
-57
-1313
-2544
-3484
-3907
-3778
-3447
-2906
-2164
-1233
-553
-173
-189
-664
-1501
-2280
-2758
-3089
-3233
-3018
-1942
-378
1403
2923
4405
5321
5808
5659
5052
3671
1894
188
-1151
-2272
-3124
-3413
-3205
-2537
-1654
-444
628
1544
2184
2851
3282
3330
3068
2475
1660
679
-6
-602
-895
-1141
-951
-642
-85
361
817
998
1025
915
753
458
-144
-744
-1379
-1894
-2424
-2587
-2612
-2554
-2404
-2008
-1568
-1270
-1061
-996
-1063
-1310
-1523
-1652
-1669
-1600
-1342
-733
131
1089
1924
2737
3296
3613
3582
3259
2470
1450
429
-527
-1461
-2217
-2566
-2615
-2324
-1752
-794
209
1187
2060
3006
3737
3978
3862
3425
2786
1811
932
81
-418
-830
-875
-804
-468
-176
107
319
444
475
187
-166
-798
-1333
-2068
-2530
-3112
-3337
-3517
-3116
-2573
-1758
-1077
-431
95
377
503
405
106
-546
-1066
-1275
-1141
-902
-505
23
735
1510
2154
2556
2634
2362
1889
1291
658
-224
-1111
-1882
-2134
-2172
-1937
-1538
-664
346
1395
2421
3369
4044
4256
4207
3790
3143
2044
969
45
-487
-1002
-1280
-1338
-1126
-884
-569
-225
45
126
-58
-305
-760
-1277
-1910
-2392
-2854
-3089
-3123
-2730
-2120
-1457
-844
-284
107
170
139
-48
-415
-945
-1218
-1189
-876
-431
172
930
1609
2143
2495
2670
2415
1912
1263
661
-71
-772
-1366
-1673
-1712
-1526
-1107
-540
313
1128
1989
2646
3240
3537
3598
3329
2780
2004
1064
261
-360
-630
-927
-1022
-1046
-744
-514
-217
-116
6
-154
-345
-669
-1029
-1532
-2059
-2422
-2744
-2880
-2846
-2365
-1832
-1246
-822
-338
-89
-43
-198
-424
-746
-995
-970
-799
-418
97
815
1462
2000
2263
2452
2419
2148
1539
966
340
-234
-879
-1283
-1530
-1536
-1404
-979
-335
428
1209
1914
2636
3136
3418
3333
3065
2448
1612
666
-69
-476
-772
-972
-1057
-877
-662
-346
-51
173
145
-1
-202
-527
-998
-1521
-1941
-2350
-2715
-2834
-2572
-2090
-1701
-1271
-843
-385
-203
-194
-406
-734
-984
-990
-784
-663
-327
238
1102
1644
2056
2279
2483
2256
1865
1318
734
-1
-675
-1166
-1472
-1586
-1529
-1082
-557
144
970
1928
2639
3118
3427
3542
3310
2720
1922
874
-89
-740
-952
-1095
-1151
-1059
-718
-253
260
684
771
561
202
-156
-650
-1249
-1915
-2465
-2935
-3093
-2838
-2244
-1754
-1399
-974
-550
-289
-372
-635
-1145
-1500
-1622
-1263
-850
-380
142
1005
1790
2303
2493
2490
2214
1588
987
434
-6
-650
-952
-1123
-959
-802
-292
122
525
854
1443
2007
2366
2598
2734
2838
2599
2145
1439
751
46
-359
-653
-895
-1089
-1048
-790
-403
30
371
526
469
322
-7
-489
-1181
-1888
-2601
-3144
-3292
-3009
-2525
-2108
-1615
-1046
-492
-220
-228
-418
-764
-1062
-1130
-845
-462
13
530
1236
1741
2079
2174
2176
1791
1189
593
193
-133
-533
-726
-775
-617
-413
27
362
734
1112
1619
2047
2312
2529
2681
2726
2360
1810
1054
380
-263
-640
-953
-1197
-1344
-1239
-826
-322
169
427
564
396
144
-293
-807
-1522
-2239
-2831
-3133
-2992
-2615
-2102
-1712
-1140
-780
-495
-622
-644
-824
-862
-882
-684
-331
160
830
1431
1948
1971
1929
1691
1571
1050
668
203
4
-243
-192
-63
76
73
93
288
447
713
1008
1539
1827
2160
2487
2859
2738
2241
1518
769
26
-584
-1022
-1430
-1653
-1622
-1177
-605
-24
273
508
474
322
-171
-726
-1425
-2029
-2599
-2890
-2856
-2460
-1953
-1496
-1024
-651
-358
-405
-577
-957
-1207
-1360
-1146
-858
-360
164
895
1516
1973
2109
2042
1770
1347
872
423
136
-173
-308
-320
-47
91
299
374
583
718
966
1291
1602
1822
1955
2230
2324
2147
1593
1018
395
-106
-540
-907
-1257
-1457
-1354
-893
-339
78
314
429
409
188
-273
-880
-1463
-1931
-2320
-2458
-2280
-1832
-1431
-1069
-799
-651
-674
-756
-916
-1179
-1333
-1272
-881
-425
114
655
1258
1663
1870
1835
1661
1229
781
310
89
-180
-260
-223
46
229
430
545
662
712
770
950
1165
1374
1499
1726
1870
1878
1577
1160
674
226
-163
-430
-737
-989
-1079
-890
-603
-207
48
248
255
178
-123
-513
-960
-1407
-1764
-2036
-2037
-1893
-1549
-1355
-1097
-1006
-880
-1027
-1121
-1306
-1386
-1225
-785
-288
137
637
1166
1670
1866
1826
1485
1104
616
428
198
120
-82
35
244
597
727
768
726
593
525
578
810
983
1188
1390
1684
1793
1647
1272
845
402
91
-169
-455
-757
-816
-648
-412
-274
-165
-105
-128
-240
-403
-671
-1038
-1351
-1555
-1670
-1774
-1747
-1567
-1415
-1335
-1366
-1380
-1446
-1444
-1431
-1355
-1207
-835
-356
133
603
1060
1430
1563
1538
1390
1157
796
526
370
327
319
437
625
798
803
754
694
604
454
453
595
816
1019
1297
1608
1771
1700
1438
1151
697
313
-24
-192
-487
-580
-532
-350
-226
-152
-90
-193
-299
-473
-535
-784
-1010
-1259
-1350
-1459
-1467
-1403
-1335
-1332
-1412
-1354
-1342
-1195
-1286
-1295
-1364
-1116
-757
-261
75
393
734
986
1190
1212
1159
810
606
419
512
411
410
328
430
449
567
574
575
488
495
662
854
1017
1095
1279
1449
1571
1431
1270
889
524
148
24
-169
-265
-366
-251
-119
-16
32
-59
-199
-465
-514
-656
-737
-1018
-1059
-1164
-1165
-1218
-1158
-1189
-1315
-1330
-1353
-1288
-1377
-1308
-1305
-1081
-876
-496
-162
224
617
947
1080
1041
1001
869
700
457
362
317
333
319
392
464
485
446
419
352
338
442
649
820
969
1162
1383
1503
1420
1215
927
630
330
161
2
-100
-179
-117
-26
46
73
-15
-206
-528
-752
-921
-1005
-1227
-1343
-1393
-1292
-1263
-1195
-1188
-1173
-1214
-1286
-1375
-1458
-1522
-1481
-1234
-840
-340
103
543
920
1239
1337
1322
1201
1052
792
591
482
494
469
495
585
738
793
784
734
668
536
499
573
710
770
909
1157
1343
1275
1039
815
586
356
134
44
-91
-149
-154
-21
-44
-131
-342
-515
-773
-990
-1170
-1309
-1446
-1575
-1534
-1501
-1380
-1371
-1244
-1274
-1276
-1488
-1614
-1696
-1563
-1275
-873
-463
-102
332
683
1027
1165
1274
1207
1210
1097
1024
818
752
679
661
630
663
742
794
836
798
749
614
541
536
656
791
956
1128
1178
1083
869
651
431
198
24
-70
-18
3
89
95
78
-105
-280
-493
-709
-970
-1179
-1329
-1424
-1445
-1423
-1329
-1303
-1209
-1204
-1205
-1417
-1501
-1645
-1608
-1505
-1192
-832
-468
-145
164
515
764
968
1100
1213
1220
1141
1009
928
813
708
620
585
564
637
669
705
623
598
520
521
523
666
782
919
900
830
647
452
260
125
30
7
99
251
372
413
434
317
140
-122
-337
-549
-767
-988
-1156
-1225
-1198
-1146
-1076
-1023
-959
-976
-1130
-1397
-1601
-1652
-1503
-1307
-1128
-937
-711
-380
-49
302
565
785
936
1052
1186
1184
1112
942
838
687
616
584
633
638
610
556
540
579
613
633
658
675
710
707
696
576
427
238
53
-57
-145
-45
59
293
380
530
526
502
297
47
-255
-562
-849
-1139
-1317
-1422
-1340
-1196
-1014
-901
-845
-862
-944
-1074
-1206
-1304
-1356
-1313
-1160
-963
-695
-421
-76
266
653
955
1197
1314
1394
1373
1252
1018
783
605
535
511
531
538
561
542
570
594
619
564
522
502
464
426
305
230
47
-63
-221
-226
-212
-56
79
302
450
552
517
398
209
-51
-256
-557
-826
-1174
-1338
-1436
-1312
-1175
-990
-857
-781
-746
-742
-801
-924
-1040
-1131
-1171
-1092
-883
-595
-308
3
376
750
1105
1354
1529
1516
1415
1257
1078
851
630
499
438
430
455
516
564
540
544
506
470
297
167
28
-50
-132
-189
-180
-243
-244
-260
-90
37
221
307
411
462
469
439
235
68
-217
-403
-736
-912
-1096
-1062
-1025
-880
-761
-654
-541
-522
-502
-642
-751
-923
-967
-1019
-940
-800
-558
-309
-68
234
571
904
1139
1276
1288
1227
1176
1108
982
802
665
601
539
506
442
402
288
247
232
256
158
-1
-86
-176
-211
-319
-351
-413
-396
-386
-270
-156
-53
46
220
368
434
373
254
107
-53
-296
-567
-825
-933
-964
-864
-711
-537
-404
-261
-128
-87
-171
-359
-535
-679
-752
-791
-740
-635
-466
-266
-10
261
502
685
870
974
1044
1016
982
874
777
646
560
455
323
243
195
178
93
73
34
49
11
36
9
-19
-85
-93
-139
-201
-239
-196
-70
44
172
281
395
449
441
362
220
35
-150
-356
-544
-695
-757
-751
-625
-490
-310
-171
-15
52
13
-108
-302
-446
-628
-699
-782
-737
-708
-595
-455
-241
-21
154
394
581
774
781
818
756
723
579
473
342
211
110
33
45
-4
1
-1
92
119
157
131
119
76
56
24
28
11
27
72
183
316
434
482
466
425
348
230
67
-61
-208
-324
-431
-466
-461
-413
-322
-250
-170
-152
-113
-161
-234
-374
-499
-608
-677
-735
-752
-722
-655
-576
-450
-300
-111
80
313
525
654
741
743
741
606
555
399
302
82
-4
-78
-101
-151
-161
-101
-61
55
79
149
107
131
99
128
60
67
76
159
254
388
468
480
458
385
343
238
169
45
25
-64
-82
-92
-72
-95
-104
-129
-127
-186
-222
-304
-325
-395
-429
-496
-545
-592
-628
-683
-718
-701
-625
-520
-344
-144
94
303
499
633
695
697
635
574
438
296
73
-55
-232
-272
-330
-256
-234
-110
-15
147
243
290
271
218
172
137
153
186
246
274
315
341
395
409
403
325
258
185
129
103
43
30
-29
-30
-83
-97
-141
-165
-205
-300
-368
-436
-446
-492
-538
-619
-705
-749
-811
-808
-804
-703
-582
-410
-169
101
396
559
696
697
719
644
590
427
249
41
-33
-80
-86
-66
-3
113
189
251
265
285
272
270
228
221
230
271
294
314
343
348
331
285
260
195
81
-10
-58
-57
-94
-111
-97
-83
-99
-136
-169
-233
-282
-379
-441
-518
-546
-602
-635
-716
-765
-803
-793
-779
-726
-634
-507
-322
-163
36
239
459
618
714
707
655
627
556
480
314
273
220
290
282
363
360
418
401
373
307
227
213
190
251
245
297
252
272
225
243
131
33
-58
-141
-205
-309
-304
-367
-333
-350
-279
-232
-180
-144
-152
-161
-270
-296
-405
-405
-514
-552
-631
-636
-649
-639
-602
-577
-485
-387
-242
-149
-40
37
153
300
448
560
630
680
707
704
668
589
508
433
408
363
376
332
340
298
304
280
260
256
242
246
199
165
113
65
21
-26
-96
-184
-211
-219
-235
-248
-254
-232
-252
-246
-252
-210
-231
-228
-221
-236
-263
-321
-339
-354
-397
-457
-500
-514
-539
-540
-551
-525
-511
-436
-331
-186
-62
27
128
238
401
505
604
599
620
612
637
591
558
507
473
453
399
346
265
266
219
212
162
169
161
170
128
64
19
-46
-51
-84
-96
-187
-187
-208
-185
-230
-237
-216
-219
-226
-263
-233
-225
-192
-193
-179
-163
-205
-158
-179
-193
-286
-283
-314
-325
-398
-452
-455
-453
-427
-388
-291
-200
-37
110
276
378
476
522
539
518
494
479
471
456
462
452
450
416
352
250
182
118
107
106
149
160
197
198
191
145
89
11
-62
-118
-143
-198
-230
-290
-310
-331
-307
-321
-319
-315
-299
-257
-224
-140
-127
-59
-26
63
68
43
-40
-111
-191
-244
-309
-386
-449
-452
-398
-311
-270
-240
-198
-102
6
105
182
199
212
216
254
293
320
350
386
459
477
470
438
388
314
228
198
187
220
243
272
282
280
260
187
113
31
-46
-151
-230
-246
-241
-251
-274
-301
-286
-300
-308
-337
-301
-276
-173
-74
4
33
71
118
122
88
11
-69
-146
-228
-327
-386
-465
-473
-447
-378
-318
-259
-198
-142
-85
-28
16
69
100
178
230
297
293
343
405
433
421
421
440
401
350
277
246
236
255
265
256
229
193
164
95
22
-70
-150
-214
-235
-239
-241
-227
-229
-228
-237
-245
-233
-249
-210
-179
-91
-16
50
100
158
189
165
119
27
-22
-137
-203
-320
-391
-434
-411
-354
-275
-218
-175
-143
-104
-95
-36
-13
30
69
160
227
304
316
328
359
369
379
345
331
275
261
243
263
246
254
207
184
131
83
32
-33
-104
-209
-230
-245
-194
-199
-178
-149
-146
-127
-163
-133
-160
-110
-98
-39
-1
36
99
147
174
123
115
47
3
-122
-215
-305
-335
-377
-389
-400
-341
-266
-209
-183
-156
-144
-120
-60
-32
10
51
117
141
171
195
268
315
323
320
320
325
299
268
267
296
311
294
224
158
138
86
30
-71
-124
-181
-136
-124
-90
-96
-50
-44
-39
-57
-47
-49
-55
-46
-37
-29
-42
-33
-26
1
-3
-15
20
-22
-85
-180
-248
-323
-372
-395
-407
-344
-314
-257
-212
-152
-106
-100
-84
-76
-17
21
78
122
164
215
255
342
370
372
333
344
338
333
310
318
328
352
298
242
147
106
34
-23
-83
-119
-87
-105
-81
-121
-68
-87
-54
-75
-80
-93
-128
-92
-143
-97
-134
-65
-78
13
5
-7
-34
-67
-124
-221
-270
-327
-347
-383
-371
-327
-255
-227
-189
-156
-102
-85
-60
-46
-28
3
44
103
187
243
296
324
370
365
376
337
316
276
312
334
380
358
339
289
263
159
53
-40
-88
-128
-142
-129
-117
-74
-102
-97
-122
-145
-195
-185
-231
-236
-228
-182
-147
-100
-52
9
28
29
-26
-81
-125
-184
-239
-278
-314
-314
-286
-223
-185
-141
-136
-104
-77
-28
-34
-49
-31
-3
36
27
81
130
196
214
301
309
323
296
313
366
337
332
329
390
371
346
279
224
155
96
21
-26
-35
-89
-26
-48
-63
-128
-110
-117
-176
-228
-274
-255
-254
-218
-193
-151
-136
-60
-46
-12
-32
-32
-32
-75
-137
-185
-213
-248
-243
-218
-185
-181
-141
-114
-59
-84
-63
-82
-49
-47
-15
6
-3
29
24
73
98
158
182
240
317
381
376
394
410
402
370
320
266
209
193
154
141
115
63
72
46
43
-16
-39
-106
-163
-234
-265
-290
-310
-296
-272
-185
-138
-100
-101
-65
-70
-57
-83
-80
-120
-139
-180
-181
-203
-191
-193
-152
-142
-114
-105
-99
-59
-80
-31
-71
3
-32
9
30
66
84
95
131
112
177
201
267
307
378
367
389
369
369
336
290
246
219
201
153
122
102
84
53
18
-40
-96
-122
-167
-243
-302
-341
-348
-352
-332
-335
-296
-279
-204
-166
-145
-153
-156
-147
-156
-188
-193
-157
-122
-94
-74
-36
-3
28
12
45
20
15
8
50
56
48
46
82
136
151
176
162
188
185
209
200
233
245
273
304
331
354
336
348
318
286
230
192
159
119
48
-1
-36
-53
-93
-160
-177
-215
-234
-292
-305
-359
-374
-393
-390
-373
-329
-274
-232
-199
-226
-204
-225
-193
-213
-192
-138
-76
-8
22
68
60
83
83
99
92
91
91
107
99
117
113
130
123
134
142
160
171
169
175
173
215
263
284
269
307
310
315
289
243
193
166
133
96
69
44
8
-38
-78
-127
-161
-194
-252
-302
-327
-300
-310
-319
-355
-343
-322
-268
-249
-223
-187
-159
-157
-146
-133
-126
-100
-62
-13
18
53
61
86
77
83
57
47
36
46
53
36
52
49
69
60
77
92
104
109
117
123
154
193
205
214
231
229
227
236
192
187
152
160
121
116
74
46
39
20
5
-69
-102
-136
-151
-219
-249
-273
-239
-233
-234
-215
-173
-149
-135
-117
-124
-103
-109
-91
-84
-59
-59
-57
-38
-25
-12
10
22
44
53
39
27
36
57
36
22
39
31
15
28
47
50
51
55
105
136
151
183
226
256
253
244
233
201
173
138
123
76
50
36
40
43
28
34
-14
-46
-115
-142
-193
-230
-269
-287
-269
-235
-196
-176
-141
-116
-117
-130
-149
-154
-152
-139
-137
-121
-97
-67
-44
-35
3
8
38
44
60
76
84
62
58
75
108
110
115
96
72
77
80
81
77
99
104
140
184
196
207
214
209
173
134
96
74
45
8
11
19
34
22
28
-12
-51
-93
-127
-180
-209
-238
-247
-217
-194
-166
-165
-123
-128
-122
-133
-134
-142
-168
-162
-158
-127
-114
-85
-70
-24
20
56
61
77
97
96
116
111
122
126
146
149
137
140
148
146
128
136
139
151
133
123
127
142
142
134
158
143
123
101
87
45
-1
-36
-33
-24
-18
-16
-11
-21
-55
-94
-120
-148
-193
-211
-206
-201
-207
-199
-202
-168
-170
-140
-147
-146
-161
-161
-145
-152
-112
-117
-42
-27
33
43
68
92
101
119
79
88
99
130
110
110
87
90
102
79
81
71
91
103
127
121
113
128
116
112
91
96
92
109
93
91
79
81
70
69
67
71
85
68
29
-36
-82
-163
-188
-238
-248
-264
-220
-194
-170
-158
-183
-178
-192
-188
-219
-205
-179
-155
-134
-90
-60
-35
4
28
55
76
83
86
70
59
63
79
76
76
73
93
107
109
100
102
113
102
123
130
134
127
135
149
151
148
136
136
130
133
120
115
119
119
115
85
75
52
40
-4
-44
-89
-122
-165
-214
-231
-252
-238
-228
-211
-207
-192
-194
-172
-166
-179
-184
-169
-138
-117
-88
-66
-32
3
21
29
37
50
51
68
70
60
43
50
71
80
101
85
102
117
122
106
82
81
81
80
70
78
115
138
146
144
143
156
155
144
141
132
118
108
66
42
23
-1
-39
-71
-98
-132
-154
-193
-206
-226
-230
-228
-208
-192
-187
-180
-167
-166
-168
-156
-134
-120
-121
-106
-77
-27
-11
7
28
60
71
100
117
108
96
76
62
45
48
47
42
42
49
71
81
70
51
39
42
50
74
81
103
113
131
120
123
130
116
105
83
73
56
53
38
32
-1
-17
-30
-52
-93
-124
-137
-161
-158
-146
-124
-111
-84
-59
-34
-37
-42
-52
-54
-59
-67
-64
-66
-62
-49
-15
21
42
47
59
65
66
60
58
32
34
26
33
46
30
17
0
11
3
11
8
5
22
37
42
54
67
73
72
68
44
15
3
-18
-21
-26
-26
-22
-7
9
-7
-13
-15
-47
-83
-103
-87
-74
-72
-73
-54
-25
-5
17
20
40
30
17
-1
-4
-10
-23
-6
-7
18
30
49
63
77
67
53
34
29
22
7
11
-2
-2
-5
13
8
-5
-22
-22
-24
-9
1
2
16
25
29
8
3
-17
-14
-25
-32
-36
-18
-19
-41
-34
-33
-18
-24
-29
-21
-22
-44
-60
-65
-61
-46
-35
-25
-12
-2
18
10
-5
-5
13
26
26
20
13
40
48
58
48
50
41
36
29
14
14
8
13
7
13
13
19
19
6
-2
-12
-19
-19
-23
-27
-15
1
17
17
16
12
7
2
-10
-23
-26
-20
-11
-6
6
22
31
29
18
12
-4
-18
-36
-48
-61
-48
-29
-20
-3
6
13
17
18
6
0
-4
-3
3
9
8
13
15
10
16
31
36
29
26
36
44
41
28
29
32
21
15
16
7
0
-11
-16
-24
-17
-1
-9
-5
3
14
15
9
-3
-11
-22
-27
-27
-38
-46
-42
-23
-18
-16
-23
-27
-26
-34
-39
-43
-53
-51
-48
-50
-41
-29
-22
-10
9
29
39
43
41
38
37
28
20
4
-9
-7
-7
-7
-10
1
21
47
55
40
23
3
-13
-36
-39
-35
-29
-13
8
16
25
37
21
15
11
14
20
23
26
36
39
31
6
3
6
3
-9
-17
-8
-7
1
-15
-11
-10
-12
-20
-21
-32
-41
-34
-31
-18
-20
-4
13
39
37
30
24
15
10
-8
-10
-14
4
24
41
28
15
14
3
-5
-27
-55
-67
-53
-37
-39
-35
-18
-9
3
4
14
18
7
1
4
21
28
33
33
34
35
40
42
32
24
31
27
7
3
3
-1
-11
-14
-18
-26
-32
-36
-19
-4
-10
-5
9
21
41
45
44
43
39
36
33
25
7
-7
-10
-18
-17
-12
-7
6
1
-3
-5
-30
-45
-58
-73
-77
-77
-73
-71
-68
-54
-40
-30
-30
-23
-15
1
9
4
11
27
28
31
41
41
53
60
54
51
49
46
34
22
4
-16
-17
-22
-21
-24
-23
-10
-10
-18
-21
-20
-20
-15
-17
-18
-9
-4
-7
-14
-19
-15
5
10
7
22
29
47
37
12
-5
-10
-13
-19
-17
-15
-7
-9
-12
-13
-6
-9
-24
-24
-20
-20
-23
-19
8
24
46
61
71
71
60
39
32
21
16
15
15
36
45
57
68
62
37
18
-6
-18
-33
-49
-60
-49
-41
-39
-33
-29
-19
-24
-31
-30
-16
-15
-17
-8
-1
7
20
12
4
1
4
-7
-18
-30
-40
-27
-18
-4
1
9
21
31
27
12
5
3
-14
-17
-18
-28
-21
-10
7
19
38
47
57
60
62
54
36
20
2
-7
-12
-18
-6
7
13
10
0
-1
-13
-22
-32
-23
-26
-32
-33
-38
-32
-27
-26
-35
-30
-25
-25
-19
-19
-20
-26
-28
-28
-14
-3
-2
-6
-16
-7
-3
-2
-14
-16
1
25
29
33
36
30
19
9
10
0
-10
-8
15
25
30
35
48
48
42
28
18
11
-5
-1
4
12
17
17
18
22
18
16
6
-8
-17
-14
-16
-25
-21
-7
0
0
-5
-20
-28
-22
-21
-23
-21
-25
-29
-23
-17
-29
-38
-46
-38
-17
-4
-4
0
0
14
23
13
21
24