-22
-14
6
-2
-14
-11
-8
0
8
3
-8
-17
-24
-7
-7
-25
-32
-17
-2
0
-11
-24
13
30
0
-7
13
-2
-3
11
-6
-15
11
30
24
12
-6
-8
20
34
-7
-25
15
32
14
4
-14
-27
-7
-11
-31
-19
0
-9
-8
9
10
7
9
-2
-23
-20
-1
6
-7
-11
-4
8
13
0
-9
4
19
3
-25
-29
-13
-5
-10
-8
3
14
12
15
17
-4
-10
-10
-6
-16
-12
5
7
15
24
13
17
17
-1
-7
10
17
14
5
-1
12
30
32
21
15
3
-9
-9
11
5
-5
4
15
19
17
8
-4
15
19
-20
-42
-14
20
10
-30
-22
28
33
-8
-18
5
27
12
-20
-25
9
24
1
-16
-5
10
9
5
-2
-1
12
15
0
-7
1
2
7
12
3
-8
4
21
13
-11
-14
2
4
-2
-6
-22
-20
-14
-13
-20
-19
-4
2
1
4
10
2
-7
-7
-1
-14
-25
-13
-3
-9
-23
-16
0
2
-5
-11
-7
-6
2
6
-1
-5
13
24
7
-7
-11
-1
-3
-10
-28
-14
18
17
1
-4
12
17
14
-5
-23
-19
3
7
-17
-19
5
25
5
-12
-3
3
1
-3
-15
-10
13
16
9
10
11
14
14
-3
-7
-4
-3
-3
-9
-8
3
6
3
-1
3
9
1
-2
-4
1
1
-8
-5
2
12
5
-1
0
6
5
1
-4
-12
-5
5
6
6
10
2
0
9
13
-5
-14
-9
-1
1
-2
-5
1
2
-3
3
1
-3
-7
4
9
6
-1
-1
3
-4
-9
-14
-8
-2
-2
-11
-10
-5
-5
-7
-9
-5
-6
-2
-3
-4
-5
-6
-9
-1
3
-1
-3
2
3
-5
2
-8
-18
-6
-1
-3
4
6
10
35
37
13
11
18
12
3
4
8
0
1
-6
-7
-1
3
6
11
5
5
22
11
-12
-9
8
5
2
-5
-10
11
16
4
-1
-11
-26
-24
-14
-22
-28
-25
-28
-17
8
17
4
-4
1
18
25
9
-4
-4
1
-5
-11
3
14
12
8
4
6
9
-5
-15
-4
4
5
13
22
12
4
11
6
-5
-15
-15
-11
5
13
4
1
19
25
4
7
10
-3
-9
-7
-10
0
13
27
47
30
-15
-6
40
43
-5
-29
-2
26
17
-5
-11
-10
-8
-16
-1
12
-1
-20
-12
4
8
7
-11
-23
-11
4
-4
-19
-4
-1
-27
-23
-11
-18
-24
-11
-10
4
25
19
3
11
9
-8
-10
-25
-37
-28
-21
-28
-3
16
0
-3
14
17
8
4
-2
-1
11
18
16
17
27
35
48
42
7
-3
-8
-14
-18
-30
-44
-26
1
-26
-44
-16
-2
-5
-27
-40
-17
12
8
-13
-9
-5
-21
-39
-26
-14
-18
-32
-17
14
5
-23
-16
-1
-10
-21
-21
-2
12
11
6
3
9
29
24
-3
13
44
35
7
-6
-15
-6
-23
-41
-22
26
48
41
34
53
59
18
-38
-46
-45
-54
-37
-17
14
31
57
48
8
-18
-12
-27
-41
-17
1
12
29
21
-13
-19
-20
-74
-112
-93
-71
-74
-71
-54
-17
8
-5
-12
9
24
9
-9
-36
-17
2
-37
-60
-47
-50
-49
-15
-7
-19
-4
78
116
121
167
193
154
99
50
-9
-28
-18
9
54
113
154
156
173
125
64
43
-16
-139
-248
-265
-277
-280
-237
-192
-149
-70
-42
-87
-83
-31
-10
42
127
226
242
266
326
313
254
200
133
57
33
49
62
22
8
18
11
-2
-13
39
49
-41
-161
-153
-75
-70
-159
-205
-231
-370
-486
-553
-541
-462
-438
-452
-364
-200
-125
-225
-275
-160
-35
-27
-37
-9
82
144
162
196
292
432
530
520
539
589
631
606
540
534
484
392
355
392
401
367
352
391
445
389
272
150
40
-90
-195
-129
-42
-31
-78
-121
-135
-195
-273
-256
-212
-220
-151
-33
-60
-91
-69
-36
-42
-58
51
67
-56
-305
-418
-413
-393
-436
-433
-356
-236
-51
49
71
-30
-147
-162
-61
-28
-27
60
253
400
405
287
187
112
58
110
50
27
0
-87
-106
-107
-120
-6
6
-138
-145
116
346
276
132
266
492
274
-142
-340
-217
-263
-548
-620
-340
-99
50
259
112
-318
-455
-274
-233
-543
-661
-302
304
332
130
-25
195
254
64
-444
-905
-1191
-1633
-2429
-7804
-14442
-14007
-7259
-3251
-1048
3448
8707
13362
14872
12176
7567
4431
3211
3356
1945
-1332
-2502
-244
1380
-1417
-4287
-3214
-304
1496
3620
5194
5118
3884
534
-4122
-6903
-7901
-8251
-6568
-3253
-148
2872
5012
4588
2615
1487
1428
740
252
1168
2194
1364
-300
-2921
-5705
-8061
-10100
-10979
-8939
-5772
-2408
1441
4191
4888
5257
5786
5536
4312
2998
2215
2195
2070
2246
2673
5065
7602
9277
10745
12870
14691
15910
18204
6166
-18162
-32339
-26410
-24445
-29831
-23979
-9322
1598
12740
23468
18706
6948
7035
13742
12809
8502
8180
9826
12091
11106
409
-13261
-19705
-20855
-23726
-24025
-20104
-13488
-4653
5610
11167
11054
11035
11964
11900
10645
9045
4044
-1209
-3072
-4733
-10460
-17326
-20623
-19026
-15326
-11553
-5302
2936
8040
11332
15186
16103
13349
11365
10159
7937
5647
4382
3425
4112
5970
6991
6241
6855
7973
8462
6741
-5769
-25133
-32320
-23609
-20381
-21370
-12827
1100
9326
17064
21599
13480
2348
4024
11071
10783
7773
9774
12471
12644
7799
-4445
-18442
-23892
-23322
-23728
-22151
-14955
-5006
3632
10680
12933
9394
4474
3148
3613
2728
302
-678
1660
3319
707
-3782
-6419
-7293
-6600
-5572
-4387
-1408
2929
4989
4519
3758
3769
5294
7742
10507
12613
15694
17722
18936
17574
15191
11590
-1522
-21673
-32317
-28567
-27752
-29384
-23757
-10350
2864
16014
23072
19568
12867
12486
14729
12693
7731
5509
7379
10064
7119
-2251
-12746
-18472
-21277
-23883
-25201
-22474
-14578
-5007
3390
8623
11961
13103
13909
13449
10865
6206
2401
644
-675
-3470
-6872
-8389
-7804
-6601
-6690
-6562
-3841
25
1835
2667
4392
7487
11358
14948
16349
15898
15550
15151
13950
11190
9241
4903
-7859
-24121
-30503
-29219
-31139
-32324
-24080
-10109
1808
12990
21138
21361
17802
18246
18906
14257
8486
7135
7452
6503
2680
-3802
-11672
-16926
-20763
-24791
-26896
-23677
-16886
-9273
-872
7500
13920
17319
18461
17354
14062
9007
4112
473
-2518
-5108
-6020
-5941
-6403
-7282
-7433
-6523
-4911
-3213
-1568
1046
4919
10314
15447
17356
16025
15139
14904
13534
10521
8385
7002
120
-13899
-25247
-29584
-32048
-32051
-24998
-14171
-3863
8477
19953
23448
19561
16600
15536
13753
10700
8679
7188
6084
3489
-1752
-9897
-17576
-23573
-26073
-24990
-20576
-15317
-9359
-1262
7989
13815
14631
14455
14404
13056
9454
5582
1714
-1644
-3788
-3960
-4893
-7495
-9029
-7406
-5443
-4489
-3456
-615
3436
7470
10799
13641
14890
14092
13236
12542
11398
9465
8838
7451
671
-11331
-21605
-26773
-29865
-30643
-26732
-18270
-7668
4805
15185
19008
17616
17033
17968
17006
13089
9885
8852
8351
5310
-834
-8660
-15407
-20663
-24096
-24900
-22826
-18249
-12342
-6197
961
8795
14024
15721
16363
16639
14633
9871
4673
542
-3034
-6066
-7500
-7823
-8142
-8102
-6621
-4235
-2099
-250
2552
6787
10786
12180
11942
11615
11764
11575
11121
10025
10254
10477
5693
-5828
-17908
-25461
-29447
-30755
-28115
-20999
-10567
2032
13076
18253
17710
16048
16050
15804
13176
9863
8205
7827
5894
1112
-5891
-12538
-17446
-20283
-22097
-23084
-21564
-15957
-8150
-1284
4360
9632
14184
16881
17093
14227
9354
4722
1242
-2336
-6070
-8501
-8298
-6783
-5584
-5005
-3526
-1033
1617
3268
4933
7419
9780
10959
11214
10274
9128
9384
10169
9524
8843
9404
6036
-4638
-17302
-24529
-28044
-29993
-28144
-20156
-9386
2373
13570
20200
19725
16939
16060
15126
11219
6799
5010
5120
4117
554
-5115
-10830
-14974
-17757
-20383
-22279
-21051
-15443
-7703
-753
5127
10659
15305
17762
17013
13238
7980
3552
227
-3324
-7334
-9565
-9017
-7282
-6272
-5388
-3165
264
3518
5543
6964
8179
8911
8768
7494
5612
4794
5966
7193
8058
8968
10510
9301
1996
-9987
-19725
-24491
-26522
-26219
-21414
-12169
-1374
9055
16210
17733
15509
13820
12945
10792
7463
5549
5464
5284
2701
-1587
-6444
-10684
-14668
-18505
-21721
-21387
-16919
-11031
-5554
690
7830
13947
17390
17435
14546
10503
6777
3049
-1588
-6453
-9327
-9486
-8339
-7423
-6503
-4529
-949
2777
4641
5140
6512
7910
7657
5983
4577
3997
4502
5579
6670
7466
8447
9706
8895
2950
-7722
-17537
-22403
-23676
-23466
-20164
-12483
-2472
7249
14254
16594
14884
12332
10804
8787
5539
2978
3065
4361
4095
1512
-2404
-6724
-11052
-14845
-17969
-19236
-18543
-15201
-8952
-668
7111
12950
15984
16546
15124
11428
5838
67
-3996
-5911
-6447
-6575
-6197
-4947
-3309
-2545
-2331
-1209
777
2768
4978
6103
5623
5101
5576
5955
6004
6347
7209
8256
9384
10156
9641
5666
-3158
-13305
-19683
-22246
-23376
-21974
-15781
-6334
2973
10869
15876
15843
12339
9535
7889
5369
2730
2483
4659
5895
4324
711
-3829
-9371
-16020
-21783
-22957
-19063
-13405
-7313
-88
7624
13456
15767
14318
10701
6870
3738
828
-1916
-4033
-4590
-4099
-3672
-3975
-4175
-3759
-2356
-910
117
684
2131
4392
5610
5183
4863
5761
6821
7107
6429
5928
6353
7579
8031
7707
5300
-834
-9264
-15548
-18828
-20313
-19610
-14815
-6807
1736
8824
13003
12919
10246
8082
6726
4722
3063
3760
6034
6820
4604
345
-4624
-9850
-16054
-20850
-21031
-17219
-12296
-6247
548
6484
10429
12185
11254
8185
5074
3319
2192
501
-1049
-1457
-1224
-1928
-3467
-4331
-4486
-4671
-4579
-3422
-1725
304
2857
5345
7017
7842
8120
8118
8129
7177
5377
4246
4917
6069
6733
6344
3104
-3970
-11622
-15886
-17470
-18118
-16752
-11548
-4041
3450
9095
11609
10654
8912
8259
7743
5907
4495
4787
5680
4637
1511
-2687
-6651
-10603
-14115
-17227
-19336
-17794
-11845
-5099
-15
4664
9033
11923
12304
10321
6621
3183
1583
1555
642
-1668
-3313
-2960
-2842
-4875
-7607
-7614
-5143
-2505
-599
2292
5619
7882
8567
8339
7659
7112
6574
5683
5337
6125
7727
8572
8248
5852
-13
-8512
-15510
-18917
-19782
-18925
-15110
-8229
-100
7089
11354
11321
9018
7540
6850
5303
3666
3902
5528
6291
4747
1458
-2611
-7091
-11760
-16212
-19590
-19385
-14808
-9108
-4207
891
6098
9937
11523
10772
8196
5585
4355
3985
2571
-39
-2132
-2760
-3396
-5475
-8047
-8576
-6552
-3579
-1122
1269
4530
7625
8789
7945
6790
6545
6938
6831
6451
6892
8267
9679
9709
8000
3772
-3739
-12305
-17887
-19980
-20247
-18494
-13011
-5013
2520
7971
10521
9699
7296
5746
5192
4358
3687
4854
6999
7218
4881
1124
-3526
-8472
-12663
-15688
-16923
-16356
-14195
-10127
-4632
823
5435
9026
10862
11108
10422
8744
5755
2685
396
-1420
-3396
-5054
-5884
-5898
-6090
-6120
-5007
-2463
141
2402
4621
6269
6810
6909
6917
6865
7079
7631
8345
9243
9563
9021
7971
5896
773
-7209
-14628
-18304
-19008
-18567
-16378
-11138
-3850
3211
8041
9322
7894
6492
6090
5215
3644
3411
5441
7694
7698
5171
1365
-2945
-7767
-12824
-16630
-17786
-15976
-12693
-9012
-4115
2047
7161
9923
10969
10590
8769
6457
4587
2635
-143
-2825
-3819
-3571
-4034
-5538
-6183
-5103
-3585
-2315
-743
1517
4129
6104
6612
6314
6524
7271
8066
8302
8355
8627
9034
8323
6682
4362
-171
-7960
-15194
-18398
-18794
-18460
-16196
-11032
-4175
2443
7405
9100
7711
5862
5782
6263
5636
5226
6916
9211
9077
6185
1809
-3309
-8509
-13142
-16521
-18015
-16823
-13283
-8762
-4083
1329
6463
9582
10832
10858
9177
6186
3431
1507
-392
-2358
-3443
-3035
-2356
-2732
-3777
-4137
-3676
-2963
-2106
-653
1906
4785
6528
7129
7589
8028
8374
8406
7951
7356
6930
6349
5062
3377
219
-5876
-12992
-17175
-17885
-17641
-16678
-12797
-5936
874
5851
8592
9141
8202
7476
7246
6798
6276
7084
8657
8928
6713
2953
-1818
-7280
-13129
-17733
-19645
-18389
-14866
-9611
-3349
2583
7062
10058
11067
9708
7113
4318
1896
466
147
-183
-645
-683
-433
-1208
-3161
-4840
-5120
-4498
-3510
-1882
541
3706
6644
8078
7940
7694
7905
7885
6819
5282
4455
4661
4716
3414
1203
-2183
-7366
-12887
-15742
-16348
-15940
-13879
-8693
-2242
3440
7256
9157
9023
8312
7852
7418
6527
6458
7519
8155
6321
2516
-2245
-7088
-11909
-16192
-18570
-17371
-13024
-7594
-2438
2309
6136
7928
7959
6833
5028
3058
1755
1468
1922
2006
1324
356
-537
-2008
-3778
-5228
-5581
-4721
-2918
-999
989
3220
5848
7751
7562
5962
5113
5023
4703
4123
3869
3880
4156
4443
4327
2804
-1615
-8015
-12730
-14127
-14257
-13823
-11218
-6018
-198
4804
7962
8680
7539
6608
6503
6203
5393
5292
6020
5893
3527
-433
-4684
-8645
-12097
-14419
-14724
-12672
-8585
-3919
-481
2063
4779
6745
6747
5581
4315
3620
3228
2633
1499
380
-653
-1429
-2217
-3371
-4646
-4632
-3482
-2295
-1534
-269
1566
3481
5023
5882
5483
4798
4627
4546
4234
4108
4487
4757
4710
4358
3723
2110
-1610
-7117
-11405
-12750
-12420
-11476
-9101
-5061
-619
3397
6292
6933
5503
4416
4858
5572
5140
4709
5138
5233
3277
-306
-4462
-7847
-10297
-11727
-11845
-9919
-6532
-2606
655
2393
3301
4502
5250
4381
3130
2531
2476
2187
1583
474
-708
-1796
-2530
-3147
-3718
-4044
-3348
-2095
-1011
-295
855
2335
4011
5308
5500
4953
5054
5410
5280
4601
4016
3652
3546
3224
2637
1793
-965
-5719
-9548
-10387
-10457
-10541
-9304
-5887
-1935
1712
4247
5178
4483
4121
4855
5565
4930
4316
4518
4721
3016
-135
-3427
-5838
-7717
-8893
-9098
-7778
-5375
-2691
-516
683
1601
3014
3908
3437
2792
2658
2621
2252
1515
381
-785
-1777
-2406
-2897
-3443
-3735
-3031
-1821
-825
15
1270
2690
4190
5403
5467
4510
4006
3929
3511
2849
2708
2881
3353
3752
4003
3880
1577
-3391
-7834
-9456
-10336
-11380
-11036
-8255
-4351
-78
3240
4816
4779
5019
5744
5816
4586
3705
3855
4145
3074
858
-1509
-3186
-4757
-6383
-7487
-7291
-6000
-4206
-2755
-1650
0
2060
3238
3303
3202
3110
2779
2162
1284
155
-854
-1535
-1756
-2147
-2874
-3117
-2236
-1193
-595
-12
1046
2255
3398
4337
4409
3509
2627
2390
2416
2374
2633
3450
4688
5788
6255
5813
3097
-2245
-7578
-10408
-11925
-13123
-12689
-9527
-4819
-62
3511
5327
5497
5162
4933
4484
3513
3018
3668
4634
4517
3241
1442
-507
-2746
-5330
-7519
-8540
-8139
-6676
-4719
-2445
-248
1502
3087
4148
4079
3174
2260
1654
1235
519
-496
-1117
-1098
-1128
-1688
-2377
-2384
-1629
-961
-803
-667
77
1482
3027
3616
2889
2361
3086
4234
4559
4443
4889
6269
7249
6784
5204
1867
-3605
-8850
-11449
-12625
-13460
-12448
-8596
-3776
481
3472
4745
4369
3722
3515
3352
3022
3702
5448
6875
6800
5341
2892
-31
-3314
-6745
-9530
-10520
-9379
-7143
-4690
-2140
754
3063
3532
3011
2942
2734
1839
1185
1134
1303
1196
710
-75
-888
-1881
-2587
-2733
-2561
-2555
-2111
-1234
-227
575
1783
3154
3861
3841
4189
4922
5540
5799
5648
5574
5722
5499
4331
1131
-4193
-8961
-10917
-11601
-12339
-11709
-8561
-4090
162
3069
4073
3701
3540
4151
4538
4286
4699
6354
7832
7627
5657
2656
-597
-4073
-7571
-10235
-11133
-10226
-7915
-4985
-1948
839
2691
3286
3341
3203
2538
1681
1298
1386
1551
1339
731
47
-759
-1841
-2785
-3241
-3316
-3005
-2274
-1346
-224
1200
2925
4429
4851
4489
4232
4330
4336
4286
4184
4560
5245
5714
4965
1952
-3288
-8170
-10664
-11888
-12970
-12328
-8921
-4185
260
3344
4437
4164
4054
4417
4455
4297
5141
7001
8387
8122
6261
3219
-560
-4602
-8225
-10931
-11919
-10814
-8133
-4792
-1511
1193
3130
3625
2932
2120
1482
695
450
907
1524
1813
1852
1407
266
-1436
-2775
-3382
-3599
-3618
-2837
-1295
518
2146
3701
4985
5152
4260
3388
3133
3005
3139
3709
4719
5642
6318
5479
1691
-4184
-8777
-11024
-12447
-13229
-11529
-7309
-2374
1912
4595
5140
4466
4250
4505
4259
3957
5135
7147
8192
7322
5026
1706
-2081
-5984
-9222
-11333
-11671
-10075
-7074
-3882
-1168
1011
2492
2739
2160
1554
1140
1069
1605
2312
2643
2555
2083
1146
-241
-1861
-3262
-3899
-3691
-2943
-1848
-624
736
2212
3632
4610
4558
3666
3033
3087
3371
3769
4335
5089
5709
5968
4439
-96
-5957
-9727
-11247
-12305
-12386
-9859
-5532
-1034
2831
4951
4723
3877
4158
4776
4522
4393
5682
7341
7715
6217
3447
69
-3424
-6856
-9723
-11394
-11210
-9315
-6483
-3524
-777
1559
3196
3456
2747
2114
1655
1334
1691
2250
2245
1955
1718
900
-673
-2505
-3746
-4062
-3707
-3005
-1723
-149
1423
2853
4186
4774
4357
3346
2675
2599
2944
3475
4336
5236
5991
6200
3924
-1384
-6784
-9486
-10842
-12187
-12023
-8863
-4258
247
3540
4811
4377
4169
4597
4606
3865
4144
5817
7248
6939
5196
2505
-808
-4453
-7865
-10435
-11495
-10750
-8492
-5583
-2534
355
2569
3672
3460
2571
2009
1875
1776
1894
2157
2207
2029
1549
295
-1643
-3333
-3963
-3696
-3262
-2769
-1519
427
2105
2961
3606
4072
3894
3207
2975
3201
3630
4290
5203
5787
6105
5296
1679
-3885
-8038
-9940
-11495
-12563
-11085
-7125
-2666
1269
3949
4878
4814
5086
5326
4790
4155
4762
5967
6241
4994
3048
642
-2384
-5891
-8670
-10269
-10589
-9740
-7634
-4841
-1753
1043
3202
4309
4253
3581
3191
2921
2369
1810
1507
1273
896
67
-1227
-2586
-3597
-3900
-3514
-2997
-2436
-1169
592
1997
2893
3910
4778
4841
4327
3994
4139
4490
4749
4837
4858
4983
3670
-530
-5805
-9078
-10672
-12072
-12381
-10104
-6094
-1475
2821
5425
5894
5894
6254
6155
5051
4102
4402
5216
5003
3476
1330
-1147
-4091
-7256
-9740
-10913
-10738
-9290
-6599
-3149
254
3009
4932
5666
5054
3802
2777
1984
1263
771
623
627
478
-199
-1376
-2674
-3639
-3952
-3709
-3256
-2385
-635
1462
3084
4330
5575
6065
5339
4159
3591
3606
3833
4084
4428
4923
4564
1443
-3714
-7937
-10293
-12029
-12647
-10762
-6859
-2232
2388
5627
6506
6063
5807
5367
4257
3390
3666
4512
4797
3940
2092
-496
-3609
-6879
-9588
-10987
-10766
-9261
-6703
-3318
235
3075
4766
5426
5022
3677
2247
1423
978
586
389
522
580
93
-957
-2107
-3023
-3532
-3520
-3078
-2287
-854
1189
3024
4240
5287
5936
5685
4712
3808
3337
3446
3651
3613
3670
3295
725
-3602
-7146
-9229
-10825
-11392
-9710
-6243
-2036
2138
5198
6379
6475
6429
5796
4327
3282
3372
3713
3421
2570
1243
-659
-3190
-6067
-8563
-10023
-10146
-8940
-6742
-4071
-1000
2230
4744
5811
5465
4297
3182
2320
1319
222
-520
-601
-185
-149
-1025
-2139
-2663
-2613
-2535
-2690
-2472
-1187
851
2611
3720
4654
5444
5649
5131
4331
3578
3116
3158
3555
3858
2814
-409
-4230
-6701
-8572
-10673
-11389
-9371
-5627
-1216
3066
5793
6547
6805
7006
5922
3563
1996
2318
3147
3127
2332
1313
-97
-2381
-5514
-8509
-10387
-10761
-9585
-7090
-3848
-438
2872
5507
6743
6323
4537
2545
1417
776
-64
-718
-603
118
432
-484
-2080
-3029
-3166
-3082
-3043
-2613
-1160
1141
3105
4211
4901
5230
5239
5013
4478
3828
3786
4138
4402
3896
1352
-3155
-6943
-8736
-10203
-11826
-11380
-7949
-3041
1748
5246
6667
6706
6727
6379
4599
2326
1790
2951
4013
3837
2779
1367
-566
-3641
-7413
-10440
-11631
-10992
-8959
-5857
-2010
1875
5005
6714
6717
5395
3645
2083
923
179
-157
-39
530
998
495
-1149
-2854
-3585
-3624
-3828
-3772
-2450
-22
2368
4074
5135
5517
5394
5178
4926
4430
4076
3965
4150
4174
2175
-2316
-6582
-8835
-10331
-11570
-11269
-8890
-4811
391
4743
6440
6334
6561
6778
5403
3094
2080
2617
3392
3439
2751
1462
-467
-3268
-6516
-9392
-11166
-11220
-9386
-6281
-2652
1129
4530
6706
7107
5955
4175
2397
946
57
-318
-312
190
946
1135
46
-1817
-3201
-3658
-3958
-4265
-3422
-1026
1799
3955
5495
6500
6678
6017
5064
4312
3909
3658
3772
3622
1516
-2439
-5820
-7988
-10250
-12043
-11629
-9101
-5182
-315
3983
6354
7296
7851
7652
5961
3503
1913
1663
1928
1889
1509
976
-109
-2387
-5441
-8150
-9932
-10609
-9704
-7112
-3418
554
4179
6770
7660
6715
4835
2908
983
-786
-1821
-1695
-684
298
502
56
-684
-1682
-2800
-3791
-4134
-3287
-1119
1540
4017
5891
6886
6979
6457
5239
3759
2668
2559
3086
2387
-439
-3477
-5271
-7192
-9674
-11155
-10598
-8214
-3930
777
4219
6310
8192
9264
8440
5803
3244
1634
775
171
-86
-173
-291
-871
-2287
-4625
-7038
-8672
-9092
-8274
-6240
-3106
778
4494
6935
7406
6385
4713
2730
448
-1514
-2508
-2256
-1238
-229
132
-76
-556
-1070
-1850
-2839
-3365
-2404
-253
2221
4147
5443
6320
6857
6269
4814
3460
2845
2662
1501
-1100
-3629
-4924
-6222
-8093
-9353
-9178
-7602
-4428
-824
2069
4267
6566
8369
8545
6899
4829
3090
1634
261
-856
-1598
-1703
-1645
-2242
-3703
-5232
-6331
-6953
-7122
-6293
-4102
-955
2154
4522
6093
6659
5906
4227
2238
149
-1593
-2264
-2019
-1621
-1412
-1081
-559
-461
-1073
-1790
-1794
-992
348
1840
3168
4246
5274
5927
5740
4734
3637
3218
2572
295
-2791
-4725
-5661
-6625
-7464
-7551
-6906
-4986
-1974
583
1817
2946
4865
6601
6726
5654
4578
3803
2659
958
-703
-1842
-2670
-3436
-4153
-4725
-5189
-5502
-5406
-4732
-3750
-2436
-694
1235
3017
4346
4939
4833
4266
3215
1750
251
-953
-1729
-2167
-2426
-2320
-1898
-1500
-1336
-1147
-601
553
1947
2867
3481
4365
5014
4853
4250
3766
3648
3007
776
-2126
-3951
-5016
-6321
-7323
-7257
-6301
-4201
-1304
1009
2142
3155
4611
5556
5106
4103
3581
3391
2776
1654
444
-551
-1465
-2640
-4030
-5160
-5769
-5822
-5489
-4756
-3551
-1817
-91
1112
2042
2832
3168
3172
3091
2858
2408
1855
1323
615
-370
-1334
-1882
-2197
-2492
-2608
-2206
-1193
307
1513
2213
2985
3986
4550
4549
4170
3779
3555
2469
-29
-2606
-4041
-5170
-6289
-6675
-6228
-5200
-3007
-377
1396
2275
3423
4740
5277
4694
3916
3343
2706
1766
861
-31
-1042
-2015
-2896
-3799
-4648
-5113
-5090
-4675
-3988
-2785
-1198
51
831
1747
2520
2522
2043
1814
1928
1935
1738
1653
1699
1457
858
66
-781
-1556
-2052
-2122
-1442
-296
662
1589
2748
3584
3825
3753
3626
3530
2601
309
-2129
-3465
-4437
-5577
-6264
-5999
-4818
-2737
-660
684
1572
2754
4003
4520
4134
3636
3378
2914
1958
869
-138
-1056
-1886
-2730
-3568
-4188
-4464
-4422
-4125
-3455
-2371
-1249
-219
828
1680
1888
1543
1139
958
704
380
344
794
1224
1472
1740
1999
1958
1532
952
613
614
553
447
621
1122
1655
2127
2487
2775
2705
1525
-628
-2623
-4125
-5459
-6256
-6028
-5102
-3478
-1142
1025
2308
3022
3636
4061
3916
3279
2608
2065
1510
836
49
-836
-1691
-2407
-3051
-3631
-4012
-4011
-3622
-3065
-2265
-1211
-104
855
1550
1967
2048
1644
941
368
-46
-617
-1083
-1072
-608
-76
352
893
1734
2529
3133
3719
3919
3503
2988
2711
2214
1416
653
616
1046
527
-1375
-3302
-4371
-5253
-6272
-6958
-6758
-5149
-2279
448
2184
3386
4850
6087
6188
4978
3527
2545
1690
480
-927
-2086
-2782
-3128
-3418
-3912
-4345
-4219
-3472
-2538
-1810
-1033
288
1889
2902
3072
2734
2204
1648
1027
63
-998
-1468
-1178
-856
-1076
-1417
-1143
-411
265
981
1989
3072
4074
4945
5428
5234
4436
3420
2626
1579
-436
-2833
-4408
-5279
-6012
-6472
-6443
-5994
-4652
-2595
-739
402
1484
3112
4807
5417
4987
4555
4416
3730
2246
454
-1124
-2319
-3416
-4430
-5109
-5267
-5002
-4193
-3125
-2225
-1230
140
1507
2500
2988
3048
2933
2734
2175
1208
181
-549
-752
-790
-1045
-1206
-850
-140
514
921
1228
1661
2233
2760
3136
3340
3361
3533
3651
2807
901
-1227
-3005
-4331
-5350
-6094
-6327
-5345
-3379
-1507
-195
800
1911
2969
3403
3116
2658
2442
2295
1886
1142
311
-245
-885
-1859
-2947
-3721
-4156
-4240
-4110
-3562
-2477
-1149
25
986
1722
2088
2061
1864
1616
1301
983
917
1030
1043
903
709
560
575
644
742
796
918
1232
1764
2160
2273
2222
2253
2307
1682
-41
-1812
-2842
-3570
-4062
-4170
-3832
-2996
-1506
-70
782
1096
1463
2105
2523
2165
1553
1163
1014
667
-41
-823
-1245
-1373
-1663
-2216
-2729
-2893
-2862
-2829
-2517
-1803
-952
-54
805
1402
1438
1107
737
471
169
-126
-116
401
1097
1602
1853
2137
2488
2611
2316
1709
1240
1196
1405
1548
1522
1542
1802
1704
401
-1602
-3114
-4082
-4806
-5086
-4799
-3796
-2034
-65
1435
2316
2845
3311
3663
3311
2356
1591
1061
357
-536
-1381
-1977
-2306
-2509
-2755
-2790
-2666
-2609
-2470
-1995
-1388
-726
-24
744
1467
1943
1898
1426
846
216
-397
-959
-1166
-827
-93
696
1593
2533
3229
3276
2867
2424
2097
1705
1433
1543
1847
2087
1854
900
-702
-2349
-3783
-4902
-5652
-5775
-5051
-3468
-1648
-103
1034
2031
2836
3290
3301
2969
2684
2424
1905
1021
77
-817
-1634
-2413
-3033
-3327
-3212
-2938
-2534
-1972
-1349
-733
-127
417
790
1125
1385
1515
1394
1075
613
201
-129
-361
-496
-266
362
1149
1801
2131
2290
2383
2333
2128
1914
1730
1683
1841
1822
946
-329
-1475
-2387
-3258
-3976
-4356
-4042
-3109
-1963
-990
-230
386
1073
1533
1529
1374
1332
1300
1136
858
501
138
-246
-667
-1112
-1659
-2000
-1930
-1741
-1574
-1175
-584
-52
237
391
451
426
253
172
184
230
288
477
651
802
1076
1456
1748
1770
1620
1458
1420
1329
1023
716
817
1204
1503
991
-25
-858
-1389
-2046
-2715
-3034
-2754
-1872
-767
19
539
848
1108
1189
790
170
-133
-213
-416
-739
-1002
-1165
-1314
-1492
-1699
-1759
-1588
-1147
-622
-42
619
1251
1644
1651
1347
930
485
2
-377
-579
-566
-334
118
497
682
904
1215
1377
1210
858
763
1082
1490
1731
1938
2219
2338
1972
804
-878
-2448
-3525
-4153
-4264
-3687
-2389
-864
429
1250
1691
1695
1385
864
321
-49
-89
52
170
92
-155
-480
-898
-1533
-2322
-2901
-3002
-2658
-2078
-1368
-502
486
1339
1840
1918
1705
1421
1271
1172
978
818
936
1231
1341
1186
1033
1069
1129
863
139
-579
-755
-332
313
735
955
1398
2171
2712
2265
888
-615
-1534
-2071
-2685
-3267
-3375
-2769
-1752
-899
-372
30
507
931
1128
1060
877
642
224
-351
-938
-1385
-1690
-1829
-1836
-1648
-1369
-1037
-695
-461
-445
-497
-439
-307
-218
-153
69
490
957
1263
1497
1689
1853
1982
2098
2175
2216
2238
2205
2111
1922
1548
997
511
188
59
126
214
100
-348
-829
-1207
-1822
-2595
-3046
-2830
-2112
-1208
-317
360
794
1058
1104
641
-249
-1003
-1196
-1108
-1058
-990
-721
-509
-568
-928
-1380
-1825
-2123
-2075
-1554
-764
-7
604
1138
1432
1248
672
37
-399
-554
-388
118
944
1876
2744
3364
3565
3239
2621
1987
1434
1013
849
1024
1510
1995
2190
1884
967
-413
-1777
-2871
-3647
-3880
-3442
-2474
-1352
-412
150
372
163
-355
-837
-1037
-962
-735
-460
-220
-95
-141
-435
-990
-1617
-1988
-1968
-1697
-1279
-749
-180
311
564
513
251
-73
-372
-545
-544
-385
-83
393
1003
1587
1995
2270
2471
2544
2413
2175
1983
1918
1968
2025
2004
1964
1991
1876
1332
360
-658
-1453
-1934
-2220
-2252
-2002
-1497
-966
-626
-602
-744
-944
-1100
-1163
-1132
-1030
-834
-600
-524
-680
-1026
-1405
-1668
-1744
-1669
-1375
-882
-262
311
710
860
752
419
9
-356
-656
-884
-919
-692
-192
409
968
1404
1780
2089
2080
1809
1574
1556
1567
1591
1661
1908
2243
2539
2525
2142
1455
678
-149
-930
-1492
-1815
-1845
-1654
-1265
-833
-446
-202
-198
-437
-696
-873
-1140
-1593
-1916
-1979
-1935
-1938
-1811
-1528
-1215
-1006
-790
-533
-348
-212
-53
78
189
347
508
597
570
421
180
-20
-48
10
100
258
721
1311
1567
1476
1433
1538
1556
1346
1001
829
1019
1512
1802
1796
1684
1730
1555
1012
223
-545
-1094
-1372
-1405
-1298
-983
-557
-97
202
221
-165
-734
-1285
-1851
-2437
-2852
-2855
-2556
-2145
-1760
-1320
-874
-482
-231
-122
-151
-164
15
263
337
286
350
571
675
568
441
512
715
975
1154
1101
1085
1202
1350
1312
1183
959
894
981
1033
883
793
850
1071
1155
941
505
125
-259
-578
-799
-826
-559
49
704
1052
1163
1093
830
134
-844
-1796
-2310
-2593
-2847
-3044
-2926
-2578
-2223
-1947
-1768
-1554
-1172
-609
-121
166
327
546
764
723
388
97
78
253
493
783
1095
1236
1233
1286
1393
1348
1184
1136
1238
1341
1343
1325
1333
1233
994
774
598
314
-94
-450
-592
-707
-765
-593
-280
-181
-247
-167
24
180
235
315
385
408
378
252
-224
-961
-1624
-2085
-2523
-2934
-2996
-2590
-1857
-1149
-588
-282
-91
15
-9
-290
-613
-670
-321
185
678
1171
1668
1941
1835
1508
1100
754
555
562
613
724
950
1320
1533
1518
1360
1292
1184
848
303
-164
-491
-721
-891
-900
-709
-362
-49
150
283
312
184
-60
-371
-671
-844
-962
-1105
-1197
-1209
-1156
-1023
-867
-775
-670
-549
-484
-522
-650
-834
-986
-972
-879
-695
-507
-243
88
466
768
1006
1234
1395
1335
988
638
470
514
553
666
859
1128
1292
1269
1007
719
604
773
1005
1083
1025
917
721
273
-255
-766
-1005
-997
-767
-578
-481
-381
-255
-317
-553
-706
-746
-765
-836
-853
-803
-790
-895
-1061
-1213
-1277
-1243
-1171
-1166
-1110
-913
-568
-270
-96
-37
80
313
510
617
729
1003
1429
1890
2000
1673
1168
759
434
61
-271
-304
61
572
932
969
831
661
613
591
515
423
478
645
736
625
392
206
100
-40
-264
-472
-612
-799
-1064
-1200
-1152
-1052
-1043
-1038
-1023
-1047
-1106
-1156
-1140
-1127
-1093
-947
-701
-556
-614
-729
-803
-791
-731
-594
-326
125
712
1315
1744
1898
1918
1865
1663
1204
736
485
512
626
777
979
1128
1090
853
480
-31
-472
-682
-596
-375
-74
263
637
860
774
485
223
-28
-328
-605
-746
-701
-539
-422
-382
-352
-351
-415
-523
-655
-820
-946
-1044
-1108
-1247
-1427
-1556
-1522
-1453
-1345
-1071
-612
-144
218
464
603
679
682
653
589
592
730
1064
1419
1687
1805
1849
1859
1806
1545
1155
857
656
436
126
-113
-244
-282
-322
-353
-397
-418
-376
-292
-271
-310
-343
-307
-247
-276
-430
-628
-745
-801
-832
-879
-777
-505
-150
98
205
180
49
-202
-631
-1060
-1368
-1493
-1482
-1318
-1017
-654
-335
-172
-49
52
144
177
261
446
699
1004
1240
1376
1437
1467
1446
1373
1293
1246
1268
1295
1281
1118
824
521
241
-60
-392
-581
-527
-267
-67
-59
-161
-275
-431
-721
-1126
-1458
-1448
-1210
-859
-608
-442
-306
-140
-75
-207
-386
-403
-263
-198
-252
-337
-304
-240
-219
-339
-450
-513
-429
-345
-351
-401
-260
41
271
344
360
429
513
601
609
646
814
1136
1440
1559
1454
1244
1032
735
330
-68
-185
-18
290
530
655
685
601
320
-128
-614
-1058
-1279
-1248
-1039
-870
-665
-471
-332
-407
-653
-913
-1054
-1065
-940
-669
-330
23
280
365
220
-32
-278
-422
-533
-543
-341
2
293
469
520
475
353
175
-22
-141
-112
89
390
689
907
1092
1121
981
732
469
325
278
338
417
603
676
632
485
324
146
-19
-122
-182
-93
-6
6
-169
-462
-714
-869
-1034
-1223
-1175
-947
-682
-490
-365
-316
-299
-304
-402
-479
-558
-535
-481
-386
-305
-181
-82
-14
77
60
61
110
207
272
432
557
636
627
546
466
403
348
348
465
580
770
961
1054
984
886
725
464
139
-91
-106
-4
142
223
282
257
171
-54
-378
-711
-889
-871
-791
-696
-654
-580
-487
-434
-555
-704
-742
-610
-474
-394
-378
-329
-270
-268
-335
-452
-488
-473
-334
-230
-96
0
167
304
367
330
250
248
257
288
313
462
608
821
954
991
975
973
935
795
633
500
472
450
437
427
514
574
574
468
247
-54
-373
-654
-923
-1056
-1046
-907
-772
-582
-462
-439
-460
-525
-616
-679
-661
-542
-345
-242
-198
-136
-89
-187
-305
-354
-272
-160
-101
-85
-35
-35
-80
-122
-174
-207
-155
-39
130
298
417
566
724
821
849
896
886
841
744
592
510
517
566
661
766
833
836
788
608
350
24
-244
-433
-628
-870
-1003
-998
-964
-966
-972
-883
-789
-698
-687
-640
-613
-571
-532
-470
-389
-337
-211
-26
187
243
256
254
270
235
150
66
28
75
134
178
106
58
104
143
96
48
111
243
384
439
471
497
534
568
566
543
560
667
796
922
945
874
802
739
541
153
-211
-449
-605
-822
-1027
-1080
-1016
-959
-922
-907
-883
-811
-697
-589
-542
-476
-371
-266
-305
-418
-512
-503
-443
-329
-146
108
409
606
661
619
555
448
336
208
139
218
368
495
563
625
611
549
393
218
47
-53
-70
-46
15
76
211
352
462
518
594
669
710
697
596
466
333
130
-153
-437
-689
-913
-1084
-1185
-1181
-1119
-1008
-854
-705
-648
-634
-614
-639
-649
-558
-366
-106
155
368
519
573
484
351
227
106
30
54
84
115
176
230
249
240
285
378
525
654
741
787
777
653
442
221
-12
-200
-335
-340
-239
-49
182
378
513
514
448
318
153
-35
-121
-129
-71
-56
-84
-144
-277
-469
-715
-949
-1086
-1030
-962
-886
-774
-594
-449
-383
-349
-257
-121
-21
91
206
351
490
643
702
687
649
579
454
257
73
-32
-25
2
65
165
253
308
316
316
262
250
260
344
442
501
509
476
373
128
-99
-310
-439
-496
-454
-378
-300
-204
-150
-122
-184
-290
-399
-483
-533
-546
-500
-405
-267
-167
-149
-204
-251
-256
-285
-350
-341
-161
60
199
243
301
355
344
266
210
223
321
486
617
701
722
707
587
380
122
-76
-196
-267
-273
-232
-116
8
146
245
320
364
348
287
178
40
-104
-169
-225
-248
-253
-244
-242
-290
-404
-526
-584
-607
-640
-656
-580
-456
-339
-270
-230
-232
-191
-142
-128
-111
-46
53
139
192
199
195
188
266
361
459
532
667
772
758
617
426
317
239
190
140
163
208
268
252
171
32
-87
-129
-135
-141
-112
-23
62
115
60
-54
-182
-283
-353
-380
-407
-384
-294
-194
-186
-230
-310
-379
-448
-498
-520
-528
-477
-397
-255
-160
-96
-74
-27
33
68
43
35
114
236
343
388
432
536
637
663
621
525
450
406
362
249
129
91
133
147
87
7
-20
15
21
-23
-72
-68
-23
-2
-79
-165
-208
-198
-162
-145
-110
-46
31
45
-53
-227
-369
-435
-458
-461
-411
-279
-132
-21
-20
-92
-188
-262
-323
-365
-349
-280
-144
21
157
183
201
285
371
397
400
459
525
543
507
442
372
313
280
239
181
145
130
94
-3
-110
-164
-177
-209
-219
-207
-165
-123
-110
-138
-153
-155
-190
-202
-194
-183
-183
-138
-83
-68
-98
-124
-136
-118
-111
-131
-179
-176
-99
-59
-96
-127
-77
-42
-54
-92
-90
-51
19
64
79
86
153
229
247
264
336
417
437
415
384
349
299
247
204
178
179
223
205
126
52
31
-38
-141
-218
-233
-217
-200
-169
-187
-219
-222
-221
-266
-312
-266
-180
-101
-55
-40
-48
-83
-131
-212
-270
-300
-252
-166
-86
-37
4
6
-48
-135
-231
-277
-245
-127
10
165
286
374
419
417
354
261
213
216
291
375
459
550
588
537
390
244
129
34
-55
-116
-134
-101
-42
-39
-77
-94
-75
-123
-247
-341
-378
-361
-333
-326
-297
-203
-114
-89
-132
-204
-227
-205
-219
-277
-268
-189
-107
-69
-62
-60
-75
-67
-56
-109
-135
-87
12
67
71
105
182
231
217
208
229
267
319
384
414
393
377
371
338
290
212
182
182
159
127
70
-11
-56
-78
-141
-185
-189
-187
-199
-215
-251
-286
-265
-235
-212
-166
-114
-110
-129
-107
-95
-127
-144
-98
-61
-42
-20
-31
-48
-32
-24
-66
-103
-75
-31
-12
-14
-3
39
92
140
170
184
163
165
190
196
179
188
222
254
276
264
210
157
151
118
36
-22
-8
14
-17
-74
-89
-102
-135
-157
-180
-216
-222
-180
-182
-225
-225
-169
-110
-107
-156
-105
-25
-24
-52
-45
-33
-24
9
4
5
29
39
14
51
71
-3
-38
16
17
-39
7
54
84
132
203
230
254
249
177
107
101
132
121
156
222
263
244
210
115
-28
-152
-206
-218
-214
-193
-157
-136
-145
-132
-161
-261
-339
-329
-304
-261
-179
-102
-50
17
72
65
28
20
54
60
47
51
71
118
156
124
67
66
105
95
34
-38
-30
39
39
4
3
47
89
108
109
101
148
208
181
118
106
109
89
72
19
17
69
81
19
-34
-62
-115
-165
-212
-263
-312
-273
-192
-166
-192
-190
-132
-116
-171
-222
-217
-189
-151
-108
-68
14
128
193
185
143
120
117
78
34
7
23
69
134
152
159
167
149
99
29
-32
-72
-41
-16
17
79
176
229
209
191
192
148
54
9
22
53
64
76
90
106
97
28
-64
-139
-184
-203
-219
-235
-207
-145
-132
-150
-131
-107
-146
-204
-211
-193
-153
-89
-38
-19
18
78
82
56
36
47
53
71
109
137
161
159
116
35
-2
-13
-21
-28
17
105
124
85
40
23
14
18
25
45
70
120
141
109
66
49
55
40
25
6
9
13
-15
-70
-122
-145
-145
-133
-134
-126
-81
-15
6
-42
-102
-109
-101
-121
-151
-139
-76
9
57
48
33
47
30
-40
-86
-80
-63
-48
-7
50
106
132
144
150
126
76
44
30
-12
-38
-7
23
51
110
177
196
180
164
122
62
-9
-54
-62
-43
-18
15
43
70
70
0
-65
-108
-164
-214
-205
-155
-113
-83
-47
-10
-17
-37
-60
-75
-80
-48
-19
-30
-25
11
34
-8
-48
-49
-34
-35
-16
17
42
59
71
76
75
88
85
56
32
71
120
113
82
77
106
111
60
-9
-57
-67
-39
-24
-17
14
91
166
165
96
8
-41
-68
-87
-115
-99
-22
67
85
48
7
-47
-109
-164
-193
-182
-138
-83
-19
5
-9
-36
-64
-103
-138
-157
-160
-110
-18
50
62
76
110
94
23
-30
-27
7
44
99
133
161
209
242
202
109
49
30
7
-45
-69
-58
-11
36
30
9
6
13
8
-21
-77
-105
-61
-40
-60
-44
6
29
39
24
-23
-55
-45
-41
-95
-135
-133
-85
-76
-99
-110
-83
-84
-122
-144
-135
-115
-95
-60
-14
51
100
138
163
180
162
140
129
127
102
93
115
135
174
210
223
182
139
78
15
-48
-117
-155
-128
-53
0
34
59
87
114
99
23
-54
-69
-67
-95
-114
-95
-56
-20
-26
-65
-99
-120
-137
-160
-181
-180
-157
-124
-105
-93
-113
-117
-115
-129
-133
-133
-86
-37
14
50
99
166
198
179
155
187
218
217
213
226
245
265
265
233
186
133
78
21
-36
-70
-87
-81
-74
-55
-14
-5
-6
-19
-33
-49
-42
-33
-24
-30
-28
-5
-8
-30
-66
-101
-122
-117
-115
-125
-115
-70
-34
-49
-93
-129
-118
-99
-130
-169
-135
-56
-27
-34
-20
33
55
49
25
24
63
112
142
125
146
203
230
207
190
172
136
95
67
36
-10
-23
-20
-24
-35
-46
-72
-112
-114
-101
-97
-101
-82
-39
-7
6
26
35
13
-1
-18
-49
-82
-65
-44
-56
-80
-66
-37
-31
-56
-74
-71
-51
-31
-38
-42
-16
23
22
-10
-37
-24
8
21
17
43
91
127
137
118
99
114
132
109
80
95
133
145
119
85
66
29
-24
-77
-119
-141
-146
-125
-100
-108
-108
-68
-44
-59
-81
-85
-57
-52
-58
-40
-20
-11
5
39
35
23
28
40
40
17
6
36
45
14
17
30
28
21
42
48
26
16
36
47
40
43
51
62
68
73
70
85
91
80
54
52
59
45
14
1
-1
-11
-27
-69
-106
-114
-103
-125
-152
-159
-139
-130
-117
-113
-106
-81
-57
-51
-68
-50
-28
-7
-6
-13
-1
38
56
29
18
29
38
41
40
35
36
43
60
55
51
58
73
69
41
29
39
47
49
55
58
70
91
105
87
53
52
58
49
28
15
11
17
33
19
-20
-38
-36
-60
-108
-138
-127
-126
-138
-128
-95
-76
-75
-71
-75
-74
-59
-55
-67
-66
-29
6
1
2
28
55
60
40
32
35
39
35
24
22
38
65
69
64
47
44
63
54
30
23
47
66
51
40
55
93
106
76
45
57
70
45
19
7
7
7
-2
-27
-27
-18
-41
-74
-86
-88
-106
-105
-96
-110
-118
-82
-51
-61
-69
-36
-5
-5
-23
-23
-17
13
32
20
10
23
46
47
23
8
31
31
26
22
17
12
24
29
2
-5
18
16
-20
-34
-8
14
12
10
17
22
27
36
14
-4
5
7
-13
-24
2
15
-12
-34
-21
-9
-24
-40
-50
-55
-59
-61
-53
-38
-13
-6
-8
-9
-9
-5
-8
-16
-10
4
15
10
20
46
49
28
36
48
49
38
24
26
37
45
30
41
44
38
29
11
-4
8
9
-19
-24
7
20
9
4
4
4
10
4
-26
-38
-39
-44
-44
-39
-47
-50
-33
-14
-23
-36
-33
-34
-44
-46
-35
-30
-30
-20
-9
-2
-1
1
8
25
26
10
-2
0
16
24
21
16
35
48
30
22
38
56
41
29
39
51
51
46
40
38
47
46
24
7
7
20
5
-24
-26
-5
4
-9
-21
-34
-30
-18
-12
-25
-22
-7
-15
-26
-19
-5
-3
-11
-36
-28
-3
-4
-34
-43
-20
-4
-17
-40
-35
-24
-17
-24
-28
-33
-26
-10
3
-7
-10
11
29
28
11
30
40
45
52
54
58
60
54
44
50
53
50
37
28
30
37
32
16
6
11
2
-22
-51
-41
-17
-29
-58
-60
-26
-4
-26
-33
-27
-36
-24
-6
-32
-64
-61
-30
-1
-22
-56
-49
-1
18
-5
-33
-26
-10
-5
-20
-40
-25
12
10
-5
-8
2
26
41
30
5
10
43
45
14
-6
10
40
36
9
6
7
18
19
9
3
5
20
23
14
-1
8
26
21
4
-11
-2
18
12
-6
-13
8
26
19
7
-1
11
18
26
16
12
6
17
16
-4
-5
18
36
4
-13
0
36
18
-13
-25
-10
8
-9
-32
-31
-11
-6
-12
-23
-13
-1
0
-18
-31
-20
-2
-16
-44
-39
-15
-13
-24
-28
-19
0
-3
-19
-22
-18
-13
-3
-9
-14
-20
-12
-1
-14
-36
-33
-12
-16
-26
-26
-11
3
11
13
14
17
26
20
12
10
-1
-6
9
13
7
9
14
34
42
39
23
24
34
21
8
4
5
9
8
-6
-6
7
15
12
1
-3
3
-2
-16
-23
-16
-6
-7
-4
-9
-15
-8
2
8
16
7
-9
6
16
-1
-23
-6
17
7
-9
1
12
11
8
12
14
7
20
31
18
-7
-7
-3
-8
-21
-17
-12
-15
-15
-5
2
8
16
10
10
18
22
2
-1
-8
-1
4
-3
-5
7
27
23
22
31
46
43
22
5
5
12
16
4
-14
-22
-7
10
5
-7
-12
11
20
-7
-36
-24
-1
-9
-22
-35
-28
-4
-3
-18
-15
-5
-8
-13
-3
4
-6
-12
-9
-3
-1
-9
-14
-7
5
2
-7
-17
-5
13
13
-9
-14
5
5
-5
-20
-22
-14
-3
-12
-20
-11
10
13
-7
-29
-18
17
24
10
-34
-37
2
23
-1
-18
-12
13
30
10
-22
-18
11
26
15
-32
-39
-10
15
-6
-29
-12
20
19
-13
-32
-20
3
8
-23
-32
-2
4
-9
-21
0
25
26
7
1
12
10
-3
-8
-2
9
17
14
13
18
25
20
11
16
13
13
21
11
-6
2
19
20
6
0
21
19
7
7
9
6
0
2
10
18
12
-5
-7
16
23
12
15
5
1
7
5
8
15
19
0
-8
5
26
13
-6
-6
-1
5
-2
-1
-1
-5
-5
-2
-3
-12
-12
-15
-15
-18
-17
-14
-14
-15
-12
-6
-1
-2
2
-3
-9
-11
-15
-31
-37
-19
3
3
-13
-6
4
10
2
-9
-11
2
4
-12
-26
-21
-9
-6
-14
-15
1
7
1
-7
-1
-6
-2
-5
-5
-11
-1
-1
-7
-4
-5
2
8
17
11
8
-1
8
17
18
7
7
11
17
18
10
2
1
18
14
8
5
10
11
11
12
6
-4
-10
-6
-5
-11
-19
-12
-3
10
8
-6
-3
15
23
10
-14
-14
3
-2
-15
-14
2
15
21
28
18
19
9
5
18
9
-1
0
16
5
-13
-16
-4
1
3
-9
-3
6
-2
-4
4
-2
-14
-8
6
8
-13
-24
-26
5
11
-11
-13
6
27
22
17
14
22
18
7
9
20
20
13
4
-7
5
21
30
16
8