-3
-1
3
5
3
4
4
5
4
4
3
4
3
4
5
4
2
0
-1
-1
-2
-5
-7
-8
-9
-10
-11
-9
-4
1
3
1
0
2
0
-5
-9
-10
-9
-8
-9
-6
-2
1
1
1
0
-3
-4
-4
-4
-3
-2
0
2
2
3
1
-1
-1
0
-2
-1
0
1
1
1
0
2
3
1
0
0
0
0
1
-1
-3
-3
-1
0
1
1
0
2
1
0
1
2
3
3
-2
-1
3
4
0
-3
-3
1
1
2
0
2
4
3
4
2
-1
0
3
-1
-5
-3
-1
5
3
-1
2
7
7
1
1
4
5
1
-1
-3
1
5
2
0
2
3
3
4
4
6
6
1
0
1
1
1
0
2
4
8
9
9
8
5
6
6
5
6
6
6
3
-2
0
1
-2
-4
-2
-3
-5
-4
-4
-2
-2
-3
-6
-5
1
3
1
-2
-4
-2
-4
-8
-9
-6
-5
-5
-6
-4
-2
0
-2
-7
-9
-9
-7
-8
-6
-4
-2
-2
-3
-3
-5
-5
-4
-8
-9
-7
0
4
3
2
5
7
7
5
3
3
3
1
2
6
7
6
4
1
-1
0
-1
-2
-3
0
2
5
2
5
8
8
2
-4
-6
-5
-4
-6
-8
-5
-3
1
4
6
5
3
2
0
0
1
-2
-5
-6
-2
-2
-1
0
1
0
-2
-3
-1
1
2
3
2
0
3
4
5
4
2
2
1
0
1
4
0
-2
-1
-1
2
2
3
1
2
1
0
-2
-4
-5
-6
-5
-9
-9
-7
-4
-1
-6
-11
-13
-11
-4
-2
-5
-4
2
5
2
0
2
4
3
5
5
7
7
8
8
5
2
5
7
8
4
3
3
7
4
-3
-6
-3
0
-3
-4
2
8
7
5
6
7
1
-5
-10
-12
-14
-19
-24
-23
-16
-7
-5
-9
-4
5
10
6
-1
1
3
1
1
5
10
12
13
9
9
12
11
4
-1
-1
5
8
8
7
8
8
8
7
4
1
0
1
0
-2
-4
-4
-4
-4
-6
-11
-11
-11
-8
-11
-11
-9
-6
-3
-1
2
0
-2
-2
-1
-1
-7
-14
-15
-13
-10
-9
-4
0
4
6
7
4
2
0
-4
-4
-2
-3
-4
-1
0
2
4
1
-4
-2
5
9
7
9
13
22
26
23
14
9
6
3
3
1
2
7
8
4
0
3
1
-4
-3
0
0
3
7
6
3
3
4
6
4
1
1
7
5
4
6
0
-4
-6
-5
-6
-8
-5
2
8
8
5
3
6
-1
-15
-12
-5
-4
-6
-7
-1
5
1
-9
-12
-11
-13
-15
-16
-14
-11
-11
-10
-8
-6
-5
-1
-1
5
11
4
2
11
15
2
-10
-11
-5
-4
-9
-18
-16
-7
-3
-11
-19
-16
-16
-21
-15
4
16
14
12
27
44
38
20
18
26
29
0
-24
-21
-4
-9
-28
-24
-4
16
23
29
40
47
30
-5
-23
-38
-69
-97
-84
-56
-51
-40
0
59
82
65
52
57
50
9
-35
-60
-46
-58
-71
-45
-3
32
57
68
60
64
28
-43
-128
-158
-174
-203
-201
-119
2
50
27
32
87
69
16
13
60
104
124
158
202
186
107
26
-21
-42
-78
-135
-123
-65
-36
-25
9
51
80
62
17
-24
-13
14
-2
43
134
207
234
304
385
348
237
143
93
95
56
-54
-92
-85
-106
-161
-155
-210
-322
-398
-377
-290
-206
-97
-8
60
43
-33
-199
-329
-387
-432
-463
-421
-235
-33
83
75
67
74
19
-109
-176
-126
-148
-167
28
276
351
281
273
292
267
194
142
160
276
384
424
549
652
658
529
336
96
-112
-348
-585
-704
-629
-525
-440
-137
320
600
607
555
481
390
186
-144
-352
-239
-86
-78
53
411
694
654
643
642
461
94
-260
-446
-497
-696
-894
-621
-224
-42
200
446
384
256
240
84
-229
-515
-461
-256
-237
-340
-373
-140
27
14
-325
-715
-1006
-1681
-2688
-6902
-14179
-15462
-9146
-4161
-1375
4828
12407
17383
19402
16346
8730
1653
-2253
-4553
-7122
-9193
-6673
52
4189
3667
3929
5714
5441
3852
2475
694
-332
404
-191
-4061
-7019
-5854
-4370
-5972
-6573
-3704
-723
2000
5566
7498
7638
8546
9273
7759
4669
940
-2421
-4068
-5470
-8125
-10057
-9155
-6837
-4759
-3697
-2546
-90
662
-1957
-3874
-3098
-2463
-2295
-979
30
159
1217
2143
1138
-645
-988
567
2700
3524
3757
5024
6353
7199
8444
9571
10469
12953
17351
22050
14733
-9842
-25634
-22776
-22384
-30943
-29811
-16395
-4046
10101
23696
22879
15350
18023
21584
12997
1994
-455
2503
4953
2114
-5502
-10329
-10469
-12907
-18941
-22315
-19670
-12380
-2075
6898
11427
15823
22254
23670
16867
7997
868
-4685
-7447
-8748
-11714
-12747
-8387
-3419
-3384
-8199
-12054
-10528
-5931
-3755
-2765
2153
10639
17673
18445
13026
7280
4463
869
-5600
-10663
-10702
-5971
378
3557
2901
3836
7419
8959
7191
5957
8501
14629
16766
4547
-12003
-15851
-14281
-21346
-28061
-24160
-15955
-4388
11588
18744
14231
14677
22379
21399
10276
2014
992
2485
1997
-2486
-7659
-8897
-8659
-11438
-16913
-21985
-20501
-10945
-1184
3841
9573
18573
24276
23983
18917
9044
-2056
-8647
-11902
-16864
-22116
-21505
-13888
-6297
-4065
-2985
1881
6592
7452
6560
5515
5580
8304
10453
8519
5314
4798
5588
5285
2957
826
1326
4889
9052
12096
12207
-493
-18567
-22660
-18413
-24894
-31227
-19309
-2559
7736
19583
26591
20009
13439
15786
12581
280
-6044
-1196
4692
4118
-536
-3387
-4704
-9008
-15935
-21862
-22878
-16749
-6386
2185
8507
15650
22681
24110
18153
8432
328
-5937
-11228
-13914
-13274
-11043
-11847
-13705
-9950
-5237
-4956
-3511
2314
6781
8742
11454
12920
11304
7620
3965
2020
31
-2556
-1075
3200
4439
5135
9660
13669
12275
9852
7392
-5038
-21877
-26366
-20979
-21829
-22910
-10545
3988
10461
16738
20544
13383
5467
6639
7340
2067
177
5358
10259
9722
4571
-1925
-8289
-14086
-19335
-23731
-23063
-15431
-5065
3894
11435
17304
20212
19106
13760
6021
-1583
-7779
-10889
-11401
-11931
-12060
-9564
-5412
-3149
-3401
-3157
-1116
1223
2961
4230
5091
6069
7666
8010
5610
2838
3059
5750
7242
6134
5931
8276
10784
10449
8241
5662
-4025
-19338
-26040
-22759
-23047
-24959
-15761
-1709
6721
14608
21425
18166
10542
10651
12359
6380
455
3355
8449
7284
1435
-4139
-9086
-14316
-19051
-22408
-21927
-15303
-5395
3410
9986
15341
18716
18205
13635
7053
727
-3672
-5578
-5752
-6725
-11630
-13824
-8887
-5328
-7684
-8380
-3400
2626
7260
9197
7715
6648
7837
8289
5090
406
677
5984
7906
5109
4487
7936
11055
11539
9925
3401
-9264
-20516
-23368
-23676
-27243
-24948
-11641
1355
9467
17520
21091
15713
10528
10571
8063
1363
-534
4685
8928
6653
1552
-2460
-7322
-14086
-20440
-24382
-22890
-14972
-5290
2618
10655
18248
21637
20038
14573
6325
-1824
-7343
-10777
-12881
-12394
-9301
-5407
-1894
489
614
-501
-404
711
844
189
602
3260
6546
7047
5155
6123
10503
11645
8557
6540
7115
7766
7645
7067
5071
-1456
-12649
-21001
-22090
-22445
-24402
-19969
-8362
2486
11230
18445
19115
13974
11418
11404
6698
-382
-922
4198
6146
2598
-1592
-4672
-8932
-14930
-20756
-23724
-21033
-13009
-3781
4286
11726
19008
23663
22032
14038
4406
-2861
-8367
-12760
-14736
-13860
-10448
-5182
39
2488
1413
-418
203
1504
89
-1911
56
4985
8583
9254
9340
11281
12603
10849
7410
4324
2443
2492
4229
5238
1851
-6928
-15516
-18382
-19248
-22216
-22035
-14358
-3283
7630
16987
20835
17800
14124
13092
9068
91
-5514
-2774
1870
2139
-13
-1601
-3451
-7049
-12829
-19603
-22761
-18947
-11037
-3293
3808
12310
20428
22959
18273
10334
2620
-4556
-10144
-12894
-13326
-11549
-7096
-1494
2327
2585
565
-462
205
-149
-2440
-2663
1409
6834
9977
11599
13708
14463
12188
8856
5643
2456
1314
2378
3556
2334
-3855
-13733
-19929
-20781
-22290
-23242
-17582
-6701
5266
16893
24336
23606
18826
16095
12885
4154
-5286
-7369
-4240
-3031
-3859
-4123
-5046
-7579
-11163
-15497
-18596
-17555
-12185
-4115
4988
13161
18852
21244
19506
13215
3924
-5111
-11458
-14548
-14574
-11819
-7533
-2608
2236
4754
3353
401
-990
-1267
-2358
-3164
-577
5172
10239
13461
15223
14671
12403
9487
5946
2603
1533
2709
3947
2192
-5264
-15036
-20595
-22674
-24926
-24452
-17747
-6497
6744
19176
25744
25069
21925
18748
12575
2640
-5618
-7583
-6027
-5499
-5720
-5245
-5254
-7317
-11474
-16229
-18786
-17146
-11724
-4183
3493
11325
19725
24806
22262
14190
5539
-2283
-9605
-15305
-18027
-16808
-11561
-4437
961
2934
3219
3966
4268
2057
-1523
-2138
1740
6511
9379
11686
13965
14507
12557
8642
4155
1638
1476
2202
2702
-481
-8820
-16479
-19168
-21322
-24380
-22618
-14358
-3010
9243
20010
24976
24119
21945
19153
11870
1240
-5671
-6608
-6412
-7349
-7213
-6195
-6409
-8264
-11776
-16044
-18226
-16247
-10782
-4277
2319
10749
19890
24683
22670
16202
7952
-328
-7622
-13995
-18477
-18823
-14151
-6947
-1434
907
2540
4830
5446
3047
152
-43
2949
6982
10792
13333
13787
13322
12093
8262
3014
440
609
1228
962
-3175
-11543
-17874
-19426
-21080
-23353
-20393
-10863
956
12302
21229
24785
23726
21570
17694
9386
-252
-5601
-6533
-6634
-7299
-7416
-6619
-6474
-8710
-12750
-16273
-17294
-14989
-10182
-4355
3185
12633
20527
23599
21680
16133
8274
-200
-8172
-14983
-18750
-17610
-12590
-6704
-2084
1216
3805
4929
3464
497
-961
357
3398
7334
11833
14749
15129
14147
11817
7707
3318
678
-64
704
-527
-7039
-15121
-19136
-20361
-22121
-22114
-17219
-7757
4097
15270
21987
23174
22218
21021
16625
7682
-863
-4679
-5475
-6512
-7753
-8089
-7764
-7956
-9736
-12919
-15451
-15037
-11823
-7858
-2631
5207
13296
18346
20136
18756
13708
6749
-273
-7104
-13050
-16143
-14991
-10817
-6652
-3531
-549
2036
3113
2269
544
116
2032
5235
9288
12724
13420
12875
12308
10299
6628
3797
2538
2392
2448
-1188
-9790
-17950
-21203
-22204
-23485
-22188
-15006
-3405
8655
18007
22457
22864
21994
19849
13690
4798
-1925
-4700
-5656
-6639
-7752
-8119
-7661
-8143
-10556
-13618
-14987
-13450
-10374
-6589
-610
7337
14048
17778
18868
16731
11577
5385
-934
-7467
-13093
-15297
-13215
-9577
-6918
-3982
84
2922
3274
2674
2172
2191
3564
6597
10087
11593
11329
11181
10411
7782
5196
4191
3623
3682
2772
-3186
-12613
-19050
-21093
-22613
-23542
-19993
-10639
1559
12374
19155
21522
21584
20497
16360
8548
1017
-3230
-5219
-6261
-6722
-7206
-7433
-7059
-7939
-11101
-13873
-13577
-11246
-8850
-5018
1830
9219
14045
16360
16394
13344
8262
2879
-2656
-8275
-12255
-12735
-10225
-7406
-5357
-2627
616
2469
2584
2191
2129
2987
5253
8620
11315
11668
11084
10447
8409
4994
2924
2621
2887
3772
2210
-4550
-12954
-17560
-19587
-22121
-22753
-17757
-7507
4392
14152
19201
20306
20376
19080
13320
4516
-1734
-3912
-4735
-5562
-5970
-5886
-5506
-5630
-7742
-11402
-13746
-12739
-9869
-7295
-3403
3182
9848
14023
15365
13878
10091
5653
1269
-3434
-8234
-11343
-10714
-7614
-5552
-4676
-2828
-73
1616
1521
818
1284
3472
6365
9548
11648
11474
10601
9900
8147
4865
2634
2284
3104
3874
865
-6659
-14083
-17675
-19634
-21654
-21081
-15286
-5116
6385
15316
18998
18986
18614
17152
11154
2682
-2573
-3561
-3703
-4457
-4686
-4412
-4556
-5669
-8031
-11415
-13889
-13146
-9697
-5314
-961
3200
8519
13938
15566
12476
7920
4210
945
-2676
-6961
-10421
-10366
-7237
-4559
-3987
-3875
-1890
1010
1708
534
836
3645
7127
10089
11179
10168
9346
9117
7832
5383
3506
3099
4435
4938
365
-8355
-15649
-18523
-19696
-20971
-19931
-13636
-2928
8264
16090
18622
17863
17184
15701
10154
2144
-2963
-3772
-3251
-3847
-5110
-5724
-5731
-6667
-9237
-12221
-13775
-12215
-7876
-3037
1257
5408
9313
12702
13769
10954
6259
2729
276
-2557
-5691
-7955
-8167
-6516
-4917
-4465
-4287
-2990
-585
1092
1162
1827
4640
7769
10073
10980
9808
8270
7614
6748
4931
3475
3295
4568
5290
916
-7808
-14825
-17996
-20050
-21272
-19035
-12372
-2583
8161
16482
19324
18086
16592
14418
8444
749
-3658
-4239
-3877
-3875
-3850
-3906
-4386
-5870
-8606
-11515
-12898
-11982
-8855
-3803
1086
4615
8756
13242
14029
10381
6182
3246
482
-2672
-5739
-7690
-7211
-5068
-3702
-3914
-4185
-2770
-578
66
-627
307
3560
6600
8452
9424
9118
8553
8138
6711
4486
3744
4728
5800
6124
2770
-5142
-12757
-16707
-19687
-22752
-21981
-15559
-5819
4696
13641
18315
19102
18651
16633
10825
3056
-1815
-2943
-3234
-4002
-4330
-4014
-4163
-5866
-9254
-12614
-13866
-12624
-9864
-5957
-679
5484
10504
12825
13216
11811
8212
3936
541
-2659
-5593
-6720
-6129
-5178
-4611
-4317
-3677
-2570
-1785
-1443
-799
600
3038
5788
7947
9613
10055
8993
7524
6405
4968
3762
4062
5157
5585
3384
-2674
-10363
-15824
-18790
-20952
-21179
-16825
-7987
2076
10611
16300
18464
17863
15990
12275
6042
268
-2090
-2309
-2947
-3832
-3878
-3842
-5331
-8524
-11886
-13803
-13615
-11610
-7957
-2927
2454
7904
12987
15332
13581
9942
6457
2533
-1927
-5598
-7805
-8132
-6459
-4235
-3104
-2934
-2354
-858
-89
-895
-1131
1154
4390
6464
8042
9057
8868
8170
6991
5151
3896
4536
5473
5628
4453
-311
-7811
-13840
-17044
-19812
-21361
-18273
-10743
-1715
7071
14105
17415
17418
16510
14241
8786
2678
-314
-1274
-2637
-3693
-3701
-4079
-5707
-8028
-10660
-12997
-13851
-12657
-9715
-5207
703
6621
10943
13580
14371
12361
7998
2919
-1753
-5397
-7681
-8630
-7923
-5516
-2755
-1162
-614
-64
587
422
-467
-255
1834
4292
6423
8309
8717
7927
7471
7029
5566
4324
4602
5462
5030
1116
-5666
-12061
-16268
-18991
-20284
-18798
-13830
-5735
3796
11980
16256
17071
16796
15589
11416
5048
349
-1484
-2441
-3431
-3795
-3956
-4699
-6187
-8423
-11141
-13191
-13263
-11158
-7175
-1721
4261
9712
13529
15082
14001
10274
4913
-387
-4626
-7755
-9420
-8934
-6559
-3681
-1478
-355
138
496
508
-76
-519
610
3260
6023
8249
9362
9136
8302
7169
5326
3613
3096
3024
3011
1854
-2634
-9260
-14170
-16532
-18292
-18770
-15859
-9371
-825
7831
14212
16644
16618
16271
14236
8494
1838
-1730
-2631
-3505
-4675
-5116
-4858
-4941
-6220
-8659
-11226
-12275
-11092
-8156
-3916
1357
6996
11807
14660
14884
12045
6922
1528
-3011
-7027
-9951
-10371
-8148
-4744
-1759
8
1073
1971
2065
799
-799
-943
888
3345
5678
7931
9214
9207
8513
7191
5017
3322
2553
2405
2091
-707
-6435
-11752
-14164
-15832
-17725
-17248
-12674
-5027
3632
11001
15069
16400
16879
15955
11227
4026
-1312
-3430
-4481
-5623
-5972
-5164
-3941
-3844
-5736
-8601
-10575
-10893
-9595
-6776
-2385
3388
9385
13830
15538
14323
10391
4893
-649
-5791
-9974
-11652
-10160
-6925
-3698
-1008
1237
2879
3144
1696
-186
-1010
-339
1452
3787
6693
9023
9838
9503
8508
6605
3973
2091
1383
1269
-390
-5036
-10212
-12891
-14132
-15951
-16647
-13847
-7569
609
8479
13748
15933
16966
16956
13498
6550
228
-3014
-4847
-6533
-7156
-6316
-5030
-4335
-5080
-7131
-9106
-9940
-9358
-7118
-3307
1668
7286
12095
14797
14968
12206
7040
1448
-3537
-8137
-11382
-11681
-9180
-5556
-2405
-74
1956
3306
2839
877
-655
-575
715
2614
5458
8523
9931
9804
9267
7822
5125
2844
1771
1235
-145
-3760
-8674
-12248
-13907
-15375
-16341
-14679
-9486
-1692
6470
12507
15676
17116
17324
14765
8774
2025
-2472
-4845
-6468
-7303
-6829
-5595
-4667
-4941
-6695
-8823
-9998
-9664
-7822
-4458
502
6417
11504
14463
15108
13048
8293
2400
-3020
-7642
-10903
-11699
-9866
-6379
-2565
407
2315
3289
2974
1261
-605
-1335
-806
755
3681
7505
9881
10221
9695
8781
6726
3913
1668
612
-116
-2938
-7704
-11444
-13289
-14822
-15603
-14201
-10510
-4254
3968
11019
14538
15926
16531
15024
10255
3994
-990
-4125
-6028
-6766
-6361
-5607
-4950
-4919
-6052
-7853
-9262
-9656
-8372
-5052
-372
5000
10277
14060
15389
14141
10220
4406
-1498
-6467
-10182
-11939
-11112
-8006
-3999
-587
1914
3469
3516
2048
225
-949
-976
288
2748
6153
8856
9835
9751
9064
7172
4614
2508
851
-525
-2920
-7104
-11131
-13099
-14221
-15100
-14109
-10616
-4877
2497
9371
13454
15244
16097
15333
11467
5534
359
-2965
-5201
-6630
-6920
-6355
-5410
-4944
-5772
-7453
-8732
-9072
-8251
-5891
-2007
2915
8181
12646
14981
14451
11308
6548
1026
-4525
-9137
-11740
-11813
-9338
-5477
-1869
907
3009
3942
3137
1199
-507
-888
91
2038
4837
7565
9010
9529
9638
8453
5890
3282
1365
-301
-3331
-7886
-11720
-13213
-13738
-14063
-12794
-9426
-4205
2372
8483
11977
13375
14365
14209
11073
5808
1353
-1529
-3933
-5930
-6807
-6746
-6281
-5975
-6530
-7657
-8554
-8559
-7284
-4817
-1359
3112
8153
12250
14135
13655
10955
6518
1289
-3864
-8235
-10916
-11090
-8933
-5563
-2334
223
2132
3123
2572
864
-549
-646
450
2487
5123
7102
8381
9114
8881
7435
5564
3866
2147
143
-3442
-8008
-11225
-12540
-13560
-13929
-11976
-8042
-2810
3208
8392
11116
12367
13316
12699
9329
4860
1576
-714
-3001
-4978
-5802
-5793
-5818
-6356
-7224
-7994
-8472
-8241
-6801
-4167
-580
3818
8221
11445
12858
12267
9821
5917
1126
-3643
-7325
-9383
-9582
-8063
-5635
-2945
-330
1599
2149
1639
838
293
400
1257
3072
5019
6288
7247
8032
8004
6769
5328
4343
3302
614
-4380
-9300
-11932
-13234
-14436
-14201
-11303
-6213
18
5842
9563
11225
12230
12368
10297
6324
2690
620
-778
-2450
-3970
-4724
-4887
-5329
-6585
-8028
-8858
-8718
-7687
-5789
-2964
813
5000
8552
10872
11610
10534
8150
5091
1215
-3167
-6535
-7726
-7371
-6676
-5612
-3487
-837
871
1342
1171
934
1223
2093
3257
4303
4911
5656
6692
7025
6053
5066
5051
4995
3355
-1052
-6593
-10242
-11999
-13761
-14969
-13481
-8990
-2697
3435
7659
9870
11336
12199
11079
7644
3678
1253
114
-1234
-3131
-4576
-4944
-5055
-5957
-7609
-8833
-8682
-7419
-5811
-3924
-1039
2790
6430
8908
9981
9650
8325
6503
3910
283
-3474
-5711
-6171
-6033
-5938
-5230
-3378
-1043
545
853
726
1435
2957
4608
5497
5174
5083
5899
6196
5087
4070
3984
4333
3789
496
-4626
-8617
-10663
-12464
-13906
-13398
-10108
-4193
2345
6886
9016
10670
12135
11575
8315
4317
1643
63
-1367
-2805
-4032
-4875
-5220
-5676
-6910
-8366
-8711
-7712
-6044
-4023
-1322
2017
5040
7246
8491
8375
6964
5256
3645
1595
-928
-3042
-3883
-3895
-4178
-4522
-3925
-2597
-1507
-902
-322
745
2520
4636
6139
6088
5379
5245
5283
4574
3540
3061
3326
3289
937
-3196
-6879
-9412
-11432
-12517
-12217
-10282
-5627
604
5375
7753
9488
11078
11022
8550
4816
1880
240
-991
-2378
-3407
-3802
-3921
-4336
-5500
-6972
-7974
-7765
-6407
-4420
-1945
1083
4298
6696
7715
7274
5841
4238
2718
1094
-530
-1589
-1870
-1678
-1889
-2619
-2858
-2478
-2329
-2487
-2067
-614
1717
4205
5426
5640
5973
6221
5573
4408
3461
2729
2434
1194
-1829
-4993
-6933
-8638
-10416
-10815
-9570
-6944
-2944
1391
4536
6710
8699
9821
9054
6708
4116
2004
310
-1374
-2806
-3469
-3492
-3596
-4293
-5286
-6130
-6544
-6424
-5503
-3662
-1116
1742
4365
6054
6398
5627
4247
2589
846
-525
-1087
-696
173
707
628
216
-301
-1149
-2366
-3398
-3335
-1727
1006
3323
4423
5377
6635
7111
5848
3944
2584
2037
1019
-1789
-4908
-6476
-6936
-7790
-8449
-7976
-6245
-3164
205
2404
3662
5495
7541
8039
6543
4553
3171
1888
-39
-2283
-3679
-3895
-3746
-4131
-4872
-5257
-5220
-5054
-4775
-4018
-2375
-1
2417
4177
4948
4610
3584
2308
740
-900
-1833
-1403
73
1583
2448
2934
3146
2622
960
-1273
-2818
-2871
-1641
-299
845
2616
4881
6387
6549
6038
5156
3883
1727
-1985
-5756
-7849
-8600
-9014
-8576
-6927
-4439
-1106
2159
4018
4640
5273
5939
5720
4473
3105
2182
1342
204
-1168
-2378
-3238
-3806
-4419
-5237
-5673
-5247
-4282
-3323
-2238
-583
1427
3105
3935
3986
3299
1915
228
-1268
-2470
-3260
-2910
-1260
673
2109
3375
4521
4772
3748
1920
237
-465
-298
-493
-912
-46
2065
3860
4536
4553
4461
4471
2765
-1490
-5705
-7743
-8693
-9503
-8921
-6617
-3135
1061
4680
6366
6736
7013
6774
5036
2327
360
-432
-942
-1763
-2261
-2166
-2125
-2574
-3593
-4735
-5584
-5608
-4849
-3585
-1907
389
3096
5050
5520
4787
3443
1549
-847
-3222
-4815
-5152
-4268
-2587
-630
1414
3394
5029
5763
5250
4149
3387
3164
2181
272
-610
116
1129
1589
2101
2904
3915
3837
980
-3321
-6231
-7669
-9336
-10369
-9286
-6278
-2014
2511
5747
7283
8420
9253
8328
5384
2133
-85
-1670
-3201
-4337
-4468
-3732
-2874
-2542
-3129
-4092
-4440
-4171
-3779
-3112
-1402
1327
4034
5642
5799
4843
3185
1084
-1412
-3931
-5534
-5479
-4050
-2254
-630
1203
3471
5095
5243
4654
4366
4572
4130
2648
1478
1367
1681
1611
1611
1893
2337
2307
242
-3090
-5736
-7323
-8768
-9588
-8787
-6609
-3240
512
3379
5133
6709
8104
8179
6739
4771
3058
1199
-1130
-3230
-4397
-4867
-5042
-4960
-4706
-4275
-3654
-3139
-2780
-2040
-631
1074
2556
3645
4223
4193
3380
1733
-267
-2022
-3252
-3817
-3579
-2771
-1626
-42
1766
3160
3815
4059
4475
5118
4864
3335
2094
1917
2006
1762
1762
2151
2750
2941
1179
-2191
-5332
-7308
-8921
-10161
-9859
-7670
-3929
209
3434
5269
6480
7459
7337
5779
3720
2274
1384
350
-1097
-2468
-3178
-3636
-4412
-5347
-6010
-5941
-4982
-3665
-2353
-652
1649
3826
5007
4947
4031
2747
1278
-425
-2122
-3416
-3755
-2994
-1752
-710
91
1120
2298
3090
3425
3873
4244
3995
3504
3109
2570
1942
1806
2244
2776
3241
2465
153
-2302
-4358
-6610
-8916
-9869
-9039
-6616
-3273
-83
2636
5029
6759
7129
6142
4441
2865
1685
384
-1087
-1781
-1675
-1838
-2719
-3792
-4445
-4708
-5001
-5373
-4948
-3157
-656
1689
3555
4745
5236
4950
3617
1433
-755
-2267
-2965
-2963
-2522
-1783
-692
492
1377
1863
2223
2971
3580
3455
3117
3067
3222
3161
2840
2258
2369
3021
2109
-261
-2200
-3411
-4912
-6359
-7102
-7044
-5534
-2917
-719
729
2308
4210
5409
5189
4190
3405
2719
1429
-176
-1400
-2266
-3056
-3699
-4036
-4222
-4269
-4051
-3575
-2775
-1804
-786
278
1438
2436
2927
2830
2301
1742
1189
296
-760
-1267
-1080
-831
-762
-543
116
1024
1738
2462
2768
2621
2670
2985
3091
2729
2581
2412
2498
2479
915
-1560
-3306
-4078
-5026
-5948
-6008
-4977
-2839
-564
971
2067
3134
4091
4420
3736
2550
1768
1492
701
-521
-1350
-1860
-2352
-3076
-3913
-4635
-4738
-4201
-3418
-2267
-867
668
2178
3102
3038
2372
1555
526
-470
-1124
-1421
-1226
-414
556
1109
1292
1362
1493
1654
1781
1773
1606
1818
2322
2648
2667
2648
2638
2452
2222
1041
-1280
-3370
-4577
-5523
-6414
-6428
-5316
-3206
-552
1566
2890
4052
5082
5324
4480
3033
1791
1093
285
-1056
-2176
-2463
-2370
-2692
-3494
-4172
-4211
-3871
-3627
-3264
-2262
-492
1531
3051
3674
3696
3373
2462
878
-930
-2307
-2810
-2454
-1617
-675
448
1725
2945
3513
3556
3131
2290
1769
1468
1410
1407
1887
2567
2940
3042
1846
-506
-2970
-4764
-6275
-7550
-7599
-6378
-4056
-1249
1154
2966
4460
5639
5940
5295
4162
2998
2014
854
-586
-1717
-2284
-2572
-2894
-3332
-3792
-4087
-3983
-3781
-3593
-3003
-1669
183
1834
2906
3321
3359
3053
2115
612
-929
-1742
-1777
-1529
-1177
-520
636
1951
3001
3595
3416
2841
2382
1955
1405
799
789
1400
2233
2567
1581
-202
-1918
-3497
-5384
-7120
-7548
-6490
-4463
-1995
285
2270
4005
5268
5486
4622
3571
2727
1883
720
-441
-972
-1108
-1385
-1877
-2302
-2605
-2907
-3091
-3233
-3217
-2638
-1512
-266
731
1478
2070
2281
1813
761
-323
-1043
-1351
-1198
-691
115
1284
2556
3543
4020
3622
2696
1951
1301
515
-8
204
977
1974
2809
2519
1086
-603
-2178
-3812
-5575
-6573
-6256
-4858
-3116
-1476
97
1473
2660
3342
3173
2660
2464
2320
1598
458
-383
-747
-1030
-1518
-1981
-2026
-1709
-1262
-1075
-1166
-1072
-726
-310
-84
28
221
574
884
737
173
-535
-1012
-1144
-1118
-962
-328
1032
2809
4330
4701
4148
3541
2920
1916
348
-839
-867
126
1271
1552
1110
397
-318
-1393
-3152
-4803
-5560
-5035
-3677
-2367
-1114
429
2131
3063
2804
1897
1042
540
-100
-994
-1537
-1304
-616
-227
-466
-1029
-1239
-1115
-1226
-1522
-1411
-623
552
1475
1716
1600
1555
1378
755
-136
-914
-1150
-830
-495
-408
-146
706
1883
2574
2408
1987
2119
2449
2259
1628
1225
1311
1643
1708
859
-504
-1584
-2093
-2664
-3462
-3869
-3275
-1982
-896
-347
-6
408
739
674
152
-184
90
527
433
-178
-741
-1083
-1435
-2195
-3004
-3104
-2383
-1282
-378
330
1024
1821
2315
2009
1225
613
478
506
339
208
516
1164
1640
1548
1176
1008
1225
1297
646
-69
-102
520
1034
1128
1215
1497
1977
2098
1274
-162
-1227
-1813
-2415
-2999
-3217
-2865
-2026
-1165
-640
-80
594
1093
1251
1056
632
205
-139
-711
-1404
-1812
-1781
-1486
-1459
-1633
-1647
-1474
-1413
-1599
-1650
-1308
-502
471
1181
1666
2155
2586
2617
2064
1248
712
645
688
596
911
1821
2877
3505
3290
2458
1441
563
-251
-1133
-1609
-1344
-368
810
1371
950
-106
-1106
-2064
-3267
-4166
-4010
-2961
-1579
-161
1069
1897
2153
1879
1107
163
-493
-763
-799
-903
-921
-725
-734
-1224
-2018
-2670
-2965
-2872
-2447
-1795
-793
429
1423
1823
1587
1016
364
-186
-536
-524
74
1138
2409
3548
4230
4434
4297
3660
2398
1076
287
151
335
701
1171
1777
2214
2051
1214
-436
-2414
-4738
-6879
-7038
-5211
-3405
-2071
126
2521
3850
4068
2886
854
-689
-1287
-1599
-2024
-2050
-1043
478
1044
425
-182
-478
-1260
-2573
-3643
-3823
-2948
-1496
-326
511
1583
2617
2857
1897
317
-699
-921
-1067
-1170
-632
571
2032
3324
3984
3832
3271
2830
2485
1836
962
624
1119
1711
1787
1337
601
-29
-522
-1315
-2450
-2911
-2468
-2001
-1899
-1973
-1739
-1279
-972
-1066
-1314
-1264
-844
-304
-168
-425
-432
-21
310
173
-233
-363
-61
186
6
-386
-606
-634
-615
-802
-1234
-1393
-1022
-485
-209
-121
164
802
1472
1740
1778
1944
2325
2525
2097
1280
745
749
898
980
1122
1415
2018
2660
2645
1841
697
-263
-970
-1688
-2479
-2744
-2109
-1140
-486
-153
2
-114
-516
-1191
-2022
-2689
-2837
-2517
-1963
-1365
-797
-224
188
188
-213
-752
-1102
-1153
-897
-494
-56
597
1308
1691
1574
1061
398
-231
-696
-930
-843
-360
427
1418
2336
2616
2252
1780
1580
1499
1209
922
999
1544
2143
2238
1758
1136
658
39
-863
-1635
-1867
-1594
-1156
-818
-396
176
663
734
220
-516
-1065
-1427
-1794
-2121
-2164
-1784
-1277
-1127
-1322
-1598
-1797
-1912
-2014
-1990
-1621
-907
-86
558
996
1285
1404
1328
1035
595
252
234
452
705
1031
1539
2090
2253
1916
1462
1149
833
415
99
78
467
1134
1662
1883
1891
1814
1461
629
-450
-1293
-1709
-1898
-1917
-1593
-905
-70
564
750
617
317
-156
-892
-1722
-2321
-2563
-2481
-2310
-2022
-1467
-844
-445
-306
-338
-545
-837
-1099
-1245
-1214
-960
-424
248
800
1094
1190
1149
973
802
893
1264
1537
1544
1640
1892
2041
1943
1697
1438
1205
1062
955
737
492
382
453
467
186
-180
-373
-521
-895
-1197
-1067
-654
-169
170
295
364
294
-150
-904
-1688
-2216
-2342
-2238
-2131
-1913
-1486
-1044
-792
-810
-1039
-1146
-921
-590
-398
-183
291
814
1004
753
354
146
137
268
594
998
1266
1481
1682
1611
1290
997
881
968
1147
1370
1664
1926
1961
1705
1209
544
-83
-577
-990
-1295
-1261
-812
-218
186
303
281
178
-93
-532
-933
-1132
-1073
-820
-581
-549
-763
-1113
-1541
-2079
-2675
-3058
-2937
-2344
-1590
-851
-100
649
1161
1207
816
363
194
296
535
945
1539
2093
2316
2086
1582
1015
458
-40
-368
-341
140
791
1264
1532
1707
1710
1374
734
63
-423
-674
-718
-547
-210
161
426
427
137
-320
-700
-899
-969
-901
-625
-206
51
0
-280
-751
-1331
-1875
-2288
-2457
-2290
-1860
-1337
-896
-568
-311
-222
-379
-660
-749
-504
-16
611
1319
2016
2447
2441
2109
1635
1165
784
547
565
907
1365
1627
1576
1298
912
457
-157
-788
-1027
-810
-444
-143
186
620
897
718
192
-287
-568
-781
-916
-820
-480
-80
235
339
113
-347
-843
-1314
-1745
-2021
-1971
-1556
-1037
-700
-537
-455
-496
-669
-934
-1158
-1170
-923
-488
17
476
884
1252
1427
1315
1090
1003
1106
1323
1533
1690
1836
1919
1774
1339
769
336
145
133
183
272
404
436
259
-74
-447
-792
-1034
-1089
-897
-511
-91
228
405
376
104
-349
-829
-1183
-1374
-1404
-1264
-976
-633
-352
-233
-333
-592
-855
-1027
-1102
-1102
-975
-681
-342
-107
0
0
-63
-120
-97
8
168
443
881
1410
1800
1885
1771
1601
1327
910
475
240
322
617
925
1144
1279
1275
1037
554
-46
-589
-915
-979
-866
-659
-373
-4
339
405
93
-364
-678
-849
-1085
-1319
-1275
-955
-636
-565
-696
-771
-705
-648
-644
-558
-300
55
265
128
-236
-534
-718
-874
-960
-799
-299
335
786
953
1004
1047
1005
822
584
492
700
1075
1326
1366
1323
1300
1173
826
364
21
-60
31
143
254
367
435
401
200
-150
-493
-705
-782
-764
-689
-558
-358
-178
-161
-391
-779
-1137
-1394
-1602
-1726
-1613
-1194
-627
-156
159
355
410
291
33
-282
-499
-525
-411
-246
-106
50
249
368
297
201
268
480
699
870
1044
1261
1409
1368
1195
976
789
650
553
527
594
711
781
715
515
235
-53
-308
-502
-605
-592
-428
-186
-20
-25
-183
-413
-709
-1077
-1378
-1434
-1251
-954
-667
-408
-224
-237
-496
-847
-1080
-1134
-1006
-717
-295
206
618
750
610
315
-30
-350
-562
-557
-296
93
443
714
914
998
934
768
631
604
665
772
899
1029
1117
1075
893
652
457
342
279
246
272
364
421
326
82
-207
-465
-710
-957
-1120
-1125
-1013
-864
-688
-484
-332
-282
-296
-349
-494
-718
-895
-929
-872
-782
-606
-298
40
257
308
216
36
-172
-357
-494
-522
-369
-56
267
505
671
795
846
790
683
577
504
513
604
697
744
802
899
936
839
704
621
561
436
258
87
-78
-222
-312
-356
-374
-339
-244
-172
-229
-406
-624
-858
-1105
-1293
-1329
-1202
-944
-602
-253
4
126
154
132
17
-179
-346
-368
-231
-38
107
198
243
225
110
-101
-302
-369
-276
-102
69
240
458
669
755
662
495
408
431
475
478
496
626
826
923
828
639
508
419
236
-37
-198
-134
15
33
-83
-188
-243
-366
-611
-849
-933
-858
-742
-658
-598
-533
-493
-523
-622
-712
-690
-517
-264
-50
84
183
262
252
96
-109
-213
-163
-24
134
312
534
726
764
592
288
3
-214
-400
-542
-511
-239
177
549
803
980
1106
1123
973
718
478
329
246
165
96
111
231
363
401
348
288
209
6
-350
-731
-987
-1116
-1184
-1167
-990
-686
-383
-160
-11
44
-27
-202
-416
-619
-766
-782
-627
-384
-141
103
326
455
410
276
165
79
1
5
152
375
538
591
579
485
259
-54
-310
-411
-368
-242
-55
218
516
719
757
664
551
472
387
320
335
465
634
711
655
508
298
-1
-374
-739
-989
-1100
-1101
-1031
-867
-651
-462
-351
-313
-300
-304
-324
-335
-317
-261
-181
-86
-2
48
73
92
100
82
50
28
27
21
28
77
158
264
371
442
445
375
270
157
14
-112
-129
-19
127
229
308
387
397
285
125
45
83
199
379
608
839
980
979
817
494
53
-403
-792
-1075
-1234
-1242
-1097
-852
-609
-437
-354
-315
-292
-304
-347
-355
-263
-121
1
74
138
181
184
164
146
134
122
157
205
197
121
56
28
-11
-70
-73
38
207
369
505
588
600
526
376
170
-43
-197
-256
-218
-102
85
296
475
586
613
529
361
183
47
-31
-80
-92
-53
-32
-99
-281
-535
-805
-1032
-1214
-1309
-1255
-1032
-682
-318
-12
234
401
431
347
196
56
-23
-42
24
160
335
506
620
620
503
302
63
-171
-353
-432
-372
-185
74
350
602
782
845
755
552
311
108
-38
-126
-122
-9
173
329
411
419
355
204
-13
-227
-377
-457
-470
-423
-361
-328
-337
-380
-454
-577
-697
-739
-709
-668
-619
-532
-402
-297
-242
-166
-35
125
285
440
571
659
681
653
562
411
261
165
113
78
79
135
209
232
198
139
73
0
-46
-30
41
161
318
474
575
572
479
320
122
-99
-299
-429
-462
-395
-261
-126
-25
44
27
-83
-275
-487
-651
-752
-782
-725
-593
-406
-201
-32
51
49
-9
-98
-203
-290
-302
-219
-64
126
348
566
717
791
781
708
568
402
266
183
146
146
197
272
327
318
253
143
4
-137
-237
-265
-236
-152
-30
105
186
181
101
-29
-188
-355
-477
-522
-478
-369
-239
-117
-46
-40
-110
-244
-402
-528
-585
-571
-480
-335
-163
-10
88
127
112
47
-31
-66
-49
32
164
320
472
567
591
564
499
403
311
263
273
331
389
445
480
460
367
217
57
-75
-166
-206
-182
-105
-12
54
61
9
-98
-236
-385
-506
-572
-558
-477
-373
-273
-189
-142
-155
-225
-314
-374
-391
-374
-303
-182
-60
28
58
40
-16
-105
-195
-235
-221
-156
-41
104
242
346
401
424
415
398
400
434
492
546
593
608
579
479
341
204
95
29
7
46
124
192
208
164
61
-90
-270
-430
-517
-519
-454
-328
-168
-38
6
-43
-156
-307
-466
-595
-624
-551
-392
-206
-22
120
173
127
3
-146
-277
-346
-329
-227
-89
52
180
239
213
123
-1
-93
-122
-72
80
303
533
714
817
829
732
540
326
165
79
61
111
228
360
438
427
323
160
-40
-259
-444
-545
-547
-472
-349
-216
-127
-94
-115
-183
-291
-412
-506
-545
-529
-464
-373
-261
-147
-74
-53
-54
-58
-72
-104
-143
-155
-117
-77
-53
-19
48
136
196
211
220
237
227
189
164
185
237
283
342
426
515
567
549
479
379
277
167
78
39
44
96
158
180
176
142
68
-56
-202
-327
-403
-415
-395
-339
-258
-181
-144
-160
-217
-311
-424
-514
-553
-540
-468
-365
-238
-101
-4
43
48
18
-39
-97
-144
-156
-111
-33
65
174
278
347
390
395
365
332
308
277
236
203
207
245
291
322
348
381
398
365
281
191
98
-9
-118
-181
-183
-150
-113
-96
-72
-57
-99
-191
-307
-406
-459
-472
-451
-393
-292
-195
-136
-112
-121
-156
-213
-268
-303
-270
-187
-100
-3
105
193
228
211
164
104
48
21
26
74
173
310
433
508
519
468
393
297
180
91
81
136
217
301
371
396
343
210
28
-142
-263
-330
-337
-287
-197
-101
-48
-74
-171
-299
-425
-527
-568
-528
-411
-251
-105
7
64
43
-53
-185
-281
-294
-252
-170
-56
81
222
314
304
210
101
13
-43
-66
-26
86
229
369
465
481
437
327
169
47
-24
-33
31
130
243
333
363
302
185
33
-132
-256
-311
-323
-273
-152
-49
-12
-36
-100
-196
-317
-450
-531
-513
-432
-346
-223
-64
57
86
68
29
-15
-63
-105
-92
-45
19
98
186
237
241
202
130
61
0
-48
-40
31
104
179
274
360
399
400
366
294
206
130
68
33
28
50
87
129
143
130
76
1
-56
-135
-243
-340
-362
-319
-267
-231
-196
-143
-108
-127
-168
-234
-291
-329
-351
-345
-282
-178
-91
-31
25
95
149
159
142
150
192
219
208
197
222
248
217
139
74
38
21
-32
-103
-116
-58
10
65
129
212
327
402
406
364
308
249
157
38
-52
-69
-115
-164
-147
-114
-158
-234
-228
-214
-251
-304
-333
-322
-246
-205
-237
-195
-74
13
25
32
74
88
33
-61
-136
-165
-135
-62
18
83
145
216
284
261
146
20
-26
-45
-74
-79
-55
28
136
145
64
20
20
-4
-67
-68
29
214
386
434
425
463
453
278
39
-133
-237
-272
-219
-189
-184
-115
-34
-75
-212
-329
-389
-425
-447
-418
-306
-138
21
130
166
162
118
71
35
2
-25
4
90
159
180
155
104
52
-13
-109
-200
-223
-143
-25
60
116
156
179
198
174
69
-50
-69
13
32
-15
9
160
339
412
379
367
389
325
149
-77
-240
-266
-201
-181
-170
-94
-5
31
-22
-166
-292
-309
-298
-357
-361
-212
-36
87
141
90
20
24
1
-89
-134
-80
17
109
148
93
44
38
-22
-141
-222
-205
-117
13
125
191
261
343
341
224
90
-4
-47
-57
-56
5
139
291
397
431
357
225
110
-19
-181
-289
-289
-223
-154
-109
-84
-80
-91
-162
-251
-279
-252
-228
-198
-151
-99
-49
-42
-87
-129
-127
-135
-115
-51
27
70
96
111
85
31
-42
-84
-67
-18
24
75
179
249
261
244
204
156
111
36
-41
-27
31
88
112
118
159
206
189
104
29
-5
-21
-65
-107
-103
-55
10
28
18
1
-28
-96
-171
-214
-244
-267
-236
-147
-74
-21
29
73
89
58
-12
-84
-112
-100
-91
-75
-27
32
76
83
28
-49
-88
-91
-101
-98
-31
92
224
294
307
295
280
233
147
46
-28
-33
-11
10
18
18
33
21
-39
-93
-142
-188
-183
-120
-65
-10
73
163
201
191
133
34
-68
-154
-204
-231
-175
-43
89
155
174
194
153
40
-88
-159
-182
-147
-53
45
125
178
168
93
-22
-167
-323
-396
-366
-292
-204
-76
89
214
266
246
181
105
29
-35
-70
-19
98
206
268
281
237
152
24
-151
-315
-399
-395
-337
-204
-36
102
191
246
241
162
37
-96
-172
-184
-155
-99
-15
75
148
167
103
20
-31
-54
-79
-98
-90
-42
27
65
49
22
12
-5
-55
-112
-140
-143
-131
-133
-133
-72
8
59
100
125
136
166
207
215
194
194
194
169
123
79
51
6
-66
-108
-102
-96
-108
-127
-131
-78
-19
-32
-60
-17
58
98
82
50
81
141
129
43
-17
1
11
-45
-111
-121
-79
-45
-66
-95
-91
-75
-79
-112
-143
-165
-156
-125
-94
-72
-49
-18
12
26
26
25
41
74
109
141
173
224
248
253
233
207
194
162
110
73
50
29
22
21
10
-8
-11
3
-2
-47
-76
-83
-93
-97
-86
-75
-55
-10
20
16
-4
-24
-70
-113
-126
-147
-161
-155
-155
-166
-154
-147
-157
-142
-108
-99
-96
-65
-40
-45
-58
-65
-67
-60
-47
-23
14
67
123
178
215
222
238
257
252
232
214
200
189
174
133
81
73
85
43
-15
-20
14
17
-14
-45
-63
-66
-79
-96
-104
-94
-67
-41
-38
-72
-75
-56
-73
-113
-145
-147
-140
-143
-140
-135
-118
-82
-61
-62
-68
-84
-97
-98
-113
-146
-162
-113
-31
6
17
59
124
163
158
132
142
192
228
246
254
291
339
330
276
229
209
182
133
68
24
9
7
-4
-38
-76
-88
-66
-79
-120
-140
-123
-81
-83
-110
-119
-99
-76
-83
-109
-132
-118
-107
-114
-138
-137
-117
-83
-56
-63
-67
-68
-62
-82
-91
-77
-61
-40
-3
38
78
121
141
137
128
129
120
107
105
111
135
157
170
187
190
165
132
86
43
24
5
-32
-67
-79
-75
-77
-97
-128
-123
-98
-96
-113
-101
-73
-60
-61
-80
-85
-64
-53
-72
-89
-89
-80
-59
-56
-51
-18
21
38
36
39
47
50
37
21
26
27
16
23
43
64
72
77
92
97
97
74
45
44
73
86
74
66
69
77
63
25
-22
-42
-43
-55
-74
-82
-87
-88
-77
-75
-87
-103
-120
-120
-112
-116
-128
-115
-84
-71
-73
-56
8
46
24
-1
5
18
25
23
25
52
78
98
121
130
116
105
108
115
114
104
94
88
84
74
56
42
36
37
34
31
29
24
27
12
-24
-54
-44
-13
-7
-31
-45
-28
-11
-35
-71
-84
-83
-88
-104
-127
-127
-105
-93
-114
-136
-116
-77
-62
-65
-61
-36
-7
2
-6
-12
-1
25
44
39
47
74
101
108
103
93
108
123
119
102
102
117
114
90
70
69
60
50
35
12
5
10
-6
-35
-53
-62
-71
-80
-83
-85
-85
-97
-96
-88
-101
-123
-123
-107
-96
-89
-93
-83
-59
-38
-41
-46
-29
-4
12
13
4
12
33
37
34
38
39
41
47
55
68
84
91
91
103
114
102
81
75
79
86
79
57
26
16
26
17
-3
-10
2
20
15
-6
-21
-26
-22
-24
-37
-40
-48
-61
-65
-65
-69
-70
-67
-65
-48
-41
-44
-38
-36
-31
-23
-15
-4
7
3
-7
8
35
30
18
33
45
54
62
44
34
34
37
25
38
52
50
61
61
50
49
47
35
26
29
33
24
13
5
-15
-28
-33
-40
-44
-34
-34
-54
-52
-44
-56
-84
-85
-72
-67
-54
-57
-74
-74
-50
-45
-35
-26
-24
-15
0
0
5
20
34
45
32
22
35
46
37
24
18
32
34
19
12
18
19
12
1
6
30
47
39
23
21
34
33
11
-10
-4
11
16
-2
-13
4
4
-14
-21
-6
13
29
18
-11
-21
-20
-22
-30
-44
-43
-34
-38
-51
-65
-73
-62
-53
-59
-70
-75
-45
-15
-11
-19
-13
2
17
24
17
7
16
45
59
50
38
43
59
66
52
43
53
59
61
63
60
61
56
36
15
4
8
12
-1
-19
-19
-13
-25
-44
-46
-41
-33
-22
-10
-13
-29
-33
-32
-35
-52
-67
-72
-50
-42
-45
-44
-33
-22
0
17
14
30
59
70
55
47
52
68
71
60
55
64
68
60
55
54
49
29
24
40
42
33
30
43
50
33
5
-8
-5
-5
-10
-19
-18
-9
-16
-24
-34
-36
-28
-28
-37
-48
-46
-44
-46
-50
-75
-97
-95
-86
-82
-94
-97
-81
-70
-71
-75
-74
-67
-53
-42
-22
-8
-3
8
14
16
26
36
42
56
58
47
54
55
57
56
69
80
91
96
96
92
75
62
53
49
50
38
20
7
-3
-7
-20
-26
-28
-14
-8
-13
-12
-7
-17
-34
-37
-46
-51
-50
-49
-58
-65
-55
-47
-41
-31
-29
-27
5
28
32
15
-3
3
14
10
-13
-21
-14
-5
4
9
7
8
18
21
25
28
23
18
14
14
14
31
34
22
17
21
34
47
40
22
25
40
33
12
8
16
24
23
18
14
19
12
-1
-16
-11
1
-3
-13
-28
-34
-28
-21
-21
-25
-16
-6
-6
-11
-18
-26
-17
-7
-9
-32
-32
-18
-9
-13
-23
-19
8
21
14
-2
-10
-5
-3
2
-18
-35
-32
-20
-20
-39
-42
-33
-26
-27
-32
-30
-27
-25
-37
-36
-28
-24
-16
-4
3
0
-1
0
10
15
18
24
32
44
45
33
34
33
31
35
28
7
9
23
33
27
24
22
29
29
13
5
9
19
8
-8
-14
-9
-13
-22
-21
-15
-8
-4
-6
-13
-18
-11
-2
-5
-12
-9
0
-1
-13
-11
2
6
4
2
-5
4
14
21
21
19
25
25
21
9
8
25
32
19
7
7
15
26
21
1
-7
-2
-6
-10
-8
5
19
16
-3
-2
24
15
-1
-6
-6
-13
-18
-26
-20
10
19
11
6
21
34
36
15
4
13
23
12
-2
-9
-9
-16
-23
-12
-11
-8
-3
0
5
-4
-10
-13
-12
-16
-20
-5
6
-3
-12
-12
-8
-11
-10
-11
6
18
10
3
1
6
7
11
0
-8
-6
-14
-22
-18
-19
-35
-50
-55
-48
-31
-28
-34
-27
-11
-8
-20
-22
-24
-20
-18
-18
-21
-31
-34
-16
-5
-7
1
26
45
35
14
9
19
34
24
6
9
31
29
8
4
9
16
21
14
-2
4
11
10
2
-6
5
16
6
-4
5
23
31
23
10
16
22
18
7
-1
0
5
0
-11
-12
-10
-8
-8
-13
-18
-18
-17
-20
-27
-38
-44
-31
-32
-34
-34
-22
-4
-7
-16
-21
-20
-11
-6
-4
-4
-4
7
28
29
18
16
29
38
24
8
12
24
31
29
32
38
50
52
34
20
18
21
17
6
2
4
6
12
22
20
15
14
15
24
13
0
3
18
25
17
-1
-4
0
-1
-6
-21
-16
-2
-3
-10
-11
-2
-3
-7
-8
-15
-23
-21
-13
-17
-31
-34
-25
-13
-4
-7
-11
-18
-23
-19
-20
-26
-31
-24
-12
-4
1
22
19
8
1
-2
-1
-1
-4
-14
-2
21
34
32
34
29
27
24
12
3
1
-3
-13
-6
4
8
-3
-9
-2
-7
-20
-21
-18
-14
-3
-16
-20
-20
-17
-22
-25
-20
-25
-20
-3
-13
-19
-7
2
4
-2
1
10
17
13
2
1
3
11
19
10
9
14
22
14
7
-1
-10
1
5
10
7
5
17
38
38
25
16
12
10
7
2
-7
0
9
23
20
10
12
10
-1
-11
-10
-11
-8
-9
-8
-14
-20
-27
-28
-29
-35
-42
-41
-26
-20
-29
-25
-15
-14
-2
10
13
12
11
20
19
14
6
18
35
26
19
29
40
35
27
17
23
34
37
20
12
19
19
14
0
-11
-19
-17
-10
-11
-4
-3
-8
-12
-7
-8
-7
-10
-15
-19
-22
-24
-20
-12
-29
-30
-24
-11
-8
-20
-21
-18
-9
-2
-2
-16
-17
-4
8
-2
-14
-20
-11
-4
-13
-21
-15
4
14
16
8
10
19
28
20
6
14
26
21
10
3
8
9
4
0
-11
-7
12
33
14
-7
-5
6
6
-7
-25
-16
6
-7
-24
-17
7
20
12
-4
-2
12
12
-3
-7
-6
-5
-8
-5
-6
-7
-4
7
22
4
-11
-11
-3
-13
-16
-16
-8
6
-3
0
8
11
6
11
15
8
-2
-4
8
15
19