0
0
-1
0
1
-1
0
0
0
0
0
0
0
0
0
0
0
0
0
1
-1
0
0
0
0
0
0
0
-1
0
-1
0
0
0
0
0
-1
0
1
0
0
0
1
0
0
0
0
0
0
0
0
0
0
1
0
0
0
1
0
1
0
-1
-1
-1
0
0
0
0
0
0
1
-1
0
0
1
0
0
1
0
0
0
1
0
-1
0
0
0
0
-1
0
0
0
0
0
0
0
0
0
0
0
0
0
0
0
0
0
0
1
1
1
1
0
0
0
1
1
0
-1
1
0
-1
0
0
-1
0
1
0
0
0
0
0
0
0
1
0
0
0
0
0
0
0
-1
0
0
0
0
0
0
-1
0
0
0
0
0
1
-1
0
0
-1
-1
0
0
0
0
0
1
0
-1
0
-1
-1
-1
0
0
1
0
-1
-1
-1
0
0
0
0
0
0
1
0
-1
1
0
-1
0
1
0
0
0
0
-1
-1
0
0
0
0
0
-1
-1
1
0
1
1
0
0
1
0
1
-1
0
0
0
1
1
0
-1
0
0
0
0
0
-1
1
0
0
0
0
0
0
0
0
-1
-1
-1
0
-1
0
-1
0
0
0
1
1
-1
0
1
0
1
0
-1
1
0
0
1
0
-1
1
0
0
0
-1
0
0
-1
-2
0
-1
0
0
-1
0
0
-1
-1
0
0
0
-1
-1
0
1
1
0
0
1
2
1
1
0
-1
0
2
1
0
1
1
2
1
0
0
1
0
0
-1
-1
-1
-1
-2
-2
-1
-2
-2
-2
-3
-2
-1
-1
-2
-2
-1
1
0
0
2
2
5
5
3
1
2
1
2
3
-1
-2
0
0
0
0
-2
-2
-1
-3
-3
-5
-3
-4
-5
-6
-3
-1
0
2
2
3
4
2
2
5
4
7
5
1
3
4
3
4
1
-2
1
1
-1
-2
-5
-4
-2
-3
-3
-2
-5
-2
-3
-4
-3
0
2
2
1
1
3
4
5
3
1
2
1
0
0
-2
-2
0
0
-5
-6
-5
-2
-2
-4
-6
-4
0
0
-1
-6
-3
1
1
2
2
3
7
7
7
6
7
7
9
10
9
7
6
5
2
-1
-3
-2
-2
-2
-4
-7
-7
-5
-7
-6
-5
-6
-8
-7
-8
-7
-6
-2
-2
-3
-4
-3
-1
0
1
-1
1
3
2
6
5
4
6
5
2
4
7
4
3
3
1
2
1
-1
-4
-2
-4
-5
-3
-2
-3
0
3
-2
1
4
2
1
1
-4
3
8
5
9
8
2
7
8
-3
0
-1
-11
-7
0
-7
-5
-10
-26
-20
-8
-19
-19
-16
-28
-16
-12
-29
-17
-1
-12
-6
-5
-25
-5
15
-9
-20
-14
-22
7
17
-12
-5
17
13
19
23
5
20
32
1
2
28
21
27
17
-22
-2
19
-22
-32
-21
-40
-23
-7
-31
-24
2
2
12
18
18
67
91
41
33
51
17
8
16
-32
-47
-29
-18
0
-3
-33
1
37
-2
3
14
-15
30
74
47
65
91
67
85
115
112
113
106
66
78
102
72
62
19
-71
-93
-46
-51
-62
-76
-91
-36
-25
-82
-93
-67
-114
-146
-136
-131
-91
-47
-57
-50
-42
-104
-120
-92
-88
-59
-68
-164
-182
-93
-44
-33
-85
-190
-133
-24
1
11
10
-29
16
108
77
26
9
5
27
10
-5
99
213
187
124
142
188
246
285
201
134
110
81
112
128
85
82
126
77
33
70
89
88
-17
-145
-160
-81
-9
45
6
-121
-52
109
112
39
28
-40
-68
-42
-66
-73
-70
-87
-67
-62
-117
-83
-32
-75
-106
-116
-146
-136
-129
-180
-115
4
1
-19
24
20
-20
-89
-193
-204
-139
-55
112
190
101
130
262
186
49
32
0
5
3
-27
45
128
72
127
201
103
177
310
270
219
226
144
83
79
73
161
211
110
55
15
-27
18
12
-297
-606
-593
-474
-385
-704
-1443
-2395
-3255
-2638
-122
1022
-980
-2748
-2387
-654
2151
3823
1884
-736
36
2948
4927
4794
3100
1366
1611
3925
5268
3103
-721
-2480
-891
1866
1614
-2104
-5012
-4303
-1954
-284
-1100
-4119
-5601
-3284
-464
-352
-1527
-1909
-1441
332
2652
2715
887
751
2051
2787
2967
2420
710
-1806
-2629
-130
2352
-265
-4041
-5033
-4243
-2390
-48
-1517
-5322
-5594
-2035
1332
2335
1366
-587
-555
3068
7246
7313
4353
2641
4096
7939
9539
4272
-2506
-830
5180
5460
612
-4375
-8112
-6153
1284
2458
-5813
-11280
-8014
-3429
-524
15
-4146
-8456
-3884
4108
5249
1583
-686
-501
2878
7755
7297
2045
51
3401
5891
4658
2041
-215
-846
840
1507
-1656
-4374
-3511
-2392
-2675
-3456
-4867
-5625
-3523
-2010
-5303
-8445
-5355
488
1534
-983
-3590
-3703
409
6615
7010
978
-2541
1455
6999
8543
6474
2059
-571
3422
9334
8200
2505
-847
357
4709
7772
3365
-6402
-10038
-2639
5436
2135
-7245
-12073
-9916
-3098
3447
483
-9021
-11013
-3692
2531
3726
1774
-2164
-3320
2172
8954
8507
2733
161
2661
5777
7512
6154
1190
-1230
2069
4339
1526
-1526
-2923
-3240
-1838
-1288
-4548
-7074
-4929
-2717
-3333
-5090
-5600
-5496
-6107
-5639
-1910
66
-2606
-3477
-1687
-51
3032
5929
3271
-356
751
4478
6926
7127
4563
814
326
4974
9311
7100
1665
-733
929
5218
8414
5345
-3332
-9060
-6167
1928
4650
-1698
-9886
-11860
-7990
-1605
2790
-170
-8233
-10393
-3324
3354
5156
3696
-831
-4386
1622
10562
9871
3143
574
1886
4180
7228
6360
1012
-1156
2256
3390
335
-1704
-1949
-2408
-2195
-2805
-6057
-6975
-3573
-1752
-4377
-6057
-7177
-8867
-5565
1616
1193
-5314
-6953
-3746
719
5847
6238
-595
-4735
6
6871
8300
5758
1869
-1123
799
7379
9788
4972
14
-692
2132
6218
7721
4166
1409
1318
-2037
-6972
-3226
4380
2341
-5779
-10522
-12002
-7897
4446
8384
-5036
-15988
-8999
2876
8435
8283
630
-9471
-5531
10914
16586
6597
-2077
-2290
1043
7519
11440
4119
-5214
-3163
2970
2334
25
-1306
-4621
-5949
-2589
-2836
-6265
-5745
-3100
-4430
-8808
-9968
-4897
1455
1027
-3045
-6313
-6047
31
7852
6982
-583
-4352
-547
6218
9431
6167
104
-1676
2287
7330
7014
2618
-559
977
4536
5896
3452
445
1403
5635
8283
1909
-9674
-11169
2982
11223
1004
-12031
-13718
-8623
1085
10260
2948
-14621
-15411
567
7950
5678
2326
-5908
-11336
2556
17754
10646
-3251
-4254
244
4750
11821
9611
-3809
-7997
2641
7471
1495
-2696
-3647
-5811
-3508
344
-4348
-9273
-6621
-6049
-9073
-5533
-2163
-4658
-5484
-3232
-3314
-2661
1187
3072
1397
183
2147
3748
4093
4700
4625
3457
4711
6743
4612
2080
3373
5928
5472
4250
2305
1593
4406
8627
8649
1358
-9395
-11132
2352
11246
1861
-11777
-15192
-11763
-1889
9227
5216
-12315
-18353
-5329
6788
8078
3554
-4947
-12137
-2534
15666
16260
976
-5992
-1096
5040
11253
11846
1309
-6677
385
7844
3945
-1330
-2254
-4074
-4488
-1911
-3975
-8040
-6416
-4971
-9114
-10319
-6355
-3627
-3532
-4189
-5726
-5978
-1790
3315
3421
-314
-783
1217
3026
5280
5893
2517
1176
4208
5643
4441
3676
3020
2359
3599
4862
3283
1519
2780
5042
5034
4442
5512
3480
-4709
-8179
524
7254
811
-7888
-9798
-8649
-3380
5959
5457
-8123
-14683
-4951
4632
5251
3003
-2464
-9191
-3006
12276
13782
1460
-4873
-1067
4831
10545
10417
73
-7514
-494
8687
5544
-2151
-5007
-5516
-3450
552
-1930
-10100
-12728
-8576
-4556
-3544
-5501
-8525
-9070
-5459
-768
550
-1724
-3132
-1380
1415
3348
3808
2678
2123
3846
5774
5891
5374
4231
3051
4213
5856
4962
3828
3732
3022
3498
5023
4879
3964
5187
6164
76
-9304
-6878
6102
7481
-3967
-11088
-11296
-8183
3155
10401
-2291
-18066
-12897
2134
7384
5106
-363
-9479
-9568
6873
17666
7793
-4631
-3626
2582
7495
11658
7552
-3220
-4619
4379
6004
574
-1511
-2687
-5503
-5080
-4997
-8835
-8725
-4521
-4950
-10445
-12038
-8021
-2867
-1119
-2725
-6285
-7464
-2528
4692
5786
1074
-2019
-449
4848
9568
8473
2805
556
3583
7665
8873
5636
1628
2317
6094
6752
4379
2375
3555
6414
8246
5835
-2730
-10180
-3882
9157
7427
-5830
-12464
-10271
-5001
4591
8234
-4158
-17565
-11919
2439
7112
3715
-2021
-10296
-9708
6916
17827
7401
-5934
-4891
2509
9105
12433
6130
-4659
-3984
5156
6674
1355
-1360
-3065
-5803
-4491
-4550
-9895
-9876
-2658
-4150
-12408
-13134
-7304
-2564
-85
-2270
-9140
-9991
-434
7848
5287
-1301
-3444
-701
6354
12789
9694
-381
-2986
4455
10967
10091
5007
-72
-816
5140
9696
6090
598
1330
4827
7000
7271
2209
-7402
-8606
3232
9745
-15
-10618
-9725
-4743
543
6001
2129
-11154
-13733
-1069
7256
3732
-1467
-5960
-8888
-196
13675
12021
-2561
-7707
-417
7308
10601
7736
-1727
-6684
206
7941
5421
-1323
-4703
-5326
-4285
-3326
-5190
-7421
-6389
-6287
-8909
-9608
-6142
-2617
-2593
-5408
-7712
-6368
-1210
2929
1848
-2143
-3038
264
5562
8633
6214
572
-622
4730
9931
9089
4816
1850
2315
5874
8688
7180
4550
4782
6223
7637
6171
-1543
-7339
-888
7609
3456
-6979
-10692
-8265
-2883
4319
4264
-7962
-16389
-7772
4090
5080
24
-5539
-10781
-4972
10664
14723
2054
-6819
-2703
5265
11418
11221
1660
-6305
-1184
7537
6728
1099
-2743
-6400
-8042
-4452
-2434
-5493
-8081
-8735
-10683
-10300
-5012
-1479
-4510
-8508
-7798
-4575
-886
2216
1753
-2182
-2299
3003
7504
7354
4836
2781
2981
6046
8515
7398
4458
3958
5781
7027
5908
4286
4298
5970
7406
7320
5056
-1614
-7710
-3666
6893
6591
-4561
-11954
-10714
-5119
3619
7067
-3993
-17133
-12931
2021
7615
2445
-4920
-11219
-8698
6570
16327
6464
-6837
-6020
3255
10396
12519
5853
-5003
-5997
4425
9248
3733
-2566
-5240
-6483
-6025
-4499
-4323
-5554
-7777
-9711
-10695
-8129
-2742
-513
-5172
-9377
-7424
-1694
2668
3392
194
-3006
-1014
5340
9429
7073
2209
370
3597
7670
8374
5641
2838
2847
6391
8545
5724
2999
4461
7095
8301
7588
1165
-6988
-5509
5660
8777
-1614
-10834
-9903
-5343
936
6012
-143
-13570
-14319
-1887
5231
2324
-2803
-8415
-10130
734
13225
9084
-3824
-6291
903
7576
11066
7832
-1700
-5844
1827
8909
5611
-922
-3996
-5430
-5239
-3580
-4435
-6338
-6413
-7617
-10407
-9623
-4737
-1533
-3665
-7517
-8262
-5157
-2
3610
1686
-3226
-3436
1930
7317
8110
4321
-174
424
6137
10023
8168
3699
2219
4873
8325
8221
5685
4113
5259
7381
8727
5472
-2734
-6820
917
8792
3177
-7843
-11030
-7673
-1723
4973
2365
-10748
-16587
-6126
4484
3631
-2885
-8514
-10689
-2592
10538
11042
-1483
-7252
-666
7384
11175
9616
1242
-4823
539
8686
7559
1475
-2657
-4011
-3582
-3780
-5170
-5004
-4635
-7431
-10279
-10230
-6885
-2724
-2060
-6335
-9631
-7320
-1015
2834
1513
-2422
-4037
-863
5680
9069
5260
-366
-554
4815
9149
8834
4688
1236
2575
7796
9353
5519
2944
4425
6685
8322
7981
1517
-6050
-3649
6185
7434
-2052
-8989
-8273
-5065
517
5076
-1501
-13268
-12373
-1161
4269
1801
-3480
-9898
-9777
2524
12259
5909
-5509
-6289
1230
8728
11612
5898
-3721
-4485
4377
9070
4811
-1020
-3900
-4718
-3493
-1861
-3273
-6150
-7137
-7325
-8414
-7343
-4367
-3728
-5938
-7009
-6106
-4126
-1477
572
-38
-1997
-1877
1338
5236
6275
3901
1012
1718
5209
7624
6976
5145
3894
4132
6126
7727
7547
6010
4971
5525
8127
8278
1290
-5904
-1957
7168
5799
-3566
-8892
-8770
-4615
3482
4741
-6650
-15670
-9708
1238
4218
-338
-7345
-12137
-6518
7305
11283
608
-7596
-3901
4329
10639
10254
1607
-5205
-532
7891
8182
2209
-2187
-3459
-2212
16
-2153
-7578
-8259
-5006
-4979
-7442
-8414
-7796
-5997
-3793
-3649
-6167
-6798
-3103
923
1184
-673
-2145
-852
3675
7311
5624
1630
1097
4360
7671
8337
6210
3062
3604
7522
9252
6658
4777
5810
8100
9645
6820
-1822
-6420
1520
9496
3296
-8250
-10908
-6734
-1171
3711
868
-10414
-15203
-6240
2686
1746
-3612
-8408
-10547
-3386
8504
9016
-1748
-6540
-638
6573
10320
8428
476
-4185
2105
9212
6982
718
-1849
-1378
-81
679
-3129
-9218
-8744
-3115
-3688
-9195
-10659
-8348
-5804
-3232
-3614
-7850
-9066
-3478
2077
1440
-2098
-3302
-946
4331
8662
6801
1423
575
5211
9677
10021
6584
2780
3382
8177
10898
7858
4078
4841
7856
9912
6824
-2411
-7747
29
8070
2472
-8721
-12268
-8510
-1813
3797
232
-11629
-15759
-5772
3572
2399
-3358
-8418
-9770
-1359
10564
10066
-1221
-5842
383
8128
12044
8845
-465
-4669
2851
9491
6053
-175
-2478
-2792
-1751
291
-2975
-10085
-10882
-5535
-4944
-8714
-10008
-9144
-7316
-3865
-2834
-6313
-7772
-2862
2251
2140
-520
-1521
127
4643
8887
7641
3036
1811
5237
9155
9909
6588
2686
3397
7293
9136
6965
4704
4916
6602
8127
5208
-3127
-6715
1437
7056
-8
-9191
-10766
-7449
-1139
4166
-860
-12629
-14071
-2930
4485
1571
-3845
-8037
-8702
-83
10739
8537
-2605
-5216
1595
7956
10602
7365
-1479
-4318
3604
8808
4378
-838
-2325
-2493
-1405
74
-2615
-9227
-11226
-6510
-4114
-7433
-9241
-8676
-7724
-4690
-1982
-4276
-6710
-3462
1326
1968
449
-96
754
3145
6486
7159
4637
2795
4011
6749
8102
6930
4661
3846
5142
7160
7686
6339
5397
5720
7100
5502
-1426
-5639
486
5937
212
-8011
-9994
-7702
-2069
3573
-344
-11547
-13705
-3668
3766
1845
-2926
-7250
-8765
-639
10421
9030
-1493
-5068
329
7462
11950
8908
-1126
-5213
2747
9376
5662
-248
-2709
-3819
-2382
598
-1225
-8197
-12184
-9505
-5549
-5573
-7236
-8829
-9943
-7394
-2315
-1397
-4140
-4512
-1776
706
2126
2572
1886
1617
4259
7324
7031
4629
3665
4651
6621
7661
6414
4193
3649
4869
6799
7335
6075
4285
4502
5327
1530
-4564
-3343
3244
2361
-5074
-9255
-8453
-4270
2367
3004
-6928
-14075
-7325
3069
4443
-644
-6345
-9408
-3370
8854
11689
1464
-6444
-2795
6181
11768
9552
197
-6341
-521
8932
7813
49
-3729
-3820
-2149
765
-87
-5976
-10852
-9789
-5780
-4343
-6226
-7523
-8202
-7565
-4136
-1253
-2181
-3569
-2797
-1015
781
2481
2882
1733
1785
4320
6278
5857
4714
3772
4108
6094
7189
5675
3840
3797
5646
7337
7088
5575
4665
5305
3869
-1633
-4470
714
3934
-2155
-8913
-8933
-5348
-678
2226
-2755
-11424
-10867
-1369
3808
515
-4636
-7933
-6330
2859
10881
6566
-3638
-5071
2826
9938
10410
4276
-3173
-3021
5203
9289
4417
-1783
-3938
-2810
508
1367
-3197
-7752
-8860
-8629
-7359
-4953
-4653
-7043
-8893
-7808
-4550
-1517
-480
-2453
-4988
-3119
2180
4671
3286
1636
1213
2831
6572
8568
5883
2619
3328
6046
7218
6638
5247
3916
4682
7111
7750
5621
4621
5378
2071
-4380
-4303
2021
2151
-4523
-8808
-8651
-6051
-153
3088
-4018
-13140
-10215
265
4227
311
-5255
-8960
-4831
7196
12696
3939
-5413
-3130
5669
11334
9700
2015
-4007
-649
7683
9141
2708
-3165
-3888
-1377
1541
259
-5070
-8242
-8829
-9090
-6942
-4008
-5904
-9249
-9393
-7117
-4058
-1086
-1371
-4517
-5184
-833
3429
3783
2608
2049
1635
3562
7937
8902
5112
2575
4066
6079
7452
7708
5539
2942
4122
7397
7899
5666
4148
3352
-805
-5159
-2731
2473
361
-6607
-9753
-8403
-4482
1029
1479
-6889
-13265
-7445
2121
3706
-857
-5516
-7439
-1825
8911
11254
2088
-4413
-642
6595
10371
8743
1983
-3085
426
7523
7427
1283
-2786
-2953
-1607
74
-855
-5281
-7941
-7963
-8656
-8241
-5363
-4967
-7488
-8917
-7687
-4573
-973
-22
-2546
-4779
-1953
3317
5405
4231
2378
1300
3671
8591
9555
5739
2657
3362
5852
8073
7930
4782
2017
3827
7566
7425
4367
2973
2219
-1480
-5042
-3055
991
-627
-6338
-9323
-8442
-4842
903
1458
-6869
-12862
-6927
2217
4240
145
-5304
-7457
-926
9976
11522
1790
-5186
-1218
7017
11425
8846
598
-4604
402
7983
7523
1380
-3321
-4679
-2296
999
-382
-5879
-8467
-7342
-7869
-8967
-6352
-3811
-6217
-8882
-7952
-5311
-1910
1050
-530
-4784
-3779
2555
6543
5834
3444
1444
2277
7267
11079
8742
3557
1888
4318
7677
9240
6813
2062
1252
5257
7904
5974
2927
317
-3159
-5462
-2542
1674
-741
-7261
-9776
-7913
-4668
11
1173
-5873
-12225
-7245
2213
4605
818
-3656
-6025
-1200
9283
12079
2723
-4470
-471
7049
10322
8347
1487
-4089
-211
7448
7113
270
-4334
-4634
-2549
-428
-1762
-6117
-8318
-7045
-7391
-9178
-7274
-3823
-5027
-8036
-8021
-5531
-1577
1951
562
-3986
-3626
2449
7198
7159
4098
822
1528
7442
12000
9190
2859
354
3149
7599
9473
6183
470
-560
4317
7875
5642
1694
-1192
-3913
-4929
-1499
1385
-1927
-7339
-8338
-6631
-4064
332
1350
-5379
-10355
-5048
2766
4415
1842
-1999
-4965
-312
9582
11363
2545
-3172
149
5892
9048
7616
582
-4768
-307
6540
5091
-886
-4155
-4890
-3601
-899
-1752
-6051
-8228
-6741
-6313
-7942
-7007
-3572
-3930
-7375
-7680
-4819
-1014
1953
657
-3825
-4089
2016
7824
7303
2442
-686
1649
7551
11474
8282
1433
-951
3104
7903
8922
5250
-204
-1195
3722
8084
6311
1562
-839
-1665
-3094
-2503
711
202
-4612
-7290
-6543
-5045
-1294
2639
-836
-8539
-8120
235
5174
3720
-238
-4714
-4001
5283
12236
6494
-2788
-3047
3144
7798
8133
2914
-4071
-3412
3950
5924
690
-3810
-4763
-3916
-1445
-966
-4545
-7663
-6348
-4420
-6276
-7588
-5128
-3951
-6198
-6049
-3976
-2800
-1100
444
-1333
-2690
888
5462
5264
2681
2063
3347
5595
8275
7730
3551
1361
3453
5913
6334
5342
2435
97
1923
5776
5768
2560
598
-929
-3864
-3966
546
1761
-3389
-7655
-7302
-5184
-1275
2862
211
-7697
-8767
-711
5223
4095
56
-4246
-4666
3495
11645
7913
-1734
-3626
1723
6723
8366
4724
-2739
-4754
1813
6045
2651
-2215
-4259
-4524
-2319
-366
-2652
-6220
-6098
-4520
-5893
-7550
-5882
-4086
-5165
-5602
-4838
-4559
-2563
660
185
-2200
-975
2772
4685
4606
3949
3057
3346
5815
7525
5638
2970
2548
3505
4804
5853
4216
807
688
3839
5237
3446
1800
197
-2956
-4480
-1021
1933
-1099
-6012
-7320
-5827
-2315
2217
1885
-5192
-9022
-3059
4306
4695
886
-3142
-5037
405
9489
9485
379
-4292
-358
5499
8405
5891
-1333
-5221
-150
6040
4622
-979
-4290
-4634
-2507
448
-674
-4858
-6207
-4837
-4665
-5455
-5479
-4958
-4500
-4649
-5346
-5379
-2715
612
384
-2313
-2420
1016
4794
5833
3694
1183
1634
5070
7734
6205
2330
606
2223
5248
6617
4397
468
-351
2681
5761
5223
2181
73
-1359
-3207
-2510
1137
1054
-3922
-7078
-5708
-2955
203
2430
-869
-7385
-6952
982
5310
2447
-1725
-4585
-3482
4591
11022
5607
-3806
-4109
2703
7779
7680
2057
-4915
-4212
4053
7588
1894
-4253
-5250
-2926
503
1427
-2917
-7240
-6457
-4013
-3932
-5014
-5724
-5819
-5130
-4426
-3996
-3261
-1695
-900
-1504
-1358
689
2849
4005
3811
2436
2153
4239
6005
5669
4049
2666
2304
3843
5742
5388
2627
1030
2268
4275
4858
4184
2169
-1618
-4568
-2726
1986
2049
-3394
-7465
-6441
-3111
815
2524
-1664
-7735
-6629
380
4243
2338
-1614
-5028
-3735
4299
10140
5230
-2977
-3642
1893
7001
7785
2573
-4251
-3793
3404
6466
1856
-3146
-4396
-3205
-367
947
-2625
-6530
-5876
-3787
-3843
-5077
-5967
-5689
-4306
-3518
-4098
-4716
-2986
-56
507
-881
-735
1544
4134
5027
3544
1725
2224
4709
6494
5113
1994
893
2864
5303
5656
3372
799
1155
3789
5480
4244
1722
-136
-1974
-3147
-429
2648
-189
-5291
-5937
-3507
-1079
1425
1208
-3969
-7668
-3344
2986
3317
73
-2646
-4415
-859
7313
8702
545
-4858
-1361
4655
7361
4991
-1426
-5401
-826
5774
4800
-1375
-4728
-4161
-1363
1141
-516
-5149
-6633
-4669
-4167
-4991
-4416
-3969
-5032
-5343
-4508
-3416
-1421
234
-1200
-2862
-622
3260
4493
3298
1582
825
2601
5975
6567
3381
824
1565
3741
5534
5331
2522
445
2287
5329
5454
3548
2484
996
-2268
-3104
1016
3244
-767
-5433
-5906
-3880
-214
3321
600
-7005
-8349
-1118
3966
2432
-1390
-4832
-4959
1865
8696
5672
-2449
-4300
286
5157
7068
3749
-2906
-4279
2032
6193
2950
-1818
-3725
-3320
-527
1479
-1397
-5555
-5683
-3945
-3357
-4289
-5779
-5906
-4287
-3496
-4134
-4652
-3196
-728
133
-594
-895
210
2954
4878
3228
867
1494
4045
5889
5374
2775
916
2119
5346
6869
4313
1056
1424
4344
6234
5674
2983
-869
-3474
-1682
3031
3103
-2669
-6574
-5287
-2633
229
1880
-1545
-7276
-6835
-617
2703
976
-1738
-4376
-4351
1975
8097
4987
-2206
-3399
1229
5644
6725
3074
-2408
-2620
2971
5584
2111
-1844
-3067
-2344
-340
312
-2476
-5297
-5103
-4231
-4516
-4964
-5439
-5660
-4907
-4225
-4487
-4130
-2311
-984
-1258
-1211
119
1572
2919
3418
2072
1391
3353
5409
5237
3859
2675
2759
4284
5741
5079
2948
2290
4067
5606
5168
4068
1700
-2424
-3422
1404
4104
-752
-6593
-6698
-3420
-18
2077
-951
-7733
-8205
-594
3584
402
-3055
-4413
-3856
1855
7865
4888
-2472
-2985
2459
6160
5889
2476
-1837
-1858
3406
5641
1481
-2200
-1852
-1072
-519
-271
-2317
-4723
-4561
-3489
-4153
-6014
-6319
-4398
-3526
-4867
-5819
-4861
-2512
-403
-430
-1817
-1811
638
3663
4164
2041
593
1913
4704
6414
5154
2277
1269
3421
6198
6228
3542
1477
2550
5482
6806
4926
1546
-1794
-2889
596
4206
888
-5774
-7260
-3962
-623
1112
-437
-5584
-8249
-3723
1908
1590
-1831
-4078
-4748
-936
6197
7033
-7
-3961
10
5574
7306
4324
-884
-2512
2263
6656
4075
-1375
-2681
-839
707
681
-1880
-4945
-4862
-3620
-4397
-5861
-6144
-5255
-4472
-5101
-5900
-5025
-2804
-1189
-1411
-2089
-1325
602
2598
3460
2217
947
2313
5195
6260
4810
2961
2961
4543
5898
5472
3847
3186
4338
5547
5525
3894
-374
-3892
-1263
4093
2901
-4000
-8039
-6332
-1857
2337
1434
-6240
-10989
-4992
2836
2429
-2223
-5451
-6380
-1320
7203
7524
-955
-4992
-12
6184
8277
5620
-634
-3714
2100
8461
5632
-884
-2758
-1590
252
1928
-366
-5140
-6143
-3514
-3263
-6090
-6789
-4662
-4275
-5427
-5439
-5345
-4247
-1074
340
-1949
-3248
-210
3611
3721
1943
1300
1756
3921
6753
6082
3096
2778
5045
6327
5916
4550
3279
3527
5571
6705
2321
-4082
-3278
3684
5170
-895
-6703
-7164
-3425
1432
2293
-3942
-10490
-7350
990
2572
-1468
-4536
-6151
-3694
4086
7279
810
-4809
-1842
4016
6634
5740
1548
-2484
273
6473
6028
636
-1483
-608
309
1099
-219
-3536
-4265
-2238
-3386
-7337
-6742
-2744
-2912
-5947
-6823
-6233
-4189
-554
122
-3499
-4772
-477
3549
3077
1236
315
596
3669
7138
5564
1808
2122
5264
6868
6579
5130
3222
3315
6040
7571
3269
-3155
-3249
2898
5685
1168
-5315
-7212
-3670
1618
3223
-2276
-9481
-8245
-299
2941
-91
-4005
-6539
-4580
3037
7300
2144
-4344
-3519
2009
6231
6723
2474
-2690
-1058
5532
6719
2139
-919
-1442
-1057
842
1049
-2381
-4667
-3539
-3697
-6202
-6044
-3703
-4160
-5601
-5039
-5122
-5060
-2080
-13
-2004
-3337
-1006
1334
1684
2085
2043
824
1786
4858
5132
3171
3128
4131
4380
5187
5665
4586
3888
5136
5484
1311
-3440
-1457
4386
4468
-1409
-6156
-5659
-1109
3573
3025
-4081
-9549
-5033
2751
3174
-1578
-5377
-6763
-2384
5623
6676
-836
-5484
-1872
4069
6956
5496
110
-3460
1284
7761
5911
-222
-2074
-668
1132
1931
-629
-4792
-5057
-2558
-3449
-6472
-5676
-3103
-3631
-4994
-5238
-5198
-3111
415
80
-3438
-3494
622
3186
2311
547
-618
295
4088
6087
3267
520
2039
4858
6159
5642
3676
2213
3894
6686
3944
-3348
-4630
2122
5212
471
-4982
-6200
-3288
2200
4303
-1565
-8509
-5892
1992
3552
-281
-3284
-5199
-3247
3809
6635
652
-4317
-1747
3383
5942
5218
1007
-2741
544
6858
6089
259
-2049
-510
1268
1705
-858
-4610
-5328
-3724
-3665
-5093
-5534
-5152
-4782
-4061
-3641
-4060
-3210
-1356
-997
-1259
-185
864
1275
1911
2183
1408
1720
3323
3987
3298
3006
3037
3325
4374
4911
3891
3288
4580
3415
-1927
-4054
1200
4512
44
-5613
-6453
-3770
740
3687
-434
-7889
-7113
1155
4547
1235
-2041
-4302
-3745
3253
8712
3734
-3676
-3207
1938
5547
6397
2692
-3094
-2268
5122
7628
2722
-1481
-2158
-1028
1677
1639
-3788
-7363
-5468
-3489
-4074
-4726
-5136
-5706
-5267
-3386
-2428
-2592
-1698
-832
-1130
-374
1373
2230
2839
3193
2698
2436
3396
4531
4388
3057
2520
3081
3605
4287
4476
3628
2091
-657
-2870
-527
2806
745
-4787
-7329
-5364
-1268
1782
160
-5967
-8513
-2425
3785
2886
-810
-3255
-3591
1560
8175
6584
-882
-2984
1652
6046
6947
4257
-982
-2628
2833
6953
3610
-875
-1579
-1049
-315
454
-1235
-4999
-6733
-5630
-4671
-4424
-4058
-5108
-6794
-5705
-2545
-694
-625
-1249
-1742
-733
1985
3926
3456
2262
2136
3163
4991
6080
4737
2504
2584
4518
5618
4851
3432
1481
-1481
-2786
213
2546
-694
-5638
-7176
-5621
-2258
1000
-587
-6660
-8799
-3185
2326
2146
-772
-3685
-4216
1522
8626
7331
491
-1591
1954
5859
7866
5774
-150
-2203
3132
6955
4000
-101
-1650
-1905
-630
565
-2187
-6802
-7136
-4265
-3656
-4560
-4604
-5491
-6157
-3818
-1468
-2165
-2813
-1306
-38
338
1813
3242
2851
2418
3414
4444
5153
5484
4584
3182
3465
5052
5482
4582
2734
-1222
-4090
-862
3507
1135
-5067
-8022
-6782
-2845
1344
285
-6952
-10833
-5189
1959
2765
-451
-4389
-5820
83
8532
8232
562
-2816
1402
7179
9470
6451
338
-1415
3842
7745
4597
-314
-1818
-996
305
404
-3463
-8722
-7968
-2542
-1727
-5793
-8194
-7246
-3921
-10
279
-3704
-5533
-1255
3846
4086
2005
847
893
3559
7666
7980
4386
1785
2706
5616
7607
6183
2591
-115
-1200
-1260
-255
224
-2112
-5660
-7136
-6634
-5092
-1752
-464
-5284
-9910
-6904
-717
2248
1112
-3344
-6336
-1171
7743
9067
2764
-994
1561
6207
9630
8622
2563
-696
3647
7353
4872
1062
-830
-1728
-1012
-440
-3475
-6804
-5683
-3814
-5627
-7548
-6221
-4186
-3355
-2951
-3508
-4171
-1781
2117
2848
1209
986
2640
4646
6314
6796
5431
3843
4660
6852
7366
5968
4546
3392
980
-1707
-1245
1034
-231
-4703
-7795
-8281
-6527
-2816
-1588
-6325
-11106
-8735
-2681
83
-848
-3662
-6095
-3017
4904
8164
3355
-1267
316
5330
9239
8990
4132
268
2828
7681
7573
3036
-829
-1605
90
830
-2471
-6253
-5837
-3835
-3951
-5532
-6745
-6107
-3327
-1459
-2978
-5055
-3291
887
2897
2496
1528
902
2840
7196
8561
5415
3092
4473
7175
8677
7965
3927
-1390
-1811
3385
5223
-306
-6074
-7236
-5506
-2590
-688
-3358
-8591
-9639
-5296
-1798
-1797
-2976
-5106
-6082
-1395
4614
3901
-720
-2001
667
4151
6305
5014
1116
244
4385
6687
3730
906
511
42
-806
-1606
-2744
-3112
-2714
-3265
-5090
-5330
-2758
-901
-1994
-3475
-3265
-1347
1543
3128
2210
703
1326
4143
6439
6090
4011
2645
3637
6375
7821
5956
1032
-3219
-1809
3523
4278
-1698
-7550
-8142
-4538
-311
382
-4449
-9716
-8342
-2277
1158
117
-2736
-5114
-3280
3251
7298
4000
-995
-1202
2510
6298
7034
3202
-1353
-396
4302
5360
1633
-1562
-2734
-3890
-3788
-2266
-2673
-4666
-5415
-5689
-5270
-2742
-279
-1228
-4044
-3842
-224
2941
3965
3067
967
1345
5464
8733
7722
4562
3213
5072
8365
9599
6307
-271
-3784
-370
4242
2386
-4199
-8854
-8558
-4737
-1027
-1680
-6846
-10550
-8207
-3348
-1168
-1493
-3513
-5970
-4051
2611
6267
3783
274
3
3036
7372
8679
4781
777
1796
4799
4895
2691
240
-1799
-1728
-301
-1360
-4137
-4410
-3562
-4367
-4948
-3990
-3297
-3049
-2157
-1888
-2419
-1205
1762
3015
2216
1861
2518
3631
5350
6491
5686
4487
4999
6050
4494
868
-495
1161
1965
302
-2644
-5479
-5859
-2498
669
-1239
-6169
-7680
-4686
-823
1194
-687
-5253
-5608
474
5235
3408
-1063
-3030
-1226
2993
5415
2165
-3256
-3505
913
2800
660
-1724
-3028
-2579
-165
544
-1793
-2756
-985
72
-476
-360
801
1499
1850
2511
2615
2535
3983
5352
4217
2486
2644
3725
4263
3813
2672
1692
726
-1538
-3890
-3530
-1409
-1566
-4422
-6944
-7512
-5379
-1125
803
-2334
-5946
-4885
-318
3564
4052
1140
-1731
281
6282
8998
5750
1458
240
2413
5725
5580
973
-3051
-2750
-360
-1339
-5255
-7084
-6691
-6102
-5299
-6191
-7764
-6117
-3185
-2155
-2643
-2705
-779
2347
4465
4842
3929
4179
6927
9348
9219
7442
5839
6565
8878
9134
6348
2347
-1173
-1511
998
944
-3436
-8096
-9730
-8371
-5985
-4637
-5706
-8557
-9317
-6091
-2438
-606
-232
-1503
-1996
1581
6214
6900
4450
2820
3568
5579
6925
5579
1827
-193
1413
2826
1236
-1495
-3706
-5049
-4287
-2440
-2625
-4624
-5823
-5423
-3953
-2249
-1233
-1557
-2253
-1055
1726
3705
4124
3267
2595
3922
6301
7154
6017
4157
3862
5036
3992
-124
-2278
-750
491
-1014
-4342
-7568
-7839
-4003
-240
-1637
-6305
-7362
-3605
391
2162
1208
-1361
-1000
3724
7221
5764
2336
986
2442
4178
3767
1363
-1125
-1736
-588
-327
-2470
-5171
-5718
-4188
-3249
-3958
-4974
-5071
-3626
-1309
-71
-458
-449
1313
3679
4951
5059
4700
4708
5978
7825
8018
6558
5618
5746
5722
3840
-260
-3346
-2619
-1010
-2565
-6858
-10433
-10567
-7183
-3603
-4052
-7992
-9775
-6598
-1708
1290
766
-1991
-1988
3028
8122
8625
5557
2950
3562
6599
8545
6705
2517
-757
-1139
541
1505
-506
-3872
-5877
-5690
-4301
-3300
-3610
-4913
-5704
-4614
-1735
520
686
-128
-76
1626
4190
5457
4641
3818
4450
6123
7299
7276
5802
2748
-18
549
2611
1852
-1830
-5848
-7858
-6390
-2950
-1497
-4270
-8134
-7950
-3925
-142
986
-1288
-3858
-1951
2959
5487
4056
705
-1124
507
3462
4124
1452
-1328
-1437
-683
-1032
-1207
-1316
-2135
-2699
-2640
-2236
-1265
-177
-141
-800
-526
1217
3003
3779
3661
3012
3064
4461
6015
6136
5131
4084
3835
4439
4459
1755
-2602
-3834
-1564
-390
-2406
-5862
-8637
-8191
-4328
-1343
-2785
-6392
-7242
-4278
-165
2033
873
-1586
-1173
2685
5982
5835
2936
198
291
3187
4817
2641
-1055
-3190
-2977
-985
351
-1204
-3797
-4548
-3279
-1758
-864
-949
-1769
-2258
-971
1410
2862
2943
2382
1717
2180
4329
5884
5405
4265
3820
4307
5037
3832
599
-1404
-553
628
-284
-3100
-5756
-5969
-3409
-1027
-1772
-4427
-5515
-3601
-358
1299
73
-1734
-1063
1781
4072
3574
817
-1137
-313
1699
1196
-2630
-4607
-2717
-1680
-2696
-3539
-3941
-3071
-739
104
-973
-1667
-175
2392
3627
3315
2816
2625
3699
6103
6649
4622
3216
3966
5201
5359
4220
1903
-1022
-2595
-1377
-882
-3040
-5118
-6330
-7413
-6686
-4555
-3490
-3615
-4097
-3612
-1723
738
2758
3133
1853
2135
4573
5726
4557
2654
1326
1121
1459
903
-1193
-3653
-3895
-2534
-2526
-3825
-4815
-4861
-3775
-2371
-1830
-1874
-1674
-413
1471
2530
3004
3812
4533
4910
5589
6269
6357
6121
6074
6252
5848
3525
-5
-1890
-1240
-252
-1207
-4576
-8094
-8519
-5517
-2738
-3156
-5529
-6707
-5199
-1551
1545
1451
-597
-1016
1237
3660
3983
2459
870
325
944
1473
242
-1497
-1691
-1228
-1677
-2334
-2814
-2616
-1564
-998
-1755
-2196
-1122
806
1976
1607
1001
1715
3630
5133
5262
4476
4179
4754
6003
6506
3988
-121
-1672
276
2064
970
-2629
-5676
-5755
-2657
167
-775
-3816
-4739
-2902
-160
1649
847
-1067
-1081
1140
2547
1556
-537
-1518
-1311
-639
-1068
-2895
-4511
-4831
-3883
-2945
-3164
-3998
-3723
-2831
-1455
-361
89
424
1335
2465
3681
4388
4361
4462
4634
5080
5956
6526
5796
5213
5076
3853
1408
-368
-683
-906
-1830
-3652
-5965
-7070
-5460
-3257
-2939
-3769
-3977
-2757
-401
1582
1798
1291
1753
3205
4100
4003
3403
1961
771
1166
1776
323
-2239
-4156
-4435
-3297
-2012
-2321
-4777
-6268
-4523
-1612
-633
-1293
-2557
-2641
-592
1881
2539
1570
972
2351
4767
5878
5580
5155
5275
4996
3689
2107
1188
972
992
-436
-3470
-5241
-4144
-2098
-1448
-2402
-3635
-3326
-961
1433
1566
418
458
1887
3173
3411
2348
352
-755
22
387
-1068
-2699
-3241
-3011
-2548
-2419
-3019
-3376
-2761
-1502
-1450
-2128
-1950
-802
134
556
570
527
1413
2850
4224
4439
4129
4378
5961
6791
5200
2618
1470
1840
2107
1344
-1474
-4376
-5034
-3269
-2125
-2772
-4247
-4658
-3756
-2005
-735
-1134
-2102
-1667
51
1061
933
6
-806
-548
491
759
119
-407
33
1168
1931
1854
1454
1251
1569
2184
2212
1099
-30
-311
158
348
-217
-1286
-1802
-1362
-333
415
49
-129
-4
-768
-1754
-1299
-763
-553
-522
-1473
-2356
-1640
320
1855
2113
1181
1206
2389
3826
4607
4102
2394
1728
2390
2690
1786
-336
-2418
-3115
-2904
-3455
-4764
-6162
-6158
-4702
-3371
-3254
-3766
-3487
-1836
240
1182
1155
915
1467
2923
4299
4540
3979
3906
4491
5304
5662
5524
4792
3493
1688
276
-318
-827
-1430
-2713
-4807
-6093
-5401
-4354
-4107
-4447
-4637
-4029
-2752
-1507
-649
-454
-336
619
1863
2614
2688
2125
1610
2008
2404
2185
1305
281
283
1429
1996
1397
308
-324
305
1122
836
-139
-1105
-1676
-1139
-692
-1060
-1702
-1738
-934
362
1066
1174
1632
1377
848
646
941
759
1220
1261
404
-496
-265
356
792
699
18
-440
-652
-435
-453
-1149
-2208
-2225
-2108
-2244
-2808
-3478
-3480
-2711
-2535
-2802
-2655
-2077
-781
509
1148
1446
2000
2838
3939
4600
4492
4065
3363
3027
3067
2817
1878
1077
694
612
613
455
226
69
-507
-1581
-2300
-2238
-2084
-1867
-2070
-2670
-2721
-1636
-499
388
967
1079
1064
1136
1357
1367
1049
590
349
-440
-1282
-1682
-1868
-2234
-2547
-3051
-3506
-3314
-2584
-1885
-1553
-1183
-505
414
1237
1939
2273
2444
2749
2768
2388
2166
2395
2574
2323
1850
1595
1809
2095
2205
1625
391
-932
-1444
-1282
-1154
-1186
-1688
-2290
-2458
-1733
-801
216
573
399
-151
-458
41
914
1085
666
256
-318
-568
-521
-633
-1141
-1537
-1980
-2496
-2991
-2958
-2310
-1775
-1542
-1288
-875
-273
577
1161
1648
2209
2435
2250
2141
2475
3157
3571
3300
2923
2810
2773
2807
2309
1030
-222
-893
-1233
-1407
-1546
-2166
-2918
-3360
-2947
-2051
-1318
-1476
-1882
-1963
-1374
-581
-178
-529
-858
-452
233
324
-164
-553
-317
361
653
207
-489
-626
254
1068
804
-17
-171
242
960
1224
828
300
440
699
735
579
536
833
1272
1501
1370
1140
1065
1268
1223
688
-160
-528
-303
21
-280
-780
-1185
-959
-354
273
224
-197
-573
-454
-61
178
-33
-593
-1002
-969
-724
-978
-1398
-1698
-1624
-1418
-1384
-1779
-1934
-1558
-1031
-769
-817
-733
-458
14
429
770
921
1022
1125
1528
2005
2392
2710
2815
2703
2659
2660
2565
2416
1877
1162
362
-223
-348
-209
-630
-1362
-1803
-1737
-1304
-1148
-1450
-1861
-2030
-2109
-1779
-1456
-1252
-1182
-874
-600
-242
-6
359
841
1047
843
602
523
396
476
500
287
-91
-327
-469
-417
-185
17
-50
-472
-596
-288
208
574
924
869
798
752
1086
1507
1566
1110
439
-131
-383
268
578
139
-841
-1153
-1052
-521
-248
-325
-720
-1221
-1358
-1200
-852
-559
-55
75
135
293
753
1237
1508
1447
1266
1069
736
438
43
-190
-263
-487
-1112
-1488
-1370
-1068
-1077
-1467
-1691
-1333
-593
67
295
-5
-21
829
1872
2314
1987
1247
1056
1718
2186
1695
368
-798
-673
494
1267
781
-617
-1819
-1751
-913
-799
-1779
-3014
-3427
-2827
-1872
-1590
-1740
-1617
-657
803
1792
1722
1321
1385
1981
2643
2726
2153
1502
1265
1215
1210
972
594
122
-117
-279
-388
-657
-912
-759
-393
-218
-378
-581
-727
-396
-162
-326
-787
-953
-630
-193
-125
-385
-430
-312
16
168
67
-143
-143
-218
-598
-1053
-1251
-882
-379
-123
-292
-473
-411
104
546
521
137
-101
43
469
790
772
662
652
969
1399
1581
1460
1511
1660
1653
1368
1071
983
1154
1233
946
277
-476
-943
-999
-991
-1302
-1754
-2205
-2344
-2179
-1947
-1773
-1515
-1385
-1323
-1229
-1047
-632
-167
-121
-415
-441
-66
558
1068
1233
1180
1218
1296
1321
1152
837
619
403
92
-144
-340
-527
-585
-609
-590
-236
83
210
330
597
963
1345
1535
1597
1839
2051
2185
1987
1381
693
408
346
222
-158
-725
-1260
-1640
-1798
-1791
-1745
-1909
-2280
-2723
-2958
-2809
-2307
-2101
-2312
-2294
-1652
-633
185
460
518
1005
1827
2529
2675
2172
1658
1702
2033
2110
1792
1062
383
133
207
218
136
66
-9
-261
-511
-430
-45
361
610
602
381
303
454
554
289
-11
-8
298
476
239
-234
-439
-240
2
-35
-622
-1368
-1853
-1977
-2026
-2054
-2088
-2045
-1949
-1840
-1541
-1091
-495
49
350
383
555
892
1229
1423
1400
1340
1446
1740
1844
1519
1015
895
1168
1418
1354
874
317
154
312
335
127
-133
-156
18
29
-318
-818
-1099
-859
-433
-380
-695
-983
-961
-529
-200
-403
-659
-741
-687
-555
-579
-934
-1105
-934
-615
-234
-31
5
131
325
414
539
568
565
613
555
328
169
152
418
816
860
501
162
237
577
862
774
383
-7
-24
147
145
28
80
309
531
575
397
88
-91
-61
56
34
-232
-588
-785
-777
-833
-1024
-1186
-1146
-1049
-988
-939
-846
-684
-416
-93
145
323
423
470
488
574
639
609
455
308
204
152
123
164
267
462
613
522
330
291
406
495
471
275
54
-3
17
-30
-1
111
115
88
50
33
30
-61
-240
-317
-315
-438
-763
-1069
-1108
-1000
-992
-1145
-1290
-1198
-741
-235
-111
-175
88
723
1261
1384
1192
1141
1344
1545
1384
994
714
661
587
279
-41
-175
-30
30
-205
-568
-656
-589
-619
-825
-1017
-982
-818
-720
-798
-775
-542
-130
214
417
484
599
816
961
890
664
419
298
254
76
-266
-583
-781
-878
-913
-910
-822
-710
-621
-475
-286
-141
32
294
562
727
740
681
686
794
976
1056
962
889
960
1110
1183
1028
750
520
303
105
-181
-622
-1033
-1291
-1425
-1446
-1471
-1580
-1569
-1416
-1181
-948
-766
-701
-595
-360
-164
-71
-31
-1
47
216
437
639
784
846
839
885
1064
1258
1284
1172
1042
889
737
673
487
106
-276
-535
-683
-676
-686
-790
-798
-597
-291
-62
61
119
250
416
536
531
466
388
343
300
265
231
83
-177
-291
-293
-383
-539
-760
-1065
-1254
-1342
-1390
-1466
-1622
-1726
-1552
-1299
-1186
-1129
-924
-428
227
772
1129
1431
1792
2242
2557
2563
2495
2533
2547
2393
2018
1462
1012
802
527
133
-225
-506
-742
-914
-1047
-1227
-1443
-1529
-1440
-1390
-1413
-1319
-1177
-1101
-926
-652
-463
-323
-219
-166
-17
176
175
25
-145
-182
-67
-32
-303
-595
-632
-436
-284
-445
-697
-643
-299
220
675
742
566
637
1017
1403
1540
1401
1186
1087
1191
1325
1292
1075
872
690
530
467
378
136
-168
-423
-658
-828
-854
-802
-808
-907
-1016
-1034
-901
-673
-609
-735
-806
-751
-702
-635
-519
-494
-563
-599
-526
-443
-453
-445
-300
-136
-52
-12
-42
36
407
846
1000
918
816
812
934
1085
1088
914
780
872
1041
959
696
580
641
701
657
427
132
-25
-11
-31
-255
-603
-754
-672
-538
-520
-696
-937
-983
-861
-863
-960
-996
-1036
-1139
-1162
-1097
-991
-839
-768
-867
-829
-471
-61
112
134
226
506
941
1323
1361
1162
1230
1585
1758
1580
1275
1051
1094
1297
1237
756
309
272
414
303
-5
-262
-468
-586
-587
-613
-754
-876
-954
-1064
-1052
-746
-441
-446
-651
-753
-645
-365
-147
-233
-595
-846
-671
-309
-211
-382
-521
-473
-249
-30
-3
-128
-188
-27
256
406
418
362
310
408
741
1011
971
778
729
879
1060
1057
859
738
899
1116
1020
700
522
615
728
586
202
-102
-206
-282
-437
-648
-849
-913
-909
-996
-1230
-1450
-1440
-1328
-1363
-1481
-1581
-1660
-1555
-1241
-978
-859
-701
-421
-56
256
393
425
565
868
1139
1207
1172
1228
1369
1465
1455
1380
1303
1261
1171
909
625
535
555
524
366
90
-127
-98
34
-30
-245
-383
-390
-437
-626
-820
-843
-736
-619
-626
-817
-930
-741
-475
-427
-576
-755
-700
-464
-356
-416
-456
-398
-196
32
98
10
-71
18
241
363
258
96
68
214
453
584
483
307
383
689
841
694
507
514
691
894
913
723
525
554
738
830
685
428
265
206
116
-117
-468
-762
-849
-786
-844
-1149
-1493
-1621
-1474
-1208
-1109
-1333
-1530
-1352
-943
-683
-647
-559
-268
136
449
539
499
601
873
1066
1074
1038
1068
1148
1260
1291
1155
945
879
919
840
580
307
180
200
270
178
-70
-243
-185
0
67
-133
-367
-382
-258
-223
-366
-607
-733
-615
-482
-545
-768
-965
-974
-809
-705
-751
-880
-973
-896
-669
-482
-392
-338
-283
-142
93
296
385
336
216
293
601
886
925
787
713
884
1141
1189
936
595
560
822
876
577
279
210
371
540
455
169
20
98
167
32
-198
-350
-400
-435
-475
-556
-713
-852
-904
-926
-955
-1013
-1117
-1203
-1181
-1049
-932
-868
-777
-593
-326
-81
1
16
183
464
669
702
636
669
909
1187
1262
1093
907
955
1076
1025
807
541
379
382
350
116
-108
-134
-58
-28
-50
-162
-351
-400
-288
-214
-258
-340
-370
-353
-313
-280
-325
-459
-511
-442
-476
-652
-755
-748
-691
-635
-617
-610
-527
-350
-193
-184
-263
-147
143
319
315
289
342
548
826
910
784
715
817
904
818
722
692
660
614
532
379
262
251
228
115
20
14
-26
-137
-233
-257
-228
-218
-278
-327
-351
-352
-347
-412
-548
-659
-699
-725
-791
-881
-922
-914
-866
-775
-704
-668
-569
-401
-265
-150
29
213
353
462
556
646
828
1038
1078
918
816
907
1004
961
809
672
605
590
522
330
135
89
68
-94
-305
-402
-388
-343
-355
-408
-424
-320
-177
-135
-193
-192
-43
109
56
-197
-357
-297
-184
-159
-293
-506
-566
-449
-387
-495
-612
-627
-539
-444
-425
-457
-415
-222
-10
89
129
229
307
363
464
573
629
661
644
626
745
887
816
611
528
531
482
330
144
4
-49
-18
-45
-180
-250
-194
-163
-235
-305
-305
-262
-233
-288
-395
-402
-272
-154
-148
-186
-200
-191
-152
-139
-186
-200
-169
-251
-400
-408
-263
-185
-224
-286
-308
-250
-88
97
153
84
74
270
569
769
776
656
615
757
922
885
661
416
312
318
280
136
-31
-146
-191
-222
-310
-428
-538
-606
-651
-732
-854
-843
-703
-589
-565
-592
-551
-304
37
196
142
93
248
557
742
604
304
169
339
558
466
75
-203
-177
-5
65
-106
-389
-487
-329
-102
-31
-146
-207
-54
168
291
323
248
173
279
478
524
426
357
380
429
439
387
301
214
113
-19
-189
-333
-409
-533
-764
-936
-911
-743
-625
-658
-786
-810
-554
-160
14
-76
-154
52
458
717
692
600
625
780
953
914
693
511
467
487
423
183
-100
-272
-328
-359
-434
-550
-683
-805
-806
-631
-439
-367
-361
-304
-135
136
338
382
410
543
679
704
603
476
434
456
453
309
38
-146
-146
-150
-313
-559
-736
-771
-680
-581
-614
-689
-610
-386
-186
-75
26
203
436
585
593
549
596
738
835
742
512
330
260
231
104
-163
-458
-584
-534
-500
-641
-848
-852
-638
-425
-356
-390
-352
-135
160
342
356
326
390
545
652
627
513
442
458
473
373
203
67
-12
-102
-197
-257
-252
-213
-240
-343
-367
-204
19
105
15
-73
11
208
302
236
120
74
97
128
73
-64
-193
-261
-299
-350
-414
-463
-486
-513
-503
-405
-276
-188
-148
-125
-62
56
185
256
275
297
363
429
453
450
466
506
512
421
272
173
140
100
-8
-160
-267
-275
-211
-178
-205
-220
-145
-39
-19
-69
-109
-104
-87
-80
-116
-168
-153
-118
-134
-145
-122
-83
-45
0
17
15
58
143
219
262
289
258
179
140
154
154
131
74
-50
-158
-162
-113
-83
-114
-196
-251
-212
-123
-107
-200
-284
-223
-56
61
84
72
88
172
320
442
497
536
553
522
468
436
414
325
133
-101
-281
-393
-448
-549
-728
-850
-842
-737
-627
-614
-647
-582
-430
-218
23
189
241
282
402
595
781
856
795
676
659
755
783
631
378
193
147
116
-70
-344
-511
-547
-558
-635
-771
-840
-740
-574
-495
-472
-417
-241
-8
125
149
225
377
505
559
548
515
499
496
491
448
281
75
-49
-66
-73
-164
-380
-587
-594
-438
-345
-399
-476
-482
-377
-198
-61
-8
22
99
249
405
476
457
424
401
419
405
327
216
95
27
14
-6
-123
-265
-325
-271
-183
-171
-233
-287
-244
-128
-36
-40
-85
-50
75
191
202
167
170
206
239
219
123
31
40
73
-31
-214
-306
-256
-150
-129
-252
-406
-418
-249
-103
-157
-237
-159
-23
81
174
212
179
204
308
377
371
313
233
166
158
209
211
104
-17
-61
-20
35
6
-74
-148
-186
-142
-55
-29
-49
-64
-53
26
143
180
99
-3
-15
87
147
50
-79
-79
13
68
30
-22
-17
10
-12
-95
-177
-183
-160
-209
-282
-292
-235
-189
-184
-198
-175
-95
-24
-51
-88
-29
81
168
165
138
159
202
218
232
227
219
206
158
90
105
176
184
62
-79
-107
-38
5
-54
-164
-236
-209
-139
-115
-150
-168
-121
-11
91
151
157
162
200
267
317
323
245
109
46
79
88
-16
-170
-251
-220
-168
-192
-321
-432
-369
-209
-151
-213
-260
-219
-73
75
104
22
-4
92
176
187
166
162
150
172
223
220
161
135
151
113
51
30
54
71
59
-31
-146
-123
18
86
-25
-143
-119
-11
34
-17
-148
-242
-210
-145
-204
-341
-374
-306
-229
-176
-147
-150
-108
24
174
241
245
253
287
377
466
471
406
338
283
257
224
141
-9
-115
-145
-160
-237
-335
-379
-354
-298
-289
-294
-248
-129
-26
12
38
126
260
372
387
334
352
483
572
475
281
180
191
166
-5
-280
-500
-580
-572
-621
-748
-823
-768
-651
-547
-470
-391
-265
-120
5
124
258
366
427
463
522
602
664
658
574
483
469
472
381
229
145
92
4
-101
-189
-253
-282
-295
-338
-369
-337
-250
-174
-165
-168
-84
43
124
125
74
74
149
176
111
-14
-105
-112
-103
-156
-252
-293
-227
-152
-139
-156
-148
-85
18
92
91
90
153
228
225
150
84
108
180
169
55
-70
-92
-14
28
-65
-196
-216
-121
-44
-50
-89
-92
-25
80
152
177
225
304
350
348
346
364
375
359
285
163
57
16
-18
-145
-319
-449
-501
-500
-500
-548
-625
-625
-477
-303
-232
-216
-181
-71
115
277
315
290
322
430
521
525
472
417
357
284
207
126
50
-39
-134
-213
-246
-233
-221
-257
-305
-298
-222
-123
-88
-108
-103
-37
79
159
141
92
107
159
160
97
6
-33
9
5
-80
-164
-176
-133
-89
-115
-177
-164
-95
-47
-36
-18
10
68
140
194
239
276
300
302
291
290
276
197
79
20
12
-32
-144
-275
-331
-296
-246
-290
-385
-396
-270
-108
-30
-51
-56
62
239
333
319
274
269
330
384
358
246
104
19
18
17
-54
-202
-330
-342
-283
-265
-343
-454
-479
-377
-289
-308
-329
-258
-106
44
134
180
252
369
464
476
413
363
354
350
313
217
102
46
46
17
-57
-137
-205
-238
-220
-190
-203
-227
-194
-109
-45
-27
-7
40
100
148
154
113
109
172
211
179
109
60
62
89
95
21
-83
-125
-102
-92
-115
-151
-180
-145
-67
-28
-36
-43
-19
18
33
12
-13
-23
-13
-12
-40
-74
-83
-66
-73
-109
-127
-98
-48
-27
-27
-22
2
47
99
132
117
93
99
124
127
104
67
22
14
48
57
-3
-71
-106
-77
-40
-50
-71
-78
-55
1
46
31
32
89
158
178
152
142
181
200
160
92
36
30
33
-30
-156
-246
-235
-200
-228
-285
-303
-268
-178
-96
-95
-135
-106
17
130
125
82
95
177
236
228
171
125
116
110
76
-14
-87
-107
-117
-169
-213
-217
-208
-203
-201
-193
-128
-27
41
57
79
166
300
360
319
255
246
307
315
213
65
-33
-46
-26
-68
-184
-284
-293
-238
-187
-201
-246
-256
-208
-122
-27
26
24
62
152
258
312
311
286
280
298
291
223
138
103
78
23
-75
-157
-197
-218
-274
-360
-398
-350
-274
-258
-279
-221
-65
87
142
136
147
225
293
282
209
145
142
143
105
23
-43
-71
-76
-98
-160
-218
-217
-171
-154
-189
-206
-136
-33
-8
-44
-71
-40
51
108
108
78
82
138
203
219
200
174
149
141
127
100
63
15
-29
-39
-24
-21
-20
-20
-7
2
-1
-15
-14
10
19
4
-38
-54
-28
-11
-52
-127
-178
-149
-71
-56
-116
-157
-104
-4
53
45
7
0
47
133
178
129
50
32
86
121
83
-5
-60
-64
-40
-29
-78
-149
-180
-162
-122
-101
-119
-135
-110
-68
-5
51
62
60
104
153
176
205
212
177
159
174
197
174
106
29
-4
11
24
-20
-138
-219
-198
-144
-144
-175
-214
-200
-103
-7
-2
-19
25
95
138
150
137
126
141
145
117
79
61
51
37
-26
-100
-130
-119
-111
-122
-138
-145
-112
-64
-31
-28
-26
-23
-5
35
66
58
17
8
47
75
54
6
-16
21
62
45
-7
-34
-17
10
0
-37
-63
-71
-46
-10
21
24
21
28
63
117
132
78
6
-10
18
29
-8
-78
-109
-70
-29
-34
-93
-117
-81
-33
-23
-66
-94
-34
50
66
41
40
101
165
150
84
39
40
78
71
-28
-112
-106
-46
-15
-73
-154
-173
-132
-76
-58
-96
-112
-80
-25
40
76
87
102
130
159
184
195
182
144
109
90
68
61
64
26
-49
-59
-38
-31
-73
-138
-163
-133
-76
-54
-67
-81
-45
16
61
66
42
29
43
50
49
51
42
18
18
39
44
20
-42
-95
-87
-49
-72
-113
-132
-102
-51
-21
-36
-21
46
104
118
98
93
102
111
102
69
37
26
19
16
9
-9
-40
-76
-94
-74
-58
-74
-118
-130
-78
2
18
-27
-42
-1
49
74
47
-11
-4
44
65
37
5
-17
0
36
18
-27
-50
-39
-18
-11
-45
-76
-74
-38
-4
-1
-17
-15
19
72
107
99
77
64
74
91
85
34
-12
-40
-38
-12
-4
-32
-49
-47
-56
-55
-42
-35
-50
-69
-65
-36
-7
21
23
6
0
32
66
64
18
-17
1
48
60
13
-26
-27
-9
-9
-21
-32
-46
-66
-82
-68
-37
-17
-13
-14
13
63
80
61
52
64
82
83
71
47
25
25
31
11
-16
-28
-5
8
-8
-28
-26
3
17
-7
-40
-49
-38
-12
-19
-38
-32
4
33
25
7
11
35
48
13
-22
-26
-11
-1
-23
-65
-69
-43
-18
-22
-55
-74
-48
1
20
-3
-15
11
54
84
75
54
51
53
60
73
58
39
20
7
28
44
31
-18
-65
-70
-5
40
7
-50
-68
-8
56
45
-25
-65
-34
32
40
-30
-75
-60
-13
-4
-49
-60
-22
14
17
-27
-68
-55
-25
-36
-64
-75
-55
-24
-23
-46
-63
-27
27
44
12
-33
-8
57
71
28
-5
18
60
78
70
46
32
43
55
39
13
-2
2
7
-7
-9
-9
-14
0
3
-11
13
51
52
20
-14
-3
39
47
14
-24
-43
-27
5
-11
-38
-49
-40
2
48
33
-20
-34
-2
50
32
-26
-61
-42
7
19
-23
-69
-61
-18
31
21
-20
-28
20
51
44
13
-20
-2
37
56
26
5
17
32
20
3
-7
-18
-9
-3
7
17
20
18
32
37
20
-2
-19
-24
-9
-14
-47
-54
-12
21
23
8
4
22
41
31
8
6
8
22
8
-26
-40
-31
-28
-39
-65
-77
-65
-50
-38
-35
-18
-1
4
3
3
13
32
43
47
41
36
49
72
73
47
14
3
11
24
30
19
6
-6