4
1
1
0
-2
-4
-7
-5
-4
0
4
6
4
6
3
4
-2
-6
-3
-1
-4
-8
3
8
9
2
-2
-1
5
-3
-12
-17
-10
-4
-4
-7
-3
5
5
0
-5
-6
-4
1
-4
1
6
5
4
4
4
1
-4
-2
-1
0
5
3
5
2
0
3
0
-5
-4
-4
-5
-4
-2
-8
-11
-5
-5
-11
-11
-4
-3
-6
-9
-9
-7
-3
-4
-4
-1
3
2
5
7
3
-1
-6
-1
-2
-7
-4
-1
2
5
-1
-2
5
7
3
3
3
4
5
-1
-2
-2
1
1
5
3
5
7
5
6
4
0
1
5
1
3
7
10
9
2
1
4
9
-1
-2
-6
-10
-3
2
-4
-13
-8
4
9
1
-4
-6
7
10
2
-5
3
11
11
-1
-3
2
5
5
1
3
5
7
6
3
-2
6
2
-4
-3
-1
-2
1
-4
-2
-5
-3
5
0
3
4
0
2
6
6
11
8
1
-1
4
2
-5
-8
-7
-6
-2
-1
-3
1
3
-3
-8
-5
-1
-7
-16
-15
-9
0
-2
-5
0
4
-1
-1
0
0
-1
2
0
0
11
11
5
5
8
-1
-4
-1
-1
-11
-8
0
0
-2
-4
-1
-3
-3
-3
-9
-12
-1
3
0
-2
-8
-1
7
6
1
-1
-2
-3
2
5
0
-1
1
4
7
8
0
4
7
3
-2
-4
-6
-5
-2
-5
-5
-1
-3
-3
4
3
-4
-4
-3
-1
-1
-4
-5
1
5
5
-3
0
9
4
1
-2
-5
-5
3
2
2
-4
2
12
10
7
5
1
5
10
-2
1
4
5
6
2
-1
0
6
4
4
-4
-5
2
3
3
-2
-3
1
8
11
1
-3
12
13
0
-5
0
5
2
-12
-5
1
-8
-3
2
-2
-4
-3
-3
-4
-5
-6
-9
-11
-10
-7
-8
-10
-5
1
9
9
3
-2
7
7
-2
-4
-14
-9
-2
-3
0
2
-12
-7
2
-2
-5
-1
-7
-13
4
-3
-5
-1
6
5
12
9
0
2
14
14
-4
-6
0
5
-4
-12
-5
4
1
-2
-1
-10
-2
16
9
-6
-7
2
7
7
-1
-6
-1
11
1
-5
-4
2
2
-2
-6
-8
0
3
-6
-5
1
-4
-1
-1
1
0
1
-1
1
5
5
2
-3
8
3
4
1
1
0
6
8
0
1
13
13
3
-2
-1
11
9
-9
-11
-1
-6
0
-4
-13
-9
-1
-3
2
3
-3
5
8
2
2
4
-2
3
6
2
8
17
14
10
8
15
14
5
1
1
11
10
-6
-14
-3
0
-10
-14
-19
-19
-15
-12
-15
-20
-19
-16
-16
-17
-25
-21
-17
-24
-19
-14
-5
-3
1
1
2
8
24
25
5
9
19
12
-3
1
-2
-3
1
0
0
4
-5
-23
-25
-41
-54
-48
-34
-32
-22
-18
-32
-11
25
36
38
50
89
92
86
102
101
90
78
53
11
12
-1
-25
-60
-73
-83
-108
-104
-111
-100
-98
-117
-143
-104
-78
-74
-38
-37
-23
16
81
103
92
93
125
117
108
119
102
93
79
62
20
-11
-33
-43
-40
-52
-88
-76
-40
-25
-35
-79
-41
21
56
55
117
190
166
130
99
91
79
79
41
14
22
-45
-84
-91
-69
-118
-114
-108
-126
-100
-86
-83
-45
8
60
98
78
59
27
22
29
54
1
-6
59
169
246
301
345
331
244
150
65
-39
-117
-164
-228
-216
-197
-244
-275
-296
-222
-178
-127
-60
-9
-20
-16
32
51
76
78
71
42
77
96
54
57
72
29
-57
-65
-16
30
58
66
-26
-76
-50
-133
-260
-352
-346
-331
-297
-255
-143
28
264
329
178
133
174
189
176
184
158
90
78
134
125
126
85
20
-53
-74
-10
-6
23
-45
-123
-156
-208
-259
-332
-386
-517
-556
-509
-318
-116
33
129
199
343
399
310
219
278
276
211
183
201
278
311
304
157
57
-1
-85
-90
-99
-64
-89
-106
-85
-21
-18
-50
-84
-167
-249
-252
-241
-260
-262
-223
-137
-100
-78
-36
29
63
120
93
4
-26
27
118
85
150
293
393
499
541
517
313
197
81
-176
-468
-563
-427
-396
-360
-196
30
187
358
391
417
480
473
390
256
228
223
251
262
392
470
522
553
370
125
-15
-109
-285
-389
-342
-317
-420
-402
-269
-263
-321
-351
-433
-450
-357
-267
-177
-156
-155
-146
-170
-105
-73
-98
-95
-59
-54
-3
-91
-322
-355
-214
-224
-330
-239
-52
-52
-172
-132
-74
20
197
160
-206
-410
-156
103
-42
-232
-177
-43
198
388
260
66
318
617
553
459
486
549
427
340
154
-266
69
629
334
-248
37
709
1068
906
233
-305
-137
606
697
-150
-690
-118
306
301
-23
-636
-791
-340
12
-2259
-5733
-5768
-1996
-384
-3622
-8627
-9316
-1836
5469
4510
-3020
-5311
1357
11227
13034
6933
1551
4448
13219
13301
1579
-5473
3067
11680
8753
-5079
-14985
-7972
8498
9486
-6969
-19808
-15740
-1798
6032
469
-10945
-14795
-7589
2911
6584
2694
-2332
-3356
270
5624
9311
9165
5445
1751
1830
5103
8308
7886
3111
-1982
-2854
-1426
1345
916
-3196
-10386
-16266
-14359
-4242
1305
-6017
-17557
-21331
-8326
7300
9090
-3291
-9528
-1094
14114
19027
13005
8681
11999
20066
19722
6601
-2049
8822
20933
14804
-5042
-19890
-12672
8969
15664
-5034
-27690
-28659
-11032
4496
3266
-12360
-24800
-20902
-6341
5816
7961
1318
-6928
-6963
2872
14924
19738
13416
2497
-1063
6169
15848
17529
9434
-965
-3955
-552
4273
4095
-1601
-9254
-11211
-10677
-14879
-17402
-11452
-5015
-8764
-18149
-23872
-13119
6423
14395
1739
-10617
-4659
14782
26792
22496
10970
7541
16584
26921
23273
7389
-504
8314
17032
9652
-8095
-19265
-11867
4289
4544
-15538
-30568
-25591
-9780
-195
-4544
-18331
-24113
-14865
-706
7072
6305
-687
-5206
826
12566
20178
18882
10728
3559
5770
14378
18357
13366
3806
-1997
-1585
2432
2784
-889
-8006
-12429
-12996
-16760
-20982
-16780
-7947
-8121
-15791
-24629
-18392
312
15183
9552
-4118
-7145
8159
25175
29150
19765
10218
12276
23159
26867
13630
1240
5430
15703
10862
-5983
-20108
-15323
2041
6678
-12720
-31070
-27978
-10545
857
-2643
-16688
-25458
-16828
-685
8298
6893
98
-5289
-94
11456
19187
18890
12130
4163
4282
12037
17883
14429
5657
-2035
-2711
478
2969
-315
-6648
-13773
-21147
-22962
-15410
-5407
-6378
-18044
-28693
-20164
521
13979
7012
-6255
-7994
7419
22537
24706
16790
10685
13846
21853
27484
21327
6003
-1200
9339
17763
8349
-10458
-21684
-14227
2473
4056
-15715
-31979
-26489
-9113
626
-4625
-17863
-23891
-14177
1341
9415
6637
-538
-3305
3201
13533
19349
17588
10475
4019
5642
12531
15855
11451
4303
-2610
-3530
-521
1603
-2654
-13456
-22969
-21742
-11407
-5241
-9714
-22065
-24278
-11963
4130
6627
-574
-5385
1400
12244
18340
17423
14179
14593
18749
22875
24206
17530
3786
-210
11928
19169
7052
-14227
-24417
-12696
6095
5592
-16181
-32222
-25581
-6749
3262
-2693
-17484
-23942
-14200
2614
10909
7204
-1427
-4621
2257
12920
18738
16482
8414
2402
4960
11849
13796
9756
2619
-3117
-4136
-687
-1399
-9747
-15427
-13377
-10579
-12667
-16066
-17244
-10499
-3111
-3350
-9090
-6587
4437
14212
11365
4540
4620
13641
22151
23222
16779
14056
17770
13432
1992
1303
13622
14766
-1056
-21087
-23714
-6573
10321
1000
-23204
-32483
-18102
-291
5013
-4650
-19342
-20914
-6999
7448
11108
6506
-1379
-3288
4108
13807
17528
14745
6521
857
3164
10092
11419
7742
432
-5467
-6818
-6716
-7390
-6875
-6589
-11190
-16685
-20182
-14211
-3148
1986
-5094
-12918
-10514
3956
16636
14525
3457
-1024
8259
20355
23632
18001
12207
12827
13425
5865
-437
7730
14773
4528
-14616
-23187
-13455
4945
7415
-13685
-31806
-25588
-6020
4920
944
-12463
-20040
-12669
1859
10408
10229
3970
-1904
-61
8465
16014
18228
12771
3350
-389
5200
10794
11022
5240
-5288
-13639
-11652
-2918
175
-6861
-17666
-21327
-15293
-5433
-2500
-7311
-11701
-9180
-2277
4692
8874
8200
5123
5169
11176
18121
20343
17397
13236
14513
15347
7474
-541
5439
13042
6401
-10636
-21581
-15904
1029
6574
-11280
-29877
-26596
-9196
1336
40
-10585
-18796
-13535
297
8704
9622
5848
426
382
7623
15582
18480
14676
6416
1512
4827
10313
11282
6020
-5649
-14204
-10872
-1187
-322
-10559
-22307
-21042
-9590
-2509
-7424
-14924
-13763
-3958
3718
4004
2263
3473
7866
11687
14006
15644
17339
17685
17271
18056
16005
6261
-886
6145
14982
7832
-10626
-22804
-17052
333
6770
-10406
-30229
-28862
-11382
646
-22
-10461
-19678
-16089
-1544
9477
10910
5927
-261
-559
7310
17095
20264
14947
5477
1702
6464
12625
12207
4551
-6893
-12398
-7487
-892
-3373
-13016
-20251
-18295
-10237
-5600
-8698
-13301
-11621
-4831
500
2788
3914
5054
6869
9699
12997
16637
18481
17829
16129
17553
18337
9547
-1358
2207
14339
11795
-6040
-22303
-20620
-3914
7999
-3910
-26034
-31348
-15502
-387
2014
-7027
-18420
-18846
-5134
8631
11469
6342
-354
-1464
5608
15737
19711
15502
6457
1752
5486
12175
12201
3889
-6283
-8855
-4275
-1879
-6794
-14213
-15556
-10795
-8049
-11409
-14026
-10675
-3999
-1159
-3602
-4620
54
7968
11646
9646
6998
10459
16092
18980
17724
15582
15520
11177
1273
-1639
9605
14597
2294
-17182
-23248
-11433
6115
4557
-16841
-32520
-24160
-5343
3609
-1304
-13898
-20355
-12073
3909
11652
9325
2409
-1907
1298
11204
18907
18349
10559
3046
2700
9023
12264
7086
-1035
-5494
-6267
-6321
-6849
-8948
-9469
-9582
-11742
-15369
-13377
-6305
-1030
-3577
-8835
-8248
-300
9108
11843
7240
3400
7261
15169
19488
18511
14807
14203
13200
5741
-1236
4908
14451
8627
-9681
-22489
-16992
224
8966
-6459
-28213
-30160
-12382
1449
1980
-8138
-18820
-17693
-3670
8585
10571
6253
-177
-2074
4802
15878
19834
15281
6461
1517
4287
9366
9409
5636
-49
-6809
-10907
-9402
-3330
-252
-6581
-16844
-19715
-12218
-1567
1505
-5931
-13681
-11131
331
9585
10155
5102
2257
5432
13444
18425
17741
14411
13860
13956
8084
-66
2128
12739
12064
-3127
-19289
-19552
-5015
9034
650
-21697
-31225
-18204
-2312
2745
-3655
-15627
-19778
-9632
4394
9678
7957
1939
-2733
811
11617
18771
17243
10121
2539
1608
6130
8977
7798
3800
-3480
-10826
-11514
-4268
3055
-1552
-13875
-20523
-14821
-3092
3584
-3047
-13633
-13543
-1902
8853
9876
4721
1490
4728
12147
17127
16276
13925
15175
13150
3483
-1951
7369
17048
9962
-8808
-20656
-13764
3499
9803
-6187
-25772
-26875
-11359
507
712
-8673
-17811
-16588
-5212
4751
7571
4890
-526
-2590
2768
12063
16986
14803
7091
1251
1993
6158
9182
8901
2746
-6956
-11581
-6866
2026
3463
-5802
-16166
-17247
-8458
1040
749
-8116
-13705
-9509
624
8017
7495
2577
410
5292
12749
16385
14866
12304
12332
10956
4164
-113
7428
15089
8098
-9191
-18249
-10258
5149
8156
-7505
-24309
-23720
-9245
968
-201
-9552
-17093
-15427
-4947
4527
7604
4248
-1659
-3469
2386
11846
16746
13836
4489
-2812
289
10201
14706
7904
-4240
-11426
-6536
3895
6294
-3535
-13766
-13658
-6789
-1785
-2026
-6121
-10563
-9383
-3378
1869
3765
3087
1635
2244
7325
11922
12843
11522
11505
12676
9256
1376
-614
9377
15256
5925
-11834
-17403
-5929
8873
6751
-10528
-23981
-20187
-6083
2849
-165
-11547
-18269
-14008
-2641
6116
7893
1602
-5232
-3999
4606
13112
15454
9218
-750
-3020
4979
12565
11126
2692
-4946
-6496
-1116
4291
2611
-5063
-9954
-8613
-5159
-3010
-3085
-5443
-8402
-6998
-2504
960
2256
2461
1786
2555
6919
9872
9958
9395
11580
11791
5541
-1781
1164
11778
13524
1333
-13919
-14129
-149
10739
2607
-14019
-21076
-13333
-2175
2143
-3455
-13031
-15610
-9584
-1066
4627
5387
-236
-4989
-2184
5552
11740
13192
7002
-3221
-4192
6492
14363
9962
-825
-8260
-5343
4823
8532
-255
-10057
-9488
-2782
103
-2472
-6142
-8007
-6341
-2146
-397
-618
-53
1709
2108
4087
7052
8767
8086
8255
10471
8030
979
-1005
7243
11938
6119
-7033
-12992
-4938
8438
7162
-7537
-17590
-13662
-3802
1650
-690
-9791
-14956
-10758
-2436
2024
3307
241
-4560
-3913
2755
8512
9855
7356
694
-4542
-158
9932
12665
4725
-5168
-8635
-938
9900
8700
-4751
-12425
-6769
1967
3336
-1928
-7802
-8991
-3702
1751
1578
-1229
-1233
633
2904
5630
7024
6746
6398
8064
8290
3013
-1747
2588
10312
8670
-1826
-11223
-8577
3449
9846
105
-13313
-15682
-6999
1387
2785
-4203
-12906
-13473
-5942
1485
3865
1707
-3971
-6103
-881
6320
9085
7057
1265
-3253
-847
5604
8413
5109
-288
-3146
-2437
1518
4690
2593
-3214
-5635
-4129
-1287
611
-339
-4072
-6190
-3171
507
1721
880
716
761
3346
6015
6488
5650
6459
8236
5557
-1130
-2783
5571
11107
4873
-8241
-12895
-3786
8676
7575
-6263
-16276
-12215
-851
4657
676
-8781
-13170
-8665
-575
3339
2870
-751
-4737
-3531
2235
6992
7357
4778
-4
-3544
-1517
5033
8656
4483
-3411
-7455
-2906
5681
7654
-248
-7927
-6495
163
3574
1176
-3479
-5843
-3352
1127
2343
817
213
1391
2726
4710
5593
5651
5572
6907
6107
779
-3696
569
8325
7448
-3099
-12766
-9200
3541
9508
-202
-12585
-14240
-4949
3693
4374
-3267
-11196
-10469
-2836
3323
4136
1523
-3190
-4739
-391
5728
7550
5257
965
-3337
-2665
2998
6716
3790
-1904
-5718
-3726
2410
5404
717
-5185
-4912
-389
1750
493
-1793
-3257
-2161
682
1587
487
43
1524
3192
4855
5414
4633
3800
5340
8359
5646
-2677
-5876
2528
9340
4974
-8202
-14550
-6309
7538
7855
-5059
-15065
-11868
-1201
5361
3053
-6180
-11742
-8298
282
5213
5164
407
-4660
-3997
2432
7712
7656
3673
-1870
-4368
-660
5509
6070
449
-5099
-5504
-901
4030
2813
-3158
-5358
-1641
1252
164
-1434
-1662
-1042
63
1153
941
400
1310
3149
4676
5246
4851
3982
4642
7303
6230
-1125
-5734
430
7920
5500
-5853
-13426
-8069
4954
8342
-2601
-13639
-12419
-2469
4903
4046
-4129
-10494
-8534
-674
4855
5386
1301
-3851
-4074
1169
6248
7347
4377
-1005
-3737
-1099
3281
5166
1777
-4345
-6990
-2621
3362
3937
-2487
-6844
-3191
2629
2820
-909
-3402
-2211
1269
3137
2211
310
145
1810
4404
6212
5823
3976
3289
5089
6886
3139
-3513
-4231
2737
6264
312
-10305
-12051
-2348
7004
3246
-8082
-13694
-7975
1914
5887
637
-7820
-9640
-3797
3511
6319
4042
-1569
-4370
-640
5063
7004
5335
1007
-2551
-1742
1213
2409
2476
-125
-4490
-6425
-2818
2684
3263
-2507
-6790
-3947
1554
3755
651
-3106
-3068
769
3728
3577
1646
640
1929
4569
6551
5633
4150
3915
5284
5586
1513
-4045
-3048
4011
5554
-2470
-11845
-10465
-313
6535
927
-9665
-13412
-6248
2816
4959
-740
-7580
-8376
-2920
3871
6416
4005
-1583
-4055
-344
5358
7479
5508
787
-2925
-1488
1779
2773
2033
-1167
-5197
-5664
-1662
2185
1869
-3416
-6034
-2182
2186
1955
-1026
-2560
-988
2183
2933
1810
423
1624
3946
5585
5082
4180
3764
4897
6864
4023
-2700
-4664
1797
5919
1571
-8243
-11992
-4817
5181
4385
-5689
-12510
-8855
-93
4568
1870
-5176
-8634
-4947
1741
4884
4091
480
-3017
-2088
3164
6602
5738
2248
-1071
-1326
774
1606
1037
506
-1328
-4117
-5378
-2109
2289
2037
-3247
-5738
-2840
1801
3114
593
-2582
-2210
1782
4133
2913
965
1662
3527
5450
5522
4621
3836
5304
5861
1309
-4403
-2478
4264
4944
-2798
-11125
-9966
-212
6479
929
-9362
-12337
-5218
2804
4407
-948
-7096
-7483
-1955
3599
4930
2977
-774
-2741
-155
4590
6268
4423
956
-1837
-732
1571
1277
-85
-598
-2184
-4174
-4705
-2115
1337
575
-3578
-4998
-2246
1478
3058
591
-2132
-1350
2291
4071
3169
1965
2387
4057
5643
5933
4644
4205
5715
4848
-881
-4325
22
5032
2736
-6110
-11817
-7269
2645
5114
-3010
-11436
-10508
-1969
3884
2602
-3614
-7622
-5674
440
4513
4381
1545
-1627
-1400
2269
5812
5533
3172
-30
-1255
575
1923
680
-877
-1704
-2771
-3651
-4024
-2068
-16
-1085
-3337
-3552
-2067
682
2216
507
-1429
-431
2118
3455
3120
2897
3287
4304
5236
5500
4939
5130
6442
4411
-1815
-4796
586
5816
2850
-7112
-12705
-7242
3276
5334
-3559
-12267
-10712
-1690
3772
2261
-3812
-7605
-5707
728
4781
4449
1359
-1247
-980
2327
5716
6145
3818
308
-1182
637
2276
523
-1808
-1650
-1134
-3173
-5649
-4400
36
1751
-1379
-5719
-5625
-336
4740
3107
-2094
-3574
158
4275
5267
3762
2360
3103
4962
6141
5792
5566
6424
3987
-2560
-4961
1588
6780
2308
-8254
-12568
-5798
4344
4950
-4850
-12623
-9628
-608
3330
585
-5141
-7066
-4236
1005
3409
3107
1306
-217
-121
1935
4762
5851
4444
748
-1027
586
1931
1159
287
-1194
-3798
-4456
-2440
74
-89
-2913
-4339
-2853
-764
286
28
-1515
-1072
815
1593
1083
1838
3334
4283
4555
4249
4349
5148
6743
7067
2683
-3469
-3202
3696
6319
423
-8831
-10583
-3037
5000
2790
-6528
-11596
-7464
-150
2356
-388
-5525
-7316
-4353
960
3693
3501
883
-1532
-814
3019
6372
6306
3200
-758
-865
2368
3061
749
-757
-1129
-2343
-3023
-3080
-1334
111
-798
-3706
-5075
-3166
863
2225
-632
-2946
-2045
995
3322
3681
2199
1908
3543
5273
5610
5321
6020
6036
1681
-3254
-1257
5364
5979
-1667
-10004
-8929
-85
5604
519
-8592
-11432
-5493
1388
2055
-2592
-6880
-6753
-2975
1449
3297
2348
-194
-1242
353
3498
5852
6089
2906
-580
72
3532
4316
1601
-1599
-2982
-2474
-822
-609
-2346
-3386
-2805
-2455
-2558
-2205
-1587
-1137
-1247
-1263
-714
100
1264
2047
2272
2897
4380
4674
4600
5453
6938
7111
3189
-2407
-2187
5132
8032
994
-8957
-9694
-1432
5637
2396
-6734
-11779
-7661
-256
2100
-1557
-6304
-7717
-5167
-178
3260
3049
-91
-2179
-1125
2562
6250
7160
3358
-809
-1
4219
5668
3000
-1100
-3262
-1801
766
145
-3117
-4081
-2210
-944
-2599
-4452
-3512
-568
384
-1546
-3645
-2738
994
3454
2482
583
1255
3675
5606
6299
6180
6469
5332
668
-2505
2352
8837
6268
-4074
-10411
-5784
3627
6367
-1178
-10305
-11325
-4245
1605
1086
-3896
-7934
-8023
-3811
1076
3240
1750
-1457
-3220
-915
4482
8081
6263
1065
-1165
1750
6102
6682
2661
-2587
-3602
-335
2514
938
-2958
-5049
-3588
-1415
-1496
-3128
-3712
-2780
-2053
-2139
-2375
-1598
181
1106
835
1034
2648
4098
5215
5990
6473
7043
4842
-10
-883
5576
9343
3921
-5738
-8778
-2601
5658
5326
-3786
-11812
-10302
-2801
1890
58
-5813
-10058
-8962
-2690
2822
3506
-555
-4297
-3653
2024
7253
7576
3555
78
711
4943
7393
4852
371
-1401
392
2013
934
-1861
-2846
-2120
-1499
-3327
-5244
-4140
-1234
-1446
-4354
-5808
-3482
300
1817
108
-1509
-132
3593
5837
5661
4964
6045
7317
4830
387
1104
7552
9451
2589
-6702
-7529
396
7445
3615
-6959
-13103
-8923
-740
2442
-1637
-8405
-11499
-8057
-921
3471
2081
-2734
-5426
-2662
3654
7839
7154
2912
-39
1480
6348
7782
4323
805
73
291
799
913
-398
-1684
-3060
-4345
-4767
-3484
-1863
-2375
-5593
-6546
-3666
-835
143
-459
-1802
-1143
2313
5049
5117
5015
5741
7219
7620
4723
1016
2961
8574
8479
481
-6985
-5145
2706
6545
438
-9368
-12765
-6457
545
868
-4735
-10177
-10935
-6015
243
2496
-40
-3915
-4521
-535
5131
7678
6298
2709
918
3188
6939
7110
4683
1908
-436
-1055
808
2321
519
-3808
-6504
-5081
-2577
-2156
-4022
-6630
-6964
-3956
-1667
-1741
-1908
-1360
-716
950
3111
4620
5404
6258
6631
7599
8329
5854
2100
3595
8478
7849
390
-6130
-4524
2119
4877
-1342
-10059
-12169
-6353
-643
-834
-5970
-10656
-10352
-5167
338
1880
-394
-3320
-3106
946
5905
7974
6583
3524
2189
4182
7313
7450
5179
2149
-509
-1162
488
1041
-1269
-4788
-6776
-5877
-4634
-4727
-5272
-5773
-6069
-5002
-3469
-1874
-493
-157
-722
468
3462
6490
7411
6981
6747
8613
10330
7919
3243
3061
7421
8319
2208
-5451
-6376
-747
3188
-1048
-9300
-12923
-8883
-3354
-2042
-5429
-9553
-10700
-7053
-1525
2017
1688
-1145
-2568
458
6004
9706
9431
5555
2303
3703
8272
9465
6296
1947
-1196
-1837
326
1064
-2172
-6492
-8266
-7207
-5860
-5879
-6558
-7193
-7199
-5308
-3410
-2372
-1458
-384
275
2247
4795
6627
7433
7892
8554
9896
11925
10842
5164
872
4506
9552
6794
-2847
-9522
-7367
176
2356
-5010
-13966
-14711
-8239
-2734
-2745
-7332
-11453
-10431
-3942
2188
3853
1541
-938
-153
4846
10225
11769
8668
4481
3493
6888
10117
8308
3142
-939
-2509
-2052
-728
-1816
-5341
-8877
-10161
-8998
-6699
-5633
-6266
-8011
-8304
-5107
-1216
369
130
380
2155
5164
7730
9220
9543
9555
10167
11610
11893
8416
3163
2288
6213
7074
671
-7922
-10092
-4841
163
-3097
-11458
-15735
-11914
-5870
-3416
-5519
-9203
-10280
-6207
289
4049
3868
1843
1264
4095
8918
11867
10956
7335
4814
5934
8668
8056
4147
199
-1988
-3252
-3276
-3533
-5377
-8186
-10330
-10762
-9158
-6677
-5841
-7124
-8505
-6184
-1876
880
1304
1787
2797
5019
7973
10169
10710
10510
10572
10872
11816
10939
5977
904
2186
5905
3967
-4450
-11217
-10294
-3923
-1334
-6787
-14579
-16081
-10370
-4018
-2337
-5773
-9588
-8723
-2305
4097
6450
5167
2774
2586
6676
11803
13010
9995
6162
4219
5452
7520
6291
1481
-3068
-4848
-4725
-4390
-5843
-8382
-10665
-10694
-9569
-8536
-7939
-6611
-5670
-4832
-2961
-704
1525
3560
5160
5868
7210
9022
11077
11818
11410
10638
11159
11073
7096
1216
257
4209
4771
-2029
-10955
-13033
-6898
-993
-4343
-13191
-17246
-12319
-4740
-1456
-4098
-7919
-7993
-3379
2760
7020
7336
4781
3206
5455
9806
12688
11945
7687
3397
3053
5906
6621
3197
-1966
-5869
-7637
-6671
-5076
-5983
-9697
-12921
-12749
-9152
-5150
-4001
-5573
-6716
-4208
781
4174
4759
4597
5263
7100
9559
11516
11869
10887
9811
9884
10564
8843
3200
-1377
54
3299
748
-7506
-13523
-11563
-4972
-2845
-8167
-14673
-14667
-8507
-2495
-1061
-3610
-6395
-5474
310
6896
9544
7575
4315
3853
7579
12095
12829
9167
4078
1558
3228
5950
4406
-1385
-6524
-8215
-7175
-5460
-6091
-9652
-12505
-11802
-8805
-6276
-5240
-4646
-3925
-2886
-217
3080
5296
6182
6550
6633
8058
10408
11914
11090
9328
8283
8716
8850
5507
-484
-3269
-298
1661
-2877
-11231
-14562
-9989
-3288
-3542
-10184
-15008
-11890
-4382
417
-313
-3833
-5223
-1850
4768
9393
9420
6368
4137
5193
9064
11798
10507
5929
1556
653
2980
4138
1170
-4280
-8444
-9227
-7038
-5004
-6756
-10934
-12781
-10037
-5860
-3563
-3669
-3874
-2823
-74
3589
5600
5796
6073
7115
7969
9325
10424
10200
8801
7754
7369
7497
6815
2517
-3391
-4529
-357
669
-5622
-13467
-14255
-7720
-2026
-4275
-10963
-13514
-8480
-1363
1729
-263
-3045
-2643
1533
6579
9264
8701
6085
4268
5357
8485
9990
8099
3556
-235
-254
2378
2396
-1528
-6659
-9386
-8737
-5946
-4956
-7973
-11769
-11192
-6518
-2966
-2591
-3500
-2804
53
3615
5302
5063
5273
6944
8305
8460
8494
8485
8114
7638
7377
6543
5545
4064
79
-4579
-4450
-504
-862
-7654
-13707
-12318
-5500
-1279
-4096
-10142
-11705
-6256
726
3144
811
-1897
-1645
2442
7414
9597
7986
4908
3339
4878
7779
8347
5491
1301
-1021
-562
815
7
-3184
-6771
-8423
-7867
-6182
-5689
-7307
-9171
-8582
-5636
-2868
-1249
-770
-409
669
3125
5331
6239
6478
6649
6604
6714
7491
7668
7165
6330
5279
3931
3724
3435
-226
-5032
-5355
-1907
-1713
-6374
-11239
-10888
-5459
-898
-2753
-8066
-9082
-4034
1467
3150
1676
-433
-429
2860
6754
7995
6785
4750
3066
3329
5310
6185
4275
964
-1724
-2201
-829
-360
-2350
-5907
-8532
-8597
-5691
-3289
-4606
-8372
-8997
-4647
460
1870
-44
-1581
124
4484
7345
6512
4454
4203
5505
6729
7090
6349
5097
4128
3756
3477
3297
2386
-1293
-5507
-5420
-1408
-683
-5436
-10460
-9647
-4137
-81
-1629
-6155
-7359
-3246
1982
3753
2219
130
-128
2298
5664
7098
5806
3316
1714
2257
4257
5002
3112
-240
-2395
-2129
-683
-723
-3218
-6296
-7416
-5871
-3747
-3841
-5975
-6952
-4857
-1419
254
-440
-922
791
3246
4675
4579
4027
4223
5290
5987
5472
4618
4313
4519
4069
3297
2583
2494
1458
-2030
-5406
-4148
-209
-463
-5848
-10204
-8176
-2136
1324
-1411
-6205
-6772
-2054
2821
4122
2157
-247
-627
1874
4987
6319
5202
2676
716
1092
3167
4353
3098
-155
-2888
-2953
-976
-313
-2158
-5140
-7304
-6616
-3432
-1767
-3820
-6292
-5326
-1466
1477
1200
-264
-265
1779
4492
5173
3816
3067
4055
4942
4950
4287
3870
3841
3743
3084
2367
2213
887
-2447
-4683
-2456
333
-1404
-6472
-8557
-5454
-419
1017
-2551
-6509
-5340
-187
3438
3174
627
-1295
-705
2456
5339
5515
3236
920
226
1678
3812
4282
1747
-1786
-3034
-1230
611
-327
-3332
-6000
-6293
-4018
-1770
-2426
-5029
-5878
-3306
220
1221
-261
-1116
72
2653
4488
4120
2641
2593
4077
4873
4303
3550
3905
4014
3295
2493
2858
2727
35
-3593
-3857
-493
984
-2577
-7585
-7822
-3086
1165
37
-4584
-6843
-3641
1389
3421
1643
-1075
-1833
345
3581
5121
4120
1904
427
1066
3081
4233
3045
288
-1797
-1608
91
339
-1447
-3802
-5265
-5052
-3015
-1885
-3612
-5699
-4909
-1789
196
-462
-1730
-1077
1383
3598
3628
2253
2100
3580
4740
4756
4097
3661
3678
3844
3723
3719
3621
1603
-2204
-3959
-1188
1851
-45
-5855
-8948
-5790
-130
1481
-2408
-6836
-6443
-1597
2518
2536
-35
-1969
-1443
1261
4183
5116
3704
1498
486
1667
3862
4757
2857
-410
-2196
-1000
885
652
-1792
-4668
-5879
-4331
-1664
-1803
-4775
-6512
-4371
-951
92
-1371
-2229
-641
2188
3697
2833
1702
2500
4392
5283
4761
3685
3359
4000
4643
4482
4026
2396
-932
-3137
-1360
1606
593
-4619
-8708
-6974
-1486
1242
-1674
-6461
-7422
-3463
1396
2880
739
-2152
-2575
294
3981
5664
4440
1884
346
1704
4500
5736
3782
213
-1962
-1049
1246
1367
-1304
-4631
-6067
-4698
-2132
-1802
-4441
-6776
-5641
-2118
-298
-1316
-2357
-1413
893
2954
3208
2432
2781
4204
5025
4907
4551
4466
4515
4475
4290
4236
3402
717
-2295
-2338
364
920
-3007
-7757
-7887
-3512
172
-1199
-5810
-7963
-4957
172
2507
741
-2242
-2637
167
3783
5469
4453
2313
1286
2369
4488
5681
4478
1441
-954
-693
1045
1392
-858
-4269
-6003
-4564
-2087
-2277
-5375
-7478
-5540
-1909
-958
-2695
-3599
-1749
1381
3167
2477
1481
2582
5002
5985
5240
4373
4514
5048
5261
4853
4311
3755
1605
-1691
-2736
-84
1325
-2068
-7384
-8733
-4981
-545
-676
-5239
-8430
-6131
-918
1878
718
-1692
-2349
-251
3090
5240
4908
3354
2346
2502
3779
5449
5571
2893
-251
-1094
279
1181
-100
-3449
-5940
-5090
-2612
-2796
-5665
-7111
-5115
-2366
-2104
-3777
-4033
-1218
2030
2666
1233
1049
3337
5981
6495
5153
4251
4932
5968
5883
4989
4573
3609
792
-1961
-1445
977
596
-3872
-8183
-7762
-3667
-995
-2781
-6817
-8157
-5070
-740
886
-407
-2122
-1866
657
3606
5130
4803
3449
2548
3226
4904
6010
5292
2764
189
-279
884
1020
-1028
-3838
-5283
-4593
-3321
-4004
-6099
-6651
-4733
-2994
-3403
-4502
-3517
-653
1556
1671
953
1602
4039
6221
6437
5438
4880
5538
6522
6546
5371
4288
2800
642
-952
-194
668
-1242
-5391
-7678
-6138
-3305
-2580
-4861
-7405
-7237
-3975
-941
-351
-1532
-2216
-1053
1682
4189
4941
4283
3458
3395
4422
5877
6200
4697
2460
993
930
1086
-136
-2274
-3645
-3941
-4172
-4923
-5851
-5953
-4918
-4153
-4822
-5752
-4535
-1473
504
313
-307
544
3018
5666
6372
5536
5066
5684
6644
7253
6805
5516
3896
1908
277
251
1172
122
-3547
-6858
-6759
-4330
-2899
-4196
-6897
-7968
-5997
-2854
-1272
-1646
-2390
-2187
-375
2361
4541
4760
3836
3349
4060
5469
6548
6106
4032
2183
1800
2104
897
-1395
-2858
-2816
-2884
-4261
-6258
-6695
-4857
-3416
-4600
-6819
-6684
-3467
-143
280
-1137
-1198
1377
4688
6162
5503
4857
5545
6714
7274
7026
6374
5469
3475
1128
446
1721
1708
-1335
-5454
-6913
-4871
-2655
-3428
-6705
-8712
-7362
-4023
-2059
-2401
-3448
-3328
-1457
1131
3252
4035
3719
3216
3745
5190
6385
6390
5068
3295
2311
2733
2599
492
-1910
-2539
-2288
-3051
-4815
-6064
-5611
-4437
-4405
-5877
-6791
-4992
-1912
-754
-1639
-1735
137
3072
5054
5120
4349
4815
6566
7771
7375
6412
5801
4402
2431
1654
2463
2227
-419
-4098
-5789
-4421
-2376
-3008
-6356
-8849
-7844
-4561
-2431
-2983
-4517
-4618
-2585
338
2455
2990
2712
2694
3486
5061
6434
6528
5240
3829
3033
3010
2892
2154
545
-1360
-2856
-3560
-3527
-3345
-3768
-5431
-6899
-6538
-4650
-3266
-3218
-3842
-3708
-1879
944
3026
3356
2910
3186
4854
6839
7838
7229
6068
5333
4651
3693
3170
3309
2322
-545
-3452
-4042
-2714
-2087
-3581
-6429
-8060
-7164
-4714
-3335
-3805
-4911
-5015
-3350
-697
1557
2194
1883
1723
2754
4604
6349
6508
5113
3647
3533
4094
3463
2088
1010
288
-1042
-2480
-3465
-3424
-2990
-3564
-5430
-6980
-6161
-3700
-2335
-3281
-4208
-3273
-535
2137
3237
2853
2685
3833
5769
7123
7006
6380
5449
4059
3142
3781
4338
2723
-503
-3131
-3265
-1691
-1181
-3504
-6791
-7870
-6202
-4088
-3772
-4859
-5708
-5043
-3111
-974
394
878
1042
1487
2632
4185
5536
5849
4997
3970
3896
4419
4110
2804
1363
467
-84
-755
-1896
-3031
-3587
-3710
-4150
-4910
-5389
-5009
-4040
-3134
-2727
-2515
-1717
-184
1516
2725
3457
3705
4113
4954
6139
6675
5824
3999
2941
3612
4386
3192
192
-1950
-1909
-1052
-1449
-3299
-5406
-6278
-5419
-4239
-4284
-5161
-5427
-4625
-3149
-1700
-874
-461
159
1216
2329
3333
4176
4631
4438
4062
3924
4000
4150
3797
2350
562
-133
336
375
-1074
-3281
-4409
-4062
-3196
-3145
-4133
-4993
-4418
-2793
-1468
-1005
-977
-488
793
2460
3510
3817
3893
4499
4930
4498
3763
3794
4209
3724
1976
2
-467
339
280
-1557
-3713
-4529
-4094
-3386
-3479
-4448
-5431
-5299
-3989
-2491
-1633
-1538
-1586
-1114
375
2162
3176
3049
2676
2966
3830
4231
3839
3490
3259
2514
1338
718
830
825
-254
-2001
-3197
-3152
-2405
-2306
-3390
-4348
-3832
-2515
-1518
-1269
-1308
-988
237
1638
2444
2553
2843
3585
3859
3252
2863
3569
4103
3290
1436
200
439
1262
819
-1134
-3143
-3594
-2741
-2146
-2850
-4126
-4868
-4621
-3582
-2395
-1763
-1850
-1991
-1472
-234
1176
2226
2548
2098
1839
2364
3252
3991
4242
3299
1486
603
1557
2783
2075
-514
-2581
-2532
-1034
-360
-1706
-3831
-4299
-2820
-1241
-969
-1714
-2118
-1538
37
1493
1948
1524
1628
2304
2638
2651
2930
3190
2790
1986
1157
1010
1509
1488
118
-1489
-1944
-1577
-1435
-2049
-2961
-3649
-3743
-3393
-2983
-2662
-2389
-2033
-1749
-1281
-571
367
1079
1472
1554
1325
1345
2343
3811
3977
2415
715
893
2708
3559
1762
-1016
-2003
-678
872
404
-1784
-3537
-3066
-1277
-286
-1012
-2004
-2024
-1061
191
920
1015
952
1226
1131
1106
1749
2767
2675
1545
536
696
1686
2079
967
-627
-1236
-823
-509
-953
-1855
-2506
-2758
-2718
-2553
-2326
-2107
-1967
-1968
-1885
-1343
-509
193
411
120
-137
566
2075
3000
2360
1032
700
2012
3393
2859
789
-445
288
1480
1344
-161
-1335
-1282
-435
-110
-625
-1360
-1431
-947
-472
-254
-182
-14
199
425
342
328
580
1135
1248
880
341
377
955
1360
994
247
-264
-330
-104
-24
-453
-1177
-1768
-1943
-1750
-1289
-1041
-1429
-2104
-2101
-1209
-407
-268
-622
-1071
-1089
-79
1298
1687
902
92
457
1825
2801
2257
806
4
695
1880
1969
680
-569
-585
327
912
522
-365
-1006
-960
-383
120
217
14
-392
-636
-493
-37
285
443
248
-112
-375
-89
589
944
583
-39
-307
-111
327
548
235
-424
-1053
-1237
-900
-427
-479
-1041
-1586
-1691
-1269
-626
-267
-721
-1484
-1522
-435
592
657
-99
-627
-38
1364
2028
1227
226
378
1453
2098
1659
720
332
768
1379
1318
775
319
195
127
155
171
176
104
-79
-440
-894
-946
-528
-88
-328
-833
-1115
-748
-143
270
63
-277
-449
-181
221
540
454
91
-361
-548
-289
147
212
-349
-1059
-1278
-736
-202
-345
-1140
-1606
-1141
-285
-136
-642
-1027
-807
-37
738
830
320
114
569
1269
1629
1480
1040
862
1209
1772
1947
1568
990
700
746
964
939
493
-58
-183
-81
-532
-1248
-1379
-726
-430
-999
-1924
-1917
-846
121
-108
-1079
-1438
-676
474
955
606
-69
-411
-80
680
1100
740
-56
-617
-572
-113
192
-167
-879
-1274
-1128
-869
-759
-710
-719
-976
-1141
-721
163
593
286
-134
151
969
1641
1711
1359
1225
1646
2184
2173
1815
1518
1376
1179
1019
922
775
520
-56
-922
-1453
-1086
-596
-974
-1975
-2500
-2050
-1106
-793
-1429
-1898
-1258
-115
200
-235
-384
303
916
876
484
389
685
1067
918
147
-406
-239
184
62
-625
-1300
-1393
-958
-602
-759
-1264
-1430
-999
-392
-130
-181
-195
99
680
1217
1516
1649
1817
1950
2019
2195
2426
2357
1891
1425
1211
1262
1326
807
-250
-1056
-1067
-799
-982
-1809
-2639
-2686
-1982
-1440
-1581
-2031
-1939
-1200
-397
-118
-240
-312
63
687
1031
922
827
904
842
651
674
783
445
-288
-801
-643
-213
-284
-1074
-1835
-1705
-866
-419
-799
-1339
-1250
-538
301
706
675
702
1139
1848
2310
2444
2368
2295
2199
2299
2444
2315
1881
1064
165
-154
220
115
-882
-2137
-2674
-2251
-1564
-1675
-2512
-3046
-2700
-1829
-1135
-873
-898
-885
-613
16
772
1245
1224
765
604
1029
1712
1774
1025
50
-87
527
763
-17
-1147
-1517
-1027
-577
-924
-1657
-1954
-1492
-754
-469
-563
-446
132
753
1221
1476
1822
2117
2275
2311
2459
2660
2690
2462
1785
1061
763
907
728
-174
-1358
-2005
-1808
-1456
-1682
-2367
-2982
-2990
-2396
-1733
-1596
-1709
-1651
-1262
-640
44
459
559
656
872
1081
1317
1449
1335
1226
1222
1052
570
116
29
209
99
-555
-1363
-1689
-1338
-740
-593
-1119
-1601
-1296
-284
581
858
658
581
952
1747
2514
2722
2315
1981
1921
1901
1933
1926
1501
653
-99
-504
-445
-372
-901
-1928
-2722
-2626
-1952
-1682
-2154
-2696
-2633
-2059
-1204
-828
-882
-982
-550
52
682
984
888
773
1013
1381
1460
1252
943
816
841
725
353
-20
-158
-276
-486
-709
-819
-859
-778
-596
-409
-211
-43
169
460
850
1100
1253
1444
1799
1965
1599
1179
1224
1581
1495
931
124
-297
-136
140
-202
-1091
-1817
-1947
-1566
-1287
-1521
-2123
-2429
-2101
-1495
-1075
-1021
-1102
-990
-583
-174
151
484
710
619
429
555
984
1283
1112
629
293
384
671
698
345
-114
-333
-268
-59
136
139
-39
-182
-38
300
614
770
828
795
888
1134
1117
883
873
1167
1099
578
5
-44
270
440
42
-774
-1351
-1219
-712
-595
-1075
-1662
-1856
-1568
-1130
-897
-1040
-1292
-1312
-996
-553
-191
-59
-228
-243
109
564
594
440
386
409
454
585
611
442
356
408
403
388
510
657
567
425
377
481
650
759
659
489
596
898
887
489
254
424
675
589
101
-408
-364
122
334
-133
-845
-1034
-626
-246
-358
-832
-1224
-1153
-818
-667
-751
-817
-865
-970
-997
-760
-428
-281
-441
-616
-495
-35
277
188
-32
-16
230
451
493
322
253
420
683
682
632
680
820
853
824
818
842
928
893
776
675
818
678
281
83
314
492
284
-165
-518
-372
72
221
-225
-813
-872
-486
-65
-146
-638
-1119
-1009
-624
-443
-658
-1003
-1198
-1068
-778
-651
-723
-818
-775
-652
-441
-196
-66
-134
-129
92
322
421
427
402
434
701
1015
1010
756
655
857
1132
1217
1013
692
557
739
944
950
625
150
-90
136
472
360
-174
-619
-476
-28
191
-18
-329
-431
-247
14
41
-175
-446
-526
-516
-521
-578
-655
-792
-1033
-1230
-1275
-1080
-921
-949
-1134
-1179
-984
-648
-341
-248
-312
-277
-9
273
517
740
892
956
1033
1169
1309
1409
1449
1375
1195
993
931
972
1020
878
506
66
-98
6
133
47
-322
-753
-852
-445
-19
-46
-405
-527
-277
85
279
209
21
-66
-102
-193
-231
-186
-295
-649
-1048
-1149
-940
-732
-917
-1420
-1743
-1451
-912
-724
-940
-1077
-895
-391
110
296
289
465
813
1131
1344
1500
1630
1724
1717
1609
1576
1624
1601
1374
1000
572
328
328
292
-74
-564
-819
-821
-732
-639
-634
-796
-911
-756
-463
-184
-11
-73
-246
-158
146
381
329
89
-170
-237
-171
-138
-285
-554
-810
-1012
-1082
-1046
-1010
-1099
-1262
-1383
-1259
-884
-546
-446
-453
-285
76
476
785
1067
1312
1410
1419
1567
1874
2134
2124
1726
1163
966
1253
1429
1007
207
-373
-434
-111
-2
-467
-1116
-1285
-977
-712
-723
-832
-900
-902
-754
-491
-323
-281
-212
-162
-188
-115
117
220
96
-73
-148
-164
-116
-153
-343
-598
-709
-706
-683
-653
-655
-731
-766
-616
-374
-194
-68
72
258
461
647
851
1112
1364
1449
1312
1146
1279
1578
1637
1264
768
542
698
895
734
192
-377
-482
-267
-153
-425
-838
-1156
-1147
-971
-871
-958
-1062
-1066
-988
-836
-646
-459
-394
-368
-306
-114
86
171
152
142
180
152
102
64
83
60
-19
-153
-227
-212
-180
-204
-253
-260
-194
-70
34
111
208
320
426
553
666
725
747
818
940
1030
1016
938
898
926
944
820
554
272
117
94
6
-306
-744
-990
-969
-871
-990
-1292
-1492
-1377
-1099
-949
-996
-1067
-931
-577
-232
-131
-162
-72
214
528
663
600
502
587
803
856
635
397
289
281
279
199
-21
-240
-275
-180
-207
-332
-372
-299
-213
-111
33
167
303
455
605
761
933
1038
981
874
835
859
842
683
401
60
-165
-209
-208
-469
-938
-1241
-1232
-1115
-1126
-1300
-1531
-1493
-1157
-854
-787
-774
-573
-224
90
218
283
498
873
1109
1039
864
861
1024
1123
977
633
327
228
228
103
-191
-459
-608
-674
-703
-678
-601
-526
-467
-406
-262
34
345
504
505
546
684
881
992
962
809
684
626
578
485
331
100
-203
-417
-536
-636
-779
-955
-1169
-1286
-1212
-1036
-917
-938
-973
-813
-453
-157
-27
126
321
480
625
835
972
991
942
852
739
634
540
414
291
126
-108
-348
-421
-368
-373
-513
-718
-835
-722
-429
-243
-290
-360
-208
120
362
416
401
497
687
810
758
679
733
850
788
543
313
198
146
79
-127
-449
-706
-745
-687
-684
-839
-1027
-1058
-840
-571
-463
-533
-567
-371
-36
210
252
272
351
473
576
684
713
623
504
433
395
348
289
148
-81
-278
-317
-307
-368
-484
-593
-648
-596
-446
-329
-277
-228
-136
24
277
472
532
584
738
875
915
884
824
766
746
673
480
261
94
-28
-149
-255
-414
-640
-830
-864
-795
-765
-826
-912
-918
-767
-534
-404
-391
-353
-175
62
271
395
448
442
462
528
603
587
460
274
157
177
197
44
-252
-421
-376
-309
-377
-525
-629
-607
-404
-173
-93
-107
-4
236
450
600
696
742
784
873
939
917
860
785
676
565
456
266
15
-203
-355
-464
-578
-745
-942
-1053
-1019
-908
-866
-904
-956
-876
-662
-407
-249
-208
-186
-25
274
513
565
507
487
550
641
675
592
422
261
159
97
27
-54
-160
-301
-433
-472
-392
-311
-321
-364
-318
-156
51
231
337
399
475
624
807
929
931
850
789
761
730
637
462
219
-7
-153
-277
-445
-642
-798
-915
-1002
-1061
-1090
-1079
-995
-881
-816
-768
-668
-472
-226
-43
47
127
282
480
660
762
751
677
647
653
635
557
426
209
3
-58
10
-19
-203
-398
-465
-394
-254
-182
-236
-258
-107
119
267
372
465
539
624
722
761
728
676
596
469
356
278
149
-81
-317
-469
-523
-592
-774
-993
-1091
-1032
-948
-945
-987
-939
-774
-579
-413
-263
-102
69
223
343
488
662
780
776
734
716
710
680
596
439
275
175
126
49
-66
-154
-217
-268
-304
-299
-295
-270
-175
-54
19
70
176
313
417
468
472
475
504
535
496
398
301
194
57
-65
-172
-341
-551
-678
-730
-753
-773
-835
-945
-972
-827
-654
-563
-509
-413
-308
-142
101
326
409
396
414
548
731
808
724
533
440
495
566
476
269
103
86
136
94
-47
-174
-193
-146
-119
-171
-217
-165
-56
-6
9
53
127
199
249
259
267
277
238
156
104
82
7
-120
-221
-263
-314
-396
-476
-532
-587
-628
-612
-541
-479
-466
-465
-401
-266
-113
-20
16
60
148
262
355
409
430
447
469
477
474
487
494
442
349
291
287
280
219
132
69
24
-10
-29
-50
-95
-115
-106
-96
-86
-77
-82
-94
-64
-42
-54
-88
-97
-89
-79
-82
-104
-116
-124
-157
-195
-203
-210
-222
-218
-227
-246
-242
-220
-206
-213
-216
-216
-188
-140
-97
-68
-18
45
94
110
118
171
270
330
305
281
296
347
404
465
422
294
222
264
294
241
188
119
15
-34
16
32
-45
-138
-199
-224
-194
-150
-181
-277
-328
-267
-174
-141
-158
-195
-217
-178
-94
-58
-96
-140
-156
-131
-66
-30
-92
-170
-153
-49
13
-38
-110
-84
38
125
95
35
60
154
246
281
244
182
201
290
369
356
261
173
182
264
305
246
101
5
25
65
43
-23
-87
-151
-161
-152
-147
-165
-206
-256
-278
-225
-162
-167
-235
-240
-172
-112
-118
-144
-147
-115
-58
-30
-55
-95
-88
-59
-16
22
4
-63
-51
73
144
100
35
49
125
205
226
187
154
212
275
246
205
230
231
183
154
171
172
132
67
23
56
91
30
-118
-184
-127
-59
-93
-186
-257
-249
-183
-160
-211
-276
-269
-212
-173
-175
-190
-202
-196
-176
-130
-90
-84
-119
-135
-87
17
100
67
-27
-37
100
236
231
137
85
131
231
288
276
248
242
247
272
300
299
262
195
129
108
131
132
55
-53
-126
-138
-98
-85
-155
-231
-221
-175
-182
-220
-218
-170
-140
-164
-195
-183
-94
3
2
-82
-123
-80
-13
33
5
-105
-167
-95
-3
-6
-63
-118
-139
-70
50
91
25
-32
4
105
193
205
174
172
224
282
321
351
354
318
272
250
252
268
240
121
-23
-82
-40
-18
-89
-230
-340
-368
-326
-268
-281
-360
-410
-370
-285
-215
-175
-137
-107
-107
-80
15
118
156
117
62
53
133
238
226
80
-32
4
99
111
4
-121
-136
-33
36
-20
-107
-98
-27
35
56
51
58
101
162
215
259
298
304
287
294
334
331
250
174
138
116
58
-26
-116
-174
-212
-266
-343
-409
-439
-447
-464
-458
-431
-403
-358
-288
-242
-184
-78
-2
13
41
138
227
267
273
250
243
298
355
314
210
153
157
134
61
-1
-57
-108
-118
-80
-104
-197
-220
-114
4
34
2
-34
8
173
336
324
206
169
242
332
356
278
151
84
98
98
31
-78
-176
-253
-308
-358
-392
-399
-389
-412
-470
-482
-390
-248
-184
-212
-209
-103
42
128
143
157
224
327
380
362
335
358
377
330
245
167
108
77
51
-20
-134
-200
-183
-138
-148
-200
-240
-231
-145
-21
27
-38
-70
26
198
314
298
196
163
265
362
328
224
142
88
53
27
-14
-80
-182
-302
-374
-362
-324
-339
-410
-485
-473
-371
-253
-218
-241
-199
-66
68
133
167
212
271
337
394
402
371
351
354
330
260
190
129
64
2
-29
-79
-169
-246
-257
-230
-227
-226
-248
-274
-243
-118
-19
-25
-66
-28
116
271
328
261
193
238
351
387
304
176
91
64
43
-7
-103
-221
-320
-362
-352
-345
-379
-440
-462
-415
-331
-256
-222
-196
-118
12
128
182
213
249
309
374
419
419
386
376
380
362
279
189
129
82
15
-67
-136
-178
-204
-255
-305
-307
-261
-238
-263
-269
-197
-78
16
45
61
118
227
318
339
319
297
308
308
255
175
112
40
-40
-115
-181
-252
-319
-357
-367
-393
-429
-425
-371
-324
-283
-240
-204
-128
-16
75
121
171
239
319
375
382
370
387
410
393
337
281
229
171
101
31
-40
-100
-156
-218
-269
-290
-277
-279
-291
-267
-215
-164
-100
-35
16
58
121
180
213
243
272
279
253
227
200
160
105
39
-31
-101
-160
-228
-300
-334
-352
-391
-426
-411
-363
-319
-289
-254
-207
-134
-28
79
142
170
216
306
409
463
439
399
386
399
396
343
245
164
126
68
-9
-70
-117
-188
-249
-265
-244
-234
-247
-263
-269
-208
-107
-60
-83
-76
10
131
202
195
164
163
213
257
227
135
72
50
24
-29
-92
-164
-237
-279
-286
-312
-342
-360
-365
-341
-270
-208
-190
-173
-103
24
137
175
176
239
355
436
430
404
396
396
386
357
283
182
103
67
35
-13
-92
-179
-236
-237
-221
-238
-290
-336
-303
-213
-133
-124
-129
-93
15
130
180
179
188
249
301
302
259
230
215
182
108
18
-44
-76
-120
-226
-342
-401
-392
-371
-396
-446
-453
-375
-274
-215
-195
-148
-50
88
213
276
292
334
426
484
486
460
433
402
374
331
257
166
104
56
-46
-168
-241
-254
-282
-343
-414
-444
-396
-320
-280
-283
-255
-147
-22
60
119
191
281
354
393
386
388
431
438
346
219
129
65
8
-84
-217
-368
-466
-481
-472
-507
-563
-592
-557
-469
-369
-311
-287
-208
-57
107
228
309
377
454
520
573
600
602
569
503
438
389
332
235
124
16
-86
-171
-228
-285
-359
-430
-458
-435
-393
-353
-298
-232
-144
-43
47
127
218
314
372
391
398
407
407
370
303
217
143
53
-66
-183
-262
-323
-400
-489
-568
-587
-550
-517
-524
-536
-476
-338
-198
-120
-69
29
172
325
439
503
519
544
595
638
618
541
461
396
335
258
165
59
-50
-136
-196
-261
-326
-367
-384
-393
-381
-350
-314
-264
-188
-109
-33
46
118
158
189
242
306
325
275
195
143
132
123
64
-64
-193
-255
-250
-269
-352
-435
-472
-447
-394
-353
-349
-329
-260
-152
-45
39
117
204
300
381
435
455
489
543
561
509
451
443
445
390
264
129
53
29
-15
-133
-274
-349
-343
-323
-358
-410
-421
-383
-331
-258
-194
-147
-115
-91
-43
35
105
130
123
115
109
117
122
109
61
-6
-53
-91
-118
-146
-170
-205
-235
-241
-231
-211
-168
-114
-88
-62
-1
85
169
228
272
298
345
411
472
496
488
462
432
416
409
362
251
132
29
-33
-68
-130
-255
-386
-449
-435
-402
-427
-498
-537
-476
-367
-308
-311
-304
-245
-143
-47
8
40
75
140
207
235
229
220
224
223
199
161
129
114
103
67
13
-22
-33
-43
-65
-93
-107
-88
-36
-6
-11
25
109
174
187
180
191
255
333
337
269
234
260
270
229
136
32
-45
-85
-149
-234
-296
-333
-381
-433
-464
-466
-444
-436
-457
-465
-395
-297
-232
-202
-162
-82
38
143
187
208
260
351
413
409
365
347
361
366
325
245
182
157
144
87
-6
-72
-88
-104
-132
-158
-176
-175
-145
-96
-53
-28
-2
41
91
140
158
162
167
177
184
164
133
101
58
-14
-94
-147
-193
-249
-315
-374
-413
-413
-384
-373
-396
-397
-333
-245
-172
-126
-83
-9
100
201
261
290
325
383
430
435
407
375
361
342
295
218
151
125
98
17
-66
-96
-102
-132
-181
-220
-214
-164
-115
-110
-123
-75
22
79
81
95
130
170
187
176
139
115
93
47
-20
-74
-110
-165
-222
-272
-310
-338
-349
-358
-361
-331
-299
-273
-238
-180
-112
-52
3
54
122
201
262
289
317
361
393
383
348
322
319
311
267
210
151
111
82
48
-9
-73
-128
-157
-162
-171
-192
-203
-184
-135
-94
-85
-94
-72
-30
-4
8
4
-14
-21
-14
-13
-27
-59
-89
-122
-139
-138
-148
-184
-227
-239
-217
-195
-183
-178
-168
-138
-82
-19
30
65
95
147
207
265
296
306
319
342
379
390
366
323
314
321
297
239
170
111
65
32
0
-55
-114
-154
-173
-196
-230
-267
-297
-295
-278
-268
-280
-271
-249
-207
-170
-167
-176
-163
-116
-70
-35
-46
-62
-36
16
49
55
50
50
51
34
33
47
66
62
38
14
28
86
127
128
111
119
166
223
240
225
214
227
257
283
279
248
234
234
219
187
153
95
40
-2
-53
-124
-187
-230
-284
-333
-376
-412
-437
-438
-425
-422
-416
-386
-342
-302
-245
-184
-126
-66
16
76
126
198
264
279
258
256
276
290
265
212
171
181
200
171
86
17
0
9
-2
-54
-100
-96
-39
13
32
23
32
88
163
193
183
186
208
228
231
213
167
118
85
47
-22
-116
-202
-264
-315
-383
-437
-466
-481
-492
-494
-480
-453
-403
-345
-289
-220
-132
-28
58
130
207
291
360
404
447
470
472
454
435
409
370
321
243
163
111
63
-12
-88
-147
-184
-216
-239
-251
-241
-203
-163
-140
-105
-38
33
79
99
123
162
206
213
200
178
149
108
69
14
-55
-130
-191
-235
-276
-323
-361
-375
-382
-384
-367
-332
-288
-237
-178
-98
-13
64
133
205
274
347
403
429
443
464
474
450
399
335
268
208
147
65
-20
-89
-137
-185
-234
-278
-303
-313
-327
-316
-289
-255
-213
-171
-124
-55
18
72
114
154
195
214
216
202
181
175
168
133
88
46
4
-29
-75
-144
-192
-224
-255
-272
-279
-280
-261
-218
-174
-139
-81
9
70
98
147
213
265
290
290
280
289
303
276
224
175
142
117
71
-6
-74
-128
-180
-219
-265
-308
-336
-336
-327
-319
-286
-235
-189
-158
-127
-65
24
109
149
164
197
261
304
314
307
281
246
205
178
161
126
57
-17
-64
-97
-126
-169
-213
-242
-248
-231
-214
-202
-179
-132
-83
-29
15
63
111
148
165
179
198
221
226
203
182
176
167
139
83
15
-26
-52
-97
-151
-189
-212
-219
-230
-238
-233
-213
-181
-145
-125
-93
-41
17
63
108
147
184
220
235
251
260
261
244
215
177
143
116
63
-10
-64
-75
-89
-144
-196
-213
-211
-219
-238
-255
-237
-187
-145
-131
-114
-61
-6
24
27
43
93
154
173
152
151
203
235
187
107
57
69
68
11
-86
-130
-97
-52
-80
-150
-170
-133
-93
-100
-126
-125
-82
-21
23
39
73
140
195
200
201
211
226
215
176
124
101
118
115
60
-19
-60
-64
-88
-162
-232
-257
-239
-231
-253
-272
-244
-180
-135
-137
-141
-102
-32
24
30
29
64
141
192
187
171
182
207
220
192
140
110
99
70
9
-19
-33
-48
-69
-90
-118
-144
-141
-126
-122
-132
-118
-77
-21
18
33
48
89
145
170
168
169
188
187
169
133
108
88
67
33
-20
-59
-88
-112
-139
-179
-226
-238
-241
-254
-252
-248
-234
-211
-174
-123
-62
-14
26
72
125
173
208
227
237
259
278
277
264
251
223
196
168
100
30
3
-18
-71
-136
-182
-187
-179
-205
-243
-243
-200
-145
-117
-106
-67
-4
42
81
102
115
151
196
201
168
147
144
144
116
57
-2
-29
-45
-86
-141
-195
-229
-236
-246
-269
-275
-236
-196
-164
-121
-55
10
75
122
167
219
269
302
327
336
309
260
238
224
172
89
11
-38
-69
-94
-163
-227
-253
-236
-239
-275
-289
-258
-197
-159
-138
-117
-38
49
106
122
147
200
242
259
252
242
213
175
134
89
29
-33
-93
-139
-188
-223
-242
-268
-298
-306
-290
-269
-232
-179
-128
-85
-9
78
155
226
271
290
319
360
355
308
268
258
228
162
97
51
19
-21
-79
-171
-232
-242
-256
-302
-328
-311
-273
-226
-184
-135
-93
-35
26
79
119
155
189
227
252
253
251
252
232
177
113
80
70
23
-54
-135
-170
-182
-200
-241
-264
-252
-220
-176
-141
-107
-62
-19
22
81
154
205
214
227
262
286
279
258
225
198
178
119
40
5
-2
-64
-174
-225
-207
-196
-239
-286
-286
-228
-161
-170
-207
-170
-64
7
6
-7
35
126
193
182
145
143
192
208
111
29
58
107
25
-99
-114
-52
-73
-159
-211
-193
-141
-129
-150
-136
-86
-14
61
46
11
93
227
222
114
100
224
307
230
97
112
188
191
84
-41
-82
-34
-39
-180
-261
-238
-190
-187
-205
-233
-197
-113
-78
-116
-109
-30
16
5
33
70
100
140
133
123
167
219
178
105
73
78
55
22
-24
-91
-93
-56
-79
-137
-163
-133
-119
-116
-120
-122
-53
-17
-17
4
80
128
137
135
149
186
214
213
161
145
124
125
119
56
-8
-37
-37
-77
-107
-172
-198
-147
-128
-194
-208
-128
-79
-94
-110
-86
-30
33
27
31
106
154
123
132
159
171
143
87
46
53
67
22
-45
-63
-71
-91
-96
-105
-137
-156
-107
-81
-98
-84
-39
9
54
73
69
114
199
191
132
139
186
174
126
88
56
35
10
-37
-91
-100
-88
-156
-241
-212
-155
-168
-197
-202
-201
-157
-88
-82
-74
-21
23
18
56
112
167
177
149
165
217
229
176
89
30
45
31
-32
-104
-106
-90
-95
-115
-117
-127
-149
-123
-90
-55
-35
-12
24
98
125
113
123
143
152
159
164
148
130
131
136
81
17
12
19
-45
-133
-168
-165
-152
-172
-215
-247
-194
-110
-104
-134
-118
-59
-33
-10
-20
-5
56
133
140
110
130
183
185
126
107
81
82
80
33
-32
-12
38
2
-72
-95
-78
-61
-61
-95
-133
-109
-23
11
-20
-29
47
134
151
91
77
129
166
124
52
26
63
106
62
-6
3
42
34
0
-47
-97
-108
-79
-104
-152
-157
-117
-95
-97
-62
-25
-30
-25
10
27
36
-5
-30
12
52
20
11
48
46
25
11
20
14
-8
-53
-75
-36
-32
-88
-117
-61
8
0
-50
-38
36
58
48
13
6
51
77
26
8
41
42
34
27
29
19
10
18
13
-2
-13
-20
-23
-7
-25
-50
-33
-14
-21
-57
-43
-15
14
18
-17
-17
26
74
62
19
8
24
35
22
-4
-17
-5
6
-12
-14
-1
-4
-15
-29
-33
-15
14
-6
-32
-18
45
64
38
6
33
66
48
26
36
49
6
-11
4
14
-5
-35
-37
-9
1
-3
-1
7
-6
-13
14
39
21
-8
-7
-2
13
14
-27
-41
2
8
-31
-17
14
3
-9
-20
-24
-27
-22
-45
-83
-75
-28
-7
-43
-50
2
57
55
29
40
73
91
49
28
77
125
77
19
45
91
62
-18
-58
-39
-11
-29
-92
-136
-76
-24
-38
-106
-120
-61
-24
-33
-46
-34
-18
33
58
46
41
85
92
54
44
54
44
13
-22
-30
-11
0
-22
-58
-76
-80
-63
-76
-117
-131
-119
-118
-106
-53
-13
1
16
31
81
92
66
46
49
85
122
93
73
97
111
99
71
42
36
37
22
4
-31
-47
-32
-30
-64
-54
-34
-36
-23
10
21
-18
-12
23
42
13
-5
0
25
39
23
15
17
26
-4
-33
-40
-22
-27
-65
-90
-75
-27
6
-18
-43
-21
-2
-5
-9
-12
-24
-14
-2
-9
6
51
66
39
11
19
48
58
35
-2
-11
29
87
87
22
18
77
74
18
-10
9
11
-14
-30
-29
-13
0
-28
-38
-9
-12
-40
-42
-25
-10
10
5
-14
-10
21
42
32
-1
-33
-22
10
-4
-36
-48
-12
21
-1
-61
-74
1
34
-37
-99
-87
-46
-13
-29
-105
-98
5
50
15
9
32
78
104
78
35
31
68
80
54
30
44
62
58
33
0
-10
6
-1
-50
-95
-94
-68
-64
-86
-90
-53
-1
17
4
-6
13
42
41
12
16
51
70
56
21
13
48
48
13
-7
-6
5
-19
-76
-97
-68
-59
-87
-100
-88
-65
-55
-52
-49
-44
-25
-5
16
24
42
68
79
91
101
92
78
83
65
43
46
44
1
-13
4
-12
-32
-41
-66
-64
-48
-61
-85
-78
-56
-48
-28
0
32
48
65
86
93
70
62
69
82
62
38
48
70
68
34
0
-16
-41
-64
-69
-65
-55
-18
-9
-42
-39
6
14
-17
-53
-65
-27
51
63
15
21
63
101
87
58
22
19
29
13
-18
-24
4
-5
-37
-55
-33
-26
-70
-135
-132
-73
-49
-78
-86
-53
19
66
26
-15
18
78
65
33
21
35
54
79
49
13
21
55
42
13
-12
-21
1
-3
-50
-89
-67
-54
-62
-89
-95
-74
-44
-65
-89
-56
2
12
-18
-11
19
33
27
10
12
46
80
86
42
59
94
79
21
0
2
11
5
-31
-51
-33
-4
-31
-76
-58
5
19
-42
-67
-32
21
34
-16
-42
-9
62
69
47
38
71
93
104
86
68
70
73
72
34
24
8
-13
-24
-58
-73
-88
-95
-98
-85
-99
-121
-106
-81
-74
-75
-39
0
55
63
40
29
72
105
97
76
73
101
125
111
83
65
46