3
3
5
4
3
0
-2
-3
-3
-2
-1
-3
-1
4
6
8
5
4
5
5
5
0
-4
-4
-5
-5
-4
-2
1
3
1
1
2
1
0
-3
-7
-7
-7
-5
-2
-3
-4
-4
-2
-1
-1
-3
-3
-1
5
5
5
6
4
4
-1
-1
-4
-2
-2
0
3
6
10
9
7
3
4
6
5
-1
3
6
10
6
6
5
2
4
1
-5
-4
-2
-4
-3
-2
-3
-2
-1
-5
-5
-2
-4
-4
1
1
0
2
2
-3
-5
-5
-6
-1
3
1
3
6
6
3
-1
0
-3
-1
0
-2
-1
1
-2
-2
1
2
1
-2
-3
-3
-4
-1
0
1
2
6
10
10
8
3
5
7
3
-3
-4
-7
-5
-5
-7
-6
-4
0
1
1
0
-4
-5
-5
-6
-9
-4
-2
-5
-2
-4
-7
-4
-2
-8
-9
-4
0
0
1
-2
1
5
5
2
2
3
3
5
3
1
0
2
4
2
0
3
2
4
6
5
8
8
8
6
1
-2
0
-6
-6
-10
-9
-7
-7
-4
-1
-6
-10
-10
-8
-8
-9
-6
-5
-5
-5
-3
-1
-2
1
3
6
6
10
13
13
11
12
15
13
9
6
10
11
9
8
9
12
10
10
11
14
17
11
6
5
1
0
-3
-10
-10
-5
-7
-10
-11
-10
-6
-6
-5
-9
-8
3
6
6
7
8
8
5
8
4
2
3
1
0
0
0
-7
-6
-6
-16
-18
-17
-25
-30
-25
-15
-17
-14
-7
1
6
5
-12
-19
-9
-14
-29
-23
-7
0
17
27
23
26
36
34
28
16
4
3
20
14
7
7
13
21
12
2
-3
-7
-6
5
1
5
12
16
15
11
1
-2
-14
-26
-29
-44
-56
-56
-43
-46
-56
-45
-34
-28
-24
-23
-24
-22
-11
-6
-8
-12
-2
15
21
20
10
22
34
29
30
29
34
41
48
61
60
46
44
55
51
29
26
30
22
25
21
16
16
10
6
1
-6
-6
-8
-23
-34
-26
-19
-41
-59
-70
-68
-70
-84
-86
-77
-55
-40
-37
-22
-1
6
13
22
18
13
13
13
13
12
16
24
34
46
48
56
56
44
27
9
1
-14
-6
4
3
19
37
61
73
63
53
43
41
34
12
-8
-3
10
10
10
17
18
3
8
11
-10
-18
-21
-24
-33
-35
-46
-52
-47
-54
-51
-50
-63
-69
-62
-59
-54
-34
-27
-21
-5
2
5
3
-4
14
15
-15
-41
-48
-53
-75
-85
-83
-79
-48
1
40
62
70
70
69
74
35
0
-3
12
22
17
15
44
65
62
55
58
69
38
10
-5
3
-6
-13
1
32
53
60
68
62
78
67
27
-31
-70
-64
-83
-106
-109
-60
-17
6
55
87
91
50
38
5
-43
-66
-78
-119
-143
-123
-140
-150
-139
-79
-42
-9
29
53
60
32
6
-12
-47
-34
46
134
199
249
358
441
432
372
306
236
167
43
-57
-91
-100
-94
-98
-70
-68
-88
-99
-128
-200
-258
-227
-228
-259
-276
-237
-174
-163
-188
-160
-122
-168
-225
-257
-260
-285
-312
-331
-319
-261
-182
-164
-160
-94
-31
27
70
78
122
161
192
148
59
42
29
16
14
86
175
331
497
608
686
719
697
659
590
480
349
258
243
248
188
161
186
180
87
-12
-15
-42
-141
-214
-191
-192
-243
-267
-203
-189
-180
-152
-101
-129
-210
-279
-355
-467
-531
-509
-445
-342
-272
-183
-124
-28
-3
-83
-208
-254
-269
-300
-338
-359
-272
-127
16
90
123
210
259
291
281
261
293
371
451
391
417
526
597
520
470
452
466
520
543
579
611
711
741
717
708
662
484
296
188
90
-8
-241
-383
-525
-571
-778
-1258
-1834
-2048
-1591
-1604
-2122
-1804
-885
-146
7
211
494
332
460
104
-757
-1844
-2195
-1668
-1690
-1553
-1174
-124
1486
2232
2703
2830
3034
2736
2344
2153
1111
500
656
939
1037
799
1463
1958
2107
2054
1805
1324
433
-172
-1005
-2205
-3269
-4167
-4520
-4998
-5482
-5594
-5287
-4851
-4483
-3784
-2995
-2345
-1721
-814
-53
212
598
1373
2068
2574
3360
4379
5480
6700
7746
8690
9310
9462
9257
8624
7513
5988
4243
2434
647
-1078
-2552
-3666
-4631
-5506
-5938
-6346
-6807
-7101
-7223
-7348
-7499
-7344
-7057
-6646
-6063
-5184
-4228
-3389
-2274
-957
237
1111
1798
2486
3248
3550
3352
3200
3073
2837
2270
1751
1335
859
638
636
670
925
1693
2997
4163
5205
6321
7303
7864
7614
6931
5709
4250
2624
1051
-404
-1828
-2802
-2998
-2836
-2791
-3002
-2863
-2809
-3231
-3942
-4901
-5974
-6980
-7416
-7623
-7835
-7446
-6238
-4559
-2828
-972
859
2390
3551
4332
4448
3706
2408
1374
316
-1187
-2639
-3380
-3405
-3316
-2974
-2070
-1204
3
1677
3616
5030
6011
7185
8592
9681
9814
9447
9110
8218
7186
6026
4709
2978
1527
1079
509
-401
-1269
-1812
-2390
-3463
-4770
-6276
-8002
-9640
-11062
-11827
-12396
-12592
-11896
-10070
-7790
-5447
-2764
-46
2329
4026
5231
5489
4638
3299
2080
858
-967
-2428
-2824
-2665
-2265
-1581
-265
1162
2719
4393
5916
7249
8045
8859
9568
10134
10215
9712
9014
7833
6967
6229
5068
3579
2403
2068
1519
511
-605
-1847
-3142
-4841
-6632
-8794
-11053
-12979
-14200
-14709
-15009
-14766
-13457
-11052
-8320
-5630
-2720
146
2565
4679
5892
5548
4128
3494
3026
758
-1462
-2257
-1963
-1856
-1216
212
1463
3092
5351
7315
8407
8688
9459
10350
10872
10789
10233
9675
8335
7245
6563
5250
3172
1444
1216
769
-434
-1153
-1999
-2908
-4349
-5630
-7474
-10201
-12437
-13837
-14137
-14871
-15617
-14528
-12070
-9090
-6850
-3686
-675
1822
4546
6161
5316
3341
3613
3284
296
-2103
-2528
-1848
-1850
-1027
488
1461
3296
5430
7517
7911
7827
8754
9929
10998
10729
10617
10616
9435
8887
8386
7073
3863
2013
2257
1074
-820
-1695
-1999
-2981
-4307
-4733
-6645
-9474
-11608
-12473
-13272
-14997
-16082
-15590
-13450
-11181
-9277
-6281
-3177
-388
2406
3960
2909
1615
2322
1981
-656
-2619
-2027
-759
-164
1199
2730
4167
6113
8565
9776
9627
10129
11418
12670
13291
13280
13445
12892
10994
9529
8664
5683
1170
-833
-1033
-2961
-5208
-5117
-5226
-6451
-6693
-6423
-8459
-11450
-12481
-13048
-14174
-15554
-16245
-15130
-12654
-10291
-8556
-5286
-1929
-657
206
1515
1879
812
486
1095
327
582
2195
3342
3977
5310
7013
7680
8604
9762
10133
11095
12764
14322
15804
17708
18515
16439
14456
13559
10417
4816
44
-2536
-5721
-8416
-8958
-9891
-11387
-11060
-9517
-9560
-11601
-12800
-13243
-13433
-13838
-14963
-15400
-14481
-12314
-10155
-7741
-5069
-3370
-1529
330
1777
2417
2604
3062
3046
4111
5226
5311
5145
5559
6502
6381
6407
6811
7137
8262
9977
12267
13980
16330
19088
19848
17559
14736
14205
11148
4527
-1032
-3402
-6218
-10029
-10698
-10856
-13041
-13120
-10626
-9716
-12463
-13105
-11904
-11933
-12362
-13066
-13445
-13062
-10964
-9120
-8062
-6159
-5285
-4152
-1738
350
224
289
3034
4260
4633
5942
6901
6190
6068
7509
6773
5337
6103
7628
8730
10244
13278
15653
18284
21590
21958
18762
16403
15935
11657
4709
-342
-3615
-7483
-10433
-11068
-13293
-15489
-14567
-12858
-13147
-14948
-15005
-14834
-13978
-13413
-14629
-14985
-13637
-11374
-10362
-8611
-7093
-7389
-5296
-1007
693
97
2089
6034
7272
8326
9628
9279
8422
9386
9496
7275
6443
7498
8876
10239
12424
14535
17161
21142
23350
21213
17607
16794
14672
8364
2017
-2281
-5974
-10039
-11279
-11885
-15187
-16346
-14646
-13269
-15371
-17019
-16745
-16842
-15969
-15802
-16148
-15966
-13696
-10784
-9525
-7722
-7174
-6105
-2538
588
1077
1676
5748
8517
9297
10985
11540
10526
10137
11261
9507
6991
7617
9251
10204
11092
13612
15825
18518
21422
21105
17206
14396
13837
9819
2761
-2505
-5392
-8478
-11213
-11471
-13217
-15624
-15047
-13233
-13587
-16224
-16716
-16765
-16215
-15387
-16026
-16094
-14607
-11723
-10052
-8569
-7387
-7382
-4358
-437
733
385
3584
8245
9018
10370
12113
11736
10899
12022
12180
8876
8377
10429
11723
12156
13653
16103
18092
20891
21839
18421
14269
12873
10577
4109
-2462
-5827
-8353
-11094
-11776
-12044
-14365
-14739
-12721
-11920
-14492
-16273
-16392
-16621
-16111
-16288
-17025
-16814
-14291
-11445
-10491
-9615
-9248
-7174
-3183
-1185
-1220
337
5105
7752
8605
10713
11295
10753
11648
12992
10961
9033
11274
13732
14376
15556
18181
20563
22539
24431
22165
16629
13682
11984
6506
-1345
-5935
-8017
-10886
-11920
-11220
-12834
-14392
-12619
-10669
-12960
-15986
-16604
-17345
-17454
-17386
-18236
-19017
-16920
-13235
-12393
-11704
-10102
-8095
-5149
-2170
-843
-298
3692
7694
8519
9650
11089
11517
11368
12637
12147
10126
11734
14586
15835
16370
19006
21547
22767
24716
23977
18247
13359
11966
7796
-800
-7158
-9359
-12048
-14349
-13482
-13487
-15451
-14283
-10899
-11032
-14644
-15720
-15682
-15821
-15894
-16706
-17663
-16326
-12718
-11192
-10751
-9026
-7541
-4927
-1572
-83
-444
2019
6896
7741
7595
9314
10175
9528
10277
11249
9099
9247
12791
14981
15178
17127
20567
22232
23684
24585
20758
15020
12884
10537
3380
-4326
-7762
-9948
-13011
-13526
-12998
-14802
-15272
-12671
-10880
-13537
-15610
-15747
-16139
-16224
-16853
-17867
-17876
-15637
-13604
-12885
-10707
-8723
-6832
-3322
180
1395
2607
7047
9299
8942
10103
11605
11024
10350
11771
11397
10789
13339
16037
16872
17824
20706
22309
22764
23434
21010
15516
11839
9927
4464
-3127
-7552
-9679
-12851
-14855
-14381
-15347
-17098
-15702
-13303
-14211
-16671
-16470
-16086
-16490
-16956
-17077
-16912
-15952
-13992
-12659
-10947
-8998
-7072
-3919
-492
1392
2482
6078
9466
9334
10032
12134
12515
11317
12147
13168
12179
13217
15924
17164
17060
18833
21197
21490
21403
20910
17610
12994
10122
7152
1186
-5134
-8608
-10804
-13668
-15273
-15581
-16597
-17205
-16072
-14659
-15512
-16707
-16699
-16064
-15649
-16327
-16448
-15388
-13909
-13021
-11909
-9243
-7698
-6153
-2989
349
1863
3435
7346
9322
9185
10510
12223
12039
10980
11901
12486
12656
14166
15859
17010
18051
19942
21275
21672
21820
20099
16319
12982
10295
5696
-407
-5198
-8292
-11547
-14070
-14882
-15842
-17185
-16958
-15432
-15345
-16701
-16905
-16777
-16823
-17014
-16934
-16720
-16028
-14376
-13122
-11268
-9076
-7274
-5066
-2049
745
2547
5069
8021
8971
9994
11767
12565
11526
11481
12511
12488
13050
14594
15983
16803
18591
20665
21239
21462
21565
19439
15302
12066
9172
3933
-2151
-6241
-9209
-12701
-14852
-15235
-16500
-17657
-16988
-15400
-15864
-16966
-16870
-16629
-16667
-17067
-17005
-16582
-15681
-14582
-13362
-10692
-8752
-7170
-4351
-933
1552
3301
6795
9113
9624
11281
13142
13219
11815
12468
13377
13054
13800
15029
16298
17085
18970
20723
20892
21357
20955
18430
14400
11274
8083
2611
-3132
-7238
-10172
-13392
-15514
-16055
-17346
-18186
-17433
-15944
-16310
-17235
-16980
-16617
-16510
-16738
-16555
-16347
-15540
-14310
-12714
-10649
-9009
-6969
-3934
-702
1729
4036
7423
9565
10704
12328
13843
13552
12728
13388
13867
13750
14165
15405
16559
17459
19413
21029
21570
21835
21499
18881
14655
11471
7793
1990
-4183
-8141
-11288
-14836
-16559
-17285
-18538
-19334
-18015
-16593
-17415
-17900
-17433
-16824
-16864
-16937
-16500
-16325
-15548
-14584
-12527
-10570
-9570
-7444
-3926
-386
1440
4197
8058
9814
10935
12941
14359
13048
12175
13456
13562
12816
13290
15127
16148
17113
19659
21288
21766
22304
22406
19509
14945
12138
8688
2814
-3633
-7447
-10383
-14006
-15808
-16488
-17798
-18723
-17414
-15756
-16615
-17355
-16900
-16050
-16036
-16245
-16079
-16078
-15493
-14545
-12985
-11625
-10597
-8542
-5192
-1933
60
2911
6662
8700
9938
11839
13053
12109
11659
12728
12627
11950
12704
14729
15751
16839
19302
21217
22122
22991
22965
19970
15993
13492
9814
3641
-2546
-6236
-9638
-13216
-14987
-16221
-17963
-18636
-17306
-16432
-17492
-18000
-17471
-16550
-16341
-16231
-16062
-15799
-14900
-13626
-11894
-10839
-10063
-7628
-3930
-1142
605
3805
7554
9342
11069
13195
13812
12859
13202
14168
13110
12112
13111
14556
14922
15772
17785
18971
19628
20638
20690
17687
13778
11531
8642
3033
-3123
-6782
-9701
-13363
-15567
-16587
-18075
-19320
-18071
-16198
-16857
-17653
-16634
-14852
-14561
-14945
-14626
-14376
-13968
-13135
-11817
-11036
-10375
-7986
-4449
-1527
409
3475
7412
9626
11065
12669
13629
13105
12823
13285
12516
11624
12161
13763
14572
15068
16890
18664
19773
20587
20820
18559
14770
12561
9950
4752
-1685
-5595
-8395
-12266
-14989
-16254
-17672
-19136
-18250
-16439
-16994
-17725
-16694
-15005
-14962
-15386
-14954
-14993
-14860
-14075
-12680
-11918
-11402
-8814
-5091
-1879
207
3355
7527
10050
11651
13243
14300
13775
13278
13745
13052
11917
12208
13869
14765
14961
16783
18758
19701
20168
20569
19047
15085
12339
9991
5364
-1099
-5556
-8097
-11904
-15115
-16213
-17242
-18760
-18593
-16599
-16470
-17350
-16793
-15523
-15208
-15714
-15504
-15412
-15213
-14609
-13478
-12133
-11052
-9102
-5770
-2033
540
3112
7106
10221
11653
12860
14324
14307
13340
13436
13286
12255
12012
13285
14415
14569
15920
17794
18772
19082
19637
18875
15259
12038
9968
6332
378
-4635
-7220
-10528
-13792
-15031
-15771
-17371
-17859
-16043
-15284
-16236
-16447
-15633
-15123
-15466
-15581
-15655
-15703
-15040
-13776
-12297
-11232
-9702
-6580
-2713
-18
2059
5590
9137
10690
11870
13472
13872
12995
12993
13302
12276
11494
12502
13789
14017
14684
16537
17660
17882
18506
18392
15605
11916
9973
7390
2154
-3236
-6213
-8796
-12160
-13883
-14312
-15642
-16758
-15607
-13968
-14695
-15715
-15175
-14266
-14685
-15341
-15083
-14905
-14797
-13957
-12133
-10816
-9852
-7252
-3415
-680
1215
4490
8225
9799
10750
12466
13501
12611
12077
12552
11984
10993
11513
13002
13479
13623
15458
17097
17367
17426
17875
16347
12397
9882
8158
4183
-1661
-5145
-6900
-10096
-12737
-13277
-14004
-15770
-15815
-13839
-14163
-15896
-16026
-14955
-15132
-16133
-15937
-15640
-15601
-14874
-12891
-10982
-9958
-7820
-3945
-401
1754
4228
7996
10295
11035
12380
13743
13220
12079
12574
12823
11705
11439
12968
14053
13896
14796
16415
16663
16146
16307
15603
11881
8483
7154
4635
-633
-5014
-6547
-8771
-11797
-12814
-13086
-14724
-15848
-14319
-13538
-15350
-16466
-15545
-14889
-15804
-16167
-15439
-14934
-14467
-12943
-10537
-8974
-7536
-4426
-565
1923
3736
6935
9879
10732
11452
12948
13320
12125
11944
12652
12055
11443
12377
13789
13819
13948
15399
16040
15392
15013
14835
12213
8295
6429
4781
666
-4250
-6233
-7558
-10300
-11925
-11950
-12860
-14497
-13958
-12684
-14035
-15872
-15810
-14947
-15631
-16263
-15578
-14981
-14444
-12939
-10281
-8556
-7468
-4861
-985
1896
3245
5616
8706
10152
10765
11890
12684
11750
11366
12278
12182
11246
11655
13538
14000
13614
14576
15547
15134
14293
14235
12477
8568
6138
4968
2020
-2885
-5714
-6567
-8702
-10935
-11438
-11788
-13417
-13999
-12812
-13315
-15432
-16260
-15386
-15325
-16272
-16106
-15118
-14118
-12948
-10887
-8618
-7065
-5190
-1844
1460
3118
4610
7625
9936
10198
10707
11972
11944
11002
11269
11911
11309
11234
12693
13805
13567
13835
15110
15202
14194
13625
12934
10032
6472
4952
3249
-762
-4811
-5920
-6873
-9525
-10946
-10643
-11551
-13285
-13033
-12244
-14061
-16016
-15673
-15027
-16063
-16613
-15388
-14387
-13644
-11904
-9226
-7392
-5926
-3013
546
2749
4031
6409
9153
9857
9941
10947
11639
10712
10244
11208
11285
10652
11350
13021
13252
12733
13722
14471
13425
12181
12169
10814
6911
4493
3861
1606
-2653
-4765
-4956
-7072
-9417
-9382
-9454
-11702
-13057
-11902
-12405
-14874
-15721
-14832
-15047
-16087
-15289
-13796
-13206
-12314
-9797
-7148
-5798
-4082
-845
2081
3481
4987
7650
9232
9198
9751
11106
10943
9796
10172
11096
10580
10104
11221
12111
11560
11577
12604
12366
10989
10754
10899
8440
5022
4076
3446
256
-3286
-4158
-5076
-7725
-8995
-8689
-9972
-12260
-12085
-11051
-12666
-14546
-14252
-13464
-14211
-14584
-13336
-12384
-11890
-10569
-7868
-5779
-4682
-2615
665
3034
3923
5660
8306
8905
8676
9800
10996
9976
9114
10279
10630
9574
9582
10944
11016
10067
10682
11485
10580
9540
10000
9627
6433
4149
4054
2736
-1088
-3749
-3984
-5682
-8380
-8970
-8949
-10833
-12497
-11450
-11069
-13126
-14268
-13233
-12703
-13799
-13688
-12188
-11380
-10926
-9152
-6503
-5015
-3855
-1111
1886
3192
4238
6758
8717
8494
8819
10488
10810
9639
9771
10757
10225
9418
10220
10878
10036
9400
10293
10396
9213
8746
9190
8016
5005
3921
3899
1597
-2228
-3732
-3960
-6572
-9121
-9036
-9473
-11868
-12788
-11144
-11615
-13695
-13615
-12303
-12577
-13360
-12035
-10835
-10812
-9809
-7129
-5008
-4321
-2600
495
2694
3671
5189
7516
8384
8411
9434
10447
9924
9150
9842
10147
9094
8793
9649
9759
8620
8619
9523
9026
7936
8118
8684
6936
4432
4127
3771
1082
-2000
-2829
-3947
-6859
-8398
-8220
-9532
-11954
-11978
-10728
-11836
-13442
-12953
-11949
-12463
-12528
-11006
-10133
-9950
-8495
-5863
-4437
-3826
-1901
781
2396
3280
5009
6981
7683
8047
9216
10073
9494
9039
9633
9652
8639
8367
9021
8818
7860
8087
8845
8359
7529
8118
8730
7074
4904
4693
4283
1620
-1387
-2515
-3901
-6684
-8247
-8445
-9942
-12237
-12243
-11111
-12149
-13751
-13303
-12319
-12550
-12339
-10915
-10194
-9879
-8068
-5337
-4144
-3588
-1657
1143
2790
3612
5171
7003
7871
8503
9708
10338
9654
9424
10185
10013
8713
8277
8897
8577
7580
7609
8119
7517
6968
7673
8071
6377
4390
4302
3890
1249
-1754
-2842
-4024
-6634
-8157
-8314
-9764
-12024
-12015
-10879
-12110
-13839
-13227
-11991
-12198
-11933
-10193
-9250
-8668
-6677
-4184
-3291
-2791
-818
1441
2512
3225
4711
6449
7380
8121
9218
9896
9638
9504
10005
9699
8437
8039
8457
7958
6792
6721
7199
6605
6157
6821
7251
5957
4398
4393
3987
1704
-934
-2151
-3279
-5839
-7626
-8114
-9502
-11726
-12237
-11343
-12259
-13639
-12952
-11581
-11422
-10976
-9063
-7921
-7501
-5957
-3845
-3067
-2895
-1351
487
1486
2325
3893
5657
6804
7922
9093
9803
9791
9729
9953
9549
8507
7870
7907
7536
6551
6205
6515
6326
5783
6033
6647
6137
4610
3964
3891
2348
-226
-1794
-2795
-5115
-7370
-8002
-8969
-11257
-12436
-11633
-11699
-12896
-12528
-11006
-10406
-10034
-8386
-6929
-6581
-5762
-4150
-3145
-2929
-2052
-571
698
1735
3152
4951
6545
7612
8612
9652
10016
9619
9463
9398
8496
7399
7254
7099
6129
5542
6007
6061
5337
5601
6526
6519
5206
4334
4242
3207
1026
-1138
-2636
-4645
-7004
-8255
-9220
-11143
-12753
-12350
-11663
-12398
-12518
-11115
-9930
-9433
-8147
-6489
-6040
-5670
-4322
-3084
-2809
-2376
-1050
415
1628
3017
4744
6487
7732
8875
9968
10411
10069
9769
9622
8676
7177
6527
6298
5471
4435
4417
4763
4481
4662
5496
6055
5547
4681
4535
3915
2166
-192
-2157
-3873
-6242
-8144
-9278
-10549
-11973
-12271
-11325
-11154
-11350
-10380
-8942
-8163
-7558
-6138
-5390
-5364
-4713
-3637
-3142
-2977
-1842
-398
750
2160
3967
5788
7114
8267
9329
10011
10025
9497
8998
8206
6976
5973
5443
4652
3643
3604
4153
4184
4209
5150
6184
6427
5996
5286
4551
3515
1653
-1011
-3334
-5109
-7164
-8944
-9839
-10760
-11781
-11543
-10316
-10129
-10303
-9249
-7889
-7387
-6851
-5841
-5498
-5423
-4575
-3591
-3208
-2710
-1448
34
1521
3115
4667
6271
7812
8923
9662
9971
9706
8916
8268
7503
6087
4836
4280
3902
3268
3217
3791
4145
4589
5531
6397
6406
5493
4760
4188
2772
188
-2359
-3958
-5906
-8112
-9331
-9896
-10996
-11616
-10516
-9623
-9900
-9361
-7737
-6914
-6748
-5707
-4828
-5059
-4814
-3680
-3158
-3216
-2252
-688
614
2015
3850
5619
7191
8610
9562
9892
9738
9023
8099
7098
5681
4141
3273
2953
2459
2286
2954
3767
4217
5067
6250
6759
6189
5173
4452
3400
1329
-1285
-3425
-5067
-7089
-8588
-9031
-9607
-10482
-10227
-8784
-8318
-8416
-7465
-6290
-5980
-5600
-4578
-4425
-4868
-4283
-3181
-2896
-2723
-1486
113
1495
3041
4774
6269
7445
8448
8944
8737
7970
6931
5998
4889
3482
2329
2009
2033
1976
2295
3221
4128
4734
5613
6552
6678
5624
4581
4102
2784
286
-2153
-3538
-5059
-7060
-7916
-8088
-8879
-9532
-8474
-7298
-7677
-7612
-6334
-5571
-5753
-5314
-4534
-4813
-4868
-3911
-3127
-3023
-2275
-554
907
2115
3657
5355
6636
7367
7842
7923
7436
6413
5379
4474
3281
2106
1813
2056
2027
2091
3099
4342
4850
5403
6304
6796
6259
5144
4340
3249
1379
-948
-2742
-4003
-5784
-7140
-7381
-7583
-8377
-8374
-7097
-6771
-7174
-6580
-5621
-5570
-5643
-4866
-4661
-4927
-4384
-3374
-2833
-2387
-1038
402
1660
3050
4439
5627
6364
6782
6859
6508
5784
4684
3791
2907
2074
1630
1689
1901
2111
2930
4035
4726
5225
5989
6655
6642
5831
4709
3740
2528
653
-1432
-2951
-4241
-5659
-6399
-6578
-7104
-7673
-7212
-6414
-6500
-6588
-5995
-5607
-5595
-5142
-4582
-4716
-4683
-3871
-2971
-2427
-1723
-603
625
1949
3234
4158
4869
5402
5688
5481
4935
4161
3258
2575
2053
1602
1391
1669
2302
2940
3717
4689
5461
6027
6608
7152
6809
5457
4345
3745
2435
74
-1826
-2735
-3990
-5379
-5787
-5990
-6942
-7350
-6476
-6128
-6783
-6723
-5970
-5746
-5701
-4977
-4621
-4837
-4361
-3173
-2438
-2108
-1343
-186
1061
2182
2989
3600
4299
4670
4604
4412
4020
3128
2448
2432
2140
1566
1757
2655
3143
3459
4472
5445
5806
6200
6928
7062
5993
4815
4300
3427
1412
-712
-1790
-2751
-4336
-5335
-5441
-6090
-7100
-6906
-6093
-6463
-7059
-6465
-5713
-5670
-5371
-4594
-4398
-4416
-3456
-2358
-2099
-1891
-829
472
1217
1853
2661
3392
3739
3879
4060
3847
3187
2637
2678
2532
1917
1932
2685
3101
3241
3997
5109
5451
5656
6423
6970
6487
5363
4739
4176
2678
702
-858
-1841
-3312
-4721
-5138
-5569
-6629
-7169
-6406
-6185
-6931
-6795
-5937
-5630
-5568
-4851
-4334
-4546
-4015
-2889
-2378
-2340
-1677
-454
432
1138
1878
2568
3142
3479
3721
3721
3302
2757
2649
2817
2406
2087
2581
3256
3516
3897
4887
5518
5751
6362
7009
6982
6115
5225
4679
3662
1822
-210
-1430
-2500
-4169
-5230
-5481
-6166
-7176
-7005
-6225
-6642
-7092
-6398
-5685
-5655
-5304
-4410
-4275
-4320
-3424
-2408
-2141
-2060
-1165
20
748
1284
2005
2781
3099
3284
3670
3563
2869
2465
2753
2693
2178
2336
3004
3389
3700
4543
5442
5669
6067
6841
7285
6687
5500
4962
4378
2794
544
-918
-1838
-3557
-4945
-5167
-5696
-6991
-7240
-6122
-6237
-7099
-6651
-5612
-5455
-5419
-4518
-4217
-4431
-3744
-2737
-2436
-2550
-1806
-602
241
758
1341
2328
2943
3052
3349
3569
3072
2413
2691
2914
2269
2204
3058
3641
3640
4421
5611
5890
5985
6810
7498
6939
5684
5125
4674
3195
1013
-557
-1570
-3260
-4742
-5144
-5639
-6901
-7317
-6397
-6265
-6988
-6664
-5716
-5469
-5331
-4478
-4028
-4378
-3946
-2855
-2464
-2662
-2251
-1099
-176
339
924
1823
2574
2870
3269
3688
3361
2762
2925
3307
2779
2380
3098
3756
3808
4274
5401
5911
5957
6661
7421
7110
5847
5056
4697
3340
1177
-694
-1788
-3284
-4901
-5493
-5905
-6970
-7579
-6747
-6255
-6953
-6909
-5924
-5369
-5318
-4739
-4139
-4250
-3912
-2969
-2398
-2397
-1976
-924
49
692
1229
2038
2864
3193
3381
3731
3727
3223
3158
3443
3175
2830
3400
4117
4148
4384
5406
6107
6104
6423
7047
6942
5807
4796
4314
3154
1061
-870
-1972
-3361
-5110
-5868
-6119
-7108
-7908
-7252
-6630
-7198
-7266
-6348
-5804
-5664
-4935
-4359
-4527
-4075
-2984
-2418
-2356
-1805
-803
98
901
1523
2119
2915
3381
3506
3724
3845
3461
3305
3713
3617
3277
3766
4601
4734
4906
5823
6411
6338
6588
7104
6873
5605
4549
3981
2904
868
-1103
-2157
-3433
-5095
-5862
-6029
-7038
-8035
-7425
-6796
-7531
-7842
-6900
-6322
-6270
-5524
-4738
-4742
-4284
-3065
-2285
-2103
-1549
-542
393
1156
1723
2318
3073
3478
3630
3934
4081
3742
3769
4244
4117
3830
4410
5137
5112
5239
6031
6391
6198
6410
6789
6372
5040
4063
3571
2375
289
-1512
-2416
-3833
-5479
-5971
-6150
-7368
-8310
-7465
-6900
-7764
-7942
-6964
-6397
-6281
-5419
-4654
-4719
-4113
-2790
-2030
-1924
-1350
-241
692
1327
1886
2573
3311
3563
3795
4262
4310
3907
4090
4706
4439
4126
4885
5545
5301
5398
6267
6416
5950
6164
6612
5986
4430
3566
3216
1888
-320
-1909
-2668
-4258
-5876
-6129
-6390
-7850
-8629
-7540
-7147
-8118
-8070
-6941
-6484
-6370
-5360
-4566
-4607
-3959
-2592
-1737
-1607
-1048
88
1150
1712
2141
2996
3733
3816
4078
4747
4714
4087
4416
5125
4706
4275
5101
5757
5329
5445
6302
6291
5651
5899
6331
5298
3543
2946
2619
977
-1309
-2397
-3067
-4809
-6158
-6107
-6560
-8118
-8406
-7243
-7349
-8292
-7852
-6747
-6544
-6268
-5151
-4562
-4386
-3406
-2141
-1568
-1275
-417
706
1544
2044
2525
3440
4092
4169
4466
5062
4965
4516
4986
5442
4842
4619
5454
5794
5227
5432
6127
5904
5370
5672
5876
4615
2983
2582
2101
160
-2061
-2822
-3592
-5502
-6591
-6360
-7068
-8607
-8354
-7151
-7668
-8418
-7511
-6469
-6568
-6195
-5000
-4652
-4489
-3405
-2158
-1743
-1316
-136
1185
2014
2492
3232
4337
4844
4801
5202
5675
5274
4890
5444
5561
4773
4796
5680
5724
5149
5567
6160
5723
5302
5686
5524
3829
2399
2140
1208
-1181
-3155
-3560
-4601
-6599
-7154
-6769
-7706
-8897
-7991
-7014
-7920
-8218
-6898
-6184
-6528
-5886
-4749
-4662
-4263
-2939
-1846
-1559
-740
847
2171
2879
3397
4377
5412
5593
5504
5827
5950
5308
5162
5666
5260
4540
5012
5826
5474
5120
5794
6067
5477
5307
5599
4828
2910
1832
1457
-10
-2605
-4066
-4380
-5790
-7516
-7549
-7263
-8498
-9190
-7819
-7270
-8322
-8196
-6640
-6201
-6545
-5657
-4613
-4502
-3970
-2519
-1500
-1186
-201
1555
2871
3396
3995
5221
6068
5975
6068
6525
6246
5513
5752
6150
5314
4730
5508
5970
5367
5327
6038
5881
5309
5480
5548
4181
2303
1644
1010
-949
-3454
-4477
-5033
-6722
-7980
-7735
-7972
-9251
-9116
-7632
-7712
-8563
-7745
-6356
-6292
-6320
-5278
-4691
-4580
-3668
-2266
-1565
-1112
207
2043
3236
3786
4605
5926
6475
6292
6608
6918
6197
5583
6112
6113
4972
4778
5681
5709
5020
5314
5877
5379
4948
5339
5081
3273
1746
1444
472
-1933
-3965
-4536
-5558
-7388
-7968
-7645
-8472
-9511
-8671
-7490
-8062
-8460
-7255
-6258
-6397
-6097
-5132
-4836
-4542
-3434
-2123
-1542
-846
831
2729
3767
4311
5489
6856
7067
6909
7384
7533
6615
6295
6850
6402
5268
5417
6143
5613
4899
5388
5640
4828
4437
4856
4156
2110
932
619
-784
-3394
-4911
-5317
-6765
-8377
-8328
-8061
-9183
-9728
-8223
-7490
-8287
-8122
-6701
-6178
-6388
-5649
-4836
-4769
-4199
-2774
-1613
-1088
9
1890
3619
4464
5175
6505
7478
7395
7389
7865
7522
6542
6559
6939
6047
5122
5616
5990
5184
4807
5366
5218
4454
4468
4637
3294
1375
780
212
-1907
-4383
-5204
-5852
-7690
-8751
-8304
-8574
-9727
-9338
-7790
-7856
-8529
-7647
-6375
-6342
-6309
-5312
-4757
-4586
-3647
-2108
-1166
-531
947
3027
4421
5018
5969
7407
7876
7638
7917
8156
7331
6631
7011
6841
5570
5169
5762
5531
4674
4748
5044
4456
4057
4328
3796
1859
525
226
-1039
-3596
-5393
-5845
-6985
-8558
-8728
-8426
-9213
-9729
-8445
-7562
-8204
-8246
-6991
-6259
-6434
-5988
-5104
-4801
-4223
-2867
-1496
-797
236
2232
4145
5073
5763
7112
8294
8310
8297
8719
8430
7481
7350
7617
6669
5603
5777
5998
5209
4661
4892
4618
3903
3865
3802
2383
551
-51
-644
-2625
-4980
-5902
-6535
-8013
-8949
-8723
-9028
-9909
-9460
-8108
-8101
-8633
-7847
-6593
-6271
-6148
-5392
-4810
-4326
-3295
-1889
-1023
-311
1194
3296
4632
5252
6329
7817
8346
8284
8704
8927
8160
7614
7929
7509
6212
5813
6149
5652
4727
4703
4684
3934
3564
3757
2963
1034
29
-226
-1613
-4031
-5445
-5970
-7341
-8683
-8717
-8845
-9894
-10103
-8817
-8395
-8986
-8569
-7292
-6667
-6539
-5725
-4865
-4471
-3686
-2236
-947
-348
690
2656
4368
5079
5881
7446
8270
8139
8590
9320
8805
7921
8237
8405
7180
6318
6622
6317
5125
4740
4886
4140
3230
3343
3108
1341
-173
-381
-1163
-3479
-5272
-5697
-6794
-8489
-8872
-8641
-9639
-10532
-9538
-8677
-9264
-9374
-8123
-7189
-7081
-6375
-5189
-4550
-3917
-2585
-980
-114
644
2231
4131
5049
5539
6903
8130
8100
8209
9142
9274
8319
8350
8979
8176
6947
6973
7046
5827
4902
4887
4340
3201
2879
2820
1363
-375
-753
-1158
-3022
-5035
-5543
-6270
-7860
-8572
-8391
-9122
-10243
-9715
-8747
-9222
-9596
-8570
-7453
-7252
-6746
-5481
-4635
-3903
-2705
-1097
-72
663
2028
3834
4879
5225
6297
7722
7981
7912
8724
9306
8610
8367
9121
8762
7443
7149
7447
6473
5222
5044
4603
3330
2629
2575
1251
-720
-1335
-1545
-3098
-5184
-5721
-6126
-7568
-8396
-8149
-8655
-9949
-9857
-8874
-9232
-9886
-9225
-8034
-7684
-7260
-5961
-4848
-4012
-2746
-976
301
1014
2255
4049
5137
5390
6152
7498
7858
7760
8405
9097
8723
8441
9111
9080
8042
7616
7809
7135
5858
5315
4842
3693
2684
2192
1104
-684
-1648
-1948
-3059
-4896
-5725
-5953
-6998
-7970
-7978
-8236
-9413
-9801
-9079
-9176
-9893
-9664
-8589
-8049
-7693
-6538
-5307
-4338
-3095
-1276
271
1140
2284
3979
5232
5549
6015
7114
7584
7446
7855
8530
8432
8171
8797
9018
8297
7909
8097
7605
6411
5718
5163
4052
2920
2131
896
-826
-1805
-2326
-3456
-5041
-5797
-6061
-6869
-7589
-7675
-7953
-8789
-9138
-8782
-8956
-9520
-9496
-8815
-8269
-7858
-6984
-5832
-4574
-3253
-1584
116
1351
2574
4174
5467
5938
6455
7359
7710
7610
7933
8404
8238
8173
8646
8702
8167
8012
8121
7581
6693
6041
5316
4316
3323
2250
611
-1019
-1980
-2818
-4192
-5684
-6301
-6646
-7224
-7609
-7635
-7959
-8478
-8443
-8205
-8655
-9095
-8987
-8562
-8280
-7870
-7083
-6161
-4897
-3415
-1767
-201
1146
2646
4255
5441
5954
6525
7386
7586
7513
7783
8061
7824
7851
8388
8324
7835
7856
8054
7595
6841
6306
5553
4578
3717
2556
724
-934
-1807
-2801
-4361
-5710
-6210
-6644
-7235
-7351
-7362
-7812
-8282
-8085
-7914
-8466
-8938
-8848
-8485
-8222
-7844
-7181
-6258
-4951
-3473
-1882
-369
1013
2514
4168
5311
5787
6389
7228
7473
7435
7650
7834
7686
7869
8341
8244
7895
7987
8146
7736
7133
6524
5684
4794
3928
2542
650
-896
-1942
-3198
-4774
-5960
-6520
-7050
-7443
-7353
-7371
-7837
-8104
-7736
-7701
-8315
-8712
-8584
-8377
-8237
-7746
-7067
-6249
-4966
-3296
-1669
-349
1096
2825
4299
5232
5924
6711
7166
7272
7560
7828
7644
7519
7985
8300
7992
7861
8117
8009
7500
7126
6556
5589
4681
3848
2333
354
-992
-2123
-3647
-5298
-6229
-6756
-7454
-7707
-7487
-7513
-7886
-7902
-7466
-7564
-8010
-8203
-8075
-7928
-7782
-7247
-6601
-5767
-4553
-2973
-1382
-207
1178
2897
4272
4990
5726
6674
7006
7000
7410
7768
7528
7401
7909
8060
7657
7644
7908
7630
7050
6763
6296
5447
4598
3620
2029
338
-869
-2187
-3917
-5370
-6134
-6792
-7467
-7559
-7433
-7605
-7783
-7577
-7349
-7554
-7769
-7811
-7725
-7587
-7347
-6850
-6161
-5247
-4120
-2671
-1203
-25
1294
2831
4028
4762
5599
6418
6706
6932
7390
7583
7439
7581
7932
7860
7651
7766
7816
7488
7072
6667
6125
5379
4456
3081
1467
57
-1267
-2826
-4443
-5572
-6299
-6946
-7361
-7371
-7386
-7617
-7657
-7383
-7359
-7652
-7774
-7620
-7494
-7377
-6968
-6373
-5662
-4710
-3456
-2126
-947
278
1685
2978
3860
4685
5561
6125
6394
6813
7165
7175
7275
7620
7743
7578
7669
7896
7787
7460
7130
6709
6124
5369
4204
2531
969
-332
-1816
-3590
-5055
-5940
-6659
-7188
-7367
-7428
-7591
-7627
-7379
-7239
-7389
-7537
-7490
-7288
-7061
-6838
-6447
-5765
-4811
-3797
-2588
-1309
-185
1069
2459
3484
4088
4874
5686
5966
6157
6594
6865
6857
7113
7508
7481
7378
7606
7782
7515
7141
6777
6382
5802
4836
3427
1888
565
-930
-2605
-4188
-5425
-6366
-7056
-7360
-7536
-7768
-7784
-7598
-7335
-7360
-7427
-7368
-7231
-7029
-6793
-6463
-6001
-5214
-4143
-3076
-1957
-712
625
1869
2921
3804
4481
5035
5471
5766
5962
6121
6334
6580
6851
7069
7244
7424
7589
7637
7517
7215
6787
6358
5669
4444
2824
1432
101
-1625
-3471
-4781
-5693
-6641
-7218
-7228
-7329
-7582
-7464
-6979
-6899
-7163
-7137
-6924
-6826
-6809
-6591
-6200
-5674
-4787
-3669
-2514
-1414
-174
1328
2605
3426
4110
4849
5332
5503
5776
5987
5950
6040
6456
6723
6643
6840
7227
7335
7169
7085
6912
6588
6031
5146
3768
2270
931
-610
-2389
-4154
-5399
-6270
-6985
-7364
-7531
-7655
-7621
-7309
-6895
-6905
-6984
-6888
-6637
-6443
-6365
-6158
-5716
-4941
-3991
-2918
-1718
-545
695
2049
3203
3948
4489
5089
5440
5581
5738
5829
5791
5857
6186
6350
6372
6546
6857
6940
6848
6770
6627
6269
5577
4502
3117
1771
341
-1404
-3208
-4638
-5711
-6664
-7242
-7428
-7644
-7762
-7485
-7016
-6891
-6896
-6667
-6442
-6327
-6146
-5843
-5555
-5134
-4267
-3254
-2265
-1217
21
1279
2356
3284
4093
4685
5083
5402
5695
5763
5696
5744
5882
5967
6014
6211
6378
6459
6559
6622
6559
6374
5938
5088
3880
2683
1346
-340
-2152
-3696
-4929
-6019
-6871
-7296
-7602
-7776
-7686
-7284
-7035
-7009
-6755
-6392
-6121
-5987
-5713
-5270
-4834
-4185
-3369
-2409
-1438
-407
779
1826
2653
3449
4277
4852
5093
5482
5851
5912
5873
6013
6080
5944
6030
6196
6092
5983
6087
6117
5907
5588
5049
3978
2874
1825
391
-1383
-2949
-4106
-5261
-6295
-6898
-7320
-7662
-7734
-7475
-7276
-7246
-6979
-6607
-6238
-5902
-5524
-5049
-4555
-3850
-3129
-2339
-1482
-577
370
1291
2078
2756
3530
4251
4673
5036
5483
5842
6021
6114
6183
6183
6233
6249
6139
6018
6030
5947
5796
5613
5115
4139
3109
2204
956
-708
-2206
-3390
-4538
-5594
-6267
-6828
-7431
-7619
-7435
-7425
-7624
-7465
-7024
-6738
-6439
-5951
-5381
-4833
-4094
-3192
-2403
-1631
-744
270
1134
1757
2386
3114
3768
4150
4545
5028
5339
5617
5950
6120
6028
6132
6367
6259
6010
6021
6028
5779
5500
5190
4364
3223
2289
1293
-136
-1733
-2940
-3909
-4930
-5782
-6296
-6762
-7179
-7230
-7093
-7231
-7397
-7140
-6691
-6415
-6132
-5551
-4818
-4071
-3233
-2304
-1429
-628
282
1254
1897
2265
2853
3536
3870
4032
4497
4938
5108
5400
5790
5863
5837
6074
6221
5994
5834
5829
5689
5355
4921
4216
3240
2300
1291
62
-1321
-2521
-3496
-4345
-5166
-5818
-6338
-6650
-6859
-6939
-7106
-7225
-7143
-6832
-6450
-6117
-5655
-4914
-4021
-3136
-2261
-1370
-516
328
1215
1889
2272
2654
3196
3603
3803
4068
4386
4677
4980
5247
5372
5472
5685
5787
5760
5741
5652
5490
5349
5051
4325
3356
2541
1652
444
-905
-2052
-2981
-3863
-4652
-5251
-5798
-6217
-6457
-6506
-6691
-6939
-6930
-6705
-6468
-6205
-5726
-5093
-4440
-3552
-2547
-1632
-848
40
1007
1715
2202
2674
3142
3426
3651
3978
4197
4274
4483
4802
4927
4945
5168
5352
5343
5387
5493
5372
5128
4914
4488
3605
2646
1806
825
-464
-1676
-2593
-3432
-4320
-4948
-5299
-5726
-6164
-6255
-6191
-6371
-6564
-6363
-6044
-5873
-5510
-4880
-4241
-3637
-2761
-1741
-917
-210
639
1520
2101
2520
3007
3433
3574
3743
4077
4239
4166
4303
4609
4665
4608
4774
5002
4948
4909
4936
4834
4495
4117
3562
2684
1774
937
-66
-1222
-2180
-2932
-3707
-4369
-4775
-5120
-5472
-5720
-5795
-5910
-6012
-6034
-5887
-5618
-5316
-4929
-4333
-3596
-2882
-2134
-1209
-353
347
1096
1815
2306
2661
3098
3390
3506
3688
3914
4014
4068
4257
4388
4468
4540
4682
4743
4715
4643
4540
4388
4032
3458
2759
2025
1203
239
-804
-1758
-2576
-3312
-4035
-4537
-4912
-5183
-5461
-5570
-5660
-5749
-5745
-5613
-5408
-5143
-4790
-4286
-3650
-2947
-2205
-1409
-571
170
944
1652
2201
2554
2949
3312
3477
3604
3789
3912
3986
4140
4231
4237
4289
4367
4351
4265
4170
4016
3855
3637
3250
2674
2044
1402
687
-207
-1181
-2039
-2699
-3403
-4072
-4475
-4797
-5108
-5258
-5262
-5369
-5445
-5295
-5055
-4861
-4562
-4167
-3669
-3067
-2376
-1723
-1036
-329
381
1082
1684
2070
2428
2871
3214
3357
3520
3726
3838
3999
4162
4208
4161
4237
4296
4215
4047
3858
3642
3450
3149
2671
2054
1468
838
97
-733
-1611
-2373
-2976
-3534
-4049
-4417
-4688
-4902
-5018
-5044
-5119
-5134
-4998
-4758
-4502
-4178
-3756
-3224
-2587
-1935
-1288
-607
75
735
1391
1918
2263
2612
3012
3300
3417
3538
3679
3813
3928
4048
4075
4089
4124
4171
4096
3910
3677
3433
3172
2792
2276
1637
997
320
-366
-1189
-1958
-2593
-3120
-3634
-3998
-4246
-4540
-4759
-4804
-4826
-4939
-4911
-4766
-4560
-4307
-3928
-3523
-3029
-2413
-1770
-1127
-501
139
779
1436
1938
2307
2686
3116
3384
3591
3752
3872
3927
4022
4105
4053
3982
3939
3914
3792
3582
3329
3123
2822
2423
1941
1363
662
-38
-654
-1437
-2222
-2807
-3249
-3736
-4074
-4254
-4468
-4652
-4647
-4617
-4666
-4609
-4424
-4204
-3954
-3585
-3146
-2644
-2098
-1492
-883
-257
323
928
1508
1987
2377
2806
3207
3463
3668
3875
3984
3993
4000
3999
3941
3832
3716
3607
3481
3313
3066
2821
2497
2125
1607
995
297
-362
-1057
-1818
-2487
-2983
-3416
-3824
-3981
-4119
-4243
-4341
-4229
-4225
-4212
-4165
-3965
-3799
-3556
-3226
-2818
-2361
-1874
-1295
-716
-163
376
1009
1545
1978
2381
2888
3230
3467
3663
3838
3868
3839
3827
3758
3637
3522
3448
3339
3227
3050
2879
2620
2297
1933
1460
799
62
-551
-1211
-2029
-2715
-3145
-3569
-3962
-4105
-4102
-4221
-4256
-4092
-3940
-3948
-3871
-3638
-3410
-3221
-2910
-2502
-2089
-1689
-1119
-548
-55
410
1052
1640
2043
2450
2953
3297
3461
3682
3841
3789
3673
3710
3644
3478
3332
3298
3228
3057
2890
2704
2476
2117
1743
1278
629
-118
-719
-1349
-2138
-2828
-3288
-3657
-4046
-4156
-4181
-4230
-4258
-4002
-3811
-3728
-3652
-3365
-3094
-2869
-2619
-2281
-1904
-1522
-986
-446
55
525
1206
1837
2296
2680
3167
3494
3639
3776
3867
3761
3628
3617
3529
3331
3206
3155
3037
2885
2737
2493
2234
1933
1548
1008
380
-285
-929
-1617
-2346
-2991
-3461
-3836
-4131
-4213
-4219
-4193
-4103
-3827
-3644
-3498
-3331
-3092
-2911
-2704
-2471
-2226
-1933
-1546
-1055
-515
37
570
1239
1896
2400
2806
3279
3577
3697
3827
3908
3778
3641
3602
3490
3271
3147
3090
2976
2834
2695
2475
2249
1934
1524
965
310
-402
-1135
-1801
-2523
-3176
-3649
-3950
-4194
-4293
-4228
-4149
-4042
-3811
-3526
-3333
-3159
-2945
-2733
-2506
-2304
-2062
-1771
-1427
-1012
-455
79
609
1196
1891
2444
2885
3295
3651
3830
3900
3927
3811
3631
3454
3309
3100
2936
2797
2767
2669
2550
2369
2185
1870
1406
860
190
-579
-1410
-2068
-2774
-3375
-3917
-4098
-4299
-4291
-4263
-4046
-3858
-3604
-3271
-2986
-2760
-2645
-2378
-2168
-1952
-1869
-1562
-1296
-864
-450
158
649
1254
1939
2589
3053
3398
3772
3944
4026
3916
3797
3545
3349
3112
2975
2796
2665
2606
2587
2511
2345
2189
1835
1380
802
208
-663
-1514
-2253
-2882
-3571
-4083
-4331
-4495
-4539
-4434
-4128
-3926
-3587
-3222
-2791
-2600
-2380
-2161
-1939
-1844
-1724
-1517
-1269
-931
-462
104
653
1339
2038
2724
3176
3609
3899
4060
4017
3896
3713
3457
3205
2972
2851
2691
2620
2556
2535
2433
2278
2030
1662
1188
569
-73
-851
-1607
-2397
-2966
-3568
-3982
-4340
-4417
-4487
-4335
-4079
-3783
-3457
-3091
-2644
-2391
-2100
-1926
-1688
-1638
-1454
-1325
-1049
-784
-337
167
778
1425
2076
2703
3163
3576
3812
3950
3856
3742
3529
3315
3057
2870
2712
2599
2541
2487
2434
2293
2101
1819
1461
936
321
-314
-997
-1762
-2465
-3031
-3545
-4017
-4315
-4397
-4428
-4327
-4070
-3715
-3407
-3004
-2609
-2253
-1990
-1756
-1583
-1447
-1310
-1140
-911
-600
-197
311
922
1551
2166
2732
3259
3601
3803
3892
3873
3708
3480
3281
3079
2836
2664
2594
2532
2433
2335
2215
1975
1642
1296
783
138
-509
-1121
-1819
-2524
-3067
-3510
-3911
-4206
-4239
-4242
-4113
-3889
-3522
-3198
-2866
-2520
-2190
-1909
-1755
-1593
-1459
-1279
-1147
-866
-548
-136
361
1002
1615
2158
2685
3162
3493
3649
3690
3635
3516
3311
3127
2918
2746
2588
2528
2461
2362
2206
2048
1834
1489
1066
541
-16
-629
-1206
-1846
-2426
-2930
-3290
-3567
-3804
-3876
-3854
-3672
-3526
-3251
-3022
-2727
-2497
-2186
-1962
-1809
-1658
-1420
-1200
-990
-722
-389
49
490
1045
1519
2007
2423
2848
3130
3300
3340
3351
3284
3172
3011
2861
2726
2598
2509
2415
2303
2116
1909
1644
1309
861
374
-152
-671
-1242
-1764
-2243
-2638
-2955
-3175
-3327
-3406
-3385
-3271
-3134
-3010
-2816
-2647
-2417
-2248
-2027
-1885
-1699
-1475
-1225
-980
-708
-376
16
425
861
1305
1720
2128
2480
2803
2992
3115
3169
3164
3093
2998
2887
2751
2616
2505
2416
2259
2073
1818
1561
1204
778
311
-171
-680
-1231
-1665
-2111
-2433
-2765
-2928
-3057
-3099
-3103
-3017
-2900
-2798
-2658
-2499
-2329
-2235
-2060
-1913
-1735
-1615
-1359
-1091
-828
-525
-159
273
654
1101
1514
1924
2247
2587
2843
3009
3084
3125
3148
3074
2980
2865
2761
2596
2460
2296
2082
1753
1476
1133
695
231
-200
-647
-1163
-1545
-1911
-2187
-2499
-2610
-2709
-2769
-2788
-2734
-2638
-2639
-2496
-2423
-2299
-2269
-2058
-1978
-1792
-1663
-1388
-1163
-904
-592
-267
96
396
837
1186
1563
1824
2208
2464
2690
2826
2964
3054
3050
3048
2973
2909
2713
2573
2343
2095
1745
1388
1011
578
158
-280
-652
-1071
-1375
-1669
-1887
-2091
-2211
-2308
-2390
-2418
-2440
-2422
-2449
-2392
-2378
-2292
-2247
-2134
-2016
-1865
-1674
-1487
-1223
-999
-702
-436
-82
192
535
869
1243
1548
1872
2186
2470
2691
2880
3048
3105
3113
3062
2992
2782
2572
2289
2014
1609
1269
870
517
85
-245
-585
-875
-1171
-1410
-1591
-1780
-1928
-2080
-2097
-2197
-2197
-2242
-2201
-2221
-2197
-2142
-2089
-2031
-1997
-1836
-1705
-1528
-1385
-1093
-875
-610
-306
34
334
619
1056
1332
1646
1904
2287
2457
2666
2826
2975
2942
2908
2854
2673
2435
2145
1920
1551
1245
871
592
235
-48
-329
-592
-865
-1081
-1250
-1422
-1607
-1743
-1814
-1872
-1917
-1976
-1965
-1974
-1959
-1978
-1932
-1938
-1897
-1823
-1696
-1610
-1497
-1291
-1074
-828
-602
-277
-12
322
646
1028
1291
1587
1896
2184
2412
2550
2703
2745
2749
2649
2537
2310
2070
1806
1564
1256
941
665
404
144
-132
-348
-601
-806
-999
-1128
-1315
-1434
-1507
-1575
-1619
-1675
-1679
-1720
-1706
-1746
-1742
-1759
-1731
-1694
-1630
-1541
-1474
-1321
-1177
-958
-773
-502
-270
37
330
659
950
1249
1523
1786
2058
2239
2403
2462
2553
2512
2455
2295
2111
1874
1653
1374
1077
778
510
252
-27
-270
-507
-703
-893
-1040
-1192
-1270
-1374
-1386
-1448
-1443
-1515
-1486
-1519
-1523
-1588
-1572
-1584
-1576
-1530
-1490
-1400
-1336
-1162
-1028
-809
-613
-332
-82
217
516
770
1039
1298
1539
1699
1906
2043
2143
2171
2219
2202
2111
1989
1825
1659
1399
1189
906
660
374
135
-102
-328
-541
-713
-881
-1016
-1104
-1198
-1239
-1305
-1272
-1303
-1292
-1311
-1265
-1269
-1293
-1285
-1301
-1273
-1311
-1233
-1239
-1153
-1065
-868
-709
-492
-226
46
344
555
846
1029
1265
1384
1561
1650
1735
1765
1800
1846
1784
1738
1627
1544
1363
1195
948
743
479
250
-1
-212
-450
-632
-775
-929
-1037
-1143
-1157
-1218
-1192
-1226
-1168
-1195
-1109
-1118
-1089
-1095
-1098
-1058
-1075
-991
-1019
-894
-852
-621
-539
-304
-96
164
385
584
845
968
1157
1220
1405
1381
1459
1452
1526
1490
1480
1467
1386
1335
1203
1100
853
690
450
247
-26
-225
-463
-641
-808
-931
-1066
-1166
-1189
-1220
-1189
-1206
-1134
-1120
-1007
-980
-913
-940
-882
-873
-842
-835
-800
-702
-649
-467
-355
-129
29
291
489
693
868
1009
1136
1191
1265
1247
1263
1229
1245
1210
1187
1165
1116
1077
976
873
706
558
352
156
-70
-282
-494
-667
-814
-962
-1096
-1175
-1182
-1204
-1188
-1162
-1076
-1014
-918
-826
-768
-739
-691
-644
-627
-619
-572
-483
-408
-267
-130
66
233
461
657
840
988
1103
1188
1218
1218
1189
1144
1097
1041
981
951
887
821
770
682
569
441
313
161
-26
-204
-390
-545
-726
-860
-993
-1077
-1170
-1179
-1188
-1167
-1130
-1056
-949
-895
-763
-713
-613
-602
-528
-498
-444
-380
-303
-174
-58
121
282
473
632
833
963
1085
1162
1211
1211
1204
1185
1111
1050
1010
962
867
794
737
634
510
366
269
91
-71
-235
-396
-576
-744
-855
-1002
-1121
-1223
-1238
-1308
-1300
-1292
-1205
-1157
-1057
-924
-821
-702
-614
-481
-435
-325
-246
-90
-23
124
278
465
617
771
954
1076
1204
1255
1346
1316
1304
1238
1208
1123
1026
941
866
814
685
599
478
372
214
87
-75
-262
-449
-614
-777
-965
-1108
-1228
-1326
-1400
-1419
-1416
-1382
-1334
-1235
-1130
-1032
-922
-781
-662
-563
-464
-338
-221
-80
52
200
342
502
690
834
968
1083
1205
1278
1324
1321
1326
1278
1234
1150
1089
983
906
836
770
659
570
468
378
237
96
-74
-265
-439
-655
-879
-1093
-1252
-1409
-1511
-1583
-1571
-1559
-1475
-1386
-1273
-1155
-1045
-917
-810
-694
-590
-459
-351
-176
-67
130
289
484
632
830
991
1118
1248
1324
1411
1404
1419
1359
1340
1241
1174
1054
981
869
806
712
633
536
453
384
249
117
-67
-228
-449
-657
-920
-1133
-1358
-1501
-1620
-1691
-1701
-1668
-1569
-1480
-1350
-1241
-1097
-984
-869
-753
-637
-513
-392
-239
-84
86
272
494
699
892
1093
1265
1422
1508
1581
1581
1566
1508
1424
1301
1205
1074
960
853
766
688
602
560
460
400
250
170
-39
-218
-447
-646
-892
-1168
-1354
-1537
-1647
-1766
-1746
-1737
-1646
-1555
-1398
-1275
-1149
-1013
-891
-769
-684
-550
-438
-280
-142
55
257
485
707
943
1167
1338
1504
1602
1676
1668
1651
1569
1470
1350
1224
1087
941
842
729
640
559
499
424
344
251
118
-36
-213
-411
-629
-851
-1099
-1313
-1505
-1631
-1731
-1772
-1765
-1685
-1574
-1448
-1312
-1152
-1018
-911
-789
-687
-590
-493
-346
-198
-28
180
430
659
888
1111
1334
1469
1585
1655
1700
1679
1615
1536
1447
1316
1177
1038
913
783
679
583
500
401
313
234
107
-46
-232
-410
-629
-840
-1090
-1304
-1515
-1645
-1754
-1793
-1803
-1739
-1623
-1497
-1342
-1209
-1054
-919
-792
-702
-584
-461
-325
-156
29
230
451
670
916
1100
1277
1400
1523
1602
1642
1629
1606
1562
1472
1380
1247
1124
947
846
711
601
470
375
284
167
59
-78
-226
-424
-590
-797
-1011
-1223
-1387
-1528
-1639
-1694
-1685
-1672
-1610
-1503
-1370
-1256
-1128
-974
-851
-719
-590
-419
-279
-101
73
284
456
669
840
999
1138
1252
1364
1405
1478
1480
1498
1452
1417
1347
1246
1130
1005
896
748
649
503
403
269
158
28
-115
-266
-434
-603
-793
-960
-1126
-1268
-1399
-1483
-1533
-1552
-1549
-1525
-1466
-1386
-1271
-1150
-1028
-874
-726
-562
-395
-211
-54
124
302
494
634
783
922
1066
1151
1246
1324
1384
1413
1430
1444
1393
1344
1238
1179
1035
916
785
673
532
388
274
144
2
-159
-306
-463
-635
-789
-954
-1087
-1234
-1338
-1423
-1483
-1508
-1536
-1496
-1465
-1377
-1304
-1161
-1026
-876
-700
-544
-340
-192
12
187
370
514
676
829
946
1050
1133
1232
1271
1325
1350
1366
1355
1333
1296
1204
1118
1034
923
800
656
551
401
263
111
-31
-194
-373
-518
-668
-806
-964
-1065
-1166
-1246
-1319
-1367
-1382
-1406
-1388
-1363
-1286
-1230
-1138
-1019
-852
-707
-553
-361
-176
33
217
408
549
710
841
962
1013
1078
1144
1162
1173
1179
1184
1146
1125
1088
1037
939
880
806
719
606
512
398
266
141
-5
-169
-341
-481
-634
-772
-893
-995
-1061
-1130
-1189
-1218
-1235
-1255
-1262
-1226
-1207
-1164
-1091
-982
-867
-729
-547
-372
-161
49
268
455
623
802
937
1047
1101
1156
1195
1204
1192
1174
1150
1103
1073
1000
928
830
759
665
572
469
363
263
140
18
-126
-279
-439
-583
-730
-846
-948
-1032
-1087
-1121
-1151
-1162
-1164
-1147
-1152
-1109
-1072
-1017
-962
-862
-730
-600
-434
-264
-45
140
365
553
739
882
1022
1134
1194
1229
1238
1241
1205
1153
1081
1025
934
850
755
664
569
482
399
310
202
97
-12
-130
-277
-425
-554
-687
-796
-919
-987
-1044
-1075
-1097
-1104
-1101
-1073
-1049
-1015
-975
-914
-853
-784
-686
-577
-447
-314
-145
22
200
383
567
750
891
1027
1132
1229
1256
1280
1249
1215
1151
1072
988
880
796
698
634
537
477
370
313
200
101
-34
-162
-300
-454
-589
-730
-847
-963
-1030
-1104
-1149
-1166
-1163
-1142
-1131
-1073
-1017
-934
-883
-796
-711
-618
-511
-410
-258
-131
52
206
402
589
759
921
1061
1175
1241
1292
1305
1286
1220
1144
1068
957
853
734
649
550
467
378
283
197
92
-27
-149
-275
-404
-540
-659
-778
-881
-978
-1025
-1079
-1098
-1086
-1067
-1042
-1009
-933
-873
-814
-755
-671
-592
-517
-411
-289
-169
-25
145
326
485
657
821
960
1058
1133
1200
1205
1201
1155
1119
1025
949
861
769
662
573
499
384
282
183
90
-40
-152
-272
-380
-498
-615
-717
-801
-896
-957
-993
-1013
-1026
-1013
-973
-941
-901
-848
-782
-719
-653
-581
-493
-413
-309
-191
-52
80
229
404
564
739
872
1003
1091
1171
1208
1212
1189
1134
1095
1012
938
841
752
651
545
450
313
192
60
-64
-215
-344
-462
-582
-691
-796
-870
-954
-1004
-1046
-1064
-1084
-1072
-1051
-1002
-962
-906
-834
-752
-654
-558
-472
-373
-251
-129
-4
132
287
432
596
753
908
1022
1137
1216
1252
1259
1251
1210
1133
1073
989
906
800
721
608
485
347
211
54
-112
-275
-429
-563
-697
-806
-898
-963
-1022
-1059
-1074
-1082
-1075
-1065
-1031
-994
-950
-897
-845
-765
-683
-580
-491
-384
-280
-142
-7
136
276
432
595
741
888
1010
1130
1195
1262
1277
1265
1236
1198
1134
1059
996
924
851
745
646
511
358
193
5
-185
-389
-547
-707
-839
-964
-1033
-1083
-1116
-1123
-1133
-1095
-1088
-1050
-1028
-993
-954
-924
-862
-808
-716
-630
-507
-395
-265
-106
42
221
374
555
703
859
999
1115
1200
1249
1302
1303
1276
1230
1190
1124
1043
989
924
836
730
627
501
329
139
-64
-261
-478
-660
-834
-971
-1083
-1160
-1181
-1201
-1179
-1153
-1094
-1044
-1001
-958
-928
-885
-850
-811
-755
-668
-571
-452
-307
-162
7
172
353
516
676
823
952
1076
1153
1218
1262
1288
1268
1243
1209
1157
1079
1011
949
856
763
653
544
380
220
37
-157
-369
-555
-730
-901
-1038
-1125
-1182
-1222
-1231
-1198
-1149
-1103
-1046
-993
-956
-924
-885
-857
-827
-771
-680
-583
-459
-303
-125
53
232
421
594
743
879
1009
1112
1171
1223
1271
1289
1289
1268
1245
1191
1127
1060
971
865
750
631
488
330
152
-26
-221
-407
-591
-756
-918
-1035
-1117
-1183
-1214
-1236
-1216
-1185
-1127
-1072
-1026
-969
-913
-849
-810
-762
-696
-610
-516
-402
-260
-109
52
243
413
571
718
868
1005
1099
1177
1234
1290
1305
1315
1299
1265
1201
1144
1079
969
854
734
631
473
337
169
5
-179
-350
-514
-699
-855
-996
-1089
-1194
-1266
-1314
-1315
-1309
-1274
-1220
-1151
-1077
-987
-911
-828
-761
-679
-599
-507
-410
-288
-138
17
190
355
543
712
874
1019
1157
1252
1325
1373
1414
1422
1399
1368
1314
1243
1145
1052
933
793
657
509
362
189
11
-171
-358
-545
-724
-881
-1041
-1166
-1265
-1345
-1397
-1416
-1407
-1365
-1310
-1230
-1135
-1035
-939
-842
-762
-666
-571
-483
-376
-258
-107
47
226
407
583
756
930
1079
1197
1291
1351
1391
1391
1387
1357
1316
1242
1177
1089
987
877
766
626
474
323
164
-18
-213
-396
-582
-748
-918
-1047
-1159
-1245
-1308
-1339
-1345
-1327
-1280
-1212
-1132
-1039
-934
-841
-748
-665
-590
-502
-421
-326
-237
-105
55
218
386
565
736
897
1057
1165
1249
1296
1335
1322
1305
1261
1212
1149
1090
1015
926
852
754
636
496
366
191
10
-190
-379
-572
-757
-915
-1052
-1165
-1248
-1304
-1335
-1360
-1348
-1311
-1255
-1188
-1107
-1011
-902
-788
-694
-592
-488
-375
-271
-164
-41
115
269
426
598
765
920
1061
1184
1262
1316
1348
1357
1333
1282
1229
1168
1101
1019
927
832
730
608
470
318
151
-34
-226
-419
-601
-779
-935
-1065
-1168
-1247
-1294
-1328
-1354
-1340
-1311
-1262
-1207
-1129
-1032
-920
-803
-681
-561
-435
-308
-181
-43
76
221
373
536
675
830
969
1083
1177
1261
1301
1323
1329
1313
1279
1223
1162
1090
1015
907
811
692
567
427
279
109
-78
-266
-453
-647
-828
-983
-1124
-1232
-1305
-1354
-1396
-1406
-1392
-1358
-1311
-1242
-1160
-1061
-954
-841
-710
-579
-444
-308
-170
-22
126
274
423
577
722
869
993
1110
1210
1283
1334
1354
1359
1344
1313
1256
1192
1111
1029
927
819
702
566
426
263
96
-99
-299
-491
-686
-862
-1022
-1142
-1253
-1320
-1366
-1379
-1373
-1357
-1310
-1246
-1161
-1082
-979
-876
-755
-642
-515
-381
-254
-116
13
162
291
441
573
707
825
942
1048
1122
1176
1202
1223
1211
1185
1157
1110
1055
999
937
862
770
677
561
424
257
92
-94
-298
-494
-670
-828
-968
-1078
-1157
-1216
-1234
-1242
-1226
-1197
-1148
-1087
-1018
-932
-852
-765
-674
-567
-473
-363
-244
-117
12
142
292
430
561
690
814
903
978
1039
1082
1088
1075
1065
1048
1017
984
965
926
888
835
771
673
552
409
253
71
-129
-325
-511
-678
-832
-962
-1064
-1147
-1193
-1207
-1219
-1208
-1169
-1112
-1059
-987
-904
-824
-732
-638
-534
-431
-313
-187
-43
94
233
381
522
648
755
854
929
989
1022
1036
1037
1027
1012
988
963
929
891
851
793
717
628
514
392
247
94
-59
-216
-376
-529
-668
-794
-912
-1010
-1083
-1145
-1174
-1170
-1144
-1109
-1057
-979
-904
-812
-721
-630
-529
-420
-297
-182
-48
77
210
339
464
562
655
744
818
868
898
931
950
957
956
947
932
910
873
828
771
698
612
511
392
280
157
24
-116
-242
-372
-501
-632
-750
-854
-954
-1016
-1068
-1096
-1101
-1072
-1032
-987
-920
-840
-763
-690
-586
-492
-381
-273
-146
-30
91
209
314
411
503
583
654
715
767
821
864
892
913
940
947
942
909
887
834
774
687
591
484
362
236
98
-32
-179
-314
-452
-564
-678
-772
-853
-920
-958
-991
-1006
-1012
-988
-955
-912
-854
-778
-693
-590
-478
-364
-246
-118
15
119
220
314
404
474
539
605
661
714
755
800
828
849
863
872
862
842
816
768
712
643
557
455
337
208
65
-79
-223
-351
-483
-586
-680
-754
-809
-854
-879
-904
-907
-918
-901
-875
-844
-796
-721
-645
-553
-445
-330
-207
-86
32
141
245
327
420
488
557
620
678
716
746
781
791
792
781
776
758
736
717
680
639
576
507
422
320
199
72
-55
-189
-314
-428
-531
-625
-703
-765
-812
-852
-879
-903
-913
-916
-901
-871
-835
-784
-715
-622
-518
-414
-292
-167
-48
74
178
286
373
469
555
632
697
752
809
842
853
856
862
842
817
786
758
712
661
597
530
449
349
248
128
10
-117
-242
-366
-488
-602
-695
-772
-845
-901
-944
-958
-972
-968
-950
-914
-870
-804
-721
-645
-546
-434
-300
-183
-58
61
180
285
380
484
573
653
733
810
859
903
937
940
933
905
870
818
758
698
639
572
488
414
339
256
151
46
-67
-188
-317
-452
-581
-702
-808
-900
-970
-1017
-1048
-1043
-1025
-991
-955
-891
-815
-733
-647
-563
-458
-344
-227
-112
8
123
224
325
419
510
593
674
748
815
870
907
935
941
930
902
860
810
759
697
638
572
503
430
357
270
165
65
-62
-190
-337
-470
-606
-731
-839
-930
-987
-1034
-1042
-1031
-990
-959
-906
-836
-756
-688
-605
-513
-420
-313
-212
-104
16
127
225
312
396
486
556
633
690
747
784
820
832
822
808
773
744
695
666
622
585
544
491
436
368
292
188
76
-57
-195
-334
-473
-605
-718
-810
-885
-933
-952
-945
-925
-899
-858
-807
-743
-686
-619
-547
-465
-373
-273
-177
-79
37
150
246
327
410
494
571
630
683
732
762
786
795
789
774
762
744
715
691
675
640
598
540
478
399
299
177
45
-95
-240
-371
-498
-616
-717
-799
-862
-906
-935
-951
-948
-932
-905
-865
-813
-752
-692
-611
-525
-424
-329
-234
-132
-16
95
199
295
383
466
545
615
660
701
732
763
775
777
782
782
777
769
759
731
695
654
597
514
408
300
173
42
-101
-231
-348
-451
-542
-623
-688
-747
-787
-831
-861
-887
-895
-898
-877
-848
-807
-751
-687
-598
-510
-422
-329
-214
-104
2
111
217
312
397
486
546
604
654
695
737
765
792
805
836
842
850
840
822
795
739
667
561
455
328
197
52
-68
-188
-288
-384
-458
-521
-588
-645
-699
-752
-812
-858
-907
-934
-957
-957
-936
-890
-835
-753
-656
-545
-425
-297
-166
-46
88
202
314
407
495
568
635
692
740
789
828
864
895
910
921
921
897
860
800
722
619
504
366
217
79
-50
-163
-275
-352
-414
-469
-515
-554
-588
-635
-681
-731
-779
-825
-865
-895
-911
-901
-866
-808
-738
-643
-538
-418
-294
-170
-41
81
191
290
381
462
534
588
647
694
742
790
840
871
892
905
909
894
853
794
716
620
506
381
253
121
-10
-118
-208
-293
-365
-427
-479
-527
-574
-607
-651
-693
-734
-769
-803
-834
-841
-840
-825
-794
-740
-665
-580
-482
-372
-255
-140
-23
93
203
309
400
480
560
627
686
739
781
820
845
858
871
868
846
816
774
715
639
548
448
342
223
95
-22
-128
-222
-315
-397
-472
-524
-564
-615
-666
-702
-731
-765
-792
-817
-816
-801
-773
-737
-678
-610
-538
-443
-341
-248
-147
-46
57
151
247
337
420
495
556
626
673
716
738
755
761
753
740
720
692
654
616
566
504
431
345
243
130
18
-98
-215
-319
-407
-478
-542
-589
-628
-661
-684
-709
-732
-743
-743
-740
-718
-676
-627
-564
-498
-405
-318
-226
-133
-48
41
132
215
288
370
435
501
558
621
671
702
722
728
734
722
705
673
640
606
567
512
451
384
305
218
119
13
-97
-202
-307
-400
-494
-573
-627
-672
-714
-744
-763
-771
-770
-763
-741
-712
-657
-592
-514
-441
-355
-262
-180
-103
-29
46
116
184
253
322
384
451
521
587
643
690
727
753
760
745
728
703
660
621
570
514
448
392
311
233
145
45
-52
-161
-268
-382
-481
-586
-669
-736
-791
-825
-847
-851
-843
-814
-776
-719
-656
-573
-482
-387
-295
-206
-120
-45
30
94
165
226
288
356
418
480
540
605
667
702
718
732
728
704
672
630
583
533
492
445
398
345
282
230
155
65
-28
-129
-236
-354
-463
-563
-640
-709
-771
-811
-826
-829
-820
-796
-752
-681
-602
-511
-422
-316
-207
-117
-41
28
90
142
197
237
280
324
378
431
496
544
599
646
674
678
661
645
604
552
494
440
386
342
308
265
222
174
124
56
-28
-118
-220
-315
-421
-503
-591
-670
-732
-766
-792
-816
-815
-799
-756
-703
-633
-549
-443
-331
-238
-137
-41
32
102
155
200
246
291
329
382
435
484
548
602
651
685
704
712
701
674
629
568
504
439
368
295
228
162
104
43
-19
-89
-154
-232
-303
-375
-448
-522
-582
-639
-695
-724
-741
-737
-741
-712
-670
-612
-549
-475
-395
-311
-223
-136
-52
22
99
161
227
277
324
376
433
480
527
583
629
675
700
712
709
697
670
625
572
513
446
380
310
237
162
81
0
-82
-163
-250
-339
-415
-482
-545
-608
-659
-694
-703
-707
-700
-679
-637
-591
-549
-496
-435
-371
-316
-252
-196
-132
-68
5
65
132
199
272
337
390
446
501
539
566
594
597
604
595
584
558
528
491
445
402
348
293
230
165
96
28
-50
-137
-212
-294
-372
-447
-514
-566
-614
-634
-651
-633
-608
-564
-511
-452
-390
-330
-279
-243
-210
-177
-145
-121
-81
-39
13
75
133
204
274
340
396
447
492
518
533
542
537
520
512
499
482
450
422
388
347
302
253
204
147
92
33
-44
-124
-197
-274
-362
-449
-528
-580
-622
-644
-650
-626
-597
-555
-497
-439
-388
-342
-292
-258
-223
-192
-147
-106
-55
-4
57
129
193
263
325
393
438
482
500
518
527
525
520
500
487
465
439
395
362
322
272
221
179
137
87
33
-22
-77
-136
-216
-290
-352
-417
-486
-532
-566
-589
-586
-567
-531
-493
-448
-395
-342
-294
-256
-213
-161
-122
-78
-31
14
67
124
177
226
278
331
377
411
435
466
479
483
473
460
436
400
375
343
306
261
221
181
136
75
18
-27
-75
-128
-182
-228
-273
-313
-343
-375
-402
-422
-430
-423
-419
-407
-393
-358
-329
-294
-258
-226
-199
-169
-130
-99
-65
-27
19
67
112
165
209
245
283
317
345
364
379
386
387
382
379
367
348
327
300
271
237
191
141
88
40
-11
-60
-107
-150
-181
-214
-235
-253
-268
-285
-300
-326
-338
-340
-345
-340
-328
-297
-271
-237
-199
-158
-125
-87
-59
-21
9
44
72
105
131
162
213
245
281
313
343
358
362
369
360
348
318
292
264
228
185
135
83
12
-40
-94
-146
-196
-226
-255
-274
-283
-298
-304
-306
-299
-295
-295
-295
-290
-270
-254
-234
-210
-180
-153
-124
-88
-53
-26
6
48
85
116
146
186
232
259
281
304
329
344
350
358
357
361
349
332
306
273
242
202
144
87
28
-23
-66
-119
-167
-210
-251
-287
-313
-341
-356
-364
-359
-349
-330
-311
-282
-248
-220
-198
-169
-151
-144
-133
-128
-105
-91
-62
-33
1
59
118
165
207
256
300
337
361
382
402
407
402
393
377
362
334
307
271
239
200
162
124
78
43
-1
-44
-99
-141
-201
-263
-309
-348
-388
-416
-431
-444
-431
-409
-387
-357
-314
-282
-251
-216
-191
-181
-154
-130
-109
-78
-39
15
69
125
168
214
255
297
324
337
365
388
397
405
404
394
389
374
341
303
266
229
186
140
87
47
7
-28
-78
-127
-179
-225
-278
-336
-383
-425
-454
-475
-493
-498
-482
-462
-439
-416
-371
-328
-291
-255
-212
-170
-121
-69
-13
51
109
167
235
291
336
368
397
419
437
452
452
457
440
433
428
426
407
386
357
319
281
230
183
124
79
27
-27
-82
-140
-198
-253
-313
-372
-417
-455
-492
-513
-512
-516
-508
-492
-469
-440
-407
-375
-336
-291
-248
-194
-129
-59
13
92
158
226
301
360
402
426
458
473
480
467
449
432
412
393
371
356
334
321
304
276
235
196
157
101
50
-11
-69
-131
-184
-247
-301
-353
-406
-447
-473
-500
-510
-512
-515
-495
-481
-453
-424
-399
-362
-322
-267
-214
-151
-87
-22
51
117
194
263
310
361
409
439
453
455
452
434
415
391
361
339
321
301
289
268
252
228
202
165
120
75
17
-38
-96
-150
-212
-266
-314
-359
-402
-428
-448
-467
-467
-461
-450
-430
-403
-374
-335
-293
-256
-215
-156
-90
-38
24
90
163
221
294
357
407
450
469
485
482
462
422
389
347
312
272
249
233
218
212
187
152
116
77
17
-39
-99
-157
-219
-268
-320
-365
-401
-432
-456
-470
-476
-470
-453
-432
-406
-366
-328
-280
-224
-185
-126
-78
-30
22
64
115
171
237
298
369
440
495
526
546
548
536
507
467
418
363
328
293
257
224
200
170
136
85
33
-24
-83
-151
-221
-279
-343
-396
-437
-473
-505
-528
-547
-553
-543
-528
-514
-491
-443
-395
-343
-293
-244
-174
-120
-68
-21
32
97
160
224
280
355
420
474
522
555
589
596
598
590
564
520
484
440
394
352
304
255
207
161
98
30
-47
-117
-187
-254
-320
-382
-432
-477
-524
-550
-568
-590
-594
-595
-582
-559
-524
-485
-447
-403
-348
-280
-212
-147
-90
-18
65
127
188
243
311
379
433
478
514
553
584
597
605
598
587
561
535
504
467
421
373
311
239
173
90
11
-76
-155
-241
-308
-379
-444
-499
-544
-573
-602
-611
-605
-600
-584
-553
-526
-496
-456
-415
-371
-318
-259
-194
-120
-43
29
108
185
263
332
397
454
496
523
543
565
561
556
552
546
537
527
503
482
446
400
339
278
208
132
57
-34
-118
-205
-265
-346
-414
-468
-500
-522
-528
-539
-536
-511
-499
-479
-460
-436
-414
-373
-349
-308
-256
-207
-151
-93
-22
45
122
182
232
288
336
365
394
413
429
451
456
462
464
469
462
438
417
383
342
294
240
180
121
64
-6
-74
-134
-204
-262
-323
-374
-416
-451
-478
-487
-485
-479
-472
-458
-439
-412
-396
-377
-352
-316
-273
-223
-174
-110
-43
16
82
128
175
212
258
287
309
331
354
376
385
405
405
411
411
395
387
372
363
334
303
274
245
212
152
94
35
-26
-93
-164
-226
-273
-308
-332
-355
-370
-369
-379
-371
-367
-362
-357
-344
-330
-317
-290
-267
-227
-190
-149
-109
-47
13
60
102
156
207
242
272
290
321
334
337
337
333
322
314
315
307
291
283
272
252
235
196
160
121
67
10
-39
-85
-137
-185
-226
-257
-277
-290
-313
-314
-317
-315
-312
-303
-292
-278
-266
-255
-234
-206
-179
-155
-119
-84
-35
-6
32
73
109
145
186
220
244
261
273
275
263
262
254
246
228
205
192
178
164
140
121
104
79
56
31
-8
-46
-84
-121
-152
-182
-205
-221
-225
-225
-232
-236
-233
-226
-225
-216
-199
-193
-184
-167
-154
-135
-116
-95
-67
-31
7
34
76
119
145
165
188
212
231
239
246
262
275
272
267
266
261
237
217
195
166
143
120
90
57
19
-31
-60
-99
-142
-178
-210
-226
-233
-223
-216
-210
-203
-189
-178
-179
-171
-170
-171
-167
-172
-162
-151
-133
-107
-63
-15
22
64
105
147
172
181
182
188
190
199
205
206
222
225
232
227
209
197
173
149
115
87
50
13
-23
-55
-81
-112
-144
-177
-189
-201
-214
-233
-240
-241
-220
-199
-187
-168
-140
-123
-117
-110
-116
-114
-108
-102
-91
-72
-45
4
42
78
114
155
198
204
215
226
236
241
238
225
215
213
207
193
182
167
152
138
125
108
69
34
5
-25
-47
-94
-142
-171
-196
-217
-234
-246
-245
-235
-235
-226
-217
-218
-222
-216
-218
-210
-193
-174
-146
-125
-99
-71
-24
2
30
53
81
125
150
171
190
220
236
252
259
256
251
250
248
245
239
229
217
201
182
146
117
91
58
22
-9
-45
-78
-108
-135
-158
-177
-201
-227
-242
-258
-277
-287
-298
-299
-289
-283
-269
-242
-204
-167
-137
-107
-65
-9
31
74
119
161
196
224
249
267
276
285
285
290
287
277
271
255
234
220
206
183
161
125
103
69
36
-6
-47
-74
-100
-125
-156
-179
-219
-234
-252
-271
-290
-288
-280
-267
-249
-231
-209
-193
-177
-159
-148
-127
-98
-74
-48
-21
19
69
112
133
176
213
237
259
269
262
259
255
238
228
198
171
145
130
108
72
45
18
-4
-38
-62
-86
-99
-116
-123
-125
-130
-130
-140
-144
-155
-165
-178
-185
-189
-185
-179
-162
-141
-129
-102
-87
-77
-49
-29
-17
6
31
54
65
81
99
114
135
142
151
161
172
183
181
174
172
165
160
155
138
123
90
63
42
17
-5
-32
-25
-15
-14
-11
-16
-12
-10
-21
-34
-44
-53
-61
-89
-113
-135
-155
-170
-194
-196
-198
-191
-176
-155
-135
-120
-98
-93
-82
-55
-43
-29
-19
-5
11
37
57
73
95
117
146
165
175
172
183
178
168
155
145
135
128
107
95
91
77
67
43
35
10
3
-15
-30
-39
-61
-76
-93
-92
-107
-123
-133
-141
-136
-145
-149
-155
-158
-153
-135
-115
-98
-68
-50
-17
7
34
45
64
96
116
135
141
154
157
147
134
129
127
123
117
111
105
94
84
64
40
27
12
-8
-24
-32
-47
-60
-64
-77
-75
-84
-93
-85
-82
-86
-91
-85
-87
-88
-91
-78
-61
-55
-44
-34
-14
-2
4
-5
-8
1
0
2
8
20
37
68
81
93
106
122
138
131
119
99
83
68
49
29
12
8
-5
-2
-22
-46
-46
-63
-88
-115
-115
-107
-94
-90
-60
-23
4
9
6
-4
-25
-35
-67
-85
-95
-101
-87
-59
-51
-38
-17
-11
8
14
15
22
26
34
38
36
43
46
38
51
46
30
37
41
43
42
41
47
61
71
57
40
34
10
-25
-54
-61
-73
-69
-64
-62
-36
-9
8
15
26
25
33
26
12
3
-10
-10
-22
-24
-26
-20
-10
-2
12
22
45
55
58
49
44
40
26
6
-12
-7
-1
5
12
24
56
60
55
50
37
19
8
6
-17
-20
-25
-20
-26
-43
-46
-46
-49
-70
-67
-77
-70
-70
-68
-74
-71
-50
-39
-22
-4
2
-3
-8
-14
-19
-31
-35
-33
-3
25
43
57
74
88
93
93
90
93
89
95
103
107
115
113
115
112
82
59
41
19
-22
-45
-53
-65
-70
-77
-79
-68
-57
-72
-78
-88
-92
-94
-90
-86
-78
-61
-57
-49
-41
-44
-38
-38
-22
-25
-30
-21
-21
-13
-12
-1
7
23
28
25
38
45
48
50
55
60
69
60
57
68
64
64
60
59
56
53
40
17
13
-6
-6
-7
-16
-18
-19
-16
-28
-30
-26
-25
-19
-16
-15
-16
-9
1
6
5
8
10
4
12
10
19
11
-5
-16
-22
-22
-31
-41
-46
-41
-34
-23
-23
-31
-15
1
10
5
0
-10
-27
-32
-54
-56
-55
-48
-30
-16
15
30
34
40
39
33
21
15
0
0
6
19
13
4
10
5
11
-4
-9
0
1
-4
-8
-7
-5
-3
-10
-4
-11
-16
-20
-32
-43
-45
-43
-54
-59
-55
-38
-27
-11
0
6
26
49
58
56
72
76
74
62
59
53
47
29
31
41
38
40
53
50
46
46
30
21
13
-5
-14
-26
-36
-29
-31
-37
-33
-21
-21
-19
-31
-29
-11
4
2
-1
-3
6
11
-1
-19
-31
-32
-12
-7
-1
20
43
68
78
65
56
60
37
26
21
2
-7
-1
-7
-11
-4
6
22
26
2
-3
-8
-13
-21
-49
-60
-56
-53
-50
-27
-19
-12
-15
-14
-11
-20
-31
-38
-36
-34
-23
-13
-9
1
10
4
10
-1
-21
-26
-36
-42
-37
-35
-46
-39
-23
-11
-6
2
18
20
16
21
20
6
-3
-6
-8
-5
-5
-8
-1
-2