6
8
3
-2
1
1
-2
-3
-3
4
4
0
-1
1
3
0
-4
-7
-5
-1
1
-5
-3
-1
6
7
4
-1
2
9
2
3
2
3
6
10
4
2
5
4
3
-1
-2
-6
-3
-4
-10
-8
-2
0
-3
-3
-3
-1
-1
-4
-11
-8
-3
0
-3
-5
-5
-3
-1
2
1
-8
-2
1
-6
-4
-3
-3
-2
1
5
8
4
0
1
2
7
2
-3
-4
5
5
-2
-3
0
2
-2
-3
1
1
-6
-6
-1
4
3
-4
-10
-7
-3
-5
-11
-13
-14
-10
-6
-7
-6
-11
-4
1
-2
-5
-7
-8
-3
4
7
2
-4
3
6
0
-1
5
-2
-8
-15
0
5
11
10
10
7
10
21
25
22
2
-3
5
15
9
1
-6
-8
2
7
5
-3
4
8
11
11
20
14
11
4
-8
-13
-12
-4
-5
-8
-26
-24
-8
5
1
-1
-9
-16
4
15
1
-16
-9
1
15
14
-5
-4
16
14
-7
-6
9
10
10
3
9
20
31
33
24
16
20
41
21
1
5
26
19
-4
7
20
26
10
-7
-22
-16
-11
-17
2
-20
-39
-27
-16
-22
-17
0
-37
-57
-30
-3
-15
-35
-33
-35
-14
-15
-10
-6
-2
-13
-3
22
18
15
25
25
15
17
23
16
6
16
31
50
24
18
34
65
40
5
-21
-3
21
15
-13
-44
-20
3
13
-3
-25
-44
-26
-8
-10
-34
-35
-41
-41
-19
2
-4
-27
-44
-55
-21
-4
-37
-89
-75
-41
-13
-15
-46
-59
-18
22
-13
-54
-24
11
-14
-41
-21
2
7
8
-10
-5
53
120
78
7
42
130
134
71
86
84
77
83
92
80
52
33
10
45
80
73
8
-37
-20
48
64
19
-39
-67
-37
12
20
-58
-97
-71
-25
-21
-53
-89
-92
-79
-112
-133
-104
-58
-83
-106
-118
-93
-27
19
-15
-78
-48
12
52
21
-30
-38
-4
35
45
37
21
19
56
97
100
42
8
11
36
52
21
30
40
60
51
93
112
38
-20
-29
14
7
-17
-38
-44
-28
2
-1
25
46
55
5
12
73
124
101
50
33
75
127
99
42
8
20
-11
-62
-101
-59
-39
-26
-36
-11
16
13
16
-26
-48
-76
-51
-42
-99
-151
-127
-77
-36
-45
-132
-139
-90
-52
-27
-38
-59
-98
-74
-100
-178
-151
-114
-143
-189
-166
-76
-20
8
23
62
112
144
142
28
-18
15
-9
-61
-41
56
46
74
163
248
279
236
162
11
-110
-155
-120
-92
-64
-29
64
112
107
68
21
79
60
-11
-22
9
85
190
232
209
219
289
334
276
179
63
-81
-96
37
159
76
15
147
284
397
320
187
160
90
88
108
48
-34
-91
-21
103
96
57
63
135
137
65
-87
-222
-279
-238
-189
-265
-395
-433
-352
-363
-428
-639
-972
-1063
-1035
-644
-1378
-2465
-1994
77
691
-1418
-2807
-1512
678
751
-570
-1857
-1066
575
1987
854
-3
810
1654
1406
1845
3638
3051
1711
1405
3092
3907
3665
2645
1297
896
2238
3502
1338
-1939
-1912
29
67
-1314
-2152
-2987
-2871
-1312
-475
-1714
-2762
-1796
-569
-317
-402
-263
-610
-833
48
760
-492
-1534
-1534
-1576
-1999
-1748
-1773
-3362
-3839
-2291
-985
-2024
-2680
-1747
-1031
-486
-137
239
-1435
-477
1959
4405
2520
-1644
-979
4421
8624
3409
-742
168
6045
7752
5787
1653
351
3222
6526
5172
-639
-2972
466
2390
-774
-3396
-2317
-1877
-2334
-2182
-2315
-2950
-2022
-927
-2520
-3242
-810
1474
-176
-2375
-1468
1291
2069
598
-1162
-1979
-467
1769
1533
-2739
-4659
-1404
2281
760
-2927
-3640
-1477
974
728
-1328
-3661
-2250
640
1336
-1344
-2642
-942
1125
1119
443
-188
-3
1539
3364
3892
457
-2022
1082
7126
6271
343
-850
3501
6932
5868
2881
-105
672
4121
4874
284
-3927
-2029
1651
299
-3860
-4313
-2294
-1937
-2714
-3351
-4136
-3128
-321
-580
-3484
-3252
878
2143
-162
-2171
-998
774
1780
490
-1732
-2440
-48
2684
-916
-4779
-2988
2401
1310
-3555
-4398
-1350
1225
549
-1201
-3514
-2676
1044
2251
-1140
-3800
185
3105
1916
-271
1298
2873
2781
895
-337
1652
5330
5324
1124
-127
4498
8710
6827
2015
441
3041
5410
4135
-557
-4093
-2374
1421
263
-4380
-5433
-2674
-1164
-2187
-3518
-4188
-3205
-1644
-1630
-3021
-2620
-250
1077
-502
-1499
228
2623
2069
-44
-813
-1307
-434
335
-260
-3195
-3353
-651
534
-915
-2498
-2057
-1331
-321
-524
-1703
-2927
-2105
-23
849
266
301
675
1793
3736
4407
2581
-606
-674
2363
5923
4610
231
-620
4003
8126
6839
2872
608
2336
4945
4480
523
-2980
-2332
343
428
-3003
-4452
-2787
-1815
-3039
-3798
-3374
-2823
-2178
-2449
-3427
-2504
307
1384
-784
-1636
26
2897
2602
619
-1810
-781
918
-553
-2634
-2713
451
-720
-2715
-3718
-769
-254
-1700
-3197
-2992
-1657
-370
-98
-2169
-2385
1075
3228
1438
240
2906
4704
1885
-1184
920
5695
6310
2482
109
2751
7480
8864
5089
382
965
5404
6525
1802
-3217
-3248
-16
808
-2325
-5143
-4771
-2725
-2240
-3616
-4953
-4254
-1685
-1387
-3152
-3574
-533
1213
231
-1993
-1489
764
2665
1226
-1658
-2273
-2246
-662
-315
-285
-3325
-4823
-2835
690
483
-2778
-4206
-2701
-193
1035
133
-2104
-2224
1616
4471
2345
505
2583
6343
4653
-677
-943
5485
9445
4111
-947
1331
7884
9999
6614
1219
-190
4496
8170
4086
-3739
-5163
91
2103
-2355
-6633
-5506
-3138
-2564
-3532
-5334
-6059
-3334
-797
-2726
-4814
-2658
574
102
-1882
-1894
-152
1111
994
-410
-3273
-3201
-90
1787
-1762
-5122
-3191
104
408
-1718
-2677
-2997
-1431
961
784
-2306
-2810
1654
3673
1884
274
2424
4664
5979
5882
1028
-2574
2260
11087
8400
-1434
-1733
7730
12148
8123
3566
1397
2726
6908
7538
-112
-6681
-2990
2378
-1171
-7489
-6824
-3493
-4021
-5512
-5323
-5714
-5057
-2332
-2589
-6051
-4763
942
1661
-3263
-4199
-78
2697
935
-938
-3909
-4906
-1046
3165
-167
-7992
-6873
307
3630
-1743
-5613
-5246
-1357
2358
2312
-2254
-5315
505
6617
4998
-893
558
5695
9043
6453
-768
-3280
4962
14955
8375
-3448
-1452
11395
14439
7834
1989
839
4058
9450
8016
-2458
-8257
-1486
3667
-2625
-9181
-6719
-3294
-4896
-5803
-4924
-5661
-5030
-1915
-2419
-5838
-3317
1997
909
-4244
-3270
1497
2690
240
-2749
-4254
-3004
1388
1901
-4285
-8758
-4243
1758
750
-4269
-5980
-4267
-769
2316
1341
-3487
-3525
2135
5597
2650
421
2932
5341
7549
5008
-638
-957
9730
14925
3362
-3917
4719
14689
10487
3694
1429
2034
5527
9379
4011
-7058
-6746
3234
2793
-7624
-10194
-3529
-2127
-6019
-6472
-5725
-5923
-3326
-392
-4379
-7330
-1242
3921
-553
-5815
-2176
2405
2183
-1689
-4263
-4259
-779
2397
-1506
-7658
-7227
146
2131
-3696
-7883
-4635
459
1132
-901
-2821
-1412
2937
5425
2335
-472
3734
9483
10095
2311
-3442
1844
14756
16232
1180
-6283
4827
17381
13519
3219
-2439
-62
8053
12958
4030
-10034
-8710
4266
5605
-5740
-11163
-6617
-3556
-3711
-3843
-6455
-8812
-4869
-426
-3349
-6790
-2546
778
-2324
-4936
-1059
1405
-1554
-4484
-4153
-1896
-494
-191
-4193
-7506
-5213
1125
1311
-5044
-8178
-3842
1963
1985
-847
-3298
-1530
3270
8173
5434
711
2204
9975
12569
3398
-2870
3306
16056
13502
1589
-1626
7845
13532
10881
5317
141
-428
7220
10785
686
-9815
-4731
3467
-581
-7833
-7061
-4397
-5768
-5329
-4168
-6614
-7086
-2613
-1926
-6858
-5471
1456
1576
-4459
-5284
-693
785
-1532
-4032
-5149
-4155
-1026
-727
-5328
-8281
-4640
57
-1461
-5829
-6263
-2521
316
899
-126
-1893
-515
4440
7853
4840
3247
6059
11321
8371
1201
1435
10765
15453
6190
-300
4804
12819
11315
6600
3103
1563
4062
8999
5277
-5752
-7801
980
1769
-6741
-9270
-4439
-4016
-6425
-5365
-5528
-7332
-4513
-1081
-4958
-8348
-2675
2543
-1324
-6223
-4620
-1452
-935
-1644
-3651
-6291
-4981
-803
-1393
-6271
-7613
-3407
-1415
-3066
-4743
-3964
-2139
67
1571
-49
-1005
1746
6814
6456
4849
5718
10632
10095
3579
2505
9467
15527
9103
2011
3799
11176
12684
8509
3053
700
3900
9209
5752
-4543
-8630
-1297
1972
-4115
-9131
-7599
-5407
-5380
-4517
-5759
-8029
-5898
-1619
-2487
-5965
-4266
-828
-1210
-3185
-3237
-2707
-3196
-3180
-2787
-3200
-4309
-4322
-3693
-3948
-4560
-4007
-3513
-3927
-3844
-2578
-1831
-1292
486
1423
896
651
4006
6568
7434
6534
8933
10309
5520
2669
8791
17582
11243
978
2989
13852
14464
8035
4445
2808
2420
7393
8794
-1985
-11358
-4479
2664
-4548
-12041
-8357
-5286
-9280
-8999
-5374
-7040
-8533
-4265
-3121
-7164
-4621
1927
471
-5561
-4837
-325
196
-1686
-3739
-5477
-4591
-455
-457
-6069
-8770
-4395
21
-1878
-5434
-5803
-2713
406
2566
1565
-513
629
5818
8814
6848
5399
7603
12266
9654
3395
3092
12613
16367
6578
70
7080
15065
11624
5679
2962
1993
4141
8462
3630
-8447
-9561
893
915
-9968
-12738
-6277
-5778
-9203
-8281
-7776
-9195
-5661
-1786
-5515
-8616
-1881
3218
-687
-5213
-3843
-997
248
372
-3667
-7572
-4505
1595
-1053
-8361
-8982
-2880
-135
-2462
-5538
-6444
-3041
2981
4873
-93
-2468
3412
10868
9478
4929
4800
11104
13954
7334
1604
6289
17379
14242
3365
1481
11212
14378
9433
4356
1469
796
6062
7714
-2401
-11953
-5304
2147
-5304
-13578
-9586
-5173
-8965
-9866
-7080
-8201
-8335
-3203
-2595
-8444
-6079
2496
3126
-3940
-6184
-2025
1232
2021
-1410
-6652
-6833
-288
1997
-4846
-10327
-6778
-1333
-823
-4129
-6338
-5557
-15
4434
2849
-1767
491
7927
10812
7937
6523
11005
9418
4443
6018
15577
15745
4849
1938
10201
15296
11400
6821
2943
406
5077
10627
3195
-10557
-10024
1280
318
-10333
-12933
-7890
-7351
-8597
-6890
-8467
-10964
-6311
-1042
-5077
-9289
-2832
2771
-452
-4100
-2328
-1072
-1389
337
-1229
-5900
-5563
-255
-1387
-7395
-7493
-3290
-3118
-5071
-4531
-3360
-3412
-555
2344
1580
-17
4084
7663
7552
6831
11497
13739
5247
-206
9576
23213
15117
-1532
-342
15287
19456
11564
3798
-1040
-88
10902
14464
-2550
-18135
-7281
7401
-385
-14300
-13283
-7321
-8023
-6445
-5143
-11442
-13680
-2944
1647
-7745
-10339
443
3570
-3389
-4003
-356
-1124
-2145
283
-3097
-7154
-2091
2028
-5773
-11183
-3696
1038
-4365
-8102
-4792
-2646
-850
2114
1032
-2996
1672
10880
10070
4514
6937
15730
11779
1146
2565
16982
20106
5524
-2252
7214
17287
14974
7655
964
-2716
4292
14089
5894
-13953
-15631
1346
4440
-9319
-15299
-9483
-7228
-7547
-4794
-8146
-14789
-9033
1776
-2336
-11801
-5660
4373
1505
-4628
-2544
-28
-757
1143
155
-6449
-6706
1775
1869
-8202
-9952
-1767
575
-3739
-5607
-4492
-4068
849
4433
684
-3652
3707
11806
9885
5684
10212
15037
7153
1170
8804
20627
14566
807
262
12049
17246
12280
4638
-1548
-1964
8123
12992
-1505
-18329
-11606
4030
378
-13024
-14357
-8785
-8417
-6607
-3752
-10036
-14921
-5643
2694
-4942
-10410
-1160
4147
-1699
-4722
256
234
-1360
92
-1561
-5877
-3400
1789
-3238
-9404
-5457
140
-2839
-6413
-4579
-2818
-2364
755
1989
-968
-184
7274
9738
6461
7690
14907
11488
616
2745
17770
20924
5337
-2698
6901
17347
15772
8758
1054
-3200
3643
14137
7312
-12252
-16440
-982
4467
-7086
-14443
-10483
-7822
-7611
-4567
-6108
-12444
-9508
-182
-1185
-8634
-4664
3116
444
-5069
-2270
1915
91
-996
-1705
-4116
-3132
1346
-1455
-9575
-7757
348
-560
-7485
-7767
-2939
-1273
-142
-466
-2440
-1735
6201
9213
4282
3108
12290
16768
5173
-2654
7673
22630
16256
-40
-1342
12131
18882
14099
4899
-2354
-1586
10328
14408
-1943
-18250
-9987
5396
566
-13306
-14836
-8797
-7397
-6364
-5374
-10919
-12965
-3709
1935
-6086
-9838
-153
4385
-1697
-4996
-89
1997
855
409
-2376
-4289
-12
2980
-4695
-10410
-3565
2163
-3440
-8949
-5430
-1509
-364
201
-1240
-3648
1788
9742
7594
1097
5778
17037
12110
-1473
402
18262
21998
5787
-3842
5960
17192
16731
8773
-689
-4981
5012
16235
5915
-16032
-16948
1197
4656
-9643
-16844
-11714
-8317
-7041
-5036
-9171
-14432
-7639
1907
-2886
-10914
-3999
4776
898
-5456
-1773
2948
1830
491
-906
-2843
-585
4166
-130
-8973
-6371
3050
1933
-7208
-8227
-1795
1884
1603
-583
-3255
-1051
7913
10916
3754
858
11966
15894
3489
-2920
11275
22165
10361
-2154
3627
14562
15001
10486
4270
-3110
-543
12515
11024
-9507
-18687
-3548
4909
-6697
-15730
-11595
-8712
-9304
-6239
-7278
-14154
-11337
-92
-993
-10912
-7672
3523
2918
-4631
-3849
1537
2081
1480
553
-3055
-2714
3479
3454
-5968
-7740
536
3094
-3750
-6899
-3390
-174
1779
1618
-1860
-2873
4958
10516
6031
702
8138
14288
5645
-2821
6694
19951
12780
-1075
993
12908
15467
10837
5277
-1201
-1620
9590
12645
-4312
-17845
-6609
5400
-3192
-14611
-11830
-7505
-9017
-7081
-5880
-12391
-12901
-1797
887
-9470
-9770
2448
4830
-3794
-5516
897
2997
2205
1417
-2290
-3945
2595
6062
-3323
-9417
-1562
4823
-957
-6495
-4121
-1137
839
2291
-97
-4494
1048
9261
7799
0
4734
13059
6181
-3556
3952
19247
13391
-1238
-747
11710
14973
11149
6261
-705
-2784
9007
15216
-935
-17908
-8798
5946
-219
-13445
-13369
-8658
-8820
-6223
-5100
-12731
-15117
-3119
2745
-7745
-11839
-601
5273
-1563
-5242
-904
1854
2776
3421
-683
-4478
1443
7606
109
-8536
-3007
5085
1829
-4744
-4297
-1682
1291
4086
1972
-4491
-1415
8652
10372
1888
1592
10046
8273
-602
1554
14482
13762
1432
-1011
8985
13615
10350
6864
1927
-2178
4969
13509
3896
-13785
-11420
3298
2141
-10360
-13245
-8987
-9015
-7474
-4655
-10510
-16270
-7621
1599
-5377
-12781
-4873
3348
-216
-5035
-2953
-336
1746
4123
642
-5206
-1634
6897
3418
-6269
-4943
2889
2873
-2168
-2858
-2236
-694
3293
4407
-1777
-2886
5858
10706
4848
1851
9028
8452
-425
23
13221
14884
1866
-2688
7337
13833
10824
7342
3527
-1205
3695
13430
7409
-10605
-12736
1700
3827
-7854
-12384
-8185
-8355
-8185
-4132
-7703
-15457
-10478
119
-3499
-12669
-7683
1739
248
-5097
-3808
-1039
374
3338
2041
-4143
-3413
5124
5016
-4632
-5884
1826
3650
-1316
-3055
-1861
-1022
2572
5047
150
-3694
3900
11273
7308
1462
6864
9552
1627
-1165
9514
15240
4129
-2745
4742
12781
10742
7751
4559
-954
620
11114
10099
-6624
-14306
-2252
4300
-4324
-10809
-8500
-8585
-8850
-3399
-4048
-13706
-13803
-2208
-127
-9284
-9514
-956
414
-3463
-2732
-1112
-2120
809
3960
-965
-5220
828
5438
-1255
-5562
-372
2600
-773
-1871
-439
-1492
145
4534
3514
-1977
1467
8888
8911
3646
6787
10336
3108
-2243
6729
16914
8083
-3707
149
11730
12769
7802
3706
-450
-871
8515
11714
-2543
-15509
-6495
4972
-1542
-12001
-10575
-7233
-8730
-5890
-3768
-11133
-14846
-4737
1038
-7597
-11355
-2239
1956
-3281
-4528
-1141
-1344
-572
3495
1131
-4684
-1324
5509
1367
-5402
-1970
2728
-45
-2491
-89
-242
-776
2889
4698
-406
-252
7433
9945
4111
4183
11139
7758
-1666
1154
14588
14064
432
-3197
6951
12929
10064
5952
1028
-3065
3624
12890
5106
-12428
-12623
1703
2823
-8119
-11688
-8160
-8827
-7557
-2940
-7237
-15156
-9557
968
-3010
-11138
-5869
1557
-1450
-5042
-1856
-819
-2074
1443
2805
-2928
-3763
3404
3508
-4377
-3820
2446
1336
-3374
-1526
713
-823
905
4305
1414
-1648
5001
10363
6301
2416
9154
11159
1940
-1697
9364
16564
6112
-3211
2371
11910
11979
7796
3171
-1653
286
10647
10182
-6096
-15011
-3016
5055
-4058
-12500
-9527
-7048
-7846
-4728
-5224
-12909
-12371
-1252
-19
-9983
-9642
616
1728
-4506
-4193
-735
-1275
310
3334
-981
-5559
244
5636
-1122
-6590
-1054
2784
-1483
-3349
-427
-881
-710
2931
3141
-1952
1212
9171
8521
1814
5137
12669
6561
-2694
2650
15645
12287
79
-1135
8172
12092
10294
6454
281
-3048
5947
13017
1764
-13993
-9669
3592
1047
-9833
-11473
-7952
-8133
-5911
-3547
-10091
-14823
-5997
1594
-6133
-11988
-3652
2926
-1354
-4359
-1343
-872
-526
3270
1795
-4782
-3211
4534
2396
-5502
-3780
2177
630
-3251
-1350
-158
-713
1931
3848
-399
-1261
6650
10022
3768
1817
10242
10756
559
-1272
10821
15523
4793
-1777
4527
11136
10758
8223
3210
-2662
1064
11643
8199
-8329
-13116
-664
3604
-5829
-11325
-8536
-8193
-8106
-4220
-6236
-13765
-10898
-1089
-2309
-10624
-7337
1048
6
-4123
-2222
127
-1080
1243
2873
-1658
-3732
2151
3934
-3118
-4825
965
1927
-2647
-2838
-117
-285
1117
3150
779
-2294
4210
9828
5715
-62
6111
12913
6145
-2735
2189
14090
12588
1968
-910
6136
11218
11153
6832
-385
-3486
5553
12263
2236
-12374
-9318
2252
903
-8141
-10278
-8140
-8636
-6271
-3569
-8912
-13635
-6883
-253
-5538
-9851
-3311
1127
-2311
-3526
-312
-614
-1428
2228
2128
-2669
-2287
3084
1214
-4212
-2225
1695
-966
-3766
-930
441
-789
963
2380
-607
-409
6582
7909
2211
1837
10050
10006
216
-1508
8966
14394
5980
-902
2754
9157
10742
8898
3666
-2324
228
9902
8789
-4885
-11712
-2732
2937
-3077
-8933
-8381
-8166
-7797
-4009
-4593
-11216
-10911
-2829
-1384
-7393
-6365
-325
-402
-3339
-1425
664
-1138
-91
2555
325
-2803
329
2585
-1593
-3602
159
520
-2953
-2534
553
-570
-918
1278
1597
-837
2884
7132
4398
816
6075
11785
4497
-3288
1981
13571
11584
1029
-1654
5670
10833
10430
6057
-147
-2746
5124
11461
3072
-10367
-8496
2312
1761
-6793
-9292
-7045
-7410
-6033
-3431
-7590
-12247
-6724
-240
-4557
-9001
-3183
1544
-2078
-3842
9
676
-1053
1077
2037
-1731
-2321
1907
1011
-3769
-2547
1144
-1037
-3966
-1034
1263
-535
-815
1131
446
854
5319
5791
1442
2233
10734
10183
-542
-3246
8545
15893
7015
-2236
791
8941
11648
9188
3096
-3119
-236
10243
9896
-4579
-12521
-3020
4184
-1901
-8998
-8768
-7760
-6971
-3449
-4458
-11483
-11190
-2388
-797
-7701
-7456
-771
-384
-3930
-2079
657
-1015
-839
1882
253
-2541
176
2161
-2268
-4203
384
1338
-2979
-3641
363
662
-276
396
787
-541
3218
6680
3708
465
6221
12480
5338
-3088
1777
14074
12984
2052
-1941
5024
11238
11778
6926
-357
-3187
5611
12717
3942
-10387
-9230
1970
2649
-5537
-9632
-8693
-7851
-4867
-2672
-8097
-13083
-7292
-189
-3842
-8767
-4655
-89
-2100
-3310
-699
-544
-1375
1101
1911
-1707
-1950
1951
968
-3810
-2635
1222
-350
-3504
-1913
309
-332
111
972
-130
166
5060
6117
1943
1918
9281
10306
1028
-2213
7308
14977
8065
-559
944
8371
11697
10176
4202
-2273
-551
9662
10425
-3083
-12163
-4235
3763
-1035
-8528
-9599
-8475
-7067
-3321
-4449
-11757
-11929
-2755
-92
-7034
-8171
-1586
363
-2855
-2285
-55
-592
-127
1940
-102
-2590
481
2743
-2002
-4949
-542
1696
-1961
-4006
-1397
-135
364
1107
264
-1265
2448
6867
4654
852
5015
10753
5878
-1784
1769
12399
12159
2790
-895
5178
10550
11150
7174
377
-2816
4894
11989
3937
-10000
-9145
1707
2431
-5984
-10076
-8858
-7804
-5222
-3394
-8736
-13103
-6858
249
-3974
-9056
-4226
1182
-1064
-3605
-1270
181
458
1703
549
-2717
-883
3746
1189
-4957
-3411
1765
840
-3258
-3091
-1162
171
1781
1622
-1091
66
6160
7303
2523
2123
8977
9605
1575
-1149
7445
13703
7633
26
1560
8055
11368
9711
3503
-3013
-412
9444
9201
-4316
-12166
-3711
3706
-1264
-8825
-10088
-8597
-6380
-3298
-5748
-12585
-11237
-2085
-551
-7575
-7848
-893
684
-2934
-2580
61
-76
83
1124
-733
-2063
1259
2548
-2519
-4483
355
2329
-1938
-4061
-1369
637
1020
751
-400
-906
3659
7111
4300
792
5606
11007
6102
-1237
2072
12053
11965
3242
-637
4722
10196
10940
6584
-244
-2973
4661
10964
3296
-9813
-8819
1363
2411
-5523
-10100
-9206
-7498
-4540
-3725
-9321
-13057
-6442
201
-3856
-8837
-4393
584
-1362
-3444
-1211
-29
-547
630
714
-1228
-391
2415
43
-3840
-1407
2324
-343
-4333
-2590
660
924
234
-8
-576
1760
6011
5643
1367
2466
9443
9092
880
-1223
7923
13261
6644
-268
2241
8458
10921
8861
3109
-2481
752
9493
8059
-4661
-10458
-2233
3325
-1904
-8430
-9251
-8078
-5723
-3175
-6242
-12310
-9897
-1640
-1286
-7418
-6879
-1131
-485
-2962
-1778
9
-844
-468
937
-111
-724
1481
1039
-3013
-2507
2102
1392
-3833
-4344
-179
1371
396
-648
-882
176
4749
6391
2771
683
6551
11384
5427
-1708
2033
12126
11900
3045
-999
4503
10270
10852
6262
-164
-2489
4590
10197
2976
-9285
-8497
898
1751
-5767
-9935
-8703
-7075
-4850
-4147
-8798
-11683
-6039
-435
-4181
-8223
-4087
245
-1690
-3524
-1269
-1
-208
598
396
-1366
-179
2324
211
-3286
-1311
1651
-375
-3437
-1951
149
474
486
597
33
1864
5479
5111
2146
3773
9304
7918
794
82
8368
12244
5860
-80
2399
7998
10319
8067
2344
-2290
1424
8834
6410
-5073
-9623
-2537
1869
-2779
-8434
-9519
-8295
-5750
-3651
-6797
-11547
-8711
-1924
-2111
-7027
-6193
-1647
-901
-2344
-1504
-616
-831
616
1786
133
-798
1115
1207
-1320
-1058
1227
-50
-2690
-1758
867
531
-185
164
900
1737
4449
4569
2240
2543
7932
9537
2784
-1690
3849
12439
10032
1454
-1117
5476
10817
10204
4471
-1082
-1425
5804
9235
1068
-9487
-7434
901
714
-6469
-9993
-8783
-6999
-4793
-4537
-9186
-11322
-5712
-958
-4633
-7735
-3852
-653
-1815
-2058
-174
-599
-472
1959
2026
-800
-474
1899
646
-1694
-241
539
-1621
-2186
598
765
-964
-240
1727
1680
2325
4201
3280
1921
5168
9654
5775
-1054
824
9825
11898
4524
-429
2943
8633
10419
7472
1406
-2137
2319
8718
4957
-5630
-8767
-2156
838
-3720
-8518
-9236
-8162
-5871
-4331
-7303
-10974
-8045
-2555
-3140
-6865
-5486
-1885
-1626
-2036
-699
-435
-1041
733
2152
533
-476
1005
753
-1188
-476
998
-978
-2885
-1105
1161
44
-610
221
1244
1948
4178
3912
1876
2958
7829
8778
2649
-793
3891
11167
9629
2517
-227
5056
10084
9752
4654
-34
-451
5065
7740
1350
-7438
-6534
155
81
-6069
-9312
-7917
-6509
-5326
-5364
-8532
-9878
-5582
-1882
-4804
-7127
-3865
-881
-1846
-2176
-531
-426
-184
1447
1418
-686
-319
1393
161
-1765
-574
217
-1521
-2186
114
502
-441
-138
1573
1879
2674
4020
3195
2551
5122
8977
6005
395
771
8123
11054
5491
87
2124
7531
9652
6938
2055
-1270
1517
6800
5055
-3641
-7989
-2957
523
-3008
-7693
-8355
-7364
-6139
-4657
-6347
-9385
-7953
-3123
-2903
-6011
-5308
-2139
-1379
-1796
-685
-464
-806
812
2352
693
-798
272
1011
-380
-578
-225
-1398
-2117
33
1276
-542
-1088
964
2721
2576
3071
2642
2410
4005
7789
7323
1890
-638
4357
10667
8599
1574
-535
4681
9219
8318
3375
-983
-1033
4255
6545
463
-7510
-6399
-292
-283
-5700
-8854
-7856
-6406
-4869
-5079
-7953
-9202
-5111
-1872
-4004
-6138
-3791
-1137
-1179
-870
-195
-441
-150
1893
1988
48
-393
821
454
-306
136
-192
-1742
-1023
1188
1305
-310
62
1857
2966
3351
3495
2473
2691
5770
8463
5643
214
816
7305
10880
5540
-68
1046
6761
8937
6412
1291
-1864
350
5703
4726
-3391
-8363
-4089
83
-2562
-7350
-8817
-7856
-6193
-4619
-5941
-8988
-8184
-3778
-2484
-5130
-5883
-2945
-804
-731
-1128
-875
-124
1459
2043
579
-765
93
1313
604
-731
-1280
-1105
-296
467
458
-450
39
1638
3056
2868
2720
2669
3403
5011
6948
6728
2991
901
4311
9869
8505
2267
-30
4386
8285
7538
3545
-301
-1162
3001
5900
1282
-6423
-6742
-1516
-584
-4832
-8144
-8153
-7102
-5370
-4831
-7266
-8956
-6221
-2775
-3854
-6087
-4764
-1684
-583
-962
-1113
-878
373
1971
1625
-349
-976
517
1186
65
-1192
-1521
-784
370
1123
313
-87
878
2872
3319
3043
2831
3048
3980
5608
7258
4834
1486
2009
7647
9395
4629
325
2451
6317
7196
5061
1722
-1403
338
4768
3977
-3040
-6720
-3298
-950
-3106
-6127
-7170
-7653
-6587
-4837
-5680
-7976
-7029
-4202
-4408
-5807
-4146
-1468
-1497
-2365
-1554
73
1109
1409
277
-1128
-274
1887
1351
-1302
-2090
-407
797
453
-24
-284
640
2219
3164
2239
2062
3620
4618
4139
4514
6674
5649
2632
2449
6833
8100
4694
1826
2894
4655
5802
5618
2913
-1170
-382
3782
3395
-2381
-5535
-3901
-2943
-3728
-4734
-6607
-8747
-7447
-4844
-5782
-8061
-6989
-5408
-6192
-5763
-2831
-1957
-3391
-2811
-475
453
880
1365
51
-1200
953
3037
634
-2219
-844
1582
1239
353
435
745
1872
3880
3593
1330
2256
5265
5937
3741
4364
6083
4849
3097
4517
6864
5267
3241
3284
4031
3946
4564
4333
1511
-505
1444
2670
-193
-3598
-3515
-3248
-4499
-4967
-5127
-6814
-8026
-6165
-5638
-7640
-8001
-5493
-5294
-7215
-6040
-2960
-2027
-2702
-1938
-1239
-592
1416
2560
214
-1682
669
2922
1056
-1126
-347
1106
1410
2026
2051
1176
1843
4572
4689
2291
2421
4845
5663
4585
5219
4970
2901
2887
6337
7091
3396
1440
3455
5058
4568
3714
2186
128
856
3291
1691
-2854
-4235
-2083
-2321
-4723
-5854
-5943
-6799
-6691
-5553
-6465
-8536
-7635
-4961
-5016
-6666
-5956
-3549
-2238
-1742
-1432
-1524
-1159
1097
2314
733
-1094
60
1717
1283
115
95
799
1461
2653
2773
2056
2195
4193
4856
3584
3038
3952
5168
5374
5836
4265
2047
2643
6465
7050
3027
499
2613
5059
5090
3440
1010
-721
999
3754
1527
-3534
-4819
-2099
-1881
-4296
-5938
-6469
-6890
-6405
-5355
-6579
-8349
-7857
-6127
-5469
-5405
-4585
-4516
-3904
-1889
257
-133
-1022
-405
1012
1618
1424
628
-263
-7
1637
2253
1572
1049
2091
2972
3513
3598
3841
3585
3786
4022
4088
4278
5257
5999
3617
1538
2688
6765
6303
2447
-42
2195
4662
5243
3006
-334
-1749
1477
4105
830
-4702
-5109
-1864
-1479
-3918
-6358
-7275
-6862
-4894
-4654
-7430
-9138
-7164
-4660
-4694
-5305
-5246
-4476
-2723
-483
-236
-1374
-1083
594
1156
994
1038
790
236
912
2139
2013
1817
2383
2981
2684
3292
4276
4384
3763
3950
3874
3720
4622
6012
5352
2379
1353
3425
6284
5229
1710
-323
1777
4645
4887
1709
-1287
-1361
1717
2814
-310
-4846
-4836
-2017
-1497
-4193
-6728
-6897
-5939
-4687
-5282
-7197
-8212
-6622
-4648
-4394
-4821
-4759
-3829
-2147
-504
-331
-1124
-825
301
722
675
1061
1093
400
797
2070
2564
2434
2687
2970
2645
3590
4831
4737
3410
3578
4190
4257
4515
5273
4740
2361
1723
3170
4952
3872
1840
407
1379
3185
3875
1710
-763
-895
1049
1486
-830
-3452
-3982
-2776
-2557
-3812
-5715
-6149
-5446
-4817
-5843
-6964
-6452
-5152
-5048
-5586
-4738
-3283
-2565
-2339
-1801
-1431
-720
468
671
-677
-776
1264
2556
1183
155
1105
2695
3530
3626
2754
1930
3332
5638
5439
3245
2802
3918
4560
4484
4751
3798
1748
1443
3201
4157
2712
1202
783
1463
2559
3043
1522
-387
-395
944
669
-1086
-2603
-2944
-2952
-3066
-3618
-4582
-5157
-5092
-5021
-5572
-5735
-5336
-4979
-5256
-5092
-4142
-2878
-2311
-2217
-2166
-1483
-265
584
300
-563
-335
1132
2181
1600
669
1035
2443
3505
3504
2787
2284
3179
4661
4956
3538
2837
3355
3989
3872
3843
3538
1977
1135
1989
3390
2409
1112
658
1335
1667
2192
1700
403
-457
169
259
-789
-1909
-2377
-2875
-3379
-3268
-3490
-4231
-4939
-5105
-5191
-5016
-4619
-4625
-5204
-5020
-3829
-2569
-2117
-2146
-2243
-1770
-515
648
496
-564
-649
725
2103
2014
1118
861
1957
3447
3890
3111
2251
2841
4093
4824
3861
2962
2807
3561
3727
3573
3229
2092
1081
1175
2612
2374
1244
239
747
1211
2001
1724
640
-702
-319
184
-188
-1540
-2440
-3063
-3313
-2915
-2814
-3658
-4940
-5206
-4733
-3971
-3944
-4597
-5369
-4823
-3291
-2225
-2230
-2615
-2377
-1484
-195
424
45
-654
-296
928
1877
1820
1268
1175
2092
3484
3843
3330
2627
3056
3862
4643
4110
3028
2492
3205
3859
3601
3099
1990
1121
1144
2428
2381
954
-31
529
1292
1558
1235
421
-481
-395
32
-339
-1444
-2240
-2830
-3397
-3250
-2805
-3239
-4532
-5299
-4796
-3748
-3229
-4062
-5218
-5002
-3108
-1736
-1910
-2712
-2706
-1552
35
830
-138
-1074
-328
1486
2067
1465
1018
1352
2289
3318
3722
2989
2477
3081
4016
4036
3438
2830
2681
2739
3298
3004
2533
1818
1404
1036
1273
1757
1251
446
285
1017
1241
1161
809
446
-345
-380
-200
-335
-1619
-2510
-3102
-2854
-2625
-2526
-3714
-5061
-4849
-3325
-2580
-3976
-5083
-4663
-2874
-1812
-1835
-2628
-2716
-1420
366
639
-598
-1114
109
1443
1526
846
648
1152
2079
2833
2715
2241
2207
3063
3299
3177
2752
2593
2352
2528
2699
2409
1795
1762
1893
1210
682
715
1325
1013
873
405
413
593
1453
1288
81
-890
-244
546
6
-1595
-2703
-2653
-1724
-1292
-2442
-4484
-4536
-2811
-1680
-3110
-4650
-4491
-2800
-1592
-1513
-2303
-2696
-1574
254
874
-273
-916
-105
1138
1261
895
541
631
1143
1969
2188
1884
1708
2095
2393
2514
2499
2318
1882
1652
2023
2192
1858
1150
1246
1376
1153
654
539
936
1048
936
243
199
798
1525
918
-137
-431
286
632
-112
-1510
-2176
-1631
-858
-1368
-3069
-3990
-3066
-1912
-2362
-3708
-4220
-3302
-2125
-1562
-2015
-2492
-2010
-558
398
52
-578
-408
444
838
848
607
399
450
1035
1714
1722
1310
1308
1563
1948
2047
1983
1456
1187
1342
1794
1640
981
703
1021
1576
1148
496
163
1014
1534
1234
338
417
1109
1561
1269
720
262
282
813
562
-585
-1419
-989
-832
-1565
-2393
-2607
-2551
-2603
-2654
-3026
-3369
-3061
-2288
-1965
-2023
-1908
-1523
-956
-287
63
-178
-305
112
656
734
608
319
302
815
1508
1340
636
720
1310
1776
1495
1254
820
1111
1544
1656
1009
479
962
1555
1966
1012
329
295
1783
2197
1362
219
552
1468
2064
1748
688
-146
355
1516
1035
-616
-1561
-1009
-691
-1041
-2003
-2884
-3196
-2513
-2125
-2804
-3664
-3306
-2302
-1656
-1605
-1995
-2068
-1111
241
219
-806
-991
50
892
653
-6
-447
154
1170
1356
170
-431
477
1591
1393
457
74
569
1409
1708
975
33
340
1542
2193
1539
645
279
1190
2300
2459
1203
440
1059
2339
2707
1772
485
228
1397
2148
1192
-620
-1260
-552
42
-476
-2053
-3161
-2893
-1692
-1619
-2839
-3719
-3215
-1836
-1063
-1376
-2470
-2386
-787
534
-210
-1522
-1381
-25
761
363
-519
-813
-20
962
691
-412
-564
393
1050
628
76
37
600
1119
1107
388
218
921
1650
1492
921
921
1390
1934
1753
1286
1254
1913
2294
1842
1341
1292
1600
1771
1583
824
120
181
557
183
-881
-1637
-1686
-1574
-1712
-2116
-2746
-2911
-2585
-2069
-1978
-1884
-1907
-1934
-1567
-681
-372
-1006
-1372
-877
-182
-8
-127
-514
-741
-266
479
301
-484
-548
145
586
507
228
-40
192
932
1215
532
148
775
1596
1566
1198
1091
1400
1971
2177
1893
1403
1833
2424
2493
1696
1415
1666
2119
1928
1173
452
386
815
670
-357
-1483
-1665
-1270
-1213
-1998
-2889
-3204
-2639
-1921
-1749
-2334
-2845
-2361
-1110
-493
-1108
-1910
-1670
-651
-52
-247
-941
-1290
-771
232
427
-472
-1051
-537
362
605
265
-276
-356
322
1152
969
155
-21
827
1654
1666
1135
778
1406
2330
2574
1652
1357
1916
2747
2524
1915
1441
1707
2166
2103
1286
485
586
843
656
-363
-1108
-1441
-1232
-1328
-1871
-2637
-2833
-2463
-1955
-1847
-2291
-2611
-2124
-1136
-853
-1430
-1843
-1478
-840
-408
-531
-1169
-1500
-720
309
119
-860
-1029
-308
395
539
185
-361
-284
765
1303
802
63
453
1368
1886
1637
1026
1247
2035
2721
2237
1733
1775
2405
2626
2338
1925
1597
1850
1874
1584
855
763
682
332
-267
-604
-901
-1300
-1645
-1976
-2200
-2400
-2428
-2539
-2315
-2222
-2227
-2265
-1732
-1374
-1456
-1650
-1537
-1203
-868
-589
-866
-1172
-926
-87
145
-395
-795
-471
132
382
142
-337
-292
458
1010
717
218
559
1321
1907
1560
1106
1224
2173
2701
2112
1621
1919
2707
2618
2239
1809
1940
2087
2052
1386
812
940
1031
533
-372
-614
-746
-967
-1661
-2202
-2447
-2205
-2282
-2825
-3106
-2571
-1936
-2106
-2440
-2292
-1609
-1244
-1308
-1544
-1475
-848
-200
-305
-775
-606
59
391
102
-160
-203
99
361
298
-36
-18
437
688
648
642
983
1333
1492
1383
1442
1852
2219
2064
1830
2084
2519
2547
2320
2130
2071
2168
2272
1788
1218
1057
1260
778
111
-315
-515
-1035
-1436
-1718
-2149
-2471
-2615
-2701
-2976
-2712
-2368
-2467
-2802
-2463
-1734
-1464
-1737
-1899
-1533
-842
-256
-325
-787
-730
92
738
345
-270
-286
262
536
328
-119
-351
55
631
751
267
224
778
1339
1275
1143
1297
1674
1902
2097
2104
2140
2309
2556
2505
2245
2218
2185
2020
1597
1412
1151
846
399
101
-329
-896
-1269
-1481
-1766
-2220
-2489
-2685
-2721
-2542
-2343
-2472
-2731
-2437
-1771
-1322
-1640
-1896
-1620
-707
-194
-273
-711
-517
235
876
619
18
-13
522
808
475
62
-108
99
416
547
248
104
381
898
939
851
931
1260
1456
1568
1684
1812
1960
2107
2118
2026
1940
2020
1845
1497
1143
968
777
496
120
-380
-747
-1000
-1118
-1521
-1918
-2256
-2224
-2278
-2229
-2366
-2374
-2391
-2116
-1798
-1556
-1632
-1692
-1357
-783
-421
-525
-567
-318
258
589
485
126
215
725
887
500
46
155
438
572
382
25
7
452
933
671
325
464
1198
1532
1434
1120
1191
1634
2148
2236
1646
1382
1724
2232
1797
1207
796
905
815
622
-33
-576
-720
-554
-848
-1524
-1892
-1762
-1600
-1732
-1961
-2129
-1970
-1646
-1418
-1569
-1665
-1420
-990
-772
-708
-776
-675
-350
67
124
-75
-138
75
300
311
60
-160
-162
76
179
-39
-304
-267
148
428
372
109
193
706
1159
1183
902
906
1223
1801
1969
1720
1318
1488
2007
2136
1653
1077
925
1048
1132
758
51
-442
-330
-153
-478
-1104
-1426
-1336
-1131
-1129
-1454
-1759
-1588
-1174
-1001
-1157
-1238
-1116
-773
-477
-436
-712
-661
-233
91
-110
-334
-319
-116
81
-4
-400
-671
-347
-18
-214
-650
-698
-354
11
127
-74
-341
-71
606
975
633
301
532
1157
1500
1376
940
825
1318
1822
1595
914
696
891
1076
912
522
-35
-171
122
155
-382
-853
-749
-528
-616
-816
-938
-942
-810
-639
-666
-778
-683
-413
-289
-362
-379
-206
21
88
-15
-72
30
165
180
44
-201
-300
-147
40
-210
-567
-596
-287
-127
-150
-271
-438
-317
139
476
211
-85
88
517
768
766
588
392
632
1126
1088
600
404
668
713
527
329
198
43
84
118
-120
-358
-313
-201
-374
-551
-565
-437
-460
-496
-529
-548
-501
-368
-271
-333
-305
-176
-28
-31
39
101
156
107
195
236
175
-27
-70
2
34
-86
-192
-315
-319
-127
43
-112
-392
-244
93
273
23
-121
-93
318
594
582
223
198
623
948
696
295
320
503
530
365
210
13
-19
16
-30
-211
-236
-279
-457
-568
-404
-325
-504
-687
-560
-346
-252
-298
-440
-429
-152
105
-26
-238
-159
154
310
192
5
16
219
300
100
-167
-125
48
39
-214
-371
-303
-97
-51
-220
-408
-307
27
76
-167
-313
-49
277
367
202
83
237
570
744
553
319
276
501
602
541
281
103
92
266
424
241
-19
-260
-127
72
208
-174
-504
-467
-47
135
-103
-381
-411
-23
240
228
-192
-266
9
398
270
-118
-231
93
350
98
-262
-316
-35
76
-89
-427
-531
-262
22
-151
-610
-644
-236
48
-158
-512
-550
-206
194
137
-233
-420
-23
416
407
42
-149
72
391
523
321
61
22
311
554
494
139
-40
72
296
320
80
-157
-226
21
180
100
-214
-225
-1
210
142
-10
-42
63
310
334
130
-47
197
386
269
-24
-24
67
155
68
-159
-352
-236
25
-65
-396
-584
-339
-124
-111
-394
-564
-514
-225
-57
-230
-513
-483
-120
87
34
-174
-207
-43
217
346
210
40
79
335
488
394
146
9
119
260
318
48
-219
-256
47
142
-34
-255
-223
-9
170
184
-12
-77
145
462
439
219
189
438
537
448
292
214
224
313
277
-42
-232
-132
-5
-206
-438
-522
-446
-341
-327
-511
-701
-577
-275
-250
-526
-633
-383
-93
-28
-154
-225
-106
184
358
307
149
203
431
596
477
314
190
245
320
336
189
-45
-166
-73
113
27
-201
-296
-132
33
78
-46
-160
-55
254
392
192
39
226
528
530
270
89
186
402
409
69
-260
-234
26
64
-285
-616
-615
-324
-181
-368
-709
-747
-429
-180
-324
-622
-627
-270
41
41
-203
-243
30
424
502
306
92
220
577
700
461
122
97
295
472
348
6
-250
-138
145
182
-131
-392
-328
-27
123
20
-209
-251
13
304
260
0
-12
230
427
304
133
71
217
316
222
-43
-186
-39
98
-38
-382
-480
-318
-103
-192
-479
-678
-479
-141
-112
-439
-680
-430
14
186
-90
-317
-172
306
592
437
104
59
426
724
641
233
11
124
434
460
157
-241
-253
24
193
-1
-309
-373
-223
23
54
-136
-329
-211
60
125
-7
-103
15
162
244
161
51
102
261
296
113
14
143
295
206
-49
-196
-71
57
7
-281
-488
-430
-164
-86
-347
-631
-540
-152
58
-97
-364
-308
57
367
323
110
50
289
563
585
342
126
197
365
383
190
-39
-136
-50
61
4
-191
-306
-265
-125
-61
-141
-333
-391
-155
53
-29
-253
-203
12
186
153
38
-26
127
336
311
115
28
223
301
206
10
-42
-22
26
-48
-253
-384
-293
-158
-261
-430
-472
-304
-151
-91
-223
-263
-86
173
218
133
100
217
373
455
350
191
168
314
356
210
4
-73
-28
27
11
-147
-301
-291
-124
-65
-192
-336
-328
-136
25
3
-179
-165
107
322
229
15
41
286
471
360
127
63
287
466
314
-16
-130
39
189
33
-273
-431
-274
-73
-111
-387
-543
-350
-57
11
-191
-324
-196
80
220
119
-8
30
221
346
307
141
70
151
209
149
19
-52
-77
-76
-76
-92
-199
-224
-204
-158
-151
-155
-172
-163
-63
17
27
-15
32
163
247
230
179
207
299
372
302
185
170
272
310
146
-31
-61
60
58
-96
-319
-311
-166
-99
-213
-382
-403
-236
-43
-46
-206
-276
-132
76
132
28
-72
-57
106
261
238
33
-57
43
177
145
11
-127
-156
-63
29
-50
-210
-276
-162
-52
-55
-139
-185
-99
13
94
23
4
65
193
210
173
160
203
251
236
193
175
212
198
127
67
52
53
51
-14
-114
-173
-119
-88
-127
-218
-229
-205
-106
-54
-97
-151
-89
8
18
30
40
20
29
111
148
84
29
30
44
40
49
-8
-108
-134
-49
-34
-119
-193
-167
-108
-56
-62
-107
-121
-38
75
78
33
40
138
168
135
120
163
182
182
158
121
136
186
178
69
6
67
74
-6
-110
-142
-121
-82
-84
-171
-255
-225
-87
-26
-123
-212
-136
5
72
38
-2
-15
51
147
180
94
27
30
110
130
61
-26
-58
-21
13
-25
-135
-156
-120
-83
-137
-152
-160
-105
-47
6
-17
-57
10
127
169
76
39
95
204
224
166
91
112
217
251
138
-5
-15
73
82
-41
-173
-193
-93
-18
-111
-241
-231
-73
13
-59
-179
-165
-21
70
18
-77
-46
76
144
94
-1
-33
76
152
87
-55
-80
7
69
16
-99
-146
-103
-4
-20
-142
-225
-140
-34
-23
-92
-143
-99
31
141
79
-9
25
168
211
177
134
99
128
230
243
106
2
49
154
118
-5
-118
-130
-62
10
-38
-163
-219
-148
-29
-7
-78
-154
-113
21
114
91
-3
-45
44
192
226
68
-42
24
156
147
17
-102
-113
4
65
-32
-201
-206
-67
7
-81
-191
-188
-86
9
-5
-118
-152
-18
116
94
-35
-56
65
204
188
59
2
95
210
174
54
-27
13
105
110
-34
-152
-97
7
6
-66
-128
-155
-64
40
22
-108
-119
-3
102
116
45
-28
-14
129
219
130
-35
-34
89
151
60
-76
-121
-46
57
21
-128
-194
-71
18
-64
-161
-146
-53
-6
-36
-94
-112
-17
80
30
-96
-69
73
122
42
-45
-35
38
119
84
-26
-83
19
123
54
-44
-55
-1
19
21
-34
-100
-72
21
34
-5
-21
-21
6
48
50
1
15
48
80
89
92
55
53
87
94
47
-16
-13
21
42
-6
-68
-79
-16
45
20
-72
-88
-14
35
7
-57
-93
-17
75
86
-10
-46
25
77
47
-23
-34
-21
32
29
-24
-66
-20
11
-13
-30
-31
-11
-22
-25
-35
-31
-7
16
-11
-72
-67
2
31
-8
-29
-17
24
63
72
52
19
21
52
72
38
-13
-46
-40
-22
0
-13
-71
-99
-42
53
41
-29
-80
-43
0
37
25
-46
-64
39
146
87
4
14
93
104
72
16
-27
-7
54
44
-38
-50
-4
14
-18
-20
-32
-65
-58
-17
-22
-60
-58
-37
-42
-33
-11
-15
-27
9
30
3
-1
39
57
28
13
6
11
28
39
-26
-95
-75
-12
-15
-75
-113
-82
-35
9
-6
-64
-77
4
75
44
17
-12
18
73
128
74
-3
6
82
127
90
20
-33
27
98
80
-31
-73
-31
36
27
-32
-55
-38
13
51
18
-56
-53
8
48
15
2
18
23
9
32
61
60
28
-2
10
16
19
-10
-46
-72
-38
27
25
-39
-82
-41
15
21
-37
-93
-88
-8
34
-9
-64
-41
3
3
3
-3
-9
0
53
67
37
18
46
50
10
-4
12
21
-3
-33
-57
-60
-32
-9
-35
-70
-63
20
49
0
-59
-32
43
67
57
19
-18
-6
66
70
-13
-59
0
52
42
-3
-57
-62
-12
40
3
-82
-79
17
57
-3
-67
-62
-4
40
25
-40
-46
23
83
59
-12
-28
19
49
20
-21
-36
1
48
46
-10
-36
-12
27
0
-66
-83
-42
3
-16
-46
-52
-2
31
37
-3
-36
3
51
37
-5
6
24
41
62
47
4
-4
30
37
10
-4
-28
-69
-66
11
40
-23
-58
-12
43
28
-17
-41
-33
3
48
35
-12
-2
63
86
28
-6
21
48
44
11
-26
-19
25
38
-12
-51
-9
53
31
-24
-31
2
26
8
-55
-96
-36
42
35
-39
-69
-23
39
58
-2
-45
-27
49
49
-19
-54
-30
-12
-10
10
0
-7
-13
17
4
-1
-4
-7
-17
0
32
8
-31
-50
-12
10
10
-28
-47
-17
40
27
-28
-29
21
53
36
6
-10
9
43
60
35
-1
-22
-3
27
41
-1
-27
-2
30
23
-14
-35
-36
-12
3
-4
-30
-14
39
51
29
0
6
37
43
9
-44
-36
12
11
-34
-69
-54
10
50
1
-70
-78
-25
13
-32
-79
-56
6
48
25
-30
-73
-37
17
16
-42
-62
8
59
56
7
-37
-20
48
64
2
-58
-29
55
59
-12
-56
-36
0
14
-18
-54
-55
8
46
25
-17
3
60
85
69
30
30
44
62
25
-1
-5
11
39
42
24
7
36
53
52
25
-10
-31
-6
5
-27
-46
-25
3
11
8
-3
-21
-26
-1
6
-6
-23
1
35
49
48
49
25
-16
-11
-19
-30
-36
-42
-44
-28
-17
-49
-55
-45
-51
-56
-38
-13
-6
6
-3
-9
-1
13
19
-2
-14
9
20
16
18
4
-10
-4
26
17
15
37
48
28
12
7
10
-2
-8
-3
-20
-16
-14
-4
-28
-28
-4
7
-17
-12
25
23
-12
-20
14
29
36
10
-4
12
37
27
-28
-67
-46
-12
-15
-39
-59
-41
-18
-24
-41
-37
-26
-19
-16
-13
6
33
24
0
-7
18
29
-14
-36
-13
30
40
9
-23
-5
36
46
32
16
15
22
20
24
21
0
0
21
32
33
46
44
19
5
27
47
15
-26
-30
1
42
35
14
-18
10
49
45
0
-45
-29
18
51
2
-32
-29
6
37
20
-35
-63
-38
-3
-13
-58
-72
-38
-4
11
-2
-25
-35
-9
12
-14
-35
-25
-2
-1
15
12
-14
-28
0
30
13
0
3
-7
-21
-13
-2
-30
-52
-29
1
27
27
14
-10
4
28
41
24
14
30
25
25
12
2
-18
-7
33
43
34
24
35
38
34
11
-8
-14
-11
5
-2
-17
-26
-26
-45
-59
-47
-23
-30
-58
-55
-15
21
16
-21
-35
-2
35
17
-22
-43
-49
-16
8
8
-37
-39
0
18
-12
-40
-23
-21
-35
-43
2
42
58
34
27
54
84
74
7
-59
-56
-8
4
-20
-49
-26
15
42
16
-28
-62
-37
25
27
-21
-28
19
52
49
23
3
-11
3
27
12
1
11
-4
-12
16