1
2
1
2
0
-3
-5
-3
-5
-2
-3
-4
-2
-2
1
1
2
0
0
-3
-5
-4
-4
-5
-7
-4
-4
-3
-3
-4
0
-2
0
2
-1
2
3
1
0
-1
1
5
2
-4
-6
-5
-4
-2
-4
-7
-3
3
1
-1
-2
-3
-2
-5
-5
-2
-2
-6
-7
-4
-1
-1
-2
-1
-2
-5
-5
-1
-2
0
0
4
8
5
1
-2
-3
0
4
4
1
1
2
2
3
2
2
4
6
8
6
4
0
-1
0
-1
2
0
3
8
10
10
7
1
1
4
-1
2
0
3
2
3
5
7
9
6
3
3
1
0
1
2
-3
0
2
5
6
7
5
4
8
6
3
0
6
5
5
3
4
4
1
-4
-7
-6
-7
-6
-7
0
2
4
7
4
-1
0
-3
-5
-11
-13
-11
-13
-15
-14
-11
-7
-9
-13
-6
-4
0
-3
-4
-2
-1
2
-2
2
6
11
7
3
2
2
-1
-8
-7
0
5
3
4
5
9
8
6
-5
-6
-1
3
-3
-7
-4
-5
0
0
-7
-10
-7
-7
-3
-7
-2
2
3
2
6
7
2
0
-2
-1
-4
0
3
5
4
-1
1
4
4
2
1
-1
-5
-8
-4
-4
-4
-2
-3
2
3
4
2
3
0
0
4
5
4
-3
-5
-3
1
1
-4
-2
1
1
5
3
3
0
-2
-4
2
5
8
6
6
5
6
8
7
2
-2
-1
-9
-10
-9
-10
-11
-6
1
6
6
2
6
8
2
-6
-7
-4
-2
-3
-4
-3
2
4
7
11
14
12
12
13
11
7
-1
-3
-1
3
-2
-5
-3
-1
-3
-3
-2
2
2
-3
0
2
-5
-5
-5
0
0
1
2
3
8
1
1
-3
-5
-1
-3
-9
-3
0
0
-3
-6
-5
-8
-6
-8
-10
-10
-8
-7
-4
-7
-7
-11
-9
-4
3
-1
-4
3
9
3
1
5
-1
5
9
0
-9
-7
-4
-10
-7
-5
6
9
9
11
11
15
14
9
1
4
10
7
0
-10
-10
-11
-9
-11
-9
-4
4
14
20
31
21
13
10
14
8
2
-8
-9
-10
-2
4
-3
-8
-4
-3
-8
-13
-18
-17
-10
-5
-1
9
13
12
15
23
26
13
2
-4
0
6
-10
-15
-15
-10
-10
-10
-11
-14
-21
-31
-24
-22
-18
-9
3
10
19
26
38
39
24
18
18
4
-4
-1
-9
-13
-6
7
3
5
5
12
13
10
8
6
12
13
10
-1
0
-1
1
-10
-17
-17
-6
-7
-14
-14
1
12
-2
-6
-4
-1
-6
-5
-17
-11
-7
-5
-12
-10
-11
-6
-6
-14
-3
8
6
-2
12
19
12
12
14
0
-10
-3
-8
-28
-30
-26
-21
-14
-7
-1
8
20
21
14
-2
-3
2
-8
-29
-34
-20
-14
-4
-1
6
8
13
11
-8
-18
-34
-39
-45
-49
-48
-35
-17
11
12
6
4
23
48
52
48
61
90
129
155
147
136
127
130
113
92
76
75
67
66
57
49
37
17
-11
-46
-64
-86
-105
-113
-123
-112
-100
-82
-55
-5
46
91
121
106
70
8
-41
-96
-99
-92
-80
-49
-15
10
22
55
43
28
-16
-86
-168
-223
-210
-208
-212
-192
-92
42
119
124
91
87
40
-50
-138
-207
-194
-135
7
179
307
375
420
444
370
259
139
62
-62
-150
-130
-83
-21
28
133
169
154
100
75
2
-67
-109
-114
-120
-137
-132
-183
-209
-204
-237
-310
-278
-231
-178
-109
-71
-39
22
64
57
44
4
13
6
-48
-141
-242
-307
-314
-285
-330
-407
-408
-312
-298
-278
-343
-388
-361
-340
-373
-381
-265
-120
31
97
281
460
518
503
455
532
612
591
526
511
499
503
503
434
387
351
325
379
368
261
232
173
157
83
38
26
52
88
52
52
69
116
176
265
249
126
78
-90
-283
-422
-469
-472
-452
-370
-269
-150
-86
-53
-5
90
41
-42
-70
-143
-267
-348
-393
-367
-244
-117
39
133
147
168
226
154
37
-47
-39
1
-31
11
127
176
152
186
301
389
332
285
170
11
-205
-402
-497
-519
-491
-422
-292
-176
-124
-99
-26
-46
-17
-39
-152
-269
-419
-428
-401
-324
-254
-78
265
599
756
729
696
593
319
-8
-199
-232
-229
-117
-16
56
199
380
476
421
316
324
354
279
123
44
-1
-13
7
41
123
101
43
-106
-201
-371
-493
-628
-689
-644
-606
-530
-460
-352
-279
-245
-300
-279
-344
-439
-487
-562
-587
-578
-453
-347
-229
-205
-110
16
85
61
-74
-20
88
116
164
395
642
864
974
1111
1289
1240
1062
978
1046
1083
1061
1071
1071
1004
951
767
434
180
70
50
38
42
94
244
360
240
-77
-363
-665
-980
-1348
-1587
-1632
-1633
-1692
-1799
-1632
-2245
-3332
-4289
-4965
-6256
-7550
-8158
-8506
-8635
-7416
-4984
-2284
1441
5674
10073
13620
16864
18254
18954
18874
18069
16068
13988
11345
6129
-547
-5875
-9426
-13939
-18970
-22531
-23094
-22016
-19076
-15513
-11863
-8664
-3469
2494
6670
8835
10856
12472
13678
15276
16379
16027
15193
15377
14932
12779
9319
4957
-282
-5553
-10458
-15215
-19210
-21369
-21947
-20898
-18142
-14551
-10965
-7300
-2882
1298
3772
5514
7265
8943
9960
10515
10340
9240
8198
7374
6392
4219
1405
-953
-2544
-4578
-6922
-8938
-9724
-10285
-10635
-10315
-9083
-7481
-5500
-2629
1291
5349
9078
13546
19167
23674
25347
24825
22092
16286
8387
921
-7146
-15714
-22384
-24643
-23748
-20669
-16598
-11997
-7340
-2315
1260
2497
1855
749
-569
-956
438
3143
6529
10886
16381
21111
23342
22606
19465
13823
6094
-2364
-10312
-17028
-21785
-23221
-21368
-17406
-12921
-8206
-3964
-2612
-3702
-4996
-5892
-8536
-11236
-11456
-8151
-2751
3838
9988
15683
20804
23943
23833
20652
15450
8322
2358
-1813
-3830
-3773
195
6743
13449
16440
12710
6712
2119
-3989
-15550
-26423
-31691
-32480
-30626
-23627
-14743
-6254
3392
14762
22355
24156
22583
18569
12873
7112
3441
686
-578
601
5028
9882
13143
13930
12243
7411
744
-6629
-14838
-23462
-29278
-30114
-27547
-22396
-14993
-6789
3
5754
10627
12874
11538
7832
3990
1399
637
799
1472
3533
7736
12029
14442
14675
13080
9409
4282
-725
-5420
-9164
-10766
-9311
-4504
1382
6368
8801
8867
7059
4546
136
-7166
-15087
-19460
-19913
-17702
-13344
-7662
-1626
5011
12452
16765
16393
13461
9789
4859
119
-2785
-4371
-5476
-4498
-381
4703
7710
8388
8041
6543
3040
-1680
-6705
-11785
-16046
-17187
-15080
-11445
-8015
-5141
-2448
1230
4576
4916
2503
9
-1429
-2170
-1587
-856
-488
962
5003
8767
10594
10613
10179
8922
8390
7232
6193
5504
6824
8691
10658
11205
7277
1247
-3087
-5796
-12320
-20062
-24799
-24474
-22716
-18223
-12537
-6615
-2372
3417
9506
12611
11839
9662
8189
6795
6466
6916
7737
7572
9008
11844
13705
11980
8372
3385
-2168
-7523
-12183
-17220
-21740
-23051
-20540
-16158
-12446
-9869
-7912
-4202
-16
2104
1396
711
1221
3101
5406
7011
7472
8795
11582
13406
13372
11828
10119
8266
7278
5953
4999
4502
6234
7806
9220
7399
1489
-5667
-9713
-13184
-19937
-25999
-27151
-24003
-19635
-12558
-4876
1561
5825
11509
15669
16320
13233
9839
6682
4341
3967
5506
6754
6975
9031
12194
13114
10050
5358
-819
-7579
-13192
-16846
-20984
-24285
-23423
-18212
-12361
-8650
-6210
-2814
1803
4255
3712
2098
1360
1705
3401
5162
5877
6882
9487
12173
13146
12385
10513
8389
6940
5200
3393
2858
3872
5225
7301
9104
5878
-1436
-6662
-8400
-13269
-20976
-25455
-24365
-21249
-15826
-7944
-713
3625
8397
14249
16797
14693
10756
7349
3489
1282
1993
3617
3298
4258
8290
11606
10554
7419
3633
-2331
-9188
-13213
-15675
-19662
-22127
-18755
-12390
-9261
-6900
-2548
1759
2724
2783
2800
2232
966
543
1230
2745
4260
5641
7961
10641
11890
10946
10502
9862
8356
6608
6520
6434
7038
8383
10763
8766
1549
-5821
-8177
-10992
-19127
-26740
-27451
-23981
-20180
-13249
-5470
-12
4205
11375
15666
15112
11678
8926
5536
3315
3633
5115
5230
6072
10025
13859
13703
10593
6894
618
-7537
-13104
-16012
-20873
-25840
-24304
-18257
-14920
-12372
-6883
-1465
478
1888
3154
3565
2892
2922
3566
5668
7500
8923
11171
14693
15806
14642
14071
13308
10693
8098
7082
5845
5468
5550
7323
6062
-335
-8884
-11661
-12757
-19577
-28246
-29305
-25063
-21280
-15018
-6249
217
4269
11574
17478
18779
15899
12621
9045
6581
5703
6102
5787
5025
6706
10201
11347
8309
4193
-1111
-8419
-14673
-17797
-21751
-27515
-27448
-21917
-17898
-15491
-10037
-3604
440
3590
6430
8722
9640
10101
10023
11464
11821
11158
10535
12279
11840
10129
9382
9517
7593
6174
6302
6916
7448
7478
8401
5225
-2681
-11498
-13351
-15559
-23041
-29876
-26934
-20561
-15564
-7999
1310
6824
10127
16355
19122
17124
12113
8618
3954
1271
1155
3236
3381
3988
7641
11806
11617
7888
3956
-2355
-10845
-17059
-19093
-23264
-27768
-25459
-18475
-14073
-10331
-4447
435
2988
4817
6317
6623
6177
4779
4953
7695
9239
8000
8881
12286
12409
10458
10676
10153
7226
5346
5449
5034
4800
4760
6753
7221
1329
-7335
-9544
-8409
-15298
-24097
-24620
-19353
-17577
-12493
-4332
1883
4232
10063
14850
16140
13245
10073
7149
4966
3612
3816
4743
4078
5000
7990
10294
7996
4900
545
-5744
-11734
-13908
-17500
-23097
-24227
-20779
-17495
-14756
-10793
-7152
-3619
-64
3012
5489
7281
7810
8661
11570
12669
10963
10068
11836
11053
9371
8982
9056
7846
7350
8135
8696
9282
8133
8934
7840
824
-10255
-14204
-14691
-21209
-29679
-29004
-22292
-18008
-11570
-2104
5707
8362
12992
16434
16956
12140
7860
4577
2682
1131
2774
5782
6997
8545
11950
14178
11344
6986
1106
-6754
-14612
-17824
-21249
-25502
-26747
-23076
-17842
-12941
-8544
-4685
-697
2088
4343
6176
7339
6577
7239
9992
11804
10824
10881
12422
11925
10576
9687
9406
7654
6459
6135
6866
7221
6328
7640
7537
1016
-8753
-11394
-11500
-17984
-26436
-26259
-20712
-16824
-11383
-2930
4222
7006
11165
14929
15770
11067
6837
4029
2073
-37
1086
3801
5012
6498
10321
13216
11437
7930
3305
-3128
-10230
-14211
-18079
-22588
-25260
-23319
-19248
-15133
-11288
-6976
-2373
1153
4084
6543
7980
7554
7783
9406
10204
8967
8335
9170
9347
8949
8706
9392
9216
8960
9017
9728
9685
7915
8293
7006
-96
-10675
-13616
-13269
-17934
-25195
-24420
-18126
-13534
-8734
-1246
5025
6736
9671
12429
12970
8184
4568
2278
1289
5
2068
5123
6521
7709
10963
13154
10800
6791
1993
-3895
-10756
-14206
-17174
-20181
-22908
-21778
-17970
-13422
-10229
-7378
-3357
-83
2656
4887
6869
6455
6851
8658
10485
9040
8297
8811
9361
8695
8434
8644
9296
9364
9772
10277
10733
9299
9048
8627
1884
-8678
-13962
-12918
-17371
-24119
-25568
-18868
-14297
-9081
-2747
4339
6138
8380
10876
11827
8070
3582
1778
531
-55
1111
5353
6773
8151
10580
13332
11094
7240
2339
-3668
-10808
-14777
-17289
-20328
-22926
-21954
-17724
-12890
-8717
-5724
-2427
558
3472
5572
6789
5848
5467
7280
9418
8539
7313
7901
9185
9060
8907
9279
9364
8853
8785
9310
8735
7728
6789
8400
5500
-2596
-10245
-10139
-11432
-17641
-22338
-19479
-15064
-12386
-7181
-520
3628
4387
7675
9598
9227
5053
3369
1616
381
-593
2579
5393
6035
7286
10399
11706
9069
6108
1883
-4024
-10419
-12939
-15401
-19580
-22399
-19872
-15839
-12918
-9763
-5614
-1442
1384
4206
6652
7788
6569
6170
6996
7204
5254
4374
5649
6775
6807
8254
10428
10839
10797
11577
11376
10118
8588
8158
6848
379
-7939
-11805
-11016
-14486
-19734
-20798
-15646
-12107
-8431
-3182
1990
3165
4794
6822
7366
5310
2545
1060
-225
65
1799
5526
6754
8269
10689
13244
11835
8979
5110
-559
-7416
-11194
-13017
-16976
-21618
-21487
-16974
-13606
-11868
-8920
-4500
-1468
931
4075
6006
4920
4089
5816
7166
5580
4216
5442
7479
8143
9062
11361
12855
12363
12368
12898
11951
9593
7526
7383
3862
-3753
-10627
-11487
-12447
-16820
-20245
-18066
-13816
-11551
-7824
-2246
1655
1813
3634
5419
6072
3478
2468
1592
1211
1364
4872
7987
8767
9634
11793
12463
9834
6490
1978
-4281
-10241
-12286
-13876
-17152
-20722
-19295
-15145
-11582
-9791
-6787
-4113
-1844
1456
5168
5487
3752
4629
7278
7697
6014
5978
6709
7696
8099
9702
10956
11686
11040
11774
12403
11604
8836
7702
7349
1856
-6546
-11607
-11251
-14547
-19449
-21278
-16642
-13196
-10254
-5547
681
2564
2650
4933
6468
4865
1275
1066
394
244
1350
6365
8645
9631
11144
13777
12612
8816
4310
-1265
-7821
-12607
-14312
-17015
-19988
-19644
-14955
-11356
-9583
-7193
-3970
-2192
-727
1631
2263
1396
1853
4760
6382
6504
7005
9153
10734
11055
10976
11669
11507
9722
8280
8833
8513
6776
5599
6567
7569
3624
-2798
-7124
-7620
-10920
-15664
-18561
-17178
-16454
-13880
-8286
-2801
-1647
39
4352
7149
6810
5101
4463
2494
1565
2854
6535
7063
6722
8189
11332
11164
8528
5360
1059
-4661
-8809
-10418
-13330
-17590
-19504
-17465
-14956
-13029
-11410
-9224
-6481
-2757
814
2776
3329
3990
5980
7620
8004
7484
7818
8826
9994
10798
11808
12173
11738
11556
12016
11632
9888
7991
6593
6462
2736
-4113
-10065
-11058
-12768
-16714
-19532
-18025
-15684
-13699
-9509
-5078
-2712
-1796
1406
3642
5050
4268
4600
4294
4772
6196
9817
11494
11228
11539
12881
12037
8530
4871
265
-5500
-10481
-11954
-13454
-16120
-18439
-17235
-14738
-13144
-12738
-11141
-8844
-6533
-3931
-1003
1241
2656
5180
8432
10843
11247
12034
13226
14216
13541
12726
12113
11137
9584
8831
9047
7854
6628
5690
6900
5608
84
-7103
-10203
-11627
-15856
-20586
-21805
-19646
-18074
-14311
-8800
-3951
-2235
1372
5504
8472
8268
7641
7458
7215
6909
7947
10212
10289
9856
10391
11547
9810
6810
3036
-1567
-7099
-10132
-11998
-14770
-17926
-19231
-18042
-16141
-14849
-13918
-11346
-8404
-5308
-1988
1430
3137
4832
8047
10846
11450
11694
13352
14028
13758
12815
12409
11697
11041
9548
8897
8610
7335
5991
5280
5913
2787
-2931
-8627
-10667
-13443
-17263
-20753
-21006
-19610
-17649
-13285
-7895
-3923
-2105
2661
6627
9094
8931
10210
9828
8844
8355
10462
11362
9872
8933
9664
9751
7270
4552
1051
-3379
-8314
-10650
-12747
-15958
-19697
-20648
-19593
-17829
-16304
-14104
-10964
-7225
-2934
1409
4912
6571
8189
10560
12748
12958
12733
13082
13357
12672
11832
11862
11392
9967
8269
8254
7642
5873
3698
3246
3365
-28
-5759
-10012
-11005
-13634
-17471
-20074
-19103
-17848
-15889
-11888
-6560
-3011
-177
4124
7928
10487
10990
11553
10568
9471
8669
9955
9811
8355
7300
7855
7536
5607
3170
24
-4479
-8878
-11140
-13339
-16763
-19939
-20066
-18164
-15979
-14265
-11543
-8105
-4403
-514
3377
5569
6478
8286
10994
12106
11716
11956
12850
12498
11414
10974
10834
9336
7426
6417
6443
5115
3238
2476
2803
3372
902
-3587
-8043
-9398
-11740
-15211
-18593
-18833
-18285
-16416
-11870
-6234
-2714
-54
5158
9625
12080
11685
11848
10018
7877
6281
7573
7277
5333
4317
5934
6976
5912
4135
1190
-3211
-7405
-9265
-11738
-15701
-19298
-19220
-17258
-14839
-12877
-9855
-6244
-2378
1337
4889
7130
7697
8195
9500
10345
9635
9013
9030
9163
8671
8404
8610
8461
7473
6648
6962
6536
5101
3717
3913
4502
1297
-4185
-8190
-9139
-12024
-15834
-18336
-17752
-17158
-15117
-10345
-5018
-2006
762
5561
8876
10127
9399
9343
7393
5646
5331
7654
7621
6255
6231
8350
8507
6242
3556
274
-4386
-8882
-10929
-12976
-16103
-18627
-17442
-14442
-11989
-10504
-7560
-4221
-1495
1052
4136
5687
5681
6599
8828
9961
9546
9579
10317
10368
9307
8495
8214
7404
5513
4464
4957
4674
3446
3058
3878
4400
1959
-2485
-6957
-9098
-11678
-14966
-18055
-18263
-16953
-14076
-9201
-3891
-271
2807
6827
9314
10396
9487
8358
5924
4433
3866
5209
5382
5039
5280
6758
6950
5607
3599
202
-4658
-8732
-10203
-12035
-14734
-16706
-15371
-12808
-10233
-8204
-5437
-2843
-526
2016
4665
5865
5501
5868
7402
8553
8169
8008
8290
8236
7439
6960
6851
6286
4811
4018
4776
5166
4372
3910
4456
5337
3182
-1483
-5979
-7921
-10409
-14022
-16666
-16348
-14897
-12827
-8356
-3263
-222
1406
4583
6942
7628
6503
6172
5181
3794
3100
5046
6505
5870
5116
6277
7098
5464
2842
93
-3562
-7531
-9297
-10033
-11761
-14126
-13782
-10720
-7974
-7466
-6435
-3732
-1242
-24
1651
3268
3480
3576
5562
7543
7508
6814
7415
8225
7569
6369
6187
6521
5448
4464
5188
6428
5413
4674
4882
6112
4382
-7
-4755
-7078
-9028
-12320
-14966
-15610
-14489
-13511
-9502
-4870
-1782
-1117
2082
5057
6937
6612
6731
6104
4707
3980
5321
6551
4919
3817
4784
6382
5107
3604
1809
-957
-5032
-6501
-7216
-9461
-12823
-13739
-11942
-10019
-8892
-7658
-5010
-2890
-528
2059
4349
4108
3871
5091
6539
5926
4983
5186
5547
5542
5590
6435
7238
7228
6760
7260
7779
6531
4789
3804
3668
2479
-867
-5025
-7691
-8294
-9719
-11561
-12876
-11934
-11322
-9364
-6527
-3831
-3058
-1011
1918
4537
5884
6480
6772
6057
5651
5757
6742
5712
4223
3765
5039
4764
3365
1709
-161
-3058
-4960
-5469
-6810
-9199
-10830
-10127
-8502
-7557
-7675
-6640
-4828
-2980
-1100
1148
2182
2274
3503
5490
6042
5187
5041
5288
5297
5163
5272
5813
6125
6026
6026
7109
7061
5681
4839
5361
5806
3229
-896
-4600
-5753
-7727
-10498
-13282
-13535
-13654
-12849
-9852
-6037
-4277
-2784
1164
4351
5984
5905
6496
5325
4003
3285
4830
4904
3783
3793
6195
7605
6634
5500
4130
1198
-2424
-3778
-5281
-8443
-11186
-11396
-10305
-9322
-8906
-8216
-6428
-4547
-3004
-1222
301
412
359
2039
3741
4017
3989
5518
6732
7630
8206
8790
8933
8615
7638
7261
7420
5985
4598
4632
5777
5045
2171
-1382
-4170
-6297
-9076
-12287
-15570
-16698
-16621
-14170
-10658
-7017
-4670
-651
3576
6490
7698
8142
7449
5448
4454
4793
5587
4424
4178
5579
7927
8082
7464
6408
4083
128
-2621
-4212
-7410
-11264
-13400
-13143
-12366
-11319
-10023
-8058
-6174
-4094
-1585
549
990
416
1252
3028
3842
3659
4577
6080
7279
8261
9296
9923
9643
8526
7934
8107
7129
4792
3891
4484
4894
2805
-534
-3912
-6067
-8161
-10749
-13723
-15738
-15951
-14742
-11322
-8071
-5407
-2878
1575
4449
6380
7076
7689
6367
5057
4914
6023
5948
5027
5735
7509
8405
7401
6776
5218
1965
-1972
-3601
-5315
-8589
-11782
-12251
-11281
-10542
-10285
-9315
-7588
-6205
-5038
-3311
-1575
-1303
-1066
924
3584
4474
4880
6527
8572
9191
9398
9499
9581
8536
7534
7117
7202
6095
4795
4996
5582
5661
2963
-587
-4609
-6639
-9521
-12556
-16064
-17087
-16986
-14804
-11009
-7052
-4225
-1200
3267
5998
7619
7611
7865
5950
4667
4384
5986
5639
5200
6234
8636
9045
8094
7384
5509
1454
-2489
-3951
-6443
-10318
-13241
-12824
-12324
-12284
-11659
-9262
-7466
-6649
-5197
-2360
-565
-653
-51
2331
4387
4790
5951
8077
9412
9455
10205
11089
10682
8837
7946
7848
7122
4875
4015
4057
4003
2411
-122
-3276
-6303
-8573
-10967
-13229
-15774
-16310
-15522
-12217
-9111
-5844
-3268
898
4114
6383
7629
8424
7806
6190
5806
6338
6909
6052
6508
7557
8365
7240
6573
5239
2224
-2088
-4200
-5360
-8182
-11552
-12439
-11496
-11487
-11701
-10862
-8946
-7899
-6891
-4998
-2424
-1247
-257
1970
4947
6227
6917
8581
10292
10335
9927
10151
9843
8442
7015
6656
6199
5126
3504
3479
3378
3199
1814
-412
-4235
-7527
-9372
-10874
-13345
-15978
-15841
-13752
-10089
-7217
-4052
-1288
2572
4834
6906
8157
8530
6928
5618
5830
6352
6161
5419
6025
6647
6883
6296
6216
4526
1260
-2042
-3169
-4904
-8417
-11465
-11797
-11618
-12293
-12081
-10521
-9006
-8179
-6314
-3615
-1515
-856
558
2996
5061
5712
6752
8539
9691
9551
9836
10382
9844
8405
7507
7045
5789
4185
2887
2596
1885
1822
1244
-958
-4975
-7322
-7952
-9393
-12708
-15112
-14385
-12463
-9874
-7463
-4373
-1884
1530
4352
7344
8550
8565
7479
7061
7038
6851
6197
5284
5332
5645
6161
5874
5562
3780
1260
-1338
-2609
-5050
-8699
-11769
-12404
-12470
-13029
-12778
-11203
-9224
-7788
-5419
-2740
-606
198
1707
3817
5734
6346
7208
8645
9787
9886
9817
10000
9314
8054
6611
5777
4163
2614
1148
852
399
547
594
-928
-3902
-6061
-6317
-7854
-10716
-13423
-13196
-12187
-10026
-7748
-4688
-2065
1420
4816
7742
9294
9487
9079
7997
7182
6246
5819
4442
3847
3889
4728
4586
4450
3778
2064
-654
-2663
-4530
-7626
-11017
-12859
-12840
-13042
-13061
-12026
-9385
-7167
-4971
-2667
-27
1627
2884
4405
6115
6939
7249
8115
8954
9084
8359
8303
8018
7128
5302
4446
3635
2560
815
342
335
556
573
-527
-2835
-5098
-5551
-6641
-8784
-11741
-12165
-11246
-8827
-6667
-3989
-1570
1730
4804
7371
8963
9100
8272
6825
6057
5220
4794
3442
2938
3068
4117
4336
4365
3530
1648
-1056
-2987
-4675
-7668
-10931
-12564
-11956
-11455
-11199
-10437
-8115
-5973
-4056
-2158
-141
1014
1944
3610
5388
6351
6671
7631
8502
8958
8515
8294
7575
6395
4451
3279
2485
1344
-18
-347
449
1001
1968
1737
67
-2771
-3726
-4803
-7071
-10735
-12532
-12140
-10219
-7716
-5235
-2388
582
4288
6896
8955
8898
8223
6522
5392
4171
3661
2590
1797
2005
3194
4104
4350
4280
2872
647
-1567
-2949
-5790
-9270
-11763
-11746
-11312
-11320
-11014
-9038
-6423
-4364
-2208
-69
1511
2248
3671
5134
5835
5612
5966
6736
7211
7080
6743
6527
5899
4868
3726
3399
2526
1267
385
998
1415
1908
2009
665
-2052
-3799
-4097
-5677
-8675
-11172
-10830
-9326
-7022
-5164
-2787
-437
2675
5257
7296
7816
7236
6171
5003
4079
3339
2750
1502
1262
2127
3369
3364
3231
2575
1103
-1024
-2463
-4203
-7100
-9689
-10328
-9487
-9205
-9161
-8057
-5676
-3857
-2467
-876
607
1095
1660
3029
4100
4074
3972
4932
5945
6243
5870
5787
5465
4756
3527
3118
2570
1836
966
1588
2540
3205
3873
3662
1780
-991
-1930
-3186
-5794
-9661
-10998
-10674
-9122
-7813
-5683
-3346
-417
2512
4861
6497
6672
6215
4682
3546
2494
2306
1261
700
1313
3170
4104
4494
4839
4346
2379
268
-1124
-3569
-6913
-9341
-9472
-9374
-9697
-9541
-7611
-5499
-4079
-2674
-759
383
565
1301
2534
2858
2369
2935
4331
5130
5102
5468
6101
6108
5364
4906
4809
4138
2989
2553
3119
3160
3210
3275
2170
-534
-2364
-2924
-4533
-7711
-10279
-10434
-9598
-8270
-6943
-4898
-2630
255
2562
4541
5592
5742
4902
3808
3191
3055
2802
1908
2048
3175
4351
4535
4845
4488
2929
738
-470
-1938
-4812
-7693
-8663
-8397
-8625
-8807
-8083
-6512
-5372
-4239
-2702
-1299
-1004
-711
556
1851
2251
2555
3797
5036
5650
5913
6501
6576
5994
5102
4665
4419
3803
3091
2971
3536
3846
4572
4266
2342
-658
-1949
-2945
-5484
-9295
-11483
-11432
-10489
-9043
-7421
-5004
-2514
526
2764
5061
5763
5442
3997
3414
3162
3068
2224
1802
2705
4064
4960
5516
6184
5295
3352
1616
755
-1860
-5619
-8350
-8788
-9212
-10115
-10335
-9021
-7403
-6188
-4523
-2595
-1428
-1211
-132
1490
2389
2207
2884
4371
5501
5850
6386
7092
7116
6639
6281
6437
5811
4626
3810
4159
4090
3832
3582
2318
-413
-2649
-3344
-5012
-8202
-11274
-11721
-11124
-9875
-8701
-6671
-4440
-1626
924
3359
4896
5147
4668
4205
4334
4248
4027
3341
3651
4465
5518
5850
6154
5502
3948
2152
866
-1277
-4635
-7462
-8684
-9043
-9875
-10118
-9476
-8138
-7220
-5838
-4309
-3038
-2566
-1721
-16
1556
2307
3038
4714
6153
7115
7588
8259
8027
7493
6878
6541
5537
4449
3730
3575
3616
3419
3965
3643
1736
-1401
-2597
-3813
-6497
-10513
-12369
-12490
-11920
-10830
-8772
-6216
-3691
-389
2478
5093
6029
6374
5618
5272
4624
4527
3864
3388
3556
4642
5636
6119
6265
5380
3773
1862
185
-2706
-6069
-8791
-9966
-10809
-11301
-11161
-10226
-8901
-7252
-5289
-3536
-2226
-1348
-59
1532
2756
3314
4217
5715
7012
7716
8149
8569
8496
7904
7008
6240
5404
4412
3273
3002
3057
3314
3087
1857
-684
-2826
-4007
-5754
-8742
-11691
-12707
-12365
-10846
-9132
-7051
-4835
-1490
1622
4210
5860
6739
6393
5619
5293
5308
4954
3838
3586
4280
5240
5423
5672
5230
3742
1537
86
-1730
-4830
-8177
-9851
-10224
-10755
-11154
-10740
-9236
-7731
-6000
-4215
-2316
-1237
-272
1155
2876
3801
4247
5301
6762
7828
8017
8337
8393
8041
6880
6057
5192
4274
2886
2236
2398
2524
2519
2062
625
-1980
-3622
-4794
-6759
-10171
-12386
-12558
-11279
-9750
-7897
-5510
-2501
970
3665
5984
7281
7621
6507
5769
5355
5059
3852
2848
2911
3776
4347
4595
4820
3986
2167
359
-725
-3052
-6472
-9274
-10013
-10246
-10794
-11016
-9860
-7935
-6180
-4277
-2262
-596
199
1366
2996
4283
4400
4823
6046
7219
7362
7243
7534
7397
6479
5385
5099
4388
3378
2236
2361
2328
2253
1897
946
-1469
-3781
-4724
-6072
-8546
-11335
-11672
-10796
-8989
-7567
-5130
-2683
492
2903
5099
6519
7051
6294
5225
4875
4546
3940
2708
2708
3258
4051
4010
4275
3743
2318
293
-989
-2601
-5416
-8206
-9438
-9329
-9511
-9567
-8823
-7012
-5566
-4147
-2594
-1035
-322
243
1524
3045
3849
4218
5338
6627
7410
7449
7744
7657
6704
5255
4510
3999
2729
1353
817
1256
1215
1440
1726
947
-1508
-3255
-3729
-5177
-8201
-10740
-10736
-9879
-8654
-7066
-4252
-1668
1139
3627
6218
7578
7533
6400
5349
4565
3572
2471
1296
1126
1482
2304
2793
3387
3016
1947
586
-370
-2206
-5107
-7607
-8645
-9027
-9651
-9795
-8769
-6783
-5066
-3270
-1289
544
1511
2470
3655
4506
4467
4320
4770
5302
5499
5400
5645
5694
5380
4651
4640
4309
3099
1658
1402
1424
920
755
231
-1207
-3217
-3626
-4214
-5864
-8361
-9040
-8468
-7214
-6010
-4347
-2245
-39
2225
4130
5816
6097
5657
4540
4000
3331
2855
1792
1292
1441
2146
2523
2826
2768
1824
540
-561
-1643
-3953
-6255
-7611
-7660
-7861
-7919
-7387
-5884
-4447
-3233
-1823
-445
372
698
1618
2661
3326
3386
4045
4975
5744
5900
6041
6063
5377
4284
3416
2983
1763
515
-28
544
786
1210
2036
1932
208
-1431
-1648
-2957
-5683
-8422
-8796
-8420
-7498
-6238
-3921
-1702
643
3040
5173
6367
6054
5089
3652
2682
1608
880
-250
-466
63
1324
2181
2993
3224
2712
1659
700
-683
-3195
-5732
-7110
-7485
-7794
-7717
-7008
-5467
-3818
-2219
-734
556
1001
1274
2004
2873
2822
2555
3032
4063
4587
4763
4977
5066
4682
3954
3522
2992
1912
728
641
1200
1267
1577
2169
1674
-228
-1240
-1548
-3051
-5872
-7760
-7899
-7322
-6452
-5205
-3418
-1544
668
2629
4375
4784
4212
3118
2446
1736
1031
202
-304
16
1070
2171
2901
3447
3348
2597
1516
490
-1304
-3696
-5585
-6256
-6394
-6557
-6430
-5489
-4100
-2935
-1905
-759
-8
143
519
1514
2199
2191
2363
3337
4226
4492
4522
4684
4475
3727
3041
2796
2207
1245
768
1318
1833
2084
2873
3338
2085
67
-675
-1442
-3769
-6727
-7981
-7885
-7453
-6612
-4893
-2918
-1153
874
2822
4083
3980
3285
2365
1600
761
325
-62
-146
427
1664
2827
3536
3912
3679
2814
1590
349
-1459
-3645
-5323
-5930
-6190
-6611
-6550
-5439
-4044
-3139
-2163
-838
87
432
944
1860
2239
2111
2294
3161
3718
3725
3694
4072
4068
3598
3307
3390
2936
2227
2089
2605
2800
3002
3191
2389
570
-815
-1466
-3098
-5511
-7442
-7742
-7495
-6626
-5614
-4035
-2542
-607
1098
2475
2992
2861
2277
1542
1110
928
868
565
983
1926
2997
3560
4122
4053
3185
1853
858
-433
-2474
-4458
-5427
-5588
-5920
-6096
-5563
-4402
-3637
-2906
-1880
-848
-539
-276
528
1322
1547
1785
2740
3639
3981
3984
4488
4700
4243
3426
3329
3124
2495
1914
2246
2772
2939
3401
3442
2194
95
-849
-1884
-3945
-6794
-8105
-8252
-7759
-7063
-5616
-3909
-2120
-124
1645
3054
3364
3187
2317
1810
1261
1187
721
632
1052
2177
3128
3913
4406
4121
3200
2135
1138
-791
-3127
-4938
-5555
-6088
-6517
-6546
-5632
-4542
-3539
-2498
-1284
-584
-393
185
1072
1508
1295
1710
2636
3390
3428
3809
4320
4473
3949
3787
3922
3639
2825
2579
3205
3389
3472
3363
2622
538
-814
-1663
-3171
-6000
-7978
-8382
-7926
-7187
-6165
-4643
-3021
-864
916
2481
2911
2927
2215
1777
1265
1204
969
814
1182
2272
3472
4214
4777
4504
3637
2402
1467
-280
-2579
-4629
-5376
-5631
-5950
-6049
-5420
-4423
-3644
-2747
-1876
-1344
-1389
-1042
-188
621
827
1232
2291
3468
4057
4329
4812
4953
4466
3847
3886
3581
2917
2340
2825
3254
3641
3763
3215
1529
-173
-1121
-2633
-5100
-7773
-8757
-8771
-7916
-7089
-5505
-3935
-1688
398
2261
3091
3273
2891
2170
1627
1233
1152
664
877
1705
3119
3867
4621
4771
4240
3102
2182
923
-1292
-3627
-5008
-5306
-5907
-6556
-6551
-5402
-4359
-3521
-2647
-1667
-1162
-778
8
759
1076
1152
1881
2875
3612
3737
4105
4578
4653
4172
4101
4211
3814
3164
3161
3514
3627
3600
3006
1455
-443
-1490
-2626
-4638
-7154
-8463
-8504
-7740
-6780
-5545
-4060
-2244
-157
1627
2708
2791
2599
2137
1748
1351
1374
1225
1275
1884
3045
3889
4374
4607
4194
3177
2053
1001
-794
-2959
-4620
-5168
-5521
-5962
-6102
-5402
-4455
-3680
-2909
-2119
-1602
-1450
-949
-167
502
760
1396
2485
3600
4135
4516
4929
5100
4613
4030
3816
3474
2831
2350
2705
3050
3497
3483
2860
1128
-190
-1225
-2761
-5373
-7652
-8587
-8577
-7809
-6802
-5264
-3734
-1429
653
2518
3124
3330
2902
2390
1686
1426
1223
822
942
1810
3025
3681
4361
4587
4209
3110
2202
884
-1139
-3451
-4874
-5475
-6095
-6718
-6617
-5617
-4603
-3765
-2852
-1826
-1230
-809
-78
744
1099
1235
1919
2928
3650
3862
4251
4767
4924
4509
4339
4358
3982
3192
2970
3192
3150
2856
2255
1094
-601
-1683
-2731
-4301
-6542
-7776
-7922
-7186
-6456
-5407
-4035
-2232
-399
1112
2181
2545
2571
2189
1984
1788
1868
1590
1627
2156
3102
3562
3889
4188
3924
2871
1721
767
-775
-2759
-4357
-4966
-5440
-5999
-6156
-5414
-4637
-4126
-3460
-2459
-1766
-1472
-844
138
922
1314
2033
3086
4019
4352
4675
5080
5133
4490
3986
3825
3443
2732
2390
2706
2802
2864
2776
2272
638
-845
-1979
-3274
-5515
-7467
-8171
-7883
-7209
-6333
-4810
-3123
-1113
517
2085
2804
3121
2712
2388
1985
1797
1485
1260
1509
2170
2941
3444
4076
4162
3667
2629
1790
435
-1411
-3402
-4660
-5601
-6392
-6812
-6558
-5843
-5113
-4056
-2823
-1556
-842
-140
656
1537
1844
2013
2448
3195
3659
3878
4265
4724
4810
4540
4544
4488
4085
3362
3142
3061
2928
2206
1181
-241
-1515
-2727
-3967
-5452
-6851
-7512
-7321
-6370
-5438
-4338
-3091
-1283
193
1411
2081
2505
2343
2036
1892
1948
1886
1676
1935
2520
3155
3410
3745
3684
3091
1982
1048
-147
-1763
-3455
-4525
-5155
-5667
-5922
-5783
-5206
-4575
-3772
-2884
-1885
-1196
-567
177
1126
1816
2241
2698
3395
4019
4379
4605
4762
4683
4348
4017
3756
3490
2920
2538
2451
2757
2423
1388
-84
-1107
-2225
-3609
-5184
-6481
-7329
-7453
-6638
-5553
-4402
-3221
-1351
314
1729
2485
3095
2969
2580
2084
1977
1805
1421
1304
1732
2387
2756
3201
3372
3023
2091
1328
277
-1249
-3118
-4433
-5321
-5909
-6259
-6066
-5473
-4651
-3555
-2203
-958
-222
382
1062
1758
2020
2120
2225
2577
2915
3374
3810
4162
4307
4424
4468
4238
3848
3235
2705
2152
1930
1515
641
-723
-1738
-2428
-3272
-4375
-5491
-6066
-6155
-5527
-4817
-3897
-2990
-1590
-352
916
1833
2466
2445
2292
2166
2142
1966
1686
1597
1728
2011
2208
2532
2567
2178
1487
1011
279
-924
-2311
-3338
-4254
-5065
-5442
-5369
-5212
-4865
-3983
-2714
-1537
-713
27
885
1688
2148
2426
2694
2840
2942
3324
3782
3896
3853
4072
4255
4070
3703
3419
3039
2533
2206
1813
861
-579
-1673
-2463
-3432
-4729
-5768
-6314
-6247
-5720
-4877
-3916
-2707
-1340
-77
1151
2108
2580
2445
2278
2020
1817
1499
1375
1314
1468
1735
2193
2632
2700
2248
1625
1119
250
-1136
-2672
-3817
-4806
-5497
-5765
-5477
-5101
-4496
-3390
-1887
-715
-31
596
1309
1794
1882
2016
2280
2431
2466
2965
3686
4092
4149
4436
4731
4561
4013
3546
3115
2363
1757
1160
279
-1145
-2119
-2721
-3299
-4334
-5156
-5494
-5313
-4919
-4353
-3490
-2532
-1411
-455
801
1704
2192
2046
2067
1949
1815
1548
1498
1432
1375
1499
1821
2162
1990
1526
972
587
-168
-1144
-2301
-3317
-4247
-4798
-5021
-4974
-4726
-4272
-3397
-2159
-933
-196
474
1297
1951
2170
2386
2691
2763
2770
3080
3588
3778
3771
3912
4241
4233
3770
3384
3161
2713
1882
959
-140
-1401
-2494
-3328
-4076
-4908
-5435
-5523
-5029
-4434
-3682
-2773
-1475
-431
467
1327
2039
2153
1966
1831
1606
1346
1151
1233
1314
1456
1611
1986
2176
1916
1320
676
-108
-1181
-2186
-3154
-4159
-4897
-5004
-4787
-4494
-3924
-3135
-2044
-926
44
635
1225
1664
1876
1920
2123
2310
2471
2757
3176
3695
4084
4308
4337
4495
4262
3671
2936
2516
1817
629
-772
-1851
-2620
-3455
-4198
-4756
-4866
-4905
-4484
-3831
-3045
-2502
-1562
-524
320
906
1542
1947
1968
1959
1906
1775
1484
1448
1443
1510
1390
1409
1376
1181
625
39
-616
-1446
-2317
-3087
-3646
-4117
-4262
-4215
-3835
-3371
-2565
-1656
-645
52
679
1289
1798
1987
1981
2042
2121
2362
2682
3094
3330
3585
3830
4075
4108
3742
3260
2723
2239
1588
791
-394
-1689
-2558
-3098
-3693
-4413
-4679
-4665
-4276
-3766
-3069
-2478
-1699
-872
-80
654
1320
1747
1821
1889
1912
1961
1728
1504
1321
1383
1297
1177
1095
863
329
-177
-411
-1065
-2041
-2849
-3104
-3401
-3709
-3855
-3642
-3191
-2613
-1806
-893
-115
318
1014
1766
2238
2122
2257
2468
2565
2551
2886
3211
3202
3182
3410
3700
3542
3096
2738
2490
2026
1093
1
-1196
-2331
-3339
-3890
-4304
-4794
-5005
-4557
-3621
-2909
-2216
-1489
-547
53
789
1413
1869
1733
1665
1671
1751
1602
1340
1198
1106
1138
1026
1015
629
45
-690
-983
-1472
-2257
-3051
-3331
-3392
-3398
-3202
-3004
-2569
-1997
-1133
-504
200
606
1096
1532
2045
2153
2287
2539
2722
2766
2959
3265
3307
3199
3088
3105
2989
2745
2316
2024
1745
1022
-26
-1007
-1898
-2941
-3714
-4097
-4380
-4609
-4411
-3635
-2783
-2012
-1354
-541
170
844
1300
1703
1722
1625
1569
1679
1548
1265
1145
1087
928
613
481
155
-403
-1110
-1570
-2040
-2554
-2937
-3117
-3208
-3227
-2854
-2368
-1811
-1445
-840
-171
556
892
1244
1621
1942
2078
2290
2583
2727
2887
3004
3201
3175
3271
3123
3047
2648
2396
1981
1860
1362
516
-428
-1118
-1756
-2678
-3301
-3936
-4222
-4468
-3961
-3558
-2923
-2534
-1656
-815
144
736
1260
1659
1953
2143
2278
2330
2038
1770
1487
1283
916
535
-129
-711
-1171
-1559
-2134
-2582
-2841
-3005
-3030
-2902
-2746
-2576
-2187
-1719
-1255
-824
-390
90
559
1034
1470
1976
2337
2676
3002
3409
3588
3569
3438
3269
3047
2775
2493
2038
1639
1369
1372
991
314
-494
-940
-1541
-2302
-3111
-3734
-4168
-4378
-4126
-3740
-3088
-2530
-1628
-660
530
1255
1812
2147
2420
2442
2446
2309
1931
1609
1304
1015
621
389
-160
-731
-1296
-1656
-2238
-2631
-3007
-3243
-3373
-3232
-2992
-2669
-2185
-1753
-1105
-385
214
465
981
1470
1806
2046
2525
2837
3018
3258
3481
3579
3418
3207
2902
2719
2294
1914
1510
1293
798
252
-377
-984
-1578
-2151
-2587
-3141
-3480
-3759
-3498
-3298
-2862
-2448
-1589
-903
-130
551
1306
1711
1897
1972
2014
2038
1835
1676
1420
1248
799
465
82
-328
-1055
-1745
-2278
-2633
-2867
-3105
-3225
-3156
-2815
-2489
-2047
-1591
-1177
-808
-248
288
642
903
1269
1714
2182
2638
3027
3370
3585
3765
3810
3716
3334
2929
2526
2131
1652
1299
781
99
-644
-1145
-1677
-2188
-2669
-3065
-3323
-3333
-3118
-2953
-2571
-2176
-1594
-1043
-287
194
709
1093
1478
1603
1760
1767
1735
1695
1647
1411
1063
864
483
-52
-803
-1319
-1916
-2376
-2908
-3096
-3198
-3073
-2949
-2573
-2129
-1702
-1285
-773
-214
87
430
830
1359
1593
1919
2347
2899
3171
3357
3567
3742
3714
3545
3263
2897
2356
1932
1479
904
-116
-1148
-1892
-2309
-2760
-3362
-3588
-3578
-3241
-2919
-2185
-1756
-1243
-846
-171
158
478
664
793
862
930
1102
1233
1477
1476
1583
1593
1628
1278
903
369
-271
-1067
-1750
-2345
-2821
-3053
-3196
-3117
-2848
-2418
-2049
-1541
-1036
-618
-329
40
326
546
820
1159
1540
1926
2333
2698
3034
3224
3288
3318
3258
2954
2596
2287
1898
1438
844
182
-557
-1121
-1623
-1982
-2355
-2643
-2735
-2568
-2359
-2263
-1951
-1570
-1168
-949
-527
-231
50
184
443
640
860
935
1033
1182
1236
1144
1023
1000
721
416
42
-255
-789
-1162
-1529
-1755
-1987
-2115
-2178
-2082
-1844
-1696
-1400
-1102
-731
-570
-217
45
390
608
961
1309
1789
2123
2401
2647
2926
3014
2986
2976
2816
2595
2303
2152
1546
912
133
-296
-971
-1423
-1957
-2179
-2433
-2448
-2375
-2166
-1955
-1779
-1461
-1183
-829
-726
-467
-373
-121
-50
220
350
587
687
850
908
936
836
710
558
243
-54
-311
-474
-825
-1007
-1199
-1243
-1408
-1425
-1501
-1411
-1361
-1247
-1135
-923
-713
-530
-209
127
555
940
1432
1792
2222
2496
2714
2825
2928
2878
2698
2569
2394
2230
1784
1234
579
92
-486
-949
-1357
-1761
-2152
-2278
-2180
-2213
-2148
-1984
-1709
-1566
-1218
-946
-651
-505
-271
-90
124
236
290
450
519
495
436
528
440
302
127
88
-27
-111
-240
-309
-441
-544
-660
-727
-867
-989
-1041
-1042
-1049
-1059
-956
-848
-613
-353
11
371
819
1232
1600
1928
2158
2339
2374
2419
2365
2357
2194
2125
2013
1731
1224
769
413
-82
-529
-1009
-1368
-1803
-1950
-2058
-1971
-1946
-1768
-1601
-1290
-1033
-813
-623
-395
-285
-236
-131
-49
13
-12
62
116
221
163
127
57
21
-86
-105
-163
-254
-338
-318
-298
-334
-415
-498
-571
-650
-698
-804
-906
-927
-795
-616
-419
-113
246
632
942
1306
1580
1833
1989
2073
2117
2113
2161
2092
2150
1943
1773
1356
1085
627
301
-196
-648
-1102
-1386
-1562
-1755
-1729
-1721
-1529
-1445
-1121
-981
-702
-585
-395
-281
-146
-144
-213
-152
-180
-192
-286
-213
-297
-341
-380
-298
-294
-305
-257
-211
-157
-179
-97
-96
-123
-254
-237
-271
-397
-540
-563
-545
-543
-453
-283
-44
236
540
790
1006
1196
1423
1637
1753
1713
1741
1776
1818
1743
1610
1326
1009
689
407
102
-248
-633
-934
-1073
-1168
-1197
-1207
-1195
-1162
-1001
-824
-700
-574
-475
-401
-339
-258
-284
-296
-360
-451
-548
-481
-498
-592
-648
-584
-470
-363
-225
-199
-80
34
228
273
294
254
280
300
253
138
-12
-94
-187
-224
-259
-176
-88
71
211
429
563
674
848
1030
1167
1197
1323
1356
1478
1460
1405
1114
807
499
253
48
-258
-550
-753
-771
-863
-828
-766
-733
-795
-705
-510
-414
-418
-462
-473
-482
-445
-448
-427
-505
-577
-617
-526
-523
-624
-701
-598
-454
-384
-329
-255
-143
-48
96
249
379
436
511
619
636
477
263
113
-2
-121
-211
-220
-153
-119
-102
114
355
418
449
674
889
863
865
1013
1135
1193
1143
986
779
568
429
326
168
-216
-444
-363
-248
-430
-504
-427
-322
-397
-297
-176
-161
-271
-389
-416
-402
-409
-540
-581
-715
-847
-896
-740
-821
-913
-918
-777
-734
-651
-553
-395
-206
-9
171
338
533
630
780
877
849
606
458
274
86
-95
-149
-205
-224
-172
-98
-44
55
187
249
347
429
466
440
567
710
914
888
832
749
746
622
527
471
317
109
43
95
40
-70
-201
-95
-52
-52
-180
-159
-236
-338
-475
-579
-727
-908
-1036
-1077
-1019
-1082
-1082
-1038
-953
-914
-757
-631
-475
-347
-148
82
333
541
657
860
947
994
909
842
647
457
292
119
-106
-279
-255
-238
-251
-335
-325
-255
-82
49
88
132
218
344
449
635
815
840
763
810
946
910
828
740
613
361
212
183
62
-40
-101
-95
-137
-174
-248
-324
-465
-678
-856
-962
-1018
-1141
-1218
-1171
-1092
-1030
-958
-783
-681
-603
-525
-370
-263
-148
43
253
467
592
754
843
941
899
827
680
530
316
67
-82
-188
-299
-435
-483
-484
-426
-379
-247
-129
-45
-9
128
311
362
440
570
860
978
1018
1040
1124
1066
924
888
771
527
266
253
214
99
-72
-170
-254
-334
-515
-687
-767
-873
-1012
-1041
-981
-1003
-1059
-970
-866
-800
-703
-605
-501
-438
-350
-211
-13
60
112
244
411
432
434
443
446
408
380
321
236
130
3
-59
-135
-258
-408
-380
-326
-297
-247
-102
-37
69
222
377
451
536
680
794
937
1036
1088
1039
1007
951
888
830
747
511
211
72
23
-141
-294
-396
-476
-598
-582
-605
-653
-739
-781
-861
-874
-824
-809
-786
-710
-561
-468
-313
-208
-131
-113
-52
-17
-44
-85
-31
55
102
148
162
184
218
296
285
185
0
-172
-297
-363
-390
-415
-386
-306
-191
-111
-17
26
85
220
419
633
758
816
776
838
957
1022
969
977
930
822
718
571
344
80
-115
-332
-456
-550
-554
-523
-451
-417
-355
-291
-244
-321
-421
-531
-575
-560
-468
-395
-262
-83
43
88
114
126
-18
-180
-352
-412
-432
-304
-243
-140
-59
67
70
45
6
-66
-191
-289
-317
-368
-384
-351
-234
-139
6
100
160
150
213
222
240
228
301
393
531
670
794
892
927
922
806
695
524
405
238
180
27
-50
-61
-63
-159
-235
-244
-257
-240
-259
-280
-353
-354
-413
-384
-341
-275
-261
-185
-136
-113
-64
-43
-65
-146
-229
-362
-401
-378
-318
-256
-185
-180
-215
-164
-91
-24
-55
-71
-129
-163
-174
-169
-155
-156
-140
-127
25
110
159
195
254
257
277
330
397
493
584
636
678
785
781
722
685
653
559
477
399
258
72
-77
-149
-169
-241
-338
-348
-296
-285
-294
-282
-345
-453
-471
-427
-401
-393
-360
-316
-260
-219
-183
-139
-112
-144
-213
-226
-268
-309
-298
-212
-195
-214
-168
-94
-62
-49
4
30
10
-25
-35
-22
-23
-100
-163
-115
-21
-3
29
145
256
328
424
539
573
562
561
573
556
547
551
525
499
496
508
490
447
308
156
11
-114
-235
-278
-299
-325
-325
-292
-234
-212
-246
-304
-295
-315
-373
-395
-363
-372
-344
-281
-202
-183
-138
-108
-99
-122
-189
-259
-303
-287
-306
-269
-217
-150
-102
-10
85
81
-30
-138
-164
-160
-187
-201
-185
-124
-46
54
146
224
296
341
410
469
503
501
558
617
640
656
718
748
711
652
565
460
349
256
144
32
-45
-108
-139
-148
-165
-213
-218
-237
-280
-364
-391
-387
-397
-395
-423
-396
-351
-275
-251
-240
-285
-279
-230
-210
-254
-307
-307
-313
-271
-239
-225
-169
-44
28
15
5
-25
-114
-187
-189
-226
-312
-312
-230
-135
-74
27
136
181
213
267
297
285
284
310
379
510
597
616
665
742
731
678
601
477
355
263
208
174
144
65
11
4
12
-66
-170
-225
-241
-275
-278
-277
-296
-294
-270
-221
-212
-238
-312
-358
-340
-285
-249
-232
-230
-243
-226
-134
-74
-81
-56
22
86
91
77
1
-83
-183
-270
-352
-410
-456
-458
-411
-321
-204
-100
-20
21
80
140
174
157
157
180
272
380
459
506
554
575
552
529
511
457
416
399
375
363
360
350
284
208
96
-14
-111
-187
-290
-359
-320
-247
-228
-217
-154
-116
-152
-193
-219
-268
-304
-320
-328
-338
-287
-209
-139
-73
-16
5
21
25
-19
-86
-157
-236
-345
-409
-440
-454
-440
-386
-310
-230
-147
-52
53
170
256
327
435
530
569
577
610
623
585
543
542
555
511
484
471
421
321
192
62
-51
-132
-257
-370
-450
-463
-482
-454
-374
-321
-305
-258
-149
-82
-77
-100
-108
-140
-111
-54
-25
-24
4
13
32
83
82
39
30
30
-61
-101
-101
-114
-145
-127
-119
-187
-249
-298
-318
-329
-297
-280
-238
-153
-25
127
244
338
417
521
575
572
531
490
424
352
278
181
113
110
93
94
132
145
91
39
-24
-139
-242
-340
-403
-427
-433
-465
-426
-336
-246
-183
-106
-29
15
36
40
35
3
-22
-27
8
27
45
86
107
56
8
1
-14
-32
-25
-35
-34
-13
-2
-20
-70
-133
-170
-170
-171
-175
-146
-74
-5
78
205
337
415
462
518
554
526
476
430
353
260
192
139
107
92
107
91
65
62
36
-21
-78
-128
-209
-313
-388
-427
-462
-467
-449
-442
-399
-307
-223
-148
-74
-25
-23
-17
-4
-22
-72
-109
-101
-93
-113
-150
-163
-160
-148
-126
-114
-116
-119
-111
-99
-109
-126
-151
-159
-121
-43
47
131
198
255
344
451
545
580
589
601
601
575
536
483
417
353
313
276
209
139
97
54
-17
-76
-130
-186
-227
-261
-305
-336
-354
-379
-388
-374
-358
-353
-318
-241
-147
-65
-10
43
72
81
74
56
18
-52
-113
-154
-196
-248
-284
-302
-311
-320
-307
-282
-288
-306
-307
-295
-285
-252
-197
-152
-76
30
150
276
397
494
572
659
703
699
687
687
656
599
537
496
460
388
293
210
136
46
-27
-77
-142
-237
-299
-329
-352
-392
-413
-404
-371
-330
-290
-234
-157
-76
-5
77
136
152
149
171
160
117
68
23
-11
-52
-102
-185
-273
-360
-435
-495
-548
-583
-568
-532
-510
-492
-450
-402
-350
-268
-184
-121
-47
82
222
348
454
542
608
676
734
772
789
768
710
649
577
461
346
256
167
75
12
-52
-123
-188
-214
-236
-266
-278
-284
-297
-290
-237
-176
-128
-84
-18
80
163
207
236
261
256
222
190
145
74
6
-38
-95
-169
-262
-373
-495
-599
-675
-711
-704
-691
-672
-625
-538
-448
-373
-315
-236
-150
-63
41
144
234
336
463
545
607
656
699
710
710
687
612
532
447
344
238
157
69
-27
-118
-175
-221
-263
-296
-309
-283
-247
-217
-188
-122
-44
26
88
158
216
247
285
314
317
304
305
283
234
193
156
83
-22
-114
-197
-295
-397
-501
-599
-661
-698
-725
-726
-683
-614
-528
-432
-324
-216
-111
-20
54
130
205
289
355
431
502
574
634
673
668
629
594
525
424
305
211
114
17
-66
-154
-230
-280
-294
-312
-328
-320
-286
-241
-204
-160
-107
-34
33
81
135
196
228
251
287
321
319
294
276
251
183
100
36
-46
-165
-299
-398
-487
-584
-669
-717
-736
-735
-708
-658
-590
-510
-420
-319
-197
-77
28
133
246
359
442
516
591
651
700
755
781
764
728
674
605
518
416
286
143
23
-77
-176
-269
-355
-413
-434
-430
-423
-397
-347
-280
-196
-108
-42
12
71
124
177
233
284
311
330
334
323
288
239
165
84
0
-95
-198
-304
-416
-528
-617
-692
-741
-769
-744
-703
-641
-552
-454
-355
-259
-143
-9
116
225
328
432
508
569
626
669
693
705
705
679
631
571
502
408
302
185
79
-32
-145
-242
-323
-387
-429
-439
-426
-393
-330
-238
-162
-95
-11
73
130
168
202
234
260
262
249
251
250
232
202
170
112
38
-37
-133
-245
-357
-462
-560
-640
-688
-703
-695
-661
-593
-499
-398
-314
-227
-122
-20
68
155
242
326
402
463
509
534
547
559
557
523
479
430
367
287
208
131
40
-53
-138
-209
-288
-355
-390
-400
-404
-380
-319
-255
-190
-98
-5
55
117
185
248
293
333
362
377
382
369
339
300
257
196
128
61
-18
-102
-190
-270
-338
-395
-444
-483
-501
-501
-480
-439
-392
-348
-283
-194
-100
-11
66
141
219
302
369
403
423
439
450
445
418
358
292
242
181
101
11
-73
-146
-206
-278
-345
-392
-428
-447
-441
-416
-384
-331
-263
-176
-91
-12
73
159
238
312
366
415
455
471
466
451
418
372
314
236
166
99
23
-56
-136
-206
-275
-340
-394
-436
-460
-468
-459
-432
-387
-336
-276
-205
-117
-29
60
140
212
282
334
376
405
412
402
393
371
335
279
217
156
87
11
-72
-150
-228
-292
-345
-386
-409
-430
-449
-440
-410
-371
-324
-260
-178
-79
11
89
171
242
294
338
376
384
372
366
352
321
275
227
176
123
56
-6
-59
-115
-172
-218
-254
-283
-304
-314
-322
-317
-279
-241
-204
-154
-91
-15
53
121
194
265
315
358
386
392
383
370
346
306
258
213
175
117
52
-13
-69
-138
-207
-255
-289
-322
-351
-364
-364
-346
-324
-289
-239
-181
-122
-54
14
68
110
157
203
235
246
246
247
240
216
187
156
113
57
4
-38
-89
-146
-201
-242
-280
-308
-322
-331
-330
-324
-288
-243
-196
-151
-90
-19
54
117
190
255
305
348
384
412
420
405
381
365
331
290
232
180
122
65
5
-54
-99
-143
-178
-215
-238
-258
-259
-259
-249
-225
-185
-130
-80
-30
11
48
82
120
148
156
157
151
145
129
94
54
11
-24
-54
-86
-122
-170
-212
-240
-269
-293
-312
-331
-338
-319
-288
-263
-228
-173
-109
-40
25
91
154
207
246
290
334
357
365
370
372
363
346
309
258
204
159
109
56
4
-43
-81
-113
-147
-173
-194
-210
-213
-205
-179
-155
-126
-90
-55
-14
29
63
80
97
116
138
143
136
119
104
87
58
23
-11
-45
-82
-108
-141
-173
-204
-229
-245
-249
-248
-243
-227
-202
-181
-159
-124
-87
-47
-6
41
87
139
179
209
235
253
263
274
279
265
253
236
213
187
149
107
69
43
16
-11
-34
-57
-77
-88
-99
-106
-106
-106
-97
-80
-61
-58
-52
-36
-20
-7
6
16
36
55
56
45
36
23
3
-25
-52
-76
-95
-113
-130
-137
-144
-153
-155
-148
-143
-144
-144
-131
-115
-95
-76
-53
-21
8
37
68
95
114
130
145
151
157
152
141
134
128
125
119
105
83
68
45
22
-7
-35
-55
-66
-65
-61
-52
-48
-27
-11
2
9
9
13
23
35
41
50
54
63
64
60
45
34
21
0
-20
-33
-41
-47
-61
-71
-72
-74
-76
-85
-86
-89
-83
-71
-63
-62
-60
-51
-31
-14
-15
-8
12
28
44
54
61
64
62
65
66
56
43
32
23
12
0
-8
-19
-27
-27
-28
-30
-27
-23
-19
-13
-7
8
28
35
38
37
37
29
31
31
33
39
54
71
78
70
56
44
32
22
8
-3
-10
-10
-13
-14
-26
-34
-36
-41
-39
-38
-44
-48
-52
-60
-57
-49
-36
-27
-17
-9
-7
0
-5
-8
-4
7
8
12
26
31
24
15
9
8
7
0
-6
3
18
25
34
33
27
18
9
1
-10
-20
-22
-20
-23
-24
-23
-29
-36
-41
-46
-48
-43
-46
-59
-57
-48
-42
-40
-27
-13
4
21
22
17
20
27
26
28
34
37
39
51
59
59
59
47
33
22
7
-3
-16
-15
-22
-32
-32
-22
-24
-25
-22
-25
-19
-11
-9
-5
12
26
46
61
62
65
72
69
66
70
70
66
66
57
49
38
13
-9
-23
-43
-70
-90
-96
-111
-123
-121
-124
-126
-115
-103
-81
-57
-48
-44
-26
-5
4
16
37
50
62
88
103
104
103
106
101
86
69
51
34
17
-3
-15
-15
-26
-43
-48
-58
-67
-70
-76
-80
-72
-62
-45
-20
-9
3
24
45
57
64
67
78
93
107
106
94
91
82
70
59
40
13
-4
-15
-29
-51
-64
-76
-82
-91
-104
-114
-108
-100
-94
-81
-69
-61
-50
-34
-27
-24
-16
0
25
42
51
56
62
65
69
63
57
52
49
45
31
15
-5
-11
-20
-26
-38
-45
-55
-58
-66
-68
-69
-73
-65
-50
-24
-3
21
37
58
66
70
83
94
100
100
101
103
93
85
76
66
55
32
14
-9
-30
-50
-68
-86
-99
-105
-105
-95
-95
-93
-84
-70
-58
-48
-29
-9
17
28
40
60
72
82
78
75
72
73
64
52
52
51
48
36
20
5
-8
-30
-48
-56
-62
-65
-79
-81
-82
-82
-82
-72
-63
-49
-24
-11
-5
-5
1
20
36
39
42
58
72
79
74
66
60
48
33
18
15
14
6
-8
-24
-32
-40
-45
-53
-65
-66
-57
-45
-39
-28
-23
-10
1
16
28
31
30
31
35
35
40
44
51
47
33
18
5
-9
-26
-36
-44
-39
-29
-29
-28
-23
-30
-44
-61
-70
-66
-51
-34
-24
-9
-3
4
13
23
16
24
36
47
60
62
56
51
54
47
44
32
23
15
13
1
-2
-5
-13
-18
-14
-2
6
12
9
17
14
13
6
2
-1
10
20
21
22
17
20
18
13
0
1
-6
-5
-10
-18
-26
-28
-19
-22
-19
-31
-25
-22
-22
-30
-38
-40
-35
-27
-15
-7
-3
8
12
13
14
16
11
13
10
18
22
29
24
20
19
18
16
9
-1
-7
-1
-1
2
4
-4
-10
-11
-13
-17
-21
-27
-16
-9
-10
-8
-3
0
7
6
7
17
13
8
4
3
-1
-3
-6
0
2
6
6
6
1
-16
-24
-33
-39
-46
-43
-41
-32
-19
-7
1
-1
-4
-9
0
1
0
1
4
8
16
15
12
16
19
21
23
22
18
19