5
3
0
-2
0
0
-3
-3
-1
1
0
-6
-2
2
2
3
5
1
0
3
0
-4
-3
-5
0
2
-5
-3
-4
-3
-2
-6
-4
-2
-4
-4
1
-2
-5
-2
-2
-8
-6
-1
-3
-4
-2
1
3
2
2
0
-1
-4
0
-1
-5
-3
2
0
-2
-4
-1
2
-1
-3
-3
0
1
1
2
3
3
2
4
4
-5
-6
-1
0
-4
-3
1
2
2
1
4
1
-3
-7
-4
-3
-8
-9
-6
-1
-3
-4
-1
-1
0
-2
-2
-2
-2
-1
3
1
-2
1
1
1
3
-1
-2
0
3
4
-1
0
4
5
5
3
2
9
8
-1
-1
2
1
-1
0
0
1
3
-1
1
-1
-3
-1
1
0
0
4
5
2
4
5
4
-2
0
3
3
3
2
2
2
-1
5
9
5
8
9
9
4
0
2
2
-6
-5
0
3
3
-1
3
7
9
7
6
2
5
5
4
4
4
0
3
4
-6
3
5
-5
-7
-4
2
6
-1
-7
-6
2
0
-3
-7
-5
-6
-9
-11
-10
-11
-6
-8
-13
-7
-4
-8
-11
-6
-1
0
0
3
3
0
-2
0
5
4
-2
-3
-3
-6
-10
-11
-5
-8
-9
-5
-5
-5
-2
3
-1
-1
-1
3
4
1
3
-6
-4
-6
-6
-10
-10
-7
-2
-7
-11
-4
0
8
0
0
5
4
-2
1
-3
-4
-2
-1
-2
-4
0
4
8
5
5
2
10
9
6
4
3
5
5
4
4
2
4
5
-5
-9
-9
-5
-1
-3
-3
4
2
7
12
6
-2
4
9
5
0
1
0
2
2
0
0
-1
1
8
7
7
5
-2
4
0
-2
-6
-2
-3
-1
1
4
9
10
4
-2
2
2
4
6
6
7
7
6
4
3
-1
-1
3
0
-5
-1
5
3
1
-4
-5
-2
0
-4
-7
-6
-3
-9
-10
-5
-4
-7
-6
2
-6
-9
-9
-6
-9
-8
-6
-6
-3
0
3
-2
-5
-5
0
-2
-3
-3
-2
-3
0
-1
-5
-2
1
1
-5
-1
1
1
6
3
10
8
13
30
28
17
16
29
20
9
11
10
14
10
5
1
-1
-11
-19
-19
-13
-23
-27
-15
-16
-34
-41
-32
-39
-58
-66
-61
-41
-42
-50
-26
-3
9
29
49
53
51
54
49
49
30
4
2
13
14
2
4
13
18
-2
5
20
33
28
38
59
50
45
53
61
28
14
25
17
-27
-51
-36
-45
-54
-68
-78
-56
-41
-52
-62
-36
-18
-27
-7
21
12
-11
12
58
75
69
62
64
56
38
29
25
7
12
33
35
12
25
41
7
-18
-13
-4
-30
-30
-8
-42
-60
-30
-50
-97
-83
-55
-79
-61
-12
-5
-7
22
68
64
45
49
66
41
25
14
28
39
39
33
26
40
31
30
21
21
20
-16
-31
-24
-8
-34
-25
7
5
6
24
29
-13
-32
-37
-27
-32
-41
-32
-15
-14
10
12
-48
-124
-148
-144
-181
-216
-234
-210
-172
-152
-154
-108
-51
-48
-63
-50
-3
35
54
79
116
122
141
174
210
183
150
178
203
207
184
168
171
151
144
151
117
97
87
73
45
25
0
-7
-11
-33
-92
-129
-108
-98
-154
-184
-103
-60
-76
-98
-69
-61
-74
-103
-119
-117
-140
-148
-145
-111
-110
-96
-56
-11
-19
-32
5
10
-8
-14
21
-13
-45
-27
51
89
88
172
211
166
114
177
186
131
112
175
212
129
41
-15
-109
-207
-287
-342
-344
-333
-277
-156
-82
-72
3
142
193
166
214
292
246
222
226
144
65
75
93
-1
-38
-4
-37
-106
-49
67
104
84
81
96
83
58
41
27
2
96
144
31
-83
-90
-100
-203
-239
-261
-216
-164
-159
-213
-237
-308
-333
-316
-287
-263
-262
-217
-186
-167
-143
-125
-125
21
167
243
342
500
630
616
615
553
392
162
-31
-286
-616
-831
-847
-819
-719
-305
31
212
472
791
911
945
907
872
697
376
3
-262
-278
-396
-525
-451
-94
37
139
265
382
186
-85
-287
-522
-544
-637
-758
-739
-431
-250
-53
230
508
543
600
792
747
530
454
406
295
122
-34
-160
-360
-617
-855
-914
-1038
-1140
-994
-855
-849
-853
-786
-665
-372
-126
-49
252
793
1165
1385
1810
2242
2493
2649
2780
2496
1987
1430
876
142
-624
-1064
-1286
-1355
-1324
-1243
-1293
-1217
-1088
-1112
-1220
-1111
-1008
-914
-487
-123
-82
214
939
1301
1426
1681
1876
1666
1322
913
177
-584
-1495
-2653
-3503
-3980
-4608
-5198
-4998
-4661
-4548
-3848
-2609
-1967
-1663
-552
777
1498
1915
2811
3842
4369
4745
5383
5933
6057
6221
6591
6541
5875
5116
4267
3129
1810
677
-317
-1214
-2008
-2570
-2867
-3179
-3299
-3388
-3498
-3525
-3240
-3014
-2985
-2940
-2847
-2659
-2510
-2302
-2266
-1871
-1292
-753
-449
9
531
549
461
839
1221
880
550
716
495
-784
-1689
-2084
-3040
-4318
-4376
-4060
-4204
-3825
-2299
-814
261
1994
4210
5794
6904
8380
9435
9518
9137
8839
7899
6348
4810
3376
1651
0
-1224
-2221
-3076
-3483
-3621
-3663
-3380
-3025
-3056
-3094
-2748
-2654
-3034
-3174
-3090
-3462
-3607
-3287
-3292
-3252
-2600
-1910
-1300
-134
1143
1751
2369
3323
3854
3653
3273
2722
1601
-5
-1326
-2596
-4221
-5841
-6481
-6390
-6694
-6827
-5839
-4461
-3505
-2237
-140
1715
3210
5077
6795
7716
8440
9392
9631
9416
9158
8747
7949
7099
6151
5028
3779
2710
1566
626
-468
-1654
-2532
-3196
-3948
-4790
-5311
-5738
-6007
-6324
-6629
-6845
-6768
-6582
-6389
-6142
-5656
-4940
-3969
-2861
-1732
-620
638
2077
3197
3674
3942
4182
3705
2541
1336
332
-1269
-2738
-3643
-4458
-5590
-5656
-4741
-4144
-3574
-1434
1117
2808
4897
7518
9225
9895
11187
11976
11268
10132
9675
8266
6053
4322
2781
716
-1118
-2104
-3206
-4244
-4601
-4449
-4344
-4133
-4111
-3956
-3673
-3718
-4447
-4994
-5208
-5737
-6412
-6756
-6507
-6298
-5782
-4967
-3586
-2168
-916
755
2590
3635
3776
4366
4727
3702
1896
808
-584
-2861
-4634
-5638
-6522
-7072
-6328
-5065
-3537
-1202
2010
4855
7439
10081
12470
14226
15232
15415
14829
14000
12391
9880
7290
4951
2072
-592
-2210
-3627
-5396
-6000
-5571
-5697
-5946
-5136
-4433
-4850
-5129
-5060
-5700
-6958
-7716
-8204
-8931
-9325
-8921
-7939
-6779
-5461
-3501
-1200
751
2260
3812
5006
5129
4729
4072
2869
871
-1120
-2651
-4174
-5650
-6234
-5714
-4669
-3141
-679
2251
5353
8785
12214
14715
16458
17948
18475
17554
15946
14096
11058
7571
4555
1685
-1855
-4718
-6268
-7622
-9246
-9674
-8958
-8843
-8719
-7519
-6366
-6620
-6882
-6606
-6946
-7954
-8359
-8560
-9163
-8921
-7671
-6759
-5770
-3659
-1712
-401
1294
2942
3411
3430
3545
2739
1233
-48
-1292
-3153
-4422
-4734
-4836
-4598
-3405
-1405
988
3689
6542
9638
12737
15139
16891
18430
19055
18049
16958
15683
12596
9092
6668
3609
-1128
-3911
-5315
-8437
-11393
-10625
-10033
-12093
-11627
-8174
-7365
-8996
-7087
-4725
-5839
-7163
-5758
-5567
-7316
-7163
-5847
-5775
-5807
-4300
-2700
-1608
-468
758
1982
2753
2417
2184
2290
1273
-707
-1133
-967
-2305
-2951
-968
804
1281
3699
7662
10218
12212
15488
18641
20035
20418
20366
20110
18697
14987
11189
8894
5367
-822
-4416
-5543
-9172
-13619
-12866
-11537
-13967
-14043
-9668
-8383
-10323
-8000
-4543
-5923
-7889
-5460
-4764
-7687
-8404
-6176
-6492
-8226
-7115
-5005
-4901
-4701
-2601
-975
-749
-367
1015
1426
276
-734
-299
-807
-2567
-3246
-1563
-1137
-1372
610
4263
6219
7996
11775
15391
17891
19246
20365
20479
20666
18297
14176
11097
8638
2377
-3887
-5863
-8705
-15186
-17302
-14590
-15974
-18643
-14444
-9355
-10766
-10554
-4718
-3077
-6866
-5622
-1505
-4294
-8762
-6111
-3768
-7588
-9215
-4901
-3715
-5622
-3152
1626
1831
1542
4865
7290
5603
4392
5848
5524
2620
1374
3089
2850
1066
2382
6447
8211
8986
12807
17435
20040
21638
23518
24169
23782
22013
18235
14243
10463
4355
-3276
-7517
-10789
-17143
-22091
-20800
-20050
-22802
-20996
-14335
-12108
-13225
-8545
-3391
-5262
-7015
-2949
-2940
-8482
-8964
-5763
-8896
-12925
-9851
-7201
-9414
-8213
-2243
-93
-305
3095
7218
7134
6014
6990
7376
5069
2999
3032
3189
1220
759
3594
6507
7207
9778
15301
19276
21657
24653
27051
26683
26412
25033
21039
16105
11941
4772
-2332
-5670
-9578
-17210
-19964
-16711
-17485
-20450
-15975
-9445
-10748
-11128
-4543
-2249
-7432
-7097
-2951
-6588
-12807
-10882
-9701
-15292
-17636
-13452
-13167
-15569
-11979
-6219
-5522
-4834
383
4122
3327
2806
4939
4966
2001
-13
582
21
-2577
-2451
780
3045
3483
7302
13039
16986
19858
23283
25165
25331
25793
23282
18229
13777
9315
735
-5806
-8328
-13418
-20668
-20435
-16490
-18522
-19320
-12116
-6751
-8927
-6348
638
-18
-5147
-2420
68
-6561
-11808
-8861
-9698
-16325
-16520
-11678
-12251
-13852
-7797
-1224
-736
617
7389
11158
9397
9062
11564
9993
5422
3974
4845
2019
-1322
933
5147
5784
6645
13209
19370
22215
25284
29316
29574
28538
28234
23955
16675
11576
6331
-3326
-9741
-11780
-16726
-22713
-20223
-15895
-17803
-17126
-8362
-3851
-6456
-3338
2950
749
-4239
-1671
-1070
-8691
-13088
-10049
-11919
-18191
-17243
-12053
-12620
-13147
-6627
-770
-649
1425
7516
9788
7500
7415
8996
6835
2534
1663
2397
-104
-2157
891
4971
5431
7493
14091
19295
21276
24015
26854
25758
24021
22616
16922
9129
4441
-1085
-10960
-16754
-17690
-22507
-28337
-25056
-20147
-22476
-21549
-12025
-7480
-10335
-6330
1060
-1179
-5841
-2076
-1097
-9218
-13117
-9564
-12177
-18795
-17474
-12607
-13996
-14183
-7171
-1839
-1572
1310
7837
10079
8595
9003
10996
9169
5165
4218
5307
3246
715
3749
7820
8424
10449
17795
22993
25179
28820
32204
31020
29472
28827
22880
15031
10572
5411
-4646
-10667
-11960
-17023
-23245
-21050
-17077
-19758
-19201
-10878
-6675
-9288
-5582
1027
-1022
-5615
-2475
-1864
-9915
-14412
-11752
-14312
-20988
-20174
-15583
-16569
-17132
-9867
-3408
-2795
-308
7015
10472
8661
8850
11132
9281
4654
3577
4061
1120
-1518
1337
4850
5039
7520
14865
20244
22636
26678
30347
29643
28018
27421
22234
14794
9988
5159
-4203
-10406
-12143
-16936
-23510
-22652
-19107
-21553
-22030
-14573
-9671
-12092
-9149
-1933
-2169
-6828
-4252
-2469
-8893
-13684
-11550
-13397
-19581
-18988
-14584
-15180
-15578
-8836
-2455
-754
2435
8882
12270
11920
12406
13668
11621
7670
5822
5202
2256
-690
690
3707
4833
6928
13217
18784
22179
26485
30192
29753
28380
28419
23985
16484
11425
7217
-1802
-8689
-10437
-14638
-21582
-21780
-18076
-19930
-20883
-14294
-9117
-11126
-8816
-2193
-2088
-6803
-5307
-3715
-9885
-15189
-13801
-15334
-21237
-21125
-16511
-16154
-16344
-9881
-3089
-554
2513
8773
12162
12174
12498
13562
11659
7671
5262
4519
2225
-1032
-438
2761
4860
6786
12332
17921
21661
25419
28680
28384
27115
26886
22909
16200
11620
7436
-902
-7104
-8718
-13040
-19939
-20102
-16998
-19327
-20661
-14311
-9862
-12150
-10092
-3161
-2935
-7508
-5953
-3725
-9333
-14964
-13885
-14667
-20492
-21778
-17568
-16366
-16884
-11814
-4882
-2058
534
6620
11298
11227
11522
13749
13286
8849
6476
6372
4004
80
180
2929
4091
5727
10977
16525
19593
23469
27298
28195
26914
26936
24146
18619
13683
9300
1423
-5197
-7836
-12429
-19173
-20471
-17836
-19417
-20450
-14911
-10125
-11268
-9130
-2456
-1437
-5382
-4166
-2163
-7257
-13021
-12662
-14144
-19988
-21395
-17353
-16674
-17098
-11445
-3990
-1423
999
7685
12447
12086
12010
14252
13402
8823
5839
5261
2757
-1175
-1398
1220
2638
4503
10052
15777
19087
23302
27645
28353
26958
27327
24776
18435
13139
9302
1320
-6313
-9094
-12688
-19773
-21986
-18683
-19252
-20802
-16092
-10330
-10979
-9828
-3782
-1741
-5568
-5382
-2895
-6755
-12460
-12503
-12850
-18305
-20273
-16480
-15212
-16563
-12051
-4759
-2063
-439
5561
10325
10012
10055
12560
12086
7839
5560
5391
3292
-526
-655
1638
2963
4234
9081
14564
17821
21716
26311
27731
26342
26793
25332
19762
14024
10595
3704
-4339
-8006
-10843
-17451
-21146
-18566
-18001
-19911
-16589
-9872
-9036
-9065
-3790
117
-3136
-4608
-1961
-4202
-10707
-12285
-11720
-16530
-20444
-17899
-15801
-17436
-14944
-7872
-4023
-2494
2460
8187
9318
9256
11161
11685
8838
6276
5797
4091
951
-10
2111
3475
4384
8122
13926
17771
21338
25801
28176
27461
27621
26610
21250
15513
11849
5563
-3083
-7160
-9852
-16157
-20771
-18887
-18120
-20761
-18345
-11774
-9949
-10912
-6011
-1299
-3372
-5671
-2963
-3654
-9907
-12184
-10927
-14352
-19481
-17546
-14706
-16351
-15773
-8884
-4294
-3413
675
6965
8929
8166
9739
11014
8511
5396
5066
4293
1172
-303
2134
3869
4437
7661
13396
17114
20602
25504
28219
27596
27683
27970
23196
16974
13141
8345
-206
-5721
-8130
-13173
-18829
-18806
-17350
-19571
-19335
-14045
-10647
-11330
-8318
-3474
-3422
-5986
-4305
-3608
-8410
-12407
-11589
-12802
-17836
-18714
-15700
-15380
-16355
-11743
-5851
-3657
-1336
4632
8632
8536
8960
10884
9850
6243
4882
4866
2544
-159
1033
3448
4066
5794
11180
16014
19018
23300
27599
28400
27718
27939
25157
19254
14122
9608
2035
-4811
-8112
-11988
-17578
-19395
-17803
-18333
-19098
-15423
-10772
-10070
-8731
-4205
-2011
-4254
-4545
-2883
-5762
-10973
-11771
-11528
-15720
-18570
-16100
-14450
-15711
-13009
-6542
-3324
-1767
3164
8226
8536
8201
9696
9362
5586
2994
2810
1387
-1309
-1461
1244
2937
4428
8714
14358
18072
21595
26012
28516
28016
27549
25989
21446
15793
11086
4535
-2647
-6808
-10127
-15488
-18731
-17234
-16722
-18343
-15897
-10461
-8970
-9100
-4811
-1247
-3228
-4785
-2665
-4160
-10072
-11957
-11159
-14810
-19132
-17160
-14797
-16270
-14944
-8183
-3822
-2740
1449
7370
8782
7901
9186
9609
6006
2577
2322
1427
-1760
-2608
254
2622
3913
7572
13557
17801
21349
25555
28680
28293
27916
26922
22983
17030
12409
6626
-921
-5820
-8703
-13748
-18215
-17107
-15796
-17497
-16304
-10649
-8509
-9327
-5748
-1187
-2879
-5428
-3294
-3368
-9181
-12448
-11681
-14322
-18964
-18381
-15886
-16879
-16157
-9862
-4922
-3890
-328
6118
8271
7123
8117
9453
6368
2495
1987
1640
-1358
-2933
-324
2547
3977
7182
13088
17885
21666
25809
28857
29046
28859
28203
24406
18774
13989
8525
1179
-4105
-7523
-12394
-17033
-16727
-15626
-17115
-16242
-11246
-8895
-9769
-6574
-2269
-3409
-6329
-4542
-4273
-9382
-13113
-12426
-14437
-19035
-19127
-16309
-16475
-16321
-10774
-5320
-3744
-765
5275
7864
6855
7663
9189
6471
2665
2092
1938
-960
-2612
-328
2447
3966
7229
12811
17515
21308
25607
28486
28675
28314
27735
24017
18388
13676
8309
1004
-4294
-7170
-11944
-16736
-16658
-14787
-16148
-15731
-10997
-7830
-8730
-6505
-2193
-2719
-6034
-5140
-4364
-9050
-13190
-12501
-13582
-18420
-18857
-15322
-14896
-15560
-10416
-4537
-3072
-960
4780
7567
6109
6637
8452
6396
2461
1899
2094
-354
-2189
-137
2481
3814
6598
11836
16374
19775
23619
26417
26982
26552
25921
22273
17498
13084
8022
909
-3907
-6605
-11100
-15717
-15659
-13792
-15077
-14697
-10081
-6826
-7747
-5606
-1420
-1986
-5438
-4532
-3754
-8592
-12928
-12068
-13047
-17908
-18579
-14744
-14181
-14995
-10238
-4035
-2514
-1150
4204
7469
6020
5625
7662
6429
2465
1341
2099
212
-1761
118
2987
4292
6762
11629
15912
19166
22477
24759
25175
24905
23870
20201
15599
11701
6907
306
-4247
-6692
-10669
-14802
-14467
-12726
-13830
-13472
-8995
-5872
-6687
-5009
-1370
-1716
-5028
-4530
-3929
-8401
-12843
-12192
-12738
-17335
-18219
-14437
-13413
-14219
-9594
-3615
-2242
-1017
4259
7112
5443
5302
7375
5706
1884
1250
2085
42
-1760
433
3350
4672
7071
12060
16100
19047
22194
24543
24569
24122
23092
19458
15006
11480
6645
186
-3809
-6049
-10237
-13974
-13290
-11858
-13124
-12479
-8037
-5439
-6458
-4871
-1419
-2397
-5728
-5110
-4772
-9666
-13650
-12575
-13405
-17785
-18102
-14239
-13382
-13628
-9072
-3464
-2316
-1237
3422
6104
4361
3923
5597
4116
640
358
1469
-413
-1827
1047
4483
5622
8311
13621
17375
19729
22958
24964
24090
23380
22505
18409
13617
10536
5836
-1028
-4425
-5740
-10184
-14000
-12220
-10192
-12035
-11015
-5753
-3771
-5634
-3618
-180
-2048
-5743
-5049
-5109
-10055
-13444
-12293
-13293
-17339
-16871
-12842
-12131
-12405
-7677
-2466
-1981
-1315
3055
5125
2654
1938
3832
2290
-1359
-1201
599
-1305
-2572
976
4940
5842
8384
13806
17790
19922
22278
23993
23285
22602
20760
16790
12459
9242
3817
-1862
-4354
-6374
-11004
-12881
-10230
-9391
-10919
-8204
-3061
-2901
-4273
-1356
913
-2810
-5549
-4404
-6033
-11400
-12888
-11779
-14260
-17019
-14623
-11506
-11883
-10578
-5358
-2027
-2300
-354
3438
3457
972
1501
2777
105
-2639
-1468
-471
-2618
-2377
1856
4783
5516
9409
15299
18244
19702
22428
24267
23105
21774
19569
15678
11359
7936
2476
-2700
-4920
-6943
-10865
-11831
-9059
-8686
-9414
-6093
-1859
-2749
-3279
-331
96
-4134
-5682
-4987
-8020
-12528
-12728
-12275
-15018
-16015
-12908
-10953
-11121
-8351
-3678
-2133
-2150
674
3215
1934
77
1262
1485
-1436
-3150
-1592
-1310
-2955
-1418
2871
5198
6580
11526
16719
19038
20597
23456
24271
22775
21101
18292
14062
10039
6170
411
-3718
-5335
-7990
-11399
-10536
-8015
-8812
-8579
-4099
-1649
-3611
-2867
-166
-2018
-6183
-5890
-6008
-10589
-13696
-11912
-12241
-15487
-14602
-10490
-9609
-9900
-5986
-1866
-1723
-1689
1547
2909
510
-720
905
64
-3299
-3584
-1419
-2023
-3061
346
5004
6473
8782
14673
19267
20364
21978
24589
24046
21430
18977
16256
11671
7033
2348
-1633
-4494
-6911
-9716
-10452
-8663
-7961
-8300
-6086
-2372
-2382
-3397
-1717
-1061
-4488
-6402
-5836
-8239
-12503
-12506
-11205
-13539
-15092
-11856
-9335
-10016
-8307
-3718
-2021
-2772
-753
1967
977
-1145
-292
407
-2055
-3993
-2430
-1330
-2609
-1699
2880
6158
7330
11156
16659
19469
20107
22004
23177
21624
18749
16166
13066
8872
4348
105
-2398
-4340
-7069
-9028
-7600
-6046
-6928
-6268
-2381
-769
-2780
-2404
-376
-2041
-5713
-5810
-6009
-9752
-12253
-10596
-10755
-13733
-12998
-9091
-8349
-9199
-5915
-2054
-2171
-2565
165
1408
-856
-1992
-688
-1413
-4336
-4666
-2500
-2583
-3441
-621
4297
6422
8380
13008
17604
19180
19940
21292
21064
18998
15876
12971
9717
6055
1242
-2003
-3125
-4757
-7817
-7868
-5150
-4839
-5920
-3203
404
-806
-2596
-465
174
-3847
-6155
-5045
-6934
-11107
-11214
-9449
-11364
-12960
-9849
-7249
-8026
-6887
-2546
-1016
-2230
-1017
1642
738
-1898
-1694
-877
-3264
-5499
-3966
-2598
-3909
-2813
2165
5674
6776
10373
15595
18230
18759
19795
20313
18798
16309
13294
10189
6830
3125
-1054
-3054
-3795
-5932
-8089
-6425
-4292
-5218
-4848
-1150
-70
-2792
-2306
-153
-2506
-6814
-6432
-6199
-9959
-12446
-10416
-10199
-12548
-11401
-7614
-6672
-7034
-3871
-463
-544
-994
1246
2210
-99
-1632
-729
-1607
-4460
-4681
-2406
-2470
-2871
708
5835
7557
9253
14132
18395
18908
18796
19870
19099
16418
13226
10472
7066
3451
-710
-3114
-3959
-5659
-8199
-7524
-4784
-4817
-5450
-2662
45
-1769
-2834
-768
-1095
-5400
-6838
-5795
-8019
-11555
-10862
-9504
-11215
-11392
-7888
-5887
-6451
-4437
-546
427
-716
391
2076
690
-1954
-1931
-1834
-4354
-5933
-3726
-2475
-3266
-1097
4560
7632
8466
12073
17294
19035
17784
18146
18680
16528
12172
9466
7159
3333
-1233
-3108
-3492
-5522
-7801
-6631
-3851
-4116
-4684
-1752
871
-1040
-2234
-116
-577
-4836
-6112
-4764
-7340
-11036
-10045
-8229
-10407
-11084
-7200
-4947
-5856
-4175
12
813
-496
688
2506
668
-2072
-1913
-1673
-4296
-6306
-4324
-2641
-3384
-1903
3477
6837
7665
11004
16344
18122
16702
16986
18055
16045
11109
8107
6700
3247
-2198
-4185
-3523
-5326
-8191
-6412
-3037
-3805
-4563
-578
1944
-1047
-2200
965
285
-4950
-5859
-3688
-6416
-10860
-9297
-6903
-9434
-10599
-6110
-3561
-5234
-3851
868
1373
-1049
38
2301
-146
-3674
-2987
-2217
-5375
-7328
-4548
-2773
-3741
-1919
3729
6663
7407
10951
16262
17315
15614
16170
17400
14606
9267
7186
6145
1842
-3657
-4061
-3117
-5853
-8246
-4990
-1865
-3612
-3496
1095
2429
-1407
-1150
2043
-291
-5551
-4811
-2933
-6966
-10311
-7505
-5972
-9163
-8761
-3914
-2758
-4634
-2105
2075
1052
-1388
368
1828
-1790
-4616
-3185
-3121
-6690
-7057
-3758
-2954
-3770
-322
4947
6431
7597
12219
16663
16004
14780
16179
16718
12418
7992
6959
5196
-297
-4173
-3157
-3689
-7488
-7793
-3492
-2631
-4946
-2803
1598
464
-2726
-547
1464
-2610
-6095
-3794
-3597
-8308
-9376
-5892
-6282
-9378
-6859
-2382
-3134
-4568
-546
2368
-209
-1573
1183
857
-3435
-4381
-2358
-3787
-7012
-5419
-2189
-2301
-2281
2575
6798
7284
9244
14724
17366
15148
14687
16801
15681
9846
6532
6454
3366
-3000
-4847
-2861
-5071
-8968
-6651
-2075
-3654
-5385
-831
2350
-1428
-2969
951
479
-5142
-5952
-3024
-5452
-9573
-7788
-5060
-7327
-8267
-3810
-1303
-3274
-2621
1760
2418
-496
-561
1441
-574
-4229
-3974
-2877
-5573
-7479
-4496
-2041
-3036
-1552
4067
7096
7179
10393
15676
16059
13603
14464
16026
12150
6534
5548
4820
-703
-5584
-4099
-3370
-7421
-8576
-3583
-1393
-4171
-2785
2235
1885
-2093
-437
1919
-2150
-6366
-4134
-3524
-8056
-9101
-5317
-5140
-7722
-4943
-493
-1063
-2470
1203
3819
1300
-409
1606
1095
-3102
-4216
-2621
-4107
-7377
-5789
-2479
-2457
-2622
1747
5975
6621
8253
12765
15264
13246
12533
13782
12729
7481
4274
3665
993
-4217
-5680
-3930
-5372
-8137
-5953
-1526
-2178
-3511
3
3125
200
-1702
869
537
-4460
-5768
-3362
-4934
-8446
-6811
-3763
-5181
-5804
-1573
911
-1207
-775
3106
3255
-146
-310
1340
-956
-4506
-3965
-2833
-5275
-6671
-3466
-1029
-1715
-21
5084
7592
7488
10235
14460
14354
11592
11929
12857
9313
4023
2766
2039
-2347
-6292
-5174
-4286
-7094
-7729
-3592
-1475
-3434
-2587
1426
1540
-1817
-1379
485
-2277
-6079
-4879
-3837
-6637
-7792
-4759
-3769
-5248
-3499
106
108
-1259
862
3011
1158
-924
104
73
-3125
-4551
-3192
-3542
-5815
-4657
-1302
-372
-325
3276
7526
8467
9300
12836
15332
13499
11835
12494
11724
6853
2973
2413
609
-4395
-6552
-4529
-5002
-7881
-6545
-2380
-2694
-4339
-1540
1247
-1213
-3104
-822
-872
-4972
-5991
-3513
-4639
-7558
-5807
-2756
-4002
-4695
-870
1380
-639
-525
2720
2686
-388
-546
639
-1501
-4489
-3771
-2948
-5060
-5962
-2751
-424
-810
881
5718
8398
8555
10813
14516
14724
12405
12162
12501
9566
4695
2811
1954
-1576
-5761
-5491
-4261
-6411
-7877
-4770
-2345
-4325
-4264
-752
-120
-3591
-3325
-830
-2865
-6795
-5295
-3164
-6131
-7830
-4126
-2283
-4753
-3472
1162
1519
-818
1331
4343
2247
-520
778
1163
-2560
-4411
-2682
-3020
-5824
-4839
-1047
-232
-563
3056
7808
8608
9185
12791
15475
13441
11575
12390
11459
6698
2824
2199
201
-4128
-6562
-5139
-5270
-7688
-7458
-3895
-3131
-5175
-3833
-569
-1459
-4370
-2788
-1150
-4138
-6643
-4109
-3379
-6544
-6552
-2746
-2427
-4236
-1608
2130
1237
-50
2930
4499
1549
-210
1440
572
-3181
-3897
-2191
-3296
-5571
-3469
-25
301
464
4758
8772
8983
9768
13445
15036
12148
10782
11761
9908
4404
1824
1859
-947
-5708
-6388
-4496
-6035
-8556
-6702
-3394
-4455
-5998
-3246
-803
-3154
-4690
-2061
-1704
-5317
-5939
-3029
-3935
-6850
-5127
-1952
-3136
-4007
-303
1941
72
227
3475
3246
100
-44
1264
-901
-3884
-3147
-2180
-3980
-4949
-1915
528
295
1663
6254
8986
8865
10698
14026
14414
11980
11614
11766
9276
4865
2984
2025
-1040
-4937
-5338
-4498
-6434
-8360
-6297
-3858
-5304
-5973
-2893
-1259
-3670
-4159
-1682
-2233
-5459
-5154
-3055
-4642
-6795
-4588
-2466
-3888
-3865
-209
1080
-592
330
3185
2306
-427
-75
890
-1610
-3964
-2859
-2226
-4236
-4195
-851
806
600
3000
7460
9054
9349
11777
14781
14093
11998
12059
12077
8539
4144
2972
1763
-2371
-5959
-5309
-5195
-8086
-8978
-5639
-4408
-6631
-5539
-1598
-1664
-4592
-3103
-732
-3209
-6154
-4083
-2886
-5996
-6816
-3472
-2746
-4856
-2961
850
534
-1011
1566
3809
1455
-636
689
680
-2575
-3900
-2504
-2882
-4771
-3361
-215
400
678
4466
8269
8740
9704
13268
15117
13087
12025
12780
11480
6823
3791
3106
729
-3902
-5610
-4609
-5942
-8614
-7417
-4378
-4931
-6272
-3713
-1063
-2887
-4342
-2122
-1686
-5120
-5960
-3598
-4413
-7240
-5798
-2936
-3874
-4552
-1169
1043
-358
60
3100
3034
398
266
1283
-705
-3369
-3003
-2338
-3834
-4555
-2000
34
121
1643
5725
8066
8374
10507
13550
13765
11927
11918
11849
9267
5238
3313
1953
-1045
-4468
-5053
-4699
-6363
-7550
-5627
-3613
-4634
-4727
-2137
-861
-2915
-3322
-1503
-2298
-5243
-4970
-3265
-4928
-6703
-4462
-2526
-3931
-3578
-168
822
-698
537
2954
1786
-542
45
422
-2262
-4118
-3010
-2944
-4688
-4273
-1240
176
296
2733
6680
8200
8666
11204
13688
12887
11204
11481
11067
7702
3971
2858
1528
-1918
-4729
-4206
-4153
-6297
-6695
-4110
-3354
-5144
-4255
-1566
-2120
-4539
-3294
-1828
-4132
-6173
-4035
-3249
-5756
-5790
-2543
-2119
-3778
-1830
1210
438
-777
1614
2843
358
-923
585
-275
-3309
-3652
-2162
-3145
-4693
-2753
10
278
798
4427
7567
7984
9161
12343
13696
11888
11155
11849
10436
6318
3682
3034
859
-3030
-4708
-3927
-4914
-7015
-6304
-4004
-4421
-5462
-3541
-1753
-3106
-4170
-2345
-2137
-4637
-5240
-3217
-3818
-6032
-4928
-2469
-3205
-4108
-1493
342
-929
-1052
1450
1579
-681
-907
271
-1147
-3550
-3144
-2268
-3462
-4168
-1732
288
434
1881
5696
8057
8554
10532
13355
13720
12078
12078
12181
9682
5670
4089
3046
-249
-3887
-4212
-3941
-6077
-7579
-5728
-4155
-5546
-5542
-2907
-1994
-4051
-3751
-1755
-2789
-5358
-4307
-2783
-4698
-5991
-3491
-2096
-3820
-3254
-135
271
-1404
-23
2100
746
-1202
-220
149
-2428
-3824
-2640
-2681
-4490
-3796
-965
-25
-32
2740
6532
7703
8417
11160
13505
12598
11399
11865
11305
7694
4540
3890
2133
-1922
-4113
-3208
-4112
-6857
-6577
-3959
-4233
-5851
-4029
-1548
-2647
-4161
-2375
-1542
-3952
-5069
-3121
-3206
-5466
-4823
-2118
-2458
-3715
-1353
993
-215
-877
1588
2140
-247
-833
462
-922
-3623
-3441
-2422
-3900
-5035
-2705
-519
-600
511
4356
6893
7338
9027
11945
12689
11229
10939
11153
9271
5681
3830
2935
380
-2961
-3692
-3216
-4851
-6618
-5268
-3491
-4590
-5175
-2754
-1456
-3166
-3542
-1628
-2142
-4531
-4265
-2607
-3866
-5392
-3463
-1559
-2727
-2809
178
1236
-399
30
2206
1351
-858
-673
-231
-2469
-4172
-3359
-3217
-4827
-4583
-1835
-475
-359
1820
5604
7083
7570
9791
12185
11765
10395
10541
10255
7696
4619
3535
2297
-617
-3086
-3018
-3243
-5195
-5938
-4301
-3481
-4755
-4418
-2236
-1834
-3514
-3081
-1633
-2894
-4881
-3741
-2646
-4497
-5119
-2538
-1452
-2764
-1752
1175
1286
-98
1022
2485
895
-937
-471
-741
-3236
-4391
-3364
-3746
-5287
-4321
-1530
-724
-340
2454
5829
6711
7617
10155
11874
10993
10174
10596
9712
6976
4654
3831
2057
-767
-2545
-2384
-3089
-4911
-5172
-3544
-3290
-4587
-3834
-1884
-2243
-3969
-3075
-2087
-3927
-5512
-3927
-3388
-5282
-5092
-2412
-1893
-2810
-938
1480
945
54
1681
2252
152
-1111
-463
-1456
-3835
-4192
-3292
-4036
-5015
-3392
-1124
-525
341
3305
5931
6710
7898
10312
11520
10544
9906
10238
9309
6495
4262
3534
1890
-1029
-2566
-2181
-2971
-4840
-4566
-2791
-3067
-4251
-2897
-1249
-2416
-3831
-2526
-2132
-4365
-5292
-3545
-3584
-5297
-4371
-1891
-2012
-2475
-108
1603
367
41
1864
1546
-930
-1502
-803
-2356
-4508
-4071
-3163
-4308
-4705
-2413
-464
-380
1017
4190
6002
6416
8107
10336
10529
9518
9408
9456
7873
5251
3599
2668
926
-1490
-2512
-2286
-3013
-4241
-3688
-2209
-2563
-3232
-1884
-725
-2123
-3168
-2034
-2155
-4442
-4997
-3475
-3954
-5417
-4174
-2108
-2429
-2467
-157
1088
23
78
1612
1092
-1005
-1469
-1108
-2494
-4122
-3730
-3075
-3763
-3649
-1507
143
600
2022
4836
6360
6864
8354
10247
10199
9043
9003
8889
7034
4253
2937
1949
-97
-2501
-3043
-2943
-4054
-5068
-3905
-2607
-3355
-3462
-1539
-720
-2416
-2555
-1196
-2090
-4381
-3895
-2675
-4071
-5111
-3122
-1720
-2686
-2043
547
910
-346
620
1989
465
-1388
-1001
-1107
-3258
-4269
-3251
-3139
-4035
-3146
-615
451
798
2885
5760
6574
7077
9145
10845
10098
9102
9481
9058
6537
3945
2942
1605
-1019
-3093
-3183
-3656
-5223
-5435
-3719
-3246
-4091
-2990
-852
-1072
-2395
-1417
-641
-2536
-4033
-2842
-2767
-4710
-4668
-2497
-2287
-3193
-1486
714
183
-605
1020
1656
-332
-1619
-1035
-1726
-3842
-4216
-3188
-3310
-3936
-2345
19
810
1387
3885
6212
6647
7341
9370
10367
9238
8594
8790
7773
5045
3045
2129
443
-2226
-3614
-3467
-4224
-5653
-5198
-3368
-3273
-3880
-2177
-250
-1041
-1992
-530
-376
-2743
-3508
-2048
-2782
-4732
-3789
-1811
-2261
-2691
-429
1088
187
84
1687
1465
-533
-1085
-695
-1984
-3720
-3420
-2632
-3218
-3363
-1362
456
706
1698
4313
5880
5912
7033
8958
9161
7929
7723
7726
6109
3488
2052
1212
-841
-3300
-3864
-3493
-4553
-5613
-4218
-2485
-2826
-2845
-601
575
-716
-972
349
-545
-2914
-2853
-1998
-3552
-4841
-3160
-1908
-2768
-2232
297
968
78
816
2015
941
-613
-522
-749
-2532
-3528
-2690
-2512
-3311
-2687
-432
660
886
2529
5008
5749
5884
7394
8931
8296
7081
7237
6984
4628
2086
1456
404
-2272
-4218
-3683
-3815
-5415
-5370
-3160
-2440
-3151
-1742
479
166
-1076
75
620
-1499
-2935
-1822
-2095
-4125
-3897
-1839
-1866
-2699
-864
1261
713
100
1528
1883
34
-867
-440
-1490
-3389
-3348
-2432
-2964
-3569
-1953
17
354
962
3335
5104
5171
5949
7791
8401
7273
6906
7121
6026
3533
2011
1308
-498
-2993
-3884
-3581
-4482
-5595
-4778
-2976
-2857
-3013
-1261
345
-361
-930
306
146
-1915
-2370
-1335
-2330
-3715
-2562
-1156
-1893
-1813
335
1285
388
592
1756
1109
-447
-706
-747
-2307
-3546
-2972
-2477
-3253
-3185
-1181
301
587
1768
4218
5362
5508
6673
8259
8171
7168
7094
6856
5146
2892
1886
759
-1488
-3545
-3662
-3801
-5081
-5556
-4039
-3013
-3402
-2673
-763
-364
-1318
-762
51
-1197
-2604
-1890
-1550
-2965
-3124
-1432
-1033
-1779
-640
1198
955
242
1142
1637
257
-718
-529
-1201
-2838
-3187
-2407
-2587
-3151
-2196
-383
351
1002
2760
4575
5117
5801
7204
8064
7610
7087
6977
6087
4246
2442
1417
-192
-2320
-3817
-3849
-4309
-5401
-5286
-3776
-3182
-3481
-2263
-657
-773
-1488
-485
-119
-1536
-2313
-1217
-1290
-2465
-1975
-511
-609
-1000
340
1348
704
350
1229
1051
-249
-753
-544
-1507
-2789
-2698
-2096
-2611
-2922
-1697
-277
120
921
2891
4230
4620
5660
7314
7691
7020
6811
6737
5375
3318
1857
689
-1163
-3260
-4069
-4134
-4871
-5621
-4746
-3464
-3489
-3285
-1666
-649
-1352
-1286
-174
-513
-1879
-1654
-666
-1407
-2111
-936
75
-577
-332
1208
1451
517
897
1724
838
-313
-156
-208
-1594
-2405
-1907
-1833
-2607
-2409
-901
-50
217
1536
3532
4320
4876
6400
7714
7411
6832
6925
6248
4288
2336
1222
-453
-2558
-4075
-4346
-4838
-5622
-5514
-4393
-3843
-3923
-2908
-1504
-1436
-1916
-969
-278
-1280
-1979
-938
-677
-1778
-1655
-213
-105
-736
218
1445
940
377
1296
1565
267
-409
46
-491
-2001
-2245
-1602
-2045
-2684
-1634
-115
201
754
2682
4413
4844
5737
7371
8042
7316
6943
6903
5640
3394
1703
652
-1135
-3222
-4318
-4301
-4839
-5644
-5226
-4016
-3891
-3947
-2611
-1554
-1984
-2003
-644
-603
-1791
-1693
-550
-1076
-2069
-1288
-261
-800
-930
456
984
312
610
1596
1165
107
208
360
-733
-1813
-1613
-1491
-2190
-2318
-1029
-117
118
1233
3258
4435
4980
6363
7698
7869
7267
7170
6575
5004
2955
1524
159
-1716
-3527
-4273
-4479
-5273
-5838
-5210
-4320
-4376
-4048
-2724
-1968
-2197
-1702
-664
-944
-1636
-1136
-604
-1406
-1765
-883
-563
-1011
-428
658
670
515
1223
1612
1005
587
635
121
-931
-1409
-1349
-1688
-2144
-1753
-680
-165
416
1787
3455
4252
5134
6487
7373
7322
7032
6791
5814
4410
2644
1217
-271
-1765
-3429
-4117
-4346
-5050
-5610
-4875
-3962
-4164
-3651
-2230
-1505
-1887
-1107
-282
-838
-1526
-843
-745
-1861
-1942
-1006
-1018
-1501
-596
434
299
207
1102
1407
723
297
411
-178
-1241
-1587
-1306
-1662
-2131
-1418
-179
265
816
2502
3989
4581
5470
6899
7392
7070
6807
6484
5234
3616
2053
702
-844
-2451
-3693
-4095
-4462
-5196
-5155
-4182
-3720
-3744
-2746
-1552
-1543
-1618
-713
-588
-1592
-1787
-1196
-1751
-2582
-2060
-1247
-1439
-1206
33
770
692
1159
1942
1712
970
776
499
-549
-1428
-1522
-1688
-2133
-2023
-1037
-132
533
1665
3333
4496
5277
6384
7364
7509
7104
6698
5837
4445
2637
1090
-362
-1939
-3584
-4295
-4502
-5151
-5575
-4731
-3786
-3840
-3369
-1942
-1374
-1778
-1262
-489
-1197
-2061
-1632
-1432
-2480
-2667
-1694
-1320
-1560
-724
583
906
995
1763
2195
1539
1035
949
245
-995
-1494
-1451
-1874
-2252
-1589
-402
234
1040
2670
4331
5063
5958
7195
7875
7441
6953
6506
5340
3534
1762
399
-1225
-2872
-4127
-4505
-5031
-5510
-5316
-4400
-4030
-3859
-2855
-1917
-1837
-1743
-886
-930
-1651
-1639
-1200
-1876
-2390
-1761
-1250
-1569
-1109
172
738
727
1366
2131
1824
1261
1097
735
-447
-1289
-1387
-1667
-2269
-2020
-854
-152
466
1906
3687
4557
5345
6632
7487
7398
6934
6636
5750
4320
2497
1029
-425
-1939
-3497
-4256
-4592
-5190
-5430
-4797
-4120
-4124
-3493
-2391
-1871
-1964
-1281
-751
-1194
-1612
-1278
-1380
-2118
-2036
-1513
-1488
-1428
-419
414
596
1045
1831
1999
1466
1183
885
2
-1051
-1460
-1617
-2160
-2295
-1437
-314
316
1435
3147
4548
5264
6245
7338
7687
7178
6587
6087
4953
3132
1272
60
-1378
-3199
-4361
-4379
-4899
-5700
-5171
-3970
-3980
-3958
-2555
-1547
-1854
-1605
-539
-758
-1586
-1451
-1146
-1981
-2433
-1866
-1553
-1719
-1087
78
580
829
1520
2118
1822
1272
1026
549
-627
-1499
-1559
-1842
-2365
-1897
-572
238
1073
2753
4440
5278
6190
7350
7888
7557
6976
6380
5353
3762
1852
441
-1011
-2717
-4137
-4317
-4689
-5479
-5312
-4224
-3989
-4071
-2892
-1953
-2188
-2088
-1017
-1175
-2093
-1937
-1517
-2358
-2936
-2199
-1830
-2147
-1513
-66
509
638
1485
2353
2075
1469
1396
1023
-204
-1208
-1299
-1575
-2243
-2032
-836
45
763
2388
4161
5141
6029
7361
8010
7733
7250
6750
5660
4170
2501
863
-633
-2195
-3642
-4352
-4523
-5108
-5388
-4652
-3933
-3963
-3454
-2435
-2256
-2434
-1849
-1512
-2225
-2469
-2073
-2311
-2997
-2610
-1946
-1845
-1560
-265
841
1191
1710
2615
2913
2280
1854
1662
795
-585
-1066
-1124
-1736
-2178
-1306
-192
411
1497
3264
4617
5411
6481
7252
7352
6920
6380
5349
4114
2703
1051
-460
-1746
-2993
-4095
-4392
-4682
-4992
-4811
-4009
-3760
-3544
-2786
-2225
-2400
-2266
-1797
-2080
-2646
-2511
-2272
-2735
-2895
-2195
-1496
-1275
-570
712
1665
1970
2524
3095
2892
2164
1771
1221
79
-894
-1083
-1379
-1907
-1637
-466
344
1041
2440
4046
4879
5572
6438
6736
6380
5810
5170
4024
2753
1258
36
-1200
-2447
-3583
-3933
-4182
-4643
-4546
-3806
-3409
-3317
-2580
-1856
-1924
-2032
-1632
-1652
-2311
-2474
-2165
-2359
-2758
-2285
-1433
-1078
-686
366
1385
1669
1974
2529
2537
1766
1263
999
178
-887
-1204
-1230
-1622
-1624
-653
363
897
1948
3557
4599
5020
5744
6327
6043
5405
4876
4046
2723
1471
327
-841
-2003
-2877
-3538
-3858
-4046
-4057
-3812
-3297
-2872
-2527
-2009
-1731
-1785
-1815
-1666
-1925
-2325
-2258
-2038
-2120
-2018
-1311
-633
-222
330
1183
1683
1820
1976
2072
1647
989
507
42
-710
-1388
-1597
-1584
-1514
-1113
-290
645
1642
2781
3838
4658
5311
5732
5698
5425
4954
4163
3141
2157
1052
-157
-1033
-1809
-2649
-3201
-3205
-3340
-3471
-3132
-2689
-2587
-2390
-2035
-2077
-2296
-2261
-2252
-2569
-2662
-2355
-2068
-1915
-1405
-595
15
386
952
1606
1761
1601
1594
1512
859
177
-120
-557
-1366
-1739
-1508
-1416
-1346
-690
366
1127
1982
3100
4018
4495
4902
5217
5077
4723
4299
3675
2719
1884
1082
221
-602
-1217
-1739
-2162
-2353
-2490
-2615
-2647
-2507
-2531
-2555
-2581
-2629
-2714
-2692
-2657
-2681
-2499
-2178
-1758
-1372
-801
-254
220
532
877
1151
1141
899
731
588
233
-132
-378
-613
-907
-925
-756
-582
-313
239
861
1531
2181
2843
3365
3727
3926
4136
4154
3937
3585
3187
2630
1949
1390
745
42
-618
-963
-1420
-1899
-2311
-2480
-2712
-2992
-3111
-3100
-3105
-3107
-2865
-2594
-2395
-2262
-1857
-1449
-1172
-966
-599
-265
-117
-20
170
281
179
155
219
242
140
186
258
145
48
226
351
309
450
870
1236
1519
1987
2521
2818
3049
3454
3764
3699
3552
3485
3163
2512
1963
1450
658
-132
-672
-1198
-1863
-2347
-2699
-3036
-3320
-3374
-3367
-3283
-3021
-2682
-2323
-1963
-1616
-1342
-1080
-887
-764
-734
-677
-614
-607
-598
-545
-478
-443
-342
-120
49
145
320
482
472
432
522
578
524
589
903
1186
1431
1880
2392
2742
3083
3502
3780
3806
3746
3584
3209
2677
2068
1364
602
-105
-749
-1366
-1973
-2447
-2807
-3053
-3239
-3294
-3194
-2927
-2649
-2348
-1966
-1567
-1280
-1133
-1007
-930
-943
-1029
-1077
-1070
-1050
-1032
-921
-689
-544
-380
-88
195
246
327
502
505
381
400
493
462
588
921
1268
1581
2061
2607
3036
3390
3731
3943
3925
3814
3590
3158
2541
1883
1133
344
-394
-1077
-1737
-2296
-2674
-2934
-3067
-3125
-3057
-2863
-2571
-2325
-2047
-1714
-1497
-1388
-1284
-1239
-1320
-1339
-1356
-1400
-1388
-1213
-1036
-864
-579
-256
18
259
499
642
738
766
770
746
733
687
741
1007
1270
1476
1849
2377
2763
3078
3424
3641
3640
3581
3466
3075
2520
1910
1228
424
-350
-1045
-1702
-2257
-2648
-2903
-3050
-3054
-2939
-2802
-2587
-2271
-1974
-1727
-1518
-1325
-1205
-1145
-1153
-1195
-1217
-1203
-1156
-1100
-966
-753
-521
-292
-67
181
366
515
591
632
653
669
654
619
675
855
1088
1336
1685
2105
2469
2821
3137
3319
3318
3281
3152
2800
2329
1834
1262
565
-118
-762
-1365
-1889
-2298
-2621
-2800
-2820
-2770
-2687
-2458
-2151
-1878
-1612
-1333
-1089
-919
-758
-677
-657
-687
-676
-705
-713
-711
-654
-552
-422
-294
-163
-26
81
194
250
286
333
430
475
529
675
934
1175
1430
1755
2093
2369
2565
2728
2769
2700
2538
2335
2023
1599
1141
689
164
-423
-912
-1338
-1764
-2143
-2336
-2411
-2459
-2385
-2178
-1900
-1650
-1358
-1043
-757
-564
-398
-274
-236
-275
-332
-369
-471
-540
-595
-591
-574
-484
-397
-270
-128
10
126
254
366
458
551
624
736
891
1061
1235
1433
1619
1814
1973
2070
2109
2131
2067
1931
1739
1501
1150
767
362
-109
-608
-1046
-1413
-1782
-2062
-2199
-2236
-2219
-2081
-1875
-1642
-1356
-1055
-811
-589
-361
-214
-167
-142
-119
-196
-295
-364
-431
-492
-488
-457
-412
-310
-168
-47
35
166
271
329
388
478
522
595
725
868
999
1156
1340
1485
1629
1757
1850
1859
1824
1738
1576
1316
993
606
167
-281
-702
-1117
-1472
-1726
-1884
-1956
-1944
-1828
-1633
-1422
-1152
-853
-590
-373
-147
25
104
144
158
116
23
-46
-145
-217
-259
-264
-275
-231
-150
-94
-74
-38
-3
-13
-32
-35
0
47
120
236
389
535
692
877
1042
1196
1333
1432
1497
1497
1433
1290
1072
779
453
100
-256
-590
-883
-1123
-1293
-1352
-1343
-1286
-1146
-946
-742
-517
-302
-123
33
160
220
236
227
204
140
70
-1
-79
-136
-205
-257
-284
-305
-345
-379
-403
-442
-465
-464
-464
-438
-378
-272
-149
14
166
310
470
632
769
867
973
1046
1076
1048
977
848
691
515
289
77
-99
-275
-446
-540
-594
-616
-615
-548
-440
-344
-231
-85
34
106
195
266
294
315
339
304
269
257
183
53
-47
-154
-329
-477
-563
-672
-789
-824
-831
-849
-801
-720
-653
-555
-391
-235
-96
67
222
338
453
580
664
734
796
812
782
757
691
588
473
363
215
102
10
-102
-194
-253
-300
-336
-316
-300
-266
-189
-101
-33
63
174
258
334
405
453
475
476
440
347
224
52
-134
-319
-501
-671
-782
-834
-858
-848
-815
-756
-671
-583
-502
-403
-270
-122
15
159
308
442
552
659
746
799
825
827
795
730
635
523
394
253
106
-32
-165
-273
-369
-461
-524
-532
-508
-473
-403
-296
-173
-41
109
249
372
474
559
611
618
571
472
321
134
-72
-284
-485
-646
-770
-864
-907
-886
-850
-816
-742
-627
-521
-402
-253
-109
32
176
311
413
509
597
649
688
726
720
677
634
577
484
373
245
110
-31
-155
-285
-405
-508
-573
-602
-607
-561
-456
-311
-139
53
268
496
699
867
978
1041
1052
980
812
601
355
88
-179
-429
-660
-836
-959
-1032
-1054
-1033
-973
-887
-767
-635
-493
-352
-227
-115
-8
75
152
231
292
348
410
465
499
524
525
512
495
452
357
236
102
-53
-207
-370
-534
-659
-732
-763
-714
-581
-389
-148
125
409
695
961
1155
1274
1341
1333
1243
1059
825
566
294
14
-250
-470
-654
-775
-849
-889
-880
-840
-785
-699
-601
-529
-464
-395
-337
-292
-256
-203
-145
-79
0
74
146
223
283
315
348
353
298
209
110
-23
-179
-352
-528
-683
-792
-846
-830
-723
-532
-276
24
351
691
998
1252
1443
1560
1600
1560
1440
1267
1044
792
533
286
58
-143
-301
-427
-510
-558
-591
-611
-593
-576
-575
-581
-583
-578
-576
-560
-540
-501
-442
-388
-341
-291
-237
-205
-192
-181
-180
-214
-249
-297
-373
-454
-542
-638
-726
-769
-768
-719
-590
-392
-151
154
484
787
1069
1328
1531
1657
1725
1725
1659
1548
1393
1199
992
793
585
389
231
98
-27
-131
-211
-295
-349
-392
-450
-509
-551
-581
-610
-625
-644
-659
-654
-655
-679
-710
-736
-768
-804
-844
-871
-885
-888
-882
-873
-872
-857
-832
-803
-751
-663
-549
-399
-190
47
305
584
857
1099
1324
1532
1680
1781
1834
1827
1760
1666
1533
1359
1180
1001
828
667
526
385
258
145
42
-58
-154
-234
-325
-415
-488
-558
-631
-688
-746
-817
-882
-950
-1035
-1136
-1233
-1331
-1408
-1449
-1465
-1458
-1420
-1351
-1276
-1175
-1065
-948
-821
-666
-484
-289
-64
171
423
691
966
1210
1427
1629
1794
1907
1962
1963
1908
1817
1696
1543
1378
1218
1056
892
752
616
478
344
227
109
-3
-108
-214
-310
-400
-486
-559
-624
-693
-775
-865
-946
-1042
-1164
-1297
-1425
-1537
-1625
-1676
-1706
-1708
-1672
-1607
-1520
-1404
-1259
-1095
-899
-672
-424
-155
131
410
691
989
1278
1528
1747
1947
2096
2174
2188
2141
2047
1924
1759
1575
1411
1256
1086
912
763
611
452
303
153
7
-126
-245
-368
-460
-545
-646
-739
-819
-907
-1000
-1084
-1182
-1288
-1401
-1513
-1619
-1702
-1777
-1839
-1877
-1883
-1868
-1838
-1776
-1683
-1538
-1349
-1111
-817
-480
-130
224
581
940
1303
1627
1918
2176
2400
2565
2645
2653
2604
2504
2344
2137
1907
1686
1464
1241
1007
781
578
377
189
17
-134
-260
-370
-464
-547
-610
-682
-772
-862
-954
-1057
-1166
-1278
-1402
-1516
-1600
-1680
-1758
-1829
-1895
-1944
-1973
-2002
-2008
-1971
-1882
-1729
-1528
-1262
-936
-575
-198
175
552
932
1301
1638
1940
2201
2435
2611
2704
2724
2676
2579
2414
2213
1969
1714
1460
1200
933
674
436
223
53
-83
-200
-294
-358
-404
-441
-490
-540
-601
-685
-773
-877
-985
-1084
-1182
-1276
-1362
-1443
-1531
-1619
-1702
-1783
-1863
-1921
-1943
-1930
-1864
-1742
-1557
-1314
-1017
-673
-311
61
432
796
1145
1476
1771
2016
2226
2381
2466
2475
2431
2322
2163
1969
1745
1515
1283
1055
812
583
388
218
71
-46
-142
-208
-253
-291
-331
-374
-422
-485
-566
-652
-740
-836
-920
-985
-1046
-1123
-1200
-1278
-1362
-1441
-1534
-1629
-1701
-1730
-1739
-1710
-1627
-1491
-1307
-1066
-770
-457
-117
238
577
910
1229
1492
1702
1882
2002
2061
2064
2020
1925
1805
1668
1506
1346
1176
1007
843
707
586
471
365
280
218
157
94
22
-61
-139
-229
-346
-477
-602
-723
-846
-948
-1043
-1129
-1208
-1285
-1366
-1436
-1496
-1567
-1618
-1646
-1639
-1616
-1557
-1468
-1339
-1159
-944
-700
-429
-138
174
488
788
1067
1305
1510
1674
1784
1835
1845
1814
1747
1668
1579
1477
1365
1250
1127
1016
909
808
704
606
519
438
366
276
162
31
-98
-237
-388
-549
-701
-840
-970
-1089
-1193
-1274
-1345
-1410
-1470
-1514
-1555
-1576
-1589
-1584
-1564
-1523
-1461
-1364
-1236
-1078
-873
-647
-395
-133
148
428
696
937
1147
1330
1477
1583
1633
1655
1646
1608
1554
1495
1419
1340
1251
1141
1037
932
829
720
626
536
459
388
290
182
62
-71
-207
-346
-490
-616
-742
-860
-971
-1063
-1140
-1217
-1279
-1341
-1386
-1422
-1449
-1468
-1470
-1456
-1427
-1373
-1280
-1151
-994
-788
-563
-313
-56
201
459
700
919
1100
1250
1371
1451
1501
1519
1503
1467
1410
1345
1272
1181
1082
974
875
775
675
571
486
410
325
230
131
29
-80
-192
-314
-419
-519
-605
-690
-765
-824
-891
-947
-1010
-1068
-1123
-1177
-1231
-1274
-1314
-1335
-1340
-1330
-1277
-1199
-1079
-914
-722
-502
-256
0
259
509
736
931
1099
1238
1333
1392
1428
1443
1429
1403
1351
1283
1218
1136
1032
934
827
719
620
524
427
340
248
146
44
-58
-167
-269
-371
-471
-553
-622
-679
-731
-783
-831
-873
-916
-958
-1009
-1061
-1114
-1160
-1201
-1226
-1240
-1223
-1173
-1091
-973
-825
-645
-448
-241
-26
190
400
590
753
900
1032
1132
1207
1268
1305
1322
1300
1258
1197
1124
1032
925
818
729
638
546
464
384
311
238
160
73
-14
-97
-178
-256
-324
-393
-462
-517
-570
-617
-655
-697
-749
-791
-838
-891
-949
-1002
-1057
-1086
-1096
-1082
-1036
-965
-878
-767
-631
-483
-318
-153
20
201
375
531
679
812
928
1031
1103
1148
1163
1154
1122
1076
1017
945
866
791
716
639
572
510
444
373
292
215
137
56
-35
-119
-201
-279
-359
-428
-493
-555
-616
-670
-710
-742
-769
-809
-851
-896
-931
-967
-1001
-1014
-1000
-951
-890
-817
-725
-598
-461
-319
-169
-2
173
349
514
670
820
947
1039
1102
1140
1156
1152
1121
1067
1013
961
906
838
754
675
604
521
434
334
235
138
32
-82
-194
-298
-397
-487
-569
-640
-699
-733
-760
-783
-788
-790
-795
-801
-812
-824
-823
-823
-820
-799
-762
-720
-657
-582
-491
-377
-251
-111
38
193
351
512
668
807
924
1016
1080
1122
1143
1134
1104
1056
998
937
881
812
737
658
565
470
379
264
144
24
-100
-211
-317
-429
-527
-604
-679
-736
-774
-799
-810
-815
-807
-789
-768
-750
-741
-733
-718
-706
-701
-680
-656
-625
-565
-491
-405
-300
-170
-35
123
275
425
588
736
848
934
1013
1058
1076
1069
1040
1007
953
873
801
742
676
599
516
429
339
238
128
15
-110
-232
-349
-447
-534
-617
-690
-738
-760
-771
-765
-763
-752
-727
-699
-673
-650
-624
-599
-570
-546
-529
-504
-472
-444
-394
-330
-255
-166
-61
52
173
298
414
532
643
745
827
890
929
946
951
939
906
860
806
750
698
638
573
504
432
347
268
181
81
-24
-130
-227
-310
-395
-477
-549
-601
-636
-660
-676
-683
-674
-657
-633
-614
-599
-583
-561
-540
-512
-478
-447
-421
-394
-350
-303
-247
-192
-133
-62
32
119
208
300
390
477
559
635
681
718
748
762
748
726
689
650
626
579
530
480
435
376
304
218
128
34
-57
-140
-223
-293
-356
-409
-455
-485
-520
-549
-570
-581
-582
-568
-548
-520
-491
-454
-416
-389
-359
-329
-300
-267
-228
-193
-147
-88
-33
27
94
152
215
287
348
405
452
492
528
549
555
561
563
559
539
513
483
450
413
361
310
255
188
116
49
-21
-91
-156
-221
-278
-321
-360
-397
-420
-441
-457
-460
-459
-454
-437
-418
-397
-376
-352
-332
-318
-298
-277
-247
-223
-196
-162
-124
-79
-33
14
62
114
163
222
283
330
366
402
427
446
456
456
453
436
406
369
336
298
255
214
173
131
93
45
1
-42
-95
-140
-180
-227
-263
-279
-291
-298
-307
-310
-305
-289
-269
-252
-229
-203
-184
-166
-147
-144
-147
-150
-137
-124
-108
-96
-78
-50
-12
25
65
105
142
186
224
261
289
311
331
348
344
327
309
283
248
211
174
130
86
39
-10
-42
-75
-105
-128
-144
-158
-165
-170
-178
-183
-189
-187
-184
-182
-161
-132
-114
-98
-72
-49
-27
-24
-28
-24
-23
-34
-43
-38
-36
-42
-36
-16
-5
-8
-2
20
50
84
113
140
180
207
220
244
257
248
247
241
225
198
169
143
118
84
51
25
4
-17
-47
-84
-106
-127
-153
-166
-178
-194
-203
-200
-191
-182
-175
-172
-164
-141
-121
-107
-90
-72
-60
-53
-48
-47
-47
-57
-59
-65
-68
-69
-70
-59
-49
-27
-5
17
43
71
96
121
148
171
190
208
217
216
208
192
181
171
153
127
107
95
76
48
20
2
-19
-44
-70
-86
-108
-128
-140
-147
-149
-156
-149
-138
-124
-117
-105
-92
-79
-82
-85
-73
-63
-63
-62
-57
-62
-61
-59
-60
-54
-47
-38
-24
-11
7
31
56
71
92
119
147
172
192
220
236
243
250
261
264
249
232
221
202
185
154
125
96
61
25
-3
-24
-52
-76
-88
-99
-112
-125
-141
-156
-169
-176
-183
-189
-198
-192
-189
-190
-195
-196
-194
-193
-195
-201
-199
-193
-191
-180
-162
-136
-111
-84
-49
-8
29
68
100
126
157
191
220
244
262
270
279
285
286
277
270
260
241
221
199
172
144
123
91
57
26
-6
-29
-46
-67
-93
-114
-128
-142
-151
-151
-163
-166
-163
-161
-161
-159
-170
-181
-185
-194
-200
-193
-191
-187
-177
-166
-151
-129
-106
-75
-41
-9
21
60
89
105
124
143
162
175
190
199
210
225
227
220
210
202
183
162
145
126
103
92
77
56
39
23
6
-10
-29
-42
-51
-63
-76
-91
-94
-100
-110
-120
-124
-131
-144
-149
-155
-163
-156
-152
-152
-142
-126
-118
-109
-97
-82
-59
-27
-4
14
48
85
103
114
125
139
152
157
161
166
170
171
172
163
151
142
124
110
99
80
69
61
39
22
5
-10
-27
-42
-60
-70
-69
-79
-97
-103
-111
-121
-120
-117
-119
-116
-118
-126
-122
-118
-124
-124
-110
-103
-107
-97
-77
-56
-50
-43
-31
-12
15
32
53
81
103
111
123
137
140
139
143
134
123
119
115
106
96
83
65
62
60
43
26
14
-2
-15
-18
-39
-64
-72
-82
-96
-102
-107
-113
-113
-109
-106
-100
-93
-85
-83
-77
-76
-80
-81
-79
-75
-82
-79
-71
-60
-48
-35
-21
-3
15
32
50
59
66
73
90
107
120
133
137
140
149
151
141
132
120
114
113
109
97
90
82
70
58
52
37
18
1
-18
-28
-34
-51
-66
-63
-63
-66
-61
-66
-73
-77
-79
-82
-82
-79
-78
-79
-73
-69
-66
-56
-52
-52
-47
-32
-23
-18
-7
3
12
29
40
49
60
64
68
81
78
76
81
80
75
68
67
61
52
45
43
39
38
28
13
2
-12
-35
-48
-51
-57
-65
-69
-63
-58
-59
-66
-66
-67
-65
-74
-81
-80
-71
-62
-58
-49
-47
-43
-39
-35
-29
-25
-20
-12
-1
18
26
26
22
30
36
40
40
38
42
40
49
59
61
59
61
60
57
62
56
39
30
27
11
4
4
-4
-8
-9
-17
-22
-26
-32
-42
-45
-45
-46
-48
-46
-46
-45
-39
-34
-28
-25
-20
-17
-15
-8
-5
0
6
8
18
19
15
10
8
11
14
21
23
25
33
41
46
48
48
48
44
42
40
26
21
23
10
-3
-1
-3
-4
1
-3
-9
-9
-15
-15
-14
-20
-25
-23
-22
-30
-36
-35
-32
-31
-26
-25
-25
-22
-14
-11
-10
-11
-4
5
13
21
25
33
36
29
27
26
21
22
22
19
15
19
19
19
14
14
21
24
30
30
27
35
33
13
3
2
1
-4
-13
-15
-6
-2
-8
-12
-13
-22
-29
-29
-29
-38
-35
-39
-35
-53
-57
-52
-50
-50
-45
-38
-33
-19
-14
-10
-7
-3
0
11
19
18
16
9
8
15
20
13
13
11
11
20
19
14
14
10
6
11
10
6
3
7
9
14
15
16
13
12
10
18
19
15
22
18
19
20
18
15
10
8
7
8
0
-3
-7
-9
-8
3
5
4
5
9
11
4
2
-1
-1
-2
-3
-5
-5
-2
-2
-4
4
5
1
-1
1
1
-9
-15
-3
3
-6
-3
-2
0
7
3
-1
-3
-1
1
5
-3
-6
-6
2
-5
-12
-14
-18
-20
-19
-15
-14
-5
-14
-23
-14
-12
-17
-20
-13
-13
-9
-6
-5
-10
-11
-11
-17
-14
-9
-4
-4
3
5
8
7
9
6
8
8
9
8
10
16
18
17
14
14
13
9
2
1
1
-5
-3
5
10
17
21
24
25
18
15
2
-12
-23
-25
-25
-16
-8
-12
-9
-1
-1
-2
7
8
4
-2
1
5
-4
-6
-9
-11
-8
-8
-10
-15
-13
-15
-19
-19
-12
-6
1
2
4
18
18
22
23
13
9
10
10
12
13
19
15
20
28
16
9
12
16
12
13
12
23
19
11
6
3
3
1
-6
-15
-6
-5
-4
-5
-2
-6
-8
-6
-6
-2
-5
-3
-3
1
-1
-3
-6
-6
-6
-2
2
-8
-8
-7
-4
1
-5
-11
-9
-11
-4