-6
-25
-16
-17
-26
-29
-13
9
17
13
-6
-5
1
6
9
5
-10
7
31
26
8
-8
-1
8
3
-13
-22
-9
3
0
6
8
-3
-5
-3
-6
-7
-11
3
10
17
30
27
21
19
16
-9
-9
-15
-18
-6
6
24
23
31
29
26
23
11
-18
-24
-14
-34
-29
-19
-6
-4
-9
-3
6
19
6
-12
-30
-28
-15
-19
-30
-20
-2
4
-2
-9
-11
-17
-22
-29
-22
-5
-11
-7
8
14
18
11
12
3
-2
-8
-14
-29
-31
-22
-8
7
-8
-5
9
17
11
6
1
2
6
-6
-7
-3
7
18
7
-1
4
9
12
-4
-15
2
12
7
2
6
20
23
16
9
6
14
13
4
-10
-7
-4
4
5
-11
8
11
2
-8
1
11
0
-2
6
16
11
21
13
0
2
3
2
7
9
4
12
13
18
24
12
7
10
14
18
8
3
-3
1
-4
-18
-33
-19
-13
-25
-24
-17
-4
3
12
-4
-11
-6
12
9
-12
-15
14
26
11
3
2
3
0
3
-9
-1
10
9
-3
2
1
-1
-6
-5
0
2
18
13
12
15
18
12
4
-14
-29
-25
-22
-24
-37
-34
-23
-14
4
9
-10
-16
6
13
-2
-25
-30
-9
3
-24
-25
-8
-1
-10
-16
-9
-7
-10
-17
-11
-12
-7
-4
-3
1
7
12
-1
-3
-4
13
13
-3
-6
18
22
11
-2
-6
12
16
10
-12
-24
4
31
2
-12
-7
8
6
-5
-9
-16
6
0
-4
13
39
31
14
-7
-8
11
-8
-38
-36
9
35
23
28
37
43
58
13
-32
-42
-22
-21
-21
-38
-9
26
9
-16
-5
3
-26
-17
-3
-6
-26
5
27
9
-12
-23
0
19
28
46
42
27
33
59
38
-13
-30
-3
24
-15
-21
2
20
-3
13
26
-11
-11
12
11
-55
-29
20
38
2
-14
24
46
15
-21
8
1
-42
-39
10
1
-45
-44
2
17
-11
-41
-25
3
43
14
-25
-3
23
5
-7
-7
-23
-18
-28
-40
-17
22
12
-24
-30
4
27
-7
5
47
30
13
33
51
56
-5
-71
-49
40
45
-44
-97
-19
60
67
29
-76
-47
93
119
-64
-129
-16
76
33
-64
-68
20
147
81
-115
-134
86
141
-33
-135
-24
95
70
-5
-71
-18
59
17
-85
-61
20
21
4
23
20
6
26
12
-35
-65
-30
0
21
2
6
45
58
6
-33
-23
-39
-26
-44
-63
-49
31
25
-8
-30
-19
10
21
1
4
51
43
11
-6
25
10
-78
-128
-116
-114
-169
-211
-144
-49
51
87
140
215
237
174
114
77
45
-12
-53
-27
23
83
85
42
75
149
133
-3
-34
-22
-46
-20
-51
-83
-53
10
18
89
69
-30
-55
61
77
12
16
22
6
32
68
-17
-50
-36
-10
-23
-29
-118
-176
-53
9
-55
-96
-86
-68
12
70
-41
-153
-137
-38
8
-3
-146
-139
104
135
-7
-34
154
156
43
-27
-115
-140
-148
-176
-195
-173
-128
-116
-76
-14
72
173
270
315
318
350
305
118
-63
-218
-307
-319
-269
-215
-118
-76
-34
28
-26
-85
-49
5
39
78
105
155
171
210
235
234
260
315
259
135
48
25
-2
-31
-80
-80
-123
-144
-87
-183
-277
-183
-12
-47
-89
64
171
120
72
78
-38
-193
-158
-204
-419
-582
-500
-395
-321
-274
-181
6
218
161
56
-15
-53
48
130
207
242
363
369
426
470
433
245
54
-52
-128
-98
-90
-27
75
199
242
234
243
237
147
70
56
140
192
321
415
399
371
224
43
-77
-157
-266
-240
-151
-149
-254
-183
-87
-143
-222
-200
-57
28
-29
-141
-178
-193
-218
-281
-327
-339
-168
-38
-31
5
71
108
103
98
11
-82
-181
-221
-250
-228
-213
-70
59
29
92
214
225
32
-11
58
-5
-22
112
203
223
260
401
457
372
280
220
132
33
-38
-158
-292
-310
-132
-142
-400
-508
-364
-218
-262
-361
-375
-293
-277
-349
-397
-344
-328
-284
-292
-300
-211
-64
20
78
176
335
419
421
466
434
391
439
535
426
221
187
254
232
191
140
12
-35
70
100
65
110
153
189
264
409
440
319
144
-10
0
-161
-511
-763
-709
-502
-303
-177
-142
25
179
319
266
24
-122
-221
-310
-288
83
173
-42
-86
472
859
772
193
86
10
-312
-1347
-2251
-4024
-8434
-11256
-8864
-4476
-4880
-5659
-302
9870
15810
14363
10810
9672
9188
5980
1122
-4313
-6667
-3344
2824
5805
6422
7903
6014
-1359
-9193
-12229
-15716
-21881
-23027
-12013
3743
13136
17187
21140
24006
21270
13434
2432
-8763
-15312
-14629
-9978
-6076
-3357
-394
3121
4194
-173
-8464
-14570
-15983
-13552
-7411
1307
8555
13932
19722
22735
17939
7902
-909
-9085
-16726
-19947
-17218
-13568
-10671
-5936
591
5092
4280
619
-1622
-1000
-258
1265
5130
10155
14239
17864
20329
18788
14486
10018
6208
424
-7943
-16475
-20597
-20484
-20856
-22831
-21493
-13316
-1955
7086
12826
17807
22401
24489
22647
17056
8828
1368
-2545
-4202
-6354
-8003
-7668
-6819
-6957
-7880
-10008
-13441
-15849
-14889
-10568
-4444
1831
7692
14033
19984
22324
19239
13332
6855
880
-3789
-6375
-8520
-13218
-17372
-16662
-12316
-12705
-17763
-18550
-10104
449
5739
7836
11361
16390
18840
17065
11090
4399
1471
3330
5901
6803
8204
11842
15338
14148
6837
-4255
-16391
-26750
-32053
-31941
-29562
-24004
-10530
8377
23296
30107
32429
31574
25819
16416
6687
-2744
-10606
-13429
-10499
-6275
-3957
-3718
-5085
-7555
-10673
-14814
-18799
-19608
-15740
-7341
4158
15286
21886
24727
25501
23339
14925
4091
-5243
-9833
-14016
-18343
-19068
-15377
-12164
-14431
-15097
-11650
-5821
-4491
-2887
2481
10318
14742
16390
17351
15845
13127
11435
10405
6861
5368
7880
11366
11881
10294
7382
839
-10445
-22529
-29035
-30508
-32075
-31633
-21325
-2633
12921
21590
27590
32059
31274
24686
15559
4844
-5885
-12419
-12294
-9831
-8564
-7495
-4928
-3542
-5463
-9796
-14469
-17902
-17880
-12430
-3385
6245
14514
21953
26920
27192
21121
11396
536
-11619
-20635
-22447
-18550
-17522
-16561
-9596
1111
4877
824
-2682
-2988
-2409
-2530
-451
2479
6773
13084
20303
22729
19023
14510
12076
9418
3226
-1822
-1459
601
-3399
-10990
-14152
-14278
-18573
-26821
-28905
-20765
-7516
3315
11985
21385
29538
32527
29102
20676
8023
-4597
-12173
-14963
-17240
-17073
-10988
-2882
852
638
-995
-5331
-11432
-14729
-13260
-8927
-1892
7374
17010
23270
24763
20217
10583
-1386
-12345
-19732
-23288
-22289
-17250
-8298
734
6777
8225
6309
1620
-4172
-8461
-9290
-6693
-1419
6932
16738
23956
25103
22135
17502
10820
1517
-5832
-7359
-4334
-4048
-7731
-9522
-5596
-5100
-15255
-26115
-24215
-13112
-6154
-557
11274
25366
31719
32532
29952
19325
2087
-10267
-14997
-19331
-22065
-16955
-6878
174
4125
6065
2995
-5235
-12582
-14927
-13203
-8394
-1247
7992
17637
24341
22994
13969
2853
-6635
-15068
-22458
-24315
-18975
-8366
1566
8364
10935
10150
5368
-2103
-9704
-14256
-13820
-8382
1855
13748
23604
28335
28601
24518
15902
4886
-4529
-9740
-9312
-8028
-9980
-11783
-5760
-832
-9870
-24003
-23834
-12299
-8023
-6684
4885
22133
29645
31143
32018
25034
7486
-7034
-12698
-18163
-23410
-19949
-9285
-1524
2888
6687
6373
-1452
-10628
-14579
-13636
-10566
-5189
3390
13493
21305
22867
17438
7033
-4484
-13810
-19200
-21590
-20709
-14064
-2306
7907
11625
10850
8180
3327
-2948
-7650
-9426
-7814
-761
10187
19370
23048
23811
22845
18090
9323
794
-2759
-5947
-13373
-20345
-16033
-7884
-12013
-23788
-22469
-7756
-964
-2501
3549
17333
23248
23523
25831
22745
7929
-4687
-6290
-8489
-16656
-19113
-11631
-5048
-3102
-295
1830
-2762
-9502
-10510
-7222
-6320
-6353
-2189
7153
15173
16832
13125
8172
3847
-1089
-5516
-10272
-14639
-15579
-9236
-2473
-1961
-4662
-3084
1020
2464
2331
2972
5576
9708
16142
20001
19336
16148
14668
13356
9078
4457
1870
-2035
-11960
-19347
-17264
-14995
-24170
-32597
-23445
-5960
1568
3875
14025
25281
27142
25001
23314
14069
-1631
-9567
-7876
-9008
-13917
-12215
-4790
-1473
-2572
-3047
-5127
-12039
-17375
-15767
-11133
-7782
-3074
5678
14479
19506
20011
17025
10642
3176
-2310
-6083
-10193
-14289
-14508
-10502
-6397
-5997
-6800
-5537
-2017
1404
4985
8044
11365
15458
20186
21060
17066
12739
9737
7796
4509
3903
4757
3654
-4465
-12110
-12448
-12888
-22131
-32351
-26881
-11436
-1731
2836
14250
26881
29311
25812
22702
13523
-3639
-14325
-13650
-12118
-14051
-10261
-597
5016
3784
1531
-1959
-10698
-20372
-22890
-18013
-12189
-6228
3715
17002
26263
27291
22488
15149
5517
-4764
-12042
-16619
-20045
-19887
-13255
-5239
-1669
-1389
359
2762
3967
4261
5109
6890
9948
14103
16732
16379
13264
10299
7863
5565
2775
2798
2587
-2974
-11651
-12847
-9702
-16599
-30025
-30033
-13910
-2851
-267
7928
23028
28683
25561
23546
18349
2273
-12281
-13225
-10254
-12974
-13057
-3855
4461
4493
2078
-238
-7537
-18630
-24424
-21623
-15983
-10152
-1320
12614
25497
31388
29196
22388
12284
584
-9257
-16454
-22852
-25950
-20463
-9648
-2469
-362
2505
7084
9193
8104
6306
5120
5083
7279
10969
12602
10951
9435
10242
10263
6868
3935
4689
1785
-7965
-15405
-12496
-12304
-23468
-31778
-21382
-5380
-510
2270
14242
25403
24585
21558
20396
11534
-4841
-11861
-8499
-8601
-12917
-9225
366
3528
360
-1097
-3661
-12964
-21978
-21193
-15197
-11898
-7086
6181
21608
28302
27120
24429
19075
7445
-5242
-13487
-19531
-25134
-24375
-15497
-6374
-2277
1065
6792
10297
9103
6940
6324
4853
3597
6231
10522
11198
9292
10631
12823
11045
6304
5607
5939
-741
-12100
-15667
-11296
-14605
-26807
-29036
-14303
-2099
-1141
3429
17051
24180
20565
19047
18705
7934
-6687
-9099
-4822
-7628
-12002
-6636
1089
286
-3207
-2662
-5714
-16158
-22359
-17387
-11368
-10152
-4724
9811
22411
24855
22974
21775
16039
3785
-6964
-12785
-18748
-24459
-22083
-12657
-6022
-3725
1230
8564
11069
9046
8465
8303
5448
3731
7030
10211
8200
6555
9912
13431
10637
6646
7765
7475
-2077
-13853
-14628
-12256
-20565
-31756
-25959
-8876
-2006
-1491
8890
23446
23801
18105
18840
16635
1225
-10797
-7700
-4125
-9285
-10111
-712
4018
-165
-2450
-1183
-7912
-20103
-23059
-15857
-10747
-9746
-1413
13822
23640
23318
21767
20073
11520
-1421
-8957
-12597
-19373
-23657
-17881
-8523
-5236
-3387
2745
8268
7939
6773
7839
7485
4770
5304
9286
10749
8214
8059
11267
11899
8585
6773
8772
4942
-5917
-14883
-12930
-13248
-23633
-31999
-21841
-5079
-350
982
12317
24789
22542
17392
17395
12362
-3735
-11912
-6987
-4555
-9502
-7753
1588
4385
198
-1018
-1241
-9261
-19522
-20170
-13516
-9195
-7183
641
12455
19839
20090
18074
14121
5973
-2406
-6442
-9761
-16239
-18578
-12553
-5545
-5113
-4651
328
5079
5222
5732
7909
8249
6865
8473
11530
10211
6361
5625
8473
8061
5600
5566
9348
6072
-4006
-11634
-10072
-12409
-24751
-32367
-21896
-6058
-1829
1433
13965
26028
24003
19464
17832
10067
-6323
-13672
-9601
-7880
-11289
-7402
2504
6151
3385
2419
382
-8685
-17840
-18738
-14809
-12341
-7994
1058
10815
16621
19613
19357
13954
5115
-1314
-4900
-9773
-16024
-17221
-11898
-6427
-5420
-3853
819
4685
5263
6845
9145
8451
7186
9381
11488
8512
5171
5409
7247
5931
4655
5728
8757
5944
-2937
-10651
-10326
-12151
-23500
-31414
-21776
-5990
-1207
2280
15321
27176
24379
18802
17164
9216
-7818
-16013
-11894
-9917
-12988
-8062
3198
7507
4542
3874
2268
-6886
-17023
-17618
-13064
-11653
-9345
512
12514
16965
16514
16302
14173
5863
-2297
-6103
-9587
-14947
-15464
-9777
-5753
-6126
-4418
1070
4308
3954
5010
8237
9490
9247
11119
12783
9756
5212
4914
6339
3397
-446
1042
6906
6280
-1991
-9169
-8225
-8649
-19121
-28529
-22822
-8622
-3525
157
12952
26533
25280
19913
19239
13416
-3888
-15920
-14779
-13160
-15869
-11693
298
6720
5669
6201
6840
-1428
-13817
-17970
-14359
-11765
-10063
-2449
9124
17030
18882
18027
14338
6525
-2090
-7379
-10725
-15119
-16197
-10875
-4152
-2551
-1879
1582
4382
2955
1994
4065
6182
7135
9288
12093
11475
9072
7028
6064
2336
-1198
-1817
1693
4263
1494
-4004
-6911
-5290
-10016
-20299
-25317
-15745
-6200
-2697
3729
17833
25509
22256
19533
17453
6159
-10432
-16537
-14857
-15591
-15708
-6712
4038
7472
7713
9245
5406
-6423
-15702
-16076
-13541
-12263
-6841
4644
14615
18826
20160
19293
11379
-577
-8733
-11642
-15532
-18921
-15643
-6761
-389
2158
4973
7123
5188
1730
1578
2593
2298
2709
6726
10192
10578
9266
8482
6448
2022
-1169
-1134
2553
3002
-1279
-6629
-4868
-2755
-10270
-21783
-21483
-10457
-5464
-3661
5736
18893
20814
18225
19260
15817
-39
-13630
-14682
-13358
-16240
-13481
-2327
5720
7121
9358
10785
3176
-9090
-14042
-11956
-11154
-10158
-2707
7651
13635
16118
17422
12905
2084
-6646
-8674
-10508
-14977
-15118
-7539
851
3884
4192
4673
3590
324
-1534
-855
-498
-94
3829
10028
12528
10591
9093
8172
4655
-755
-2227
42
3158
2403
-655
-3183
-1689
-3478
-13034
-22362
-19326
-10157
-6638
-2979
8248
19179
19814
18650
18474
10737
-5555
-14661
-14094
-14258
-15932
-9246
2507
8547
9409
11421
10111
250
-10765
-13952
-13023
-13196
-10363
-605
9922
15075
16557
16446
11541
1847
-6772
-11286
-14595
-17128
-14429
-6590
437
3574
5953
8063
6879
2804
-47
-873
-1659
-1375
2325
6865
8631
9164
10128
9694
5063
893
114
2352
2635
-383
-4485
-4960
-1942
-4949
-14051
-19471
-12754
-6259
-4493
-524
9990
15697
14606
14739
14374
5088
-7880
-11886
-10451
-11558
-11510
-3721
4698
6997
7404
9617
6998
-2599
-10647
-11030
-9159
-8752
-5810
2111
9454
11994
11752
10019
4807
-2910
-8180
-10140
-11839
-12431
-8276
-1435
2336
3019
4257
5253
3007
-612
-2140
-1584
-742
1355
5058
8527
9667
9563
8752
6688
2969
134
89
2411
3152
-487
-4334
-3228
-913
-7573
-17675
-18251
-9172
-5822
-5741
1627
13271
15157
12632
14361
13207
958
-9939
-9886
-8032
-10823
-8866
508
6356
5714
7087
9707
4005
-7029
-11444
-8413
-7239
-7708
-2837
5865
9974
9452
9138
7221
-248
-8211
-10177
-9074
-10080
-9337
-3316
3199
4672
4383
4617
2991
-1629
-4682
-4306
-2823
-1203
2503
8293
11956
12461
11280
9970
6059
1281
-1235
-419
879
-194
-2361
-3327
-1212
-2801
-10464
-17642
-14699
-8735
-7698
-5573
4281
12985
13075
13062
15338
10657
-1647
-7896
-6821
-7937
-10615
-5837
2284
5000
4905
7903
7888
-43
-8252
-9016
-7307
-8406
-7683
-1238
6031
8898
9317
9241
6423
329
-5085
-7484
-9423
-11222
-9734
-4370
-71
1166
2505
4654
4204
1147
-420
-120
-40
250
2961
6537
8085
8304
9037
9399
6783
3086
1752
3225
3291
-821
-5331
-6069
-4345
-7956
-15235
-17544
-11285
-6661
-5527
-115
9388
12522
10424
12329
13799
5912
-4493
-6164
-4412
-6643
-7212
-1432
3212
2790
3352
5921
2853
-5227
-9455
-7597
-6427
-6211
-2468
4238
8212
9559
9468
6708
605
-4854
-8356
-11265
-12866
-10514
-4873
422
4016
6009
7126
6188
3005
-1413
-4047
-5014
-4338
-1777
3185
7387
10213
12291
13636
11463
6674
2590
541
-19
-984
-3380
-6399
-5772
-3564
-6220
-13353
-15180
-10164
-7107
-6259
-315
8319
10945
11013
14514
15011
6422
-2515
-4154
-4564
-8025
-8155
-2895
864
1207
3468
6092
2992
-4142
-7442
-6640
-6388
-6664
-3794
1299
5318
7581
8653
7351
3250
-1580
-5057
-7247
-9104
-9542
-7196
-3017
-135
1323
2699
3506
2320
365
-167
74
496
1637
4458
7233
8637
9069
9232
8517
5311
2339
1143
2517
1458
-2313
-6399
-6038
-5158
-9559
-16586
-16958
-10062
-5857
-3492
3059
11868
13800
13346
15297
14009
3913
-4937
-6082
-5858
-8737
-7680
-1646
2198
2091
4183
6222
1773
-6396
-9328
-7475
-7009
-6807
-2770
3536
7323
9268
10071
7827
1814
-4156
-7309
-9056
-10567
-10322
-6416
-1358
1764
3098
4392
4313
1450
-1355
-1679
-901
-509
1448
5733
9271
10606
10951
11024
8443
3885
562
2
267
-2170
-5846
-7441
-5153
-5571
-11211
-16012
-12757
-6936
-4901
-1660
6138
12276
12554
14114
16387
11852
1431
-3843
-3987
-6156
-9081
-6374
-1488
-62
730
4050
3958
-2119
-7442
-7005
-5773
-6432
-5136
359
5944
8984
10587
10261
6023
-674
-5639
-8715
-11995
-14347
-11944
-5777
-468
2430
5190
7395
6399
2947
235
-1266
-2829
-2953
85
4507
7406
9372
11679
12351
9591
5133
2191
320
-1009
-3874
-7378
-9517
-7286
-6410
-10682
-14720
-10471
-3920
-2241
-30
7436
13008
12404
13130
15446
11077
1038
-3906
-3876
-6204
-9069
-6463
-2197
-1411
-722
2722
2833
-2505
-6908
-6103
-4880
-5215
-3642
1478
5779
7528
8677
9186
5802
-683
-5309
-6793
-8728
-11332
-10401
-5748
-1970
-390
1617
3688
3131
1234
682
974
499
1141
3672
6363
7640
8582
9420
8686
6338
3380
1543
62
-65
-1238
-3947
-7409
-7154
-6692
-10397
-15404
-13257
-6404
-2725
82
7224
14320
15015
14786
16263
12964
2575
-5090
-6377
-7409
-10030
-8598
-3943
-1466
-597
2483
3773
-648
-6487
-7346
-5745
-5174
-4054
361
5235
8386
10614
11307
7606
295
-5395
-7916
-10079
-13238
-13210
-8320
-2220
1184
3454
5827
6109
3638
1509
920
-68
-1050
656
4274
7140
8593
9897
9877
8002
4701
1845
-530
-1462
-2653
-5469
-8103
-6912
-5125
-8648
-13302
-11271
-4614
-2412
-747
5676
12753
13289
13738
16092
13285
2837
-4189
-5105
-7029
-11097
-10117
-5245
-2772
-1589
2243
4356
274
-4975
-5317
-3936
-4660
-4695
-580
4366
7272
9306
10805
8695
2012
-4512
-7591
-9221
-13073
-15234
-11306
-3879
713
3268
6561
8219
6704
4866
3848
975
-1964
-1600
1526
3964
5696
7436
8808
8632
6709
3851
1208
-483
-2092
-4668
-7481
-7834
-6262
-7294
-11271
-11542
-5926
-1549
-572
3150
10193
13457
13130
13983
12940
5199
-3204
-5748
-6636
-10178
-11248
-6761
-2333
-867
1486
4619
3062
-2168
-4707
-3867
-4196
-5015
-2546
2236
5569
7429
8868
7958
3355
-2319
-5678
-7507
-9768
-11290
-9169
-4423
-599
1504
3338
4557
3892
2443
1624
1269
1027
1774
3833
6048
7543
7762
7342
5957
3694
558
-1354
-1516
-580
-1349
-3543
-4604
-3526
-4524
-9831
-13475
-10707
-5671
-3460
606
8365
14374
15285
16131
15698
8958
-1642
-7358
-8942
-11338
-12763
-8635
-2719
635
3268
6657
5886
-79
-5431
-6522
-6765
-7462
-5577
-140
5468
9474
11930
11866
7593
531
-5524
-9272
-12443
-15464
-14551
-8773
-1776
2598
6195
9277
9854
7274
4637
2328
-477
-2701
-2095
710
3176
4802
6311
7672
7069
4454
1702
331
14
-1233
-4126
-6453
-5391
-4062
-7168
-11198
-9279
-3671
-1764
-115
5814
11708
11890
11877
13108
9322
-308
-6173
-6488
-8001
-10813
-8710
-3141
-242
1108
4363
5623
1144
-4137
-4915
-4150
-5143
-4896
-818
4119
7080
8753
9220
6427
411
-5069
-7799
-9813
-12593
-12847
-8138
-1726
2192
4720
7383
8225
6263
4096
2396
59
-2067
-1245
1470
3675
4337
5346
6254
5739
2951
444
-445
-277
-105
-857
-2368
-3504
-2687
-3816
-8338
-11633
-8499
-4257
-2405
1219
8697
13235
13036
13057
12444
5642
-3970
-8458
-9174
-11128
-11532
-6635
-825
1933
4576
7798
6392
77
-4546
-5137
-5824
-6994
-4951
318
4913
8009
10012
9441
5142
-818
-5860
-9586
-12451
-14009
-12372
-7238
-1090
3636
7088
9587
9567
7443
4797
2281
-751
-2436
-1879
60
1953
3688
5015
5235
4471
2719
1225
178
14
-432
-1527
-3115
-3280
-2529
-4661
-9081
-9878
-5408
-2478
-1376
3085
9856
11745
10759
11422
9847
1693
-6156
-7760
-7763
-9971
-9104
-3409
1376
2988
5428
7363
4127
-2260
-5242
-5125
-5895
-6389
-3251
2112
5995
8226
9044
7130
2121
-3642
-8151
-11032
-12601
-12395
-9370
-3602
2594
6967
9188
9588
7846
5179
2604
-189
-3022
-3633
-1633
918
2983
4595
5306
4427
3149
1610
-160
-1610
-1046
645
880
-620
-998
-166
-2625
-8077
-10289
-7118
-4601
-3390
1435
8711
11615
11220
11836
10126
2146
-6170
-8791
-9374
-11136
-9574
-2933
2948
5425
7768
9418
5928
-1081
-5648
-7233
-8828
-9034
-5190
721
5279
8372
10054
8639
3578
-2217
-6749
-10244
-13076
-12972
-9096
-3521
1446
5901
9433
10277
8763
6502
4070
678
-1947
-2641
-1798
-1048
160
1616
2275
1585
958
883
643
431
1358
3591
4400
2548
-58
-690
-2426
-7841
-12484
-10360
-5305
-2997
127
7261
12514
11634
10075
8975
3109
-6216
-10339
-9248
-8738
-7597
-1648
5076
7391
7762
8545
5687
-1925
-8387
-9957
-9656
-8854
-5338
815
5994
8897
9950
8307
3086
-3214
-7787
-10301
-11435
-10173
-6230
-860
4286
8384
10237
9181
6348
3339
734
-1863
-3659
-3635
-1871
84
1373
2178
2075
1090
-53
-238
-319
126
1612
4764
7269
6829
3332
199
-1897
-6537
-12795
-14245
-9561
-5791
-2904
4084
12221
13189
9944
8801
6294
-2138
-9713
-10094
-7716
-6525
-2648
4465
8751
8313
7387
5657
-229
-8098
-11950
-11638
-9998
-6896
-1187
4769
8496
9967
9242
5648
-40
-5018
-7795
-8698
-8199
-5320
-663
3414
5591
7079
7332
4907
1225
-734
-1498
-2527
-2745
-1202
265
554
644
747
-158
-1662
-2075
-769
1288
3564
6247
9318
10601
7874
2447
-1894
-5148
-10675
-16437
-16355
-10239
-4647
44
6761
12497
12059
9392
8102
3980
-4745
-9966
-7829
-4422
-2781
1276
7181
9103
7009
5202
2251
-4890
-12221
-13896
-11391
-8603
-4918
1066
6982
10120
10708
9048
4912
-691
-4637
-6001
-6295
-6081
-3538
678
3516
4366
4728
3993
1167
-1290
-1975
-2417
-3260
-2599
-792
427
522
383
306
11
-319
202
2380
4783
6525
8097
10123
9860
5357
-1038
-5304
-8228
-13106
-17254
-15294
-8270
-2892
1256
7236
12141
11255
8538
7323
3883
-3121
-6836
-4563
-1775
-950
1521
5266
5806
3254
1057
-1759
-7216
-12121
-12249
-9154
-6016
-2358
2938
7889
10298
10270
8586
5306
1055
-2372
-4114
-4683
-4717
-3468
-1087
874
1158
791
255
-828
-2372
-2970
-2631
-2277
-1773
-224
1339
1585
1131
1391
1963
2201
2603
3982
5394
6391
7244
8061
6914
2454
-3139
-6553
-8425
-12264
-15806
-13915
-7333
-2603
854
6396
11292
10861
9024
8934
6457
-172
-4108
-2868
-1722
-2447
-965
1907
1901
-88
-731
-2036
-6331
-10068
-9651
-6907
-4398
-1003
3666
7732
9859
10522
9389
6248
2157
-1197
-3227
-4317
-5107
-5167
-3625
-1513
-1103
-2149
-2455
-2170
-2753
-3259
-2252
-865
121
1847
3852
3979
2830
2648
3005
2223
1142
1509
3077
4325
5026
5533
5919
4383
189
-4622
-7089
-9135
-13079
-15267
-11226
-4756
-1165
2738
9332
13534
12261
10898
10079
5065
-2583
-5462
-4429
-5039
-6014
-3278
432
937
157
297
-1103
-4970
-7527
-6424
-4114
-1948
1354
6128
9610
10538
9741
8097
4638
-446
-4862
-6751
-7263
-7612
-6435
-3605
-1541
-1287
-594
74
-1178
-3165
-2883
-1474
-670
641
3264
5048
5139
5148
5307
4120
1965
663
713
958
1538
2748
4228
4015
1433
-2032
-4322
-6788
-11354
-14712
-12450
-6689
-2745
1563
8548
14007
13871
12428
11134
6078
-2404
-7238
-7536
-7893
-8213
-4845
-8
2126
2623
3674
2786
-1432
-5343
-5721
-4306
-2876
-393
3779
7647
9582
9618
8083
4611
-325
-4582
-6610
-7334
-8108
-7633
-4944
-2078
-1376
-1434
-839
-712
-1749
-1796
-132
1482
2614
4470
6165
5875
4441
3375
1956
-465
-2239
-1848
-294
1278
2943
4986
6475
5372
1314
-3252
-6070
-9470
-14017
-15022
-9678
-3543
453
6047
12963
14853
11926
9793
6832
-869
-8522
-9673
-7798
-7380
-5457
190
4734
5423
5363
5281
2041
-3373
-6133
-5440
-4192
-2561
1030
5415
7916
8264
7280
4973
765
-3872
-6833
-7499
-7504
-7167
-5282
-1915
207
92
-234
84
-421
-1541
-1096
628
1931
3155
5174
6064
4688
2587
1295
-331
-2359
-3480
-2378
-173
2237
4372
6515
7504
5402
464
-4021
-6558
-10095
-14431
-14392
-8365
-2363
1535
6940
12908
13720
10501
8062
4630
-2608
-8679
-8826
-6647
-5558
-2658
3065
7042
7172
6390
5249
1321
-4371
-7414
-6955
-5670
-3991
-417
4146
6838
7371
6770
4726
522
-3811
-6031
-6518
-7000
-6738
-4347
-1253
25
-70
472
861
-113
-965
131
1626
2359
3464
4986
4701
2626
923
-8
-1599
-3207
-3190
-1058
1656
4164
5901
7236
7006
3886
-1387
-5509
-8210
-12006
-15100
-12739
-5990
-987
2903
8764
13507
12368
9118
6954
2591
-4718
-8439
-6702
-4646
-3472
496
5949
8022
6884
5649
3216
-2165
-7553
-9180
-8059
-6454
-3822
809
5366
7623
7675
6538
3750
-541
-4381
-5946
-6148
-6316
-5410
-2547
241
639
222
575
571
-764
-1167
113
1470
2320
3732
4684
3704
1768
509
-516
-1969
-2866
-2070
238
2771
4804
6240
7046
5442
940
-3899
-6564
-9345
-13440
-14479
-9428
-3133
776
5508
11549
13440
10675
8462
6253
312
-6021
-7032
-4996
-3956
-1899
2894
6368
6186
5056
3919
143
-5687
-9270
-9124
-7490
-5334
-1625
3099
6612
7927
7693
6081
2566
-1897
-4959
-5709
-5912
-6077
-4622
-1526
207
65
365
1208
386
-1006
-320
1292
1744
2068
3318
3460
1878
390
-158
-1156
-2330
-2374
-553
1854
3859
5105
6194
6028
3075
-1729
-5194
-7263
-10518
-13223
-10994
-4870
-237
3360
8575
12586
11580
8844
7020
3146
-3362
-6987
-5970
-4287
-3111
203
4565
6254
5312
4003
1629
-3088
-7787
-9300
-8034
-6045
-3237
1231
5869
8255
8167
6935
4367
91
-4213
-6156
-6403
-6541
-5907
-3006
217
1175
860
1317
1496
109
-857
-194
524
558
1594
3126
2876
1174
285
146
-725
-1790
-1510
131
1927
3378
4668
5493
4412
999
-2696
-4848
-7005
-10277
-11346
-7597
-2441
940
4802
9702
11608
9684
7785
5681
587
-4988
-6316
-4809
-3897
-2335
1569
4939
5284
4277
3028
-166
-5090
-8356
-8320
-6789
-4744
-1185
3524
7058
8175
7572
5611
1911
-2618
-5758
-6798
-6987
-6230
-3558
-47
1864
2437
2834
2312
124
-1897
-2330
-2029
-1515
-201
1820
3212
3538
3181
2508
1084
-789
-1951
-1597
-532
731
2459
4624
5559
4011
1020
-1535
-4068
-7968
-11057
-10146
-6186
-2675
1089
6414
10535
10737
9411
7905
3904
-2190
-5808
-5825
-5296
-4434
-1117
3241
5260
5091
4430
2378
-1965
-6382
-8163
-7710
-6240
-3512
845
5066
7255
7380
6252
3673
-444
-4337
-6170
-6290
-5962
-4500
-1209
2003
2860
2178
1661
730
-1267
-2890
-2977
-2260
-968
1367
3618
4208
3540
3034
2219
376
-1789
-2483
-1609
84
1933
3923
5525
5289
2875
-233
-2739
-6112
-10117
-11372
-8190
-4042
-694
3720
8753
10865
10034
8629
5725
100
-4907
-6086
-5313
-4717
-2737
1344
4701
5506
4886
3406
77
-4414
-7435
-7806
-6575
-4523
-1271
2791
5917
6959
6333
4496
1125
-2875
-5492
-6060
-5645
-4380
-1863
930
2618
3225
2957
1316
-1286
-3225
-3700
-3221
-2089
-218
2118
4022
4972
4954
3893
1750
-551
-1790
-1932
-1418
-123
1950
3979
4642
3419
1058
-1436
-4595
-8424
-10421
-8748
-5466
-2333
1870
7119
10237
10331
9272
6963
2054
-3210
-5655
-5938
-5870
-4425
-712
3043
4947
5518
4976
2237
-2052
-5447
-6785
-6929
-6135
-3617
376
4104
6272
6843
5920
3359
-171
-3006
-4499
-5406
-5824
-4436
-1347
1100
1694
1723
1757
809
-779
-1468
-1372
-1447
-878
1072
2974
3356
2985
2765
2104
503
-898
-1089
-649
-62
1140
3077
4012
2664
182
-1574
-3382
-6627
-9237
-8279
-5033
-2261
979
5551
8843
9073
8253
6838
3024
-2119
-5031
-5420
-5276
-4317
-1288
2411
4587
5275
5039
3151
-654
-4572
-6717
-7109
-6464
-4519
-960
2962
5626
6666
6437
4542
983
-2729
-4945
-5822
-6026
-4884
-2083
1010
2814
3570
3388
2012
-125
-1787
-2854
-3398
-2819
-812
1667
3550
4592
4861
4326
2677
501
-1174
-1862
-2037
-1295
669
2293
1891
819
380
-1296
-5109
-7609
-6707
-5004
-3625
-287
4584
7390
8108
8688
7747
3442
-1501
-4080
-5224
-6151
-5430
-2363
1213
3754
5388
5894
4230
578
-3222
-5633
-6843
-7126
-5703
-2169
1821
4637
6328
6938
5471
2102
-1207
-3466
-5282
-6421
-5510
-2967
-601
1015
2349
2861
2038
627
-550
-1558
-2075
-1374
320
1968
2982
3667
4022
3473
1636
-323
-1332
-1505
-1421
-302
1693
2485
1435
564
205
-2220
-6145
-7737
-6075
-4384
-2613
1203
5596
7395
7799
8185
6416
1523
-2823
-4425
-5029
-5434
-3975
-698
2207
3987
5158
5026
2369
-1616
-4651
-6038
-6669
-6336
-4027
-142
3335
5413
6409
5971
3435
-209
-3145
-5112
-6375
-6217
-4023
-875
1820
3618
4507
4068
2372
50
-2128
-3643
-3939
-2873
-716
1839
4020
5498
6094
5525
3565
1194
-771
-2003
-2667
-2725
-2515
-1898
-854
-451
-1480
-2609
-2546
-2298
-2251
-1143
1007
2634
3830
5244
5646
4018
1782
126
-1521
-3101
-3527
-2862
-1938
-729
941
2129
2049
1075
-86
-1268
-2429
-3239
-3190
-2173
-645
896
2269
3089
2876
1966
903
-477
-2332
-3691
-3695
-2804
-1964
-1101
174
1474
2039
1785
1235
576
-195
-785
-710
-10
874
1694
2659
3536
3754
3229
2547
1790
779
-459
-1867
-3159
-3665
-3605
-4078
-4575
-3615
-1670
-368
774
2613
4052
4180
4120
3970
2525
225
-1046
-1338
-1760
-2040
-1400
-383
202
526
708
295
-820
-1846
-2202
-2058
-1887
-1557
-613
773
1769
2058
2027
1767
983
81
-444
-821
-1509
-2127
-2122
-1695
-1553
-1742
-1573
-863
-154
347
1032
1715
2034
2118
2135
1813
1327
1046
1041
1041
1279
1771
2367
2646
2697
2217
578
-1889
-3697
-4645
-6108
-7455
-6518
-3547
-969
1294
4186
6380
6443
5740
4851
2503
-871
-2769
-2858
-2696
-2331
-913
829
1701
1693
1146
-121
-2048
-3783
-4321
-3655
-2521
-1193
761
2895
3943
3670
2835
1545
-532
-2341
-2802
-2521
-2395
-1708
-23
1372
1408
811
237
-731
-2046
-2670
-2260
-1425
-403
1260
3312
4549
4730
4583
4200
2947
1352
506
260
-102
-569
-879
-1200
-1675
-2650
-4064
-5053
-4837
-3958
-2780
-898
1520
3453
4752
5609
5289
3418
1245
-277
-1538
-2559
-2607
-1783
-773
173
953
1077
297
-985
-2201
-2930
-3159
-2793
-1737
-45
1608
2662
3051
2899
1991
485
-856
-1610
-1942
-1913
-1263
-240
469
539
378
-6
-895
-2017
-2488
-2097
-1284
-155
1458
3065
4041
4519
4624
3892
2359
1117
692
499
332
206
-209
-831
-1086
-1853
-3930
-5815
-5690
-4563
-3538
-1819
852
3073
4558
5768
5732
3693
1113
-490
-1477
-2388
-2679
-1841
-377
974
1817
1951
1052
-712
-2403
-3365
-3920
-4138
-3263
-1183
1097
2771
3837
4048
3055
1382
-215
-1735
-3109
-3474
-2501
-971
387
1602
2404
2357
1460
79
-1554
-2895
-3350
-2687
-1279
520
2492
4474
5832
5988
5093
3767
2295
727
-880
-2391
-3176
-3011
-2747
-3017
-2903
-2080
-1591
-1600
-1028
-132
98
310
1185
1788
1401
961
966
854
465
364
573
626
467
407
396
-77
-1061
-1864
-2103
-2251
-2454
-2148
-1316
-609
-62
654
1225
1086
583
402
411
47
-460
-428
125
511
600
780
934
707
218
-158
-576
-1131
-1456
-1167
-575
46
843
1886
2679
2931
3054
3262
3195
2327
931
-252
-815
-1494
-2712
-3648
-3414
-2711
-2107
-1125
127
701
825
1310
1465
429
-941
-1514
-1525
-1435
-1035
-70
1127
2163
2836
3080
2631
1362
-265
-1504
-2288
-2887
-3062
-2442
-1437
-573
133
646
658
58
-668
-1137
-1309
-1415
-1190
-426
677
1556
2201
2604
2559
2008
1365
633
-244
-987
-1147
-920
-636
-250
518
1371
1751
1803
1972
2095
1368
133
-620
-842
-1521
-2321
-2139
-1187
-564
46
1108
1811
1629
1393
1208
177
-1450
-2395
-2528
-2627
-2673
-2052
-884
230
1114
1880
2242
1960
1402
1023
614
-116
-777
-839
-564
-642
-948
-1038
-1078
-1541
-1987
-1916
-1735
-1779
-1432
-420
454
811
1218
1760
1826
1494
1476
1632
1467
1218
1467
1807
1654
1241
1053
797
215
-302
-491
-735
-1241
-1496
-1154
-902
-1260
-1394
-612
334
739
1252
2106
2630
2515
2242
1608
246
-1396
-2340
-2725
-3190
-3550
-3035
-1890
-932
-365
210
581
455
261
462
696
705
981
1710
2205
1977
1383
657
-325
-1586
-2638
-3269
-3641
-3715
-3077
-1961
-1042
-367
541
1561
2102
2231
2360
2573
2508
2293
2144
2016
1671
1344
1181
977
526
253
384
397
-318
-1292
-1773
-2052
-2778
-3439
-3057
-1871
-622
815
2608
4006
4440
4264
3656
2159
-40
-2020
-3184
-3871
-4171
-3727
-2465
-1184
-323
234
491
121
-584
-1031
-1135
-1062
-532
648
1950
2809
3178
3043
2169
739
-732
-2072
-3212
-3801
-3535
-2684
-1671
-677
246
858
1113
1192
1247
1218
1252
1648
2328
2883
3184
3302
3124
2542
1639
511
-734
-1804
-2512
-3020
-3285
-3082
-2433
-1709
-917
-65
754
1383
1877
2069
1919
1523
1072
628
139
-476
-1057
-1345
-1437
-1579
-1652
-1530
-1405
-1370
-1156
-752
-451
-294
36
493
809
925
1053
1182
1063
545
61
-125
-270
-664
-928
-804
-539
-411
-262
-36
70
85
144
192
126
143
393
755
1083
1504
2040
2459
2533
2314
1738
839
-137
-1030
-1895
-2468
-2358
-1749
-1058
-265
577
1078
1043
756
236
-571
-1387
-1655
-1388
-899
-325
417
1071
1316
1062
469
-368
-1217
-1769
-1858
-1587
-1007
-148
708
1287
1397
1082
413
-423
-1198
-1764
-1960
-1666
-943
-107
702
1448
2060
2235
1978
1448
915
396
-117
-579
-802
-749
-522
-181
190
550
907
1296
1500
1326
861
494
204
-223
-808
-967
-666
-216
177
748
1226
1347
1050
567
-212
-1224
-2215
-2815
-3020
-2897
-2406
-1519
-514
334
1001
1339
1217
659
182
-136
-396
-633
-346
254
783
975
976
676
5
-776
-1408
-1801
-2007
-1690
-827
297
1161
1863
2301
2370
1901
1316
784
363
51
162
590
1025
1290
1486
1261
407
-640
-1351
-1944
-2550
-2627
-1837
-594
576
1691
2573
2946
2622
1951
959
-238
-1491
-2215
-2385
-2161
-1838
-1261
-659
-351
-454
-655
-934
-1378
-1777
-1688
-1030
-271
347
1040
1761
1967
1510
908
368
-267
-855
-973
-692
-343
102
693
1176
1223
1051
851
660
379
214
249
387
418
331
271
297
143
-533
-1170
-991
-308
-88
-21
700
1728
2088
1881
1544
965
49
-745
-1255
-1778
-2231
-2023
-1219
-545
-257
160
712
775
313
-105
-373
-812
-1191
-1087
-745
-542
-313
105
218
-212
-717
-890
-1099
-1391
-1327
-718
-41
617
1399
2049
2083
1770
1548
1408
975
466
327
553
754
848
907
834
540
177
-95
-505
-1144
-1593
-1498
-1147
-971
-794
-287
354
775
1054
1353
1485
1374
1200
999
475
-270
-842
-1180
-1568
-1900
-1849
-1583
-1382
-1209
-869
-543
-301
-127
17
96
202
388
473
377
181
10
-200
-422
-592
-742
-822
-770
-522
-251
40
333
665
998
1332
1615
1862
2064
2071
1880
1547
1263
957
590
52
-529
-862
-876
-848
-1024
-1067
-862
-523
-303
-32
180
333
400
559
568
317
-80
-318
-491
-763
-989
-1005
-931
-873
-676
-438
-331
-342
-302
-260
-290
-348
-354
-290
-183
-71
-2
42
92
59
-62
-229
-341
-441
-494
-453
-295
-96
221
686
1139
1382
1513
1608
1578
1305
974
714
536
297
141
150
197
62
-130
-209
-185
-220
-219
-96
85
259
446
620
507
120
-316
-598
-1033
-1557
-1899
-1842
-1668
-1418
-1027
-542
-181
96
365
512
407
282
325
401
326
267
314
357
267
160
-13
-253
-479
-518
-465
-428
-326
-21
400
729
942
1060
1056
899
654
390
178
-10
-202
-237
-36
190
191
188
288
402
285
104
-52
-99
-125
-128
-150
-140
-106
-78
-72
-140
-335
-511
-569
-571
-611
-646
-630
-563
-467
-411
-433
-521
-548
-458
-288
-180
-97
-5
142
233
274
242
148
41
138
390
624
810
1115
1412
1584
1612
1521
1209
751
332
-14
-381
-868
-1193
-1228
-1101
-1105
-1094
-906
-561
-269
33
407
756
972
1148
1281
1158
698
173
-265
-749
-1333
-1757
-1830
-1684
-1433
-1041
-505
-26
301
495
595
578
502
464
494
528
589
661
716
555
224
-212
-638
-1101
-1425
-1523
-1367
-1040
-535
109
762
1247
1486
1574
1531
1410
1254
1199
1143
1091
1077
1113
1001
631
138
-320
-732
-1214
-1629
-1830
-1759
-1590
-1355
-1094
-819
-607
-388
-200
-91
-55
82
330
537
601
605
571
416
60
-387
-839
-1229
-1457
-1430
-1194
-835
-367
231
816
1202
1355
1370
1298
1176
1051
958
864
828
950
1063
918
511
41
-463
-1062
-1656
-2031
-2132
-1985
-1478
-606
327
1036
1631
2179
2474
2330
1992
1604
1170
676
302
26
-354
-831
-1254
-1623
-2143
-2675
-3026
-3056
-2921
-2516
-1854
-995
-223
483
1026
1364
1376
1193
922
634
402
344
463
590
688
749
780
612
285
-110
-352
-403
-189
206
751
1324
1934
2383
2479
2103
1467
750
-5
-778
-1387
-1678
-1661
-1457
-1177
-917
-737
-658
-679
-747
-829
-783
-573
-179
281
757
1098
1236
1122
817
357
-167
-696
-1053
-1171
-1059
-883
-756
-710
-706
-761
-934
-1176
-1387
-1418
-1208
-748
-207
339
823
1322
1705
1896
1814
1654
1533
1556
1620
1644
1627
1581
1466
1120
579
-85
-712
-1215
-1437
-1389
-1095
-643
-69
470
747
709
470
135
-304
-713
-952
-999
-911
-712
-457
-376
-545
-835
-1081
-1338
-1538
-1516
-1165
-629
-12
597
1060
1233
1150
883
439
-67
-406
-472
-367
-208
24
274
424
361
136
-235
-627
-838
-783
-539
-138
526
1313
1964
2327
2493
2399
2011
1412
884
459
141
-20
50
179
195
80
-118
-444
-919
-1394
-1723
-1819
-1725
-1398
-963
-513
-184
12
-15
-242
-604
-964
-1201
-1243
-1119
-886
-549
-178
129
248
200
59
-80
-166
-162
-50
148
404
666
857
884
745
568
393
299
306
462
657
916
1152
1294
1216
961
640
315
38
-139
-116
62
334
578
784
870
815
617
327
16
-223
-343
-399
-411
-382
-328
-419
-680
-1060
-1453
-1850
-2168
-2343
-2317
-2098
-1667
-1085
-527
-123
142
354
456
391
226
143
170
291
448
620
742
818
818
688
429
149
-45
-99
-40
145
442
777
1088
1312
1413
1354
1205
1026
850
681
585
537
520
471
411
287
65
-233
-474
-639
-741
-793
-749
-626
-471
-334
-240
-229
-326
-452
-573
-712
-878
-995
-1038
-1007
-938
-878
-831
-808
-795
-803
-823
-873
-867
-756
-526
-221
152
544
904
1226
1465
1546
1464
1318
1158
1003
832
708
615
549
452
362
249
114
-50
-160
-157
-56
116
278
456
618
767
804
685
425
135
-104
-315
-485
-640
-696
-653
-574
-550
-607
-680
-805
-935
-1047
-1069
-1042
-926
-685
-333
10
257
412
459
400
225
9
-232
-431
-553
-514
-408
-294
-202
-106
-54
-53
-70
-72
-10
151
462
834
1182
1464
1655
1700
1552
1232
850
462
113
-171
-297
-294
-215
-114
-13
42
20
-56
-169
-259
-318
-318
-249
-90
102
252
300
212
65
-136
-406
-735
-1008
-1147
-1116
-976
-852
-753
-609
-403
-264
-219
-217
-183
-60
118
293
409
503
596
676
654
473
213
4
-141
-278
-375
-372
-280
-131
45
221
310
346
359
401
424
454
544
666
774
853
932
889
721
455
171
-153
-456
-656
-772
-803
-735
-549
-384
-291
-242
-176
-167
-227
-285
-262
-180
-104
-42
-7
1
-59
-148
-312
-484
-613
-671
-667
-577
-397
-211
-9
217
433
525
547
561
569
530
503
567
639
649
624
606
478
199
-96
-313
-489
-660
-710
-604
-411
-209
20
202
278
261
251
249
218
208
289
427
520
556
521
334
11
-345
-658
-946
-1152
-1198
-1070
-837
-551
-253
6
162
245
284
259
207
204
257
309
348
352
273
117
-53
-260
-517
-728
-768
-681
-489
-219
135
491
800
1052
1184
1156
1002
818
658
523
374
250
182
148
76
-91
-322
-578
-801
-955
-1015
-976
-833
-581
-262
46
244
339
351
282
143
27
-9
-51
-63
-19
57
39
-105
-309
-509
-714
-885
-930
-785
-500
-145
208
568
833
932
880
741
579
402
294
246
255
262
277
253
116
-136
-386
-582
-719
-730
-570
-267
95
510
888
1099
1112
1005
807
508
202
-30
-159
-228
-245
-261
-312
-430
-620
-821
-1009
-1152
-1192
-1100
-851
-513
-137
188
405
478
422
275
55
-159
-309
-296
-142
110
359
573
673
654
497
259
-12
-228
-338
-294
-109
150
432
656
792
791
686
483
247
8
-126
-138
-99
-49
56
169
149
-10
-182
-321
-489
-653
-663
-506
-270
-47
206
382
438
406
343
200
-26
-211
-299
-352
-462
-527
-516
-506
-609
-717
-761
-765
-769
-699
-532
-305
-53
241
525
694
769
795
760
623
481
408
381
381
414
475
509
510
458
380
279
159
68
33
52
112
205
285
317
336
324
252
125
-5
-131
-239
-325
-413
-510
-573
-641
-732
-777
-762
-715
-651
-495
-309
-163
-71
6
39
19
-42
-71
-93
-130
-130
-60
-6
-9
-27
-65
-158
-275
-360
-423
-451
-407
-247
-25
210
422
656
831
917
898
860
786
707
637
596
595
602
621
612
557
394
194
22
-115
-252
-348
-386
-338
-158
41
95
29
11
-1
-154
-399
-637
-764
-756
-668
-700
-793
-732
-563
-552
-646
-712
-690
-590
-423
-313
-281
-38
300
482
442
497
569
565
454
284
116
-17
-94
-248
-346
-338
-214
-79
110
326
514
667
829
995
1045
1019
1008
1011
899
673
465
313
124
-132
-320
-359
-328
-264
-218
-141
-62
33
63
-37
-196
-293
-321
-350
-386
-420
-434
-457
-477
-553
-703
-873
-950
-975
-987
-895
-681
-433
-204
42
243
318
303
260
170
89
58
79
151
260
384
530
628
601
514
455
374
221
149
167
243
279
381
528
566
507
480
471
376
285
211
179
175
182
95
0
-68
-157
-326
-479
-608
-654
-592
-482
-421
-370
-260
-200
-209
-263
-333
-423
-443
-405
-304
-217
-175
-170
-136
-128
-235
-375
-454
-465
-368
-163
60
246
443
650
741
684
530
343
225
193
135
112
204
406
530
585
597
540
431
282
154
49
-5
-41
0
22
-4
-38
-15
-25
-121
-187
-204
-183
-161
-119
-97
-97
-100
-128
-252
-380
-480
-596
-677
-669
-574
-437
-259
-126
-58
25
118
86
-8
-65
-30
15
75
143
144
151
207
254
84
-89
-40
83
124
190
381
557
654
710
681
552
392
223
90
6
-67
-76
-31
-8
-28
-34
-70
-157
-193
-174
-204
-223
-158
-117
-117
-121
-130
-228
-274
-271
-300
-337
-282
-202
-182
-138
-102
-106
-192
-230
-247
-273
-314
-244
-127
-80
12
181
315
295
283
350
389
371
313
274
287
323
285
198
198
199
144
158
237
243
230
272
335
348
313
223
108
-1
-128
-261
-399
-534
-639
-628
-599
-605
-594
-512
-411
-298
-195
-88
61
168
202
164
121
70
-7
-165
-302
-330
-280
-232
-155
-61
12
68
165
195
170
179
202
227
220
265
369
481
505
502
541
569
553
455
307
166
110
89
-38
-183
-176
-78
-106
-131
-57
0
-36
-14
24
-23
-95
-136
-230
-333
-356
-386
-494
-571
-574
-611
-672
-692
-635
-517
-392
-304
-169
23
238
349
416
486
543
548
547
512
430
347
259
146
35
-23
-91
-139
-106
8
50
115
244
342
371
414
415
326
307
297
241
189
224
210
110
24
-78
-222
-378
-450
-549
-626
-609
-483
-349
-269
-168
-59
16
1
-30
-97
-203
-312
-344
-386
-459
-477
-398
-306
-267
-246
-176
-92
-33
36
103
190
280
379
440
509
534
517
482
482
445
382
357
318
246
201
274
261
186
122
116
91
53
1
-67
-44
10
15
-43
-73
-66
-44
-45
-90
-121
-124
-125
-135
-189
-245
-268
-282
-335
-367
-389
-404
-382
-335
-326
-353
-333
-282
-229
-191
-131
-76
-2
101
148
125
90
103
112
84
67
46
18
54
159
252
308
387
486
559
575
540
473
411
356
273
211
191
207
169
92
40
26
-29
-138
-204
-238
-264
-273
-234
-212
-169
-94
-70
-111
-141
-180
-247
-294
-361
-419
-380
-309
-316
-303
-208
-157
-204
-265
-267
-248
-204
-134
-27
117
205
242
250
264
260
224
134
33
-2
84
214
240
227
266
390
392
275
216
263
327
362
426
467
428
398
383
269
67
-130
-249
-338
-414
-443
-383
-287
-237
-243
-220
-153
-116
-166
-237
-271
-267
-204
-166
-167
-117
-13
-28
-124
-148
-118
-182
-242
-226
-209
-172
-69
-15
-59
-52
35
73
67
137
199
231
256
287
228
183
226
240
133
36
39
98
266
339
198
-10
2
160
170
-25
-195
-92
164
279
168
96
188
221
44
-174
-222
-189
-273
-455
-492
-304
-74
-52
-210
-239
-61
41
-119
-287
-223
-81
-111
-198
-105
110
176
136
137
204
222
183
134
83
88
94
51
26
116
198
142
50
80
160
152
64
25
72
150
147
88
50
39
26
-17
-62
-76
-66
-79
-113
-99
-83
-112
-175
-194
-156
-136
-149
-128
-64
-16
-24
-62
-129
-172
-180
-242
-336
-379
-309
-222
-183
-156
-49
76
130
146
185
236
272
305
324
350
384
398
344
296
289
241
164
112
112
157
184
148
138
195
195
100
-2
-68
-104
-116
-170
-247
-261
-201
-177
-222
-252
-233
-230
-289
-343
-343
-307
-267
-212
-166
-100
-6
77
66
18
15
23
-6
-39
-76
-117
-98
-62
-100
-149
-110
-63
-93
-121
-46
13
53
125
195
228
287
366
356
324
350
374
287
184
153
172
161
102
38
7
81
123
92
84
104
121
127
101
22
-25
-15
-52
-122
-149
-146
-162
-160
-184
-238
-266
-265
-295
-316
-264
-222
-167
-80
14
52
95
115
69
23
21
40
34
42
57
73
71
45
-9
-69
-96
-91
-96
-146
-132
-23
68
75
68
56
38
18
39
53
50
109
190
226
237
284
279
207
116
53
4
-40
-79
-57
40
72
53
76
104
26
-89
-166
-218
-242
-243
-231
-203
-152
-119
-102
-127
-186
-236
-257
-255
-252
-219
-162
-94
-10
120
217
254
264
281
296
258
183
99
52
7
-33
-61
-60
-53
-41
-6
3
-2
6
58
95
91
71
77
101
113
111
111
114
100
93
109
121
109
90
61
23
-50
-99
-138
-166
-194
-197
-178
-164
-138
-147
-155
-131
-115
-167
-182
-111
-59
-87
-88
-51
-16
-1
-24
-71
-83
-17
31
36
70
174
264
297
298
295
303
280
227
150
86
80
77
20
-44
-43
-21
-43
-93
-137
-155
-154
-140
-110
-87
-55
6
46
34
51
64
5
-68
-71
-26
-35
-29
20
48
21
2
-8
-52
-143
-210
-221
-205
-185
-148
-98
-69
-25
31
58
16
-31
-20
17
39
58
95
146
195
250
256
176
106
91
75
31
15
48
98
141
164
174
180
173
139
122
105
82
76
71
44
2
-35
-84
-165
-230
-301
-380
-413
-376
-353
-344
-293
-219
-146
-103
-66
-33
24
84
131
141
156
203
207
108
6
-49
-119
-213
-286
-294
-269
-222
-137
-26
83
191
291
365
422
452
426
408
406
395
351
275
177
96
48
-44
-174
-264
-270
-257
-245
-182
-82
8
106
189
218
216
197
142
70
-5
-80
-184
-276
-333
-382
-442
-479
-495
-506
-496
-475
-430
-340
-219
-135
-47
95
230
276
274
314
341
286
209
160
116
33
-46
-87
-109
-115
-138
-122
-58
21
84
136
227
337
427
488
538
559
542
509
449
348
249
166
46
-101
-229
-310
-369
-444
-478
-470
-428
-334
-213
-120
-31
109
235
290
276
266
239
132
-14
-125
-221
-334
-415
-442
-428
-380
-315
-278
-238
-157
-84
-33
18
74
151
225
260
285
310
305
233
153
83
-1
-74
-116
-160
-198
-138
-61
-36
2
92
167
190
228
286
326
335
337
322
298
272
199
75
-53
-133
-208
-297
-380
-424
-418
-399
-369
-333
-274
-212
-141
-64
36
136
221
284
313
317
299
241
162
74
-25
-141
-215
-212
-219
-222
-198
-136
-92
-35
25
72
93
120
165
205
211
170
147
105
15
-89
-161
-216
-248
-263
-248
-215
-154
-63
7
42
29
38
80
114
114
97
118
162
174
113
30
-22
-52
-131
-253
-321
-273
-188
-140
-95
-6
88
131
100
48
67
102
77
39
82
145
196
235
231
190
172
192
136
17
-42
-35
-35
-46
-39
-11
32
83
117
109
68
68
96
60
-1
-15
8
-17
-81
-151
-213
-265
-305
-339
-346
-302
-212
-101
-6
57
77
99
104
94
54
-1
-28
-29
-14
-6
1
14
20
4
-2
13
20
26
66
130
173
182
164
157
157
126
53
7
3
-3
3
47
89
105
119
105
78
47
1
-63
-93
-99
-91
-75
-71
-61
-39
-35
-71
-99
-125
-156
-184
-179
-165
-161
-162
-134
-92
-63
-51
-62
-46
-16
12
36
49
51
65
65
25
3
11
22
26
44
97
184
223
220
213
208
170
94
28
-4
-10
-20
-18
0
23
33
22
-30
-81
-122
-149
-204
-229
-152
-38
23
75
147
189
214
191
112
8
-52
-98
-146
-171
-165
-158
-141
-94
-64
-79
-95
-102
-113
-118
-107
-88
-61
-19
17
43
58
54
70
83
90
64
44
67
105
112
104
115
154
181
147
104
56
34
28
28
22
24
48
105
122
115
123
111
52
2
-35
-99
-145
-146
-131
-166
-205
-177
-126
-131
-135
-79
-12
25
39
56
52
37
19
-13
-54
-89
-110
-126
-132
-118
-94
-73
-58
-56
-44
-31
-10
16
34
31
30
41
44
40
57
111
143
155
180
213
204
147
110
51
5
-26
-67
-77
-42
-13
-8
33
88
97
43
8
-5
-17
-45
-64
-51
-28
17
32
20
11
11
-30
-113
-171
-201
-215
-210
-172
-126
-81
-29
4
60
106
109
85
65
52
23
-22
-33
-24
-21
-12
1
1
-6
5
4
-18
-14
12
39
97
118
101
113
167
181
155
144
168
165
135
120
71
40
26
1
-54
-65
-60
-77
-82
-116
-162
-142
-89
-101
-98
-8
77
46
9
67
105
34
-28
-44
-104
-154
-129
-106
-163
-199
-139
-94
-74
-26
19
27
13
36
79
93
95
102
59
-13
-22
33
25
-61
-93
-63
-56
-73
-35
-2
-7
10
80
85
30
49
124
108
30
23
26
0
-31
-53
-60
-35
0
-22
-48
-43
-16
-14
-45
-47
-2
25
18
37
84
109
125
118
71
39
24
-24
-65
-26
-6
-22
-34
-15
-6
-12
-14
0
-21
-65
-64
-35
7
41
20
-11
31
71
59
14
-21
-45
-64
-98
-144
-174
-135
-83
-71
-79
-42
31
56
18
-11
37
71
39
-4
-11
18
36
2
-21
10
27
-10
-59
-48
42
99
68
-2
-9
44
98
102
102
135
153
139
153
221
194
102
30
-3
-13
3
-32
-103
-91
-28
-29
-47
21
66
49
-9
-93
-127
-98
-106
-147
-144
-104
-85
-74
-1
87
175
165
-83
-319
-161
173
174
-183
-435
-197
214
161
-115
-67
112
14
-277
-203
189
276
-48
-262
-2
375
354
-24
-226
-18
211
126
-72
-61
106
144
20
-27
59
146
109
11
-49
3
94
164
169
99
12
56
176
118
-91
-202
-127
-61
-177
-328
-309
-197
-160
-227
-240
-139
-55
-65
-113
-100
-12
47
35
22
28
92
122
110
88
84
74
44
13
9
43
54
16
3
50
69
52
69
106
103
110
121
165
197
197
116
23
-10
-16
-64
-124
-104
-76
-59
-41
-34
-56
-69
-34
-17
-53
-69
-5
50
35
21
34
13
-17
-45
-102
-160
-189
-188
-204
-196
-146
-91
-70
-70
-56
-23
-7
-6
13
18
29
84
143
178
173
150
156
194
166
83
33
7
11
26
-26
-60
12
83
86
61
104
159
172
163
160
127
85
82
51
3
-34
-61
-73
-45
-19
-23
-48
-53
-62
-74
-63
-79
-122
-117
-62
-16
0
0
-23
-53
-92
-139
-167
-179
-199
-221
-197
-156
-104
-44
-8
1
-18
-18
-11
-4
-32
-39
-15
13
41
85
129
123
132
129
82
38
22
-6
-25
-28
-46
-61
-36
27
71
82
86
88
104
144
150
124
109
115
129
87
46
16
-21
-82
-95
-129
-164
-184
-154
-93
-63