-4
5
6
4
-6
-10
-9
-10
-7
-8
-3
2
10
14
13
5
-1
-3
-9
-12
-10
-12
-8
0
4
5
8
8
9
3
2
2
2
-2
-2
1
3
6
3
5
2
0
-3
-1
4
6
1
1
5
7
9
5
-1
-6
-4
-4
-3
-3
-3
-3
1
5
6
4
-2
-1
-1
-2
-9
-9
-5
0
1
1
4
7
10
12
11
9
8
6
0
-7
-7
-5
-7
-9
-3
-2
-6
-12
-12
-8
-3
-8
-6
-11
-9
-8
-7
-4
-4
-4
-6
-1
1
1
0
3
2
2
4
0
0
2
2
2
4
1
0
2
4
2
3
-4
-8
-3
0
1
-2
-2
-3
2
1
-3
-6
-2
0
1
3
1
7
8
10
3
1
0
-2
0
0
0
3
7
7
5
3
2
4
9
8
8
7
9
5
4
0
0
1
-1
-4
-8
-3
-3
0
0
1
6
4
1
-4
-3
-5
-2
-5
-5
-7
-3
1
4
-2
-3
1
5
4
-4
-5
-2
-4
-9
-8
-9
-1
-2
0
4
9
9
6
8
5
3
1
0
0
5
9
9
14
14
14
13
11
9
5
-3
-5
0
-2
-2
0
3
5
5
7
13
13
3
-5
-5
-3
-10
-12
-12
-9
-7
-6
-9
-7
-5
-3
-2
0
0
3
7
8
6
2
-4
-4
-6
-11
-16
-14
-5
1
4
4
11
14
11
6
6
10
8
1
2
2
0
-4
-8
-3
-8
-12
-10
-11
-9
-8
-12
-15
-9
-4
-4
-8
-13
-13
-5
4
3
-4
-7
-9
-5
-5
-9
-8
-7
-7
-8
-4
0
6
4
0
9
19
8
-3
-6
1
4
-5
-9
-3
-1
0
-5
-2
3
6
5
3
11
16
6
-2
-4
-7
-2
3
2
-1
10
15
9
5
2
-1
0
0
-7
1
10
6
1
2
-2
4
3
-16
-20
-11
-5
9
1
4
12
16
20
7
0
-2
-2
-2
-8
-14
-11
-3
13
14
15
16
16
18
17
13
0
-3
-2
-2
-6
-2
1
6
9
7
11
4
-8
-13
-10
-7
-9
-10
-3
8
18
18
6
-1
3
6
-3
-16
-21
-18
-4
6
3
-1
2
8
2
-9
-20
-20
-9
-1
-6
-9
2
5
1
-5
-15
-16
-14
-11
-10
-8
-6
6
15
13
6
1
-4
-6
-8
-11
-2
6
15
23
20
22
20
15
8
-3
-7
-5
-8
-15
-21
-21
-21
-20
-17
-5
-5
-8
-7
6
17
19
20
22
24
17
15
25
16
15
14
17
21
31
53
56
51
49
55
38
15
14
15
8
19
31
48
68
79
84
76
70
56
35
6
-21
-37
-33
-32
-12
7
-4
-11
2
23
9
7
11
1
-21
-34
-32
-53
-78
-59
-52
-62
-21
28
37
24
30
2
-30
-45
-71
-82
-82
-28
41
64
59
54
61
71
35
10
-1
-3
-5
1
10
-20
-17
20
1
-63
-80
-60
-85
-126
-135
-154
-196
-150
-72
-86
-37
75
130
119
80
47
12
-23
-66
-128
-77
-1
32
89
103
32
-82
-206
-361
-427
-414
-380
-378
-297
-212
-174
-114
-10
50
56
99
156
173
97
150
214
145
102
66
70
75
42
29
65
51
77
126
148
202
307
343
339
303
285
337
288
233
309
335
207
89
24
-104
-313
-317
-246
-224
-209
-124
-70
-39
-58
-88
-152
-231
-272
-319
-229
-183
-168
-133
-23
45
222
350
374
355
312
248
47
-123
-180
-186
-343
-308
-115
-45
-59
-43
-56
-87
-45
-25
-85
-43
108
78
62
51
69
62
113
182
186
226
179
49
-119
-213
-303
-330
-301
-245
-217
-165
23
113
144
160
52
-76
-116
-143
-283
-230
97
318
427
520
569
414
245
207
129
87
208
192
117
126
218
274
323
339
336
285
227
270
52
-259
-459
-403
-241
-151
-225
-125
70
28
-214
-290
-87
-109
-122
-2
22
42
202
162
-104
-85
-8
-81
-168
86
313
123
183
487
331
-188
-429
-467
-637
-754
-778
-539
91
347
200
427
809
772
572
417
76
-195
86
-3
-534
-525
39
295
267
342
194
-135
-375
-659
-5993
-13101
-11021
-5143
-4137
-5424
-4130
3161
12869
16069
11190
7061
9171
10949
7407
-268
-7692
-7122
-345
2248
-1246
-2842
2002
7767
7500
347
-9431
-13933
-11615
-9608
-11817
-13654
-8314
3258
13192
15784
12077
10224
12754
13313
7460
-1358
-6780
-5524
-1487
-158
-3636
-6875
-5350
-1264
-1643
-7887
-13246
-11311
-6014
-2020
-2842
-8097
-6138
3293
7701
4424
-1709
-1857
6287
11645
7470
1155
3217
10527
14230
10804
1751
-3089
1511
4643
171
-4071
-573
7797
11675
2509
-10347
-12486
-9202
-13811
-23053
-25089
-15924
-2422
8400
12604
13985
19530
27123
26139
14285
1503
-3357
-3085
-3854
-7820
-10361
-7253
-615
1816
-3126
-10365
-14348
-15571
-14413
-12173
-10555
-6095
4596
16449
21482
20131
17420
14323
9693
3492
-3968
-10687
-12755
-8643
-3075
-1269
-2616
-2953
-1749
-1724
-7472
-17626
-20803
-14388
-6997
-2206
1677
7868
17330
24717
22717
12821
5438
2685
-468
-6662
-13409
-14854
-7936
252
3214
2613
3980
7730
10077
8105
4624
4335
8138
10207
3688
-4747
-4797
-2186
-7148
-16866
-21335
-17049
-10184
-5403
-3544
-204
8599
19020
22365
16776
8968
6517
6584
3425
-3592
-8009
-5051
1712
4415
971
-3930
-5946
-7518
-10263
-12638
-14025
-13146
-6640
3593
9869
10357
11557
14135
13656
9240
3486
-2342
-5622
-4667
-2021
-3941
-11391
-15301
-12360
-10872
-14805
-19556
-18286
-8845
2421
8680
10436
14401
21109
25224
21790
11808
2613
1069
2271
-1332
-6647
-5134
3725
11644
13840
12788
9871
2542
-10796
-21960
-25520
-28508
-32403
-29507
-16570
376
12974
20823
25336
28696
31447
29464
18753
4013
-4155
-3076
-2381
-7259
-12000
-9459
-3006
-1229
-7116
-15456
-19747
-18320
-15268
-12905
-9335
-2144
9576
21867
27464
24420
19446
16839
12247
3169
-6104
-11731
-13335
-10231
-5814
-4774
-9292
-15370
-16611
-16382
-20329
-25053
-24318
-15058
-64
12455
18971
23114
28959
32601
29091
18247
5114
-2799
-4606
-6555
-10846
-11094
-4004
5495
10934
11069
9371
8381
864
-15344
-25270
-23461
-21310
-23516
-21126
-8168
8192
19278
23569
22394
21308
23190
22762
13220
-733
-6734
-2627
536
-3472
-9443
-9323
-4483
-2601
-8137
-16461
-19782
-16736
-12041
-7847
-3943
606
8642
18847
23970
20042
13654
10316
7377
1748
-4582
-9280
-10225
-7209
-2426
-1600
-9092
-17017
-17558
-16814
-20603
-25212
-23091
-10507
6061
17250
21657
25876
30885
32247
26231
13139
-1042
-7494
-8087
-9563
-11813
-9486
35
11076
15982
13627
10591
6843
-7407
-23595
-27098
-25583
-27713
-28080
-16898
1623
15866
24083
26729
25873
25521
24302
16816
2216
-9229
-8194
-2671
-2676
-7101
-7597
-1788
2614
-1141
-10547
-17789
-18249
-15970
-13676
-10536
-5704
2743
14796
24166
24188
17858
14378
12403
4698
-5413
-10173
-10688
-9731
-8117
-7907
-9456
-12084
-14958
-16860
-19016
-20152
-15820
-6503
3214
12579
23040
30260
31379
28274
22131
13289
3378
-5776
-11746
-11918
-8364
-2933
3118
8487
11398
13174
10863
-4314
-22958
-28269
-25157
-26196
-29871
-23928
-5025
14684
26814
29156
27062
26548
26663
20863
6497
-8590
-12056
-6028
-1194
-3645
-7461
-4980
983
839
-7412
-16934
-20580
-19130
-14240
-8019
-3609
1009
10665
22733
27102
20151
11739
8254
5402
-968
-7602
-11093
-10679
-6913
-3926
-6235
-12701
-17934
-17962
-17055
-19402
-19580
-11629
1770
13925
22546
27268
28478
27486
23085
13313
763
-9005
-12490
-9827
-5479
-1286
5793
15041
21288
21187
16573
2554
-17927
-27516
-26475
-27279
-31824
-29856
-14308
5844
19314
23354
22409
23169
24886
21219
9674
-4538
-10448
-5347
1506
1722
-1936
-888
5225
7044
-651
-12678
-20125
-20918
-18601
-14637
-10615
-6122
2610
15185
23073
19678
11689
8247
6924
2095
-4335
-7879
-7398
-5136
-1440
279
-4289
-10401
-12160
-12406
-15056
-18375
-16137
-6749
4580
13656
19019
21840
22825
20775
14439
3863
-6702
-11723
-10540
-6647
-2888
2379
10963
19663
22277
19284
9935
-7060
-20045
-22494
-24154
-30037
-32055
-20758
-1874
12306
18422
19721
21310
23452
21946
13101
-559
-9238
-7197
-988
1012
-1179
-975
3632
7812
4793
-6073
-15833
-18487
-16958
-14211
-11355
-7777
-961
10313
20270
20443
13210
8236
6791
3353
-3105
-8531
-11396
-11659
-7117
-1654
-2413
-7554
-9454
-6374
-4554
-7558
-10565
-7527
1425
10308
14244
13687
12695
13560
13580
7765
-2210
-8742
-7254
-1853
962
844
4155
11555
16659
15012
3211
-11571
-17144
-16557
-19940
-27389
-27992
-15580
1290
13465
18152
19631
23109
26797
24396
13528
-654
-8456
-7976
-5000
-4990
-6572
-4155
3010
7879
4874
-3803
-11642
-15767
-16057
-13905
-12224
-10305
-3172
9568
19479
19997
15440
11954
9462
5297
-1247
-9966
-17497
-16948
-9622
-5421
-7298
-9423
-5727
987
2345
-2505
-5977
-2924
4159
9086
8858
6587
7588
12134
12946
6755
-851
-3484
-889
1810
267
-1247
2399
9151
12633
5909
-6439
-12409
-12465
-15124
-22313
-26861
-21062
-7945
5403
13320
16642
20831
26842
28661
21553
8145
-2367
-6064
-6448
-7978
-10240
-9330
-3195
4270
6842
2112
-4789
-9112
-10406
-10523
-11482
-12378
-8955
266
10443
14440
12808
10332
9562
8502
2078
-8088
-14596
-14009
-9742
-7969
-8775
-6748
-718
5020
5681
2280
-462
350
3242
3771
918
-56
3592
8075
8622
5927
3929
4347
5030
3640
961
235
2057
5653
6006
-1504
-9209
-9927
-9413
-14361
-21927
-22357
-14320
-4721
2973
8811
14728
21458
26823
26766
18743
7250
37
-2802
-6259
-11383
-13422
-9404
-2069
3287
3621
376
-2769
-5180
-7359
-9704
-11843
-11357
-6083
2777
9733
11726
11679
11759
9747
3826
-4112
-10311
-13201
-13276
-11375
-8960
-5922
-1252
3708
6075
5565
4176
3119
1795
180
-819
-515
1340
3859
6557
8733
9453
8919
7729
5779
3093
285
-713
731
-1065
-7267
-10205
-8392
-8138
-12918
-18062
-16850
-10558
-4076
813
5091
11061
18508
24741
25514
18641
9570
4691
1813
-4300
-11998
-14909
-11667
-6574
-2806
-1455
-2054
-2845
-2731
-2567
-4474
-7457
-7467
-2635
4230
8308
9120
8860
7856
6044
2337
-3756
-10055
-13658
-12330
-8265
-5955
-5016
-2309
2177
5325
5221
2783
182
95
2216
2992
2316
3134
6340
9873
11175
9824
7328
5514
4670
2485
-902
-2170
-3337
-8281
-11745
-10156
-9150
-12660
-16472
-14521
-8748
-3494
428
3817
8924
16357
22633
23314
18049
11642
8110
5121
-1248
-9429
-13527
-11530
-7471
-5769
-6043
-5959
-4729
-3597
-3209
-4202
-5648
-4518
414
5966
8734
9568
9865
8849
6380
2311
-3491
-9409
-12975
-12210
-9130
-7343
-5980
-2266
2637
5050
4073
1660
-512
-840
427
1088
1544
3392
7482
11729
13003
11408
9022
7273
5688
2470
-976
-2177
-4746
-10431
-13574
-12121
-11337
-14392
-17076
-13795
-7163
-1476
1917
4738
9619
16236
21126
20812
15127
9690
7821
6065
323
-7035
-10416
-8873
-6177
-5642
-7392
-8736
-7952
-6118
-5221
-5756
-5706
-2832
2939
8914
12019
11872
10349
9393
7474
2331
-4537
-10219
-12555
-11330
-9065
-7578
-6051
-2636
1749
4179
3447
956
-571
16
981
1028
1406
3438
7165
10676
11925
10716
8605
6967
5291
2380
-543
-1893
-5119
-10719
-12881
-11581
-11914
-15408
-17245
-13078
-5637
470
3643
6536
12169
18529
20941
17925
11717
6704
4490
2191
-2766
-8026
-9281
-6343
-3891
-4646
-7006
-8059
-7906
-7868
-7553
-6989
-5728
-1816
4963
11190
13544
13163
12788
11501
7317
1215
-4996
-9854
-11860
-10831
-9180
-8417
-6590
-2636
703
1187
0
-809
-478
621
2130
3740
5306
7612
10605
11925
10902
8579
6190
3867
1656
-74
-652
-945
-4592
-9688
-11015
-10309
-12249
-16942
-18959
-14407
-6847
-616
3398
8032
15155
21873
24249
20572
13105
7271
4129
-19
-6572
-11505
-11049
-7133
-4276
-4003
-5176
-6098
-6735
-7648
-8689
-9489
-8567
-4137
3034
9755
13834
15368
15168
13594
9817
3547
-4244
-10843
-12783
-11094
-9416
-8587
-6531
-2121
1704
2165
117
-2271
-2826
-1293
339
1234
2823
6859
11992
14663
14172
11816
8830
6092
2937
-1170
-3896
-4495
-7027
-11071
-11737
-10137
-11153
-14899
-16277
-12208
-6377
-1729
1989
6809
13580
20079
23086
20955
15374
10625
7470
2856
-4355
-10391
-11459
-9094
-7312
-7369
-8013
-7955
-7300
-6835
-7447
-8621
-7849
-3587
2438
7691
11189
13667
14936
13793
10633
5089
-2724
-8856
-11179
-11101
-10418
-9356
-6716
-1940
2096
2830
1218
-98
-761
-879
-769
-678
511
4230
9315
12461
13183
12477
11024
9038
5343
54
-3791
-4457
-6360
-11738
-14379
-12361
-10564
-12302
-14650
-12548
-6645
-692
3243
6128
10632
16633
21013
20701
15726
10261
7256
4590
-538
-6696
-9896
-8964
-7040
-6898
-8375
-9315
-8939
-8304
-8062
-7960
-6967
-3819
1375
6784
10692
12606
13720
13460
10129
4361
-1503
-6028
-8968
-10814
-11007
-8853
-5403
-1920
328
1312
1597
1522
834
-576
-1758
-1097
1096
3735
6541
9167
11267
12704
12204
9793
6375
2382
-1217
-2928
-5136
-10842
-15488
-14515
-11469
-11869
-14625
-13702
-7732
-964
3263
5472
8619
13896
18879
20071
16288
10551
6976
5229
1976
-3372
-7729
-8326
-6180
-5094
-6666
-8896
-9681
-9586
-9271
-8779
-7981
-5864
-1019
5319
10303
12630
13448
13496
11100
5968
453
-4202
-7864
-10032
-10081
-7977
-5005
-2414
-631
744
1589
1213
-337
-1909
-2585
-1404
1284
3697
5622
8379
11419
13137
12010
8843
5652
3069
431
-2161
-3763
-6776
-11464
-13416
-12116
-11846
-14580
-16501
-12951
-6095
-467
3053
6591
11889
17645
20936
19853
14606
9150
6297
3828
-1189
-6969
-9014
-6741
-4414
-4475
-5842
-6928
-7712
-8377
-8791
-9389
-9301
-6475
-564
5973
10357
12407
13792
13813
10464
4556
-1769
-6651
-9803
-11207
-10247
-7544
-4298
-956
2124
3862
3690
2438
793
-989
-2167
-1663
433
2638
5101
8344
11381
12266
10256
7579
5237
2192
-647
-1982
-4294
-9113
-12105
-10814
-9729
-12301
-15302
-13887
-8854
-3910
-385
2725
7311
13348
18047
18793
15331
10658
7858
5840
1809
-3782
-7125
-6359
-4369
-4120
-4948
-5768
-6506
-7243
-7580
-8035
-8583
-7264
-2919
2426
6643
9382
11351
12323
10541
6075
417
-4643
-7796
-9557
-9775
-8077
-5277
-1601
2050
3938
3640
2780
2010
432
-1761
-2633
-1503
540
3263
6510
8876
10308
10426
9420
6990
3213
60
-1169
-1959
-5558
-10080
-10554
-8454
-8537
-11561
-13393
-10629
-5829
-1895
632
3468
8151
13584
16939
16025
11494
7523
5905
3705
-1191
-5900
-6681
-4569
-3161
-3291
-4011
-4821
-5775
-6172
-6339
-7087
-7341
-4796
91
4493
7036
8697
10122
9403
6117
1900
-2706
-6754
-9024
-9306
-8059
-6048
-2866
998
3409
4163
4304
3860
1830
-897
-1760
-1090
-489
673
3393
6374
8520
9496
8907
6922
4316
1899
114
-1054
-3657
-7692
-9291
-7577
-6422
-8530
-11145
-10054
-6079
-2464
-605
732
3970
9257
13773
14465
11233
7728
6270
4930
1039
-4096
-6625
-5543
-3431
-2631
-3210
-4115
-4560
-4562
-4683
-5588
-6517
-5266
-1409
2869
5519
6843
8062
8388
6344
2389
-2051
-5616
-7500
-7885
-7432
-6209
-3540
66
2644
3421
3692
3774
2914
1440
313
-79
109
921
2837
4603
5621
6538
6478
5478
3722
1697
-40
-781
-953
-3650
-7571
-8185
-6409
-6408
-9296
-10876
-7968
-3240
172
1870
3765
7491
11670
13681
11744
7179
3864
2637
787
-3001
-6303
-6244
-3766
-1871
-1642
-2316
-3020
-3745
-4344
-4739
-5295
-5034
-2437
1762
5390
7421
8376
8440
6783
2798
-2383
-6494
-8551
-9086
-8675
-7028
-3663
603
3585
4386
3917
3356
2654
1329
-247
-925
135
2351
4495
6128
6928
7371
7123
5286
2360
-566
-2602
-3181
-2377
-2774
-5677
-7152
-5260
-3882
-6233
-9936
-9881
-5886
-1713
670
2651
6343
11380
14908
14858
10827
5608
2211
33
-3509
-7845
-9632
-7402
-4008
-2037
-1472
-1516
-2011
-2664
-3076
-3666
-4446
-3527
196
4743
7812
9045
9374
8480
5273
56
-5308
-9111
-11007
-10985
-9152
-6126
-2212
1818
4476
5172
4424
3199
1689
-31
-1168
-645
1260
3446
5941
8142
9217
9224
7363
4313
1087
-1846
-3927
-4631
-4383
-5849
-8068
-7212
-4799
-4985
-8142
-9818
-7260
-3248
-425
1636
4515
9096
13757
15961
13910
8814
4625
2181
-1190
-6158
-9641
-9371
-6783
-4440
-3017
-2482
-2661
-3043
-2982
-2919
-3452
-3287
-647
3653
7446
9472
10097
9374
6670
2560
-2091
-6632
-10105
-11388
-10130
-7427
-4314
-999
1803
3550
4037
3284
1550
-467
-1424
-702
936
2554
4615
7630
10086
11077
9786
6726
3751
998
-1510
-3284
-4444
-6456
-9146
-9298
-7295
-7007
-9478
-11133
-8599
-3895
-537
1400
4104
8648
13465
15883
14482
10075
6084
3883
1075
-3694
-7771
-8407
-6378
-4645
-4083
-4330
-4740
-4993
-5036
-5121
-5255
-4429
-1349
3356
7651
10201
11465
11572
9415
4843
-445
-4878
-8285
-10336
-10339
-8526
-5456
-1686
1203
2282
2360
2270
1394
-657
-2557
-2568
-686
1588
3856
6450
9090
10927
10692
8630
5832
3223
736
-1240
-2651
-5692
-8949
-9247
-7952
-8281
-10780
-11867
-9066
-4576
-997
1198
3999
8752
13515
15604
13765
9514
6042
3962
1017
-3581
-7244
-7397
-5310
-3660
-3343
-3821
-4457
-5121
-5512
-5986
-6690
-6207
-3118
1892
6625
9564
11088
11774
10595
6359
589
-4209
-7472
-9250
-9514
-8126
-4995
-1015
1989
2951
2620
2159
1167
-875
-3036
-3434
-1775
525
2831
5390
8000
9894
10121
8429
5828
3289
1229
-12
-2010
-6030
-8742
-7808
-6301
-7698
-10537
-10435
-7013
-3184
-662
932
3658
8239
12533
13546
10822
7199
5082
3408
43
-4340
-6775
-6136
-4209
-3189
-3399
-3830
-3953
-4309
-4898
-5537
-5767
-4743
-1705
2707
6418
8502
9721
10100
8206
3974
-591
-4122
-6666
-8028
-7720
-5716
-2697
127
2026
2826
2669
1995
564
-1487
-2738
-2038
-464
1008
2992
5629
8024
8838
7627
5736
4023
2112
517
-1180
-4672
-7962
-7889
-6115
-6646
-9475
-9900
-6430
-2398
-120
1163
3501
7397
11140
12587
10581
6683
4042
2842
502
-3819
-7081
-6833
-4581
-3178
-3200
-3693
-3762
-3626
-3645
-4234
-5063
-4617
-1894
2168
5579
7602
8775
9417
8372
4522
-444
-4441
-6940
-8054
-8074
-6724
-3690
23
2778
3840
3625
2950
2132
723
-1257
-2208
-1164
876
2725
4497
6774
8065
7473
6004
4382
2386
251
-2278
-6102
-9402
-9594
-8036
-8089
-9946
-9636
-5360
-383
2212
3200
5599
9777
12970
12976
9935
5885
3176
1491
-1306
-5405
-8028
-7215
-4474
-2917
-3189
-3757
-3558
-3287
-3590
-4485
-5043
-4115
-1127
2901
6140
7958
9030
9739
8074
3278
-1234
-4437
-7040
-8587
-8836
-6863
-3199
153
2307
3357
3917
3849
2685
807
-829
-991
-73
1229
2965
4874
6797
7947
7480
5726
3493
1636
29
-3501
-8404
-10851
-9861
-8648
-9598
-10733
-8691
-3935
745
3433
4900
7474
11508
14379
13714
9778
5726
3290
1151
-2531
-6785
-8989
-8063
-5803
-4551
-4684
-4694
-4003
-3270
-2983
-3077
-2952
-1796
919
4135
6406
7457
7965
7651
5111
1509
-1389
-3881
-6046
-7327
-6948
-4726
-2152
-405
764
2079
3139
3183
2244
1024
657
1470
2298
2537
3011
4466
6036
6318
5210
3654
2597
2035
-611
-5839
-9603
-9907
-9184
-10275
-11857
-10401
-5917
-767
3039
5276
7701
11188
14190
14093
10492
6212
3432
1418
-1508
-5043
-7232
-7228
-5916
-4909
-5118
-5998
-6433
-5795
-4661
-3960
-3279
-1269
2241
5544
7200
7484
6905
5677
4134
1933
-1084
-3798
-4835
-3970
-2686
-2295
-2214
-1222
319
794
-87
-995
-928
452
2469
3566
4133
5360
7066
7825
6466
4163
2723
1888
1142
-435
-3818
-7101
-7948
-7247
-8046
-10977
-12295
-9760
-5371
-1817
551
3835
8672
13265
15647
14616
10891
7094
4502
1556
-2945
-6844
-7866
-6508
-4897
-4579
-5330
-5763
-5560
-5414
-5758
-5856
-4795
-2173
1815
5674
8031
8554
8347
7477
4479
264
-3404
-5774
-6175
-5786
-5066
-3131
-326
2027
2902
2910
2658
2256
2026
1619
872
1189
2832
4645
5920
6464
6690
6704
5767
4215
1237
-4091
-8748
-10174
-9790
-10670
-12341
-11397
-7436
-2963
37
1523
3239
6083
9361
10968
9684
7206
5924
5930
4780
1368
-2027
-3515
-3680
-4230
-5862
-7715
-8758
-8489
-7133
-5628
-4465
-2741
511
4433
7060
7496
6774
5146
2541
273
-1800
-3950
-5278
-4896
-2491
223
1282
1200
1356
2037
2107
917
-569
-836
555
2494
3927
4813
5833
7257
7843
7118
5084
3041
1749
-1438
-6318
-9335
-9458
-8924
-9866
-10441
-8275
-4387
-747
1180
2170
3953
6663
8645
8232
5934
4205
4044
3901
1856
-818
-2029
-1840
-1688
-2558
-4269
-5869
-6748
-6561
-6036
-5735
-4903
-2340
1579
4353
4932
5015
5442
5095
3096
267
-1782
-2542
-2612
-2552
-2490
-2233
-1485
-297
175
-485
-693
686
2702
3714
4123
5171
6403
7116
6844
5404
3778
2608
2367
1266
-2426
-6085
-7129
-6649
-7394
-9526
-10070
-7800
-3972
-615
1327
3061
5698
8644
9967
8271
4951
2371
1246
51
-2082
-3782
-3746
-2258
-803
-698
-1912
-3560
-4821
-5131
-5377
-6429
-6550
-3918
524
4219
5996
6788
7307
7020
5416
2272
-1666
-4422
-4752
-4020
-3965
-4131
-3117
-1193
392
1096
1541
1988
2703
3955
5033
5405
5661
5816
6044
6142
5719
4229
666
-3408
-5860
-7001
-8297
-10394
-11207
-9013
-4914
-1087
1138
2877
5499
8416
9636
7847
4386
1748
585
-426
-2416
-4258
-4372
-2821
-1151
-1001
-2223
-3390
-4031
-4353
-4768
-5175
-4983
-3244
431
4274
6245
6632
6886
7006
5988
3054
-905
-3763
-4432
-4002
-3973
-4255
-3634
-1604
673
1852
1850
1668
2250
3346
3682
3255
2981
3527
4843
5893
6159
4746
1557
-1400
-3372
-5486
-8625
-11592
-11627
-8577
-4535
-1245
1586
5003
8681
11196
11248
8538
4737
1872
42
-2235
-5025
-6465
-5800
-4141
-3147
-3476
-4410
-5277
-5707
-6029
-6288
-5655
-3557
7
3868
6601
8442
9674
9551
7784
4946
1646
-1287
-3344
-4488
-4859
-4366
-3238
-2049
-1175
-342
605
801
298
534
1621
3006
4046
4505
5375
6367
6915
5621
1716
-2253
-4599
-5925
-7585
-9709
-10016
-7643
-3911
-560
1510
3239
5364
7630
8802
7706
5425
3858
3382
2605
670
-1326
-2500
-2854
-3310
-4734
-6636
-8265
-9054
-8801
-7859
-6692
-5397
-2990
876
4520
6544
7151
7323
7590
7404
5711
2797
518
-109
-119
-895
-2425
-3261
-2547
-863
-124
-1065
-1548
-283
1705
2728
2219
2139
3316
4962
5410
2937
-510
-2436
-2991
-4049
-6579
-8600
-8029
-5143
-1954
-158
1125
3226
6060
8060
7695
5417
3091
1944
1236
-152
-1571
-1991
-1071
268
642
-369
-2176
-3868
-5232
-6645
-7975
-8184
-6512
-3544
-476
1925
3908
5625
6242
5375
3452
1285
-308
-1041
-1169
-1016
-337
1122
2881
4386
4557
3058
1665
891
113
-860
-1935
-1444
469
2716
4140
3058
801
-983
-2370
-4448
-7798
-10006
-9321
-6331
-2682
161
2744
5622
8535
10043
8879
5829
2603
421
-1146
-2994
-4424
-4494
-3059
-1319
-535
-835
-1571
-2245
-2806
-3332
-3921
-3970
-2635
-6
2568
3820
4105
4321
4149
2898
407
-2188
-3669
-3853
-3339
-2722
-1922
-171
2706
4891
5036
4306
4158
4237
3441
1605
317
379
1423
2125
848
-941
-1673
-1985
-3180
-5835
-7937
-7972
-6297
-3990
-1944
370
3478
6878
9170
9191
7324
4760
2367
60
-2415
-4526
-5484
-4999
-3634
-2758
-2644
-2938
-3344
-3604
-4167
-4392
-3569
-1828
494
2916
5152
7007
7709
6793
5021
2915
485
-1817
-3409
-4029
-3564
-2174
-122
1400
1633
1788
2128
2100
1243
-143
-353
844
2387
3391
2960
1765
846
25
-1655
-4520
-7025
-7559
-6250
-4362
-2853
-1031
1787
4866
6791
6861
5559
3904
2596
1354
-388
-1923
-2297
-1554
-747
-847
-1669
-2754
-3868
-5076
-6313
-7294
-7103
-5068
-2141
732
3347
5514
6959
7064
5730
3551
1228
-531
-1517
-1604
-672
1264
3507
4568
4541
4121
3211
1516
-784
-2666
-2965
-1946
-364
961
1317
1315
1234
304
-2098
-5335
-7531
-7817
-6853
-5380
-3184
22
3746
6909
8446
8207
6590
4308
1928
-749
-3366
-4651
-4282
-3041
-1656
-416
394
616
40
-1406
-3358
-4930
-5386
-4739
-3163
-1074
1209
3470
4867
4715
3317
1366
-535
-2012
-2612
-2071
-192
2077
3679
4751
5249
5087
3995
1995
194
-540
-369
466
1070
1093
1127
1205
770
-1088
-3769
-5719
-6224
-5767
-5023
-3788
-1620
1317
3978
5376
5302
4079
2410
774
-1093
-3077
-4309
-4248
-3151
-1871
-862
-80
424
437
-7
-822
-1648
-2033
-1665
-763
209
1161
2188
3001
2992
2359
1396
215
-877
-1288
-792
-55
369
1117
2392
3377
3478
2614
1624
1177
986
735
249
-536
-932
-854
-806
-1532
-2830
-3543
-3340
-2773
-2168
-1332
6
1705
3354
4356
4306
3311
1989
871
-475
-2258
-3691
-4039
-3542
-2998
-2688
-2494
-2298
-2220
-2163
-2093
-2151
-1726
-377
1367
2581
3113
3576
3854
3494
2381
1059
96
-220
440
1349
1545
1467
1904
2632
2611
1171
-643
-1460
-969
-77
497
738
1007
1907
2639
1406
-1678
-3908
-4404
-4727
-5168
-5151
-3706
-569
2576
4297
4669
4331
3546
2133
-26
-2650
-4644
-4923
-3760
-2343
-1197
-78
1129
1849
1515
336
-1176
-2493
-3065
-2661
-1897
-1216
-301
983
1978
2227
1844
1204
831
1098
1843
2235
2415
3134
4253
4918
4054
2250
789
-138
-790
-1568
-1945
-1878
-1357
-475
-23
-232
-1017
-1669
-1747
-1725
-1695
-1375
-525
775
2045
2758
2711
1899
706
-606
-2131
-3805
-5084
-5393
-4838
-3925
-2928
-1948
-914
30
661
998
1041
1116
1543
2123
2406
2260
1921
1545
1016
165
-479
-584
-615
-428
348
1617
2654
3020
2974
2826
2589
2190
1701
1263
898
724
779
545
-168
-933
-1647
-2395
-3040
-3390
-3328
-2783
-1793
-619
544
1574
2308
2407
1867
859
-386
-1580
-2496
-3116
-3372
-2997
-2156
-1265
-631
-273
-129
-386
-868
-1288
-1691
-1947
-1815
-1321
-778
-233
473
1254
1988
2573
2726
2935
3443
3877
3926
3446
3029
3011
2996
2534
1697
1080
943
464
-565
-1722
-2652
-2951
-3019
-3051
-2777
-2122
-1006
238
1198
1700
2061
2411
2309
1609
522
-632
-1871
-3227
-4194
-4728
-5029
-4870
-4027
-2820
-1683
-565
441
1213
1593
1774
1855
1535
1030
828
737
511
258
457
737
493
224
257
468
476
52
-311
-59
605
1121
1576
2238
3076
3968
4188
3493
2409
1424
682
-297
-1426
-1924
-1529
-775
-218
-23
99
238
6
-729
-1790
-2826
-3458
-3511
-3146
-2626
-2091
-1298
-314
312
404
70
-556
-1005
-1140
-1274
-1470
-1457
-1089
-533
-49
272
539
931
1295
1361
1423
1635
1977
2176
2012
1873
1922
1951
1789
1393
976
775
779
768
403
-264
-842
-1098
-1277
-1526
-1546
-1130
-375
557
1525
2351
2832
2867
2637
2076
1101
-198
-1524
-2578
-3276
-3686
-3721
-3479
-3154
-2533
-1793
-1380
-1389
-1469
-1355
-1198
-1261
-1259
-892
-274
483
1218
1748
1972
1936
1922
1780
1391
904
498
488
807
1097
1261
1442
1770
2156
2264
2020
1469
774
138
-381
-975
-1383
-1480
-1188
-597
-49
587
1118
1276
1195
995
616
73
-521
-1012
-1346
-1534
-1581
-1592
-1584
-1377
-855
-460
-361
-320
-206
-116
-302
-854
-1375
-1594
-1610
-1581
-1547
-1514
-1591
-1406
-865
-368
-231
-131
430
1291
2003
2356
2522
2746
3034
3255
3163
2579
1889
1552
1354
700
-327
-1033
-1175
-1131
-1322
-1553
-1432
-924
-191
390
655
757
856
895
537
-191
-882
-1318
-1392
-1352
-1178
-848
-464
-64
234
310
206
-19
-298
-587
-725
-594
-548
-845
-1096
-959
-630
-404
-529
-692
-339
316
735
682
530
756
1029
987
683
299
127
300
474
356
266
342
561
738
697
751
860
1082
1432
1690
1659
1483
1103
473
-357
-1318
-2093
-2628
-2913
-2790
-2332
-1697
-974
-304
218
449
426
228
27
-277
-518
-357
83
448
700
935
1220
1377
1083
363
-374
-757
-805
-823
-877
-620
71
827
1134
882
358
-14
-191
-476
-748
-735
-253
551
1098
1265
1234
1155
1091
854
450
129
-78
-122
-39
-20
-246
-535
-703
-829
-1049
-1283
-1422
-1356
-984
-354
255
588
757
769
639
165
-518
-1126
-1569
-1765
-1395
-727
-79
495
1031
1494
1669
1402
883
435
260
363
462
453
467
670
803
609
-17
-541
-778
-900
-1037
-1333
-1470
-1183
-706
-254
88
399
829
1267
1617
1624
1331
997
746
560
247
-163
-469
-572
-618
-861
-1155
-1312
-1289
-1113
-944
-835
-651
-399
-7
311
298
154
192
509
666
579
339
251
252
308
249
74
-97
-77
91
234
253
331
631
947
1052
895
732
568
228
-353
-927
-1239
-1366
-1347
-1097
-835
-507
-91
354
612
654
615
556
500
378
211
51
-63
-37
36
0
-36
-39
0
1
-122
-372
-604
-740
-776
-876
-936
-714
-200
305
643
877
964
844
492
11
-495
-902
-972
-671
-228
384
959
1422
1680
1644
1344
801
134
-426
-783
-862
-693
-511
-452
-438
-284
-137
-249
-577
-842
-837
-619
-326
-108
69
346
721
942
832
493
207
85
-38
-244
-398
-413
-199
51
79
-53
-165
-117
-58
-86
-159
-18
374
701
893
956
886
711
498
53
-612
-1109
-1306
-1182
-979
-746
-429
-67
242
403
312
219
218
229
258
247
150
105
58
-81
-131
-189
-222
-112
40
89
30
-129
-259
-390
-543
-486
-288
-17
283
574
858
1078
1059
784
392
-13
-315
-494
-650
-752
-540
-150
223
464
535
565
539
369
173
-22
-175
-154
35
299
499
561
591
587
353
-154
-686
-1068
-1350
-1501
-1509
-1350
-1124
-799
-442
-160
-22
43
233
371
406
408
395
273
181
123
78
73
82
111
217
329
382
298
80
1
103
341
440
391
498
839
1018
957
798
723
665
490
224
-74
-428
-646
-658
-698
-752
-730
-522
-307
-287
-369
-280
-49
113
175
288
371
287
31
-309
-728
-1108
-1305
-1294
-1179
-910
-499
-49
310
346
182
-52
-395
-716
-786
-579
-120
364
772
1090
1285
1147
760
233
-180
-311
-193
22
433
957
1537
2026
2129
1930
1461
829
205
-316
-760
-949
-824
-397
98
490
603
473
198
-182
-674
-1232
-1645
-1633
-1415
-1103
-791
-535
-323
-320
-432
-626
-817
-966
-917
-675
-356
-25
360
747
1022
1020
965
812
391
-120
-565
-778
-828
-818
-744
-494
-201
48
178
252
316
514
876
1289
1518
1631
1806
1966
1887
1489
898
331
-84
-371
-564
-630
-472
-59
357
453
364
239
123
-151
-754
-1378
-1690
-1776
-1771
-1772
-1655
-1265
-843
-540
-235
0
118
67
-120
-243
-242
-217
-40
201
411
766
1037
1053
911
688
464
145
-373
-686
-745
-737
-539
-255
20
369
806
1216
1418
1288
1080
914
634
347
81
-43
93
349
670
904
889
734
474
122
-346
-873
-1305
-1420
-1313
-1106
-865
-676
-525
-433
-447
-602
-898
-1117
-1116
-971
-766
-421
77
569
936
1056
1043
865
619
295
-46
-381
-526
-507
-425
-296
-112
209
538
710
665
599
481
333
120
-25
-77
10
337
777
1025
1083
1075
1037
771
244
-256
-550
-633
-625
-487
-283
-30
240
341
187
-125
-423
-640
-787
-996
-1128
-1054
-851
-665
-593
-583
-536
-457
-452
-416
-294
-66
311
756
1016
994
857
730
581
268
-186
-491
-413
-119
115
245
304
414
586
578
346
143
95
219
255
128
51
103
180
131
-41
-157
-156
-106
-43
110
264
427
496
435
319
160
58
-123
-353
-584
-697
-756
-838
-897
-862
-758
-731
-740
-637
-376
-81
144
332
485
569
469
205
-85
-337
-422
-404
-271
-60
204
547
784
770
587
336
224
204
279
449
604
640
627
632
554
365
82
-180
-459
-682
-743
-658
-453
-172
119
291
300
197
-27
-229
-328
-423
-416
-171
246
670
821
701
469
170
-220
-708
-1187
-1457
-1498
-1374
-1161
-814
-389
-47
152
287
444
488
465
456
553
656
824
1012
1128
1086
895
538
-15
-588
-1008
-1244
-1376
-1306
-942
-415
187
785
1302
1613
1525
1204
876
532
137
-277
-534
-565
-453
-315
-248
-181
-18
152
122
-189
-501
-608
-535
-429
-364
-259
-2
328
478
259
-191
-520
-572
-694
-967
-1064
-791
-304
27
79
32
151
355
416
241
86
283
747
1069
1111
1031
1018
963
696
190
-201
-296
-164
-75
-169
-281
-229
-168
-309
-630
-889
-807
-511
-234
-85
97
425
735
797
691
566
507
405
161
-71
-190
-183
-156
-269
-478
-550
-577
-732
-887
-947
-738
-398
-202
-47
117
245
333
144
-194
-404
-471
-423
-337
-196
133
645
989
1040
844
591
413
209
6
-37
88
370
677
790
746
605
401
120
-320
-719
-797
-623
-406
-258
-109
30
112
-60
-364
-583
-722
-792
-736
-535
-166
337
752
984
968
810
615
310
20
-195
-253
-149
-57
-60
-120
-217
-390
-593
-847
-995
-991
-841
-614
-375
-111
220
530
734
794
747
658
574
530
494
478
487
510
510
442
293
98
-120
-259
-338
-426
-455
-377
-193
24
141
87
-46
-137
-124
-139
-256
-311
-204
-27
27
-38
-105
-124
-168
-286
-407
-395
-281
-115
26
75
154
253
315
302
206
169
238
369
445
390
280
202
75
-236
-634
-948
-1039
-1005
-831
-537
-89
493
1005
1286
1283
1139
929
635
214
-204
-420
-398
-280
-181
-146
-130
-156
-246
-426
-646
-808
-818
-659
-393
-32
400
781
975
950
719
390
-18
-403
-667
-762
-755
-637
-420
-161
69
210
297
274
160
115
132
137
118
124
209
320
346
268
105
-55
-189
-289
-353
-321
-137
152
434
575
560
435
336
193
-11
-231
-310
-204
-45
21
29
80
123
108
-38
-272
-488
-554
-503
-432
-368
-231
-60
68
115
108
147
197
184
97
-29
-213
-320
-304
-155
15
153
290
417
453
298
46
-173
-331
-408
-403
-321
-153
60
243
349
349
314
302
286
240
228
204
167
144
72
15
9
40
53
48
77
141
181
128
-19
-135
-191
-260
-340
-390
-371
-275
-234
-293
-338
-311
-188
-70
-59
-87
-73
22
92
40
-44
43
213
293
191
49
58
120
14
-283
-493
-442
-193
6
118
233
414
573
542
322
118
47
61
37
-25
15
158
277
234
114
8
-32
-28
-79
-155
-141
-1
216
333
320
257
277
293
89
-247
-559
-664
-604
-568
-577
-551
-437
-271
-214
-311
-380
-279
-72
161
307
394
542
610
491
251
-2
-149
-195
-260
-286
-210
-37
161
271
271
268
303
277
137
-45
-92
3
106
132
152
241
360
345
168
43
76
117
33
-21
49
199
288
212
73
-38
-98
-214
-454
-666
-667
-601
-561
-588
-562
-351
-141
-59
-57
-4
110
173
104
12
1
43
55
-36
-153
-123
12
118
187
302
467
575
525
342
188
56
-49
-125
-137
5
227
371
408
319
141
-36
-281
-517
-637
-583
-298
76
409
690
877
947
801
467
37
-319
-543
-640
-668
-659
-534
-323
-143
-113
-193
-281
-289
-327
-387
-397
-376
-232
-59
28
79
147
281
393
391
315
261
275
272
180
48
-26
13
85
57
-16
38
217
366
373
300
300
348
256
31
-196
-348
-396
-408
-448
-481
-384
-189
-62
-64
-101
-30
78
54
-16
14
182
354
361
269
193
163
67
-200
-500
-646
-613
-568
-558
-466
-221
101
305
326
313
418
551
545
384
206
172
221
182
71
16
113
306
370
248
122
95
57
-106
-364
-537
-532
-446
-370
-332
-222
-43
116
136
60
15
44
107
66
-27
-39
11
66
34
-69
-115
-121
-142
-199
-225
-199
-184
-160
-95
-21
70
148
219
242
155
81
94
129
155
126
74
118
173
188
134
92
159
290
342
313
278
291
292
184
-14
-174
-209
-197
-220
-287
-308
-250
-167
-166
-224
-311
-367
-382
-408
-422
-331
-147
44
157
212
269
247
129
-47
-187
-202
-130
-25
82
231
427
490
341
116
-50
-168
-312
-440
-420
-162
182
425
527
563
592
518
251
-119
-395
-415
-256
-112
7
202
470
621
506
224
-34
-193
-294
-432
-540
-473
-250
-5
56
-29
-115
-151
-238
-433
-586
-547
-346
-129
16
157
300
350
264
36
-203
-333
-315
-225
-100
82
300
504
615
603
486
331
171
40
-26
-36
-23
37
142
226
224
128
2
-101
-128
-131
-97
-5
131
258
278
221
95
-90
-292
-458
-564
-587
-534
-449
-280
-86
52
135
120
63
-13
-144
-293
-339
-264
-142
-59
-10
95
226
286
241
135
79
51
8
-48
-55
35
163
257
306
366
404
373
290
260
248
196
118
96
132
155
132
105
84
42
-18
-93
-147
-167
-182
-243
-333
-430
-471
-481
-509
-530
-512
-385
-200
-45
68
160
271
341
289
141
22
-52
-107
-145
-166
-102
28
144
214
194
125
85
26
-64
-160
-155
5
227
414
540
615
650
603
448
215
0
-109
-152
-210
-270
-236
-150
-89
-113
-187
-229
-210
-176
-165
-141
-86
-6
64
35
-65
-165
-271
-405
-551
-609
-553
-423
-289
-151
-13
115
184
168
137
138
170
228
266
310
397
446
449
354
210
103
21
-13
-5
55
168
284
327
308
273
217
120
15
-51
-62
-25
17
59
91
98
100
80
-5
-106
-191
-242
-288
-352
-388
-392
-382
-393
-415
-430
-412
-378
-341
-302
-243
-151
-62
-21
-27
-47
-37
-4
26
78
166
294
439
530
543
499
425
331
201
83
20
65
176
279
353
409
442
391
216
-8
-196
-298
-337
-334
-273
-135
23
141
178
139
79
3
-107
-246
-329
-316
-273
-246
-209
-154
-108
-127
-208
-287
-353
-378
-402
-425
-392
-296
-180
-84
3
94
169
179
142
114
129
142
157
208
286
377
448
495
515
502
477
392
272
165
66
18
-23
-81
-120
-119
-98
-119
-168
-188
-151
-96
-55
-32
-4
50
92
62
-16
-106
-170
-205
-254
-287
-293
-264
-218
-194
-188
-177
-153
-120
-124
-168
-164
-98
-5
58
127
231
311
336
302
212
110
54
13
-30
-38
33
174
306
356
347
341
336
300
215
119
89
111
130
108
70
47
14
-82
-227
-348
-409
-414
-410
-391
-333
-240
-166
-129
-125
-177
-214
-238
-253
-245
-200
-103
28
135
183
165
107
36
-33
-128
-190
-183
-125
-27
45
112
213
309
343
319
268
235
234
242
246
255
284
328
323
236
105
2
-60
-119
-191
-229
-169
-57
35
58
48
48
40
-15
-138
-261
-308
-286
-231
-201
-190
-170
-142
-164
-246
-313
-297
-223
-149
-84
-4
84
150
175
137
60
1
-20
-14
0
44
143
252
305
296
289
286
234
120
21
7
53
69
67
107
152
157
72
-61
-139
-134
-85
-52
4
115
249
314
266
169
85
9
-99
-231
-302
-293
-270
-281
-319
-310
-267
-242
-259
-268
-219
-124
-49
6
67
143
181
161
113
85
65
8
-70
-99
-49
38
117
142
161
190
180
107
11
-54
-62
-32
21
92
175
238
229
166
63
-54
-162
-231
-261
-261
-202
-96
29
144
239
315
344
335
300
222
142
33
-80
-186
-280
-333
-382
-386
-355
-284
-206
-149
-104
-67
-60
-69
-73
-59
-5
41
104
164
202
212
183
141
83
22
-19
-57
-56
5
67
130
178
196
200
192
143
71
-6
-45
-48
-72
-85
-62
-8
40
37
33
37
28
2
-29
-60
-69
-71
-81
-97
-91
-66
-59
-48
-62
-72
-85
-115
-137
-172
-212
-244
-253
-232
-211
-181
-136
-53
48
119
156
167
168
190
220
210
188
198
239
260
204
131
84
28
-42
-106
-125
-97
-21
69
126
162
193
182
145
103
66
21
-30
-69
-72
-45
-15
-12
-37
-41
-44
-47
-62
-78
-42
4
22
18
-9
-33
-89
-181
-284
-335
-315
-263
-212
-164
-92
-7
43
44
19
17
42
78
97
114
154
206
240
234
191
133
65
-9
-85
-157
-164
-104
-21
44
99
170
250
276
244
191
124
44
-21
-61
-72
-73
-65
-40
-17
-15
-24
-44
-78
-103
-113
-117
-95
-63
-53
-46
-56
-65
-50
-44
-46
-39
-21
-8
-6
-20
-45
-79
-105
-109
-95
-78
-58
-18
64
126
135
110
95
99
92
61
-2
-8
34
90
99
78
90
119
116
54
-25
-64
-52
-57
-77
-66
-10
54
73
45
3
-46
-72
-113
-176
-204
-176
-112
-78
-58
-28
10
15
-34
-93
-130
-136
-114
-99
-76
-29
53
114
138
164
191
197
161
100
50
29
27
27
33
56
94
130
144
117
74
42
13
-4
-7
-1
-6
17
52
55
31
-10
-35
-40
-49
-71
-92
-93
-78
-81
-101
-106
-91
-78
-80
-88
-107
-120
-121
-113
-88
-48
-4
45
79
89
82
68
45
3
-26
-20
0
5
22
54
93
102
82
56
52
74
86
100
127
168
189
196
168
119
75
11
-60
-126
-168
-170
-125
-72
-19
17
36
43
14
-61
-138
-185
-211
-227
-213
-167
-92
-2
59
82
61
21
-13
-61
-112
-151
-141
-87
-38
10
68
127
147
162
147
100
79
68
55
36
12
9
21
20
4
10
40
73
91
114
134
130
90
61
45
20
16
10
1
-17
-44
-60
-68
-79
-107
-138
-151
-140
-105
-70
-42
-15
20
34
16
-35
-85
-117
-155
-172
-142
-63
7
59
98
139
161
134
83
42
8
-10
-18
-12
-5
-9
-13
-34
-68
-97
-98
-84
-64
-33
10
52
85
99
100
87
72
75
85
81
75
82
94
89
50
-3
-34
-22
-16
-34
-47
-36
3
24
19
9
29
46
37
12
-12
-27
-35
-53
-67
-62
-24
0
0
4
17
26
12
-13
-36
-16
8
3
-19
-17
8
13
-21
-54
-60
-43
-31
-35
-40
-32
7
25
6
-30
-32
8
23
14
4
19
40
39
9
-9
22
59
64
31
23
33
26
-10
-37
-34
-20
-12
-13
-1
8
28
40
43
40
24
2
-15
-42
-83
-118
-142
-145
-128
-94
-59
-14
39
76
69
45
32
6
-41
-85
-118
-126
-109
-76
-33
5
37
66
84
80
61
38
30
30
31
50
87
141
187
192
159
107
68
30
-35
-100
-135
-124
-82
-58
-28
21
64
94
76
27
-13
-53
-93
-144
-165
-139
-94
-32
-2
14
25
30
-4
-41
-70
-86
-68
-43
-18
2
51
97
117
97
37
7
3
-27
-56
-69
-42
-1
32
57
89
122
126
117
110
104
77
60
61
69
90
83
52
33
15
-5
-31
-73
-95
-82
-46
-11
14
34
36
22
-16
-61
-103
-127
-125
-117
-94
-56
-19
7
11
2
-9
-23
-44
-52
-51
-45
-39
-54
-58
-43
-34
-43
-54
-47
-26
-10
2
23
42
53
60
63
59
65
71
75
74
76
89
112
115
102
94
93
91
72
55
48
35
24
12
-12
-38
-53
-60
-60
-66
-78
-87
-80
-62
-61
-76
-92
-93
-89
-96
-96
-76
-49
0
50
76
89
89
67
28
-9
-35
-34
-36
-31
-11
19
36
50
53
35
4
-30
-49
-63
-64
-56
-44
-24
14
59
68
72
71
56
25
-18
-38
-50
-57
-52
-21
8
20
27
34
27
2
-19
-36
-57
-76
-86
-70
-55
-34
-16
-2
22
27
27
38
43
35
30
24
24
39
55
46
38
31
16
-21
-71
-84
-65
-35
-17
12
58
90
74
53
35
20
5
-10
-15
-14
0
5
-2
3
2
11
9
8
18
30
50
43
22
16
5
-23
-37
-51
-55
-52
-24
7
23
51
70
82
76
60
48
27
-13
-56
-90
-99
-107
-115
-103
-75
-38
-16
6
27
44
44
34
12
-8
-15
-24
-42
-44
-43
-25
-19
-29
-39
-36
-2
30
35
20
25
57
75
49
28
37
56
58
39
27
52
67
63
40
30
41
43
27
-10
-20
-11
-5
-23
-25
-19
8
23
18
11
3
-7
-17
-48
-95
-120
-143
-158
-157
-124
-72
-29
3
47
59
43
31
12
-6
-20
-34
-34
-9
20
28
21
12
25
32
23
7
-4
-9
3
10
5
10
42
84
107
99
85
74
77
64
22
-15
-35
-23
0
1
-17
-18
-10
-10
-23
-46
-49
-53
-59
-74
-79
-52
-27
-12
-12
-1
25
36
21
4
3
10
20
31
29
28
32
43
38
22
1
5
7
11
38
55
71
79
75
50
25
-5
-35
-62
-69
-61
-44
-17
-15
-37
-42
-24
-2
-7
-25
-31
-6
19
5
-6
8
35
28
-5
-39
-57
-64
-76
-83
-78
-65
-37
-27
-23
-18
-19
-14
-23
-56
-68
-59
-54
-60
-48
-18
11
32
33
44
66
79
65
37
11
18
29
21
16
23
54
75
73
71
66
58
34
-8
-24
-8
-10
-10
16
48
72
86
69
35
6
-22
-55
-80
-90
-103
-102
-87
-63
-43
-27
-23
-20
-22
-25
-19
-18
-3
27
53
62
71
73
61
42
10
-29
-50
-47
-12
34
57
63
72
89
77
42
7
-7
-1
2
2
6
16
33
28
9
6
26
46
37
24
9
1
-14
-34
-51
-57
-52
-44
-36
-40
-22
1
14
-15
-46
-40
-30
-48
-84
-107
-107
-88
-76
-57
-9
53
104
126
111
87
79
48
-8
-54
-52
-25
-2
-9
3
30
41
31
-5
-29
-49
-47
-45
-43
-21
19
63
86
84
94
96
71
28
-16
-49
-58
-69
-84
-71
-43
-33
-34
-35
-42
-49
-54
-55
-55
-41
-9
21
41
50
41
35
28
1
-19
-24
-9
13
27
21
25
45
47
30
19
17
26
31
23
27
31
24
19
14
18
30
31
29
9
-4
10
21
21
10
0
-4
12
21
33
40
26
14
2
-4
-22
-57
-84
-83
-69
-64
-70
-60
-32
-9
3
-1
0
7
5
-9
-39
-51
-60
-73
-89
-93
-67
-37
-3
31
58
75
84
78
56
34
8
-11
-25
-29
-23
-14
9
19
24
15
10
21
24
33
30
21
24
56
67
51
22
20
20
9
-12
-29
-26
-21
-13
-21
-18
-10
1
12
19
21
14
6
1
-24
-52
-69
-63
-42
-22
-17
-20
-4
10
7
-10
-21
-40
-48
-44
-31
-23
-12
11
22
23
4
-12
-12
-7
-17
-29
-27
1
20
26
21
22
38
43
27
16
29
43
39
39
37
40
48
41
28
35
44
47
33
22
26
37
43
29
12
-16
-18
-23
-54
-81
-83
-68
-47
-51
-56
-42
-21