15
17
16
11
7
5
10
5
0
-1
0
4
-2
-5
-5
-4
2
0
-6
-5
-5
1
7
4
-3
-6
-4
-2
0
-6
-7
3
8
2
13
18
12
11
-1
-5
2
-6
-15
-16
-7
2
1
0
2
8
12
2
-5
-1
0
5
4
-8
-16
-4
-1
-8
-10
-9
-3
8
1
-6
-3
-3
5
1
0
2
0
-4
-4
-6
-9
-2
-2
-7
-15
-11
-25
-32
-28
-21
-12
-6
5
14
18
10
6
3
-3
-12
-24
-23
-18
-16
-16
-9
3
8
8
-2
1
6
3
-7
-7
6
11
12
9
19
25
17
7
1
8
4
2
-1
1
-1
-7
-7
2
8
4
0
-4
1
-1
-1
-3
1
5
6
-2
5
18
15
9
7
5
3
7
-1
0
0
-4
0
7
1
-10
-4
6
7
1
-4
0
7
5
4
3
5
10
4
-3
-2
9
14
4
1
1
0
-6
-13
-12
-2
3
-2
0
3
1
1
5
2
-11
-17
-14
-5
-3
-15
-17
-12
-13
-7
-10
-12
-11
-11
-9
-7
5
1
-12
-14
-5
0
1
-3
3
9
7
0
-5
-5
2
0
-11
-2
20
25
22
20
20
15
9
4
-1
0
3
8
16
17
6
3
5
4
-2
-7
-12
-8
2
-2
6
16
12
16
11
0
-6
-16
-26
-26
-23
-22
-10
-1
4
4
10
6
0
-1
-9
-14
-6
5
4
9
12
14
15
11
-7
-12
-12
-9
-17
-22
-12
-9
0
7
3
-2
7
10
4
-16
-23
-12
1
3
-3
1
9
21
27
21
4
-4
-4
0
-6
-3
2
-1
7
14
15
15
19
-4
-15
-6
-8
-15
-19
-9
-3
-8
-4
2
-3
2
1
-2
4
5
15
20
15
6
-2
-8
-10
-13
-12
-22
-18
-5
15
19
11
14
11
9
-3
-12
-10
-3
-2
4
6
10
18
24
24
7
-5
-8
-2
-4
-14
-16
-4
20
23
6
-4
3
1
-4
-20
-26
-11
4
1
8
13
10
7
17
13
-9
-16
-14
-11
-12
-17
-18
-1
6
-3
0
4
2
4
0
-3
2
11
17
25
17
23
30
11
-3
-6
-7
-13
-19
-8
3
4
-4
-3
-3
-2
-16
-25
-18
-12
-3
4
4
0
8
4
-6
-11
-13
-26
-28
-18
-17
-7
-1
-7
-16
-7
-1
-2
-9
-11
-6
4
10
2
-14
-17
-12
-13
-17
-2
6
5
4
18
27
5
-7
-10
-15
-24
-7
3
-3
3
15
7
0
4
14
8
6
12
14
22
21
24
24
21
13
-4
-19
-21
-7
5
5
9
29
33
23
17
26
22
7
-13
-7
6
17
35
60
57
66
78
47
5
-37
-68
-69
-78
-110
-81
-65
-35
14
31
48
91
111
109
107
67
36
20
-15
-32
1
25
43
63
71
75
50
16
13
-2
3
21
36
43
38
20
-29
-71
-88
-76
-56
-12
36
32
30
46
25
-42
-101
-124
-117
-115
-124
-89
-41
-41
-90
-98
-77
-69
-54
-51
-77
-83
-21
7
-16
-7
28
33
-14
-54
-61
-75
-138
-221
-243
-264
-246
-189
-157
-144
-120
-56
21
109
153
208
256
316
335
291
270
241
154
100
54
-31
-28
-31
-96
-145
-170
-162
-137
-130
-157
-188
-189
-147
-72
-46
10
124
207
249
306
334
235
118
22
-47
-57
0
40
119
221
245
213
179
145
68
-64
-142
-49
69
187
304
405
413
363
266
102
-133
-293
-347
-367
-426
-450
-359
-256
-192
-183
-150
-114
-47
58
82
98
178
161
117
117
141
161
133
97
133
156
91
-45
-152
-163
-173
-212
-178
-109
-32
73
163
242
319
346
270
128
44
34
-54
-185
-224
-130
21
129
169
120
121
214
201
59
-40
-149
-239
-354
-479
-524
-480
-370
-293
-291
-251
-106
5
51
36
13
-92
-224
-303
-319
-431
-478
-474
-441
-313
-154
-77
-62
-19
34
102
67
47
62
93
104
156
217
238
202
144
154
282
389
433
420
413
532
626
614
521
508
565
631
547
357
197
73
-48
-139
-184
-202
-179
-110
-61
-87
-99
-134
-214
-322
-330
-348
-308
-231
-231
-200
-179
-85
-19
-25
-78
-125
-179
-179
-121
-114
-132
-82
57
94
37
-72
-161
-166
-181
-244
-269
-267
-197
-56
36
144
222
113
-78
-203
-252
-308
-334
-349
-234
-3
204
221
148
157
222
244
173
138
155
218
170
33
-176
-284
-252
-162
-60
53
249
530
813
848
714
657
676
760
756
628
492
481
439
226
-97
-321
-335
-241
-278
-444
-533
-484
-482
-691
-1020
-1376
-1778
-2255
-2535
-3420
-5325
-5808
-2922
667
2806
4644
7050
8874
9193
7836
5412
2466
394
150
484
120
166
1184
1573
-847
-5549
-9128
-10568
-11668
-12106
-9797
-5776
-1291
3526
7595
8724
7694
6673
6037
3943
1489
1108
2594
3569
3913
3868
3195
1148
-2241
-5805
-8456
-10351
-10568
-8424
-5412
-2630
612
3894
5502
4911
3527
2455
1477
592
709
2086
3529
4821
5613
5170
2904
-221
-3473
-5951
-9108
-14155
-16367
-11662
-6129
-3615
-68
4628
7090
8121
8771
7634
5135
3892
6244
8856
8239
7382
8678
8304
4851
535
-2503
-5001
-7348
-8587
-8858
-10758
-11494
-8930
-6273
-5926
-4773
-2138
1122
3717
5351
6432
7553
7856
8099
8423
7455
5167
3256
2075
348
-2492
-5004
-6017
-6777
-7669
-7306
-6351
-6078
-5007
-2613
-484
769
1916
3199
4595
5289
5071
4786
4696
4091
3498
3198
2173
225
-1211
-2479
-3837
-6778
-11955
-14110
-10592
-8045
-7765
-4445
576
3654
6034
7490
6387
4242
4403
6905
7892
6612
7940
11485
11929
8896
5646
3303
-2
-4084
-6469
-6343
-7009
-9893
-12070
-10525
-8365
-9231
-9078
-5004
-2297
-1609
3079
8216
7539
6973
11485
13611
9767
6961
7356
5686
1507
-1276
-2342
-4157
-6126
-6528
-6429
-7893
-9184
-8073
-5973
-5137
-4480
-1468
2858
4894
5056
6641
7862
5966
4263
4278
3261
882
160
431
-253
-2146
-3396
-4102
-5256
-7319
-7900
-7095
-6322
-5406
-5523
-7031
-5181
-576
595
126
2028
4393
5241
6154
5468
3400
1783
2760
3726
2439
853
2864
5083
4811
3233
2619
2925
3675
3047
2723
3790
3368
-984
-5331
-6309
-6895
-9547
-9587
-5728
-3816
-2541
2815
6419
3926
3075
6334
6739
3861
3691
5911
6179
4894
4810
4469
1827
-1217
-2890
-4910
-8073
-9967
-9050
-6906
-5673
-4556
-1417
1868
2010
770
1221
1281
-383
-782
1036
2168
2612
4469
6132
5016
2375
640
-988
-3993
-7170
-8200
-7302
-6239
-4968
-2324
281
1494
2282
3388
2816
1074
298
1118
1682
141
-2065
-1453
145
-980
-2479
-2371
-2842
-3786
-2504
-1309
-2316
-3412
-1641
386
70
-1104
106
1907
2614
3721
6053
7524
7940
8750
9935
9514
7649
6538
7103
7210
5038
896
-4176
-9484
-13607
-15560
-16620
-17160
-14266
-7448
-407
4176
6953
8538
9493
9645
8626
7117
6715
7512
8839
9471
8219
5511
2497
-1186
-5953
-11331
-15616
-17020
-15874
-13517
-9856
-5300
-1384
1699
3953
4393
3357
2335
2275
3225
4818
6539
8121
9094
8894
7065
3515
-1211
-5812
-9517
-11476
-11977
-11059
-9354
-6490
-3457
-808
719
-1723
-6319
-5786
-1405
-904
-1090
3466
8855
11019
11870
10869
6467
786
-1810
-3315
-7009
-9561
-5616
491
3685
5604
8701
10942
10149
7868
6650
5245
3875
4628
5869
3187
-1695
-4338
-5132
-8504
-13954
-15770
-12921
-10802
-8396
-2867
1983
3527
6007
9706
10064
7638
7253
8738
8824
7217
6784
7390
5855
2301
-765
-4084
-8357
-11860
-13141
-12831
-11684
-9228
-5220
-1396
302
896
1805
1770
22
-355
1445
3000
3918
6314
8981
9426
7420
4790
1417
-2877
-7012
-9321
-9859
-10648
-12053
-11662
-9456
-7801
-6662
-5171
-3267
-1273
1068
3178
4893
5477
6055
6939
6934
5017
4166
5284
6753
6657
6657
7460
7931
7262
6792
5579
4688
4806
3928
599
-4979
-11486
-14759
-14473
-15521
-17090
-13854
-7085
-1825
2140
6073
8432
8464
9699
12117
11314
8926
10248
12141
10546
8131
6743
4223
303
-3785
-7281
-10768
-13527
-13942
-12345
-10420
-7842
-4676
-1673
367
538
-420
-467
-132
-135
1318
4339
6543
7958
9414
9300
6124
1905
-1698
-5415
-9451
-12419
-14386
-16225
-16255
-12424
-7714
-5714
-3662
689
4267
4955
4755
4298
3654
3745
4747
5161
5029
6255
9619
11219
9251
7034
7062
6893
4874
2419
2055
4108
6960
8117
4547
-4753
-12872
-14785
-16461
-22513
-24587
-17674
-8070
-658
7138
13474
14640
14230
16224
14737
8018
4913
8239
10122
9129
9423
10315
8572
4468
-1457
-9129
-16420
-20467
-20821
-19018
-15476
-9654
-2453
3672
6171
4844
2703
1238
-1092
-3164
-1554
2228
5577
9312
13096
12738
8348
3620
-1224
-8376
-17512
-25739
-28392
-23906
-17269
-11805
-5513
2191
8716
12249
11534
7226
2629
1425
3370
5248
5394
8017
13684
16802
14515
10985
7543
3486
48
-657
-1128
-1657
871
7307
11210
3462
-11175
-16435
-14049
-20287
-28940
-23848
-12271
-6589
2309
16804
21415
15531
17035
22535
15278
2708
3011
8185
5748
3317
8069
9638
4028
-25
-1818
-9724
-20132
-23213
-19964
-16830
-13854
-7752
1764
9204
10194
8519
8023
4198
-2161
-3203
415
756
383
6209
12111
9587
1966
-5707
-14323
-22747
-26326
-24890
-21896
-16113
-4270
9016
14960
14159
12570
10931
6144
29
-3792
-3402
539
6861
11953
14351
15278
15440
13280
7627
480
-3708
-2242
1901
5030
8660
9458
288
-10520
-12753
-16157
-27815
-31990
-21794
-12253
-6170
6742
18524
17238
15402
21346
19381
6443
2087
7226
6200
1864
5625
10190
6965
2749
1743
-3976
-13624
-18632
-19207
-19621
-17169
-11227
-3909
3413
8147
8438
7985
7150
2560
-2294
-1309
1575
1938
4387
10660
12409
7749
4169
-1690
-16361
-28930
-30573
-29750
-29116
-20559
-5415
7149
15530
22175
24407
18534
10287
5476
1138
-4261
-4210
1630
7313
11304
15785
18088
14549
7843
3560
208
-3763
-5220
-673
4064
-1278
-10768
-10292
-7229
-16106
-24740
-20027
-14270
-13424
-3713
10587
12157
8899
17328
24727
16316
7822
11061
11753
4896
3345
6157
2348
-4349
-5038
-5310
-11233
-16283
-15533
-13395
-11406
-7870
-3712
22
2787
3247
4221
6231
4590
1144
3650
8598
7649
5063
6952
8034
2229
-6932
-11830
-14773
-20856
-24333
-19980
-15645
-13435
-5795
4456
8594
9387
12269
14334
11402
6973
6369
7459
5558
3780
6463
10024
10284
9083
8360
5763
2877
2926
3410
1241
1063
7093
9862
-2338
-17249
-17654
-13979
-22516
-28729
-19470
-9224
-4248
7909
19406
14822
8660
16011
18745
5762
-1794
4282
7471
4101
5751
9004
4812
-1270
-2243
-6343
-16717
-22715
-20020
-15743
-11924
-7232
-1354
5504
10139
8841
6111
4728
1075
-2287
819
4989
4197
3367
6085
5982
-57
-6261
-9791
-14762
-19880
-18475
-12970
-10441
-7358
1621
9887
11370
10644
11113
9649
5827
3413
3187
3024
4042
7385
10646
10666
8820
7231
5930
2840
296
681
3340
5988
10445
13752
5748
-9193
-15164
-14448
-22242
-31257
-26102
-14324
-7851
1720
14957
17084
10974
13516
16985
7361
-2623
624
4985
3041
4394
10025
9195
3212
310
-3173
-12715
-20398
-20047
-17306
-14762
-9207
-1741
4303
7725
7298
4868
2820
-667
-5010
-4488
199
2439
1366
2498
5161
3537
-1869
-5443
-8467
-13614
-15748
-12074
-8457
-6278
-351
8031
11938
11599
11725
11296
7297
2803
1253
2150
3646
5859
8843
11621
12590
12216
10780
7637
3704
2565
3667
4949
5597
128
-9637
-13356
-12188
-18292
-26065
-23290
-14963
-10016
-2176
9143
13466
11849
15870
19881
12231
3294
5117
7293
2361
1159
6262
6663
1381
-1606
-5190
-13927
-20784
-20997
-20708
-20230
-14221
-4512
2885
7127
8762
8467
6890
3618
-1536
-5847
-7221
-5574
-2608
657
2907
3548
3619
4221
2805
-2581
-7919
-8661
-6726
-5052
-3075
-432
1971
4956
8020
8258
5717
4233
5825
8130
8525
7383
7827
10250
11675
11389
10277
8216
6464
6824
8202
4493
-7793
-18611
-18344
-16159
-22262
-25601
-17339
-7989
-2644
5712
12496
9787
7458
13773
15747
6623
1816
7906
11172
7429
6380
7661
3804
-1829
-4110
-8965
-17918
-21963
-19081
-16466
-14774
-10644
-4150
2189
6044
5896
2366
-1783
-4149
-4806
-5224
-5632
-4283
526
6896
9167
5712
1775
674
-728
-4573
-7867
-7855
-4795
428
5502
7426
7049
7748
8947
7655
4141
1632
2319
5554
8630
10126
10820
12053
13025
11728
7536
2697
-137
-3409
-11984
-20808
-21788
-18768
-19100
-17223
-9005
-1789
2087
8876
14965
12858
9723
13223
15078
10092
8288
12219
12742
8442
6748
6177
548
-7426
-11840
-16000
-21600
-23025
-19464
-16320
-12637
-5879
1222
4498
3234
188
-1226
-2440
-5577
-7278
-4543
101
4011
7493
9708
7996
3491
-366
-3821
-9332
-13996
-13282
-8438
-3524
979
5575
9121
11053
11642
10001
5971
2865
3281
5528
7484
9603
12447
15813
17607
15963
11444
6706
2416
-3972
-15257
-25362
-26835
-23832
-23594
-20845
-12124
-4865
-404
6911
12351
9730
7587
12489
15875
13306
13594
18147
18627
14726
12565
9466
1092
-7490
-11484
-15783
-21645
-23433
-20596
-17673
-14235
-8812
-2969
267
97
-775
23
-471
-3156
-3453
-17
2989
4633
7272
10051
9251
5563
2435
-901
-6600
-11276
-12006
-11271
-10421
-7161
-2004
1715
3893
6452
8899
9095
8153
8307
9671
10749
11771
13717
16271
17339
16297
14354
12458
8252
-2900
-17262
-24132
-24104
-26621
-28744
-22466
-13376
-7683
-340
7625
7449
3304
6134
11190
9385
7684
13797
19682
19564
19094
19091
13538
4348
-2775
-9651
-18683
-24482
-23919
-21023
-17796
-12275
-5360
-853
-682
-2877
-4557
-5718
-7359
-7505
-3952
1428
6376
11199
15237
15423
11005
5263
189
-5504
-11004
-12937
-11296
-8515
-4160
1582
5232
5372
4777
4083
1862
-847
-2028
-545
3871
9712
15173
19214
21782
22725
21390
17578
10972
-624
-14725
-22161
-22431
-24572
-27227
-21233
-10677
-4551
451
6667
7135
2894
3473
6519
4077
1871
7546
14648
16328
16509
17616
14813
7454
243
-6716
-15488
-21669
-21402
-18410
-15296
-10178
-3534
651
488
-2406
-5508
-8062
-9978
-9456
-5750
-738
4475
10171
14743
15376
11767
6220
1188
-3746
-8866
-11795
-11169
-8807
-5372
-748
3120
4835
5386
5341
4063
1714
-252
-303
2078
5568
9331
13314
16652
18210
18333
17368
11943
-545
-13047
-17228
-17760
-21657
-22864
-15445
-6534
-856
5864
11255
8722
4496
6360
7671
2622
219
5549
10275
10285
10984
12198
8362
1475
-3576
-9090
-16775
-21209
-19628
-15683
-11413
-5823
172
2868
2118
872
-748
-4939
-8810
-7778
-3413
2
2975
7270
10905
10701
6865
1786
-3182
-7595
-10251
-10405
-8868
-6006
-1011
4377
6817
6674
6138
5019
2669
18
-1076
349
3110
6706
11434
15124
15379
14705
14940
11886
1243
-11986
-18447
-18476
-19803
-21110
-15677
-6833
-979
5234
12139
11882
6219
6127
10138
8724
4972
7668
13394
14309
12673
12262
9246
1613
-5227
-9678
-16053
-22581
-23324
-19629
-16326
-12846
-7095
-2289
-2142
-3528
-2070
-869
-2698
-2552
2578
7503
9384
11135
12736
10743
5480
830
-2799
-7191
-10562
-9991
-7519
-5964
-3754
427
3016
2022
806
1171
1070
296
783
2542
5070
8137
11222
12825
11996
10267
10134
9216
2663
-7224
-12757
-12946
-13628
-16124
-15556
-10693
-5471
-473
5133
7614
6449
8068
12635
12860
9601
10041
12883
12639
10773
9756
7263
2580
-1284
-4691
-10298
-16086
-17891
-16841
-15778
-13783
-9382
-5392
-4275
-4054
-3057
-3131
-4857
-5154
-2436
1167
4145
7388
10869
12335
10819
7844
4029
-743
-4502
-5823
-6411
-6641
-4583
-498
2380
2790
2386
1786
576
-778
-1818
-2268
-1044
2306
6393
9407
11093
12432
13761
12882
6327
-4579
-12718
-15243
-17421
-20653
-19067
-12298
-5559
986
8014
10457
8131
7917
10107
8413
4696
5551
9222
10562
10981
12564
11896
7415
2540
-1934
-8464
-14955
-17453
-16788
-15257
-11737
-6212
-2871
-2433
-1901
-1694
-4232
-7321
-7745
-5777
-2315
2188
6209
8996
10424
9509
5780
856
-3436
-6136
-6978
-6145
-3400
1428
6447
9112
9395
7709
5073
2468
-434
-3449
-4040
-1388
2618
6147
7940
8500
9279
9369
6085
-1496
-11042
-16701
-16232
-15245
-16376
-13696
-6111
399
4739
8497
8459
5252
5429
8528
7888
5352
7783
12862
13787
11660
10228
7231
1344
-3696
-7538
-13005
-17122
-15783
-12126
-9879
-7184
-2910
802
1982
-457
-4171
-5652
-5759
-5897
-4059
-472
2256
5271
9063
9684
5598
868
-1733
-4050
-7135
-8120
-5780
-2667
144
4319
8049
7906
5707
5124
4537
2029
828
2163
3630
5423
8900
11404
10294
7551
6390
5093
-1971
-13260
-19343
-17928
-16623
-17206
-14507
-8690
-3389
2172
7905
8808
5465
5970
11045
12148
9039
9378
12596
12532
10520
9440
6329
210
-4152
-5965
-9635
-14699
-15972
-13324
-10711
-8530
-5179
-2082
-911
-748
-1883
-4996
-7105
-5535
-2231
701
3800
7238
10147
11100
7862
1586
-3870
-7105
-9421
-10730
-9579
-5653
-189
4778
7389
7537
6482
4596
2095
-427
-2247
-1460
2528
7426
11629
14985
16331
15068
12034
7326
-613
-11389
-20159
-21672
-18742
-16801
-13863
-7083
-729
2922
5993
6821
3200
318
2595
5939
6883
8919
13596
16453
15751
14013
10621
3634
-3886
-8525
-12231
-15949
-16618
-13633
-9753
-5887
-1859
170
-431
-1675
-2964
-5356
-7539
-7278
-4727
-1280
2382
5636
8383
9710
8116
3792
-804
-4105
-6210
-7562
-7736
-5792
-1627
2843
5633
6327
5300
3884
3082
1722
-634
-1282
1128
4862
8129
10174
11131
11146
10227
8484
4439
-4528
-14189
-16592
-14151
-14556
-15080
-10010
-3602
-24
3854
7319
5428
2125
4369
8100
7140
6097
9689
12695
11221
9409
8582
4862
-802
-4339
-7096
-11096
-13430
-12441
-10772
-9318
-6486
-2520
183
787
453
-245
-2537
-6296
-7711
-5437
-2666
-862
2492
6712
7970
5935
3186
263
-3348
-6210
-6893
-6154
-4488
-780
3809
5829
5112
4626
4703
3318
327
-1441
-462
2366
5432
8044
9896
10702
10892
10316
6323
-3305
-13552
-17260
-16245
-16909
-16853
-11163
-3424
1605
5854
9244
7935
4820
5921
8099
6245
4920
8621
12192
11268
9414
8603
5875
889
-3442
-7192
-11372
-13585
-12261
-10166
-8693
-5735
-1011
2223
1707
-352
-1506
-2913
-5621
-6875
-5414
-3667
-1805
2019
5877
6201
3870
1809
168
-2244
-4574
-5279
-4547
-2892
187
3851
5170
3940
3055
3225
2442
517
-296
877
3556
6564
8677
9037
8321
7929
7438
4931
-1007
-9199
-14767
-14735
-13150
-13931
-12962
-7293
-1640
1512
4824
6410
4060
3440
7396
9286
7100
7773
11971
13023
10288
8215
6062
1580
-2543
-4822
-8128
-11955
-12082
-9410
-7760
-6751
-4046
-420
1839
1809
762
-148
-2980
-6762
-6845
-4182
-3587
-3014
778
4205
3873
2016
410
-1599
-3507
-3892
-3263
-2610
-902
2908
5949
5517
3752
3946
4595
3162
1067
217
1290
4170
7065
7689
7288
7619
8569
8236
3674
-5852
-14088
-15833
-14927
-16314
-16560
-11582
-4325
1285
5708
8168
6855
5432
7745
9091
6197
4929
8365
10731
9443
8147
7478
4892
1139
-1974
-5760
-10180
-12129
-11288
-10368
-9374
-6538
-2548
761
1715
48
-1757
-2429
-3522
-4595
-3745
-2086
-334
2793
5696
4866
1403
-914
-2012
-3999
-6255
-6361
-4198
-1259
1802
4317
4881
3749
3261
3552
2376
193
0
2422
5520
7681
8729
9350
9455
8674
7506
5233
-980
-9807
-14481
-13472
-12954
-14706
-13055
-6807
-1410
1727
4567
5146
2785
2781
6108
6684
4356
5789
10459
11660
9395
8011
6546
2834
-920
-3543
-6898
-9943
-9964
-7986
-6493
-5234
-2775
537
2689
2226
302
-872
-2719
-6355
-7932
-6121
-4910
-4378
-893
3112
3306
1623
1000
-26
-2413
-3691
-3042
-2280
-1146
2004
4950
4515
2546
2859
4137
2989
481
116
1831
3969
5782
6637
6685
7419
8883
9571
7109
-519
-9064
-12026
-11414
-13784
-16510
-12990
-5742
-872
2924
7103
7406
4763
5824
8041
4608
708
3456
7062
5751
4395
6023
5866
2624
178
-1747
-5978
-9668
-9578
-8366
-8218
-6632
-2360
2056
4029
3114
1380
179
-1993
-5140
-6092
-4916
-4076
-2465
1111
3151
1702
-146
-537
-1523
-3666
-4597
-3535
-1898
139
2681
3992
3220
2514
3134
3308
1644
147
1062
3253
4756
5451
6046
6583
7191
7783
7548
3838
-3812
-9731
-10013
-9760
-12740
-13362
-8318
-2701
654
4201
6639
5393
4538
6960
7172
3428
2688
6140
7140
4972
4706
5444
3360
92
-1684
-4149
-7888
-9557
-8667
-8014
-7259
-4342
28
3172
3213
1490
333
-874
-3627
-5682
-5192
-4018
-2949
-150
3147
3429
1241
162
90
-1544
-3901
-4252
-2918
-1490
223
1973
2056
1267
1918
2977
2063
585
1177
3224
4838
5552
5916
6317
6752
7117
7144
4564
-2605
-9564
-10685
-9590
-11862
-13262
-8867
-2882
974
4915
7873
6579
4800
6811
7845
4453
2570
5244
6934
5365
4621
4933
2857
-626
-2562
-4558
-8076
-10138
-9112
-7565
-6660
-4537
-723
2410
2906
1828
1468
150
-4304
-7472
-5746
-3467
-3114
-794
3139
4003
2520
1770
406
-2618
-4330
-3318
-1859
-841
1522
4614
5031
2939
2133
2566
1008
-1592
-1652
326
2224
4211
6416
7697
8024
8462
8675
4719
-5038
-12777
-12883
-11916
-14360
-13378
-6877
-1162
3239
8531
10030
5695
3393
5950
5849
1536
1225
5703
7837
7206
7710
7361
3624
-240
-2605
-6320
-10923
-12239
-9932
-7185
-4966
-1918
2101
5087
4839
1717
-1448
-3842
-6277
-7628
-6676
-4814
-2414
1658
5141
4811
2197
645
-232
-2463
-4675
-4467
-2064
874
3779
6110
6470
5440
4516
3407
785
-1900
-2405
-822
1512
3832
5929
7442
8009
7849
6146
-409
-10254
-15375
-14118
-13560
-14033
-9571
-2034
3135
7520
11491
9964
4555
3208
4787
2743
113
2700
6718
7569
7813
8503
5776
334
-3458
-6226
-10246
-12744
-11322
-8068
-4679
-798
3041
5630
6151
4724
1943
-2899
-8208
-9687
-7279
-5203
-3473
374
4772
6497
5002
1551
-2085
-4889
-6363
-6445
-5113
-2130
2890
7931
9955
8945
7225
5445
2508
-1235
-4035
-4050
-1172
2807
6123
8595
9972
10452
7823
-1444
-13200
-18346
-18045
-18839
-17857
-10701
-1620
5972
12797
15793
12194
7330
5996
4385
-1
-1612
2106
6175
8202
9927
9825
5830
485
-4179
-9684
-15075
-16463
-13549
-9124
-4145
1516
6653
9072
8012
5081
1414
-3130
-6951
-7449
-5279
-2723
149
3607
5795
4737
1262
-2754
-6541
-9656
-10709
-9013
-5449
-713
4749
9616
12120
11887
9354
5584
1613
-1526
-2992
-2340
241
4247
8630
11464
11831
10269
4750
-6451
-17457
-21668
-22064
-22598
-18965
-9204
712
8233
15100
17552
12744
7391
6052
3546
-1156
-1031
4331
8356
10223
12376
11834
5991
-1472
-7659
-14120
-19709
-20377
-16237
-10236
-3264
4393
10508
13043
11472
6934
1780
-2917
-6725
-7938
-5880
-2468
1308
5516
7829
5777
1203
-2816
-6601
-11045
-13782
-12346
-7677
-2099
3520
8570
11767
12442
11047
7780
2805
-1631
-2692
-990
1137
3840
8243
12388
13730
11074
2534
-10024
-19145
-22117
-24330
-25580
-19811
-8786
1466
10806
18125
18217
13382
10660
8530
2867
-1534
207
4215
7002
10177
12396
9855
3958
-1873
-8839
-17242
-22398
-21600
-17350
-11425
-3440
5398
12031
14426
13225
9770
3967
-3059
-7002
-6343
-4260
-1611
3319
8283
9219
6574
2556
-3107
-9682
-14164
-15337
-14108
-10174
-3212
4230
9252
11728
12451
10836
6695
1570
-2580
-4172
-2662
1088
5347
9478
12927
14680
12993
5106
-7958
-18566
-22335
-23726
-24590
-20121
-9907
577
9331
15748
16527
12204
8716
7131
3294
-939
278
5287
8841
10902
12229
10154
4374
-2206
-9125
-16937
-22435
-22279
-17635
-11209
-3840
4117
11010
14488
13276
8607
2576
-3339
-6801
-6170
-3133
301
4942
10189
12430
9707
3946
-2230
-8006
-12759
-15074
-14135
-10323
-4138
2954
8246
10333
10185
8876
6051
1674
-2348
-3581
-1382
2475
6511
10203
13067
13353
7799
-3314
-13731
-19492
-23503
-25794
-22008
-13463
-4494
5545
14904
17108
13326
10982
9559
4683
54
727
3879
6473
10154
13486
11792
6066
294
-6180
-14706
-21417
-23080
-20966
-16269
-8590
559
7792
10984
10837
9116
5544
-156
-4378
-4179
-1813
900
5459
10371
11608
9244
6082
1837
-4631
-10770
-13288
-12392
-9839
-5445
623
5909
8881
10351
9903
6226
1391
-1248
-1518
-1084
413
3946
8341
11418
10660
3881
-6321
-13659
-17218
-20959
-23333
-19678
-11597
-2660
6603
13012
13133
11013
10967
9182
3900
889
2779
5708
8324
11618
12918
9773
4809
-279
-7808
-16650
-21596
-21438
-18776
-14050
-6755
1108
6932
10027
10188
6514
769
-2810
-3082
-2333
-898
2654
7474
11210
12223
9740
4580
-913
-5310
-8746
-11122
-11305
-8328
-3025
2293
5925
7941
8789
7920
5208
2012
-276
-794
449
3224
6511
9303
9848
5349
-3316
-10756
-15213
-19926
-23348
-20954
-14155
-6304
2712
10385
12544
11370
11137
9628
4527
419
875
3144
5497
9165
12256
11661
8448
4251
-2421
-11114
-17563
-19740
-19231
-16532
-10746
-3151
3480
7536
8440
6381
2871
-611
-3221
-4147
-2946
244
4849
9266
11231
10224
7491
3780
-824
-5522
-8646
-8783
-6363
-2850
1067
4862
7346
8094
7384
5093
1827
-203
-169
925
2537
5118
7906
7459
1761
-5361
-9859
-13893
-18897
-20515
-17239
-12208
-5257
3818
9671
9884
9562
10530
8490
3478
786
1253
2335
4603
8190
9531
7754
5725
3032
-2912
-10023
-14390
-15652
-15012
-12164
-7193
-1849
2057
4530
5869
4572
104
-4108
-4650
-3065
-1605
843
5054
8837
10233
9384
6598
2252
-2006
-4407
-4929
-4616
-2989
881
5233
7377
7562
7155
5641
2677
-126
-1328
-1140
156
2672
6027
8160
5630
-1262
-7662
-11520
-15904
-20281
-20044
-15339
-9320
-1299
7599
11575
10561
10437
10627
6428
700
-897
165
1130
3740
7669
8714
6686
4633
1632
-4416
-10666
-13629
-13815
-12564
-9534
-4692
219
3434
4410
3399
1120
-1436
-2862
-2584
-1639
-468
2127
5744
7499
6311
4205
2125
-752
-3591
-4623
-3923
-2110
1185
5529
8661
9710
9692
8603
5865
2543
575
109
486
1749
4105
6002
4120
-2275
-8708
-12192
-15436
-19372
-19718
-15426
-9762
-3080
4655
9365
9686
9828
10528
8169
3658
1518
1799
2178
3320
5404
5989
4599
2783
-170
-5212
-10078
-12376
-12419
-10870
-7459
-2739
1819
5089
6002
4243
1067
-2329
-4831
-5332
-4325
-2914
-31
4606
7611
6932
4837
2985
475
-2595
-4642
-4890
-3240
328
4757
8160
9846
10491
10225
8254
4884
1999
979
1489
3045
4963
4341
52
-4775
-7732
-11445
-16842
-19537
-17524
-13506
-7749
-133
5253
6939
9071
11543
9970
5748
3689
3269
2309
2257
3635
3741
2157
1001
-472
-4413
-8895
-10915
-10934
-10269
-8023
-3612
1247
4491
5377
4858
3817
1985
-344
-1569
-1617
-1426
-147
2392
3496
2123
502
-431
-1972
-3925
-4755
-4015
-2169
568
3715
6161
7327
7627
7356
6196
4195
2869
3229
4705
6215
7484
8627
7944
2911
-4726
-10454
-13975
-17806
-19792
-16856
-11600
-6359
244
6271
7503
6108
6443
6238
3078
1101
2887
4946
5708
7197
8357
6170
1712
-2508
-7215
-12373
-15183
-14278
-11256
-7155
-1828
3368
6037
5654
3632
1105
-1714
-3764
-3602
-1362
1593
4819
7884
9196
7493
3714
-384
-4016
-6894
-8181
-7236
-4062
613
5450
8881
10020
9162
7102
4494
1450
-1056
-1127
1525
5212
7844
7078
2830
-1727
-5117
-9780
-15240
-17231
-14685
-9984
-3803
2650
6466
7687
8790
8638
5013
660
-808
-486
98
2046
4979
6254
5519
3744
115
-5667
-11027
-14114
-15126
-13945
-9730
-3482
1787
4994
7214
7789
5216
1222
-1099
-1996
-2564
-1542
1359
4041
5268
5440
4297
1524
-1686
-3965
-5266
-5400
-3342
796
4971
7691
9106
9666
8838
6415
3293
985
370
1190
2731
3698
1787
-2464
-5706
-7534
-10869
-14641
-14477
-10716
-6358
-1199
4621
7943
8553
9307
9266
5925
1923
826
1143
888
1488
3351
4019
2579
324
-2823
-7192
-11135
-12975
-12944
-11392
-7974
-3284
713
2990
3830
3632
2553
1159
220
112
815
2170
3931
5370
5374
3794
1613
-549
-2898
-4966
-5455
-3815
-817
2637
5981
8425
9403
9077
7822
5450
2676
1208
1768
3195
2950
-191
-3958
-5941
-7694
-11160
-13797
-13115
-10379
-6002
175
4928
6390
7854
10347
9785
5818
3064
2489
1668
1142
2026
2460
1505
848
-21
-3359
-7856
-10318
-10523
-10485
-9945
-7096
-2673
936
3023
4225
4190
2696
1197
584
-167
-1164
-766
1124
2437
2194
1469
686
-757
-2479
-3282
-2929
-1699
592
3794
6465
7750
8246
8263
7261
5449
4101
3808
3662
3615
3254
515
-4526
-8495
-10201
-12176
-14198
-13217
-9547
-5257
-139
4945
7112
6814
6999
7119
5096
2635
1916
2195
2793
4282
5582
4702
2104
-739
-3940
-7831
-11183
-12419
-11255
-8072
-4258
-1542
893
3425
4280
3222
2056
1005
-191
55
1470
1834
1632
2411
2640
766
-1849
-3482
-4245
-4384
-3322
-855
2328
5430
8253
9833
9203
7742
6792
5660
4073
3526
3733
1773
-2570
-6098
-7785
-10179
-13071
-13504
-11530
-8621
-3871
1813
4901
6000
8105
9755
8002
4765
2903
1714
633
601
1116
725
-36
-406
-1826
-5169
-8657
-10262
-10645
-10867
-9295
-5029
-258
3480
6733
8729
8170
6482
5042
3068
569
-604
-160
421
431
265
-255
-1711
-3669
-4976
-5233
-4683
-2976
169
3585
6414
8794
10520
10469
8935
7222
5926
4701
2493
-1188
-4868
-6584
-7136
-8501
-10021
-9747
-8220
-6298
-3530
-780
681
2475
5792
7977
7607
7154
7264
5926
3365
1532
-2
-2196
-4037
-5055
-6417
-8046
-8633
-8380
-8369
-8607
-8058
-5746
-2406
274
2095
4288
6582
7883
8328
8056
6676
4990
4198
3383
1302
-988
-1666
-1468
-1994
-2992
-3009
-1912
-757
56
705
1418
2538
4068
5357
5747
5844
6618
6576
3018
-2504
-6004
-7502
-9514
-10745
-9343
-6867
-3983
179
3823
4506
4150
4991
5431
4080
2822
2879
3235
3249
3449
3287
2019
-181
-2713
-5504
-8420
-10917
-11883
-11025
-9281
-7219
-4078
-629
1413
2352
3393
3716
2909
2531
3216
3818
3911
4137
4383
4011
3178
2255
1126
-118
-580
108
1036
1523
2216
3399
4091
3584
2580
1845
1319
852
870
723
-1304
-4512
-6241
-6524
-7606
-8690
-7522
-4956
-2235
1328
4780
5814
5458
6024
6362
4662
2596
1966
1966
1737
1885
1979
1040
-735
-3150
-5928
-8386
-9959
-10538
-9828
-7761
-5079
-1868
1574
3635
3811
3431
2762
1175
-204
-83
702
1187
2100
3631
4303
3459
2137
1174
180
-697
-365
1261
3013
4536
6250
7531
7362
6082
4931
3708
1890
-656
-3935
-7148
-8640
-8349
-8214
-8198
-6770
-4380
-2094
33
1394
1408
1874
3696
4927
4689
4680
5174
4793
3481
2034
232
-1922
-3443
-4383
-5587
-6958
-7550
-6884
-5690
-4531
-3355
-1699
-253
580
1518
2265
2053
1671
2135
2465
1831
1267
1255
1059
535
314
566
1100
1783
2675
3285
3334
3290
3488
3350
2730
2763
3865
5038
5653
5468
3225
-1074
-5283
-8168
-10737
-12762
-12204
-8929
-4369
735
5455
7948
8163
7733
6583
3671
360
-1358
-1532
-1161
-358
752
1240
657
-661
-2711
-5563
-8297
-10027
-10617
-9694
-6979
-3128
810
4245
6602
7470
6990
5145
2308
-29
-1009
-1289
-1260
-264
1320
2251
2240
1992
1607
818
71
43
580
1460
2775
4263
5005
4964
4816
4636
3837
1114
-3196
-6717
-8153
-8682
-9129
-8260
-5858
-2945
325
3445
4818
4639
5140
6320
6262
5193
4980
5279
4575
3017
1218
-1482
-4728
-6946
-8503
-10482
-11659
-10381
-7654
-5339
-3154
-654
1670
3252
4130
4181
3218
2065
1950
2612
2801
2541
2796
3257
2786
1587
304
-905
-1603
-946
503
1456
2433
4221
5607
5286
3989
2806
1640
191
-468
-1026
-3045
-5406
-6146
-6167
-7368
-8392
-7488
-5792
-3739
-713
2572
4645
6247
8134
9095
8373
7047
5700
4011
2042
417
-1115
-3015
-4828
-5969
-7019
-8219
-8896
-8539
-7803
-6959
-4909
-1676
1318
3163
4464
5436
5440
4616
3592
2417
1351
1180
1712
2011
1740
1653
1816
1804
1472
1204
1589
2339
3309
4188
4642
4944
4993
4689
3644
1025
-3040
-6985
-9538
-11112
-12030
-11462
-9299
-6161
-2309
1307
3173
3564
4027
4527
4100
3610
4064
5027
5776
6143
5854
4219
1416
-1775
-4993
-8179
-10573
-11198
-10043
-7855
-4922
-1634
898
2358
3186
3163
1955
243
-590
-161
972
2320
3697
4878
5529
5412
4321
2576
870
-261
-497
-150
899
2427
4258
5552
5773
5435
4863
3982
1514
-2420
-5973
-7688
-8281
-8810
-8625
-7415
-5513
-2945
-319
975
1179
2057
3408
3687
3136
2933
2928
2668
2407
2115
1479
512
-499
-2009
-4042
-6219
-7805
-8512
-8632
-7627
-4964
-1242
2040
4336
5954
6369
5234
3267
1369
-404
-1649
-1666
-417
1219
2948
4410
5380
5281
4409
3425
2415
1451
949
1645
3070
4155
4893
5448
3783
-572
-5251
-8490
-11084
-12892
-12183
-9323
-5436
-370
4677
7412
7667
7380
6514
4397
1867
282
-292
-230
181
636
293
-761
-2582
-5289
-8168
-10202
-10565
-9533
-7474
-4139
114
4236
6820
7587
7085
5613
3460
1030
-959
-2123
-2268
-1493
-265
1045
2307
3333
3871
3604
2830
2176
2226
2552
2917
3653
4975
6135
6554
5961
3038
-1640
-5729
-8273
-10505
-12149
-11440
-8782
-5625
-2045
1320
3050
3439
3971
4388
3810
3155
3425
4155
4379
4060
3115
1563
-627
-3090
-5352
-7011
-7672
-7156
-5743
-4534
-3747
-2265
-382
563
559
873
1641
1992
2243
2757
2839
2324
2098
2177
1787
1160
1283
1949
2364
2640
3366
3975
4159
4169
4170
3848
3519
2982
1070
-2257
-5079
-6452
-7649
-9057
-9042
-7351
-5031
-2195
650
2301
2833
3542
3979
3152
1854
1400
1557
1563
1450
1441
1097
106
-1168
-2715
-4804
-6857
-7498
-6422
-4997
-3060
-96
3166
5026
5406
5031
3800
1850
285
-426
-914
-993
-70
1224
1822
1696
1484
1491
1245
1036
1411
2215
3249
4370
5421
5805
5602
5305
3244
-852
-4919
-7214
-8696
-9766
-9301
-7563
-5061
-1734
1402
2809
2576
2286
1994
1333
744
669
943
1445
1880
1846
862
-804
-2884
-5104
-6951
-7744
-7307
-6011
-4005
-1372
1614
4175
5552
5614
4738
3582
2487
1529
788
652
1406
2553
3445
3744
3613
3118
2315
1207
125
-574
-399
624
1976
3145
4048
4993
4170
743
-3256
-6016
-7974
-9449
-9205
-7240
-4521
-786
3113
5111
4726
3868
3077
1563
-342
-1373
-1385
-914
-230
541
505
-623
-2286
-3713
-5425
-7784
-8855
-7688
-5323
-2805
178
3218
4980
5587
5493
4113
1709
25
-3
573
1333
2681
4545
5852
6016
5511
4469
3069
2041
1449
1291
1482
2218
3319
4144
4058
1838
-1795
-5308
-7902
-9866
-10691
-9694
-7464
-4323
-131
3654
5350
5145
4450
3229
1325
-316
-969
-1046
-656
439
1583
1520
172
-1697
-3803
-6332
-8411
-8718
-7368
-5303
-3034
-227
2579
4278
4636
3872
2202
363
-699
-815
-656
-21
1772
4328
6168
6806
6757
6266
5022
3483
2196
1503
1480
2419
3990
5180
5022
2905
-531
-4021
-7042
-9535
-10797
-10272
-8371
-5015
-733
2555
3816
4070
4045
3135
1453
38
-908
-1535
-1485
-897
-694
-1255
-2065
-2590
-3162
-3844
-4316
-4458
-4208
-3522
-2078
-313
1053
1993
2837
3415
3214
2391
1395
452
-231
-487
-313
117
952
2255
3535
4568
5424
6021
6391
6461
6182
5726
5243
4738
3038
84
-2846
-4893
-6405
-7726
-8310
-7957
-6593
-4069
-1356
428
1260
2115
2756
2535
1647
599
-316
-951
-1241
-1572
-2197
-2865
-3402
-4274
-5428
-6011
-5528
-4324
-2938
-1169
987
3009
4338
4676
4086
2862
1689
899
270
-324
-396
286
1160
1743
2060
2234
2521
3057
3639
4058
4423
4882
5473
6013
5658
3641
668
-1948
-3657
-5225
-6165
-6143
-5051
-3095
-531
1574
2207
2211
2402
2227
1213
-35
-908
-1574
-2151
-2661
-3358
-4288
-5057
-5493
-5898
-6268
-6065
-4856
-3112
-1561
-936
-342
572
1605
1944
1818
1662
1949
2710
3473
3452
2981
2734
2944
2825
2289
1745
1667
2054
2761
3491
4067
4407
4583
4695
4307
2176
-1261
-4006
-5176
-5742
-5876
-4743
-2823
-738
1624
3662
3985
3093
2501
2317
1534
632
372
386
-98
-752
-1503
-2809
-4719
-6447
-7536
-8443
-9061
-8551
-6930
-4725
-2402
149
2228
3260
3609
3715
3165
1995
1017
806
917
1289
1982
2782
3267
3523
3670
3631
3337
3152
3173
3383
3571
3863
4468
4120
2143
-484
-2592
-4435
-6030
-6620
-6149
-5037
-2790
202
2544
3558
4182
4647
4409
3442
2493
1744
991
344
-35
-711
-1952
-3449
-4829
-6541
-8112
-8789
-8171
-6806
-4946
-2664
-399
902
1388
1444
1061
199
-505
-565
-37
902
2057
3090
3652
3950
4117
4183
4134
3806
3609
3720
4224
4645
4783
4474
3061
500
-2215
-4430
-6141
-7135
-6742
-5397
-3460
-998
1404
2657
2931
3068
3047
2583
2195
2237
2408
2335
2035
1500
357
-1388
-3297
-5075
-6644
-7708
-7669
-6362
-4446
-2479
-569
1102
1925
1766
983
-124
-1223
-1796
-1580
-870
128
1311
2523
3453
3808
3720
3463
3097
2818
2751
3026
3625
4469
5040
4028
1671
-812
-2802
-4667
-6032
-6254
-5298
-3329
-494
1902
2922
3061
3173
2902
1897
680
-56
-262
-135
-83
-352
-1107
-2131
-3164
-4286
-5518
-6039
-5483
-4092
-2729
-1168
722
2469
3261
3161
2392
1186
-34
-750
-1218
-1599
-1491
-642
430
1072
1415
1957
2524
2969
3158
3394
3890
4709
5499
5077
3085
542
-1453
-2943
-4277
-4924
-4491
-3171
-1177
1041
2399
2419
1960
1707
1327
589
42
60
491
862
973
557
-494
-1849
-3123
-4301
-5550
-6268
-6053
-5275
-4138
-2471
-545
717
1233
1485
1378
710
37
-271
-170
307
1209
2103
2612
2839
3094
3410
3258
2802
2574
2928
3240
3671
3865
2581
19
-2135
-3283
-4440
-5261
-4880
-3484
-1650
733
2894
3768
3603
3377
3136
2292
1094
255
-17
-174
-439
-676
-1086
-1936
-2972
-3835
-4596
-5270
-5159
-4338
-3344
-2231
-575
1013
1725
1670
1375
862
239
-279
-695
-906
-676
-45
623
1051
1243
1625
2213
2655
2691
2784
3049
3435
3494
2606
679
-1364
-2588
-3246
-3680
-3637
-2712
-1049
1092
2922
3913
4015
3800
3362
2582
1424
443
-165
-418
-633
-795
-1350
-2531
-3799
-4635
-5355
-5878
-5565
-4050
-2026
108
2085
3426
3614
3063
2121
753
-863
-1869
-1900
-1341
-651
105
897
1472
1753
1850
1716
1494
1565
2163
2814
3056
2974
2196
400
-1893
-3622
-4864
-5552
-5282
-3910
-2212
-294
1706
3180
3571
3368
3174
2970
2668
2484
2437
2481
2490
2245
1270
-478
-2462
-4181
-5269
-5795
-5857
-5127
-3447
-1342
391
1293
1396
889
155
-368
-740
-935
-565
541
1744
2302
2306
2071
1818
1589
1332
1247
1293
1833
2742
3784
3806
2224
-14
-1935
-3640
-5281
-6136
-6037
-5162
-3360
-814
1146
2041
2604
3084
2845
1864
1049
662
570
766
1312
1679
1371
708
-72
-1184
-2656
-3726
-3809
-3227
-2328
-1017
515
1556
1839
1638
1071
40
-901
-1125
-801
-427
-43
594
1253
1437
1414
1311
1265
1198
1401
1872
2482
3107
2924
1719
-113
-1624
-2813
-3536
-3821
-3520
-2832
-1515
-106
809
900
788
660
492
263
293
360
505
695
1023
924
162
-934
-2030
-3069
-3640
-3654
-2832
-1587
43
1614
2863
3210
2811
1832
773
-335
-1070
-1123
-492
471
1491
2244
2548
2233
1675
1073
370
-276
-452
163
1211
2225
2252
1341
-91
-1363
-2744
-3992
-4869
-4746
-3696
-1862
19
1430
2320
2988
3179
2661
1652
674
-92
-563
-835
-927
-1030
-1096
-1208
-1547
-2203
-2827
-3168
-3200
-2887
-1950
-666
612
1671
2530
2915
2686
2123
1529
1028
632
450
467
707
984
1484
2035
2426
2608
2727
2899
2824
2598
2148
1038
-682
-2273
-3009
-3396
-3611
-3597
-3177
-2659
-2033
-1414
-1143
-1204
-1036
-332
334
720
1039
1443
1555
1209
624
-135
-945
-1647
-2056
-2317
-2417
-2071
-1119
-157
331
506
652
606
182
-394
-819
-940
-612
156
1061
1774
2276
2625
2636
2455
2435
2694
2952
3198
3665
4165
4422
3794
1981
-419
-2524
-3888
-4768
-5031
-4678
-3770
-2457
-1006
-117
-41
-169
-42
81
-43
-133
-83
-137
-278
-516
-874
-1472
-2058
-2347
-2378
-2302
-1996
-1374
-610
15
523
958
1219
1196
1048
894
694
577
676
910
953
882
882
973
1011
1131
1398
1750
2106
2560
3043
3309
3244
2719
1665
415
-688
-1397
-1774
-1914
-1758
-1395
-948
-691
-624
-768
-896
-967
-851
-753
-591
-547
-711
-1146
-1682
-2218
-2697
-3033
-3019
-2655
-2004
-1288
-494
230
791
1013
993
663
246
-59
-31
189
502
922
1334
1487
1262
802
416
131
224
720
1510
2440
3557
4539
4848
4284
3080
1509
-198
-1492
-2156
-2218
-1777
-761
359
1000
915
330
-573
-1567
-2364
-2786
-2760
-2197
-1207
-255
221
60
-543
-1438
-2531
-3533
-4022
-3729
-2744
-1217
421
1799
2527
2681
2253
1266
-41
-1098
-1483
-1259
-591
366
1295
1851
2038
1912
1422
628
15
-138
211
1018
2161
3257
3859
3824
3082
1676
-30
-1502
-2439
-2761
-2382
-1232
369
1752
2479
2579
2173
1371
247
-928
-1884
-2288
-2144
-1709
-1406
-1411
-1685
-2070
-2785
-3679
-4388
-4554
-4191
-3195
-1777
-295
971
1986
2561
2500
1999
1375
893
680
758
1052
1377
1663
1912
2034
1745
1076
451
237
411
737
1115
1490
1815
1776
1319
516
-357
-1091
-1449
-1406
-1093
-620
65
769
1189
1329
1316
1165
853
450
-36
-570
-962
-1093
-1159
-1359
-1615
-1832
-2024
-2351
-2757
-3112
-3316
-3218
-2732
-1933
-1108
-304
505
1268
1694
1753
1554
1208
747
442
304
336
534
1005
1660
2060
2087
1816
1673
1573
1368
1003
750
801
1074
1397
1488
1347
1188
1122
920
199
-753
-1510
-1750
-1630
-1423
-1241
-1059
-715
-332
-75
-210
-657
-1018
-1138
-1116
-1171
-1178
-1042
-771
-550
-508
-628
-791
-784
-738
-759
-940
-924
-671
-224
54
129
166
239
263
80
-215
-370
-181
349
1006
1664
2250
2829
3266
3311
2838
1997
1204
599
158
-200
-300
-184
91
270
354
197
-15
-195
-324
-601
-946
-1210
-1356
-1438
-1370
-1268
-1194
-1042
-746
-504
-547
-749
-941
-1080
-1204
-1229
-1029
-689
-247
185
538
673
626
463
213
-176
-532
-768
-845
-825
-643
-341
1
450
991
1403
1494
1532
1729
1936
1914
1769
1629
1554
1520
1486
1269
854
468
299
194
27
-131
-207
-169
-205
-389
-749
-1174
-1504
-1629
-1608
-1536
-1321
-950
-661
-627
-837
-1151
-1473
-1655
-1611
-1424
-1104
-570
187
850
1187
1207
1037
629
88
-403
-767
-969
-886
-471
44
489
797
1025
1096
995
822
725
694
828
1097
1381
1551
1642
1700
1601
1328
948
645
446
383
339
305
204
89
-69
-332
-800
-1339
-1801
-2064
-2075
-1909
-1615
-1220
-824
-519
-380
-359
-484
-653
-794
-833
-811
-684
-505
-385
-338
-354
-392
-491
-550
-518
-359
-170
109
399
683
943
1147
1236
1281
1365
1428
1494
1512
1414
1193
978
744
457
218
177
328
501
660
866
1049
1028
812
460
50
-400
-726
-811
-740
-665
-614
-548
-591
-753
-1003
-1294
-1577
-1710
-1602
-1374
-1143
-912
-532
-200
-133
-321
-545
-707
-803
-880
-907
-824
-496
22
519
803
900
923
928
794
611
532
656
936
1224
1447
1525
1499
1400
1249
1004
683
442
404
500
547
466
283
136
115
99
5
-153
-293
-329
-276
-305
-520
-813
-949
-949
-887
-854
-841
-775
-630
-487
-523
-714
-904
-1040
-1128
-1225
-1263
-1216
-1045
-784
-459
-182
-3
187
422
611
618
572
613
759
894
974
1030
1088
1147
1123
1011
876
844
883
822
571
245
7
-155
-276
-390
-454
-412
-200
60
183
145
60
35
72
75
66
122
269
394
374
188
-49
-304
-558
-904
-1288
-1559
-1584
-1464
-1326
-1204
-1050
-791
-522
-327
-183
-20
196
465
697
804
863
883
908
836
646
361
139
80
179
366
600
903
1198
1404
1361
993
412
-106
-458
-744
-969
-1024
-820
-480
-211
-113
-180
-289
-285
-248
-250
-174
58
368
589
658
536
289
-99
-475
-807
-1041
-1144
-1087
-896
-613
-343
-183
-81
18
80
65
95
141
237
408
603
752
738
600
462
368
288
229
220
241
377
552
706
661
499
311
101
-132
-337
-448
-502
-489
-382
-223
-142
-135
-136
-158
-197
-218
-151
-48
42
128
193
186
46
-177
-357
-496
-620
-682
-648
-575
-482
-381
-310
-231
-127
-39
13
22
43
106
152
140
80
79
114
159
168
234
367
545
688
745
730
668
611
441
135
-156
-244
-238
-220
-187
-152
-82
11
59
-44
-236
-341
-243
-70
78
206
380
549
610
499
251
-25
-254
-405
-494
-560
-537
-405
-234
-142
-147
-171
-144
-106
-112
-125
-92
-26
67
99
29
-137
-313
-450
-512
-560
-475
-212
121
469
754
913
812
563
329
154
-93
-298
-318
-147
71
191
197
121
79
66
64
-3
-68
40
239
386
364
255
183
128
-29
-216
-306
-271
-156
-43
-28
-116
-177
-122
-88
-149
-208
-144
70
257
364
416
403
281
103
-136
-442
-689
-707
-535
-323
-156
65
298
382
237
-79
-373
-587
-683
-593
-324
-25
265
500
615
525
319
22
-230
-336
-248
-40
233
578
845
929
816
541
92
-359
-668
-782
-725
-479
-136
239
494
628
610
439
154
-76
-186
-193
-86
88
272
393
399
255
37
-239
-507
-705
-801
-748
-552
-301
-52
121
118
-11
-157
-348
-599
-785
-759
-568
-307
-72
142
262
313
328
303
180
114
215
374
506
560
598
612
538
390
222
13
-129
-140
-126
-141
-115
14
194
273
264
279
342
329
211
110
100
111
72
73
64
36
40
-10
-94
-177
-257
-326
-420
-581
-712
-727
-750
-751
-700
-600
-426
-280
-230
-222
-199
-172
-103
-18
69
193
393
643
816
888
890
828
597
349
165
-8
-133
-144
-124
-77
-23
22
78
38
-61
-70
-73
-76
-31
30
178
327
391
332
194
69
24
-49
-177
-266
-213
-33
154
176
93
-12
-135
-343
-617
-810
-825
-696
-464
-238
-119
-11
98
139
47
-96
-141
-41
123
302
475
676
821
796
655
432
184
-15
-132
-208
-209
-158
-25
72
57
-7
-56
-108
-185
-270
-335
-290
-173
-75
-55
-30
-28
-28
-29
-24
-88
-143
-97
60
176
227
266
265
160
-47
-245
-470
-638
-649
-520
-397
-233
19
249
380
393
354
292
200
172
257
362
439
506
579
606
489
267
24
-214
-393
-489
-529
-503
-353
-160
-13
50
55
9
-110
-253
-369
-431
-415
-283
-55
147
276
371
465
478
351
149
-47
-173
-251
-234
-207
-188
-142
-101
-108
-208
-384
-531
-541
-438
-239
-2
233
487
728
853
812
671
503
407
352
302
259
231
228
170
37
-164
-351
-475
-527
-533
-482
-380
-249
-134
-105
-138
-231
-294
-381
-421
-368
-221
-39
177
409
597
656
594
496
349
163
-33
-150
-213
-175
-96
-53
-58
-97
-156
-251
-337
-374
-344
-214
-37
165
321
459
575
630
598
531
472
397
308
191
67
-79
-202
-278
-337
-386
-429
-420
-374
-361
-404
-488
-539
-548
-493
-446
-397
-344
-253
-159
-95
-26
87
264
437
570
642
708
717
628
461
270
55
-99
-183
-197
-192
-191
-156
-118
-127
-171
-178
-167
-102
-7
109
251
384
491
576
608
582
525
460
363
215
69
-46
-148
-228
-314
-394
-428
-420
-436
-499
-594
-641
-612
-577
-565
-551
-500
-457
-406
-330
-237
-126
45
271
491
666
805
896
843
685
467
269
113
6
-38
-5
110
219
271
241
175
65
-67
-198
-268
-230
-77
106
262
390
470
522
465
294
97
-67
-174
-242
-266
-254
-186
-117
-128
-242
-376
-487
-622
-770
-869
-850
-703
-510
-344
-239
-158
-133
-177
-232
-252
-195
-63
141
345
533
715
790
691
488
307
210
158
148
210
368
571
749
780
653
469
320
194
78
-15
-45
51
176
241
241
205
107
-32
-223
-399
-485
-453
-363
-312
-299
-270
-258
-340
-506
-679
-822
-888
-860
-776
-658
-531
-372
-216
-121
-136
-191
-196
-119
7
106
165
245
360
477
478
386
299
271
320
410
473
530
630
765
849
823
753
693
667
633
553
403
252
171
110
-16
-169
-249
-281
-315
-358
-415
-481
-524
-513
-538
-635
-691
-666
-607
-593
-603
-585
-528
-451
-409
-396
-383
-313
-203
-102
-48
5
99
219
312
328
296
263
269
276
249
225
264
348
414
434
440
467
513
570
605
617
638
660
641
558
455
349
249
153
47
-55
-125
-166
-217
-298
-402
-480
-569
-658
-718
-738
-753
-771
-760
-746
-734
-761
-776
-764
-664
-475
-299
-157
-29
111
242
336
307
241
232
270
306
319
342
385
446
496
538
566
590
628
632
588
539
501
488
469
429
362
299
244
197
137
56
-4
-40
-60
-116
-171
-214
-226
-239
-271
-295
-308
-351
-431
-546
-691
-808
-907
-1002
-1058
-1021
-891
-675
-455
-269
-107
22
70
44
9
16
41
94
193
306
419
486
510
515
514
520
563
625
700
767
839
860
806
712
584
424
251
97
-37
-136
-173
-144
-113
-99
-75
-45
-66
-124
-192
-242
-265
-255
-190
-125
-95
-121
-214
-367
-582
-805
-999
-1113
-1104
-975
-748
-470
-201
-7
86
70
-8
-142
-269
-323
-280
-165
23
252
465
617
678
702
699
667
635
672
739
840
919
924
855
711
537
343
118
-101
-225
-262
-225
-149
-61
7
41
34
-29
-154
-284
-347
-348
-307
-268
-238
-230
-229
-305
-469
-617
-697
-736
-748
-692
-583
-457
-349
-278
-242
-256
-296
-346
-381
-380
-303
-143
39
223
408
573
683
740
750
747
759
793
820
833
821
799
717
591
447
290
150
32
-46
-82
-68
-37
-21
-46
-88
-150
-224
-286
-319
-328
-325
-294
-266
-285
-374
-462
-518
-560
-586
-576
-540
-496
-409
-338
-340
-390
-455
-510
-529
-531
-503
-439
-304
-111
106
280
404
520
627
710
756
781
796
828
887
913
849
765
679
584
453
315
206
158
151
135
123
133
151
161
122
9
-92
-140
-188
-280
-373
-421
-464
-512
-559
-572
-568
-552
-544
-570
-597
-571
-535
-551
-585
-583
-537
-500
-469
-449
-415
-344
-248
-149
-5
163
330
493
638
721
762
804
821
788
746
734
717
679
615
542
451
356
259
159
67
9
9
38
53
83
149
206
209
156
55
-69
-206
-356
-521
-645
-648
-573
-465
-391
-368
-377
-404
-469
-607
-760
-820
-759
-624
-483
-338
-209
-108
-30
-13
-42
-52
8
113
234
355
502
646
740
758
702
624
536
451
386
337
318
320
323
301
258
180
98
24
-45
-80
-69
-24
37
91
128
121
50
-57
-180
-286
-395
-472
-483
-427
-347
-285
-259
-258
-277
-363
-465
-572
-617
-577
-465
-322
-180
-25
112
209
229
221
215
254
295
318
374
477
592
632
604
520
454
390
300
214
148
108
91
119
114
51
-10
-25
-38
-72
-107
-96
-46
-35
-45
-63
-111
-180
-246
-320
-399
-449
-441
-417
-393
-357
-327
-307
-308
-338
-370
-394
-397
-369
-307
-215
-114
-6
94
196
271
301
316
329
382
453
504
555
615
665
694
669
608
512
397
285
176
93
34
-5
-24
-24
2
28
43
26
-8
-46
-99
-177
-265
-312
-335
-363
-380
-344
-298
-274
-292
-340
-396
-471
-520
-531
-526
-512
-479
-412
-350
-310
-294
-269
-228
-206
-153
-57
69
215
374
510
625
738
828
843
786
729
674
596
508
435
379
326
240
138
17
-97
-186
-231
-256
-249
-189
-95
-6
30
25
-27
-94
-153
-217
-290
-324
-293
-230
-161
-108
-94
-132
-176
-239
-331
-421
-495
-516
-476
-388
-280
-187
-113
-56
-25
-2
27
88
186
302
426
535
601
643
645
609
557
504
447
361
275
173
62
-42
-162
-261
-316
-329
-309
-261
-195
-129
-86
-71
-71
-74
-76
-101
-116
-96
-81
-86
-82
-67
-73
-71
-51
-36
-45
-48
-51
-70
-114
-149
-175
-193
-179
-166
-147
-113
-64
-32
-4
42
104
164
233
316
413
476
515
549
544
533
513
436
315
184
56
-77
-214
-318
-381
-377
-335
-269
-226
-215
-230
-269
-331
-389
-411
-395
-323
-219
-105
-7
76
110
96
57
8
-56
-85
-69
-46
-15
22
39
-4
-61
-125
-177
-201
-207
-187
-124
-29
81
180
222
225
239
263
274
308
354
422
487
547
583
554
461
306
152
7
-117
-187
-197
-173
-119
-70
-77
-142
-239
-327
-396
-448
-442
-373
-248
-83
45
123
163
182
163
109
36
-30
-68
-96
-105
-120
-144
-178
-230
-297
-343
-344
-302
-235
-156
-43
82
169
204
223
221
210
197
176
172
205
264
310
339
358
353
311
235
133
41
-15
-34
-31
-29
-17
11
19
-11
-67
-143
-202
-225
-207
-169
-121
-20
70
111
112
90
34
-46
-127
-214
-281
-309
-305
-274
-238
-227
-223
-206
-186
-176
-172
-137
-72
17
118
201
266
302
314
289
244
180
115
90
110
137
148
167
197
205
172
108
20
-40
-62
-77
-70
-39
-10
33
46
17
-38
-89
-118
-133
-129
-100
-48
5
31
27
2
-61
-142
-211
-280
-350
-378
-346
-298
-263
-231
-192
-148
-102
-50
11
84
161
256
323
351
361
358
320
254
200
147
120
105
108
130
159
200
237
223
164
127
115
96
47
21
27
31
14
-24
-69
-128
-174
-186
-192
-177
-139
-92
-55
-29
-20
-37
-82
-152
-201
-229
-283
-330
-340
-337
-334
-318
-285
-255
-228
-193
-134
-59
32
121
188
238
262
272
249
212
172
145
116
104
125
151
207
252
245
200
162
124
71
42
38
57
107
172
204
176
112
49
4
-56
-110
-127
-81
-8
61
115
132
113
71
1
-109
-195
-258
-296
-310
-303
-277
-218
-165
-140
-117
-105
-96
-63
-31
4
60
120
175
201
196
173
146
104
44
-15
-32
-34
-56
-73
-74
-64
-36
-33
-46
-36
3
35
42
35
33
38
51
43
21
25
38
47
32
14
-4
-8
-23
-50
-97
-125
-129
-120
-135
-169
-176
-188
-195
-202
-194
-139
-52
22
101
182
237
262
261
231
213
192
164
148
144
130
105
83
59
28
-9
-23
-29
-26
-15
10
46
84
106
109
101
95
69
24
-18
-52
-76
-87
-82
-68
-62
-67
-81
-106
-136
-168
-207
-248
-275
-264
-241
-222
-207
-183
-167
-149
-110
-70
-37
8
58
89
121
135
124
92
79
92
100
105
113
123
127
127
111
75
34
26
33
42
53
86
136
172
186
184
177
156
131
114
107
106
111
128
137
127
116
94
47
-20
-70
-113
-157
-185
-194
-199
-193
-167
-143
-141
-133
-115
-98
-77
-42
15
63
86
83
63
47
6
-58
-119
-169
-192
-189
-180
-173
-149
-119
-112
-139
-167
-169
-159
-155
-140
-93
-38
24
77
126
142
144
156
130
83
55
59
74
95
109
116
121
130
127
91
45
11
5
5
3
25
47
71
94
107
124
127
127
139
148
151
162
186
202
210
185
138
94
37
-53
-137
-190
-217
-242
-267
-276
-250
-208
-200
-200
-207
-193
-134
-56
0
4
8
25
47
34
-2
-29
-33
-15
6
36
65
83
74
48
17
-21
-67
-126
-161
-167
-172
-168
-184
-197
-181
-157
-116
-60
11
88
166
233
257
259
256
244
221
205
203
205
185
151
113
66
44
43
25
-11
-15
-7
19
16
-3
10
61
94
117
149
152
135
112
85
40
-7
-39
-53
-75
-83
-81
-100
-148
-221
-271
-310
-335
-344
-321
-302
-265
-198
-141
-104
-71
-48
-25
0
34
71
95
113
128
153
166
162
140
104
47
12
-12
-30
-47
-40
-15
9
36
51
51
40
48
53
51
30
44
64
61
68
76
66
59
82
94
74
33
0
-37
-85
-131
-165
-193
-193
-165
-137
-121
-109
-83
-49
-45
-23
9
36
64
98
117
118
114
104
80
42
14
8
18
17
25
64
105
136
115
85
70
30
-16
-51
-76
-70
-17
17
51
76
88
80
59
58
73
83
87
91
78
65
38
-7
-55
-122
-186
-217
-234
-227
-217
-202
-170
-122
-82
-56
-42
-26
-2
3
2
2
23
46
59
57
34
-1
-35
-61
-80
-68
-25
18
59
94
132
131
87
46
-12
-60
-70
-77
-91
-73
-19
49
110
134
127
133
126
105
79
55
37
30
24
1
-2
-4
-5
-27
-51
-71
-64
-47
-34
-22
-5
20
57
99
130
143
118
89
65
37
-12
-50
-81
-96
-100
-73
-49
-26
7
34
49
46
34
28
18
-20
-58
-67
-61
-38
-23
-23
-31
-31
-31
-40
-54
-59
-40
-24
1
14
15
7
-20
-52
-87
-109
-124
-131
-120
-109
-95
-85
-92
-105
-99
-79
-70
-46
-10
23
51
88
116
124
106
88
69
41
35
31
40
53
60
70
84
98
106
102
81
64
74
86
89
84
71
73
95
90
71
46
54
85
84
65
53
43
29
12
-28
-82
-112
-118
-127
-147
-170
-188
-193
-196
-195
-175
-144
-101
-44
9
39
48
46
24
-5
-19
-21
-25
-7
35
81
98
95
87
79
58
21
-29
-61
-42
-19
0
8
16
31
59
68
65
55
66
69
67
78
71
79
91
98
82
53
12
-29
-89
-141
-187
-198
-191
-197
-183
-154
-145
-142
-106
-79
-73
-64
-20
29
62
76
86
102
105
104
107
95
82
95
133
156
150
140
112
99
80
25
-14
-8
-5
-8
1
8
14
48
67
44
20
15
11
-9
-5
0
8
-10
-23
-39
-62
-97
-134
-144
-166
-156
-151
-143
-118
-101
-103
-99
-89
-81
-88
-92
-83
-48
-4
27
71
105
132
149
142
105
80
35
22
27
26
40
47
56
70
62
46
25
16
32
25
32
37
47
59
51
43
37
25
25
40
55
52
58
84
76
44
12
-5
-7
-27
-56
-70
-58
-55
-65
-81
-82
-89
-87
-85
-86
-91
-104
-99
-98
-90
-76
-60
-42
-29
-24
-11
-9
2
4
16
28
16
16
18
-8
-41
-57
-64
-78
-74
-44
-23
-3
13
35
45
49
50
34
49
94
136
176
202
202
205
187
157
92
39
29
2
-20
-27
-14
2
17
16
-7
-29
-47
-60
-60
-45
-33
-19
-12
-4
-2
-13
-32
-62
-78
-94
-104
-94
-83
-77
-78
-70
-60
-72
-101
-118
-123
-132
-134
-114
-90
-66
-47
-19
-1
37
47
48
73
102
101
98
105
98
103
118
114
110
120
110
118
88
63
67
79
86
79
69
51
48
29
8
-14
-24
-27
-37
-33
-23
-7
0
14
-4
-20
-21
-57
-110
-119
-114
-96
-58
-37
-25
-15
-21
-30
-55
-87
-91
-71
-39
-22
15
57
92
106
110
91
53
19
-2
-17
-36
-37
-29
-17
15
21
17
43
59
43
14
6
18
49
60
70
73
99
109
91
44
-2
-36
-55
-69
-103
-99
-80
-62
-54
-57
-79
-78
-70
-78
-78
-84
-81
-65
-71
-56
-28
-23
-27
-15
5
24
32
25
30
32
55
68
61
46
23
7
-17
-44
-41
-37
-47
-53
-46
-30
3
30
40
47
51
69
82
84
69
47
16
4
-24
-63
-84
-86
-70
-58
-44
-22
8
18
14
-5
-17
2
12
21
49
58
73
81
79
64
31
14
19
35
48
58
86
111
115
117
95
59
36
7
-28
-47
-73
-82
-74
-64
-51
-35
-22
-23
-23
-39
-66
-76
-81
-96
-111
-98
-77
-55
-33
-29
-19
-17
-24
-31
-22
-3
40
62
65
65
74
77
55
31
19
26
21
14
17
22
37
52
60
69
95
108
110
101
78
59
33
11
-10
-9
-6
-7
-14
-8
-5
-13
-39
-56
-64
-69
-60
-57
-67
-57
-23
-20
-35
-69
-69
-72
-79
-89
-103
-110
-97
-70
-65
-52
-34
-28
-34
-33
-40
-24
5
31
36
47
61
59
40
8
-13
-17
-10
4
21
25
44
81
102
78
53
43
38
35
39
32
22
32
47
53
43
37
28
15
4
-15
4
28
15
15
19
12
-7
-29
-47
-73
-80
-84
-87
-83
-66
-40
-33
-18
-6
-20
-23
-27
-34
-48
-38
-15
8
28
43
48
62
84
84
68
74
87
87
84
84
66
51
35
27
39
54
65
75
89
67
23
-5
-32
-71
-86
-88
-59
-28
-1
6
6
-6
-42
-85
-117
-135
-127
-109
-101
-57
-4
31
22
-5
-16
-24
-33
-38
-63
-54
-14
-3
3
-15
-16
8
13
5
-4
5
32
53
38
10
15
14
19
14
6
21
31
15
27
60
68
74
67
64
64
60
48
38
25
14
24
6
-6
-1
-16
-9
9
13
-6
-1
-6
-25
-17
-16
-24
-28
-9
10
3
-39
-41
-35
-52
-68
-68
-53
-23
-23
-60
-66
-54
-47
-70
-83
-76
-45
-26
-11
1
11