2
1
2
1
1
1
1
1
1
1
0
1
1
0
1
1
1
1
1
0
-1
1
0
0
0
0
0
-1
1
1
-1
0
0
0
0
0
0
0
1
0
0
-1
-1
0
0
0
0
-1
0
-1
-1
-1
-1
-1
-2
-2
-1
-1
-1
-1
-2
-1
-1
0
-2
-2
-1
-2
-1
-1
-2
-1
-1
-1
-1
-1
-1
-1
0
0
-1
0
-1
-1
-1
-1
-1
-1
-1
-1
0
1
0
-1
0
0
0
0
1
0
0
0
1
0
1
1
2
1
1
1
1
1
0
0
0
1
1
2
0
1
1
1
1
1
1
1
1
1
1
1
1
0
0
1
0
0
1
0
0
0
1
1
0
0
1
1
1
1
0
1
1
0
0
1
0
0
0
0
0
0
0
0
0
1
0
0
-1
1
0
0
0
0
-1
0
0
0
0
0
-1
0
0
0
-1
0
0
-1
0
-1
-1
0
0
0
0
0
0
0
0
-1
0
-1
-1
-1
-1
-1
0
0
0
0
-1
0
0
0
0
0
-1
-1
-1
-1
-1
-1
-1
-1
-1
-2
-1
-2
-2
-1
-1
-1
-1
-1
0
-2
-1
-1
-1
-1
-2
-2
-1
-1
-1
-1
-2
-1
0
-1
0
-1
0
0
-1
-1
-1
-1
0
-2
-1
0
-1
-1
0
0
0
0
-1
0
1
0
1
1
1
1
0
0
2
1
1
1
1
2
1
2
2
2
3
2
3
2
2
2
2
2
3
3
3
2
2
2
3
2
3
2
2
2
1
2
2
2
2
1
1
0
1
0
-1
-1
-1
-1
-1
-1
-1
-1
-1
-2
-1
-1
-1
-1
-2
-2
-2
-2
-2
-1
-2
-1
-1
-2
-1
0
-1
-1
0
0
-1
0
0
0
0
0
0
1
0
0
0
1
1
0
1
0
1
1
2
1
1
1
1
0
0
1
0
0
0
1
1
0
0
0
0
0
0
0
-1
0
1
0
0
0
0
0
-1
0
0
0
0
1
0
0
1
1
1
1
0
0
0
0
0
0
0
0
0
0
0
-1
0
0
0
-1
0
-1
-2
-1
-3
-1
-2
-2
-2
-2
-3
-3
-3
-3
-3
-3
-3
-4
-3
-2
-2
-1
-1
-1
-1
0
2
2
2
2
3
4
6
7
7
8
9
10
11
12
13
13
11
11
10
10
9
7
6
5
4
2
1
-1
-3
-5
-7
-10
-12
-13
-14
-13
-14
-15
-17
-18
-18
-18
-19
-20
-19
-21
-21
-21
-17
-16
-15
-13
-11
-8
-2
3
4
3
10
15
20
22
23
26
34
40
41
38
35
34
37
35
27
24
27
27
20
17
10
4
1
-2
-13
-22
-17
-16
-25
-29
-25
-21
-22
-28
-37
-39
-35
-36
-40
-44
-39
-32
-21
-13
-9
-2
9
16
18
25
24
21
32
36
29
30
35
26
22
22
16
9
10
10
9
11
16
24
29
24
19
19
16
2
-15
-23
-27
-31
-33
-40
-45
-39
-38
-36
-28
-25
-30
-25
-14
-11
-8
-2
-4
-10
-7
0
1
3
10
15
14
16
12
9
11
4
-10
-17
-24
-31
-34
-37
-40
-35
-27
-24
-22
-24
-27
-21
-11
-4
-1
8
25
41
49
58
65
65
59
52
44
40
46
52
52
52
68
80
76
66
60
52
47
30
-5
-20
-12
-17
-35
-47
-57
-60
-55
-62
-84
-91
-78
-66
-67
-71
-58
-32
-12
-4
-9
-16
-16
-11
-15
-34
-54
-51
-25
-11
-22
-27
-10
16
24
2
-18
-6
12
15
3
-4
9
39
54
49
64
101
132
154
170
180
196
202
185
167
157
139
110
87
61
39
40
35
10
2
12
3
-24
-47
-67
-81
-93
-101
-106
-96
-54
-13
-10
-14
18
45
40
11
-34
-71
-96
-142
-209
-251
-255
-247
-246
-229
-204
-179
-157
-123
-82
-76
-81
-54
-15
-1
4
-17
-36
-1
48
41
2
-4
42
100
117
92
95
178
262
270
246
265
295
316
323
297
240
225
239
226
195
175
138
116
147
117
34
-16
-44
-118
-176
-211
-251
-274
-307
-356
-373
-322
-299
-338
-387
-383
-298
-190
-193
-253
-193
-66
26
55
23
14
112
210
203
103
17
42
88
56
-40
-92
-78
-22
25
9
-11
78
214
270
304
339
398
531
629
616
568
536
534
547
472
220
-2
-28
-20
-222
-473
-527
-468
-416
-440
-522
-527
-396
-329
-386
-438
-434
-443
-456
-453
-434
-425
-448
-406
-301
-254
-231
-118
-69
-61
93
279
316
359
481
597
690
743
833
841
823
876
944
791
601
441
306
211
80
-158
-336
-284
-276
-345
-421
-392
-350
-300
-345
-430
-444
-431
-424
-476
-555
-548
-432
-406
-382
-381
-364
-258
-152
-214
-220
-184
-220
-198
-149
-113
-22
84
50
154
384
431
321
398
552
600
615
607
570
567
679
621
374
229
289
212
51
-98
-207
-124
-8
-102
-99
129
237
350
497
570
566
654
689
696
695
634
590
444
332
545
529
31
-189
-104
-477
-825
-910
-1976
-2763
-2227
-2161
-3337
-3445
-2930
-2863
-2089
-1276
-1620
-1442
284
1135
908
868
1061
1342
1979
1671
575
594
1337
1526
1511
1640
1530
2234
3537
3732
3135
3431
4146
4118
3635
2927
1969
1336
1045
140
-1177
-1911
-2062
-2195
-2320
-2588
-2755
-2220
-1566
-1594
-1844
-1623
-1487
-1652
-1905
-2452
-3258
-3486
-3356
-4169
-4874
-4536
-4163
-4201
-3575
-2963
-2703
-1627
-354
-177
6
1129
1327
1014
1464
1731
1155
1499
2210
2280
3090
4541
5419
6423
8246
9353
10061
10952
11075
10404
10022
9070
6919
5046
3212
691
-1422
-2772
-4998
-6972
-7357
-7776
-8718
-8720
-8213
-8353
-7865
-6770
-6554
-6819
-6298
-5829
-5865
-5862
-5898
-6699
-7042
-6620
-6725
-7205
-7001
-6238
-5402
-3730
-2311
-1210
562
3620
6185
7862
9526
11516
13504
15166
15991
15710
15922
16263
15465
14010
12712
10586
8627
7698
5394
2241
734
-311
-2475
-3895
-5018
-7195
-8346
-8495
-9949
-11848
-12408
-12843
-13220
-13073
-13259
-13247
-11530
-9491
-8287
-6934
-4959
-3058
-1468
-575
-1072
-1446
-1254
-1577
-3140
-4415
-4903
-4417
-3315
-2295
-880
1991
5968
9640
12836
15550
18221
20676
22255
22199
20601
18285
16450
14059
9959
5810
2869
210
-1856
-3009
-4700
-6033
-5268
-4311
-4980
-5690
-6198
-7034
-7876
-9275
-11799
-13883
-14830
-15455
-15344
-14837
-14210
-12309
-8842
-5774
-3638
-1970
-848
464
1437
509
-1872
-3508
-4333
-4990
-5570
-6019
-5397
-2498
1806
5747
9303
13299
18081
22471
25060
25842
25778
24589
22452
19873
15632
10171
6082
3132
-489
-3426
-5112
-6584
-6691
-5295
-5038
-5586
-5112
-4915
-5769
-6940
-9329
-12311
-13852
-15030
-17249
-18222
-17611
-16735
-14735
-11148
-8795
-7354
-4343
-1389
-718
-941
-906
-2150
-3174
-3516
-4424
-5767
-4844
-2323
414
3730
7707
12173
17118
21801
24535
26680
28480
28191
25802
23597
20248
15004
10579
6907
1637
-2822
-4183
-6005
-8815
-8983
-7747
-7802
-7459
-6666
-7342
-8126
-8542
-10574
-13103
-14779
-16927
-18210
-17639
-17815
-18086
-14816
-11023
-10143
-8214
-4692
-3252
-2726
-819
-1107
-2826
-2194
-1232
-2143
-2043
-56
1991
5219
9464
12703
16172
20855
24311
26346
29072
29670
26724
24919
24047
19375
13008
9684
4888
-1316
-3606
-4684
-10277
-13275
-10622
-10256
-11982
-11144
-10553
-11494
-9820
-10026
-13334
-14659
-14680
-16500
-16501
-16156
-18648
-17133
-12182
-11696
-13021
-9341
-6439
-6052
-3898
-2625
-3504
-1622
1816
1483
1443
4087
6926
9128
12347
14386
16516
20725
23855
24561
26122
28840
27770
25661
24544
22341
16898
13213
9864
3101
-2201
-3592
-6861
-13158
-14173
-13476
-15091
-16071
-14425
-15116
-15074
-12768
-12895
-14508
-14642
-14671
-15253
-13902
-14973
-16417
-14962
-12953
-13308
-12597
-11222
-10762
-8256
-5489
-4227
-3047
338
2801
5411
8093
9851
11397
14466
17052
17879
19375
21108
22817
24063
25978
26322
25407
24602
24046
21717
17356
13297
8687
3898
-382
-4156
-9774
-13717
-14666
-15645
-17708
-18067
-17424
-17261
-15635
-14156
-14444
-14838
-13476
-13163
-13635
-13718
-13582
-14457
-15107
-14456
-14233
-14563
-13921
-11585
-9848
-7265
-3907
-898
1539
5293
8886
10950
12369
13766
15406
16609
17319
17569
18850
20502
22221
25616
27125
25228
25207
28200
25712
19387
15991
11490
4481
507
-2942
-12304
-17708
-15966
-16528
-20402
-19735
-18273
-18130
-14677
-12266
-14755
-15747
-13032
-13218
-14300
-14570
-16339
-18328
-16228
-14972
-17144
-17611
-14399
-11310
-8809
-4864
-1859
1035
5380
10469
12289
12984
14039
15602
16314
16240
15062
14795
16592
18277
19623
22988
26185
25296
25846
29512
28491
21213
17947
14755
6141
-786
-3304
-12226
-21652
-20366
-19124
-24400
-24976
-19718
-19337
-17415
-11912
-11971
-15110
-12157
-10207
-13467
-14335
-15513
-20165
-19097
-15093
-18329
-21087
-14879
-10279
-8497
-1883
3207
4024
9653
18065
18307
16680
18130
18991
17589
16871
13975
11073
12643
14657
15228
18033
23166
23145
24457
29328
30727
23747
19538
17691
9093
-414
-4444
-11486
-24797
-26720
-22959
-27039
-31556
-24390
-19825
-19836
-13545
-8788
-11869
-12128
-6893
-9281
-13324
-14771
-19350
-21388
-17591
-18671
-23644
-17584
-10594
-7878
-883
7431
8757
13466
23917
25105
21644
22258
22985
18468
16479
13097
8487
7969
10364
11107
13522
20560
21582
23268
28701
32632
25516
20862
19166
10223
-1018
-5638
-12255
-27467
-29823
-24913
-26852
-32472
-24930
-18555
-17820
-11792
-5318
-7310
-9443
-4074
-5745
-9882
-14104
-18929
-20990
-17430
-19805
-24081
-17503
-10908
-7003
1370
10130
9841
16262
27026
27541
21289
21506
21387
16172
13089
8572
4045
3303
7544
8811
13693
17802
18752
23365
31086
30234
21084
20436
16723
6447
-2513
-5197
-18576
-29309
-25357
-22498
-29791
-30212
-19356
-16379
-13501
-7115
-3604
-7954
-5207
-1722
-5024
-11840
-17633
-19318
-18668
-19706
-26034
-24145
-17390
-11640
-5841
3271
6914
11150
22808
28850
24052
20505
23183
20012
14589
9267
4731
1495
4168
7271
9174
14893
17523
21369
27731
32684
25382
21611
22088
13965
2041
-2236
-8207
-24258
-26517
-21460
-25092
-32248
-23002
-15544
-15813
-11012
-3690
-4993
-7514
-2060
-2163
-8543
-15705
-17473
-17901
-19231
-24283
-25898
-20498
-14633
-9536
-2223
4456
8422
18143
27074
25796
20788
22923
23238
16530
10187
6134
2936
2035
5376
6974
11085
16519
20576
25616
30949
30151
23208
23430
18257
6782
-2265
-4715
-17902
-28743
-24870
-23476
-30768
-29875
-17752
-16733
-15130
-7487
-2995
-7475
-5804
-1600
-6276
-11881
-16574
-18137
-19796
-20384
-25002
-22931
-16085
-11769
-5650
3871
9681
12704
24165
29335
25284
22472
25717
20586
13575
9970
6242
2441
3580
6956
8843
15756
18615
21895
27328
32621
25558
21483
20277
11153
-349
-4431
-11112
-27294
-28294
-23204
-25875
-32463
-23763
-16990
-16651
-11857
-5160
-6172
-8943
-3483
-3862
-9343
-15701
-16892
-17890
-18474
-21566
-22570
-17353
-11349
-5585
1458
8628
12234
20609
28476
27530
22502
24009
23837
16766
11272
8112
5076
3798
7269
8507
12042
17764
20802
23554
27760
27792
20266
18826
13967
3251
-5940
-7987
-18918
-30189
-27446
-24697
-30092
-30595
-19543
-17618
-16295
-9791
-4587
-8818
-8335
-4439
-7751
-13374
-17676
-18121
-19996
-19953
-22592
-19373
-13425
-7474
-934
7940
13382
17045
26372
30102
26247
22601
24906
19819
13208
9691
7353
4182
5366
9578
10916
16652
19614
22393
25131
29093
23207
17649
15772
7529
-2644
-7536
-12019
-26743
-28846
-23812
-25246
-31510
-23925
-16481
-17296
-12910
-6505
-7079
-11039
-6604
-6953
-11878
-17518
-19502
-20136
-20168
-21905
-22154
-15951
-10111
-3925
4551
12089
14509
21766
29714
28415
22739
22822
22616
15938
11079
8414
6222
4763
8737
11476
15108
18671
20984
24405
27731
26311
18556
16701
10925
1757
-5981
-8897
-20294
-29020
-25077
-23030
-28576
-28427
-18100
-16420
-14922
-9436
-5968
-10033
-9445
-6341
-10115
-16452
-20161
-19761
-20581
-21550
-22277
-18103
-11665
-5290
2380
10262
14742
19489
27728
29854
25004
22155
23260
18733
12847
9318
7543
5393
7716
11053
13741
17555
19303
22352
25222
26330
18711
15520
12112
3755
-5285
-8442
-15933
-27864
-26451
-22557
-26067
-29731
-20204
-15615
-15428
-10848
-6469
-8971
-10448
-6626
-10067
-15968
-19846
-19981
-21114
-21183
-21841
-19142
-11748
-5233
884
8660
15743
19310
25866
29779
26692
22480
23673
20936
14028
10271
9259
7544
7861
11545
13632
17692
19770
21525
23421
25311
19667
14106
11999
4052
-5331
-9471
-13602
-26728
-28642
-22847
-24393
-29884
-22618
-14872
-16199
-12354
-6734
-8073
-12280
-8074
-9203
-16121
-20871
-20836
-21456
-22380
-21865
-19815
-13244
-6042
1110
8452
15369
19797
26108
30802
28439
23718
23855
22576
16209
11432
9875
8798
8554
12232
14492
18151
19749
21997
23801
24987
19944
13569
11384
3815
-5342
-11175
-14090
-26110
-29985
-24515
-23762
-29429
-24585
-14943
-15249
-13064
-7708
-6878
-12359
-9253
-8909
-15640
-21823
-21509
-21085
-22885
-22855
-20833
-13639
-6549
198
7029
15196
19889
25585
31052
29284
24152
23990
24381
17095
11479
9921
9777
8628
11623
14048
17509
20448
22125
24008
25067
21549
14066
12291
5434
-4847
-11801
-13589
-23989
-31033
-25757
-23398
-28202
-25634
-14746
-14118
-13191
-7540
-5376
-10912
-10124
-8505
-14750
-21148
-22698
-21972
-23348
-23480
-22464
-15710
-7607
-1625
5456
14286
19703
23669
30170
30464
24998
23085
24379
18721
12172
10208
10214
8782
10780
13897
17642
20599
21549
23797
25595
23100
14708
12331
6753
-3647
-11923
-13446
-22658
-32036
-27628
-23252
-27640
-27508
-15953
-13214
-13251
-7961
-4259
-9706
-11008
-8064
-12822
-20206
-23243
-22061
-22620
-22733
-22055
-16523
-8338
-1695
5440
14016
19481
22873
29166
31230
26019
22627
23681
19920
13525
10726
10785
9828
11290
14212
18024
21128
21358
22992
25155
23325
14363
10563
6212
-3757
-12830
-14826
-21732
-32015
-29292
-23101
-25631
-27997
-18031
-12286
-12790
-9458
-5197
-9302
-12558
-9921
-12607
-19852
-24264
-23056
-22268
-21872
-21960
-16731
-8261
-903
5511
14463
20376
23358
28727
31814
27546
22798
23477
20889
15425
11677
11968
11646
13327
15921
20000
23141
22724
23737
26070
24188
14129
9476
5282
-4366
-13951
-16066
-22407
-31961
-29578
-23235
-25242
-27480
-18244
-12615
-12649
-9819
-6548
-10451
-13394
-11399
-14240
-20503
-24627
-23739
-22547
-21244
-21253
-16367
-7688
-200
6037
14470
20348
23159
28314
31208
27510
22933
23278
20997
16746
13313
13070
13261
15838
18193
21127
24613
24283
24345
25502
24035
13688
8000
3744
-5512
-15388
-18076
-22808
-31799
-30110
-23931
-24037
-26183
-18111
-12198
-11743
-9474
-7095
-9979
-13846
-12847
-15436
-20296
-25108
-25227
-23164
-21119
-20609
-16241
-7225
-130
6720
15074
20646
22529
27278
30386
26463
21984
21476
19464
15578
13569
12736
12749
15858
19009
22066
24373
24290
24282
25914
23525
13540
7485
2924
-5582
-14961
-18121
-24685
-32309
-29474
-23716
-25269
-25696
-17214
-12401
-10886
-7871
-6971
-11200
-12209
-11380
-16133
-21484
-24682
-24918
-23540
-21365
-21377
-16912
-7328
151
5949
13792
19580
22178
27331
29707
25227
21413
22055
19604
15134
13242
12722
12446
15686
18995
21326
22961
23941
24768
25582
22490
13493
8234
3045
-5567
-14560
-18144
-25118
-31683
-28655
-24310
-25965
-24724
-15883
-12123
-10515
-6738
-5533
-9661
-10510
-10345
-14968
-20085
-23037
-24009
-23032
-21434
-20950
-16151
-7443
-772
5498
13974
19147
21730
26637
28842
24418
21225
21196
18380
14123
12474
12274
11521
14604
17797
21059
22382
23061
23926
25176
21922
13173
8237
2658
-5665
-14120
-17697
-25230
-31254
-28134
-24065
-25702
-24352
-15750
-12017
-9979
-6498
-5625
-9428
-9819
-9875
-14595
-19477
-22111
-22930
-22061
-20749
-20297
-15620
-7101
-686
4923
12786
18216
21082
25298
27233
23580
21069
21127
18558
14568
13097
13057
12784
15502
18305
21475
22681
23509
24445
25317
21428
13412
8871
2678
-5816
-13658
-17546
-25678
-30651
-27179
-24506
-26535
-23752
-15331
-12885
-10767
-7135
-6898
-11069
-10717
-11174
-16419
-21116
-22613
-23120
-22415
-20955
-19746
-14740
-6557
48
5803
12986
17773
21149
25323
26262
22341
20843
21309
18466
14908
14369
14742
14388
17303
20243
22967
23653
24404
24828
24956
20812
13049
8077
1721
-6491
-14008
-18121
-25981
-30642
-27244
-24596
-26569
-23737
-15421
-12805
-11272
-7695
-7113
-11225
-11852
-12060
-16731
-21610
-23292
-23263
-22539
-21490
-19460
-14034
-6621
-522
6064
13519
17718
20646
24849
26205
22393
20569
20714
18433
14822
14397
14864
14872
17309
20631
23842
23991
24496
25335
25508
20860
13523
8382
1574
-6523
-13464
-17927
-26228
-30258
-26700
-24082
-25872
-22851
-15096
-12226
-10277
-7426
-7489
-11216
-11338
-12379
-17102
-21769
-23276
-23247
-22333
-21527
-19620
-13819
-6153
-299
5814
13059
17641
20661
24143
24854
21431
19819
19540
17190
13750
13481
14042
14908
17190
20319
23584
24138
24621
25158
25329
20135
13271
8119
1210
-7035
-13248
-17802
-26046
-29172
-25529
-23261
-24823
-21029
-14034
-11557
-9490
-6713
-7454
-11354
-11245
-12285
-16955
-21697
-22726
-22429
-21292
-20315
-18355
-12874
-5425
701
6450
12496
16352
19842
23176
23141
19555
18328
18219
16112
13241
12783
13297
14466
17118
20077
22742
22999
23773
24510
24196
18722
12463
7686
1041
-6528
-12367
-17110
-24839
-27039
-23697
-22143
-23596
-19507
-13174
-11285
-9253
-7056
-8100
-11720
-11076
-12544
-17157
-21445
-21811
-21440
-20414
-19407
-17299
-11785
-4771
1365
6667
12039
15478
19268
22192
21221
17823
17349
17319
15002
12762
12767
13353
15072
18070
20687
23074
23350
24172
24610
23801
17771
11813
7203
373
-7401
-12807
-17594
-25256
-26541
-22996
-22248
-23494
-18630
-12758
-11692
-9576
-7483
-9000
-12463
-11518
-13350
-17731
-21236
-21196
-20628
-19408
-18097
-15526
-9785
-3334
2328
7752
12619
15425
18954
21660
20085
17260
17398
17489
14964
13552
14172
14647
16426
19401
22101
22908
23112
23776
23796
21456
15166
9820
4468
-1965
-9078
-13698
-19654
-25548
-24997
-21749
-22219
-22485
-16875
-12814
-11529
-9512
-8867
-11958
-13038
-11896
-15125
-19510
-20810
-20102
-19086
-17325
-16070
-13237
-6561
15
4398
8484
12779
15826
18896
20136
17570
15603
16630
16875
14041
13384
14473
15748
17790
21016
22661
21803
22790
23904
22795
17610
12676
8116
2033
-4236
-9742
-15074
-22052
-24086
-21942
-21384
-22895
-19678
-14263
-12571
-10641
-8716
-9805
-12820
-11431
-11873
-16490
-19891
-19195
-18241
-17786
-16248
-13942
-10002
-4003
2003
6481
9744
12950
16526
19094
18132
15717
15467
16064
15010
13019
13265
14139
15754
17801
20942
21337
20354
21566
22977
20072
13852
10456
5777
-834
-6721
-10449
-17672
-23467
-22116
-19959
-22066
-21900
-15969
-12663
-11690
-9048
-8117
-11011
-11872
-10245
-12791
-17484
-19121
-17645
-16471
-16160
-15025
-11369
-6015
-1171
3875
8141
10570
13162
17163
18080
15152
14110
15224
14862
12997
12701
12970
14074
16017
18618
20462
19691
19569
21126
21685
16456
11285
8613
3659
-3030
-7532
-11799
-19954
-22355
-19208
-19465
-22809
-19275
-13033
-12114
-10417
-7895
-8536
-11165
-9633
-9921
-14094
-17616
-17699
-16396
-15709
-15784
-14070
-9024
-3622
481
5258
9078
11026
14127
17505
15952
12880
13453
14484
12647
11249
11941
12763
14399
16864
19462
19585
19273
20204
21643
19297
13395
9947
6674
1107
-5026
-8622
-14909
-20684
-19589
-17523
-20362
-21271
-15330
-11980
-11386
-9221
-8087
-10613
-10643
-8979
-11704
-16128
-17393
-16465
-15493
-15103
-14625
-11787
-6105
-980
2950
6767
9596
12108
15546
16703
13929
12509
13724
13664
11718
11552
12124
13574
15610
18439
19211
18735
19300
20734
20265
15507
11059
7905
3905
-2036
-6567
-11561
-17744
-19471
-17403
-18470
-20925
-18020
-13432
-12276
-10606
-9221
-10266
-11314
-9327
-10316
-14030
-16157
-15958
-15031
-14420
-14144
-12950
-8321
-3119
875
4538
7913
10328
13461
16051
14793
12782
13147
13787
12061
11410
11599
12209
13756
16575
18264
17652
18006
19230
19819
16763
12584
9181
5473
833
-3887
-8176
-14425
-17814
-16907
-16619
-19202
-18584
-14417
-12504
-11209
-9382
-9280
-11079
-9841
-8989
-11602
-14615
-14851
-14122
-13630
-13428
-12414
-9640
-5135
-1179
2472
5764
8356
11112
14075
14442
12680
12589
13448
12458
10879
11224
11453
12072
13807
16688
16553
15854
16886
18565
16945
12889
10266
6973
2787
-1440
-4982
-10955
-15851
-15797
-15071
-17484
-18419
-15123
-12523
-11638
-9268
-8788
-10196
-9905
-7928
-9727
-12878
-13887
-13549
-12899
-12682
-12374
-10793
-6644
-2483
920
3918
6795
9480
12522
13825
12596
11673
12297
12435
11115
10557
10352
11598
12732
14919
15736
15594
15670
17066
17286
14005
10701
8029
4737
513
-2965
-7706
-13364
-15080
-13991
-15466
-17756
-15895
-12942
-12036
-10052
-8756
-9790
-10468
-8146
-8639
-11560
-13353
-13112
-12760
-12344
-12341
-11508
-8415
-4128
-774
2330
5063
7770
10855
13087
12191
11362
11941
12445
10952
10473
10300
10806
12034
13933
15151
14868
15490
16360
17111
14782
11717
9041
6076
2181
-1359
-5251
-10793
-13867
-13121
-13892
-16546
-16037
-12989
-12210
-10958
-9282
-9722
-10821
-9034
-8443
-10836
-12658
-12384
-12066
-11724
-11697
-11134
-8894
-4866
-1831
878
3528
6313
9260
11858
11704
10824
11768
12665
11521
10558
10786
10645
11624
13137
14477
13841
14324
15372
16097
14343
11531
9430
6733
3158
-375
-3343
-8421
-12357
-12281
-12037
-15171
-15847
-12932
-11593
-12018
-9863
-9398
-11004
-10489
-8354
-10008
-12672
-12439
-11451
-11309
-11618
-10964
-9325
-5935
-2787
-61
2415
4758
7537
10835
11790
10351
10799
12609
12370
10562
10836
10841
11209
12166
14338
13914
13102
14142
15616
14604
11402
9651
7553
4271
610
-1693
-5872
-10690
-11888
-10641
-12994
-15366
-13586
-10892
-11551
-10829
-9460
-10133
-11096
-9207
-8980
-11508
-12768
-11326
-10376
-10820
-10999
-9121
-6266
-3664
-1191
1575
3599
5693
8878
10944
10086
9912
11767
12589
10890
10519
11016
11247
11330
12883
13904
12543
12549
14052
14457
11410
9322
8005
5251
1572
-580
-3588
-8665
-11219
-9984
-11088
-14106
-13827
-10979
-10878
-10776
-9472
-9686
-10689
-9364
-8446
-10304
-11845
-11287
-10167
-9886
-10462
-9665
-7151
-4296
-2328
84
2388
4245
7113
10074
10210
9282
11002
12631
11761
10375
10852
10837
11169
11781
13098
11988
11568
12515
13773
11757
9091
8065
6221
2919
145
-1846
-6585
-10117
-9761
-9375
-12823
-13611
-11267
-9918
-10664
-9322
-9076
-10167
-9705
-8051
-9214
-11547
-11383
-10067
-9677
-10505
-9970
-7929
-5207
-3460
-1145
1223
3063
5162
8477
9648
8812
9598
11772
11977
10442
10692
10972
11255
11277
12799
12701
11584
11484
13064
12608
9417
7791
6862
4182
735
-753
-3952
-8398
-9656
-8046
-10177
-12726
-11514
-9346
-10194
-9690
-8750
-9769
-10742
-8902
-8458
-10496
-11642
-10521
-9444
-9392
-9719
-8523
-6228
-4056
-2063
405
2212
3610
6564
9163
9076
8735
10337
11662
10929
10538
10765
10950
11070
12153
12925
11775
11092
11751
12641
10362
7826
6407
4886
1932
-215
-2421
-6571
-9243
-8338
-8403
-11460
-11958
-10013
-9349
-9980
-8953
-9277
-10358
-9678
-8208
-9294
-11067
-10685
-9449
-8797
-9292
-8698
-7034
-4476
-2857
-567
1478
3058
4890
7833
8815
8244
9092
10896
11046
10151
10537
10661
10965
11217
12583
12006
10992
10863
11883
10849
8061
6522
5087
2758
141
-1155
-4527
-7930
-8614
-7304
-9573
-11396
-10435
-8837
-9603
-9255
-8807
-9678
-10181
-8633
-8360
-10091
-10747
-9337
-8302
-8559
-8542
-6989
-4920
-3125
-1183
915
2391
4064
6739
8299
7982
8221
10087
11013
10142
10047
10459
10743
10683
11744
12157
10855
10301
11097
11032
8183
6294
5117
3020
262
-1001
-3348
-7051
-8462
-7226
-8185
-10440
-10140
-8554
-8744
-8829
-8226
-8997
-9857
-8925
-8177
-9357
-10442
-9834
-8547
-7975
-8279
-7329
-5317
-3372
-1790
314
1857
3093
5358
7651
7680
7549
8982
10485
10115
9732
10022
10212
10440
10895
11833
10901
10187
10234
11110
9174
6711
5379
4029
1299
-679
-2057
-5546
-8194
-7622
-6994
-9697
-10237
-8536
-7765
-8733
-7720
-7852
-9150
-9063
-7583
-8294
-10075
-9757
-8609
-7937
-8291
-7620
-6240
-4173
-2649
-627
1001
2207
3892
6551
7441
6884
7637
9603
9992
9291
9602
10043
10327
10560
11839
11423
10313
10076
11025
10090
7282
5598
4341
2209
-290
-1422
-4309
-7346
-7895
-6463
-8283
-9757
-8800
-7362
-8093
-7827
-7560
-8675
-9322
-8093
-7967
-9522
-9992
-8862
-7858
-7802
-7657
-6405
-4553
-2838
-1194
561
1780
2951
5083
6653
6509
6640
8323
9477
9275
9477
10107
10504
10721
11659
11885
10621
9936
10322
10195
7738
5801
4266
2520
245
-990
-3310
-6542
-7681
-6556
-7359
-9300
-8914
-7601
-7710
-7804
-7370
-8393
-9241
-8264
-7646
-8982
-9879
-8946
-7939
-7534
-7518
-6468
-4919
-2889
-1204
485
1575
2826
4676
6253
6287
6250
7351
8687
8916
9159
9626
10112
10598
11414
11925
10774
9937
9902
10119
7969
5757
4174
2668
433
-999
-2686
-5719
-7489
-6597
-6363
-8534
-8752
-7404
-7068
-7770
-7178
-7792
-8954
-8660
-7489
-8190
-9485
-8924
-7565
-6816
-7052
-6135
-4606
-2953
-1618
299
1426
2097
3462
5549
5816
5254
6212
8000
8338
8231
9210
9807
10104
10610
11832
10840
9637
9475
10076
8277
5801
4488
3194
861
-993
-1884
-4633
-6996
-6847
-5689
-7538
-8349
-7303
-6381
-7358
-7052
-7167
-8412
-8930
-7933
-7873
-9283
-9417
-8094
-6721
-6704
-6189
-4538
-2693
-1527
56
1657
2187
2719
4690
5851
4943
5054
6990
8143
7651
8444
9451
9943
10120
11660
11628
10008
9319
10139
9353
6220
4457
3354
1544
-1007
-1766
-3873
-6500
-7136
-5387
-6471
-8033
-7519
-6046
-6709
-7098
-7026
-7973
-8973
-8414
-7823
-8803
-9555
-8569
-6786
-6216
-6160
-4795
-2640
-1443
-328
1397
2380
2473
3855
5441
5049
4536
5985
7693
7539
7782
8822
9752
9906
11082
11664
10396
9210
9700
9620
6761
4252
3063
1668
-849
-2141
-3749
-6086
-7113
-5599
-5777
-7301
-7181
-5744
-5767
-6451
-6627
-7505
-8431
-8338
-8003
-8681
-9412
-8712
-7184
-6060
-5989
-4877
-2690
-855
-82
1284
2579
3065
3788
4998
4951
4272
5182
6820
7091
7124
7989
9122
9837
10836
11354
10520
9741
9834
9619
7211
4706
2904
1571
-560
-2296
-4281
-6100
-6863
-5974
-5934
-6833
-6807
-5750
-5365
-5880
-6517
-7491
-8103
-8125
-8239
-8858
-9273
-8740
-7433
-6103
-5740
-4961
-2973
-750
207
1117
2276
3116
3732
4707
4861
4497
4976
6474
7232
7285
7783
8878
9895
10666
11078
10365
9753
9515
9257
7134
4756
2664
1279
-495
-2189
-4327
-6021
-6543
-5827
-5825
-6491
-6335
-5664
-5347
-5566
-6290
-7561
-8164
-7967
-8278
-8947
-9094
-8451
-7481
-6036
-5242
-4484
-2792
-603
589
1250
2417
3363
3887
4416
4768
4579
4910
5994
6853
7094
7486
8522
9639
10664
10752
10142
9612
9550
8867
6794
4566
2441
880
-717
-2202
-4659
-6205
-6211
-5319
-5822
-6119
-5606
-5128
-5038
-4961
-5812
-7547
-7990
-7676
-8309
-9425
-9241
-8479
-7525
-6253
-5175
-4381
-2681
-330
1075
1629
2373
3405
4194
4461
4286
4211
4679
5345
6029
6630
7071
7946
9264
10706
10675
9977
9729
9833
8811
6774
4721
2503
692
-667
-2086
-4732
-6318
-6008
-5093
-5675
-5852
-5228
-4552
-4513
-4373
-5306
-6963
-7642
-7300
-7960
-9249
-9456
-8600
-7502
-6340
-5460
-4485
-2768
-498
962
1625
2200
3077
4020
4325
4101
3816
4277
5033
5673
6139
6669
7632
8728
10146
10313
9703
9231
9482
8628
6533
4510
2558
777
-745
-1976
-4452
-6105
-5877
-4800
-5416
-5599
-4951
-4197
-4191
-3927
-4894
-6471
-7030
-6770
-7536
-8763
-8966
-8307
-7227
-6090
-5283
-4370
-2517
-369
1103
1713
2341
3151
4148
4283
3891
3655
4284
4787
5252
5735
6396
7290
8553
9954
9956
9313
9171
9454
8269
6085
4115
2325
450
-1048
-2412
-4690
-6212
-5804
-4797
-5370
-5581
-4766
-3920
-4038
-3962
-4718
-6240
-6949
-6734
-7400
-8776
-8967
-8130
-7093
-6203
-5274
-4113
-2338
-373
1146
1899
2399
3155
4223
4436
3835
3664
4433
5043
5127
5702
6447
7305
8220
9701
9748
9013
8736
9164
8077
5710
3890
2325
524
-1281
-2425
-4570
-6108
-6004
-4740
-5349
-5662
-4827
-3610
-3638
-3839
-4402
-5414
-5991
-6058
-6656
-7945
-8409
-7626
-6590
-6100
-5561
-4145
-2259
-639
652
1726
2439
3167
4072
4276
3668
3427
4191
4645
4559
4851
5766
6825
7737
8850
9008
8703
8425
8648
7597
5516
3488
2015
459
-1291
-2815
-4624
-5592
-5562
-4733
-5064
-4979
-4378
-3389
-3249
-3455
-4285
-5174
-5456
-5776
-6522
-7459
-7583
-7108
-6124
-5447
-4809
-3592
-1726
-139
833
1632
2427
3168
3733
3815
3514
3421
4070
4546
4658
4760
5651
6714
7651
8337
8278
8180
8112
8057
6722
4960
3042
1510
0
-1371
-3229
-4968
-5385
-4939
-4713
-4965
-4355
-3815
-3209
-2923
-3155
-4454
-5142
-5110
-5657
-6755
-7282
-7117
-6801
-5811
-5026
-4341
-3316
-1321
76
784
1307
2182
2806
3101
3058
2965
3162
3730
4212
4595
4833
5687
6775
7921
8162
7888
7887
7992
7508
5903
4418
2603
1133
-299
-1313
-3461
-4823
-4829
-4022
-4457
-4526
-3730
-3103
-2896
-2608
-2964
-4356
-4852
-4701
-5289
-6474
-6823
-6420
-5958
-5242
-4601
-3751
-2652
-937
287
937
1234
1942
2767
3001
2649
2524
3008
3505
3823
4147
4561
5326
6430
7525
7554
7172
7267
7514
6698
5090
3637
2051
621
-632
-1808
-3861
-4936
-4676
-4019
-4548
-4312
-3494
-2862
-2735
-2441
-2978
-4112
-4369
-4284
-5020
-6085
-6135
-5752
-5251
-4658
-3982
-3134
-1796
-389
527
969
1435
2053
2660
2639
2222
2254
2908
3332
3609
4026
4693
5495
6626
7458
7178
6843
7010
7017
5688
4197
2798
1395
-60
-1102
-2509
-4283
-4862
-4213
-3896
-4394
-3963
-3127
-2572
-2559
-2578
-3276
-3950
-4076
-4136
-4887
-5649
-5527
-4848
-4213
-3913
-3249
-2203
-890
74
741
1114
1521
2071
2584
2410
1947
2209
3021
3354
3515
3942
4776
5478
6550
6952
6530
6132
6406
6135
4553
3032
1682
514
-835
-1802
-3519
-4627
-4629
-3798
-3912
-3918
-3471
-2642
-2139
-2119
-2712
-3375
-3458
-3626
-3996
-4645
-4872
-4743
-3904
-3293
-3081
-2571
-1241
-24
528
915
1444
1843
2229
2424
2208
1816
2204
2832
3177
3198
3705
4563
5386
6080
6073
5854
5662
5807
5007
3703
2112
831
-413
-1408
-2887
-4441
-4981
-4504
-4115
-4062
-3564
-3051
-2356
-1749
-1701
-2582
-2980
-2781
-3019
-3667
-4037
-3997
-3832
-3184
-2618
-2435
-1925
-634
490
885
1213
1820
2259
2405
2421
2287
2023
2221
2710
3070
3027
3509
4311
5227
5412
5329
5309
5347
5012
4128
3064
1480
124
-949
-1886
-3673
-4912
-4949
-4360
-4410
-4135
-3455
-2888
-2369
-1683
-1807
-2656
-2710
-2233
-2541
-3317
-3433
-3206
-2989
-2526
-2027
-1844
-1310
-6
1000
1222
1484
2080
2506
2410
2240
2132
2136
2224
2643
2993
3142
3523
4413
5122
4879
4642
4777
4750
3814
2903
1840
438
-950
-1694
-2855
-4365
-5039
-4589
-4261
-4232
-3782
-3193
-2631
-2043
-1622
-2041
-2461
-2244
-1852
-2176
-2747
-2753
-2295
-1963
-1705
-1362
-948
-314
792
1572
1655
1766
2391
2746
2387
2046
2103
2201
2321
2676
2898
3100
3589
4482
4515
4082
3925
4105
3465
2408
1432
320
-956
-1868
-2666
-4117
-4953
-4759
-4202
-4333
-4010
-3399
-2675
-2166
-1660
-1802
-2094
-1906
-1539
-1557
-2042
-2228
-1830
-1269
-1183
-1123
-621
109
750
1409
1889
1966
2261
2772
2831
2245
2036
2362
2523
2440
2514
2855
3120
3632
3903
3610
3138
3199
3121
2198
1009
40
-692
-1629
-2526
-3786
-4622
-4716
-4356
-4333
-4248
-3831
-3200
-2331
-1852
-1899
-1989
-1485
-1093
-1050
-1171
-1251
-1115
-598
-201
-419
-364
347
1143
1432
1663
2026
2302
2616
2785
2596
2215
2218
2484
2611
2396
2318
2614
3084
3126
2713
2403
2325
2133
1552
767
-293
-1103
-1535
-2131
-3478
-4493
-4464
-4181
-4278
-4266
-3933
-3466
-2676
-1943
-1868
-2050
-1608
-893
-676
-815
-788
-490
-55
307
350
308
684
1368
1879
1951
2020
2313
2767
2822
2619
2421
2417
2471
2629
2615
2411
2408
2825
3033
2546
1969
1816
1728
1083
266
-621
-1493
-2134
-2504
-3333
-4460
-4766
-4339
-4160
-4234
-4033
-3577
-3029
-2317
-2064
-2211
-2066
-1382
-983
-911
-815
-402
148
698
979
1118
1413
1916
2384
2470
2402
2516
2827
2825
2605
2520
2621
2640
2731
2843
2780
2714
2848
2969
2473
1783
1458
1188
460
-338
-1054
-1839
-2568
-2945
-3536
-4370
-4716
-4375
-4150
-4210
-3949
-3426
-2940
-2608
-2279
-2133
-1942
-1504
-1042
-837
-651
-103
647
1084
1239
1583
2074
2367
2540
2696
2716
2691
2928
3054
2738
2525
2768
2925
2780
2684
2772
2751
2770
2744
2259
1555
1169
929
185
-804
-1648
-2327
-2893
-3482
-4274
-4961
-5014
-4759
-4571
-4453
-4162
-3684
-2986
-2525
-2490
-2409
-1982
-1490
-1216
-919
-601
-2
799
1575
1834
2117
2712
3268
3373
3273
3263
3257
3329
3279
2975
2627
2700
2957
2953
2749
2728
2874
2942
2915
2491
1680
1128
893
189
-1017
-1966
-2705
-3326
-3873
-4550
-5361
-5545
-5039
-4662
-4628
-4359
-3759
-3120
-2596
-2480
-2530
-2328
-1760
-1408
-1257
-989
-359
496
1285
1794
2168
2822
3532
3903
3930
3893
3872
3895
3746
3372
2956
2773
2811
2838
2698
2622
2771
2996
3013
2664
2062
1477
992
283
-787
-1983
-2996
-3663
-4170
-4923
-5712
-5908
-5437
-4969
-4693
-4380
-3867
-3199
-2562
-2325
-2437
-2343
-1896
-1493
-1341
-1102
-590
194
1027
1650
2131
2753
3530
4055
4182
4169
4220
4234
4017
3625
3239
2981
2862
2917
2833
2728
2872
3183
3268
2936
2343
1795
1240
400
-794
-2037
-3116
-3988
-4543
-5249
-6083
-6336
-5786
-5229
-4983
-4575
-3843
-3155
-2578
-2282
-2279
-2321
-1953
-1564
-1480
-1361
-869
-70
750
1458
1998
2687
3528
4162
4448
4462
4499
4491
4364
3915
3335
2994
2885
2793
2638
2573
2692
3005
3251
3106
2515
2014
1618
854
-424
-1696
-2841
-3797
-4558
-5286
-6160
-6639
-6247
-5588
-5275
-4949
-4150
-3263
-2672
-2313
-2158
-2191
-1987
-1589
-1449
-1569
-1153
-302
491
1063
1793
2611
3462
4165
4657
4770
4883
4992
4928
4455
3886
3432
3202
3013
2753
2541
2606
2859
3043
3008
2580
2062
1658
1055
-112
-1427
-2597
-3634
-4540
-5313
-6197
-6805
-6729
-6120
-5660
-5308
-4640
-3681
-2901
-2496
-2300
-2173
-2028
-1823
-1609
-1554
-1447
-830
148
870
1394
2216
3274
4092
4629
4953
5145
5249
5269
5031
4442
3829
3464
3269
2961
2579
2500
2630
2823
2915
2709
2191
1744
1336
474
-812
-2133
-3192
-4138
-4974
-5933
-6667
-6857
-6446
-5950
-5464
-4948
-4194
-3300
-2568
-2363
-2316
-2128
-1789
-1673
-1645
-1466
-963
-269
575
1282
1917
2761
3766
4540
4845
4998
5232
5410
5146
4723
4176
3768
3419
3199
2893
2632
2629
2819
2931
2774
2408
1973
1518
770
-297
-1538
-2729
-3786
-4668
-5586
-6452
-6861
-6628
-6179
-5771
-5229
-4459
-3663
-2967
-2508
-2376
-2398
-2105
-1809
-1851
-1857
-1351
-677
23
816
1601
2355
3242
4185
4707
4837
4995
5151
5058
4647
4177
3744
3471
3238
3027
2875
2890
2976
3150
3161
2859
2398
2064
1412
336
-811
-1860
-2993
-4012
-4857
-5729
-6362
-6430
-6081
-5761
-5346
-4750
-3975
-3320
-2832
-2582
-2449
-2383
-2162
-2032
-2028
-1901
-1302
-584
97
862
1769
2605
3448
4244
4699
4786
4859
4963
4737
4220
3775
3570
3336
3078
2967
2951
2997
3063
3238
3117
2629
2116
1818
1040
-173
-1278
-2215
-3243
-4081
-4810
-5668
-6085
-5823
-5336
-5126
-4816
-4219
-3375
-2879
-2695
-2669
-2589
-2521
-2304
-2273
-2317
-2076
-1280
-469
195
923
1858
2796
3622
4190
4414
4495
4593
4562
4218
3674
3293
3242
3111
2906
2807
2967
3137
3318
3346
3266
3002
2673
2105
1308
228
-815
-1845
-2883
-3986
-4812
-5401
-5717
-5828
-5540
-5108
-4587
-4013
-3383
-2931
-2662
-2527
-2514
-2578
-2679
-2634
-2522
-2252
-1789
-1014
-153
793
1742
2644
3459
4143
4537
4647
4603
4456
4135
3738
3365
3053
2834
2760
2769
2863
3027
3187
3248
3305
3200
2776
2138
1472
579
-546
-1649
-2717
-3757
-4616
-5183
-5647
-5832
-5619
-5122
-4624
-4118
-3491
-2927
-2585
-2401
-2346
-2421
-2528
-2532
-2452
-2307
-1947
-1264
-415
433
1349
2296
3198
3860
4337
4558
4612
4469
4200
3835
3396
3035
2850
2773
2708
2772
2983
3206
3273
3370
3303
2954
2377
1731
886
-182
-1304
-2347
-3372
-4236
-4878
-5295
-5510
-5390
-5024
-4495
-4045
-3521
-2976
-2594
-2460
-2427
-2464
-2618
-2697
-2731
-2613
-2323
-1718
-1023
-232
650
1717
2625
3350
3870
4261
4441
4399
4204
3836
3407
3092
2948
2817
2687
2740
3003
3304
3440
3472
3442
3315
2910
2253
1395
415
-634
-1648
-2635
-3629
-4430
-4815
-4962
-5002
-4885
-4469
-3995
-3467
-3022
-2692
-2603
-2499
-2463
-2586
-2852
-2992
-2895
-2622
-2247
-1707
-974
-59
952
1901
2622
3236
3782
4151
4197
3991
3681
3440
3216
3015
2741
2662
2732
2961
3189
3332
3399
3444
3397
3064
2586
1884
1037
93
-782
-1720
-2670
-3487
-3963
-4282
-4499
-4571
-4437
-4152
-3797
-3441
-3200
-3060
-2902
-2722
-2667
-2866
-2967
-2816
-2583
-2397
-2012
-1417
-704
87
1032
1788
2350
2971
3638
3876
3816
3787
3743
3555
3369
3244
3049
2941
3088
3253
3231
3174
3275
3280
3024
2601
2160
1565
835
59
-765
-1676
-2442
-3012
-3480
-3955
-4248
-4242
-4052
-3921
-3804
-3534
-3256
-3092
-2985
-2876
-2866
-2864
-2758
-2632
-2507
-2231
-1709
-1202
-605
132
979
1546
2166
2802
3292
3421
3597
3720
3646
3459
3427
3323
3117
3063
3158
3070
2895
2887
2909
2692
2342
2068
1699
1169
586
11
-705
-1404
-1954
-2434
-2965
-3382
-3560
-3635
-3701
-3722
-3613
-3536
-3460
-3285
-3123
-3087
-3022
-2807
-2595
-2462
-2249
-1901
-1467
-1005
-444
164
704
1310
2002
2554
2875
3236
3555
3713
3751
3727
3610
3474
3418
3332
3101
2827
2727
2646
2423
2107
1829
1512
1198
833
316
-253
-748
-1135
-1584
-2078
-2512
-2771
-2989
-3177
-3352
-3474
-3557
-3539
-3465
-3413
-3368
-3202
-2976
-2724
-2471
-2214
-1915
-1536
-1136
-757
-378
68
601
1095
1564
2006
2494
2954
3306
3534
3719
3783
3782
3702
3533
3246
2932
2682
2425
2072
1737
1571
1369
1086
842
581
228
-121
-441
-858
-1361
-1713
-2036
-2384
-2680
-2873
-3079
-3178
-3225
-3219
-3169
-3063
-2991
-2812
-2584
-2364
-2194
-1985
-1703
-1420
-1091
-740
-359
5
501
1035
1486
1897
2388
2816
3114
3342
3485
3512
3416
3283
3069
2777
2519
2313
2022
1725
1525
1365
1124
917
649
299
18
-219
-591
-1043
-1391
-1681
-1970
-2223
-2459
-2652
-2766
-2758
-2721
-2676
-2667
-2591
-2426
-2235
-2144
-2088
-1933
-1687
-1469
-1285
-1020
-682
-310
106
561
1018
1433
1892
2301
2593
2775
2970
3010
2941
2816
2646
2407
2221
2085
1914
1703
1588
1502
1353
1111
912
653
358
45
-304
-737
-1070
-1321
-1554
-1826
-2003
-2087
-2163
-2194
-2195
-2201
-2225
-2182
-2090
-1955
-1908
-1823
-1670
-1424
-1241
-1057
-860
-629
-370
-85
168
448
749
1082
1446
1721
1961
2177
2358
2451
2390
2261
2118
1937
1753
1586
1395
1230
1123
1048
900
714
533
355
147
-69
-386
-639
-893
-1104
-1307
-1450
-1690
-1905
-1994
-2121
-2246
-2308
-2201
-2133
-1895
-1589
-1292
-1042
-652
-306
-47
99
244
317
363
393
460
515
627
874
1161
1429
1715
2017
2159
2163
2111
1952
1634
1292
981
669
368
202
186
123
90
151
220
215
127
-40
-283
-608
-921
-1222
-1538
-1814
-1946
-1969
-1969
-1879
-1691
-1434
-1260
-1014
-772
-619
-563
-403
-295
-269
-216
-70
108
276
499
758
1040
1291
1554
1707
1831
1790
1815
1830
1518
1248
1086
846
718
580
322
272
317
340
362
271
53
117
48
-310
-577
-865
-1146
-1292
-1496
-1797
-1918
-1819
-1717
-1649
-1629
-1491
-1256
-1090
-977
-851
-795
-666
-470
-310
-156
16
262
568
802
1027
1296
1462
1653
1879
1920
1857
1862
1842
1719
1486
1247
1082
909
730
616
475
310
245
208
83
-99
-240
-361
-517
-715
-890
-1079
-1239
-1326
-1422
-1585
-1691
-1706
-1708
-1703
-1723
-1670
-1551
-1420
-1303
-1128
-908
-660
-402
-152
118
368
631
845
988
1123
1294
1444
1505
1619
1726
1790
1827
1852
1844
1713
1602
1447
1258
1026
832
612
399
191
26
-116
-266
-381
-483
-577
-663
-751
-892
-1016
-1093
-1228
-1421
-1552
-1662
-1796
-1843
-1860
-1870
-1818
-1683
-1483
-1262
-983
-695
-393
-75
208
401
582
746
877
975
1073
1198
1320
1455
1606
1697
1764
1847
1876
1784
1667
1553
1361
1116
906
728
500
270
133
9
-158
-261
-321
-425
-529
-610
-723
-869
-988
-1103
-1253
-1424
-1601
-1711
-1787
-1857
-1952
-1922
-1769
-1619
-1434
-1186
-848
-522
-184
111
328
509
677
820
827
906
1045
1124
1200
1325
1437
1497
1556
1601
1584
1487
1369
1270
1107
938
785
568
345
196
95
-78
-244
-295
-289
-352
-421
-428
-486
-582
-660
-780
-941
-1134
-1240
-1382
-1536
-1631
-1621
-1563
-1470
-1322
-1139
-874
-597
-306
-55
174
369
499
588
639
686
727
772
826
931
1041
1128
1200
1222
1243
1232
1183
1030
883
764
650
473
259
113
24
-57
-171
-217
-230
-221
-204
-213
-273
-326
-359
-450
-603
-779
-908
-1005
-1126
-1266
-1337
-1314
-1197
-1058
-956
-836
-635
-349
-137
-5
166
288
418
521
564
567
582
664
769
797
824
893
955
1011
1020
994
926
888
781
630
443
263
78
-93
-175
-288
-350
-359
-268
-192
-213
-220
-221
-196
-290
-426
-564
-691
-794
-946
-1061
-1119
-1057
-968
-853
-725
-603
-393
-214
-99
-40
72
175
273
328
375
446
485
578
658
691
655
724
798
828
813
793
762
721
697
608
423
249
166
28
-130
-224
-268
-264
-223
-230
-228
-186
-189
-227
-310
-415
-511
-574
-623
-672
-652
-676
-627
-538
-478
-468
-395
-255
-161
-97
-23
82
107
151
215
241
201
231
331
384
400
433
499
516
527
556
503
432
427
437
324
184
130
97
-27
-111
-144
-198
-215
-172
-153
-195
-174
-128
-158
-238
-300
-347
-361
-393
-453
-496
-405
-329
-287
-251
-202
-83
64
199
243
232
263
285
181
63
34
-3
-44
5
62
95
185
274
328
275
253
248
234
183
148
73
-37
-47
-48
-59
-120
-131
-48
36
14
6
57
64
55
20
-17
-87
-147
-163
-198
-287
-325
-286
-266
-238
-190
-102
-4
117
251
292
264
268
253
125
2
-81
-182
-225
-189
-118
-57
32
130
218
200
185
169
105
16
-77
-128
-243
-274
-226
-178
-173
-96
5
73
131
135
109
54
46
41
-17
-73
-66
-64
-52
-39
-11
60
117
171
187
205
276
322
312
255
264
254
199
111
0
-38
-97
-132
-185
-192
-197
-161
-109
-112
-139
-158
-135
-164
-233
-295
-342
-340
-355
-355
-313
-277
-199
-113
-49
-17
57
110
96
86
86
113
124
80
221
228
175
282
360
378
436
453
408
476
447
386
393
325
186
176
89
3
-33
-124
-234
-190
-150
-268
-307
-332
-344
-353
-368
-468
-417
-349
-360
-359
-389
-338
-275
-259
-318
-257
-205
-167
-124
-92
-63
-56
19
76
133
155
229
301
386
443
461
481
509
597
591
563
529
517
471
387
302
200
162
72
3
-63
-93
-148
-222
-229
-304
-358
-401
-436
-491
-524
-541
-510
-474
-444
-352
-332
-317
-211
-121
-142
-148
-91
-91
-90
-92
-95
-102
-91
14
75
100
203
365
477
574
671
723
720
721
707
623
511
424
375
279
198
158
124
58
17
-37
-126
-192
-243
-291
-423
-506
-530
-567
-651
-690
-671
-664
-607
-503
-417
-384
-322
-201
-104
-97
-106
-48
-28
-52
-52
-64
-79
-72
-2
48
77
179
335
450
546
691
797
861
865
815
705
629
573
467
337
234
205
214
173
76
36
9
-38
-124
-229
-330
-407
-489
-600
-690
-752
-762
-743
-696
-642
-564
-475
-387
-309
-235
-155
-102
-88
-85
-96
-118
-118
-103
-99
-103
-37
64
199
287
422
560
639
705
773
804
750
707
628
568
486
371
303
230
162
132
116
64
37
23
-29
-78
-167
-283
-412
-496
-582
-652
-733
-741
-677
-624
-551
-467
-354
-276
-156
-79
-35
-57
-78
-95
-139
-174
-189
-173
-148
-56
32
145
251
354
461
556
592
593
568
516
504
457
370
302
300
286
254
223
204
163
126
107
58
0
-59
-103
-178
-267
-358
-417
-484
-532
-539
-513
-471
-426
-328
-251
-184
-131
-84
-34
-38
-47
-71
-133
-164
-137
-138
-123
-62
1
85
170
238
288
352
403
416
386
338
322
310
282
216
178
195
228
215
163
140
137
114
56
-1
-71
-107
-148
-214
-274
-293
-316
-316
-281
-271
-239
-208
-176
-155
-128
-134
-112
-83
-78
-70
-92
-69
-51
-53
-59
-62
-35
17
71
96
127
179
215
221
210
228
205
172
153
166
149
129
129
130
134
90
112
97
66
13
-14
-45
-121
-167
-209
-232
-269
-243
-202
-182
-168
-103
-38
-26
-3
12
15
17
45
43
0
6
29
15
-32
-15
3
-6
28
92
108
105
143
129
90
94
79
18
-12
6
6
-40
-30
-9
-13
-19
7
21
4
-15
-46
-83
-125
-157
-201
-224
-239
-221
-181
-145
-116
-87
-50
-10
36
84
126
160
173
172
193
150
111
83
56
59
43
71
71
94
139
162
152
141
147
104
78
44
16
-20
-21
-1
-10
-15
-6
12
10
-21
-38
-35
-56
-82
-122
-159
-191
-183
-218
-248
-217
-178
-147
-125
-104
-88
-47
-17
15
18
35
67
101
115
116
116
109
95
82
69
31
11
16
29
13
17
35
68
66
67
79
57
42
34
33
-2
-35
-37
-35
-37
-23
-14
13
34
10
-3
21
31
3
-35
-46
-25
-14
-21
-11
7
3
-2
2
-16
-10
39
40
15
43
88
86
61
21
20
11
-23
-67
-107
-130
-128
-123
-160
-187
-168
-92
-63
-72
-52
-15
-2
4
-4
-59
-74
-44
-19
-29
-43
-21
10
28
49
82
109
147
190
192
192
192
182
162
134
103
85
55
51
47
26
35
59
72
72
78
63
69
55
42
-2
-62
-118
-140
-175
-227
-239
-254
-244
-227
-190
-166
-118
-73
-40
-40
-60
-59
-72
-89
-142
-156
-136
-100
-77
-37
20
63
159
231
256
247
268
289
251
204
150
126
114
89
62
46
55
96
118
98
90
99
120
104
57
16
-28
-70
-114
-165
-225
-246
-244
-253
-237
-208
-161
-124
-86
-59
-58
-85
-103
-118
-180
-209
-208
-193
-169
-127
-79
-23
62
139
184
211
252
291
301
261
210
177
172
150
112
104
114
121
125
137
154
160
162
154
130
90
50
12
-58
-125
-151
-160
-184
-214
-215
-186
-136
-103
-80
-61
-72
-69
-67
-92
-158
-209
-227
-227
-238
-230
-193
-150
-87
-42
-11
30
86
134
153
153
166
168
147
123
126
104
88
106
113
108
126
154
165
154
147
138
115
98
62
23
-14
-34
-55
-82
-84
-88
-74
-57
-32
-23
-14
12
5
-2
-29
-65
-101
-133
-172
-211
-208
-186
-172
-160
-124
-87
-47
-11
4
9
30
42
39
30
29
32
42
44
52
71
51
64
95
106
104
119
116
118
120
96
84
63
53
43
28
12
14
22
21
33
46
41
37
31
14
-29
-68
-76
-87
-116
-150
-140
-143
-136
-123
-134
-141
-117
-80
-71
-52
-47
-21
5
6
7
7
21
31
51
54
41
41
63
69
62
65
77
91
93
98
100
90
68
56
59
61
63
60
61
69
79
74
63
48
24
-7
-23
-57
-95
-95
-106
-122
-142
-135
-118
-98
-104
-96
-80
-72
-62
-72
-75
-82
-74
-77
-78
-61
-36
-17
20
48
54
50
64
65
47
52
50
49
55
54
54
64
90
102
98
96
122
149
145
132
114
113
82
53
11
-18
-39
-64
-91
-129
-117
-101
-91
-93
-85
-80
-73
-73
-89
-116
-129
-115
-136
-143
-124
-110
-106
-81
-35
-15
30
60
89
95
86
79
59
43
30
55
50
49
71
95
107
133
169
177
209
217
214
196
179
141
74
12
-45
-78
-114
-128
-147
-143
-124
-96
-78
-90
-91
-68
-81
-128
-155
-161
-176
-183
-197
-190
-164
-141
-99
-80
-46
-22
33
77
82
76
79
79
74
76
66
65
92
115
113
133
177
196
214
246
265
264
247
236
201
119
68
34
-15
-63
-93
-97
-122
-127
-131
-142
-155
-144
-135
-144
-171
-176
-184
-208
-230
-232
-227
-233
-211
-192
-150
-134
-104
-49
0
20
36
42
58
75
66
64
81
108
128
146
149
178
219
253
270
277
296
323
305
257
234
204
153
106
51
5
-25
-38
-65
-102
-117
-123
-124
-131
-140
-171
-195
-215
-234
-271
-291
-285
-290
-277
-257
-228
-216
-194
-146
-121
-100
-63
-54
-46
-14
18
33
55
83
125
173
208
230
248
287
332
358
361
369
365
358
335
294
251
203
166
117
72
51
34
-11
-60
-92
-102
-114
-152
-184
-219
-249
-257
-274
-329
-363
-355
-335
-330
-321
-288
-260
-220
-199
-186
-168
-135
-110
-83
-69
-44
1
40
83
118
179
251
291
302
338
352
374
387
389
359
354
353
329
306
238
187
150
136
78
13
-28
-29
-31
-72
-120
-155
-177
-218
-272
-322
-345
-358
-376
-387
-393
-367
-328
-303
-279
-254
-236
-213
-189
-166
-144
-135
-109
-63
-4
40
92
159
232
292
333
368
382
400
416
416
396
384
379
365
353
334
308
268
213
171
118
59
4
-23
-61
-108
-133
-172
-216
-277
-312
-352
-393
-419
-428
-445
-445
-415
-399
-380
-348
-301
-270
-245
-211
-177
-144
-117
-85
-66
-11
65
125
191
264
353
410
445
464
487
503
485
455
426
400
374
348
314
278
256
246
209
142
82
45
0
-70
-133
-172
-213
-256
-294
-335
-363
-389
-409
-425
-435
-443
-441
-424
-411
-386
-361
-324
-280
-237
-202
-161
-137
-100
-44
23
79
139
232
313
370
418
464
496
506
512
497
466
442
415
397
352
309
275
240
205
167
129
71
27
-19
-71
-145
-199
-235
-291
-348
-394
-429
-461
-476
-484
-475
-477
-453
-418
-393
-364
-320
-292
-259
-222
-197
-168
-129
-75
-35
15
90
185
251
329
418
485
526
551
577
562
544
508
460
418
391
356
301
259
233
208
163
137
109
70
31
-5
-70
-155
-228
-302
-372
-444
-491
-535
-558
-546
-518
-499
-475
-443
-416
-373
-332
-310
-297
-271
-250
-210
-161
-127
-85
-12
83
177
258
330
406
461
521
564
580
568
558
555
514
478
433
384
341
312
278
231
190
172
139
90
40
-33
-98
-175
-271
-361
-428
-483
-537
-582
-619
-628
-605
-580
-562
-524
-478
-425
-360
-319
-280
-229
-166
-120
-76
-23
46
132
207
273
343
430
506
562
599
626
648
641
606
567
534
488
436
376
336
309
264
207
163
114
51
-12
-88
-170
-255
-328
-401
-466
-520
-570
-607
-636
-663
-665
-639
-595
-549
-514
-464
-390
-303
-259
-214
-145
-68
5
61
114
176
246
309
362
422
501
573
621
632
648
652
631
581
524
462
410
387
340
278
223
194
153
89
23
-51
-108
-176
-260
-361
-440
-503
-550
-596
-653
-672
-680
-681
-668
-620
-572
-522
-443
-370
-316
-253
-174
-108
-57
25
99
151
210
290
346
383
437
497
561
617
680
698
685
660
630
553
471
408
353
305
258
224
191
131
68
19
-61
-134
-225
-309
-394
-480
-564
-623
-670
-704
-721
-736
-752
-720
-661
-622
-583
-506
-392
-300
-235
-169
-82
4
89
154
205
274
363
449
508
548
606
680
729
748
775
787
761
709
647
575
497
432
375
298
230
179
128
46
-47
-132
-230
-323
-416
-507
-596
-657
-704
-750
-788
-823
-842
-842
-816
-786
-743
-692
-618
-528
-447
-351
-239
-132
-42
66
176
273
347
439
532
607
672
732
795
834
871
894
901
864
817
780
702
608
536
479
395
304
220
130
48
-41
-149
-276
-387
-477
-568
-664
-740
-775
-816
-860
-892
-911
-906
-891
-862
-824
-767
-706
-634
-543
-458
-351
-232
-118
-12
99
210
331
430
517
594
691
795
872
912
936
971
973
945
891
829
769
711
644
564
487
417
343
244
132
36
-69
-178
-298
-413
-526
-614
-688
-758
-816
-856
-876
-888
-892
-885
-871
-857
-813
-768
-712
-637
-546
-455
-358
-248
-126
-7
97
214
321
435
542
650
728
800
859
900
924
923
918
886
844
783
732
672
606
528
443
364
274
174
65
-29
-140
-246
-348
-435
-523
-605
-686
-764
-805
-818
-829
-848
-835
-816
-772
-726
-682
-634
-584
-513
-430
-338
-258
-169
-63
59
174
268
359
452
551
642
700
755
806
839
848
844
824
797
758
699
629
560
497
422
335
247
161
68
-17
-100
-199
-297
-382
-462
-552
-632
-691
-737
-768
-780
-787
-793
-786
-748
-696
-655
-613
-562
-496
-409
-331
-259
-177
-74
28
112
196
285
383
477
552
612
668
724
765
780
782
771
771
741
690
631
584
521
436
364
298
241
160
77
-3
-90
-186
-272
-364
-469
-553
-590
-637
-690
-711
-712
-707
-693
-668
-654
-620
-568
-500
-458
-420
-356
-281
-212
-135
-46
39
129
216
293
365
436
484
521
558
585
609
621
625
613
599
585
564
519
460
411
352
292
237
177
103
30
-38
-108
-190
-280
-351
-419
-473
-510
-539
-564
-576
-567
-553
-532
-513
-491
-456
-414
-373
-335
-286
-243
-191
-119
-45
24
85
156
219
290
347
380
407
431
464
490
500
489
486
477
457
419
384
348
313
254
197
157
100
39
-27
-84
-146
-200
-261
-309
-359
-395
-428
-458
-478
-476
-464
-456
-428
-396
-358
-322
-287
-243
-189
-152
-104
-59
-9
36
92
142
191
252
309
359
389
412
441
451
438
443
450
436
406
384
358
321
273
221
173
121
79
31
-36
-96
-152
-211
-281
-335
-376
-413
-446
-470
-480
-495
-485
-475
-472
-453
-420
-381
-342
-291
-238
-170
-111
-64
-9
40
82
127
179
237
291
338
379
423
447
472
503
499
487
473
450
414
385
350
303
273
245
200
144
110
63
-12
-91
-161
-224
-291
-357
-410
-441
-469
-478
-494
-500
-498
-496
-481
-451
-423
-393
-349
-312
-271
-227
-168
-104
-38
22
89
144
212
269
310
347
384
435
472
490
495
511
507
487
459
435
390
347
317
289
241
188
140
93
49
3
-48
-120
-184
-236
-294
-340
-382
-429
-464
-485
-503
-517
-513
-487
-450
-430
-404
-359
-311
-282
-257
-231
-197
-135
-63
-2
35
102
178
227
263
296
341
388
434
451
465
465
474
485
465
424
406
406
371
319
282
253
219
176
121
65
15
-17
-71
-135
-195
-253
-298
-347
-395
-434
-448
-460
-460
-471
-461
-427
-404
-393
-387
-351
-319
-283
-249
-227
-184
-133
-73
-16
40
100
163
214
267
306
332
364
386
398
403
408
409
404
403
396
380
347
318
279
251
221
159
111
85
43
-19
-58
-99
-154
-204
-232
-272
-304
-326
-340
-348
-357
-356
-369
-372
-360
-331
-318
-305
-281
-244
-195
-159
-138
-97
-35
17
61
84
108
163
212
233
256
273
312
347
362
357
352
356
352
329
285
271
254
228
191
161
121
97
78
35
-28
-74
-87
-113
-167
-215
-236
-252
-273
-300
-321
-345
-345
-351
-355
-343
-309
-268
-259
-262
-236
-182
-154
-139
-111
-66
-28
19
60
90
130
172
197
233
263
284
303
323
322
320
325
314
290
272
248
223
213
195
156
126
104
75
43
4
-29
-50
-84
-123
-152
-180
-213
-250
-263
-265
-259
-265
-277
-270
-261
-249
-254
-251
-234
-200
-167
-143
-109
-76
-35
7
37
57
78
117
146
162
172
180
188
202
217
241
254
242
223
215
214
200
183
153
142
132
115
94
55
21
4
-17
-46
-73
-100
-117
-135
-147
-166
-188
-187
-176
-187
-183
-164
-160
-155
-155
-150
-143
-131
-121
-90
-62
-30
3
31
59
84
94
100
120
122
118
112
118
115
115
119
125
127
123
124
129
128
106
63
38
34
22
2
-21
-38
-39
-47
-71
-101
-118
-121
-130
-166
-174
-154
-136
-126
-127
-132
-132
-111
-106
-108
-113
-82
-40
-17
-15
1
34
71
91
95
121
149
170
172
165
151
150
144
140
136
134
126
119
110
98
85
62
45
31
21
0
-16
-22
-43
-84
-109
-118
-127
-146
-167
-179
-167
-153
-148
-148
-142
-120
-113
-121
-122
-110
-99
-89
-76
-62
-39
-9
23
54
77
99
129
165
176
177
184
203
210
202
183
163
169
166
157
141
125
111
102
85
59
41
19
-2
-26
-59
-84
-95
-119
-145
-163
-173
-174
-182
-197
-207
-211
-220
-218
-212
-196
-174
-158
-144
-126
-105
-86
-71
-59
-42
-12
24
55
82
110
147
177
190
204
208
217
222
225
224
216
204
199
197
177
164
143
111
84
64
32
7
-17
-47
-70
-93
-110
-127
-145
-166
-185
-198
-207
-216
-221
-227
-225
-213
-206
-204
-183
-155
-132
-109
-93
-79
-45
-15
-2
11
39
62
85
111
146
172
191
202
199
223
234
223
205
209
209
199
183
166
140
125
124
101
72
36
22
-8
-45
-71
-83
-89
-103
-126
-147
-156
-164
-172
-187
-201
-202
-188
-190
-199
-196
-168
-141
-128
-115
-95
-69
-38
-18
-15
-11
7
34
62
82
97
116
141
155
158
162
167
174
175
169
162
165
163
148
128
112
98
94
75
48
16
-7
-25
-54
-73
-87
-89
-90
-87
-101
-113
-122
-118
-121
-134
-135
-129
-123
-119
-103
-90
-76
-63
-51
-36
-22
-9
12
27
27
39
49
56
56
62
76
75
60
41
42
59
71
65
55
61
84
78
51
44
46
35
13
-7
-29
-31
-22
-18
-34
-38
-31
-29
-32
-48
-39
-31
-20
-37
-49
-39
-29
-18
-21
-30
-27
0
16
24
27
32
46
54
40
31
35
30
15
-3
6
15
24
20
17
5
-7
-6
-15
-26
-30
-32
-36
-25
-19
-25
-46
-48
-42
-40
-46
-50
-49
-46
-40
-59
-57
-43
-37
-31
-22
-17
-3
13
25
24
20
18
33
42
46
58
52
51
65
81
78
71
66
70
79
72
62
57
52
42
34
28
18
1
-14
-18
-21
-32
-45
-53
-63
-66
-68
-68
-72
-73
-67
-65
-62
-67
-70
-65
-56
-57
-56
-38
-29
-21
-14
-4
11
20
23
34
56
69
79
79
88
95
88
79
74
70
63
63
67
76
82
68
53
52
47
29
18
7
-11
-19
-24
-36
-53
-65
-74
-78
-78
-82
-95
-102
-102
-91
-93
-116
-113
-86
-77
-83
-73
-55
-44
-37
-35
-42
-29
7
38
45
49
60
81
91
83
79
88
100
97
106
109
108
109
114
106
101
102
95
90
81
61
34
12
-11
-18
-32
-38
-42
-54
-67
-79
-103
-119
-116
-122
-126
-125
-119
-112
-109
-108
-106
-98
-89
-83
-66
-45
-22
-1
12
18
23
28
32
39
45
53
60
59
66
73
78
83
88
89
90
79
62
57
48
43
36
34
28
33
31
23
13
8
0
-22
-39
-45
-49
-53
-52
-55
-54
-54
-57
-60
-62
-69
-63
-57
-48
-31
-23
-11
-5
-6
-11
1
8
13
20
20
17
21
34
45
53
53
60
65
62
54
43
34
30
27
31
35
24
13
6
10
15
6
-2
-2
7
15
8
-9
-24
-32
-35
-33
-43
-52
-50
-42
-41
-42
-49
-46
-32
-23
-22
-24
-15
-10
-8
-16
-17
-11
-8
-3
6
17
18
11
13
14
8
13
27
33
39
41
38
43
38
26
22
19
19
21
15
8
10
12
4
-5
0
5
-4
-16
-26
-29
-35
-50
-63
-57
-36
-25
-30
-40
-43
-29
-23
-34
-48
-53
-39
-21
-9
-9
-10
-2
9
10
1
-5
7
18
11
3
12
24
29
23
16
34
52
64
62
55
44
39
31
22
16
11
17
18
15
12
18
17
15
12
5
3
11
21
18
15
11
11
3
-14
-27
-29
-19
-3
2
-1
0
11
14
7
-8
-20
-23
-19
-15
-11
-10
-7
-10
-10
-5
-20
-32
-20
-5
-14
-21
-15
-3
0
4
-3
-12
2
19
13
-2
0
11
12
-5
-23
-10
14
19
15
8
20
28
31
33
20
9
5
1
-7
-14
-17
-12
-11
-8
-3
6
16
18
12
0
-18
-41
-47
-48
-51
-54
-42
-34
-27
-19
-20
-17
-22
-26
-24
-23
-27
-24
-19
-16
-14
-7
-2
1
6
15
16
11
13
14
20
23
24
28
42
39
33
17
5
8
6
2
-3
-1
9
27
33
28
18
11
16
22
19
12
10
10
12
16
22
29
36
34
16
8
14
10
2
-2
-3
-5
0
-6
-21
-21
-15
-7
-5
-14
-22
-19
-13
-18
-26
-37
-38
-33
-39
-45
-54
-63
-60
-47
-44
-33
-14
-5
-6
-3
1
0
-8
1
13
24
33
34
41
50
58
57
47
42
51
59
55
50
46
45
54
48
29
9
0
8
7
-5
-16
-9
-8
-12
-9
1
1
-9
-14
-31
-45
-53
-55
-56
-54
-53
-51
-45
-41
-49
-60
-56
-56
-58
-60
-51
-26
-4
-8
-17
-2
16
15
15
18
29
47
53
51
54
70
74
68
62
68
80
85
82
67
53
51
28
-1
-14
-17
-13
-11
-14
-21
-29
-33
-39
-37
-42
-56
-61
-53
-48
-55
-66
-74
-68
-50
-34
-30
-32
-23
-15
-16
-24
-21
-11
6
26
38
38
46
63
64
50
48
50
48
44
34
33
47
53
43
35
43
50
51
45
33
21
12
1
-18
-25
-32
-38
-49
-49
-45
-44
-48
-48
-46
-47
-39
-38
-44
-48
-49
-51
-46
-39
-38
-42
-33
-22
-26
-30
-25
-17
-13
-9
-8
4
13
17
25
37
43
38
31
34
38
36
27
24
36
43
52
53
53
57
57
49
38
29
22
17
13
11
4
1
3
2
-3
-11
-20
-27
-31
-30
-33
-29
-15
3
2
-21
-27
-23
-18
-15
-11
-11
-3
3
6
5
0
4
12
17
17
18
13
11
6
5
7
12
9
12
12
12
4
-9
-18
-30
-32
-31
-32
-36
-26
-19
-14
-8
-6
-11
-8
-15
-29
-33
-34
-27
-23
-17
-8
-3
3
18
21
17
23
20
16
24
30
20
12
11
15
11
2
7
12
19
19
22
29
29
19
5
-6
-11
-18
-33
-45
-44
-31
-17
-14
-14
-22
-9
13
19
18
9
-4
-12
-5
-1
-15
-24
-25
-17
-16
-18
-13
4