-2
-1
0
-1
-3
-2
-2
1
3
0
2
0
-6
-6
-4
-8
-8
-6
-9
-6
-5
-3
-4
-7
-11
-9
-7
-6
-8
-11
-6
-7
-8
-9
-6
-6
-8
-6
-3
-7
-4
-2
1
1
4
3
4
9
4
4
1
0
-4
-7
-11
-5
4
4
6
8
9
6
-5
-5
-7
-11
-6
-3
0
6
7
2
2
2
-1
-4
-9
-13
-10
-8
-11
-8
-2
7
13
14
12
11
7
4
-2
-8
-7
-6
-4
0
5
6
8
9
7
9
10
10
10
8
15
13
7
3
-4
-9
-11
-14
-15
-10
-9
-3
0
3
9
11
12
8
0
-2
0
2
-2
-2
-1
4
8
2
3
2
2
-3
-5
-4
-3
-12
-15
-12
-5
0
0
-2
1
3
5
7
1
-4
-3
-2
0
-1
0
0
-6
-8
-3
1
1
2
0
7
9
4
4
1
2
-1
-8
-16
-17
-7
-10
-4
-2
-3
0
4
1
-3
4
4
8
3
6
7
9
9
3
-2
0
2
4
5
0
-4
-5
1
6
3
-1
5
10
16
11
1
-2
-2
-7
-10
-5
-8
-2
2
7
10
10
11
3
3
1
-10
-12
-8
-3
-6
-3
0
5
11
8
10
5
5
8
7
2
-4
1
0
0
7
6
1
2
4
-5
-10
-8
-4
-9
-14
-14
-9
-2
-2
0
3
4
9
7
2
1
0
0
0
-4
-10
-5
-2
4
2
4
6
11
12
15
11
4
2
2
1
-9
-14
-16
-19
-19
-17
-17
-13
-9
-7
-10
-6
-1
-4
-9
-9
-4
0
-3
-8
-8
-5
-1
-4
-6
-7
-1
6
9
5
6
9
6
-1
-2
-1
-2
-2
5
12
8
9
18
14
9
8
8
13
16
15
14
17
15
19
14
4
-5
-12
-16
-20
-25
-25
-16
-13
-1
2
6
13
14
8
4
2
-3
-3
0
-4
-2
-3
-12
-18
-25
-30
-37
-43
-37
-24
-8
5
21
37
51
52
56
57
52
37
22
8
-5
-4
-15
-17
-14
-4
0
-3
-8
-2
8
10
10
3
8
8
11
7
7
12
12
13
10
20
16
7
-8
-18
-28
-27
-31
-44
-43
-38
-26
-23
-17
-17
-6
-6
-6
-3
-5
-13
-12
-1
-6
-22
-22
-12
-12
-3
2
4
8
18
22
19
4
-11
-17
-14
-17
-24
-20
-16
-4
7
22
24
38
44
43
48
44
42
32
35
14
2
1
3
-12
-27
-34
-37
-31
-36
-39
-40
-32
-20
-18
-19
-13
-1
11
24
26
45
56
56
51
39
36
34
25
-2
-17
-14
-13
-26
-41
-43
-38
-41
-35
-39
-34
-26
-11
5
16
27
32
54
52
57
46
37
26
14
1
-15
-27
-40
-41
-38
-37
-45
-59
-51
-39
-29
-34
-28
-8
15
34
42
57
65
75
68
51
25
10
-1
-5
-14
-18
-15
-5
9
3
-4
1
6
14
16
5
12
22
19
16
19
45
47
38
35
34
20
9
4
-9
-15
-4
7
9
12
-6
-34
-69
-81
-82
-86
-94
-78
-57
-35
-35
-39
-28
-26
-27
-53
-71
-79
-52
-45
-62
-91
-114
-142
-165
-177
-168
-131
-115
-63
-10
24
6
26
46
8
-46
-96
-137
-188
-195
-170
-129
-50
33
95
132
153
129
121
106
65
96
92
78
101
142
107
112
132
150
179
169
164
140
155
218
226
166
177
177
157
85
34
9
-36
-85
-84
-27
36
133
220
233
254
242
191
136
15
-106
-162
-171
-222
-222
-203
-190
-112
-16
38
83
112
60
-16
-125
-254
-336
-344
-286
-249
-166
4
133
170
113
49
4
-39
-97
-178
-203
-141
-74
-82
-64
-70
-159
-230
-210
-169
-89
-47
30
87
181
236
266
347
406
484
550
682
667
582
438
257
81
-53
-88
-144
-72
-56
35
15
109
-23
-353
-216
255
462
-17
-301
-260
-4
-83
-421
-593
-268
65
134
304
316
16
-36
123
-102
-531
-594
-475
-293
-146
-333
-454
-220
-42
-268
-400
-398
-1667
-3565
-4234
-3236
-2071
-1607
-1289
301
3166
4666
3735
2106
1353
1099
993
522
-728
-1543
-694
679
891
271
-356
235
1553
1876
991
621
1504
2480
3244
3765
4240
4627
4505
2891
-758
-4993
-7802
-8608
-8838
-9076
-7940
-4571
-174
3142
4599
4965
5490
6150
6290
5295
3162
910
-459
-1442
-3463
-6211
-8082
-8516
-8188
-7705
-6981
-5646
-3274
138
3683
6408
8577
10457
12250
13228
12935
10924
8596
6203
4045
1324
-745
-2217
-8086
-17706
-22996
-20274
-17591
-18248
-16971
-8082
5836
17316
21002
20412
20920
21708
20191
16303
8075
-1818
-6243
-5476
-8008
-14932
-20173
-20092
-16071
-12408
-12073
-11614
-6824
746
8037
14070
16046
14936
15955
17869
14165
2586
-9538
-14788
-12723
-10726
-14533
-19221
-15459
-4676
1979
442
-1952
1173
9720
18177
21252
18008
16295
19184
21388
16440
6536
-2037
-3889
-1566
-7779
-22782
-32426
-28566
-21495
-19785
-19872
-14100
173
16981
26085
25828
23740
24475
25811
24007
14689
832
-8460
-9734
-10524
-16191
-23188
-25530
-21230
-14773
-11583
-11438
-9496
-3414
5778
14458
18101
17561
18906
22640
22130
15332
5698
-5242
-12633
-15709
-21350
-29956
-31954
-23913
-13281
-6333
-2054
5439
16690
24358
25128
23641
22882
21929
20840
17173
8333
-154
-3745
-4145
-6076
-7995
-13078
-23105
-31644
-30247
-23209
-21854
-23226
-15173
5681
25521
32518
29440
27718
29460
28621
21502
9190
-4794
-13214
-13386
-12591
-18708
-27249
-28462
-20549
-12319
-10664
-11905
-8255
1443
11805
19171
21920
20754
20545
23820
22813
12838
-1290
-10868
-17159
-23356
-27252
-27574
-25896
-21639
-12293
-2033
5656
9571
11913
15979
21567
23506
20419
18321
17394
15212
10830
5417
-1446
-5512
-6120
-5881
-6245
-13327
-26707
-32477
-23749
-16793
-19917
-19455
-4377
16760
30575
32002
27519
25626
26113
22888
14802
1311
-12168
-16690
-12975
-13618
-21614
-26991
-23659
-14921
-8815
-8437
-9137
-4285
4899
14509
21302
21927
18346
19274
23270
19393
6399
-8001
-17593
-21103
-20297
-21070
-25321
-26462
-17298
-2641
4921
3216
2441
9333
19493
24662
21715
15091
13710
17422
17357
9406
-804
-6696
-5404
-2096
-3755
-8509
-13649
-20489
-25016
-20379
-15063
-18860
-21457
-8411
13351
26838
27762
24964
26273
29350
26948
17264
2509
-11407
-16483
-12901
-12304
-19925
-26008
-21577
-11006
-5626
-9233
-13522
-9784
571
10441
16786
18351
17877
21329
27007
22855
7914
-5983
-11008
-12787
-19228
-27703
-29927
-23225
-14175
-8140
-4800
385
7749
14108
17320
18391
17304
16439
18308
19017
12924
4947
1143
-224
-2924
-5382
-6323
-3676
-1147
-7427
-20108
-24828
-19653
-18532
-22977
-20598
-5423
13408
26052
29564
29251
28945
27583
22516
12204
-2553
-14148
-15694
-11665
-11855
-16502
-18469
-14352
-8882
-8797
-13051
-14526
-9902
-1680
8290
16625
19588
20136
23729
25457
17652
4221
-6162
-10429
-12997
-18574
-25149
-25832
-19805
-13321
-9517
-6930
-2090
5575
13851
18262
18775
18223
19161
20380
18146
10350
1710
-2783
-4348
-5791
-6736
-5722
-2632
3165
4761
-4981
-20073
-24888
-19656
-17930
-22625
-19595
-1278
20082
30022
29627
27451
24798
20761
15644
6691
-6712
-15349
-13117
-7409
-7777
-13551
-17506
-15272
-10709
-10513
-13794
-13855
-8015
1615
12487
20266
20790
18819
19689
19730
12054
582
-7606
-13411
-18141
-19362
-17416
-17335
-18447
-15720
-7181
880
3215
3355
8148
16968
23115
22540
18195
14531
12959
9681
2918
-4865
-8762
-6892
-761
3764
3858
4090
1713
-10001
-24000
-26085
-21977
-24576
-26981
-13489
10372
25890
28348
27551
28183
26001
19614
11901
1252
-10500
-14380
-8705
-4849
-9353
-15409
-14983
-9908
-8713
-14399
-19189
-15827
-6800
2601
11528
17571
18748
19637
22983
21232
10017
-3892
-12180
-13675
-13681
-16723
-20675
-19611
-12947
-5711
-2640
-2613
-726
5890
14014
18593
17962
14675
13510
14884
12703
4282
-2688
-2958
796
3549
4495
3706
5123
6528
-2613
-20769
-30874
-26756
-23689
-26631
-23261
-4573
16998
28260
29169
28758
27029
21435
14972
8796
-1999
-11858
-10740
-3470
-3134
-9622
-13917
-13754
-13094
-16135
-20914
-21630
-15770
-6750
3984
15150
21525
22176
23959
25804
18821
4287
-6742
-10481
-11886
-15051
-18485
-18765
-14727
-9807
-7354
-6858
-4806
336
7423
12946
15123
14437
13936
15491
16439
11985
5168
2908
5001
5510
3995
2916
3360
5451
1607
-13851
-30053
-31191
-23862
-24679
-29585
-19986
3871
23364
28936
28287
28479
26857
22390
17282
8372
-4638
-11052
-5991
-1161
-6023
-14827
-17844
-15337
-14812
-20240
-24915
-22344
-13616
-2873
9418
19117
22657
24331
26891
24957
14997
2726
-6270
-10391
-12249
-14327
-16989
-17274
-14971
-11765
-9203
-7491
-5587
-755
6514
12629
15061
15187
16295
19193
19422
14177
7949
5063
4396
2989
1459
131
1913
1749
-9185
-25911
-30620
-24000
-24509
-31890
-27062
-4302
17293
25713
26859
29753
30853
27513
22188
13918
159
-10191
-8524
-2928
-6250
-15823
-19594
-15758
-13165
-17813
-23633
-23228
-16294
-6315
5381
14511
17320
18781
24755
29082
23124
10494
1141
-1903
-3576
-8802
-16953
-22301
-21517
-17279
-14477
-14081
-12545
-6278
3887
13015
17336
17558
18932
23881
26677
20123
9363
3815
4241
3062
-591
-3932
-2393
322
-6054
-21876
-31488
-27557
-24729
-30019
-29466
-11258
11182
23347
26807
30524
32620
29764
24460
17810
5105
-8279
-11430
-7300
-8346
-15522
-19458
-17135
-13603
-14864
-19643
-21778
-16865
-8162
1794
10627
15336
17906
24813
31183
26029
12584
3370
986
-2442
-10419
-19213
-22706
-19999
-15797
-14640
-14987
-12556
-5430
3936
11375
15024
16757
19753
24162
25942
20111
10574
5210
5056
3497
-366
-3794
-3030
-334
-5001
-19069
-29454
-26791
-23596
-28566
-29784
-14360
6590
19268
24257
29466
32620
30152
24857
19047
7590
-6359
-11767
-8837
-8728
-14049
-17375
-16146
-13442
-13931
-17673
-20787
-17893
-10550
-825
8901
14338
16257
21388
27897
26006
15461
5963
2225
-706
-6916
-14656
-19813
-20565
-18059
-15218
-14298
-13604
-8419
976
9288
13979
16761
19128
22001
24368
21128
12798
5507
3347
2415
-75
-3162
-3858
-1396
-2886
-13268
-25108
-26643
-23187
-25181
-28542
-19448
195
16419
23232
27566
32005
31606
26425
20581
11566
-1715
-10106
-9275
-7538
-11632
-16488
-17126
-14752
-14327
-17166
-20265
-18774
-12381
-3132
6906
13941
16236
18941
25370
27436
19306
7663
2148
671
-3772
-12398
-19371
-21245
-18789
-15541
-13990
-13708
-10301
-1678
7845
13310
15290
16660
19372
22419
21440
13818
5859
3177
3107
888
-2300
-3965
-3057
-658
-4117
-15682
-25793
-24394
-19867
-21439
-23256
-12794
5400
19037
23967
26772
28681
26889
22380
17305
8313
-3760
-10439
-9607
-8736
-12672
-17149
-17907
-14885
-13104
-14881
-16994
-14111
-7621
206
8132
13406
14789
17703
23290
23375
15130
6266
2269
-628
-6415
-13918
-19138
-20268
-18481
-15957
-13749
-11287
-6324
1990
10357
15136
16636
17674
19252
20041
16944
9936
4104
2384
2053
-257
-2607
-3751
-2796
-1022
-3732
-13974
-23194
-22198
-16815
-17260
-19771
-12197
4288
18017
22803
24131
25132
24252
20952
16282
7486
-3963
-10804
-10394
-9039
-12044
-16798
-17436
-13275
-10780
-13015
-14936
-12202
-6932
-511
7141
12291
13502
15857
20577
21070
14816
6761
1391
-2029
-6220
-11872
-17006
-19395
-18414
-14750
-10790
-8423
-5494
1167
9255
13757
14074
13704
15298
17245
16082
11082
6011
3616
2601
1194
-1728
-4728
-5572
-2678
-1774
-8369
-18320
-20692
-14961
-12145
-16105
-15766
-3292
11658
18382
19333
21429
22648
20885
17746
12556
2430
-7509
-10513
-8737
-10029
-14970
-17071
-13620
-9748
-10039
-11696
-11019
-7733
-3292
2780
8919
12766
14503
17160
19666
17594
10103
1943
-3134
-6432
-10812
-15919
-18759
-17756
-13697
-9051
-5858
-3616
295
6186
10540
11233
10804
12086
14219
14791
12608
8718
5273
3087
901
-2257
-5114
-6470
-4894
-1275
-1337
-8813
-15841
-14246
-9640
-12258
-17656
-13573
-123
10974
14734
16880
20437
21773
19826
16540
9536
-1555
-9332
-9696
-8906
-11586
-14103
-12769
-9226
-6845
-7369
-9179
-9235
-6612
-2622
2941
8981
12878
14609
16923
18164
14482
6479
-1301
-6601
-10095
-13109
-15852
-17132
-15018
-9567
-4325
-2167
-1096
2002
6089
8490
9470
10126
10878
12341
13840
12355
7726
3408
747
-1593
-4367
-6355
-6426
-3494
1158
2106
-3931
-11035
-11729
-8924
-11430
-17638
-16406
-4895
7247
13193
15844
18850
20786
20036
16382
8723
-1993
-10037
-11140
-8731
-8818
-11514
-11259
-6809
-3267
-4381
-7495
-9133
-8149
-4256
2209
8240
11212
12355
14401
16260
13395
4825
-4467
-9316
-10291
-11036
-13020
-13672
-10631
-4915
-166
1391
563
263
2722
6809
8816
7708
7350
10310
13547
12264
6527
575
-2348
-3192
-4196
-5612
-5241
-1809
4172
8047
3865
-6247
-12012
-10087
-9986
-16912
-21013
-12402
2282
11392
13857
16078
18341
17872
14971
9852
830
-8041
-10031
-6757
-5395
-7265
-7746
-4947
-1708
-2069
-6051
-9654
-9478
-6460
-2015
3331
7777
9767
11613
13829
12262
5453
-1762
-5920
-7751
-8726
-9110
-9212
-7854
-4331
-773
140
-574
-473
1354
3986
5988
6392
6354
7702
9448
8646
4794
683
-1611
-1904
-1358
-859
-550
1199
4617
8062
6894
-624
-9491
-12446
-11346
-13732
-19107
-17814
-6839
4867
10456
12248
14413
15568
14602
11800
6935
-475
-5911
-5975
-3400
-2915
-4211
-4282
-3038
-2775
-4787
-7753
-10163
-10319
-7359
-1782
3474
7093
9389
10923
10801
8667
4195
-1479
-6000
-7408
-6735
-6155
-6180
-5416
-2765
532
1968
756
-427
364
2486
3358
2826
2433
3722
5512
5879
4296
2582
2317
2516
2023
1395
1917
2943
3994
5569
5583
-140
-8891
-13001
-11814
-13290
-18423
-18074
-8320
2482
7660
10181
13596
15421
14154
11987
8695
2336
-3598
-3931
-623
29
-2688
-4138
-2790
-2516
-5718
-9687
-11380
-10860
-8586
-3985
1439
5112
6877
8711
10345
9533
5239
-92
-3321
-3674
-3480
-4242
-4942
-4228
-2514
-729
-37
-1352
-3257
-2702
196
1719
897
830
3321
6192
7370
6542
5038
4017
4040
4023
3249
2002
1999
3470
5562
5345
-84
-8573
-13595
-13070
-13462
-17928
-20011
-12711
-959
7041
9803
11950
14496
15876
15032
12237
7316
2015
-468
286
950
-1546
-5335
-6922
-6214
-6968
-9761
-12179
-12068
-10034
-5981
-880
3339
5634
7810
10240
11296
9283
4685
240
-1449
-1152
-2150
-4814
-6328
-5149
-3514
-3149
-4045
-5008
-4939
-2686
375
1811
1924
3629
7152
9541
9028
7292
6117
5450
4431
3183
2054
1320
1204
1754
2728
990
-5389
-13083
-15560
-13993
-14762
-18244
-16063
-5948
4792
10270
12868
15673
17548
17572
16005
11946
4927
-942
-2524
-1759
-3235
-6925
-9348
-8348
-6847
-7889
-10607
-11956
-10882
-7666
-2374
3098
6651
8674
11061
13199
13091
9348
3424
-1466
-3272
-3752
-5668
-9008
-10559
-8270
-4585
-3284
-4395
-4423
-1769
2118
4608
4781
4107
5367
8355
10163
8567
5210
3180
3582
3864
1963
-758
-1298
455
2421
2211
-2263
-9366
-13745
-12739
-11681
-14506
-16587
-10701
430
9106
12525
14438
16297
17186
16390
13363
6917
-524
-4209
-3963
-3892
-6240
-8434
-8341
-6568
-6114
-7510
-9508
-9961
-8506
-4754
207
4587
7252
9475
11930
13415
12074
7290
957
-3836
-5586
-6578
-8954
-11392
-10408
-6389
-2605
-1203
-904
-232
1715
4140
5008
3690
3230
5404
7746
7674
5947
4473
3766
3330
2137
344
-1127
-1117
-228
1182
777
-3429
-9497
-12007
-10677
-10746
-13791
-13685
-6039
4246
10599
12983
14996
16292
15671
13306
9186
2392
-3876
-6108
-5202
-4971
-6179
-6916
-5940
-4500
-4827
-6940
-9179
-9768
-8068
-3578
1850
5927
8655
11696
13714
12803
8819
2914
-3169
-7099
-8258
-8625
-9359
-9020
-6012
-1810
924
879
-206
-205
1328
2533
2385
1925
3300
6082
8096
7937
6335
4525
3046
1657
-77
-1419
-1673
-504
1049
2721
1471
-3712
-9737
-11335
-10601
-12018
-14441
-11079
-1700
7183
11448
13102
14418
14236
12498
9583
5152
-1045
-4883
-4650
-2586
-2606
-4076
-5018
-4487
-4457
-6214
-8820
-10316
-9576
-6155
-450
4528
7036
8657
11182
12021
9303
4010
-1192
-5006
-6488
-6395
-6205
-6502
-5673
-2942
-363
59
-1117
-1693
-826
1138
2672
2984
3097
4839
6868
7054
5490
3960
2934
2256
1692
1157
748
893
1488
2044
1924
-920
-6731
-11769
-12058
-10488
-11453
-12889
-8485
824
8079
10292
11062
12259
12170
10703
8898
5604
463
-2721
-2151
-991
-2752
-5844
-7006
-5926
-5585
-7198
-8879
-8706
-6894
-3761
508
4075
5828
7388
10117
11266
8673
4099
479
-1948
-3919
-5708
-7165
-7935
-7438
-5427
-3086
-1672
-1389
-735
1155
3375
4029
3435
3314
4404
5298
5296
4906
4539
3965
3678
3517
2650
1017
35
62
400
29
-2777
-7911
-11527
-10653
-9019
-10596
-12290
-7657
1395
7963
9559
10339
12000
12963
12119
9806
5287
-221
-3103
-2717
-2401
-4475
-6828
-7029
-5253
-4565
-6182
-8448
-8602
-6454
-2973
615
3577
5811
8443
11361
12062
9062
4059
-177
-2883
-4864
-7113
-9323
-10049
-8035
-4380
-1747
-1196
-1019
472
2677
3863
3436
2545
2929
4902
6713
6880
6032
5460
4941
3875
2157
123
-1778
-2461
-1726
-384
-397
-3247
-7400
-9367
-8530
-8582
-10832
-11280
-6014
2032
7633
9686
11143
12732
13173
12002
9165
3989
-1726
-4310
-3897
-3879
-5720
-6940
-5985
-4097
-3800
-5253
-6835
-6892
-5219
-2167
1256
3922
5979
8390
10634
10583
7332
2509
-1666
-4487
-6418
-8052
-9216
-8879
-6398
-2821
-397
107
62
957
2481
3432
3161
2860
3943
6050
7124
6521
5253
4119
2787
1204
-372
-1758
-2398
-1816
-401
760
1059
-1002
-5037
-8515
-8904
-8804
-10345
-11013
-6082
2129
7939
9748
10896
12267
12039
9980
6780
2478
-2305
-4612
-4143
-3196
-4208
-5388
-4869
-2905
-2676
-4457
-6286
-6181
-4738
-2365
572
3199
5138
7118
9033
8880
5929
1644
-1644
-3564
-4822
-6288
-7212
-6699
-4712
-2520
-1186
-870
-733
311
2212
3825
4117
3946
4624
6104
6495
5150
3446
2666
2011
783
-566
-1359
-1536
-1214
-580
-17
254
-1396
-5175
-8521
-8435
-7368
-8212
-9064
-5287
1635
6893
8610
9183
9930
10069
9078
6768
3057
-1434
-3969
-3852
-2917
-3713
-4953
-4749
-2780
-1824
-2853
-4604
-5091
-4422
-2908
-626
1781
3384
4710
6771
8238
7222
3852
425
-1951
-3469
-5122
-6785
-7770
-7058
-4601
-1511
542
1058
1538
3266
5296
5463
3822
2612
3247
4351
4136
2905
1958
1679
1348
568
-598
-1530
-1793
-1327
-469
373
-675
-4247
-7383
-7040
-5708
-7116
-8904
-5984
625
5602
7435
8307
9168
9208
8554
6775
3056
-1625
-4074
-3683
-2651
-3021
-3947
-3558
-1649
-775
-2414
-4805
-5822
-5527
-4375
-2012
751
3010
5317
7979
9161
7724
4275
346
-2792
-4543
-5869
-7301
-7620
-5501
-2061
398
1082
1110
1682
2768
3490
3076
2153
2117
3498
4705
4595
3469
2475
1725
1091
-46
-1503
-2292
-1575
-191
742
1229
134
-3157
-6537
-6880
-6400
-8034
-9684
-6286
484
5381
6797
7684
8884
9179
8183
6131
2637
-1530
-3637
-2988
-1557
-1853
-2987
-2971
-1391
-1098
-3158
-5792
-6682
-6101
-4346
-1449
1585
3703
5452
7490
8320
6607
2924
-411
-2351
-3347
-4456
-5444
-5577
-4381
-2347
-722
-299
-448
171
1599
2876
3047
2687
2999
4315
5164
4615
3349
2326
1515
662
-130
-869
-1204
-813
252
1341
1427
-1073
-5222
-7691
-7128
-7077
-9123
-9412
-4516
2149
6043
7260
8363
9404
9296
8054
5670
1862
-2044
-3523
-2725
-2010
-2856
-3715
-3070
-1596
-1799
-3745
-5479
-5690
-4873
-2973
-209
2175
3615
5236
7135
7529
5600
2628
95
-1787
-3245
-4546
-5578
-5987
-5194
-3290
-1214
-131
202
862
2266
3367
3362
2811
2846
3467
3919
3905
3545
2761
1781
1078
696
22
-885
-1178
-608
332
14
-2689
-6425
-7757
-6831
-6958
-8762
-7787
-2361
3589
6672
8019
9272
9573
8783
7319
4753
446
-3102
-3918
-2833
-2483
-3004
-3240
-2284
-1371
-1845
-3555
-5059
-5506
-4762
-2615
66
2289
4008
6025
7466
7378
5305
2098
-1137
-3191
-4389
-5477
-6373
-5974
-3896
-1324
293
706
1062
1854
2688
2710
2061
1538
2244
3530
4213
4007
3653
3138
2230
1203
233
-885
-1798
-1554
-276
747
-605
-4124
-7043
-6989
-6414
-7990
-9588
-6565
-31
5232
7453
8667
9546
9353
8359
6502
2822
-1754
-3931
-3163
-1889
-2126
-2839
-2614
-1388
-1001
-2424
-4730
-6123
-5918
-4220
-1589
875
2666
4561
6949
8176
6733
3281
39
-1926
-3154
-4537
-5779
-5902
-4374
-1902
18
554
476
1038
2086
2566
2039
1447
1765
2951
3912
4002
3588
3194
2468
1443
488
-345
-1262
-1552
-781
617
725
-1823
-5570
-7151
-6360
-6753
-9077
-8983
-3856
2399
5906
7298
8651
9267
8794
7737
5607
1412
-2379
-3122
-1898
-1708
-2702
-3159
-2357
-1455
-1856
-3622
-5422
-5948
-5128
-3159
-661
1549
3247
5294
7272
7420
5180
2126
-384
-2248
-3755
-4932
-5570
-5175
-3499
-1219
337
768
885
1632
2656
2924
2177
1578
2002
2886
3161
2772
2471
2274
1910
1312
776
8
-492
-317
675
1213
-284
-3867
-6761
-6900
-6551
-8367
-10210
-7447
-1225
3909
6138
7778
9323
9960
9355
7752
4251
-89
-2520
-2414
-2001
-2731
-3430
-3048
-1841
-1501
-2608
-4647
-6059
-6211
-4785
-2508
-321
1433
3771
6599
8244
7231
4359
1395
-721
-2280
-3892
-5361
-5760
-4474
-2233
-254
552
625
851
1767
2490
2025
757
527
1807
3035
3056
2776
2934
2935
2327
1525
851
-31
-636
-287
906
787
-1999
-5844
-7394
-6886
-7611
-9937
-9647
-4548
1728
5688
7789
9750
10688
10317
9087
6691
2153
-1965
-3089
-2202
-2345
-3410
-3617
-2680
-2058
-2639
-4160
-5959
-6916
-6094
-3472
-632
1610
3701
6439
8518
8629
6332
2722
-752
-2807
-3786
-4791
-5886
-5773
-3486
-483
1029
528
-74
562
1844
2172
1254
423
1103
2815
3731
3230
2395
2223
2368
1950
1070
210
-87
25
782
1265
-380
-4469
-7713
-7852
-7378
-9006
-10286
-6869
-187
5158
7606
9323
10538
10366
9064
7358
3994
-407
-2940
-2504
-1801
-2647
-3734
-3564
-2716
-2877
-4082
-5599
-6388
-6014
-3799
-605
2024
3552
5423
7720
8621
6924
3610
380
-1886
-3165
-4074
-4975
-5585
-4781
-2614
-502
-21
-628
-650
770
2389
2667
1830
1671
2833
3882
3561
2425
1672
1533
1538
1205
606
-142
-442
92
1123
514
-2767
-6500
-7455
-6474
-6921
-8834
-8153
-3068
2852
6182
7535
8809
9481
9016
7892
5834
2007
-1599
-2670
-2084
-2515
-3958
-4617
-3817
-2875
-3022
-3936
-4649
-4696
-3812
-1690
854
2578
3671
5390
7156
7155
4891
1957
-266
-1715
-3022
-4253
-4986
-4856
-3804
-2157
-868
-536
-585
132
1548
2485
2274
1796
2229
3350
3804
3068
2246
2026
1959
1343
484
-108
-255
-136
353
790
-662
-4115
-6753
-6542
-6232
-8002
-9193
-6011
-239
4206
6419
8135
9604
9921
9033
7190
3928
-270
-2964
-3282
-2967
-3854
-4750
-4162
-2471
-1880
-2744
-3998
-4540
-4353
-3139
-948
1164
2577
4235
6556
7910
6791
3779
792
-1112
-2367
-3883
-5534
-6109
-4911
-2692
-904
-278
-302
166
1443
2528
2426
1590
1583
2744
3796
3510
2514
1960
2072
1916
1143
135
-450
-305
293
983
437
-2265
-5671
-6724
-6050
-6862
-9056
-8247
-3127
2462
5642
7273
8796
9565
9227
7829
5305
1360
-1985
-3032
-2366
-2530
-3681
-4134
-3027
-1985
-2426
-3929
-5141
-5316
-4314
-2206
85
1896
3573
5870
7799
7712
5120
1720
-802
-2140
-3447
-5048
-6041
-5279
-3183
-1074
-175
-239
-241
644
1787
2111
1376
1008
1996
3514
3934
3255
2770
2859
2801
2004
978
78
-277
-240
383
498
-1285
-4811
-6908
-6452
-6230
-8231
-9065
-5424
400
4356
6257
7961
9220
9327
8529
6983
3692
-186
-2304
-2138
-2069
-3225
-4400
-4098
-3045
-2885
-3917
-5087
-5462
-4803
-2829
-113
2071
3303
4971
7186
7963
5962
2597
-218
-1932
-3092
-4259
-5318
-5557
-4221
-1959
-227
-2
-431
-108
1236
2187
1809
986
1359
2970
4195
4034
3240
2761
2681
2516
1809
371
-878
-917
193
834
-747
-4167
-6669
-6408
-5822
-7575
-9473
-7187
-1529
3358
5843
7608
9175
9947
9686
8353
5176
1041
-1700
-2141
-2068
-3070
-4416
-4693
-3816
-3318
-3995
-5247
-5783
-5265
-3446
-708
1809
3241
4660
6725
7982
6645
3381
246
-1644
-2696
-3743
-4910
-5405
-4307
-2171
-489
-293
-789
-626
582
1550
1435
957
1517
3057
4327
4390
3721
3180
2860
2411
1643
687
-172
-360
120
661
-472
-3656
-6942
-7684
-7093
-7941
-9552
-7803
-2311
3106
6141
8096
9885
10610
10159
8708
5917
1771
-1390
-2398
-2269
-3017
-4288
-4882
-4276
-3810
-4373
-5557
-6112
-5507
-3698
-957
1802
3747
5196
6966
8099
7140
4058
751
-1564
-2809
-3892
-4967
-5534
-4764
-2917
-1229
-762
-1067
-825
355
1555
1820
1575
1907
3274
4509
4610
3817
3173
2887
2513
1794
789
20
-215
253
513
-761
-4001
-6996
-7800
-7519
-8514
-9653
-7546
-2252
2869
5998
8268
10101
10843
10269
8809
5948
2062
-1073
-2192
-2408
-3161
-4302
-4675
-4152
-3939
-4642
-5630
-6030
-5647
-4145
-1519
1453
3714
5448
7113
8285
7811
5239
1647
-1426
-3225
-4364
-5367
-6194
-5881
-4038
-1557
-223
-290
-355
662
1970
2407
2018
1866
2672
3866
4422
3961
3113
2552
2440
2181
1446
321
-321
-198
399
-447
-3467
-7089
-8208
-7559
-7910
-9363
-8112
-3157
2239
5637
7942
9986
10701
10153
8870
6610
2688
-820
-2292
-2208
-2790
-3949
-4651
-4210
-3916
-4482
-5530
-6103
-5938
-4679
-2133
899
3352
5152
6874
8087
7993
5773
2140
-1296
-3083
-3979
-5025
-6123
-5772
-3772
-1369
-230
-367
-487
382
1601
2018
1615
1578
2709
4257
5059
4660
3845
3265
2942
2056
738
-499
-941
-861
-323
-591
-2687
-5863
-7372
-7046
-7353
-8854
-8362
-4092
1231
4867
7181
9407
10575
10238
8942
6897
3345
-283
-2175
-2391
-2825
-3876
-4600
-4367
-4000
-4377
-5296
-5961
-5892
-4859
-2582
462
3172
5058
6512
7763
7995
6071
2377
-1074
-2768
-3577
-4702
-5800
-5401
-3543
-1443
-486
-567
-727
30
1182
1793
1613
1737
2878
4491
5327
4980
4074
3361
2857
1938
603
-611
-983
-737
-148
-645
-3042
-6248
-7395
-7033
-7782
-9500
-8250
-3273
1901
4973
7327
9733
10780
10164
8718
6408
2691
-659
-2055
-2062
-2740
-3943
-4481
-3997
-3954
-4829
-5882
-6307
-6065
-4793
-2261
769
3364
5423
7158
8033
7354
5004
1957
-735
-2566
-3934
-4892
-5144
-4325
-2939
-1662
-1109
-1049
-857
-112
734
1125
1329
2246
3920
5260
5538
5120
4575
3968
2950
1468
-48
-830
-877
-511
-298
-1214
-3806
-6452
-7202
-7213
-8599
-9965
-7729
-2368
2470
5200
7597
10083
11303
10566
8682
5737
2037
-991
-2238
-2619
-3498
-4577
-4728
-3942
-3772
-4746
-5845
-6073
-5549
-4148
-1719
1120
3609
5814
7644
8407
7698
5411
1973
-1316
-3270
-4469
-5787
-6632
-5750
-3476
-1443
-720
-696
-176
1007
2011
2141
1904
2208
3511
4892
5382
4733
3871
3450
3208
2197
381
-990
-1111
-469
-475
-2147
-5101
-7136
-7115
-7058
-8762
-9713
-6701
-1251
3009
5581
8109
10385
11226
10522
8605
5193
1232
-1464
-2452
-3020
-3971
-4707
-4470
-3620
-3508
-4457
-5533
-5804
-5310
-3804
-1371
1255
3529
5910
7973
8614
7458
4913
1557
-1625
-3669
-5087
-6451
-7113
-5813
-3192
-1047
-480
-471
278
1655
2299
1964
1664
2365
3727
4917
5253
4736
3908
3351
2919
1875
192
-1175
-1221
-406
-298
-2385
-5481
-7097
-6769
-7273
-9309
-9646
-5772
-429
3348
5928
8795
10940
11272
10193
7991
4250
112
-2260
-2874
-3364
-4298
-4498
-3659
-2816
-3163
-4305
-5324
-5641
-5232
-3709
-1207
1528
3926
6204
8002
8310
6607
3709
736
-1716
-3702
-5267
-6147
-5832
-4322
-2348
-1008
-699
-691
-80
861
1240
1128
1584
3017
4628
5570
5732
5323
4514
3482
2211
738
-688
-1412
-1206
-503
-1055
-3454
-6119
-6838
-6829
-8296
-10216
-8717
-3602
1529
4637
7211
10089
11721
11357
9479
6326
2030
-1417
-2833
-3069
-3762
-4440
-4141
-2909
-2417
-3418
-5059
-5874
-5675
-4684
-2750
-119
2639
5260
7745
8915
7905
5301
2554
42
-2647
-5313
-6840
-6579
-5352
-4005
-2672
-1291
-326
397
1162
1774
1807
1920
2791
4066
4726
4704
4591
4434
3689
2375
1239
405
-327
-793
-316
-93
-1906
-5220
-6874
-6594
-7284
-9642
-9832
-5788
-406
3290
5798
8371
10354
10918
9939
7434
3511
-238
-2223
-2561
-2934
-3833
-4213
-3336
-2402
-2806
-4243
-5448
-5721
-5025
-3288
-959
1378
3710
6277
8177
8042
5921
3203
853
-1305
-3530
-5450
-6203
-5471
-3976
-2730
-1959
-1256
-406
488
1210
1596
1698
2237
3539
4834
5108
4678
4353
4134
3379
2118
945
140
-282
-231
-465
-2360
-5352
-6987
-6776
-7346
-9233
-9220
-5509
-821
2539
5174
7851
9613
10091
9577
7575
3957
446
-1344
-1947
-2643
-3563
-3879
-3402
-3021
-3615
-4735
-5504
-5619
-5027
-3318
-813
1624
3776
6042
7771
7770
6069
3849
1693
-662
-3175
-5086
-5825
-5670
-5027
-4070
-2934
-1810
-622
539
1521
2270
3002
3639
4205
4516
4436
3950
3438
2947
2379
1808
1420
1164
961
959
244
-2244
-5650
-7347
-7330
-8084
-9872
-9189
-4817
58
2973
5189
7791
9442
9465
8589
6759
3394
190
-1062
-1078
-1866
-3179
-3555
-2907
-2857
-4106
-5578
-6185
-5931
-5051
-3129
-452
2080
4030
5992
7529
7388
5320
2817
991
-557
-2378
-4066
-4736
-4437
-3727
-3218
-2843
-2379
-1576
-599
463
1471
2434
3408
4488
5275
5292
4633
3907
3283
2511
1542
767
535
811
849
-708
-3677
-6072
-6551
-7048
-8897
-10069
-7555
-2771
1112
3438
5786
8127
9305
9070
7586
4864
1654
-295
-791
-1034
-2068
-2990
-2872
-2172
-2738
-4619
-6202
-6472
-5964
-4754
-2523
245
2908
5385
7290
7651
6518
4695
2568
145
-2108
-3609
-4185
-4158
-3826
-3348
-2746
-2091
-1472
-939
-431
177
1149
2466
3781
4625
4970
5007
4759
4048
2988
1940
1050
436
430
478
-945
-3664
-5355
-5299
-5963
-8261
-9258
-6743
-2878
-21
2306
5104
7478
8689
8839
7616
4659
1345
-480
-964
-1564
-2702
-3120
-2294
-1482
-2068
-3582
-4977
-5804
-5901
-4874
-3001
-791
1744
4696
7058
7798
6945
5338
3405
1073
-1553
-3773
-4961
-5146
-4626
-3731
-2823
-2075
-1258
-317
458
851
1220
1996
3200
4226
4630
4465
4147
3632
2931
2017
1141
384
258
344
-659
-3114
-4994
-4952
-4936
-6660
-8119
-6355
-2660
152
1794
3962
6291
7742
8010
7177
4733
1593
-588
-1359
-1951
-3002
-3667
-3013
-1727
-1519
-2505
-3502
-3925
-4198
-3924
-2737
-1006
822
2999
5000
5931
5669
4877
3580
1669
-526
-2232
-3265
-3903
-4182
-3808
-2918
-2029
-1323
-650
72
759
1402
2072
2772
3411
3833
4049
4081
3783
3132
2304
1562
991
361
-1253
-3717
-5344
-5119
-5011
-6242
-6810
-4577
-1305
683
1875
3666
5486
6338
6396
5696
3872
1451
-64
-639
-1354
-2681
-3392
-2817
-1931
-2236
-3276
-3819
-3613
-3263
-2669
-1636
-328
1342
3369
4831
4915
4241
3509
2496
892
-814
-2168
-3045
-3475
-3408
-3134
-2749
-2136
-1201
-196
694
1449
2072
2682
3275
3612
3379
2883
2408
2101
1807
1465
1056
877
1083
468
-1858
-4507
-5222
-4959
-5872
-7255
-6121
-2451
934
2834
4462
6242
7223
7196
6251
4093
941
-1425
-2225
-2361
-3056
-3743
-3411
-2222
-1717
-2442
-3472
-3911
-3768
-3079
-1760
-149
1586
3579
5532
6405
5766
4110
2292
480
-1431
-3164
-3993
-3864
-3378
-2851
-2074
-1254
-791
-522
110
1002
1760
2413
3332
4313
4784
4524
3840
3023
2009
831
-255
-774
-1187
-2469
-4434
-5247
-4645
-4656
-5993
-6153
-3588
-285
1727
3122
5059
6972
8021
7947
6522
3729
854
-1022
-2274
-3802
-5285
-5716
-4749
-3394
-2943
-3376
-3636
-3135
-2310
-1559
-684
662
2543
4598
6174
6673
6156
4828
2927
678
-1609
-3790
-5469
-6053
-5529
-4518
-3450
-2124
-553
1052
2403
3479
4029
4247
4467
4739
4409
3403
2476
2052
1602
616
-302
-1201
-2774
-5033
-6240
-6128
-6175
-6981
-6449
-3471
160
2473
4019
5983
7802
8568
8146
6728
4244
1624
-230
-1484
-3030
-4674
-5566
-5313
-4804
-4873
-5267
-5159
-4536
-3604
-2047
45
1926
3347
4946
6616
7432
6698
4896
3083
1610
-94
-2286
-4294
-5495
-5845
-5503
-4832
-4282
-3553
-1864
716
3020
4369
5241
6253
6928
6495
5081
3541
2284
1181
245
-374
-1148
-2802
-4875
-5952
-5928
-6498
-7916
-7982
-5332
-1736
1002
3237
5825
8224
9681
9845
8441
5597
2528
403
-1005
-2616
-4342
-5136
-4677
-4031
-4380
-5389
-6042
-5989
-5466
-4254
-2301
-10
2322
4857
7194
8316
7783
6238
4519
2793
829
-1388
-3263
-4232
-4327
-4242
-4394
-4601
-4282
-3254
-1798
-338
1175
3033
5191
6932
7565
7191
6291
5039
3290
1433
-452
-2714
-5241
-6522
-6249
-6054
-6975
-7233
-5405
-2670
-832
433
2163
4312
6300
7714
8018
6891
5091
3545
2237
462
-1769
-3576
-4158
-4120
-4421
-5131
-5607
-5851
-5565
-4336
-2601
-1462
-345
1961
4948
6582
6287
5350
4776
4092
2486
219
-1912
-3119
-3316
-2894
-2876
-3268
-3249
-2131
-766
-128
-165
295
1776
3400
4141
4200
4433
4797
4805
4229
3249
1301
-1567
-4083
-4983
-5439
-6818
-8116
-7096
-4191
-1653
-232
1155
3022
4863
6222
6622
5633
3731
2397
1988
1352
-337
-2040
-2500
-2003
-1987
-3029
-4387
-5253
-5353
-4759
-3826
-3070
-2096
45
2946
4835
5007
4632
4496
4139
2932
1182
-464
-1507
-1810
-1633
-1677
-2151
-2360
-1627
-624
-364
-565
-114
1147
2377
3035
3212
3303
3471
3573
3098
1608
-724
-2682
-3274
-3178
-3919
-5107
-4786
-2649
-662
67
456
1298
2358
3286
3838
3456
2271
1442
1516
1509
454
-1081
-1899
-1817
-1837
-2518
-3423
-3919
-3686
-2723
-1562
-929
-588
421
2105
3168
2832
1950
1575
1649
1320
365
-711
-1235
-1146
-830
-752
-937
-796
27
997
1275
1002
884
1187
1496
1492
1246
1205
1548
1973
1940
1065
-666
-2434
-3177
-3229
-3819
-4778
-4294
-1985
509
1885
2646
3378
4031
4336
4043
2789
927
-443
-826
-992
-1662
-2402
-2338
-1599
-1228
-1762
-2758
-3513
-3558
-2827
-1871
-1023
65
1966
4099
5215
4654
3276
2093
1182
-158
-1972
-3428
-3640
-2648
-1365
-695
-514
68
1277
2213
2012
1229
951
1507
2019
1960
1408
1180
1524
2104
1999
728
-1453
-3371
-3985
-3896
-4490
-5531
-4840
-1960
1137
2616
3154
3870
4941
5596
5262
3705
1630
156
-415
-967
-2202
-3496
-3891
-3228
-2535
-2602
-3323
-3728
-3384
-2521
-1674
-1107
-399
1123
3344
4798
4737
3940
3566
3286
2141
123
-1825
-2958
-3276
-3088
-2909
-2595
-1562
370
2096
2763
2694
2754
3012
2890
2038
940
467
750
942
176
-1413
-2727
-3092
-3203
-4057
-4981
-4465
-2404
-234
1301
2593
3974
5172
5855
5667
4404
2578
959
-176
-1327
-2659
-3753
-3900
-3329
-2975
-3265
-3461
-3036
-2417
-1967
-1407
-323
1069
2373
3331
3943
4045
3533
2515
1267
-90
-1448
-2481
-2967
-2896
-2539
-1901
-992
185
1241
2039
2587
2987
3153
2954
2520
1925
1409
902
572
367
-77
-1372
-2947
-3754
-3917
-4493
-5352
-5090
-3214
-816
1002
2385
3739
5070
5937
6084
5131
3365
1661
740
-44
-1434
-3016
-3739
-3519
-3429
-4057
-4852
-4859
-4100
-3048
-1993
-739
861
2770
4518
5565
5690
5002
3925
2664
1107
-860
-2584
-3450
-3533
-3296
-2864
-2195
-1243
-36
1131
1914
2294
2610
3073
3505
3489
3074
2558
1805
410
-1377
-2691
-3471
-4242
-5003
-4811
-3589
-2141
-1115
-101
1080
2168
3028
3654
3746
3294
2951
2759
2140
834
-383
-1166
-1832
-2899
-3936
-4385
-4159
-3856
-3638
-2856
-1391
87
941
1583
2159
2665
2890
2873
2458
1784
1294
1154
867
-18
-900
-1157
-951
-960
-1114
-1114
-627
127
817
1138
1348
1665
1966
2100
2103
1635
482
-706
-1186
-1467
-2319
-3270
-3165
-2068
-1012
-445
63
748
1448
2051
2246
1745
907
594
764
646
5
-450
-325
-150
-700
-1810
-2734
-3205
-3477
-3446
-2851
-1829
-593
882
2319
3063
2918
2412
1922
1248
214
-716
-1012
-682
-47
719
1379
1761
2059
2310
2024
1033
3
-513
-586
-552
-407
-266
-326
-765
-1195
-1529
-2021
-2808
-3108
-2400
-1095
110
1128
2201
3163
3834
3923
3340
2088
773
-207
-889
-1798
-2682
-3096
-2878
-2515
-2165
-1918
-1573
-1142
-656
-20
560
955
1151
1606
2037
2276
1933
1375
714
103
-748
-1585
-2265
-2546
-2361
-1635
-549
512
1516
2496
3457
3732
3397
2757
2358
1814
1166
595
196
-547
-1579
-2437
-3034
-3730
-4579
-4797
-3990
-2581
-1278
118
1616
2928
3752
4177
3919
3015
2057
1450
851
-40
-988
-1715
-2148
-2632
-3206
-3743
-3881
-3522
-2644
-1486
-315
868
2159
3311
3787
3634
3097
2447
1646
692
-327
-996
-1228
-1164
-996
-778
-661
-537
-298
-56
-3
47
445
1189
2044
2527
2382
1599
821
108
-737
-1898
-2721
-2727
-1915
-901
-151
347
782
1205
1311
895
-44
-911
-1184
-901
-673
-754
-779
-382
182
202
-412
-1250
-1602
-1332
-817
-499
-266
371
1361
2073
1803
1072
505
330
76
-279
-629
-510
95
796
1060
945
836
994
1233
1014
449
93
387
679
570
133
-327
-979
-1652
-2112
-2344
-2474
-2281
-1405
-49
1132
1824
2237
2464
2401
2061
1519
726
-50
-444
-479
-702
-1197
-1814
-2230
-2600
-3027
-3526
-3737
-3250
-2112
-539
822
1861
2758
3765
4073
3396
2223
1315
749
299
-252
-628
-475
30
448
560
447
230
205
282
286
122
200
622
1140
1146
424
-585
-1209
-1599
-2207
-2878
-3004
-2350
-1205
-139
614
1231
1873
2414
2552
2183
1485
962
629
215
-582
-1325
-1796
-2001
-2256
-2488
-2683
-2757
-2263
-1337
-394
-82
168
883
1845
1845
1119
674
809
1016
917
634
478
731
1185
1447
1228
772
713
1080
1266
968
710
1109
1614
1653
1099
243
-847
-1754
-2425
-3019
-3600
-3766
-2939
-1418
-146
475
1027
1736
2213
2173
1667
939
268
61
-14
-363
-1041
-1530
-1480
-1201
-1261
-1936
-2317
-1879
-944
-511
-530
-193
875
1877
2036
1568
965
647
547
226
-511
-993
-601
371
1137
1255
1114
1398
2017
2171
1630
1114
1150
1401
1242
476
-519
-1058
-1208
-1555
-2215
-2554
-2170
-1377
-690
-272
166
767
1392
1620
1326
701
147
-287
-753
-1280
-1611
-1635
-1485
-1313
-1221
-1352
-1606
-1657
-1588
-1396
-976
-10
1151
1973
2301
2665
2986
2571
1482
415
-172
-546
-928
-1338
-1494
-1281
-733
-104
358
712
1276
2057
2647
2662
2298
1832
1391
911
303
-479
-1208
-1479
-1335
-1062
-983
-874
-551
-43
232
189
-89
-389
-633
-714
-804
-1153
-1523
-1468
-1001
-839
-1145
-1409
-1069
-502
-200
-156
35
468
869
1001
866
553
300
270
364
257
168
389
847
1102
1042
874
767
691
500
230
10
-12
65
-4
-297
-605
-672
-589
-639
-675
-432
181
786
1313
1684
1979
2155
2200
1907
1239
415
-388
-982
-1462
-2002
-2592
-2743
-2510
-2313
-2398
-2425
-2046
-1304
-603
-96
378
971
1548
1794
1592
1168
801
597
382
27
-258
-215
112
397
473
375
448
737
975
897
635
490
441
206
-373
-960
-1359
-1477
-1380
-1090
-669
-123
519
1096
1468
1557
1379
1111
853
599
301
140
-83
-470
-738
-813
-1005
-1482
-1766
-1584
-1125
-733
-269
361
972
1357
1333
943
372
-239
-727
-1056
-1250
-1265
-919
-351
155
418
525
645
780
953
1109
1221
1355
1601
1640
1243
563
-72
-654
-1308
-1860
-2054
-1794
-1302
-753
-314
155
615
869
792
550
309
209
120
-137
-355
-365
-243
-300
-498
-586
-449
-290
-150
68
391
759
1043
1053
848
528
196
-150
-500
-801
-798
-536
-304
-173
0
288
485
524
497
523
567
628
531
167
-273
-488
-580
-822
-1213
-1277
-834
-168
262
524
812
1188
1374
1180
687
106
-354
-651
-871
-1168
-1407
-1422
-1161
-882
-829
-920
-808
-409
32
342
613
994
1436
1700
1737
1612
1346
1014
708
404
16
-358
-516
-558
-613
-685
-582
-368
-195
-23
153
272
175
16
-151
-272
-400
-486
-445
-211
187
511
691
730
658
392
-45
-576
-1134
-1444
-1358
-1093
-832
-445
114
533
694
587
308
-71
-318
-360
-292
-163
67
472
874
1067
895
533
196
-37
-259
-457
-480
-198
351
911
1291
1350
1207
931
526
-79
-768
-1231
-1264
-1063
-889
-789
-614
-367
-147
-112
-201
-235
-58
211
338
313
236
230
155
-61
-340
-497
-567
-558
-481
-312
-104
87
236
321
338
321
332
347
381
436
539
650
706
664
506
305
146
60
-19
-24
97
257
321
317
219
-63
-481
-848
-1006
-990
-920
-809
-531
-123
209
388
438
400
323
306
303
131
-122
-271
-300
-481
-880
-1276
-1400
-1348
-1317
-1288
-1053
-539
118
766
1253
1574
1795
2010
2061
1814
1324
903
697
532
203
-166
-365
-453
-540
-681
-770
-802
-735
-558
-257
-33
108
242
440
619
650
491
227
39
-77
-213
-465
-674
-737
-671
-596
-541
-555
-590
-576
-499
-456
-508
-585
-505
-270
-103
-116
-145
-67
78
177
252
371
555
762
950
1063
1040
953
893
843
629
390
228
182
128
94
121
170
195
132
20
-157
-378
-635
-772
-757
-675
-543
-294
81
375
461
386
229
-16
-308
-531
-667
-733
-716
-581
-426
-380
-438
-470
-434
-397
-382
-267
-7
267
435
551
636
672
586
459
365
301
202
130
123
96
36
-10
61
154
219
333
539
724
762
683
527
343
115
-105
-302
-424
-434
-321
-205
-182
-200
-173
-161
-270
-427
-501
-521
-537
-552
-492
-357
-196
-40
64
109
102
109
100
44
-28
-46
18
81
69
27
28
48
108
159
144
125
203
304
249
103
-6
-6
-22
-79
-123
-87
-2
23
-25
-49
-17
-4
-23
-30
-1
53
121
198
254
275
307
333
245
36
-193
-394
-570
-650
-621
-514
-359
-146
83
235
262
205
171
141
124
131
224
361
476
555
567
495
341
144
-99
-297
-383
-387
-348
-298
-206
-112
-60
-189
-419
-562
-552
-492
-421
-218
148
546
755
756
643
471
187
-131
-383
-574
-698
-681
-547
-474
-484
-397
-170
69
248
458
742
1009
1180
1211
1086
833
542
280
36
-223
-495
-656
-580
-440
-448
-561
-577
-485
-374
-291
-227
-103
196
595
803
738
575
433
253
-23
-409
-679
-656
-423
-312
-294
-259
-185
-191
-342
-605
-848
-861
-656
-366
-79
224
502
763
950
959
747
555
467
406
342
302
257
212
210
167
8
-225
-330
-332
-281
-193
-32
205
464
619
590
454
243
11
-239
-448
-654
-755
-723
-582
-482
-462
-447
-369
-292
-282
-267
-209
-100
10
139
238
296
334
325
268
154
-29
-241
-362
-390
-369
-278
-174
-6
211
437
541
552
578
620
607
500
448
471
539
563
580
590
533
350
71
-167
-393
-659
-926
-1012
-968
-849
-649
-400
-186
24
207
292
276
261
237
190
151
101
-17
-149
-238
-377
-610
-850
-982
-1007
-948
-855
-689
-400
-28
288
508
740
995
1153
1166
1109
1044
952
813
618
412
242
87
-78
-201
-272
-341
-395
-323
-194
-101
-8
138
272
305
290
249
188
112
7
-145
-321
-530
-743
-900
-1018
-1114
-1110
-971
-759
-556
-328
-48
221
414
576
727
823
819
779
709
578
377
129
-122
-346
-564
-767
-866
-858
-733
-516
-177
161
479
774
1030
1155
1133
1041
907
753
553
392
272
131
-54
-219
-390
-592
-752
-783
-731
-598
-382
-153
27
166
211
111
-20
-149
-318
-482
-575
-618
-645
-619
-539
-414
-279
-122
80
291
450
517
601
676
681
589
493
393
308
234
115
-14
-139
-234
-251
-193
-206
-236
-172
-14
107
154
160
169
205
271
313
286
221
158
143
111
-18
-252
-404
-439
-426
-401
-335
-239
-107
23
110
74
-40
-149
-231
-254
-267
-284
-268
-145
9
71
28
10
35
33
-7
29
114
246
423
610
693
687
674
573
401
204
28
-142
-239
-274
-298
-305
-317
-315
-299
-258
-234
-192
-88
-4
29
59
82
26
-84
-199
-291
-369
-410
-410
-363
-295
-207
-102
27
124
171
213
292
355
353
355
404
434
374
287
184
51
-110
-244
-324
-362
-371
-336
-240
-151
-108
-31
115
235
308
406
509
517
476
422
312
151
57
12
-47
-115
-164
-221
-311
-435
-584
-670
-640
-538
-404
-236
-52
120
225
229
157
80
14
-51
-71
-30
55
154
220
227
218
177
79
-16
-23
33
100
215
353
447
467
436
361
238
85
-60
-176
-264
-296
-289
-278
-273
-272
-285
-290
-254
-191
-150
-76
66
187
239
238
176
29
-134
-275
-380
-445
-436
-359
-205
-36
78
165
218
197
115
76
57
37
55
133
216
274
316
316
255
142
26
-60
-97
-92
-42
79
245
385
452
421
328
213
73
-89
-236
-309
-301
-214
-128
-120
-161
-193
-244
-331
-427
-471
-448
-347
-213
-55
101
198
220
226
200
90
-57
-117
-96
-64
-36
5
43
71
76
37
-8
-7
63
140
243
374
455
441
389
254
76
-56
-171
-290
-299
-172
-34
59
124
141
93
29
-85
-233
-324
-283
-196
-97
46
195
274
266
193
46
-148
-351
-508
-625
-663
-603
-466
-299
-123
39
153
256
347
385
354
373
440
456
435
443
447
351
219
105
2
-107
-169
-188
-213
-193
-134
-57
-5
72
155
217
269
290
275
214
133
24
-103
-243
-375
-487
-576
-625
-586
-484
-356
-236
-124
-22
80
133
88
2
-25
-10
-15
-28
-3
54
101
110
54
-24
-73
-105
-108
-54
52
186
336
483
578
577
476
339
173
16
-100
-157
-155
-65
86
209
265
272
222
130
9
-124
-235
-298
-321
-331
-297
-257
-265
-292
-289
-285
-274
-230
-179
-124
-55
40
106
147
167
168
155
135
117
88
51
5
-35
-52
-35
-6
20
59
127
228
305
298
246
217
189
111
16
-60
-95
-100
-106
-130
-118
-49
20
51
58
68
83
49
-64
-177
-243
-275
-282
-262
-239
-209
-160
-112
-71
-63
-104
-159
-150
-115
-112
-121
-87
14
150
266
309
294
293
289
247
159
68
19
76
193
271
276
261
260
209
84
-94
-251
-321
-266
-173
-111
-71
23
143
218
197
118
84
119
135
77
-3
-95
-178
-244
-311
-422
-536
-563
-499
-429
-393
-361
-310
-221
-130
-64
-2
97
240
429
584
647
640
613
568
457
264
72
-8
-2
10
11
30
64
85
60
-47
-183
-252
-218
-134
-47
22
110
242
332
260
67
-112
-224
-310
-377
-381
-311
-164
-13
62
24
-62
-117
-156
-220
-289
-276
-150
0
74
55
10
-40
-107
-206
-298
-323
-247
-96
72
202
285
370
452
496
468
421
417
451
454
387
269
159
75
-24
-148
-244
-275
-253
-197
-140
-112
-102
-84
-80
-102
-130
-172
-169
-98
-35
-40
-42
-4
-36
-160
-274
-317
-340
-336
-274
-157
-20
106
179
185
162
116
58
-6
-64
-87
-52
6
35
59
102
130
130
118
131
160
180
199
239
292
328
332
294
241
205
183
132
63
30
23
-24
-119
-223
-333
-431
-485
-484
-468
-412
-308
-181
-73
6
41
45
42
33
11
-5
-4
-12
-10
-5
-31
-89
-103
-88
-87
-74
9
115
199
290
371
404
382
321
210
84
-7
-78
-139
-157
-126
-63
26
113
167
196
231
267
260
225
197
180
149
97
31
-24
-93
-198
-299
-363
-429
-468
-440
-376
-336
-303
-238
-188
-168
-185
-210
-207
-144
-52
46
153
260
349
395
381
283
155
51
-25
-102
-171
-169
-127
-104
-90
-58
-16
31
98
175
259
358
477
560
587
558
488
373
238
83
-91
-250
-383
-480
-534
-553
-564
-534
-449
-338
-221
-95
37
140
214
264
274
223
135
34
-59
-122
-180
-250
-271
-215
-157
-121
-72
-20
14
65
120
165
214
268
299
299
265
206
133
52
-31
-86
-110
-114
-117
-104
-51
16
69
89
139
218
294
316
305
290
268
217
128
6
-140
-279
-372
-439
-528
-599
-586
-504
-430
-369
-280
-146
-19
74
142
188
209
250
293
288
234
207
219
182
76
-37
-94
-125
-156
-176
-149
-85
5
120
210
249
275
294
285
216
143
102
79
62
64
82
87
67
34
-2
-50
-120
-182
-188
-156
-147
-145
-122
-97
-90
-107
-139
-174
-173
-150
-132
-122
-120
-115
-107
-109
-140
-170
-161
-109
-53
-7
34
74
130
176
197
187
199
250
297
315
313
288
241
184
89
-31
-126
-180
-203
-182
-122
-62
-11
43
92
91
41
-5
-21
-4
23
46
68
103
121
91
18
-68
-136
-173
-189
-195
-182
-144
-105
-93
-122
-176
-234
-258
-239
-192
-104
25
166
277
339
349
291
175
61
-27
-118
-159
-104
-10
57
108
147
144
104
51
-7
-38
-19
36
106
163
189
174
120
43
-54
-171
-262
-284
-237
-164
-99
-9
79
113
94
44
-27
-102
-147
-154
-121
-76
-28
21
42
16
-39
-91
-126
-162
-179
-135
-45
45
127
197
247
273
284
260
216
187
160
119
78
41
12
-31
-78
-119
-127
-117
-115
-93
-53
-5
25
46
60
68
63
47
23
11
14
18
13
12
4
-24
-69
-123
-162
-203
-228
-218
-172
-120
-75
-38
-16
-13
-33
-50
-46
-32
15
95
158
201
248
270
228
155
90
44
8
-24
-37
-22
14
36
12
-18
-27
-47
-80
-93
-60
-10
42
91
125
128
101
51
-23
-109
-188
-235
-243
-225
-186
-119
-31
49
90
102
99
87
48
-13
-69
-92
-94
-98
-102
-103
-102
-95
-99
-114
-111
-74
-17
37
104
185
284
367
406
400
357
286
199
105
-24
-151
-231
-251
-248
-240
-222
-178
-108
-40
4
41
87
135
177
216
235
221
208
193
154
71
-21
-104
-195
-284
-348
-374
-372
-330
-270
-209
-144
-76
-31
-2
55
101
121
131
163
174
144
117
73
25
-5
-17
-28
-17
10
41
74
84
73
62
50
22
-3
-1
14
35
73
117
136
114
74
25
-32
-97
-144
-150
-107
-47
23
93
143
167
166
130
62
-1
-40
-59
-74
-81
-72
-54
-44
-59
-87
-116
-145
-167
-171
-155
-134
-95
-51
-27
-16
-2
6
10
24
38
62
96
126
125
101
80
67
39
-7
-37
-31
-13
-11
-14
-9
3
-5
-26
-30
-14
9
35
62
98
128
127
106
84
43
-15
-54
-70
-85
-84
-48
4
35
37
31
12
-32
-87
-130
-157
-175
-176
-143
-102
-65
-23
11
29
40
58
62
43
27
37
72
105
130
139
146
149
132
82
37
11
-12
-28
-29
-21
-5
7
-14
-59
-90
-115
-143
-149
-120
-62
10
79
123
147
154
128
70
11
-34
-62
-72
-68
-66
-40
-7
14
4
-22
-43
-51
-62
-87
-88
-58
-22
-2
13
35
51
42
13
-19
-35
-34
-23
-6
34
94
144
185
198
183
146
117
81
32
-1
-9
-5
-16
-33
-65
-110
-156
-212
-257
-261
-231
-181
-105
-27
50
118
169
182
142
99
61
22
-24
-63
-70
-56
-31
-15
-17
-9
22
37
30
18
17
23
26
33
25
19
30
40
30
20
20
22
14
5
-4
-5
-5
-13
-16
-6
-1
3
10
18
24
17
-10
-48
-71
-77
-86
-90
-65
-17
23
57
78
72
49
18
-32
-76
-89
-86
-74
-50
-7
41
76
84
52
7
-28
-60
-98
-117
-97
-62
-37
-21
-13
-20
-36
-41
-39
-30
17
97
178
245
292
323
308
248
149
40
-57
-135
-182
-199
-182
-145
-90
-56
-38
-18
4
14
15
25
58
93
115
120
119
114
88
45
-3
-50
-89
-107
-136
-154
-139
-100
-57
-13
25
55
87
84
43
-10
-59
-110
-155
-182
-182
-150
-114
-71
-29
-8
7
29
41
28
12
25
59
83
99
126
173
200
182
140
103
63
2
-51
-72
-65
-39
6
41
52
47
33
-6
-62
-118
-158
-156
-122
-73
-18
47
115
163
169
145
107
66
24
-20
-63
-88
-91
-84
-94
-113
-132
-140
-145
-154
-156
-164
-146
-109
-67
-30
10
47