7
1
-4
-3
1
-7
-13
-8
-16
-17
-8
-1
0
-5
-3
0
-7
-11
-10
-11
-8
-3
2
2
-1
4
-1
-3
-7
-12
-5
-10
-7
-2
-3
-3
1
5
6
-4
-5
6
4
-1
-6
-2
7
6
2
-4
-7
-18
-18
-15
-16
-11
-11
-7
1
3
0
1
-1
3
-12
-17
-7
-6
-14
-8
-4
-1
-4
-6
-4
-1
6
4
-3
4
7
-2
0
-1
1
7
9
4
1
4
1
1
-2
-5
-3
-3
1
9
11
15
19
24
24
17
17
13
6
2
-5
-10
-3
0
0
4
7
8
9
4
-4
-6
-9
-10
-12
-15
-10
0
2
-5
-6
6
12
8
-1
8
5
4
3
3
-4
-7
0
5
5
7
11
0
-9
-9
-4
-4
2
-9
4
9
4
4
-6
-9
-5
-8
-12
-9
-9
3
2
-4
0
5
-4
-14
-17
-14
-7
-1
7
10
16
27
31
17
8
2
3
-3
-6
-8
-4
10
15
16
11
10
9
4
-5
-6
1
0
3
5
8
0
1
4
-4
-11
-15
-21
-16
-13
-21
-20
-23
-26
-21
-19
-21
-17
-13
-7
-3
6
-6
-5
3
4
-4
-9
-1
2
5
14
17
2
5
10
12
11
3
10
15
18
14
14
8
14
8
-1
-6
-6
0
1
1
3
10
6
4
4
10
6
7
3
0
4
4
-1
-14
-10
-7
-7
-10
-7
-2
-8
-11
1
2
7
14
18
28
23
12
10
6
3
5
1
-6
-1
12
13
13
2
-1
-1
5
0
-7
-6
1
1
-8
-4
-8
-13
-17
-21
-22
-9
-12
-10
-2
3
11
19
17
7
7
0
1
-7
-14
-16
-11
-10
-2
-3
-10
-1
3
-1
-15
-19
-23
-15
-18
-26
-20
-12
-18
-12
-11
-12
-9
-12
-18
-15
-9
-4
3
-1
2
13
11
6
7
6
4
0
-3
3
5
12
21
32
40
39
33
27
25
9
0
4
11
4
9
8
13
16
9
5
-3
-6
-8
-9
-12
-1
9
17
24
31
28
19
13
9
-7
-27
-36
-25
-31
-43
-38
-25
-20
-13
-3
-12
-9
-6
-9
-10
-5
-2
-6
-7
1
6
4
-3
0
7
6
-4
2
15
19
23
34
39
49
52
40
40
40
27
20
23
16
10
6
4
14
19
20
35
53
56
47
44
39
22
-3
-12
-19
-29
-32
-34
-34
-14
-3
-28
-33
-24
-41
-71
-84
-86
-87
-83
-73
-72
-76
-52
-25
-29
-48
-40
-32
-34
-32
-39
-61
-61
-48
-49
-46
-18
0
1
34
43
49
48
66
54
43
53
69
96
84
87
96
113
98
80
60
48
29
15
14
11
12
12
8
-7
-5
-15
-19
-24
-24
-37
-31
-26
-40
-50
-53
-41
-42
-62
-75
-69
-65
-73
-81
-78
-75
-64
-49
-45
-34
-30
-21
-5
23
28
23
54
85
80
76
87
90
76
69
64
46
31
16
-3
-24
-36
-35
-15
3
14
23
28
46
64
55
36
63
93
94
69
66
69
52
9
-41
-79
-124
-137
-134
-128
-132
-91
-46
-17
-8
2
16
19
15
16
20
14
20
44
36
16
12
3
-3
19
48
54
60
86
120
131
126
77
61
70
53
-8
-41
-42
-58
-81
-94
-107
-124
-114
-107
-94
-66
-38
-44
-54
-42
-33
-72
-115
-137
-141
-110
-89
-91
-82
-43
-19
-46
-84
-83
-104
-126
-130
-97
-49
14
54
73
69
72
62
4
-39
-44
-32
-59
-47
31
106
126
151
195
195
165
131
75
47
59
78
105
156
246
309
331
329
319
284
233
183
129
85
53
37
-4
-46
-43
-87
-145
-214
-279
-349
-436
-420
-346
-303
-269
-213
-163
-106
-40
-28
2
2
-25
-66
-106
-190
-214
-151
-71
24
70
111
103
37
-54
-147
-272
-334
-296
-253
-202
-91
1
96
176
296
364
368
357
280
223
233
248
181
200
252
202
92
45
84
34
0
-39
-41
-32
1
29
9
-8
-93
-190
-317
-352
-316
-271
-229
-87
46
131
208
316
398
365
231
55
8
-44
-53
-11
110
234
302
381
368
317
160
0
-103
-136
-251
-398
-363
-240
-149
-98
-91
-10
126
173
109
67
82
57
17
-65
-102
-79
-16
-5
-30
36
106
116
39
38
25
-30
-115
-209
-248
-243
-200
-105
54
246
422
506
387
189
109
-23
-226
-358
-335
-270
-199
-137
-103
-43
-39
-61
-83
-74
-130
-174
-207
-207
-153
-241
-353
-409
-325
-213
-133
-220
-332
-294
-236
-116
-75
-9
70
158
197
244
241
111
19
7
61
100
208
381
568
693
726
691
656
597
478
349
268
146
6
-64
-1
-1
-91
-118
-181
-142
-196
-388
-533
-452
-317
-241
-126
-56
67
213
285
358
445
432
269
254
401
550
477
225
1
-92
3
-93
-272
-353
-292
-232
-258
-445
-662
-621
-1059
-1567
-1519
-930
-1659
-2612
-2299
-1229
-953
-2835
-5765
-6665
-3951
-2753
-3855
-2717
2310
6981
9640
11241
11741
11544
10115
7832
5066
2475
-746
-2015
-245
2590
3048
-1329
-8188
-11411
-10278
-14124
-21559
-21497
-11604
-1380
6428
14593
21205
23763
23322
21093
13822
3287
-5201
-8058
-7887
-6744
-6195
-5508
-3502
-2125
-5262
-10822
-13776
-14795
-14872
-10424
-1650
5593
9922
14167
17155
15939
11083
4981
-699
-5079
-7521
-7788
-6658
-6594
-8564
-10659
-10772
-9926
-10967
-12817
-9243
-564
7340
11713
15362
17922
19301
18398
15079
9529
5323
4175
5316
6215
5068
3601
3812
3622
-5607
-21035
-29100
-25142
-25039
-30438
-25199
-6742
7796
15109
23512
30355
30053
25878
22185
15011
5376
-2210
-4878
-5819
-6574
-8589
-10673
-10857
-11128
-15415
-20284
-19090
-15580
-13660
-8197
3111
12061
15883
19039
22096
20608
15645
10320
4254
-2576
-6820
-8083
-10630
-14814
-19825
-21821
-19532
-14946
-14838
-12772
-3375
8614
15627
19812
22875
23865
23672
20704
15101
8598
4880
3324
3934
3381
1657
654
2162
-3035
-17669
-29669
-27156
-24024
-30139
-31138
-14620
3519
11581
19402
28942
32451
28687
25096
18636
7919
-2797
-7406
-8815
-9362
-10307
-10739
-9639
-7856
-9990
-16008
-18390
-15806
-13846
-11244
-2098
9240
15597
19360
23734
24732
19493
12590
6241
-1933
-9539
-12468
-12382
-16992
-22281
-21199
-13890
-11558
-13209
-10087
31
9325
13909
17278
20878
23796
22465
19090
13949
8124
1984
625
2097
1441
-1499
-794
3750
1568
-12376
-25820
-25264
-21965
-28324
-32707
-19916
-1127
8340
15632
26040
32433
28920
23807
18653
9469
-2792
-9082
-9342
-8953
-9482
-8296
-5499
-4220
-6647
-12290
-15938
-15821
-14833
-13176
-5661
6125
14830
19302
23266
25182
20867
13182
6514
-898
-8613
-12932
-14169
-16692
-17267
-14809
-13019
-12613
-10083
-5683
-1247
3559
7750
12073
16257
18387
16547
14149
11543
7682
3779
2523
2035
1090
885
2255
3862
3211
-1638
-10333
-18193
-21190
-21800
-25023
-26373
-18763
-5482
5735
14711
23098
28136
28583
26420
21165
11502
829
-6272
-9003
-9354
-8902
-8114
-6711
-5027
-5153
-8457
-12950
-15562
-15892
-13816
-7686
1638
10192
16555
21842
24979
23108
16819
8837
565
-6942
-11375
-13024
-16665
-20951
-19698
-13169
-10997
-12792
-10916
-3169
4341
9043
12299
15753
18560
18686
16440
12487
6719
617
-1790
-942
-738
-1325
965
5056
6874
4692
2435
-2679
-13431
-24286
-24038
-20363
-22959
-24235
-12039
4881
13882
18751
25169
28573
24544
19818
15594
7586
-3868
-9127
-7501
-5024
-5690
-6375
-5499
-3829
-4603
-9034
-13574
-15087
-14225
-11517
-4015
5948
12717
15501
19291
22725
19662
10719
913
-6502
-11774
-13502
-15275
-17207
-17017
-12061
-6816
-4470
-5002
-4729
-1032
3846
7109
8255
10453
12821
14923
14512
12049
6623
2070
-596
-759
-1878
-2187
-923
3194
5728
5385
4333
1404
-8214
-20338
-21027
-17406
-21130
-26112
-14190
3267
11385
14120
22942
28079
23384
17655
14988
7710
-4107
-8774
-6523
-4465
-5485
-4320
-2476
-1446
-3715
-8447
-13467
-14929
-14222
-12212
-6128
3802
11471
14567
17941
20755
16951
7143
-868
-6225
-11731
-15116
-14182
-13293
-13774
-10641
-4691
-1879
-3165
-2883
1273
7131
10268
10864
11569
13582
13632
11157
7114
2536
-1581
-2170
-273
1362
1500
3263
7126
10172
8848
-241
-13944
-23053
-20881
-22565
-30434
-30474
-13868
1416
8973
17363
28803
31263
25825
22230
17453
5847
-6651
-9169
-7037
-5722
-5380
-1704
504
-362
-5026
-10738
-16223
-19609
-21264
-18356
-8970
3339
12347
18431
23854
25198
18910
8846
123
-7239
-12998
-15936
-15368
-12807
-7846
-2935
171
493
383
65
731
1528
2291
3446
6501
9928
11567
11152
9742
7861
5287
3471
2226
1668
1071
2405
3894
5503
2161
-7867
-19006
-20000
-18187
-25010
-31391
-22018
-4493
4637
10974
21804
30284
27542
23553
21041
13455
-709
-8224
-7125
-5350
-6350
-5127
-1836
-1132
-4353
-9630
-14479
-18786
-21300
-19973
-12025
-269
10170
16925
21719
24076
21222
13375
2846
-6756
-12979
-14327
-13048
-10808
-7368
-2207
2420
3935
2328
-1070
-3292
-3627
-2241
-647
2300
6347
11405
15097
16003
13502
9801
6645
3763
528
-1965
-1624
707
3385
276
-8812
-16723
-16122
-18517
-27878
-31755
-19649
-5554
1963
10873
24892
32283
29238
25564
21659
11812
-1828
-7989
-8323
-8030
-8099
-3876
218
116
-4589
-9863
-14472
-18494
-21697
-20520
-12171
155
10289
16252
21101
24211
21107
11709
983
-6735
-11370
-12977
-12388
-9015
-4455
119
2489
2638
149
-3318
-5779
-6062
-4612
-1377
3992
10376
15530
17413
16253
13572
9946
4866
-215
-3049
-2400
41
3610
3304
-3610
-12411
-13502
-14921
-24483
-32658
-25242
-10484
-1931
5577
19033
30221
30211
26812
23012
14409
495
-7610
-8721
-8139
-8494
-5166
125
2609
-54
-5321
-10647
-15463
-19498
-20212
-14510
-4305
5054
10670
15696
20704
20411
11878
2130
-3566
-6693
-9278
-9557
-7540
-3896
152
2746
1781
-1391
-4553
-6239
-6288
-5042
-2473
2258
9222
15114
17433
15579
12517
8874
4714
-297
-3262
-3072
-129
4319
5477
-194
-8543
-10616
-13233
-23334
-32554
-27321
-14891
-6109
2527
16861
28635
30292
27869
24333
15782
2037
-7017
-9628
-9474
-8950
-4967
253
3329
2115
-2220
-7948
-13544
-17997
-19651
-15547
-7139
1040
7476
14617
19614
17435
10542
4127
-1125
-6498
-9576
-8948
-5500
-2089
636
2455
2787
291
-3519
-5562
-5693
-5116
-3000
2411
8634
12917
14318
14022
11916
7699
2844
-839
-2286
-1933
985
5040
5567
-279
-6512
-8188
-13458
-25384
-32471
-25509
-15152
-7516
2792
18352
28351
29885
27827
23460
12915
-101
-7896
-10074
-10062
-8473
-2833
3372
5981
2809
-2519
-8583
-14691
-20564
-21542
-16187
-8084
-368
8293
16985
20038
17011
11390
5694
-998
-6645
-9379
-8039
-5007
-2022
616
2734
2131
-1388
-4283
-5209
-5498
-4948
-834
5578
11041
13838
14703
13533
9870
4708
235
-2413
-3234
-1294
3679
5977
1638
-4128
-4488
-8182
-20209
-30160
-26606
-18507
-12597
-3063
12831
24339
27206
27862
26311
17374
2916
-6785
-10490
-11008
-10104
-4758
1945
6456
5816
1822
-4560
-12461
-20220
-23416
-19471
-11526
-3573
4816
15125
22135
21118
14766
7636
254
-7125
-11307
-11396
-8304
-4164
732
4674
6176
3926
80
-3204
-5608
-7221
-5664
-230
6246
11036
14083
15229
13648
9248
3696
-1569
-4276
-3823
41
3630
2723
-1532
-2319
-2662
-11884
-24792
-27879
-21118
-16255
-10641
2010
17475
24577
26654
26789
22366
10024
-1987
-8478
-10777
-11617
-8535
-1396
5457
7848
5516
710
-6517
-15685
-22979
-23288
-17352
-9148
-831
8791
18668
23904
20970
12895
4486
-2747
-9165
-12856
-12263
-7972
-2634
2428
5925
6514
3515
-622
-3819
-5993
-7201
-5257
406
7077
11959
14575
15136
13119
8722
3282
-1320
-3582
-2947
452
3322
2057
-1693
-2467
-4357
-14005
-25242
-26615
-20260
-15186
-8534
4568
18392
24295
25771
25152
19362
6951
-3840
-8923
-10233
-10243
-6420
754
7148
8718
5473
-436
-8214
-16987
-23294
-23118
-17322
-8571
1216
11080
19145
23037
20402
12229
2985
-4569
-10551
-13837
-12394
-7268
-1290
3559
6339
6417
3921
-64
-4014
-6942
-8050
-5736
280
7182
11317
13208
14045
13525
9915
4363
-1176
-3478
-2411
970
4247
3941
-437
-3832
-4341
-10380
-22100
-28684
-23243
-15434
-8711
1112
14632
22458
24090
23562
20258
10294
-1766
-8225
-8870
-7479
-5202
13
5825
8760
6347
564
-7021
-15136
-21876
-23346
-18463
-9996
-789
8413
16549
20921
19857
13456
3992
-4658
-10276
-12259
-10928
-6909
-1809
4016
8300
8622
4520
-684
-5285
-8788
-10146
-8140
-3335
3088
10016
14756
15987
14245
11283
6681
1094
-3326
-3586
-1094
2829
5630
4544
-224
-3157
-6229
-15109
-25563
-26999
-19990
-13146
-5805
5760
17418
22224
22826
21052
15133
4564
-3867
-6972
-6661
-5298
-1398
4341
8538
8100
3181
-3553
-10564
-17531
-22523
-21699
-14931
-5941
2957
11791
18065
18689
14972
8784
252
-8347
-12035
-10542
-7403
-3833
1566
7470
10176
8047
2917
-2515
-7422
-10705
-10816
-7687
-2956
3316
10126
14618
15122
12905
9201
4453
241
-2227
-2247
-158
4242
7736
6547
1025
-3211
-7120
-15572
-24985
-26257
-19606
-13132
-6277
4378
15779
20662
20968
19081
14518
6030
-1305
-4532
-4425
-3183
-113
4457
7499
6284
1671
-3417
-9194
-16167
-21356
-20404
-14257
-6563
908
8469
14704
16506
13100
6983
688
-5090
-9050
-9592
-6911
-2595
2156
6629
9032
8119
3988
-1184
-5780
-8967
-10525
-9060
-4677
1045
6360
10844
13324
12712
9601
5833
2641
175
-636
357
3253
6907
7724
3067
-3182
-6521
-11594
-20431
-25987
-22157
-15378
-9466
-1132
10547
18060
19432
18998
17588
11645
2828
-2403
-3030
-2439
-1840
1055
4728
6118
3603
-917
-6435
-12550
-18195
-20143
-17075
-11044
-4242
3336
11033
15473
14830
10533
5320
85
-4876
-8145
-8322
-5490
-983
3989
7304
7748
5336
1747
-2461
-6651
-9920
-10537
-8035
-2856
3041
7901
10666
11837
11244
8708
4966
1979
507
700
2349
5297
7955
6298
-68
-5944
-8774
-14837
-23460
-26558
-20424
-13264
-6398
3065
14189
19532
20386
19821
17180
9723
1482
-2664
-2894
-2275
-1329
1246
4216
4760
1410
-3730
-9130
-14735
-19607
-20273
-15507
-8244
-1407
5437
12528
16835
15747
10840
5102
-271
-4795
-7119
-6855
-4581
-1031
3078
5703
5562
2597
-1317
-4851
-7420
-9158
-8656
-5222
61
5159
9359
11872
11987
10100
7347
4633
2277
886
1121
2880
4939
6183
3973
-2332
-8522
-11946
-16959
-23768
-25396
-18899
-10877
-3443
6309
16501
20891
20755
19750
16757
9271
1136
-2940
-3436
-3136
-1967
567
2606
2040
-1040
-5259
-10141
-15379
-18857
-17932
-12672
-5737
1054
7931
14305
17328
15263
10227
4621
-883
-5351
-7171
-6809
-5178
-2260
1606
4036
3257
117
-3036
-5372
-7106
-7694
-6034
-2419
2291
7288
11119
12380
11487
9490
6785
3894
1627
338
343
1452
3502
4667
1566
-5399
-10278
-12526
-17427
-23344
-22523
-15037
-7603
-235
9555
18331
21118
20489
19071
15335
7599
-63
-3879
-4310
-3974
-2763
-520
1241
517
-2312
-5910
-9851
-14219
-16948
-15420
-9704
-2766
3774
9932
14863
16300
13903
8841
2585
-3241
-7188
-8652
-7993
-5700
-2503
1159
3345
2687
-39
-2333
-4233
-6068
-6746
-4761
-953
3791
8369
11326
12003
11235
9390
6517
3084
228
-1390
-1081
546
2543
2987
58
-5571
-9288
-11241
-15923
-21396
-20498
-13109
-5955
867
9662
17926
20509
20134
18695
14949
6968
-754
-4794
-5087
-4709
-3832
-2098
-20
232
-1888
-5264
-8945
-12730
-15150
-13653
-8283
-1829
3941
9552
14447
15950
13129
7745
1826
-3899
-8073
-9568
-8851
-6922
-3649
641
3670
3864
1816
-518
-2696
-4490
-5512
-4423
-1463
2762
6870
10336
11999
11684
9434
6540
3220
-126
-2512
-2588
-1585
-438
704
-22
-3727
-7354
-8984
-12618
-17518
-17939
-12178
-6259
-278
7797
16104
19436
19450
18169
14634
7102
-846
-5525
-6699
-6456
-5361
-3141
-477
835
-91
-2578
-5997
-10120
-13193
-12693
-8374
-2797
2360
7765
12919
15156
13362
8737
2458
-3813
-8382
-10393
-10562
-8861
-5252
-120
4081
5440
4254
2464
203
-2770
-4700
-4144
-2099
735
4868
9112
11194
10924
9335
6702
2857
-852
-3217
-3914
-3577
-1928
815
1853
-939
-4692
-6228
-9191
-14733
-17727
-14073
-8423
-2720
4859
13717
18659
19380
18277
15026
7833
-1141
-7005
-8496
-7815
-6679
-3793
529
3687
3374
770
-2876
-7440
-11944
-13309
-10521
-5704
-693
5316
11779
15187
13638
9375
4161
-2171
-8265
-11187
-10869
-9105
-5888
-673
4342
6237
5164
3053
558
-2389
-4506
-4384
-2323
662
4617
8822
11239
10758
8296
5014
1275
-2238
-4745
-5415
-4274
-1648
1810
4052
2323
-2047
-4689
-7181
-12615
-17586
-15756
-9650
-3714
2935
11667
17794
18735
17098
14211
8030
-828
-7310
-8806
-7531
-5875
-2839
1734
5230
5190
2547
-1198
-6021
-11246
-13713
-11629
-6978
-2102
3351
9489
13604
13452
9768
4131
-2349
-7845
-10565
-10969
-9842
-6563
-864
4614
7155
6583
4655
2308
-296
-2674
-3816
-3202
-820
2880
6760
9088
8827
6700
4264
1872
-1335
-4544
-5648
-4058
-1687
929
3685
4286
699
-3274
-5047
-8223
-14042
-16257
-11615
-5278
-68
6181
13267
16656
16129
13720
9512
2508
-4325
-7421
-6881
-5436
-3378
253
4260
5947
4360
797
-3599
-8277
-11801
-12076
-9213
-4979
-164
5746
11155
12623
9657
5120
298
-5301
-9721
-10851
-9358
-6500
-1870
3629
7376
7826
5995
3423
702
-2312
-4615
-4553
-2157
986
4494
7608
8575
6931
4362
1584
-1696
-4857
-6327
-5367
-2648
736
4178
6743
6082
1931
-2034
-4746
-9497
-15103
-15568
-10300
-4797
278
7071
13541
15288
13728
11029
6883
463
-4946
-6815
-5709
-3584
-499
3065
5605
5739
3547
-256
-4885
-9429
-12362
-12069
-8608
-3689
1373
6453
10183
10767
8262
4040
-1303
-6402
-9426
-9599
-7790
-4543
-171
4365
7249
7733
6353
3981
955
-2033
-3553
-3326
-2108
-212
2364
4473
5027
3899
2341
782
-1120
-3058
-3360
-1893
240
1999
4145
6340
5487
820
-3167
-4944
-8630
-13585
-14109
-9284
-4847
-1086
4681
10786
12384
11011
9399
7324
2711
-2025
-3702
-2599
-1465
-264
1936
4096
3925
1460
-1526
-4608
-8235
-11031
-10681
-7439
-3460
267
4235
7924
9375
7602
3834
-153
-3540
-5974
-6760
-5742
-3569
-523
3156
5992
6509
5091
3126
1145
-947
-2860
-3869
-3493
-1976
-78
1680
2793
2846
2246
1575
543
-746
-1142
-398
971
2395
4128
5963
5934
2252
-2168
-4464
-7290
-12507
-15224
-12066
-7357
-3795
1255
7852
11659
12066
11635
10298
6285
1071
-1870
-2234
-2076
-1865
-204
2272
3314
1815
-728
-3535
-7029
-10390
-11328
-9303
-5938
-2073
2421
6988
9614
9272
6613
3195
-442
-3928
-5925
-5686
-4053
-1754
1441
4508
5806
4850
2964
606
-2019
-4335
-5258
-4813
-3284
-1071
1545
3498
4091
3466
2262
872
-352
-772
-224
1142
2908
5157
7452
8182
4799
-997
-5060
-7693
-12536
-16886
-15711
-10406
-5558
30
7459
13062
13858
12921
11735
8557
2771
-1985
-3594
-3076
-2088
-184
2287
3517
2382
-85
-3056
-6851
-11002
-13029
-11345
-7263
-2829
1668
6573
10409
11160
8847
5271
1159
-3039
-5785
-6084
-4852
-2870
-44
3107
4994
4660
2562
-8
-2390
-4512
-5890
-5494
-3692
-1522
943
3504
4894
4382
3197
2384
1806
939
680
1490
3114
4497
5507
5892
4493
23
-5045
-7891
-10365
-14135
-15714
-11883
-6253
-1503
3697
9859
13165
13058
11830
10190
6302
1247
-1910
-2350
-1950
-1496
-520
612
718
-631
-2852
-5393
-8145
-10257
-10091
-7142
-3062
655
4287
8159
10534
10000
7413
4006
-1
-3626
-5489
-5713
-5285
-4222
-1925
1030
2882
2552
1171
-144
-1541
-3238
-4040
-3760
-2959
-1362
1195
3380
4332
4456
4386
4143
3196
1864
1111
1159
1496
2080
2892
3502
2512
-818
-4339
-6114
-8477
-12567
-14165
-10682
-5945
-1971
3530
9977
13350
13829
13552
11826
6882
840
-2906
-4144
-4719
-4692
-3185
-884
555
386
-965
-3134
-5894
-8199
-8467
-6501
-3482
-114
4124
8705
11487
11070
8198
4173
-354
-4535
-7436
-8790
-8622
-6545
-2679
1371
3753
3838
2623
1220
-563
-2861
-4565
-4605
-3234
-779
2246
4801
5976
5879
5088
3950
2256
167
-1195
-988
353
1783
3188
4395
3634
-116
-4002
-6420
-9617
-13822
-14503
-10232
-4799
260
6520
12600
15209
14669
12637
9060
3282
-2522
-5714
-6090
-5345
-3789
-1286
1391
2490
1478
-853
-3637
-6606
-8829
-8605
-5633
-1487
2462
6633
10629
12190
10017
5740
1027
-3923
-8176
-10116
-9737
-8089
-5169
-1048
2766
4398
3713
2042
325
-1355
-2883
-3488
-2758
-869
1664
4078
5354
5247
4191
2847
1508
145
-1049
-1171
-128
1507
3039
4079
4316
3102
-424
-4520
-6958
-9105
-11920
-12332
-8119
-2734
1528
5940
10667
12620
11681
9622
6901
2522
-2046
-4365
-4246
-3722
-3022
-1249
892
1626
716
-770
-2446
-4374
-5768
-5382
-3282
-576
2095
4908
7413
8127
6332
3042
-577
-4158
-7124
-8438
-7947
-6454
-4270
-1084
2189
3790
3271
2016
983
-70
-1313
-2018
-1612
-259
1574
3204
4020
3843
3035
1934
952
-74
-1093
-1485
-600
1031
2545
3481
4055
3906
1779
-1946
-4577
-6158
-8964
-11313
-9421
-4793
-1392
1774
6590
10509
10654
9110
7504
4729
53
-3642
-4624
-4116
-3592
-2088
466
2506
2884
2230
989
-1061
-3568
-5059
-4600
-3075
-1473
496
3264
5480
5527
3506
839
-1701
-4266
-6525
-7523
-6891
-5098
-2496
492
2873
3813
3747
3423
2718
1423
7
-725
-570
11
578
972
1137
1095
835
436
24
-150
3
558
1546
2796
3535
3632
3639
3003
268
-3012
-4943
-6900
-9705
-10206
-7173
-3974
-1582
2288
7167
9308
8739
7550
6011
2820
-783
-2665
-2819
-2600
-1730
422
2775
3793
3283
1953
133
-2258
-4822
-6230
-5887
-4455
-2638
-76
2828
4565
4440
3051
857
-1958
-4497
-5998
-6344
-5577
-3390
-48
3111
4918
5396
5071
3912
1927
-221
-2015
-3221
-3319
-2152
-652
405
1162
1875
2202
1837
1063
389
193
608
1353
2356
3311
3949
4369
3686
670
-2945
-5374
-7782
-10675
-11092
-8245
-4820
-1515
3306
8198
10000
9193
7871
6216
2828
-908
-2886
-2805
-1969
-245
2122
4073
4436
3339
1402
-1126
-4407
-7488
-8681
-7518
-5121
-2317
886
3857
5537
5544
4112
1187
-2384
-4941
-5873
-5744
-4592
-2059
1119
3818
5483
5790
4625
2463
67
-2047
-3643
-4335
-3815
-2350
-775
664
1976
2734
2469
1765
1144
824
821
1179
1852
2922
3818
4411
4411
2284
-1699
-4754
-6393
-8953
-11180
-9984
-6272
-2956
993
6029
9353
9240
8198
7225
4985
1127
-1622
-2116
-1419
-511
1139
3084
4056
3242
1235
-1109
-3854
-6895
-8840
-8377
-6120
-3367
-447
2706
5156
5925
5064
3011
20
-2913
-4513
-4815
-4589
-3562
-1163
1746
3761
4366
3883
2699
1133
-560
-2030
-3041
-3271
-2531
-1146
178
1091
1552
1439
946
706
720
649
984
1965
3152
4094
4635
4671
3787
912
-2784
-5088
-6737
-9340
-10783
-8701
-5185
-2158
1703
6380
8822
8611
7904
7102
4726
1153
-1231
-1547
-953
-183
1139
2527
2849
1767
35
-1957
-4411
-6932
-7960
-6839
-4635
-2397
163
3042
4871
4951
3948
2423
104
-2365
-3749
-3920
-3611
-2746
-967
1065
2322
2598
2423
1950
1047
-83
-1000
-1566
-1681
-1341
-841
-519
-495
-616
-568
-139
535
1187
1914
3049
4172
4752
4578
3984
3307
2266
-321
-3567
-5187
-5836
-7469
-8867
-7456
-4565
-2050
769
4426
6629
6882
6887
6943
5350
2324
199
-195
-134
-241
102
857
1137
619
-307
-1494
-3281
-5321
-6293
-5588
-4155
-2783
-1083
1131
2925
3697
3762
3013
970
-1264
-2391
-2920
-3438
-3180
-1740
201
2008
3202
3551
3215
2330
901
-613
-2003
-3234
-3756
-3253
-2524
-1956
-1020
387
1804
2677
3136
3541
3787
3719
3475
3064
2634
2433
2559
1485
-1084
-3072
-4191
-6399
-8893
-8942
-7093
-5011
-2145
2351
6067
7476
7986
8329
7147
4077
1117
-478
-1213
-1671
-1120
343
1574
1729
1178
242
-1464
-4104
-6446
-7279
-6706
-5439
-3523
-796
2073
4133
5132
5047
3512
1123
-977
-2226
-2948
-3214
-2539
-749
1397
2817
3330
3050
1926
210
-1462
-2938
-4191
-4728
-4193
-2906
-1308
233
1649
2772
3489
3875
4136
3987
3473
3135
3200
3276
3141
2978
1975
-727
-3241
-4586
-6526
-9693
-10802
-8622
-5516
-2566
1320
5512
7813
8745
8998
8114
5021
1482
-623
-1030
-1187
-888
214
1657
2264
1784
439
-1673
-4478
-7102
-8279
-7726
-6106
-3869
-857
2621
5449
6543
6040
4438
2157
-414
-2451
-3456
-3672
-3101
-1410
803
2152
2301
1709
566
-1112
-2869
-4255
-4851
-4462
-3280
-1711
129
1912
3212
3882
4131
3965
3593
3165
2856
2762
2851
3023
3362
3604
2590
-432
-3268
-5006
-7383
-10626
-11390
-8901
-5700
-2316
2317
7007
9145
9605
9544
8360
4800
1007
-1028
-1399
-1595
-1102
345
1799
2066
1457
202
-1911
-5004
-7725
-8476
-7345
-5601
-3424
-127
3672
6295
7132
6464
4445
1758
-733
-2780
-4242
-4635
-3803
-2028
31
1415
1657
1077
146
-1048
-2383
-3578
-4071
-3541
-2148
-496
1229
2629
3555
4024
4256
3868
3081
2462
2240
2179
2249
2542
2774
2777
1689
-919
-3429
-5165
-7639
-10471
-10539
-7718
-4646
-1467
3024
7244
8910
9156
8989
7445
3721
288
-1189
-1399
-1637
-958
767
2377
2613
1830
456
-1703
-4761
-7374
-8104
-7153
-5471
-2957
603
4133
6346
6901
6060
4017
1317
-1591
-3979
-5220
-5278
-4382
-2637
-499
1020
1551
1414
849
-261
-1717
-2832
-2999
-2284
-1298
-225
1106
2398
3249
3555
3305
2630
2135
2062
2146
2269
2559
2856
2985
3281
2486
-521
-3602
-5222
-7195
-9929
-10207
-7679
-4799
-1945
2554
6794
8281
8122
8054
7062
3955
592
-913
-908
-741
-6
1506
2859
2881
1900
477
-1571
-4666
-7417
-8115
-6888
-5121
-2884
254
3471
5518
6154
5469
3177
180
-2240
-3952
-5138
-5267
-4226
-2392
-197
1510
2113
1916
1309
319
-871
-1821
-2262
-2031
-1278
-253
794
1634
2192
2508
2466
2220
2235
2417
2515
2655
2869
3021
3089
3164
2076
-768
-3369
-4961
-7224
-9890
-10114
-7871
-5276
-2335
2181
6298
8021
8393
8683
7719
4681
1407
-164
-492
-726
-334
1103
2475
2593
1765
512
-1495
-4526
-7132
-7890
-7111
-5782
-3618
-409
2762
4781
5546
4969
2923
414
-1809
-3741
-4989
-4975
-3818
-1911
214
1692
2342
2389
1848
703
-599
-1720
-2420
-2322
-1556
-664
212
1195
2080
2682
2860
2736
2679
2706
2592
2615
2951
3132
3056
3050
1767
-1340
-4010
-5718
-8314
-10813
-10449
-7775
-4792
-996
3872
7559
8896
9349
9114
7067
3325
291
-1006
-1184
-916
315
2121
3419
3482
2432
536
-2338
-5838
-8432
-8872
-7807
-6081
-3326
421
3750
5591
6068
5170
2715
-223
-2489
-4239
-5428
-5192
-3491
-1268
826
2294
2888
2637
1732
321
-1179
-2455
-3131
-2761
-1608
-453
621
1878
2957
3411
3236
2818
2511
2294
2243
2477
2844
3056
3337
3225
1010
-2314
-4678
-6727
-9855
-11542
-9973
-6878
-3594
863
5850
8712
9474
9565
8671
5584
1794
-522
-1026
-951
-272
1343
3229
4095
3505
1733
-876
-4257
-7599
-9336
-8987
-7496
-5358
-2062
1964
5006
6157
5888
4355
1525
-1243
-3055
-4555
-5527
-4742
-2446
43
1937
2956
3080
2463
1318
-160
-1666
-2943
-3432
-2628
-1053
191
1120
2073
2848
3192
3091
2585
2019
1832
2072
2635
2938
2968
3031
2203
-564
-3428
-5487
-8160
-11020
-11024
-8386
-5372
-1777
3211
7457
9037
9459
9300
7441
3663
659
-555
-676
-580
600
2425
3865
3966
2781
418
-2677
-6078
-8579
-9246
-8321
-6438
-3553
277
3812
5715
5960
5175
3275
392
-2167
-3683
-4692
-5070
-3869
-1629
425
1800
2506
2643
2180
1019
-361
-1359
-2104
-2420
-1708
-479
266
779
1662
2472
2721
2565
2475
2565
2598
2629
2733
2681
2560
2512
950
-2110
-4352
-5893
-8516
-10584
-9700
-7214
-4523
-595
4229
7252
8161
8738
8620
6373
2955
813
124
-187
-63
1164
2677
3387
3012
1723
-408
-3348
-6341
-8191
-8420
-7492
-5616
-2801
602
3506
5112
5335
4496
2607
50
-2097
-3371
-4240
-4392
-3127
-1031
787
1971
2578
2647
2114
984
-346
-1450
-2257
-2570
-1977
-882
-100
541
1625
2702
3155
3174
3032
2864
2761
2681
2521
2374
2616
2241
-223
-2951
-4468
-6618
-9831
-10742
-8847
-6460
-3528
1294
5860
7722
8468
9151
8229
4841
1628
165
-160
-433
387
2216
3730
3933
3151
1432
-1447
-5161
-8161
-9363
-9092
-7790
-5178
-1448
2263
4780
5812
5497
3959
1352
-1297
-3023
-4060
-4562
-3703
-1604
545
2061
2845
2880
2363
1265
-269
-1617
-2511
-2940
-2508
-1252
-78
670
1596
2593
3091
3138
2923
2690
2682
2935
3137
3084
3057
3164
1475
-1816
-4345
-6363
-9486
-11641
-10529
-7957
-5239
-915
4699
7938
8535
8817
8708
6149
2348
111
-183
-97
487
2310
4281
4867
3989
2206
-464
-4200
-7888
-9811
-9650
-8402
-6131
-2548
1527
4429
5584
5420
4201
2032
-624
-2652
-3553
-3818
-3370
-1767
179
1450
2038
2125
1696
960
-75
-1190
-1858
-1942
-1654
-921
24
513
763
1390
1980
2144
2274
2490
2810
3336
3777
3857
3574
3353
2194
-840
-3963
-6035
-8488
-11130
-11059
-8626
-5845
-2441
2699
6920
8188
8316
8552
7266
3855
985
151
339
466
1525
3288
4362
3891
2544
449
-2689
-6350
-8778
-9159
-8305
-6784
-4015
-211
3045
4664
4947
4291
2698
618
-1296
-2592
-3186
-3064
-2185
-739
386
920
1113
1071
844
515
-58
-733
-919
-680
-331
-57
22
-204
-147
393
974
1417
2038
2778
3582
4502
4940
4280
3369
2729
410
-3362
-5929
-7464
-9819
-11087
-9048
-5912
-3375
370
5330
7867
7736
7543
7357
5109
1848
300
608
964
1386
2722
4111
4228
3091
1246
-1260
-4523
-7482
-8683
-8098
-6831
-4942
-1938
1461
3683
4309
3884
2769
1078
-785
-2255
-2948
-3090
-2594
-1315
133
928
1123
1165
1227
1059
370
-400
-694
-667
-590
-306
-89
-254
-305
260
905
1366
1994
2778
3474
4143
4587
4252
3506
2644
251
-3135
-5345
-6973
-9584
-10826
-8708
-5684
-3395
206
5054
7500
7395
7316
7031
4506
1252
-22
411
581
982
2600
4305
4486
3441
1735
-813
-4246
-7172
-8223
-7669
-6656
-4954
-1952
1542
3730
4186
3584
2374
621
-1212
-2341
-2870
-3228
-2755
-842
1104
1645
1422
1441
1503
1057
198
-584
-992
-986
-611
51
403
73
-151
450
1170
1410
1782
2461
3049
3525
4187
4234
3574
2250
-412
-3280
-5270
-7583
-10548
-10929
-8270
-5244
-2690
1451
5921
7781
7764
7559
6247
2869
-122
-869
-352
-166
822
3018
4876
5057
3905
1818
-1166
-4680
-7307
-8055
-7433
-6168
-3998
-620
2862
4726
4539
3304
1698
-207
-2206
-3421
-3773
-3782
-2830
-342
1907
2300
1823
1818
1961
1302
169
-765
-1165
-961
-294
303
473
215
150
638
1178
1417
1639
2165
3023
3792
4181
4174
3691
1124
-2269
-4419
-6226
-9678
-11800
-9936
-6329
-3338
203
4866
7629
8171
7964
7033
3609
-386
-2210
-1686
-960
-20
1980
4412
5704
5369
3628
605
-3322
-6581
-7862
-7492
-6430
-4485
-1272
2444
5065
5509
4095
1892
-400
-2727
-4526
-5098
-4843
-3963
-1767
1353
3390
3564
2956
2504
1859
616
-765
-1694
-1819
-1145
87
1112
1424
1293
1351
1602
1571
1109
838
1326
2378
3265
3964
3976
1661
-1567
-3733
-6110
-10093
-12296
-10710
-7291
-3595
1471
6719
9057
9346
9415
8088
3469
-1586
-4033
-3881
-3142
-1359
1601
4502
6062
6357
5046
1664
-3186
-7056
-8322
-7674
-6394
-4093
-130
4299
6983
7116
5382
2426
-1081
-4221
-6290
-7243
-7090
-5296
-2008
1343
3428
4305
4172
3162
1630
92
-1205
-2043
-1996
-961
703
2113
2576
2333
2130
1927
1354
396
-114
236
1370
2770
4183
3690
857
-1763
-3705
-7193
-11349
-12283
-10182
-7018
-2655
3668
8751
10573
10740
10425
7749
2343
-2548
-4658
-4935
-4293
-1909
1560
4342
5583
5516
3842
161
-4437
-7588
-8283
-7282
-5092
-1569
2896
6830
8839
8447
6034
2214
-2110
-5740
-7906
-8761
-8369
-6053
-2266
1337
3472
4347
4410
3535
1697
-232
-1567
-2194
-1825
-382
1481
2867
3487
3579
3374
2639
1444
199
-502
-472
322
1935
2564
863
-1264
-2810
-5686
-9528
-11112
-10036
-7937
-4551
1262
6815
9736
11076
11620
9493
4581
-125
-2783
-4247
-5027
-3832
-908
2045
3706
4045
2977
148
-3708
-6597
-7597
-7290
-5788
-2406
2599
7199
9567
9732
8304
5331
1166
-3065
-6473
-8674
-9279
-7761
-4811
-1917
291
2127
3244
3253
2298
922
-250
-762
-541
194
1332
2573
3360
3697
3786
3367
2204
978
428
417
532
1131
900
-824
-2439
-3813
-6787
-10123
-10811
-9193
-6828
-3165
2330
6682
8965
10681
11582
9094
4108
135
-1480
-2586
-3378
-2447
-300
1441
2405
2426
673
-2977
-6579
-8242
-8218
-7424
-5341
-1261
3948
8352
10704
10838
8928
5474
1638
-1991
-5400
-8124
-8832
-7165
-4377
-1933
-157
1213
2052
2074
1217
-23
-1129
-1503
-831
688
2355
3525
4173
4858
5304
4466
2851
1509
720
197
522
213
-1601
-3371
-4265
-6197
-8929
-9826
-8804
-7014
-3958
1057
5284
7427
8914
10054
8698
4977
1545
-196
-1081
-1471
-632
1075
2443
2785
2009
-103
-3757
-7738
-10211
-10626
-9656
-7286
-3052
2455
7380
10278
11049
9952
7249
3669
52
-3036
-5178
-5882
-5050
-3169
-1174
83
320
151
-225
-1167
-2450
-3192
-2927
-1809
46
2393
4402
5279
5624
5812
5280
3537
1663
599
451
1000
771
-1010
-2667
-3554
-5816
-9144
-10660
-9947
-8422
-5310
105
4966
7442
9354
10982
9842
5681
1649
-574
-1888
-2418
-1005
1529
3444
4349
4463
2856
-1201
-6522
-10637
-12472
-12403
-10666
-6837
-1166
4772
9209
11377
11125
8623
4797
797
-2588
-5083
-6116
-5042
-2249
806
3004
3819
3394
2108
57
-2422
-4526
-5585
-5352
-3493
-309
2842
4958
6445
7392
7162
5684
3588
1511
320
-938
-2720
-3987
-4704
-6390
-8094
-7909
-6879
-6402
-4914
-796
3003
4813
6219
7943
7590
5057
2817
1732
343
-980
-482
1341
2770
3316
3300
2258
-387
-3821
-6741
-8769
-9997
-9749
-7419
-3487
598
3862
6106
7227
6864
5079
2375
-337
-2520
-3572
-3161
-1575
458
2347
3687
4226
3765
2141
-209
-2541
-4122
-4576
-3677
-1805
332
2475
4470
5610
5646
4955
3763
2363
1489
203
-1798
-3325
-4234
-6091
-8185
-8505
-7563
-6591
-4630
-747
2618
4422
6092
7720
7054
4216
1874
972
184
-622
-102
1393
2655
3467
3818
2662
-370
-3707
-5963
-7363
-8209
-7835
-5836
-2580
1048
3945
5336
5233
3986
1869
-442
-2511
-4191
-4743
-3400
-804
1732
3694
5027
5500
4682
2904
825
-1197
-2853
-3259
-2034
-119
1667
3179
4503
5138
4921
3844
2436
990
-1161
-3118
-4046
-4984
-7143
-8228
-7023
-5390
-4630
-2785
630
2853
3702
4807
5785
4499
2144
1009
1054
524
35
881
2419
3325
3435
2872
1192
-1541
-4106
-5658
-6465
-6840
-6130
-3810
-389
2431
3848
4342
4251
2878
543
-1685
-3450
-4752
-4733
-3096
-733
1302
2837
4059
4582
3720
1781
-108
-1401
-2054
-1675
-91
1843
3608
5244
6460
6422
5100
3153
1723
218
-2097
-4024
-4852
-5930
-7435
-7389
-6173
-5537
-5011
-2397
940
2599
3378
4632
5281
4070
2290
1201
488
-390
-406
764
2056
2678
2923
2807
1362
-1610
-4374
-5718
-6341
-6723
-5775
-2930
591
3346
5110
5739
4599
2155
-435
-2779
-5087
-6388
-5522
-2860
216
2794
4651
5501
5017
3268
880
-1659
-3677
-4141
-2643
-104
2472
4917
7211
8448
7951
6315
4295
936
-2902
-5259
-6437
-7929
-8497
-6647
-3978
-2125
-299
1970
2790
2291
2011
1839
524
-1124
-1352
-226
778
1213
1862
2797
3240
2716
1538
34
-1880
-3671
-4552
-4650
-4693
-4261
-2573
-43
2012
3137
3634
3437
2647
1570
-26
-2034
-3685
-4085
-3208
-1720
-580
269
1317
2525
3082
2428
1149
-134
-811
-644
3
640
1362
2526
4006
5146
5183
4653
3594
1396
-912
-2677
-4729
-7346
-8121
-6426
-4115
-2309
210
3081
4482
4922
5118
4176
1387
-1236
-2162
-1983
-2024
-1838
-631
1143
2451
2765
2156
515
-1876
-3930
-4889
-5311
-5583
-4886
-2427
867
3282
4307
4303
3620
2264
562
-1186
-2625
-3391
-2822
-1026
868
1833
1944
1996
1807
835
-633
-1612
-1641
-952
301
2024
3547
4436
4939
5010
4305
2633
-81
-2514
-4158
-5626
-7089
-7117
-5377
-3150
-1205
1186
3603
4468
4332
4225
3841
2256
571
113
492
389
136
389
680
465
-132
-1021
-2382
-3865
-4540
-4297
-3816
-3303
-2198
-518
1103
2023
2369
2152
1657
965
224
-405
-587
-562
-371
113
603
707
322
-191
-669
-907
-881
-511
160
1231
2498
3509
3908
3929
3576
2738
1610
946
-132
-1713
-2826
-3274
-4213
-5158
-4854
-3795
-2863
-1763
257
1844
2677
3357
3929
3385
2258
1596
1437
1107
665
793
1263
1480
1100
186
-1073
-2651
-4203
-5167
-5249
-4855
-3864
-2013
454
2439
3401
3187
2495
1561
371
-968
-1670
-1617
-1091
-42
1022
1458
879
93
-571
-1160
-1836
-1945
-1040
651
2487
4242
5622
5984
5450
4591
3526
1304
-1745
-4034
-5128
-6055
-6645
-6032
-4547
-2776
-706
1615
2920
2878
2748
2952
2487
1091
41
32
648
1100
1523
1897
1995
1655
871
-503
-2395
-4261
-5337
-5474
-5097
-4284
-2800
-679
1335
2571
3292
3464
2734
1745
1359
1294
1072
866
1051
1407
1137
178
-1104
-2441
-3756
-4487
-4248
-3178
-1648
552
3141
5309
6296
6402
5794
4767
3142
699
-1650
-3105
-3923
-4783
-4734
-3778
-2583
-1660
-339
937
1187
959
974
840
37
-479
-229
549
1187
1892
2992
3845
3721
2696
1371
-417
-2860
-5276
-6513
-6727
-6358
-5206
-3253
-1460
-11
1203
1714
1309
1102
1494
1848
2171
2866
3943
4693
4921
4301
2988
1264
-279
-1529
-2459
-2956
-2962
-2171
-957
91
713
1118
1240
623
-426
-1289
-1819
-2788
-3356
-2629
-984
520
2007
3795
5029
5024
4084
2780
854
-1316
-3060
-3852
-3827
-3296
-2196
-624
954
1860
2019
1579
639
-761
-1947
-2529
-2732
-2557
-1788
-754
241
642
496
52
-329
-841
-1275
-1501
-1309
-720
4
777
1202
1415
1441
1730
2196
2614
2757
3252
4027
4532
4294
3315
2025
585
-657
-2079
-3881
-5408
-5926
-5992
-5814
-5027
-3827
-2512
-911
1300
3238
4152
4605
5157
5347
4703
3437
2044
1017
80
-870
-1606
-2040
-2359
-2574
-2626
-2664
-3047
-3514
-3383
-2739
-2608
-2396
-1434
-120
913
1938
3085
3929
4310
4087
3571
2404
843
-782
-1974
-2873
-3385
-3206
-2257
-999
236
1637
2942
3716
3799
3277
2478
1879
1238
54
-1081
-1907
-2443
-2873
-2798
-2624
-2477
-1999
-631
762
1173
1290
1638
1872
1387
758
264
102
0
296
942
1331
1241
986
731
-235
-1698
-3156
-4029
-4600
-4641
-4017
-2767
-1285
131
1201
1751
2152
2226
1913
1358
1180
1352
1774
2061
2345
2541
2387
1865
1286
751
-129
-940
-1289
-1089
-809
-599
-248
79
-244
-1020
-1802
-2667
-3543
-3848
-3182
-1824
-222
1633
3574
4748
4941
4393
3201
1423
-448
-1810
-2254
-2048
-1469
-384
1003
2066
2219
1388
93
-1550
-3356
-4695
-5273
-5282
-4409
-2510
-491
1079
2027
2488
2361
1751
845
1
-546
-653
-76
951
2012
2698
3220
3714
3787
3308
2544
1764
1063
615
275
-150
-1127
-2224
-3058
-3791
-4841
-5507
-5109
-3775
-1990
30
2172
3511
4098
4026
3459
1965
200
-1233
-1689
-1496
-832
175
1232
1906
2050
1645
476
-1267
-2943
-3759
-3808
-3531
-2859
-1460
2
1162
1892
2090
1579
884
295
-124
-491
-727
-438
173
947
1565
2043
2313
2530
2452
2259
1999
1601
1108
698
94
-847
-1952
-2960
-3849
-4416
-4301
-3347
-1802
33
1925
3360
4141
4308
3852
2476
713
-960
-1978
-2433
-2308
-1850
-1114
-488
-42
-35
-563
-1583
-2769
-3584
-3739
-3395
-2696
-1388
430
2337
3711
4368
4316
3632
2574
1415
250
-746
-1167
-818
76
1074
1954
2737
3145
2952
2362
1479
353
-714
-1710
-2608
-3265
-3737
-3976
-3885
-3376
-2452
-1380
-231
1142
2304
2896
3215
3171
2597
1693
862
187
-231
-492
-462
-241
-22
51
-112
-672
-1670
-2873
-3843
-4337
-4549
-4367
-3493
-1868
-21
1495
2494
3016
3076
2741
2195
1449
806
744
1400
2378
3218
3961
4467
4461
3820
2577
1030
-517
-1815
-3130
-4079
-4587
-4642
-4552
-4119
-3261
-2292
-1258
-91
1237
2167
2889
3303
3456
3130
2508
1691
723
-308
-1165
-1610
-1939
-2218
-2332
-2253
-2325
-2666
-2982
-3042
-2873
-2449
-1600
-308
1148
2519
3482
3814
3460
2669
1645
508
-511
-1095
-866
80
1285
2352
3272
3819
3921
3432
2537
1469
231
-1027
-1906
-2485
-2976
-3143
-2875
-2444
-2117
-1665
-1015
-504
-384
-253
-18
247
353
525
804
1120
1262
1353
1366
1067
579
51
-482
-1300
-2257
-2852
-2997
-3086
-2981
-2492
-1651
-848
-230
250
629
588
348
179
225
467
957
1837
3007
4145
4940
5373
5300
4735
3762
2423
808
-868
-2180
-3069
-3609
-4030
-3942
-3293
-2268
-1385
-602
119
628
885
937
959
749
450
306
506
391
-62
-551
-915
-1331
-1814
-2460
-2962
-3151
-2886
-2232
-1334
-421
549
1521
2270
2643
2371
1719
887
244
-261
-512
-647
-314
411
1175
1863
2181
2212
1873
1395
715
130
-753
-1490
-1801
-1826
-1745
-1506
-802
70
1066
1874
2749
3031
2939
2590
2063
1165
61
-949
-1474
-1559
-1734
-1873
-1977
-1878
-1804
-1892
-2426
-2867
-2891
-2453
-1699
-931
-159
636
1567
2187
2235
1493
625
-58
-467
-667
-642
-314
456
1549
2456
2937
3130
2900
2529
1927
1397
566
-373
-1103
-1552
-2125
-2769
-2953
-3013
-2774
-2376
-1479
-714
68
808
1665
2171
2329
2343
2282
2102
1628
1139
636
195
-410
-909
-1342
-1763
-2102
-2219
-1958
-1564
-1127
-656
47
586
767
650
411
60
-365
-681
-744
-595
-337
252
1015
1609
1910
1914
1770
1464
1043
271
-454
-871
-984
-1010
-913
-526
-18
528
899
1102
840
434
-33
-507
-1113
-1593
-1735
-1470
-1061
-776
-465
-175
-57
-272
-483
-726
-883
-999
-683
57
926
1529
1968
2286
2217
1789
1090
423
-218
-607
-604
-186
229
542
916
1113
1089
639
113
-399
-631
-761
-828
-862
-929
-952
-1107
-1117
-1359
-1455
-1396
-753
-51
671
1269
1850
2138
1997
1611
934
203
-602
-1048
-1318
-1299
-1335
-1426
-1553
-1559
-1625
-1771
-1786
-1557
-941
13
1118
2009
2488
2712
2774
2482
1747
883
309
154
270
431
726
1091
1320
1339
1092
599
-73
-802
-1533
-1922
-2269
-2461
-2327
-1730
-1028
-350
259
833
1235
1298
1292
1050
632
137
-223
-578
-914
-1264
-1354
-1421
-1531
-1537
-1370
-1090
-722
-300
188
687
979
1159
1198
1067
806
508
283
165
62
145
518
787
948
1093
1193
1178
1087
992
1135
1314
1447
1412
1262
900
152
-857
-1867
-2659
-3299
-3461
-3227
-2519
-1663
-731
108
812
1198
1264
1143
859
476
170
108
31
-141
-237
-223
-376
-666
-906
-1062
-1324
-1428
-1217
-861
-643
-265
338
1015
1463
1769
2088
2310
2268
2110
1848
1464
1096
834
673
469
224
19
-92
-418
-844
-1369
-1807
-2102
-2194
-2022
-1676
-1124
-432
451
1095
1529
1731
1729
1496
1033
373
-388
-962
-1435
-1750
-2018
-1988
-1747
-1495
-1289
-977
-631
-400
-279
-175
-36
74
190
464
827
1202
1564
1943
2242
2369
2243
1867
1377
909
623
386
318
410
613
725
724
415
-261
-1097
-1802
-2252
-2555
-2582
-2255
-1516
-647
137
633
730
511
185
-137
-576
-938
-1021
-725
-230
350
857
1169
1217
1126
959
574
-7
-617
-1027
-1192
-1131
-979
-767
-506
-90
439
799
784
555
365
293
279
277
369
689
1255
1842
2214
2238
1988
1521
882
95
-678
-1321
-1653
-1695
-1519
-1315
-1100
-926
-810
-857
-1059
-1254
-1285
-1155
-912
-515
-106
292
570
762
768
597
184
-179
-337
-309
-215
-55
218
513
840
1077
1154
918
611
332
85
-193
-473
-571
-465
-194
129
479
750
976
1198
1313
1147
748
353
-23
-407
-817
-1093
-1160
-1040
-872
-651
-441
-304
-231
-199
-260
-417
-593
-668
-586
-482
-336
-157
115
417
675
736
565
264
20
-208
-494
-724
-689
-452
-144
193
621
1019
1232
1347
1397
1365
1211
1014
791
508
213
-33
-301
-675
-1024
-1188
-1218
-1205
-1188
-1026
-746
-422
-168
47
214
322
373
352
301
204
88
-7
15
52
35
-87
-196
-273
-387
-548
-663
-694
-605
-352
-42
221
431
655
886
1024
1012
921
854
780
631
418
176
-25
-211
-297
-277
-217
-172
-95
14
71
55
-74
-173
-240
-274
-282
-234
-165
-81
-12
24
-41
-272
-591
-870
-1098
-1293
-1392
-1315
-1041
-661
-254
149
533
809
949
958
908
777
725
709
778
852
942
1017
1057
958
721
391
62
-241
-494
-610
-637
-550
-383
-124
94
200
148
58
-66
-229
-427
-582
-618
-526
-340
-148
-44
-29
-60
-152
-319
-533
-709
-862
-860
-711
-567
-533
-525
-414
-250
-114
-54
55
222
462
674
780
770
722
694
680
656
664
740
862
1017
1144
1223
1140
905
623
401
213
-4
-253
-415
-476
-503
-571
-714
-915
-1016
-970
-896
-839
-766
-635
-374
-112
36
116
123
147
162
77
-113
-309
-503
-600
-680
-766
-838
-819
-698
-490
-306
-138
-5
120
249
332
390
460
587
786
1061
1286
1416
1444
1404
1267
1010
664
386
214
156
180
215
182
141
106
-28
-304
-631
-851
-896
-777
-624
-483
-361
-212
-135
-219
-462
-767
-1034
-1158
-1118
-947
-697
-415
-79
219
378
358
276
163
48
-5
68
212
348
467
549
523
363
152
-53
-222
-315
-278
-125
86
319
527
679
729
683
580
492
450
425
423
448
483
456
366
211
18
-182
-353
-515
-658
-757
-796
-798
-817
-855
-924
-937
-885
-802
-722
-548
-259
69
363
596
775
823
801
668
465
194
48
46
106
112
128
220
275
254
146
31
-104
-189
-182
-69
49
159
348
580
711
674
541
401
260
75
-89
-160
-155
-133
-61
16
32
-76
-285
-525
-752
-952
-1091
-1168
-1182
-1056
-852
-595
-336
-136
-9
127
257
335
358
417
520
638
762
864
866
801
737
663
538
384
252
169
120
57
-79
-241
-373
-475
-544
-578
-511
-350
-91
180
400
488
526
495
407
268
105
-31
-83
-28
-9
-85
-271
-431
-622
-850
-1080
-1249
-1293
-1149
-850
-501
-196
31
252
438
508
452
338
267
336
478
604
703
814
875
870
775
618
407
158
-69
-208
-258
-256
-246
-253
-162
-28
41
21
-2
-9
-12
-37
-58
-48
30
138
220
257
277
277
233
92
-153
-434
-677
-903
-1139
-1336
-1434
-1395
-1171
-836
-474
-71
366
791
1141
1343
1339
1211
1064
951
778
522
239
45
-103
-186
-282
-401
-501
-500
-390
-291
-239
-182
-61
68
212
333
404
419
453
513
531
448
306
182
70
-51
-256
-534
-831
-1086
-1301
-1409
-1396
-1258
-999
-632
-140
350
722
905
977
941
822
627
414
212
76
65
158
263
345
404
440
412
292
132
-6
-90
-62
52
216
419
613
699
635
430
125
-259
-689
-1051
-1252
-1345
-1339
-1177
-881
-516
-159
165
422
589
677
685
614
487
333
175
34
-102
-277
-488
-693
-857
-989
-1074
-1087
-971
-704
-348
62
500
896
1225
1437
1504
1412
1239
1048
867
651
459
342
242
108
-72
-233
-383
-483
-524
-513
-457
-332
-165
-36
3
-45
-146
-235
-280
-329
-396
-387
-296
-258
-305
-396
-487
-590
-659
-668
-626
-535
-355
-59
220
422
558
672
720
710
642
543
457
406
411
432
406
312
175
33
-113
-312
-542
-666
-643
-492
-309
-102
114
337
507
601
583
463
358
330
336
309
301
330
360
317
203
12
-215
-456
-684
-900
-1088
-1214
-1247
-1184
-1078
-966
-811
-581
-335
-137
31
207
436
672
877
1045
1167
1254
1273
1197
1013
749
454
176
-74
-276
-394
-446
-454
-401
-315
-257
-221
-176
-111
-51
20
127
237
315
369
413
417
322
118
-127
-334
-494
-645
-777
-820
-748
-632
-532
-437
-331
-224
-126
-38
26
61
115
229
321
290
211
210
230
154
67
33
16
-2
38
116
150
151
224
388
503
523
502
469
401
295
153
-12
-157
-193
-116
-37
-17
-31
-1
43
24
-46
-121
-174
-196
-198
-243
-329
-426
-520
-600
-676
-708
-715
-703
-629
-473
-319
-206
-93
35
199
374
551
672
722
764
832
855
780
635
495
380
281
205
130
52
-11
-46
-64
-118
-257
-403
-460
-431
-370
-284
-122
74
237
335
361
298
194
95
35
16
31
35
11
-10
-80
-228
-440
-655
-833
-919
-929
-880
-801
-637
-422
-225
-88
23
126
218
302
403
541
693
828
939
996
956
854
672
444
228
89
-32
-139
-190
-179
-155
-182
-222
-278
-325
-347
-314
-239
-138
11
212
397
476
461
390
272
110
-52
-176
-263
-319
-337
-327
-337
-412
-546
-671
-780
-853
-870
-807
-657
-423
-131
180
439
594
652
663
635
553
450
379
396
456
512
532
491
373
227
63
-148
-353
-480
-501
-452
-347
-203
-51
49
111
158
143
71
-10
-41
-53
-34
-7
22
48
81
122
111
38
-48
-94
-109
-132
-172
-202
-200
-176
-172
-188
-228
-237
-209
-128
-36
54
170
316
403
394
334
263
156
-7
-132
-155
-108
-40
79
209
295
292
247
154
34
-80
-139
-138
-93
-9
89
146
93
-12
-148
-292
-395
-417
-360
-231
-58
105
201
190
79
-110
-332
-522
-628
-618
-469
-208
97
386
621
786
800
662
450
246
53
-94
-135
-59
43
115
190
235
162
-26
-224
-371
-468
-484
-386
-210
-3
232
471
634
647
536
400
269
121
-60
-209
-305
-347
-325
-285
-295
-338
-334
-277
-239
-259
-289
-303
-321
-332
-330
-340
-342
-277
-138
9
121
234
344
429
456
442
391
330
268
222
195
180
156
136
119
94
38
-38
-68
-43
-1
25
66
135
190
208
213
205
162
110
80
38
-41
-128
-181
-215
-252
-271
-263
-253
-236
-202
-204
-259
-331
-380
-413
-423
-398
-337
-239
-89
92
208
241
245
248
211
159
140
158
205
301
397
408
337
280
238
153
20
-68
-78
-63
-51
-27
7
22
46
95
154
172
175
205
218
176
97
27
-69
-182
-249
-253
-263
-308
-309
-254
-214
-219
-235
-256
-269
-257
-226
-194
-182
-153
-90
-8
36
76
111
127
148
166
158
106
64
50
63
52
32
35
82
151
210
239
258
284
310
335
322
279
260
263
253
216
149
76
-7
-122
-240
-320
-358
-380
-368
-324
-264
-226
-218
-216
-223
-236
-238
-221
-192
-148
-71
4
38
26
16
26
24
0
-30
-25
-2
-6
-40
-84
-103
-121
-135
-123
-83
-11
110
268
392
465
505
524
468
373
273
179
108
80
80
66
43
25
12
-15
-59
-82
-81
-59
-5
42
72
64
41
-6
-69
-143
-228
-309
-383
-425
-440
-457
-475
-444
-381
-292
-176
-46
77
184
273
308
304
274
222
135
32
-63
-115
-149
-195
-210
-182
-105
-33
17
88
202
306
386
431
482
539
563
549
504
423
311
210
113
-4
-166
-308
-380
-407
-439
-471
-464
-393
-287
-168
-62
37
138
231
301
307
253
161
51
-59
-192
-342
-491
-601
-653
-677
-683
-655
-555
-400
-200
3
172
317
452
544
560
548
523
493
460
424
360
263
169
73
-54
-191
-265
-267
-226
-151
-14
156
312
427
470
456
407
352
287
202
107
63
55
2
-104
-213
-303
-400
-497
-555
-569
-575
-562
-499
-399
-329
-313
-300
-238
-172
-124
-63
36
142
232
306
355
336
281
243
211
161
120
115
129
143
125
67
-16
-96
-176
-223
-211
-134
-28
128
318
481
568
568
500
380
214
18
-146
-248
-301
-311
-284
-218
-152
-127
-150
-187
-215
-246
-261
-243
-179
-108
-21
63
128
157
133
90
54
44
28
-12
-32
-18
-9
-32
-74
-124
-155
-146
-112
-83
-64
-27
32
92
114
108
118
165
231
276
275
236
220
219
172
87
11
-36
-57
-56
-54
-51
-30
8
37
19
-23
-42
-41
-58
-92
-100
-78
-59
-84
-136
-185
-218
-249
-284
-317
-320
-259
-147
-6
133
281
408
483
489
436
316
154
-25
-195
-311
-368
-362
-320
-231
-114
1
86
115
124
131
128
115
111
128
148
188
262
324
327
309
327
333
285
188
67
-58
-184
-302
-409
-479
-504
-467
-392
-315
-252
-189
-117
-65
-24
18
57
84
119
159
161
117
45
-18
-53
-86
-140
-179
-168
-122
-81
-77
-81
-68
-53
-14
41
75
126
229
342
397
410
383
328
248
140
29
-84
-166
-180
-132
-81
-42
-17
-42
-104
-172
-251
-343
-402
-361
-196
-2
150
266
342
364
319
219
74
-55
-104
-82
-42
18
81
110
94
46
-41
-169
-301
-386
-414
-387
-310
-196
-39
146
312
412
475
499
508
474
382
264
150
34
-68
-178
-299
-388
-419
-414
-398
-359
-310
-255
-182
-75
13
68
130
210
291
335
345
338
324
294
228
131
9
-122
-233
-293
-302
-288
-241
-137
-9
84
122
103
44
-35
-118
-173
-178
-132
-40
101
236
322
345
334
271
163
44
-48
-111
-148
-153
-127
-86
-78
-121
-204
-291
-362
-415
-441
-400
-285
-124
44
192
301
366
395
374
315
250
217
214
226
264
313
332
303
248
144
11
-140
-282
-391
-454
-450
-395
-319
-256
-174
-90
-30
-9
5
0
-30
-49
-54
-46
-28
-11
21
77
158
233
265
261
214
156
70
-50
-204
-333
-412
-434
-394
-327
-228
-92
57
168
221
208
151
97
68
76
107
167
265
383
477
517
495
399
272
135
-3
-122
-214
-256
-251
-210
-151
-113
-103
-123
-159
-206
-253
-308
-323
-271
-169
-44
88
201
290
357
361
277
124
-42
-187
-317
-412
-450
-432
-365
-278
-184
-95
-25
33
88
150
212
263
322
392
448
467
429
343
242
137
24
-81
-150
-164
-121
-49
8
38
43
23
-2
-30
-82
-131
-130
-81
-27
3
11
10
-4
-36
-75
-128
-178
-211
-212
-201
-192
-200
-199
-176
-145
-120
-108
-40
56
138
178
215
249
258
239
188
130
80
44
3
-39
-72
-83
-86
-88
-98
-109
-102
-60
5
60
132
216
293
347
373
364
342
300
212
91
-32
-130
-216
-302
-354
-356
-336
-303
-254
-201
-162
-132
-128
-130
-124
-96
-50
2
53
113
196
237
222
174
124
63
0
-68
-119
-142
-124
-78
-45
-16
19
56
74
88
84
68
58
60
63
70
75
88
123
152
149
116
57
-37
-143
-234
-313
-370
-372
-311
-215
-108
-8
70
135
158
137
98
65
29
7
6
21
52
88
141
174
184
179
170
154
112
57
14
-11
-19
-13
-18
-27
-32
-20
-21
-32
-44
-40
-27
-12
5
10
6
-5
-9
-10
-8
-7
-10
-18
-30
-49
-96
-159
-215
-259
-280
-258
-209
-144
-45
68
168
240
262
223
157
86
15
-58
-109
-106
-67
-23
18
59
81
80
73
68
71
99
143
202
240
252
247
217
156
72
-18
-80
-113
-134
-143
-135
-113
-100
-101
-127
-160
-189
-199
-203
-196
-167
-114
-64
-33
-26
-37
-63
-98
-161
-221
-238
-221
-170
-93
4
105
201
275
319
321
296
277
264
226
172
140
127
118
105
93
99
96
77
52
20
-19
-64
-113
-165
-201
-217
-207
-188
-155
-105
-53
14
75
134
172
191
192
179
136
52
-42
-149
-253
-346
-408
-445
-441
-394
-313
-220
-136
-68
-4
61
112
144
183
250
329
383
402
407
390
338
235
111
-1
-93
-157
-184
-175
-149
-94
-22
60
107
131
131
97
63
31
7
-5
-5
7
25
29
10
-5
-20
-52
-87
-122
-140
-129
-96
-64
-32
24
71
82
57
7
-52
-116
-189
-240
-228
-156
-44
54
125
175
204
177
98
14
-58
-109
-122
-82
-31
19
70
128
160
155
115
60
7
-48
-117
-178
-209
-232
-235
-210
-158
-115
-90
-64
-27
-4
-12
-11
4
30
71
123
167
214
248
272
267
246
221
195
165
116
73
36
-6
-71
-134
-187
-218
-232
-222
-190
-153
-95
-31
13
33
35
30
10
-16
-26
1
43
85
108
117
120
99
32
-54
-134
-190
-217
-227
-223
-193
-142
-86
-57
-41
-29
-21
-2
30
86
153
209
252
275
259
209
131
40
-33
-88
-123
-117
-74
-19
28
79
124
135
118
97
82
65
55
59
71
80
85
80
50
5
-42
-88
-138
-176
-191
-178
-172
-164
-149
-126
-113
-111
-116
-117
-113
-93
-53
-12
40
94
124
131
133
107
62
6
-18
-17
-17
-5
29
77
106
109
108
104
97
99
97
113
137
142
139
134
114
85
27
-29
-82
-125
-162
-176
-200
-243
-249
-230
-209
-189
-154
-117
-69
-28
-5
-15
-36
-43
-33
-35
-29
1
39
87
109
116
80
6
-55
-88
-107
-106
-94
-56
24
114
191
233
256
266
248
211
164
106
53
48
58
47
52
48
35
40
27
-34
-94
-135
-174
-199
-204
-196
-177
-123
-49
4
11
13
11
-12
-52
-97
-128
-137
-123
-89
-32
13
50
97
147
153
136
123
108
110
89
50
21
20
25
35
32
29
39
64
80
60
36
24
19
8
-1
-10
-3
36
89
108
105
106
94
38
-29
-97
-160
-196
-215
-224
-216
-172
-134
-120
-108
-91
-112
-141
-159
-158
-131
-99
-62
6
85
129
158
176
160
134
118
101
75
61
52
61
90
106
109
120
140
147
131
124
121
108
80
43
-1
-25
-36
-58
-78
-92
-107
-114
-107
-98
-91
-86
-75
-43
-30
-44
-68
-93
-115
-145
-152
-140
-134
-122
-85
-52
-16
-15
-26
-29
-20
-26
-54
-65
-52
-27
0
41
90
158
212
257
272
261
218
154
92
19
-41
-67
-53
-26
24
81
131
172
183
153
118
73
24
-6
-44
-81
-100
-110
-130
-132
-137
-176
-222
-249
-248
-226
-196
-162
-139
-105
-64
-21
-12
-25
-37
-38
-26
-2
13
6
25
60
111
132
138
154
176
192
190
172
125
110
119
127
121
123
135
120
107
109
112
76
44
51
81
85
52
24
32
40
8
-39
-80
-128
-172
-207
-259
-319
-311
-257
-210
-152
-87
-38
5
41
43
27
15
-1
-16
3
32
27
46
94
90
47
37
29
-6
-30
-39
-19
11
27
32
52
75
71
49
49
44
6
-28
-34
-25
-34
-23
7
37
42
20
-3
-41
-86
-135
-167
-177
-195
-186
-138
-88
-45
7
40
78
125
79
39
79
84
1
-44
21
52
48
62
76
124
178
155
60
25
1
-8
-35
-94
-147
-118
-54
-55
-52
-55
13
88
87
32
55
66
11
-22
-32
-15
23
45
23
44
61
17
-23
-19
-41
-89
-81
-48
-45
-7
40
2
-26
38
34
-28
-31
-21
-38
-35
7
11
2
42
77
46
62
61
-4
-20
16
-31
-76
-33
-7
13
31
37
13
35
55
15
-37
-41
-21
-25
-30
-5
10
23
55
65
33
9
-7
-40
-37
-26
-52
-77
-34
-9
-35
-17
32
42
39
69
70
71
67
44
36
65
78
40
57
76
43
9
35
18
-24
-19
-12
1
16
7
-24
-10
22
-26
-87
-76
-62
-84
-62
6
19
-2
0
-18
-52
-71
-91
-152
-148
-97
-110
-156
-97
-20
-42
-49
-29
-45
-77
-65
-83
-98
-57
5
-29
-45
37
62
21
22
59
41
71
133
126
105
119
123
90
84
74
47
52
94
129
144
139
122
123
106
64
40
31
20
9
40
45
57
85
42
-26
-67
-77
-110
-142
-162
-156
-112
-91
-112
-52
61
49
3
31
33
-25
-54
-69
-111
-123
-80
-68
-56
-37
-3
1
-17
-19
-49
-93
-63
-18
-74
-97
-16
4
-24
27
35
-12
-21
-17
-38
-16
49
16
-17
78
149
111
102
143
125
120
154
124
92
119
124
104
104
121
81
66
88
87
63
25
-6
-19
-20
-46
-73
-89
-61
-50
-50
-76
-91
-59
-42
-88
-110
-70
-97
-132
-142
-111
-88
-74
-78
-81
-45
-55
-82
-97
-106
-114
-79
-49
-48
-35
16
58
49
66
74
59
25
44
42
7
-29
-36
-2
32
45
53
103
131
125
94
70
65