4
5
7
5
1
5
6
6
-1
-1
0
1
-3
-6
-3
3
7
6
6
2
1
1
-1
0
2
3
7
8
3
-2
-6
-8
-5
-10
-13
-9
-8
-12
-10
-7
-7
-6
-5
-6
-6
-6
-6
-5
-3
-3
-5
-5
-9
-6
-7
-6
-6
-11
-11
-7
-1
-1
3
5
7
6
5
4
0
-4
-8
-5
-5
-3
-2
0
2
7
5
-1
2
5
7
1
2
6
13
13
1
-3
3
2
-8
-10
-9
-1
3
0
0
4
5
2
-1
-4
-4
-2
1
3
3
0
4
4
5
4
1
-1
0
-2
0
-3
-6
-6
-3
2
2
1
-1
5
10
7
3
0
1
3
3
3
4
3
2
2
5
9
6
5
7
5
5
5
2
3
5
-1
1
2
4
5
1
0
3
0
-7
-3
1
3
6
4
4
9
8
-1
-5
-7
-9
-9
-12
-9
-1
5
2
1
8
9
1
0
0
-5
-10
-7
-4
-5
-1
-1
-4
-2
-3
-7
-5
-13
-21
-20
-9
-4
-5
-7
-2
5
6
7
8
2
-3
3
7
5
-3
-8
-5
4
3
-3
-5
-7
-3
4
6
1
-5
-6
-2
1
-3
-4
-9
-2
3
3
0
0
5
9
9
9
13
12
5
5
5
3
5
1
-4
-3
1
1
-3
-6
-9
-9
-6
-2
-1
6
5
7
13
15
7
-1
-1
1
-1
-6
-10
-10
-4
-1
-4
-14
-14
-2
2
1
-2
0
14
24
15
2
5
6
6
3
-6
-9
-4
-2
-2
2
-6
-11
-5
3
7
7
0
2
11
14
4
-7
-8
-1
1
-4
-8
-3
8
13
5
1
5
11
11
-1
-7
1
-2
-11
-10
-6
-4
-1
0
3
9
16
17
11
7
3
-5
-6
-7
-9
-13
-9
4
12
6
-2
-1
-9
-19
-31
-35
-25
-17
-17
1
15
14
10
-12
-28
-18
-17
-33
-38
-34
-28
-18
-10
-13
-15
5
18
12
1
-1
4
13
23
28
13
6
18
11
-24
-55
-57
-52
-41
-45
-34
-15
-17
-37
-66
-52
-42
-41
-27
5
10
24
40
26
12
1
1
-14
-25
3
43
58
64
71
109
151
181
203
216
212
225
224
169
118
101
88
48
19
36
61
79
93
82
54
-9
-75
-81
-92
-159
-198
-195
-190
-166
-162
-190
-204
-181
-154
-143
-151
-169
-164
-129
-91
-97
-147
-233
-268
-280
-280
-195
-108
-5
49
71
150
194
167
134
126
156
171
156
174
246
333
357
295
250
188
146
157
136
75
80
112
129
53
-132
-195
-149
-102
-53
52
186
291
245
145
64
-36
-100
-81
-114
-136
-19
138
135
-13
-129
-181
-258
-314
-311
-295
-261
-215
-150
-134
-113
-73
2
22
-10
4
52
21
-29
-62
-77
-117
-128
-22
90
91
105
132
69
-23
-47
-39
-3
-2
-39
25
74
78
107
163
194
204
158
88
18
-57
-183
-241
-234
-238
-157
-81
-18
59
90
39
-64
-144
-198
-182
-135
-98
47
184
269
318
314
220
126
79
10
-104
-183
-162
-108
-186
-285
-316
-276
-199
-88
47
190
296
371
506
488
388
281
176
73
0
-12
37
-19
-108
-108
-68
-32
-38
-34
-22
39
120
199
156
-51
-277
-394
-418
-433
-491
-432
-241
32
253
311
281
218
179
16
-158
-194
-202
-222
-136
68
243
356
349
363
354
216
64
-62
-115
-139
-188
-134
25
21
6
66
150
215
310
327
206
209
259
188
19
39
126
139
60
63
97
1
15
8
-298
-462
-281
-112
-183
-406
-534
-368
-94
-53
-287
-370
-64
131
44
-182
-308
-271
-114
-5
-161
-173
230
593
610
354
109
59
-257
-744
-3252
-7643
-7652
-2914
-927
-1258
404
3362
8329
12504
10015
4929
4206
4677
3442
890
-3245
-5263
-2767
-1003
-2571
-5102
-6851
-6121
-4596
-5468
-6735
-5278
-1846
2321
5388
6374
6804
7443
7612
6484
3257
-530
-2023
-1656
-1529
-2122
-3086
-3121
-1738
-847
-2014
-3609
-3824
-2464
-434
1071
1798
2886
4746
6097
5599
3409
1251
-182
-1235
-3242
-6148
-7681
-6902
-5770
-5384
-5357
-4831
-2550
822
2882
3779
5367
7679
9918
10956
9828
7756
6149
4225
1445
-1707
-4235
-5224
-5116
-4957
-4308
-3065
-1753
-633
-317
-1298
-2837
-3672
-3361
-2503
-1678
-298
2059
4698
6568
6954
5647
3913
2438
608
-1464
-3238
-4636
-4783
-4556
-6678
-9007
-8213
-6744
-6656
-6383
-5471
-2625
2222
5224
5585
6598
8171
9009
8640
6214
3342
2567
2522
1751
467
-833
-745
172
-315
-1866
-2634
-2507
-1484
-298
538
1731
2787
2782
1759
-187
-2076
-2930
-3821
-4611
-3759
-1853
80
2241
3608
3935
4354
4248
2930
1601
790
229
-51
-66
187
454
249
-542
-1633
-2806
-3924
-5021
-5616
-5115
-3870
-2037
27
1567
-376
-4463
-5167
-4603
-7033
-8905
-8457
-6025
-248
4476
4173
4113
6744
8085
7536
5459
2554
2799
5917
6663
5638
4966
6039
8079
8000
5228
4121
6002
8922
6489
-7245
-20013
-18271
-14158
-20027
-25480
-22895
-12994
2899
14751
12922
9113
15335
22958
20760
12263
4736
2065
5405
9362
4870
-4728
-7014
-3781
-6324
-13728
-19214
-22297
-20175
-11302
-3540
-1502
1622
9763
17494
19569
15660
9251
6043
7906
8800
3772
-2055
-2743
-773
-1031
-4305
-12895
-23749
-25558
-19073
-17514
-20509
-17857
-6701
9122
19938
19261
15132
16596
19269
16479
6837
-4047
-5903
528
3496
371
-2523
-1511
3967
7195
2003
-4557
-2819
4612
11370
12144
714
-12230
-9699
-1943
-9113
-23170
-26573
-17019
-1333
11298
10600
4419
9990
22721
23657
11919
224
-3701
745
7328
5075
-5474
-8076
1106
5521
-2318
-11880
-16146
-14892
-8460
-3109
-4961
-6321
2060
13444
16370
10884
4402
2190
4571
6041
782
-6494
-7051
-559
1423
-6943
-15679
-17192
-16180
-16446
-18317
-18674
-11163
2315
12320
15427
16118
18286
21508
19550
10934
2642
-516
376
2885
1631
-2168
-836
4078
4967
2327
-128
73
3628
9103
5676
-10181
-19063
-10369
-5623
-15771
-24152
-20026
-7317
8027
14864
8948
7339
18274
27016
22111
10099
1158
930
5519
6190
-2619
-12283
-10274
-2415
-4551
-13559
-18348
-17769
-12903
-4683
-491
-1850
600
9852
17115
15718
8787
3354
3390
6293
5278
-1384
-5909
-3339
579
-3465
-15590
-25156
-25457
-22360
-21212
-20274
-15251
-1325
16995
25810
23763
22211
23489
22086
15542
4647
-4388
-3807
1616
3146
1229
729
3819
8579
8311
3702
493
1942
-399
-14187
-25466
-19831
-12797
-17145
-19670
-12656
-2018
10165
18395
14714
11142
17979
24311
19967
11864
6238
4449
5096
4989
-1745
-11234
-13138
-10070
-14043
-21131
-22058
-19854
-16720
-8716
37
3825
7428
14578
20377
20244
15711
10782
8034
6571
2806
-4046
-9986
-13448
-16056
-18282
-21377
-24899
-23796
-17191
-9500
-2963
2607
8670
16989
23545
22866
18478
15133
12431
9261
5115
343
-1402
1163
4659
6648
6399
5867
7137
8965
7151
4212
-3061
-19065
-29019
-22409
-17564
-24437
-27016
-16701
-1113
12751
19326
15284
13041
21292
28621
22310
10388
4581
6240
8534
6809
-2057
-11968
-12642
-7881
-11983
-22504
-26558
-22679
-17053
-11013
-5354
-1618
4027
14382
22279
21087
15671
13554
12923
8123
207
-7648
-13861
-15724
-14572
-16035
-18846
-17217
-10834
-5142
-2200
-309
2545
6793
11902
14315
12216
9780
11234
12904
10837
6820
3780
2901
5144
7901
8407
7443
8905
11748
13244
8853
-8263
-27134
-29567
-22643
-25284
-32180
-28234
-12421
5642
19002
20616
15798
17252
25185
25492
14978
4110
2715
8444
12827
8808
-1673
-7970
-6235
-7651
-18600
-29208
-30965
-25613
-16861
-7698
-1912
2509
11303
21033
21482
12573
4401
2622
3438
711
-5866
-9397
-6066
-931
-873
-6106
-11240
-11240
-7590
-5942
-7484
-7232
-1470
7744
13664
12743
9288
9227
11065
9626
4693
570
2041
7900
12761
13075
12855
14511
16717
12541
-5306
-25457
-30006
-25762
-28012
-32649
-28211
-13976
4155
19035
22116
18065
18749
24133
22885
13200
3187
312
3683
8245
7385
681
-3874
-2553
-3946
-13047
-22804
-26871
-25504
-19875
-11576
-4408
989
8324
17121
19864
13806
5777
1658
-110
-2818
-5971
-6822
-4351
-476
1614
-180
-3765
-5233
-4969
-5660
-6500
-5383
-1878
3694
8957
10621
9581
9689
9930
7701
4119
2373
2632
4401
6462
8375
9532
11260
10999
485
-16189
-23152
-21434
-24976
-31274
-28871
-15993
607
14795
19979
19116
20922
25552
23542
13754
3963
927
2942
4914
3359
-1343
-4614
-3951
-5288
-12814
-20306
-22023
-20007
-16159
-9942
-3649
1395
8362
15107
15338
10378
5631
2862
738
-2765
-6121
-5384
-2325
-674
-467
-1666
-4306
-5195
-5337
-7511
-8419
-4903
158
5499
10313
12444
13238
13980
12278
7938
3911
1739
1585
2721
4229
6647
10215
12268
6237
-8803
-20645
-21965
-23269
-29682
-32308
-23892
-8357
7472
17265
19561
21105
25930
27443
19984
8627
1833
1110
1834
990
-1400
-3413
-2997
-2741
-7078
-14108
-18988
-21058
-20665
-16312
-9027
-1921
4286
11389
17411
18153
14165
9571
4858
343
-2957
-5526
-7406
-6656
-4068
-2485
-2921
-4213
-4617
-4505
-5136
-5606
-3711
558
5753
10046
12487
14083
15623
14315
9085
2747
-1134
-2058
-1674
-2191
-1008
3826
5613
1111
-4558
-8560
-12812
-17412
-21384
-21574
-16161
-6219
2963
9079
13111
16897
18989
17014
10254
3040
-459
-345
-94
-921
-148
2903
4281
1622
-2581
-6597
-10295
-13393
-14690
-13129
-8459
-2727
3107
7624
9122
8756
8291
6102
1357
-3476
-5089
-3879
-3137
-3824
-3916
-2479
-1122
-1242
-3137
-4757
-4119
-1676
538
2669
4845
7443
10476
12685
12267
10228
8232
7038
6288
5358
4290
4179
5607
4773
-2629
-13253
-18675
-19876
-23319
-28172
-27660
-19679
-6645
5918
13163
16393
20622
25044
24259
16958
8079
2212
133
45
-997
-3528
-4289
-1933
-1028
-4987
-10843
-14587
-15765
-14953
-12492
-9328
-5112
1970
10795
16059
14517
10484
8801
7538
3003
-3256
-7406
-7273
-4510
-2548
-3185
-4386
-3930
-2317
-2480
-5082
-7062
-5091
-203
3907
5736
7293
10620
14199
14509
11313
7728
5973
5266
4854
4340
4087
5318
4709
-2696
-13166
-18702
-20805
-24832
-28885
-26673
-17361
-4127
7918
15325
19300
23387
26109
23685
16067
7783
2312
122
-712
-2349
-4535
-4680
-3112
-3886
-8117
-12871
-15860
-17128
-16393
-13102
-8241
-2788
4171
12256
17539
16970
13279
10229
7161
1930
-4159
-8200
-8355
-6169
-4404
-4186
-4313
-3626
-2452
-2733
-4941
-6259
-4113
92
3619
5513
6793
9675
12900
12967
9835
6934
5809
5490
4671
3744
3559
4946
5148
-851
-11167
-17579
-18838
-20901
-24721
-24454
-17004
-5104
6800
14192
16985
19488
22448
21632
15460
7427
1965
336
714
313
-1631
-2860
-2152
-2622
-6652
-12117
-16299
-18368
-17497
-13445
-8221
-3309
2298
9625
15630
16798
13604
8654
4421
1418
-2049
-5752
-7427
-6634
-3526
-456
-541
-2601
-2910
-2265
-2947
-4406
-4911
-3596
88
4140
5960
6835
8591
10748
11814
10117
6885
5381
5684
5492
4246
3467
3725
33
-9051
-16451
-18384
-20498
-24161
-24346
-18590
-8577
3369
12716
16930
19444
22459
22951
18213
10361
3512
-154
-1271
-1528
-2695
-3746
-2789
-1634
-3808
-8394
-12397
-15188
-16576
-15067
-10686
-5562
-351
6314
13221
16865
15134
10643
6673
2908
-2040
-6526
-8699
-8187
-5449
-2418
-894
-459
80
262
-895
-2940
-4290
-3818
-1712
1095
3701
5806
8232
10650
11244
9711
7665
6064
4849
3828
3480
3938
4886
2735
-5427
-14305
-17468
-18462
-22515
-26066
-22623
-12343
-178
9382
14097
16605
20474
23124
19830
12078
5083
1606
934
989
-172
-2102
-1995
-2
-996
-6509
-12109
-14874
-16273
-16160
-13189
-8381
-3081
3823
11350
15916
15519
12833
9485
4767
-1114
-6306
-9349
-9341
-7556
-5578
-3155
-807
918
1468
608
-1246
-2019
-1448
-117
1328
2950
4595
6523
8127
8231
7247
6158
5049
4372
4228
4000
4013
4951
5450
720
-9045
-15804
-16748
-18688
-23458
-24590
-18056
-6744
4272
11171
14532
18264
22353
22347
16767
9166
3313
649
219
-247
-2240
-3573
-1859
-162
-3003
-8337
-11928
-13702
-14979
-14220
-10762
-6043
-864
5856
12793
16270
14864
11932
9151
4086
-3004
-8790
-11460
-10997
-8787
-6812
-4434
-1164
1898
2784
1590
-429
-1191
-342
1028
2014
3325
5415
7804
9185
8454
6710
5348
4266
3098
1952
1742
3085
4925
3887
-3008
-11217
-14255
-14880
-18784
-23045
-21308
-12807
-1884
7207
12004
14830
18677
21261
18655
12074
5106
822
-200
512
334
-1329
-1519
574
421
-4142
-9553
-13134
-15145
-15185
-12531
-8546
-3946
2335
9783
14937
15522
12729
9922
6973
1390
-5388
-9684
-10714
-9670
-7993
-6433
-4119
-1084
1231
1615
541
-513
-36
1344
2238
2763
4072
5959
7422
7441
6087
4862
4480
3917
3084
2781
3391
4472
5413
3086
-4937
-12874
-14708
-14956
-18798
-21812
-18397
-9603
377
8203
11483
13226
16711
19074
16056
9749
4171
1389
877
1243
574
-1246
-1606
-103
-759
-5351
-10271
-13014
-13972
-13327
-10550
-6595
-1784
4441
11252
15393
14789
11443
8706
5729
-294
-7222
-11199
-11554
-9992
-8043
-6583
-4110
-533
2104
2247
1264
617
1227
2528
3578
3975
4797
6656
7968
6964
4546
3305
3214
2550
1541
1751
3050
4519
5444
1929
-6479
-12399
-12715
-13830
-18176
-20038
-15353
-6405
2604
8276
10052
12071
15776
17015
13043
6796
1940
468
1232
1726
13
-1922
-1008
896
-1043
-6457
-11006
-13128
-13504
-12057
-9101
-5477
-274
7225
14253
16818
14482
11264
8866
5190
-2177
-10094
-13503
-12314
-10030
-8020
-6437
-3729
899
4295
3598
835
-304
1010
3118
3728
2871
3427
6958
9422
7810
4131
2507
3062
3075
1266
141
782
3303
5149
280
-8684
-11780
-9856
-11776
-16828
-17857
-12243
-3527
4398
7969
8766
11075
14788
14912
9980
3497
6
14
1096
810
-1196
-2100
-264
915
-2061
-7015
-10655
-12003
-11446
-9327
-6683
-3246
2278
9580
14889
15589
12825
9896
7252
2560
-4271
-10102
-12718
-12060
-9772
-7715
-5813
-2938
320
2188
2244
1333
890
2012
3998
5082
5485
6440
7750
7713
5736
3306
1840
1039
642
1046
1974
2912
4155
2216
-4856
-10751
-11318
-12183
-16134
-18120
-13961
-5738
2476
7633
9437
11429
14720
15684
11696
5669
1305
-56
-216
-595
-1935
-3051
-2091
-363
-1517
-5482
-9007
-10702
-10929
-9532
-6788
-3521
879
7223
13297
15866
14371
11339
8264
4811
-780
-7693
-12069
-12200
-10431
-8615
-7067
-4813
-1271
1328
1556
469
-81
521
2367
3929
4677
5795
8189
9321
8159
5468
3052
1545
680
-331
-391
601
2412
3032
-1454
-8078
-10234
-10024
-13279
-16981
-15896
-9621
-1761
5111
8637
11018
14303
16932
15161
9835
4255
947
-899
-2151
-3129
-4140
-4072
-2420
-1729
-3868
-6798
-8900
-10428
-10697
-8547
-5138
-1375
3796
10310
15380
16562
14490
10987
7072
2109
-4599
-10531
-13026
-12400
-10246
-7790
-5502
-2313
767
1966
1456
721
166
556
1896
3221
4377
6444
8247
8437
7351
5725
3814
2302
1194
718
668
1375
1147
-3528
-9079
-10166
-9975
-13629
-16969
-15036
-8677
-1571
4373
7587
10377
14331
17037
15020
9990
5272
2640
885
-1156
-3175
-4516
-4224
-3110
-3598
-6004
-7750
-8748
-9912
-10210
-8083
-4626
-1031
3458
9131
13797
15372
14476
12022
7905
2910
-2045
-6870
-10593
-11857
-10785
-8460
-5963
-3615
-1645
-185
764
1076
641
452
1523
3341
4848
6119
7098
7516
7450
6741
5035
3338
2416
2264
2205
2261
-248
-6340
-10486
-10080
-10892
-15298
-17642
-14095
-6907
103
4759
6842
9924
14750
16962
13646
8317
4647
3182
1763
-558
-3181
-4436
-3538
-2375
-3776
-6778
-8415
-8798
-9521
-9850
-8248
-5092
-1243
3447
8615
12408
14032
13839
11633
7628
2921
-1543
-5704
-9189
-10554
-9330
-7070
-4942
-2880
-1062
-106
350
388
-265
-660
357
2214
4305
6104
7415
8157
8471
7727
6103
4269
2930
1847
1799
1260
-3549
-9445
-10246
-8636
-11369
-15884
-15734
-10244
-3561
1874
4290
6096
10124
14666
14704
10123
5228
3148
2667
1484
-1072
-3592
-3702
-1706
-1247
-3954
-6805
-7788
-7990
-8175
-7752
-6714
-4556
-475
4534
8047
9672
10817
11435
9672
6207
2217
-2567
-6509
-8071
-8441
-7885
-6023
-3772
-1175
1615
3040
2294
1190
781
886
845
620
1134
2892
4554
5759
6387
6215
5840
6058
5369
3949
1480
-3948
-9089
-9845
-9565
-12211
-14481
-12514
-6759
-462
4023
5544
6734
9477
11966
10478
5822
1618
200
471
506
-1036
-2718
-2084
-109
-513
-3538
-6309
-7636
-7850
-7000
-5602
-4281
-2147
1774
6087
8211
8017
7371
6890
5481
2537
-1248
-4265
-5612
-5758
-5432
-4718
-3368
-1290
965
2282
2506
2246
1855
1494
1362
1349
1267
1457
2418
3817
4568
4703
4770
4965
4452
3915
2327
-3121
-9091
-10056
-8728
-10654
-13562
-12282
-6528
253
5429
7309
8261
10743
13394
12328
7551
2060
-1088
-1760
-2299
-4229
-6099
-5485
-2904
-1505
-2725
-4738
-5870
-5868
-5126
-4204
-3414
-1787
1654
5800
8499
8886
8022
6464
4289
1691
-1655
-5427
-7687
-7629
-6182
-4542
-3097
-1296
1111
3290
4226
3856
2832
2413
3047
3394
2357
1510
2447
4052
4975
4735
4092
4115
4649
3823
-1487
-8655
-11352
-10197
-11222
-14124
-14003
-9366
-2740
3487
6658
7546
9736
13328
14434
11496
6869
3273
1554
386
-1674
-4851
-7010
-6396
-4992
-5578
-7113
-7649
-7102
-5911
-4110
-2397
-915
1285
4692
7890
9190
8242
6980
5607
2883
-731
-4285
-6925
-7668
-7026
-6019
-4570
-2533
-61
2157
3594
3712
3503
4003
4915
5047
4300
3491
3473
3620
3521
3213
2858
2484
2949
3522
-208
-6777
-9589
-8728
-10091
-13624
-14425
-10705
-4742
1417
5168
6613
8652
12078
13527
11280
7233
3880
2501
2093
694
-2241
-4539
-4657
-4284
-5707
-7936
-9220
-9130
-7561
-4828
-2386
-645
2026
5924
8647
8718
7427
6021
4319
1498
-2004
-4946
-6726
-7172
-6408
-5377
-4247
-2241
210
1960
2625
3148
3767
4819
5772
6061
5553
5464
5537
5034
3723
2501
1871
1595
1437
-1479
-7065
-10027
-8979
-9091
-11780
-12755
-9658
-4254
1321
4545
5309
6998
10433
12196
9942
6086
3458
2688
2302
1174
-857
-2405
-2568
-2338
-3824
-6560
-8700
-9341
-8609
-6776
-4503
-2054
1312
5496
8731
9550
8569
7339
5542
2586
-1441
-5088
-6995
-7219
-6974
-6662
-5943
-3875
-1239
472
1133
2049
3413
4828
6107
6836
6685
6622
7002
6928
6025
4823
3708
2989
2005
-2373
-8470
-11249
-10733
-11686
-13816
-13448
-9360
-3456
2311
5479
6652
8596
11219
11429
8535
4884
2163
957
544
-215
-1692
-2492
-1938
-1587
-2828
-4819
-6518
-7509
-7377
-6007
-4265
-2348
574
4166
7154
8455
8136
6938
4288
1309
-1189
-3499
-5636
-6581
-6238
-4960
-3641
-2629
-1985
-1343
-489
761
2131
3147
4410
6048
7662
8333
8150
7468
6906
6309
5257
3658
-573
-6544
-9544
-9118
-10128
-13059
-13914
-10977
-5825
-620
2192
3472
6017
9685
11623
10361
7289
4511
3282
2288
131
-2782
-4513
-4496
-4277
-5145
-6260
-6697
-6376
-5162
-3010
-1018
484
2423
5172
7147
7181
5987
5102
3716
1583
-1081
-3865
-5533
-5743
-5759
-5918
-5462
-4104
-2308
-983
-184
511
1846
3458
5000
5509
5313
5638
6511
6865
6318
5760
5527
5954
4033
-2077
-7428
-8488
-8958
-11677
-13516
-12018
-7530
-1698
2900
4484
5677
8262
10685
10045
6851
3318
1475
1076
342
-1723
-3569
-3756
-3379
-4274
-6032
-7519
-8404
-8149
-6187
-3588
-1091
2058
6191
9563
10865
10279
8880
6186
2875
-668
-4400
-7174
-7874
-7047
-6024
-5265
-4235
-2278
-541
-204
-533
295
2112
4088
5090
5714
6223
6784
7060
6368
4716
3264
3331
1784
-3250
-7316
-7544
-7391
-9259
-10890
-9919
-6125
-903
2911
4490
6060
8543
10684
10617
8020
4023
1335
303
-966
-3393
-5414
-5748
-5215
-5049
-5346
-6031
-6690
-6409
-5062
-3235
-1573
344
3006
6323
8895
9427
8514
7217
5510
2443
-1021
-4049
-6084
-6643
-6033
-5282
-4360
-3142
-1592
-78
973
1383
2119
3120
3932
4501
5184
5800
6175
6289
6357
5506
1507
-4234
-7517
-8181
-9547
-11557
-11750
-8885
-3695
1551
4201
4987
6122
8049
9168
8379
5723
3412
3141
3590
2668
228
-2081
-3402
-4551
-6347
-8427
-10023
-10307
-8752
-5829
-2846
-549
1743
4495
6903
7019
5396
4003
2789
1648
870
134
-673
-633
261
880
290
-939
-1888
-2190
-2590
-2705
-2220
-947
1104
3548
5540
6551
6981
6990
6698
4151
-1346
-6151
-7378
-7489
-8592
-9308
-7814
-4341
-3
2794
3073
2705
3337
4774
5449
4540
3122
3130
4264
4575
3326
1471
-153
-1555
-3153
-4905
-6598
-7722
-7585
-6099
-4084
-2195
-541
842
1911
2563
2308
1272
-148
-1101
-862
-68
642
1335
2246
3007
3244
2574
1317
186
-252
-59
249
378
850
2130
3658
4466
4301
4145
3795
1693
-2177
-5544
-7154
-7941
-8521
-8358
-6562
-3098
784
3369
4413
4802
5224
5441
5028
3363
1617
1049
1178
879
150
-499
-1069
-1790
-2596
-3428
-4363
-5144
-4975
-3802
-2293
-845
553
1992
2866
3149
2782
1701
251
-988
-1593
-1797
-2038
-1822
-799
450
1183
1608
1909
2218
2504
2436
2134
1743
1847
2462
2993
3069
3250
3031
1483
-954
-2871
-4319
-5865
-7370
-7951
-6816
-4064
-1069
1233
3318
5465
7187
7810
6870
4561
2184
485
-1039
-2877
-4168
-4294
-3568
-2833
-2378
-2422
-2797
-3062
-3143
-3262
-3109
-2309
-860
816
2414
3842
4798
4831
4127
3296
2284
749
-1051
-2242
-2398
-2129
-2040
-1759
-494
1081
2061
2466
2876
3388
3842
4101
3965
3266
1535
-576
-2534
-4464
-6322
-7296
-7280
-6321
-4468
-1808
811
2764
3873
4540
5066
4884
3799
2640
2241
2177
2229
2230
1962
1309
317
-1136
-3232
-5619
-7627
-8914
-9160
-8191
-6115
-3473
-519
2433
4781
5988
6131
5027
2979
1041
-216
-764
-879
-639
146
1862
3506
4079
3562
2504
1484
397
-622
-1381
-1424
-323
1939
3945
4084
2860
1438
-211
-2680
-5774
-8747
-9926
-8487
-5556
-2698
181
3064
5727
7325
7266
5396
2833
837
-288
-929
-1532
-1449
-504
746
1522
1157
-247
-1724
-2674
-3432
-4378
-5214
-4736
-2890
-830
543
1434
2103
2565
2272
1273
-223
-1361
-1466
-689
305
1305
2643
4060
4810
4371
3396
2497
1798
1181
868
699
-8
-776
-1272
-1941
-3127
-4166
-4697
-4403
-3166
-1616
-199
1244
2490
3382
3750
3281
2160
905
-293
-1131
-1378
-1506
-1834
-1998
-1657
-1318
-1781
-2492
-2642
-2108
-1458
-597
60
352
1153
2149
2517
2020
1323
822
925
1000
412
-483
-741
-498
-159
-149
-67
176
685
1317
1864
2191
2452
3015
3637
3366
1982
328
-1050
-2574
-4151
-5304
-5806
-5448
-4077
-2065
-219
1283
2500
3662
4338
4115
3241
2441
1659
894
226
-277
-790
-1367
-1927
-2588
-3177
-3923
-4439
-4471
-4029
-3477
-2580
-1081
358
1413
2222
2868
3097
3017
2838
2620
2065
1554
1273
1247
1110
1060
892
715
484
412
427
498
706
1184
1789
1555
680
-99
-728
-1731
-2798
-3677
-4185
-3850
-2745
-1395
-117
1038
2239
3262
3505
2712
1424
25
-1469
-2482
-2918
-2679
-2148
-1291
-327
783
1454
1250
543
-159
-789
-1338
-1752
-2091
-1846
-1105
-39
717
855
639
685
656
360
-209
-371
163
1394
2629
3352
3719
4078
4330
3999
3185
2104
1206
32
-1576
-3122
-4340
-5109
-5410
-5294
-4574
-3169
-1361
486
2238
3493
4146
4518
4345
3588
2421
1298
46
-1075
-1794
-2156
-2348
-2572
-2649
-2860
-3383
-3806
-3902
-3837
-3443
-2603
-1395
148
1979
3381
3880
3938
3664
3216
2239
763
-769
-1322
-1172
-661
-71
788
1698
2518
2946
2960
2389
1653
1303
1204
1332
986
238
-640
-1137
-1648
-2375
-3474
-4848
-4968
-3561
-1881
-837
135
1397
3051
4346
4344
3104
1767
920
561
-112
-1342
-2250
-2260
-1716
-1389
-1730
-2334
-2343
-1697
-1247
-1432
-1740
-1437
-622
-32
-2
-318
-402
-18
548
683
445
465
1080
1870
2286
2238
2230
2562
3031
3264
2968
2535
2496
2662
2362
1150
-458
-1743
-2535
-3211
-4082
-4799
-4668
-3500
-2041
-814
453
1821
3077
3884
4057
3367
2075
708
-562
-1827
-3005
-3682
-3650
-3069
-2268
-1495
-786
-237
113
23
-267
-416
-586
-621
-372
140
600
1097
1573
1775
1595
1107
299
-560
-1233
-1551
-1508
-1035
-130
1025
2149
3144
3937
4271
4047
2949
1391
-74
-1362
-2387
-2895
-2984
-2656
-1666
-385
576
1151
1511
1716
1616
1270
770
206
-416
-841
-848
-663
-693
-870
-1138
-1391
-1583
-1880
-2376
-2704
-2439
-1655
-843
-362
67
623
1111
1213
856
323
-4
15
136
91
-114
-25
597
1208
1339
1253
1400
1585
1611
1481
1329
1110
1057
1130
863
100
-704
-1237
-1606
-1951
-2338
-2256
-1487
-337
650
1529
2188
2588
2680
2489
1845
847
-160
-722
-964
-1269
-1659
-1920
-2122
-2311
-2500
-2599
-2609
-2525
-2041
-1059
-91
404
751
1124
1174
805
405
108
-90
15
609
1237
1588
1940
2518
2766
2309
1566
916
503
231
231
369
86
-561
-970
-1147
-1713
-2637
-3306
-3198
-2360
-1239
-1
1282
2511
3670
4616
4780
3845
2333
1036
-102
-1398
-2668
-3224
-2896
-2240
-1726
-1331
-1077
-916
-882
-1058
-1433
-1696
-1574
-1177
-620
-86
326
581
807
865
604
70
-403
-643
-581
-402
-109
327
1100
2142
3049
3661
4011
4287
4091
3135
1554
-252
-1894
-3155
-3986
-4415
-4179
-3213
-1830
-521
530
1200
1547
1605
1542
1226
740
279
201
330
381
345
345
315
192
-58
-517
-988
-1382
-1544
-1510
-1291
-1083
-839
-534
-286
-245
-301
-348
-408
-452
-454
-318
-194
-67
62
339
636
1033
1493
1860
2057
2184
2085
1544
658
-440
-1400
-1980
-2086
-1970
-1611
-855
322
1563
2362
2591
2407
2069
1571
806
-197
-1088
-1628
-1828
-1819
-1681
-1647
-1617
-1342
-797
-413
-257
-66
268
673
903
950
766
583
480
505
335
-55
-259
-68
316
340
-30
-342
-394
-511
-937
-1434
-1656
-1350
-585
309
958
1445
1883
2029
1608
706
-346
-1149
-1470
-1436
-1184
-694
152
1135
1933
2111
1764
1253
744
127
-614
-1193
-1386
-1115
-542
-20
240
296
369
323
-74
-702
-1142
-1268
-1133
-795
-371
39
353
656
887
876
582
207
8
-45
-98
-190
-251
-244
-202
-135
-193
-296
-691
-1016
-1032
-519
-38
219
430
868
1448
1625
1318
698
243
84
134
71
24
91
363
571
611
248
-230
-615
-892
-1157
-1275
-1104
-706
-169
325
705
826
682
362
-52
-496
-831
-910
-804
-570
-280
-9
106
72
-37
-82
-59
51
286
757
1354
1908
2219
2383
2293
1897
1140
-234
-1767
-3079
-3874
-4334
-4299
-3894
-2935
-1549
-36
1182
1952
2350
2714
3035
3068
2886
2571
2184
1817
1531
901
-79
-1141
-1967
-2507
-2759
-2861
-2832
-2397
-1457
-306
583
1151
1475
1744
2011
2014
1636
1105
769
517
166
-390
-1133
-1862
-2290
-2388
-2472
-2448
-1990
-1037
-8
847
1517
2034
2343
2344
2082
1588
986
405
-17
-334
-746
-1131
-1296
-1337
-1445
-1579
-1550
-1310
-908
-368
312
977
1569
2156
2566
2584
2235
1716
1124
500
-205
-962
-1421
-1486
-1414
-1383
-1281
-1107
-929
-779
-609
-365
-47
387
922
1345
1554
1670
1555
1003
206
-442
-877
-1300
-1618
-1606
-1329
-1049
-727
-362
-196
-306
-384
-268
-202
-207
-95
274
873
1516
1955
2060
1936
1713
1348
710
-198
-1029
-1366
-1266
-1117
-999
-640
-57
429
621
545
248
-98
-326
-399
-502
-548
-338
94
487
661
659
555
390
134
-191
-583
-910
-928
-632
-247
45
312
658
985
1134
943
518
63
-283
-621
-965
-1177
-1159
-985
-753
-571
-526
-504
-444
-488
-664
-815
-803
-528
-97
342
775
1270
1750
1994
1880
1514
1085
670
241
-180
-529
-645
-461
-120
64
58
79
124
10
-293
-548
-627
-452
-83
314
645
918
1085
1033
745
217
-447
-987
-1213
-1263
-1285
-1142
-651
-24
398
548
539
497
429
258
-104
-529
-723
-533
-285
-223
-133
177
490
547
364
49
-306
-676
-918
-1046
-1058
-840
-371
185
652
976
1085
993
783
514
214
-92
-257
-88
290
627
868
1061
1169
1151
940
506
-69
-517
-672
-660
-651
-613
-325
68
292
242
-4
-338
-649
-879
-1059
-1116
-984
-619
-216
64
130
13
-191
-443
-652
-768
-666
-302
296
988
1565
1895
1955
1760
1288
566
-209
-849
-1235
-1362
-1304
-1088
-820
-592
-463
-448
-579
-783
-855
-686
-292
241
831
1378
1824
2056
1971
1620
1132
609
185
7
35
133
288
475
535
328
-95
-600
-1122
-1540
-1708
-1613
-1328
-867
-333
100
368
396
163
-219
-592
-886
-1037
-943
-646
-158
460
1060
1416
1456
1259
914
502
54
-368
-638
-636
-414
-138
52
169
287
323
133
-184
-418
-515
-546
-458
-252
-26
192
408
568
577
474
423
532
673
694
701
849
983
877
578
254
-77
-362
-591
-800
-983
-1011
-878
-776
-804
-912
-959
-935
-874
-847
-776
-516
-48
457
829
998
1024
995
863
574
128
-247
-424
-428
-382
-348
-302
-204
-88
-94
-212
-304
-237
-70
122
327
598
912
1137
1172
1036
828
564
285
52
-123
-209
-122
58
104
-31
-157
-197
-332
-624
-845
-769
-485
-160
113
322
433
436
252
-236
-866
-1316
-1407
-1294
-1063
-691
-133
450
813
851
610
251
-67
-247
-364
-422
-298
85
542
802
800
708
613
510
389
276
236
345
591
800
797
554
271
8
-358
-800
-1101
-1133
-948
-602
-133
354
736
990
1101
990
670
222
-178
-456
-656
-794
-800
-692
-637
-636
-647
-660
-688
-656
-538
-323
10
403
755
943
926
786
570
158
-432
-932
-1158
-1219
-1231
-1077
-668
-183
265
694
1042
1221
1301
1326
1228
1003
757
600
487
341
198
152
152
72
-125
-341
-504
-655
-830
-980
-1014
-881
-568
-154
151
317
493
677
693
456
150
-2
-40
-83
-174
-256
-304
-313
-304
-356
-512
-608
-489
-276
-140
-76
64
245
316
236
111
-23
-107
-57
48
63
89
255
392
317
61
-194
-376
-507
-553
-460
-210
229
742
1109
1246
1214
1075
791
350
-143
-495
-591
-474
-283
-106
95
331
456
314
-36
-352
-580
-801
-952
-924
-722
-419
-91
150
266
289
250
132
-64
-263
-382
-396
-309
-170
-56
32
158
273
266
172
100
82
37
-22
-67
-54
54
250
455
527
491
488
504
365
62
-221
-416
-516
-528
-517
-504
-429
-297
-172
-65
49
155
254
375
502
643
746
755
701
673
625
472
249
28
-168
-344
-486
-609
-721
-795
-805
-791
-833
-866
-778
-656
-563
-443
-220
-4
154
292
404
444
442
461
435
346
311
427
538
573
598
607
508
354
240
116
-61
-190
-157
-48
-34
-132
-207
-246
-337
-447
-496
-506
-466
-298
-26
146
134
108
139
82
-119
-302
-333
-201
60
377
656
877
1073
1155
1021
688
254
-170
-512
-740
-897
-983
-962
-829
-659
-564
-548
-551
-534
-469
-347
-207
-57
149
442
757
932
915
808
713
591
366
69
-139
-163
-81
-34
-50
-53
-6
16
-33
-107
-170
-211
-215
-161
-131
-156
-188
-175
-97
-37
-51
-61
17
121
168
125
39
4
25
37
5
-19
19
116
220
260
240
196
175
143
37
-87
-170
-213
-203
-152
-115
-118
-146
-134
-122
-171
-265
-292
-213
-89
49
187
308
367
398
400
316
146
-10
-91
-146
-224
-286
-251
-140
-27
49
145
254
325
332
253
124
3
-120
-299
-459
-495
-420
-323
-250
-167
-51
86
156
120
37
17
71
157
195
169
188
292
350
227
19
-147
-237
-285
-306
-322
-268
-91
141
310
385
424
445
425
346
259
187
151
168
180
102
-61
-218
-333
-465
-622
-697
-616
-421
-206
-2
160
245
284
302
245
81
-50
-38
49
83
73
59
37
-27
-152
-358
-619
-772
-715
-538
-352
-105
229
599
890
1013
936
701
384
94
-134
-333
-477
-482
-319
-104
46
87
45
-48
-144
-228
-280
-246
-78
192
484
715
825
822
683
396
4
-375
-646
-777
-794
-705
-499
-218
47
207
229
165
71
-52
-158
-210
-203
-108
55
201
280
310
291
190
19
-161
-270
-308
-320
-265
-123
23
113
174
181
122
38
-34
-103
-149
-115
2
168
309
380
374
344
279
156
6
-110
-153
-133
-59
-3
-20
-72
-84
-92
-208
-362
-366
-208
-12
144
291
419
483
447
306
40
-286
-508
-570
-564
-531
-388
-91
224
422
492
472
363
203
49
-122
-305
-385
-269
-69
50
95
183
284
308
210
45
-95
-159
-144
-140
-166
-174
-109
-31
-22
-91
-174
-170
-85
2
58
123
248
397
493
482
401
344
332
268
95
-87
-171
-224
-334
-475
-585
-624
-608
-563
-504
-425
-288
-64
155
269
310
369
441
417
289
159
93
51
10
-13
-16
23
66
86
88
81
67
30
-6
-21
-6
8
-35
-104
-114
-95
-142
-245
-300
-266
-158
-24
71
131
231
355
384
260
72
-44
-78
-93
-104
-56
50
177
280
313
227
76
-50
-144
-267
-408
-461
-394
-287
-206
-140
-88
-52
-41
-49
-101
-159
-141
-35
112
232
341
454
541
564
496
398
306
213
148
88
3
-76
-101
-137
-229
-317
-329
-283
-260
-255
-215
-147
-102
-89
-104
-144
-162
-104
20
129
198
316
452
479
357
166
-15
-186
-368
-496
-526
-457
-316
-127
49
149
198
247
263
199
123
105
150
195
218
217
200
142
51
-86
-259
-394
-423
-382
-348
-267
-94
95
183
186
176
184
156
82
7
-23
13
48
35
9
17
78
113
82
27
-2
5
-4
-69
-160
-197
-152
-63
13
64
119
183
191
112
-29
-165
-244
-267
-268
-233
-107
63
207
286
299
246
146
20
-84
-143
-161
-98
47
221
353
424
415
325
172
-24
-226
-402
-497
-485
-418
-348
-259
-141
-46
-27
-63
-84
-68
-19
69
173
284
390
466
467
370
237
123
10
-114
-184
-147
-78
-51
-53
-72
-112
-188
-292
-390
-425
-362
-232
-90
47
198
318
348
298
202
99
15
-43
-57
-20
55
146
217
238
184
69
-62
-167
-246
-287
-271
-216
-116
21
117
118
83
63
50
-8
-76
-92
-49
-4
15
26
51
86
82
61
26
-1
-15
1
23
15
10
32
66
71
35
-2
-10
-21
-42
-57
-51
-48
-37
-9
16
36
70
88
94
104
110
101
60
-13
-106
-157
-188
-239
-281
-242
-138
-23
73
129
147
132
114
65
-34
-150
-203
-146
-59
-12
25
115
234
329
351
312
263
231
183
52
-101
-207
-266
-313
-360
-377
-338
-249
-175
-149
-142
-125
-95
-71
-40
3
74
190
338
434
444
415
403
357
228
65
-38
-61
-87
-130
-166
-158
-158
-168
-179
-194
-217
-206
-153
-95
-29
24
80
147
203
218
202
171
141
82
24
-21
-85
-176
-245
-250
-240
-251
-217
-112
-2
87
177
254
271
219
137
55
-51
-153
-191
-171
-138
-111
-66
-11
16
19
11
-3
5
57
136
207
276
335
352
306
205
94
-40
-191
-311
-346
-316
-274
-223
-152
-71
-19
5
-8
-38
-29
31
120
198
260
342
426
427
330
192
66
-56
-166
-237
-278
-281
-228
-135
-87
-107
-147
-165
-180
-221
-263
-244
-150
-35
73
177
261
327
394
426
401
343
284
214
116
-37
-190
-307
-416
-511
-538
-472
-372
-263
-155
-31
97
163
152
102
54
13
2
5
21
93
193
269
282
251
184
72
-68
-196
-266
-262
-196
-81
70
214
315
350
291
173
44
-89
-216
-290
-254
-145
-31
59
159
235
217
115
-30
-161
-248
-275
-263
-216
-101
77
242
309
299
278
237
157
34
-102
-168
-140
-95
-106
-139
-156
-156
-197
-275
-339
-354
-303
-205
-81
47
203
354
464
500
467
412
349
269
186
88
8
-29
-25
-43
-104
-177
-230
-259
-271
-271
-259
-199
-85
54
127
150
166
190
185
130
45
-18
-29
-3
8
-22
-77
-103
-131
-180
-249
-317
-331
-278
-179
-103
-38
52
173
257
282
271
248
204
139
66
1
-51
-74
-57
-35
-17
-23
-37
-54
-57
-43
-18
31
115
218
281
283
255
210
140
37
-94
-198
-236
-223
-189
-157
-124
-79
-38
-29
-63
-111
-120
-111
-86
-46
14
59
126
173
159
106
33
-52
-141
-187
-224
-238
-220
-167
-78
11
51
60
69
66
36
7
8
52
145
248
354
452
502
471
362
202
37
-120
-276
-397
-440
-377
-233
-93
4
82
153
194
168
85
-6
-44
-29
7
28
48
95
140
132
49
-72
-170
-237
-301
-335
-328
-256
-161
-74
-10
45
73
72
62
66
72
57
60
107
168
179
162
130
93
41
-27
-102
-160
-191
-197
-188
-173
-150
-108
-54
-13
29
97
170
220
251
282
307
281
209
133
59
-22
-118
-207
-272
-296
-273
-231
-192
-151
-86
4
92
116
116
141
164
133
58
2
-21
-40
-59
-48
-40
-31
21
60
32
-48
-98
-80
-67
-69
-57
24
146
246
279
230
139
37
-77
-233
-393
-468
-425
-330
-225
-95
46
187
278
306
285
227
189
173
147
119
111
111
91
34
-20
-65
-142
-231
-246
-194
-140
-100
-38
15
54
70
51
-8
-89
-142
-133
-88
-49
6
80
157
201
186
137
95
67
51
54
78
122
172
206
192
120
26
-65
-166
-273
-346
-360
-312
-241
-163
-79
7
90
136
157
171
201
240
279
310
318
321
286
210
96
-52
-217
-348
-419
-455
-465
-410
-312
-209
-119
-58
-18
6
15
10
17
40
89
152
215
258
280
269
218
125
9
-101
-181
-238
-239
-183
-110
-23
83
184
227
211
163
120
66
10
-51
-94
-95
-70
-44
-34
-39
-30
-10
-34
-87
-117
-102
-45
20
58
103
191
276
300
240
144
79
22
-97
-247
-354
-392
-386
-381
-359
-308
-217
-103
-7
39
78
123
161
174
153
146
161
167
158
144
132
110
71
1
-70
-123
-172
-187
-176
-123
-36
56
121
174
201
205
192
140
71
9
-20
-29
-35
-30
1
15
4
-9
-26
-45
-71
-102
-119
-92
-46
-11
21
58
86
75
46
20
11
7
-22
-47
-39
-16
-34
-72
-120
-149
-152
-159
-178
-172
-120
-52
13
62
106
147
197
235
240
250
270
272
251
227
193
153
108
39
-45
-109
-153
-198
-210
-181
-141
-97
-52
8
63
94
81
40
-3
-49
-76
-95
-111
-120
-127
-132
-133
-151
-189
-193
-146
-94
-47
18
110
195
238
227
191
141
84
14
-68
-127
-143
-124
-94
-74
-68
-49
-11
2
-7
-21
-3
61
131
173
186
226
254
273
209
130
34
-31
-73
-117
-109
-143
-115
-114
-81
-62
-87
-119
-113
-112
-83
-77
-76
-30
16
40
17
-8
-44
-48
-73
-76
-87
-44
-7
34
63
71
70
60
24
-17
-18
-11
-9
-16
1
16
16
-9
-31
-41
-52
-52
-25
3
29
96
166
199
207
210
194
157
88
1
-64
-96
-103
-116
-113
-101
-70
-42
-43
-57
-80
-84
-79
-57
-44
-19
40
96
124
129
124
90
40
-31
-109
-161
-183
-172
-127
-56
27
111
154
155
134
92
42
-22
-68
-63
-8
57
108
141
145
139
112
42
-73
-165
-189
-169
-140
-103
-47
39
131
166
171
172
163
123
59
-22
-90
-119
-136
-176
-200
-161
-88
-48
-43
-34
2
48
70
73
94
133
148
131
97
53
5
-46
-109
-168
-186
-176
-160
-135
-108
-60
0
43
49
62
86
110
134
139
154
191
209
205
187
131
54
-6
-61
-122
-185
-217
-202
-152
-109
-98
-83
-56
-24
-30
-60
-80
-82
-52
-13
24
61
105
132
137
101
36
-8
-23
-50
-82
-106
-94
-56
-53
-73
-85
-84
-83
-93
-103
-96
-70
-7
61
98
122
139
143
147
120
58
11
12
26
15
-1
0
37
68
58
26
9
18
47
51
25
22
44
57
22
-32
-78
-121
-146
-143
-119
-77
-9
68
120
152
160
145
117
79
51
50
65
67
61
81
86
56
3
-67
-116
-145
-156
-158
-142
-116
-87
-53
-22
-11
-12
-20
-21
-3
19
38
50
69
100
115
119
105
78
43
2
-47
-83
-99
-110
-108
-119
-118
-124
-121
-118
-104
-71
-28
35
82
127
154
165
161
148
118
86
53
31
22
-10
-43
-54
-50
-50
-48
-38
-39
-26
-8
-17
-36
-41
-36
-36
-47
-45
-15
12
12
11
27
33
2
-28
-28
-28
-19
-8
5
17
22
20
-14
-58
-86
-97
-127
-159
-155
-104
-37
-9
-10
-1
30
31
4
-41
-55
-28
13
48
85
139
211
257
249
212
168
118
62
6
-34
-37
-19
10
11
7
1
-11
-49
-103
-134
-147
-127
-103
-69
-9
47
85
104
101
93
60
17
-30
-64
-85
-86
-74
-58
-32
-9
18
37
27
8
-5
-5
-9
-17
-25
-22
11
32
48
44
39
39
42
40
27
25
23
22
19
8
-4
-12
-16
-9
-1
4
14
10
3
7
6
2
16
35
48
47
30
27
40
26
2
-17
-24
-20
-25
-43
-54
-58
-69
-74
-79
-80
-74
-61
-35
-8
-2
5
20
33
36
28
32
20
32
37
33
23
9
-7
-25
-29
-39
-44
-51
-49
-52
-37
-16
19
44
61
66
74
77
43
0
-37
-80
-118
-123
-107
-77
-41
-4
30
65
81
76
74
70
70
76
71
64
65
61
42
-1
-43
-76
-93
-100
-116
-90
-46
15
35
26
26
25
24
-10
-31
-30
-18
11
41
45
46
54
57
32
-16
-62
-81
-77
-97
-115
-100
-61
-23
-18
-29
-37
-44
-61
-67
-68
-55
-22
22
74
102
124
130
114
81
29
-29
-61
-77
-73
-59
-30
8
45
70
69
62
37
18
17
17
28
46
87
130
149
134
119
87
47
-8
-66
-99
-109
-108
-95
-73
-54
-25
0
19
20
23
14
-8
-44
-60
-56
-51
-54
-53
-33
-6
20
20
23
34
52
67
61
54
61
70
61
37
30
45
45
25
12
-4
-37
-63
-89
-108
-115
-97
-72
-44
-5
30
58
74
72
71
69
60
45
36
36
43
39
31
19
-3
-18
-34
-40
-44
-48
-65
-62
-40
-22
-26
-37
-47
-43
-33
-49
-65
-77
-59
-32
-16
-16
-7
15
45
66
70
61
52
52
46
31
12
8
-7
-8
-18
-42
-62
-63
-69
-99
-128
-118
-80
-43
-13
14
63
110
112
104
83
46
21
9
8
1
14
40
79
91
68
42
22
-3
-29
-19
-20
-14
-1
21
45
40
20
-5
-16
-36
-50
-41
-45
-42
-30
-4
19
28
34
35
24
9
-7
-16
-24
-33
-42
-47
-35
-14
-14
-18
-25
-26
-12
-17
-32
-35
-21
-18
-17
-24
-27
-11
2
25
45
65
87
90
70
48
47
47
40
28
36
68
75
64
42
18
8
-4
-10
-13
-3
19
31
27
2
-28
-46
-58
-88
-130
-151
-143
-122
-120
-104
-84
-52
-18
-2
22
43
59
56
32
12
4
-3
-10
-44
-65
-59
-52
-52
-45
-32
-8
27
51
62
80
83
71
47
19
9
7
24
34
43
60
73
68
45
24
-10
-19
-22
-17
-12
8
30
46
57
40
22
-5
-30
-47
-67
-76
-65
-37
-7
0
-1
-9
-15
-23
-35
-51
-56
-44
-28
-6
18
46
66
79
67
54
51
33
13
3
-6
-2
9
18
10
8
-2
-15
-21
-33
-26
-13
11
36
74
101
104
98
93
87
62
12
-21
-32
-48
-67
-79
-84
-75
-71
-73
-77
-93
-90
-68
-39
-23
-6
25
61
87
87
80
70
58
37
15
1
0
4
-4
-20
-27
-23
-28
-21
-9
-5
-1
5
13
20
28
39
37
29
18
10
-2
-8
-32
-53
-55
-53
-33
-25
-1
30
60
57
42
42
13
-32
-86
-121
-135
-132
-144
-138
-107
-54
-7
0
19
21
32
43
39
34
48
54
63
73
73
69
54
35
12
-2
-26
-42
-64
-61
-32
-32
-37
-33
-11
6
10
7
-8
-8
-20
-28
-28
-22
-1
9
20
34
56
77
87
74
45
43
45
31
9
-10
6
15
2
-28
-37
-23
-12
-11
-24
-26
2
20
26
33
36
50
53
31
-10
-28
-14
-5
-14
-21
-19
-3
-7
-15
-20
-21
-20
-21
-26
-22
-27
-40
-33
-36
-34
-39
-41
-38
-8
3
1
19
29
43
57
63
63
57
32
11
-4
-11
-22
-18
-7
-3
4
21
21
-4
0
10
0
-17
-21
-4
21
40
52
57
57
61
60
44
29
8
-11
-14
-19
-34
-31
-20
-27
-32
-45
-64
-64
-63
-63
-70
-56
-39
-22
-9
-16
-22
-19
-4
-21
-27
-27
-13
10
28
34
20
31
40
42
21
5
13
21
20
7
-6
-1
14
22
29
41
58
53
42
27
15
2
-20
-45
-52
-44
-30
-7
15
26
38
64
73
76
71
58
39
10
-19
-58
-83
-97
-100
-88
-70
-47
-15
14
32
58
82
84
80
81
91
80
59
38
23
14
-8
-34
-67
-77
-85
-85
-85
-92
-90
-71
-38
-16
6
23
48
69
75
60
50
25
-11
-38
-55
-54
-35
-22
-17
-1
22
31
10
-18
-39
-45
-52
-59
-38
-12
0
2
4
9
7
4
-7
-14
2
25
41
52
62
74
73
61
17
-13
-27
-48
-56
-62
-68
-57
-36
-28
-28
-24
-26
-32
-30
-31
-37
-36
-19
-5
13
17
5
11
27
34
22
23
38
36
28
25
15
10
17
10
10
2
-10
-18
-19
-27
-37
-26
-18
-4
0
2
8
17
8
1
-3
11
30
35
25
23
54
57
53
30
15
12
9
-8
-27
-43
-51
-40
-38
-44
-56
-52
-33
-13
-5
7
17
26
14
10
17
12
16
29
45
49
60
58
60
71
61
44
39
51
59
60
36
23
12
-9
-41
-63
-76
-80
-71
-51
-40
-22
-4
8
4
-14
-28
-37
-35
-25
-18
-7
6
17
26
29
26
17
-4
-36
-58
-74
-75
-65
-52
-47
-23
-2
10
29
45
44
48
65
63
54
45
48
37
34
36
33
24
10
-1
-14
-13
-24
-32
-24
-1
10
27
29
23
29
21
3
-1
3
-8
-12
-10
-2
2
-10
-22
-21
-9
3
-1
5
8
0
2
2
-3
-12
-13
-26
-38
-42
-44
-57
-64
-46
-31
-21
-15
-5
16
26
23
1
10
30
28
22
15
24
24
12
-1
-29
-59
-73
-80
-66
-61
-54
-30
-11
-4
-17
-12
-3
-13
-19
-34
-30
-25
-7
-2
9
27
44
67
69
70
57
54
40
27
15
-1
-7
0
-3
-5
9
17
3
-14
-27
-19
-4
-14
-14
-7
16
39
33
8
1
2
-7
-34
-51
-59
-44
-20
-16
6
20
31
44
43
41
44
49
43
39
38
26
28
21
18
1
-5
1
11
30
37
19
14
25
31
40
39
34
41
52
43
26
0
-3
-14
-32
-68
-89
-71
-56
-46
-45
-32
-14
9
5
-11
-24
-24
-14
-18
-21
0
11
33
37
27
13
13
1
-15
-19
-21
-18
-25
-20
-8
11
2
2
-22
-25
-17
-31
-42
-42
-31
-19
-13
-19
-21
-19
-22
-25
-23
-23
-21
-13
-1
2
9
24
40
49
40
37
44
42
33
19
7
-2
-9
-14
-26
-30
-24
-17
-14
-13
-18
-22
-23
-18
-8
9
6
1
-6
-3
10
5
15
29
41
46
51
46
29
4
-20
-38
-52
-63
-65
-63
-39
-22
-9
14
29
36
43
44
31
19
-2
-15
-22
-18
-14
-3
12
11
19
38
50
42
38
45
52
44
33
23
19
24
14
9
31
16
-11
-16
-12
-17
-23
-27
-15
8
32
56
60
61
67
51
26
-5
-32
-30
-40
-57
-44
-37
-35
-24
-20
-22
-44
-54
-37
-28
-27
-21
1
14
10
11
16
18
-4
-17
-21
-31
-48
-46
-41
-30
-22
-12
4
9
7
1
2
6
10
-3
2
13
39
41
35
40
33
37
20
10
-10
-4
13
-6
-28
-33
-34
-30
-21
-22
-30
-37
-39
-43
-52
-80
-87
-50
-19
-9
0
10
18
27
16
-18
-36
-34
-34
-27
-25
-21
-2
11
-21
-27
-28
-23
-7
10
31
50
56
57
72
61
25
16
27
4
-17
-20
-3
15
13
9
20
45
52
38
23
16
9
5
10
-1
-9
2
6
15
12
-10
-31
-44
-55
-71
-69
-53
-16
12
45
72
88
101
102
66
44
14
-19
-33
-39
-42
-35
-19
-9
0
-3
10
22
12
3
9
23
31
42
23
22
31
28
13
2
16
15
5
1
14
21
7
13
12
32
35
20
18
11
-12
-35
-12
-25
-27
-15
-11
-7
-12
-2
13
22
8
6
13
22
16
-7
-21
-35
-34
-25
-46
-64
-61
-56
-53
-57
-42
-26
-22
-13
18
38
34
27
26
30
13
-3
-6
8
4
-13
-1
13
4
-20
-17
-16
-12
-7
-5
-2
-1
6
-6
4
-12
-22
-29
-19
-21
-23
-19
-28
-37
-20
2
6
6
5
12
-3
10
13
10
10
19
27
39
49
37
24
8
-7
-12
-13
-16
-28
-34
-19
-1
12
14
20
33
38
18
-9
-25
-25
-48
-67
-57
-39
-28
-40
-21
6
25
12
-7
-26
-31
-25
-28
-25
-27
-12
15
30
29
14
14
15
-10
-24
-33
-34
-41
-16
18
14
11
10
-7
-8
-6
-11
-13
-4
-1
28
69
71
62
67
83
66
44
31
17
0
-13
-16
6
21
7
-5
-2
15
29
0
-19
-4
8
16
8
4
21
55
51
35
44
54
51
69
62
47
32
16
16
0
-27
-50
-40
-19
-7
-1
7
3
-14
-32
-57
-65
-68
-85
-77
-46
-19
9
25
22
55
67
45
31
35
28
15
-3
-18
-30
-23
-22
-32
-28
-38
-46
-49
-33
-41
-36
-19
4
16
28
26
16
14
-12
-25
-34
-37
-42
-22
-5
9
17
21
31
49
52
46
19
2
9
0
-3
-9
0
0
20
19
7
-11
-43
-61
-70
-67
-65
-41
-25
-5
-4
10
31
27
2
-24
-45
-46
-28
-33
-47
-44
-24