6
6
-16
-25
-9
-2
-13
-19
-6
3
5
5
2
6
5
-9
-15
-12
-11
-9
1
1
-5
2
15
15
2
-10
-13
-8
-9
-18
-17
-4
13
24
21
17
19
17
5
2
-2
-11
-4
10
6
-7
-8
-3
1
5
-2
-7
-10
-12
-6
2
10
12
2
-1
0
4
6
0
0
0
-3
6
18
7
-2
5
17
22
20
13
5
5
11
5
2
9
5
1
1
4
6
9
10
7
8
1
-8
-5
-2
-7
-10
-10
-19
-24
-15
-6
-10
-15
-7
0
10
9
2
-6
-3
-6
-9
-8
1
12
9
9
12
16
12
3
-2
8
16
9
-4
-13
-6
9
12
2
-4
2
-6
-21
-18
-8
-5
-13
-15
5
10
0
-3
21
14
-11
-25
-9
15
21
28
0
-14
-14
-5
-11
-6
-12
-42
-41
-15
9
6
5
0
15
21
13
13
20
15
1
-5
-16
-7
34
19
-33
-30
17
27
16
24
26
14
18
21
-2
-10
2
15
15
-22
-36
1
29
6
-30
-40
-13
21
-1
-8
-4
2
-23
-13
2
-15
6
4
-35
-28
12
-1
-10
15
23
4
-10
-6
-2
3
-12
-26
-26
-12
11
34
21
4
-32
-27
-17
-29
-44
-20
11
21
38
31
29
-4
-32
-10
26
13
8
-22
-32
17
53
36
-4
-3
36
28
-15
-38
-32
0
24
-41
-46
16
44
60
52
31
-18
-29
-52
-69
-21
45
41
6
-16
39
99
94
9
-53
-69
-60
-29
-34
-23
-13
-28
-51
-10
24
39
4
-28
-12
30
40
12
-4
2
38
12
17
13
-36
-62
-11
-11
-41
-11
37
62
39
1
-16
7
14
4
-9
15
-7
-49
-57
-10
25
9
1
41
24
-20
4
52
52
-3
-31
-50
-64
-1
48
41
-8
-29
26
36
21
24
30
12
4
-7
-28
-23
0
16
30
17
17
12
-3
0
30
-5
-40
-42
-37
12
43
25
-24
-30
-6
8
16
16
27
50
29
-34
-47
-34
11
22
20
-26
-47
16
62
41
-43
-26
31
62
41
-33
-57
-24
-9
-40
-38
-29
-32
20
48
6
-50
-22
35
-1
-53
-42
-13
-32
-45
-29
-25
-56
-85
-39
67
126
78
-25
-29
-20
46
45
47
167
54
-244
-113
266
223
-82
-114
129
66
32
93
75
35
18
14
-81
-169
-98
105
-8
-362
-353
224
416
59
-243
-202
57
88
49
-54
40
42
-83
-145
58
132
100
150
1
-146
-36
274
10
-177
-171
46
37
14
-7
-140
-94
29
77
-95
-73
-84
22
208
258
71
94
144
43
78
240
143
-62
-43
45
-66
-109
42
1
-32
-10
-42
-150
-96
-80
-116
-181
-260
-226
-142
-147
-168
13
131
54
8
-11
-117
-205
-217
-175
-189
-290
-253
-91
39
179
286
191
103
97
-72
-120
53
147
4
-41
79
157
215
182
113
-5
-41
-12
44
233
189
148
123
96
-31
-10
49
-67
61
115
-13
-97
299
437
278
74
39
68
190
236
-41
-141
-129
-107
-219
-141
15
-72
-310
-278
-39
-8
-35
-151
-341
-384
-230
-114
-126
-31
124
65
22
66
70
57
44
76
34
0
22
26
34
57
93
33
72
208
170
132
262
216
62
-54
-101
-70
-70
-43
-172
-122
-6
101
89
84
61
-59
-80
-77
29
-10
-52
-190
-242
-146
-78
-58
-29
31
-29
60
334
267
139
111
213
23
-246
-225
-109
-51
-218
-62
-5
-97
-97
72
139
49
75
45
-38
-80
-68
-234
-181
35
135
111
150
166
131
185
206
142
69
86
127
163
169
66
-49
-37
-99
-157
-71
94
202
85
-51
-43
-50
-205
-250
-281
-384
-292
-172
-51
-42
31
156
218
279
275
6
-201
-195
-305
-472
-439
-372
-353
-258
-43
14
-8
87
122
56
54
103
-167
-424
-355
-119
-4
20
128
331
572
689
662
482
251
4
-125
-290
-266
-113
31
224
388
576
773
841
678
393
90
-16
-212
-269
38
389
436
240
236
322
429
440
344
155
107
84
45
12
82
66
130
132
130
-2
201
151
-34
-331
-373
-424
-1191
-2122
-2582
-2384
-2473
-2292
-2292
-1667
-969
18
287
589
602
540
361
9
-394
-807
-667
-525
-94
104
471
732
1343
1641
1778
2202
2335
2115
1748
1601
1134
925
296
-189
-380
-51
2
-84
128
370
583
687
741
448
216
-227
-403
-526
-423
-229
327
932
1248
1338
1043
758
125
-600
-1295
-1828
-2504
-2872
-2640
-2367
-2113
-2147
-2336
-2350
-2335
-2841
-3707
-4200
-4629
-4530
-4188
-3133
-2194
-813
571
2314
3653
4514
5225
6059
6906
7727
9012
10107
11418
12801
13738
13335
10522
5361
-103
-4960
-10171
-15115
-18533
-19854
-19132
-15928
-11430
-7085
-3468
-108
2425
3747
4193
3659
2642
2449
3747
5822
8254
10988
13598
15434
15741
14426
11055
5970
-125
-5391
-9821
-13256
-15595
-15912
-14460
-12185
-9864
-8358
-7408
-7176
-6923
-7167
-6719
-6066
-4258
-1584
2317
6189
9560
12090
13583
13791
12394
10190
7172
4336
1699
44
-942
-911
-592
439
2068
3816
5485
6367
5947
3994
1210
-2324
-4939
-7402
-10449
-12912
-12443
-9743
-6815
-4147
-1262
1241
3043
4551
5284
4342
2956
2346
2243
2179
2808
3936
5060
6122
7607
8207
6988
4633
1980
-1205
-4639
-7506
-9813
-11044
-11312
-11828
-11765
-9679
-7372
-6372
-6972
-8042
-7901
-6255
-4987
-4231
-3254
-796
3536
8061
11231
12613
13896
14666
15526
15176
14516
13265
12782
13155
14265
15559
14004
8271
-5
-6253
-12151
-18518
-25342
-29554
-30226
-26648
-19680
-12236
-6055
-1714
3805
8404
10901
9734
7468
4546
3865
5107
7884
10579
13250
16405
19286
20626
18467
12903
4802
-3497
-10716
-16774
-21436
-24694
-24404
-21375
-16797
-11808
-7468
-5626
-5042
-4713
-5981
-7232
-8321
-7973
-6220
-1622
3842
9996
15399
19567
21901
22270
20463
16452
11935
7826
4688
2460
2482
3575
6063
8923
12635
13055
8544
473
-6947
-14099
-21393
-27916
-31724
-31306
-26877
-18112
-8737
-61
5778
11290
14573
16083
13743
9966
5429
2993
3107
5161
7847
10513
13562
15654
16651
14696
9920
1995
-6338
-13505
-18701
-22505
-24919
-24071
-21630
-17007
-12434
-7952
-6245
-5752
-6304
-5637
-4988
-4354
-3011
73
5811
11763
17469
20464
22681
22433
21414
17724
13678
9014
5864
4066
4430
6557
9740
13437
12545
6582
-2186
-8130
-14180
-21351
-29033
-32478
-31183
-25616
-17203
-8404
-715
5805
12551
16403
17052
14111
10063
4815
1553
1110
3328
5575
8639
13052
17099
18430
16451
11734
4207
-4772
-12869
-18849
-23561
-26727
-25637
-21086
-15380
-10315
-6262
-3542
-1999
-2480
-4537
-5829
-6226
-5376
-3298
1601
7448
13224
17487
21001
22514
21374
17731
12611
7727
2978
-36
-1083
780
4410
9051
14034
15964
12162
3245
-4578
-11397
-18639
-27469
-32227
-31762
-26720
-18952
-9024
340
6966
12271
15890
17579
14776
9445
3095
-382
-1008
1045
3707
7216
11673
15929
18330
17580
13747
6167
-3084
-11297
-16677
-20762
-24014
-24279
-21047
-16101
-11391
-7618
-5863
-4582
-3665
-3238
-2987
-2470
-1606
547
4922
9385
12739
14755
16656
17535
16895
14263
10830
7498
5107
4247
4727
6627
8649
11441
13850
11929
4241
-5053
-11532
-16712
-22937
-29490
-31160
-27805
-20701
-12139
-3347
3201
7612
10955
13030
12947
9572
4718
48
-1196
865
5120
8388
11546
15007
17951
18214
15371
9335
429
-8829
-15618
-19187
-21756
-23385
-22279
-17844
-12800
-9173
-6927
-5447
-4781
-5006
-5376
-4761
-3177
-981
2093
6776
11504
14778
16553
17744
17607
15484
12015
8759
6143
4352
3728
4707
6735
9438
11606
14444
14369
7671
-2644
-9415
-13400
-19623
-27356
-30765
-27411
-22164
-14841
-6394
1472
4915
8023
10765
12422
9747
5286
1089
-276
1245
4413
7228
9198
12244
15094
16458
14746
10783
3831
-4532
-11349
-14797
-17209
-20570
-22046
-19356
-15050
-12403
-10717
-9116
-7416
-6193
-5416
-3900
-1747
103
2350
5971
9808
11767
12473
13423
14401
13454
11631
10169
9431
8515
8524
9878
11717
13255
14144
16211
15175
7417
-3679
-10354
-14318
-20290
-28158
-31211
-28015
-22761
-15787
-7441
-199
2670
5505
8323
10427
8300
4496
660
-238
1636
5546
8924
11231
14258
17370
18819
17014
12741
5433
-3423
-10901
-15036
-17957
-21491
-23141
-20198
-15432
-12341
-10515
-8490
-7126
-6579
-6738
-5898
-4502
-3147
-1625
2358
7394
11013
13073
15502
17780
17391
15129
12883
10820
8083
5916
6107
7551
8897
10030
12905
16101
13027
3174
-6090
-9751
-14148
-22103
-29941
-30149
-27079
-22113
-14963
-5417
188
3134
7226
12264
13817
10151
5550
2353
2026
2918
5585
7653
9946
12432
15532
17196
16129
11427
3650
-4222
-9842
-13381
-17721
-22769
-25205
-23199
-19305
-15884
-13122
-10571
-7445
-4119
-1019
1254
2097
1932
3013
5922
8168
8538
8911
11041
13035
13497
13255
13428
13206
12338
12158
12822
12934
11870
11718
12343
8599
-339
-8355
-11461
-14689
-21063
-26561
-25915
-22610
-19203
-14242
-7328
-2452
-121
2619
6233
8262
6771
4362
2998
3924
6020
8983
11384
13646
15409
16434
16056
14151
9729
2413
-5476
-10723
-13339
-16090
-19582
-21215
-20485
-18663
-16360
-13782
-11971
-10618
-8867
-5775
-1918
502
1432
3071
6932
10297
11673
12199
13773
14384
13602
12817
12908
12508
11534
11894
13431
14801
14659
14985
15378
10650
337
-8718
-12437
-16630
-24151
-30519
-29230
-25020
-20657
-15243
-7710
-2794
-101
2966
6723
8092
5829
3462
2554
3816
5665
8869
11777
14804
16959
18578
18415
15918
10598
2871
-4910
-10554
-14048
-17537
-20796
-21995
-20881
-18777
-16403
-13950
-12247
-10908
-9231
-6139
-2757
-653
471
2934
7217
10699
12005
12739
14646
15591
14915
13711
13351
12482
11303
11199
12514
12961
12500
12485
13879
12272
4544
-5077
-10604
-14032
-20104
-26815
-28797
-26188
-23437
-18842
-11611
-4754
-1916
883
4727
8233
7815
5778
4312
4349
5035
7135
10378
12921
14432
15453
16603
15975
12800
6797
-85
-6259
-10387
-13297
-16934
-20647
-22171
-20881
-18568
-16146
-14376
-12648
-10336
-6841
-2609
356
1569
2653
5714
9154
10863
10787
11608
12916
13419
13155
13588
13916
13501
13173
14186
14654
13755
12009
12083
10875
4356
-5325
-11366
-13790
-18265
-24736
-27783
-25287
-22883
-19709
-14195
-6924
-3371
-879
2488
6782
7934
6956
5916
6097
6844
8531
11820
14508
15880
15929
16325
15632
12891
7216
528
-5652
-10041
-12931
-15998
-19397
-21349
-20670
-18737
-16482
-14778
-13440
-11647
-8658
-4752
-1339
552
1881
4652
8433
11049
11440
12130
13596
14214
13295
12876
13055
12252
10921
11197
12808
12627
11289
10572
11963
9581
1615
-7437
-11668
-14793
-20361
-26053
-27237
-25212
-23204
-18494
-11394
-4899
-2288
1199
5606
9610
9482
8235
7066
6968
7176
9246
12304
13951
14057
14115
15145
14471
11152
5047
-1123
-6724
-10392
-13365
-17082
-21428
-23520
-21912
-18719
-16197
-14863
-12786
-9373
-4330
-173
1936
2379
3870
6992
9801
10481
10295
11366
12722
13355
13233
13674
13547
12700
11951
12607
12369
10813
8809
8854
8625
3779
-4114
-9742
-12317
-16208
-21431
-24727
-23804
-22696
-20349
-15238
-8210
-4030
-1254
2593
7264
9570
9251
8555
7778
7374
7956
10535
12211
12483
12078
13024
13349
11745
7513
2209
-3427
-7838
-10755
-13696
-17501
-20706
-20668
-18688
-16255
-14788
-13339
-11320
-7849
-3937
-568
921
2014
4582
8215
10331
10473
11210
12707
13406
12485
12164
12177
11283
9599
9603
10637
10512
9426
8938
10181
9799
4929
-2450
-7989
-11790
-16138
-21028
-23995
-24229
-23396
-19756
-13411
-6910
-3280
-30
3943
7910
9359
8951
7800
6296
5502
6592
9240
10462
10431
10720
12363
12802
11279
7678
2889
-2579
-6806
-9554
-12692
-17107
-20898
-21187
-18864
-16410
-15116
-13427
-10574
-6434
-2361
812
2287
3200
5304
8059
9516
9414
9820
10418
10829
10770
11557
12017
11765
11258
12187
13357
12974
11281
9900
10007
7264
797
-6698
-11031
-14671
-18592
-22186
-22540
-21310
-19556
-15550
-9464
-4065
-1797
624
3414
6053
6143
6010
5402
5370
5656
8080
10929
12509
12622
12401
12512
11654
9162
4363
-1033
-5964
-8768
-11009
-13173
-15707
-16840
-16105
-14508
-13004
-11838
-11021
-10061
-7405
-4208
-1734
-650
1631
4842
8000
9476
10784
11657
11800
10965
10298
10369
9851
8854
8513
10257
11370
11472
10926
11434
11978
9403
3041
-4043
-8981
-13151
-17497
-21822
-23313
-22989
-20779
-16225
-10005
-5399
-2789
240
3616
6309
6740
6438
5442
4910
5050
7363
9436
10082
9743
10333
11450
11240
9109
5485
1522
-2685
-5760
-8351
-10883
-13998
-16454
-16790
-15481
-14203
-13692
-12556
-10487
-7257
-4251
-1215
999
3099
5239
7681
9203
9535
9214
8817
9026
9214
9645
9775
10269
11071
12572
13589
13254
12036
10634
10207
8076
2458
-4972
-9862
-12587
-15507
-19097
-20971
-20230
-18746
-15227
-10774
-6481
-4948
-2837
-119
3243
4695
5507
5652
5908
6665
8552
10601
10687
9839
9299
10063
9656
8065
5138
1918
-1700
-4272
-5872
-8011
-11369
-14758
-15856
-15141
-14344
-14513
-13756
-11877
-8930
-5244
-1289
1521
2932
4944
7810
9808
8994
7826
7369
7906
8071
8588
9503
10620
11436
12777
14403
14135
12402
10422
9875
7753
2147
-5103
-9651
-12189
-15256
-18550
-20067
-19177
-18118
-15282
-11041
-6639
-5102
-3147
-119
3509
4976
5518
5964
6443
6763
7767
9630
10149
9633
8980
9618
9638
8584
5939
2745
-928
-3735
-5628
-7902
-11186
-14461
-15268
-14391
-13812
-13985
-13230
-11444
-8800
-5330
-2076
20
1344
3896
6601
7993
7483
7308
7823
8460
8637
9189
10312
10749
10806
11404
12455
11706
10268
9210
9564
8378
3814
-2218
-6626
-9372
-12834
-16461
-19126
-19728
-19963
-17429
-13005
-8627
-6681
-3793
656
4960
7007
7690
7936
7122
6133
6080
7476
7423
6490
6240
8140
9639
9620
8038
5599
2315
-846
-3262
-6200
-10324
-14676
-16785
-16214
-14851
-14241
-13322
-11130
-7708
-3591
-80
1766
2295
3382
5160
6267
5811
5283
5587
6587
7904
9372
10799
11483
11863
12281
12790
11868
10111
8375
7706
6774
3252
-1937
-6420
-9044
-11929
-14969
-17602
-18262
-18593
-17003
-13600
-9385
-6909
-4395
-631
3222
5614
6707
7553
6958
5889
5559
7281
7874
7085
6539
8216
9745
9619
8026
5783
2598
-920
-3474
-5751
-8971
-12718
-14498
-13544
-11887
-11536
-11210
-9629
-7324
-5092
-3074
-1665
-1155
-575
1394
3806
5073
5493
6619
8625
10455
11114
11201
11184
10696
9719
9190
8934
7917
6909
6708
7800
7200
3445
-1719
-5165
-7807
-11481
-16104
-19290
-20450
-20463
-18180
-13910
-9217
-5945
-1845
2880
7420
9511
9834
8563
6793
5459
5604
6002
5246
4695
5825
8368
9934
10179
8738
6159
2754
187
-2457
-6285
-11189
-14754
-15805
-15483
-15063
-14353
-12593
-10210
-7088
-3398
-189
826
960
2361
4789
5574
4769
4641
6038
7397
8195
9392
10935
11494
11349
11997
12888
12293
10252
8780
8633
6746
1623
-4034
-7465
-10177
-13848
-17077
-18170
-18251
-18105
-15661
-11111
-6957
-4745
-1915
1777
4989
6076
6237
5902
5115
4422
5401
7120
7604
7519
8508
10525
11285
10264
7826
4633
921
-2251
-5009
-8013
-11392
-14083
-14686
-13688
-12673
-12108
-11255
-9881
-7568
-4696
-2494
-1789
-1216
1018
3826
5377
5845
6954
8432
9589
10152
11062
11558
11130
10245
10624
11288
10399
8808
8311
9063
6926
1717
-3745
-6712
-10032
-14168
-17969
-19299
-19830
-19314
-16104
-11102
-7033
-4516
-505
3809
6968
7438
7821
7215
6069
4726
5752
7012
7027
6706
8176
10498
11101
9976
7636
4653
627
-2644
-5504
-8530
-12162
-14811
-15427
-14449
-13471
-12742
-11416
-9405
-6688
-3691
-1232
-233
553
2436
4643
5547
5712
6565
7706
8540
9227
10148
10598
10406
10102
10600
10862
9976
8553
8138
8307
5845
544
-4641
-7639
-10563
-14257
-17508
-18605
-18567
-17179
-13714
-9053
-5563
-3224
265
3999
6199
6367
6318
5758
4680
4015
5290
6779
7086
7202
8837
10779
10966
9394
6867
3552
-340
-3502
-6057
-8806
-11727
-13668
-13888
-12867
-11872
-11231
-10296
-8716
-6490
-4003
-2093
-1122
-160
1808
4089
5481
6003
6847
7920
8938
9589
9981
9870
9536
9408
9802
9900
9169
8240
8059
8424
6234
1284
-3839
-6884
-9827
-13612
-17154
-18478
-18373
-16942
-13571
-9211
-5591
-2939
617
3954
6181
6562
6465
5421
4339
3889
5139
6226
6512
6897
8385
10109
10463
9419
6802
3397
-180
-2859
-5597
-8661
-11498
-13133
-13534
-12762
-11660
-10958
-10177
-8671
-6304
-3858
-2035
-1054
133
2150
4214
5343
6020
7009
7871
8466
9120
9713
9582
9273
9287
9789
9968
9409
8564
8361
8176
5308
74
-4647
-7495
-10665
-14584
-17593
-18306
-17740
-15853
-12335
-8196
-4878
-2282
1012
3926
5665
5931
5870
5053
4372
4464
5727
6569
6879
7580
9133
10444
10339
8814
6048
2687
-851
-3846
-6794
-9698
-12108
-13414
-13664
-12961
-11890
-10913
-9755
-8002
-5580
-3040
-1138
87
1407
3186
4777
5654
6292
7136
7671
8262
9050
9700
9438
9249
9354
9839
9436
8621
7875
7691
6738
3056
-2019
-6157
-8630
-11857
-15133
-17517
-17398
-16455
-13726
-10236
-6420
-3809
-975
2168
4746
5877
5810
5660
4937
4716
4989
6301
6725
7173
7958
9552
10125
9434
7523
4745
1235
-2212
-5043
-7831
-10498
-12491
-13145
-12990
-12118
-11024
-9841
-8636
-6952
-4746
-2442
-971
-15
1351
3341
4800
5407
6021
7041
7788
8318
8975
9480
9233
8883
8985
9195
8625
7766
7135
7032
5924
2205
-2568
-6149
-8551
-11693
-14934
-17024
-17059
-15981
-13214
-9700
-6142
-3537
-470
2854
5420
6478
6631
6376
5546
5113
5513
6525
6697
7043
7888
9124
9315
8646
6964
4108
419
-2837
-5340
-8072
-10799
-12684
-13307
-13289
-12560
-11401
-10095
-8882
-7197
-4684
-2051
-383
536
2200
4343
5757
6129
6776
7568
7922
8053
8588
8954
8656
8390
8612
8961
8442
7758
7222
7179
5284
1026
-3792
-6879
-9558
-12879
-15957
-17211
-16659
-15085
-11844
-8106
-4566
-2142
1062
3984
6091
6333
6405
6011
5409
4960
5597
6615
7000
7467
8243
9089
8810
7907
5782
2712
-1048
-4000
-6525
-9002
-11367
-12676
-12993
-12817
-11937
-10593
-9290
-8238
-6499
-4081
-1527
60
1285
2988
5102
6402
6970
7562
8052
8033
7944
8416
8472
8124
7846
8319
8330
7851
7164
6922
6629
4037
-598
-4990
-7433
-10296
-13594
-16467
-16897
-16282
-14124
-10684
-6691
-3846
-1354
2021
4964
6585
6553
6603
6047
5616
5252
6247
6757
6942
7153
8141
8673
8240
6861
4466
1288
-2160
-4758
-7256
-9693
-11895
-12974
-13189
-12563
-11564
-10305
-8936
-7452
-5389
-2784
-353
1037
2216
3911
5638
6358
6646
7168
7402
7336
7562
8130
8134
7899
7929
8445
8301
7365
6485
6396
5808
2581
-2160
-5848
-7966
-10686
-13662
-15583
-15605
-14828
-12615
-9079
-5415
-3053
-926
2085
4751
6058
6173
6309
5838
5484
5623
6790
7197
7084
7043
7706
8005
7350
5673
3063
37
-2893
-4990
-7076
-9204
-11023
-11968
-12176
-11658
-10869
-10028
-8862
-7300
-5183
-2641
-237
1358
2827
4689
6333
6958
7078
7283
7081
6734
6749
7021
6955
6948
7404
8184
8267
7627
6872
6833
5757
1946
-3062
-6531
-8805
-11725
-14597
-15894
-15401
-14126
-11405
-7609
-3935
-1760
433
3123
5436
6175
6109
5813
5329
5037
5564
6626
6938
6867
7067
7776
7776
6770
4750
2144
-943
-3717
-5877
-7835
-9807
-11370
-12127
-11914
-10987
-10091
-9260
-8001
-6209
-3938
-1444
672
1974
3200
4799
6131
6610
6694
6737
6513
6515
6805
7016
6800
6756
7053
7536
7251
6542
6016
6138
4827
1017
-3401
-6162
-8296
-11211
-13869
-14885
-14334
-13176
-10477
-6922
-3669
-1899
377
3021
5254
5892
5995
5795
5340
5091
5697
6624
6565
6280
6378
7081
6901
5860
3840
1404
-1404
-3735
-5525
-7290
-9129
-10586
-11110
-10911
-10215
-9718
-8960
-7787
-5993
-3781
-1238
849
2294
3746
5385
6565
6822
6829
6583
6249
5983
6174
6136
6070
6198
6885
7424
7381
6851
6718
6756
4501
-9
-4338
-6746
-9271
-12396
-14858
-15087
-14320
-12493
-9242
-5290
-2520
-836
1617
4342
6004
5861
5647
5229
4890
4720
5622
6276
6222
5929
6387
7043
6753
5331
3051
545
-2054
-4153
-6093
-7972
-9798
-11066
-11320
-10601
-9641
-8980
-8062
-6534
-4412
-2161
-38
1544
2803
4098
5288
6006
6161
6075
5729
5627
5811
6026
5905
6058
6391
6932
6969
6639
6024
5866
5392
2861
-1363
-4933
-6992
-9275
-11876
-13625
-13521
-12683
-10756
-7714
-4348
-2355
-724
1673
4231
5586
5829
5864
5554
5223
5283
6093
6184
5707
5303
5704
5928
5492
4139
2121
-264
-2487
-4167
-5813
-7585
-9305
-10475
-10784
-10126
-9357
-8894
-8076
-6364
-3999
-1590
531
2151
3584
4864
5829
6148
5998
5575
4992
4789
5030
5195
5073
5441
6078
6887
7062
6943
6444
6437
5320
1992
-2436
-5548
-7624
-10212
-12581
-13651
-12971
-11879
-9265
-6059
-2815
-1267
676
2848
4903
5450
5501
5280
4768
4455
4871
5814
5675
5290
5029
5550
5421
4828
3141
1029
-1406
-3222
-4694
-6237
-7948
-9510
-10301
-10170
-9173
-8399
-7778
-6822
-4763
-2246
75
1664
2828
3890
4858
5409
5447
5122
4490
4081
4301
4931
5102
5169
5600
6323
6692
6610
6219
5809
5522
3847
512
-3177
-5492
-7585
-9924
-12008
-12537
-12106
-10768
-8252
-5119
-2713
-1149
996
3184
4826
5210
5470
5078
4540
4230
4947
5347
5002
4562
4719
5079
4889
4204
2720
702
-1557
-3189
-4655
-6239
-8009
-9352
-9902
-9485
-8532
-7705
-6891
-5643
-3630
-1327
730
2083
3057
3965
4744
5061
4995
4569
3897
3589
3976
4517
4606
4900
5580
6429
6728
6630
6164
5893
5390
3290
-365
-3789
-5980
-8155
-10390
-12056
-12226
-11665
-9924
-7221
-4135
-2182
-563
1523
3603
4723
4986
5080
4580
4012
3954
4786
4952
4646
4359
4677
4801
4596
3785
2205
10
-2029
-3425
-4853
-6486
-8207
-9311
-9637
-9040
-8135
-7232
-6259
-4774
-2683
-382
1428
2502
3231
3941
4567
4788
4641
4077
3452
3391
4023
4521
4618
4942
5692
6572
6750
6502
5974
5729
4826
2337
-1278
-4195
-6105
-8160
-10177
-11519
-11466
-10819
-8915
-6339
-3521
-1955
-264
1733
3723
4634
4936
4907
4386
3908
3969
4689
4579
4216
3867
4240
4234
4037
3129
1634
-435
-2222
-3478
-4839
-6496
-8172
-9131
-9308
-8589
-7771
-6874
-5837
-4150
-2022
255
1892
2832
3482
4209
4645
4604
4286
3689
3108
3053
3675
4049
4244
4660
5609
6359
6541
6214
5904
5776
4614
1677
-1869
-4348
-6229
-8388
-10412
-11217
-11021
-10169
-8216
-5327
-2839
-1372
356
2554
4215
4693
4831
4695
4074
3437
3693
4295
4109
3608
3605
4083
4141
3791
2874
1289
-874
-2663
-3930
-5211
-6881
-8430
-9177
-8835
-7897
-7033
-6175
-5045
-3353
-1284
786
2137
2931
3534
4219
4479
4357
3909
3320
2804
2980
3533
3878
3998
4479
5372
6048
6038
5732
5616
5585
4285
1277
-1972
-4189
-6036
-8286
-10124
-10884
-10612
-9749
-7596
-4840
-2503
-1126
756
2742
4251
4739
4963
4588
3759
3236
3647
4117
3681
3243
3323
3822
3839
3619
2650
1014
-1129
-2605
-3708
-5044
-6827
-8278
-8769
-8401
-7534
-6700
-5753
-4695
-3011
-946
1052
2185
2843
3440
4085
4214
3944
3523
3012
2628
2823
3439
3797
4039
4546
5469
6048
5985
5642
5537
5380
3803
713
-2329
-4333
-6154
-8317
-9989
-10479
-10156
-9198
-7076
-4340
-2169
-758
1054
2964
4332
4747
4854
4341
3538
3040
3470
3710
3322
2941
3140
3602
3721
3434
2362
634
-1377
-2764
-3918
-5304
-7045
-8297
-8626
-8034
-7159
-6274
-5337
-4114
-2428
-398
1356
2306
2837
3416
3981
4023
3688
3200
2754
2530
2900
3438
3739
4015
4638
5478
5813
5692
5476
5563
5291
3461
309
-2465
-4205
-6115
-8340
-10077
-10430
-10109
-8837
-6607
-3857
-1972
-401
1562
3502
4574
4727
4553
3819
3012
2537
3044
3228
3042
2775
3256
3783
4035
3582
2310
390
-1514
-2852
-4110
-5576
-7185
-8177
-8390
-7650
-6718
-5768
-4958
-3754
-2022
77
1592
2321
2783
3438
3935
3876
3532
3052
2540
2340
2772
3263
3469
3787
4578
5505
5884
5720
5543
5617
5099
2768
-435
-2971
-4626
-6782
-8855
-10114
-10104
-9707
-8200
-5698
-3043
-1391
204
2207
3811
4500
4524
4427
3608
2818
2603
3297
3344
3080
2973
3560
3878
3818
3169
1861
-128
-2082
-3380
-4547
-5876
-7253
-7979
-8040
-7267
-6338
-5411
-4647
-3501
-1882
9
1346
2065
2584
3332
3879
3881
3606
3221
2746
2559
2940
3247
3365
3655
4450
5150
5431
5312
5208
5277
4863
2830
-239
-2693
-4329
-6256
-8299
-9578
-9811
-9473
-8097
-5706
-3182
-1551
-13
1898
3532
4284
4468
4351
3544
2670
2465
3049
3026
2621
2455
3008
3440
3561
3105
1972
113
-1645
-2789
-3877
-5340
-6821
-7547
-7574
-6909
-6159
-5311
-4641
-3535
-2000
-116
1151
1814
2294
3085
3672
3746
3509
3121
2729
2587
3015
3323
3463
3614
4291
4959
5359
5280
5195
5168
4940
3232
366
-2354
-4124
-6014
-7952
-9307
-9623
-9346
-8180
-5912
-3394
-1602
-214
1593
3052
3969
4201
4246
3488
2677
2416
2997
3031
2625
2428
2806
3109
3148
2873
1872
129
-1644
-2575
-3416
-4768
-6339
-7068
-7121
-6648
-6023
-5224
-4519
-3582
-2083
-106
1297
1857
2281
3136
3839
3844
3409
2948
2554
2312
2533
2813
3015
3145
3784
4581
5172
5097
4941
5054
5210
3725
823
-1885
-3534
-5362
-7469
-8906
-9274
-9105
-8276
-6093
-3587
-1824
-656
1176
2795
3709
3909
4073
3481
2532
2086
2625
2873
2376
2100
2545
3167
3315
3247
2530
953
-904
-1950
-2744
-4251
-6123
-7185
-7296
-6945
-6444
-5729
-4906
-3906
-2451
-457
1082
1670
1960
2840
3681
3698
3132
2767
2538
2346
2511
2983
3326
3495
3950
4802
5447
5307
5035
5169
5334
3735
817
-1855
-3398
-5383
-7485
-8885
-9090
-9098
-8270
-6134
-3534
-1845
-662
1284
2993
3863
3896
4221
3753
2825
2085
2634
2800
2221
1787
2402
3074
3106
3017
2531
1207
-690
-1769
-2627
-4078
-6095
-7146
-7307
-7024
-6737
-5979
-4957
-3900
-2572
-606
1148
1788
2031
2774
3642
3515
2902
2478
2378
2072
2145
2671
3219
3366
3765
4607
5336
5255
5014
5153
5390
4097
1395
-1241
-3022
-4921
-6990
-8301
-8743
-8835
-8316
-6279
-3832
-2004
-880
1013
2669
3625
3776
4138
3765
2741
2019
2450
2754
2106
1714
2239
2964
2869
2893
2611
1553
-351
-1451
-2180
-3497
-5471
-6636
-6887
-6863
-6727
-6102
-5048
-4198
-3013
-1138
846
1553
1764
2489
3547
3480
2837
2440
2424
2033
1848
2330
3019
3209
3359
4183
5140
5310
4890
5009
5320
4562
2045
-476
-2445
-4199
-6272
-7517
-8182
-8535
-8469
-6822
-4398
-2600
-1500
143
2105
3139
3595
3981
4003
2891
2057
2271
2796
2167
1681
2147
2922
2918
2895
2949
2118
358
-983
-1630
-2925
-4806
-6177
-6600
-6900
-6991
-6421
-5257
-4395
-3502
-1789
338
1422
1538
2022
3017
3284
2732
2447
2470
2105
1700
2185
3034
3172
3069
3767
4955
5228
4887
4929
5420
5008
3065
593
-1553
-3457
-5479
-6856
-7843
-8433
-8678
-7406
-5266
-3205
-1979
-469
1392
2713
3364
3798
4041
3205
2220
1895
2364
2071
1680
1870
2652
2906
2950
3075
2663
1285
-306
-1259
-2458
-4017
-5524
-6285
-6828
-6989
-6592
-5552
-4575
-3792
-2479
-583
925
1362
1723
2421
2998
2785
2648
2604
2351
1804
2083
2831
3162
2990
3301
4220
4792
4718
4675
4956
4883
3922
1952
-308
-2479
-4232
-5777
-6929
-7905
-8233
-7760
-6138
-4242
-2602
-1257
426
1908
2864
3486
3871
3580
2585
1993
1994
2076
1608
1678
2199
2691
2678
2909
2976
2167
569
-730
-1701
-3066
-4589
-5677
-6343
-6923
-6844
-6046
-4986
-4345
-3447
-1801
70
1006
1389
1989
2684
2773
2639
2702
2572
2056
2003
2738
3321
3202
3167
3781
4475
4525
4389
4454
4580
4361
3294
1267
-1088
-2922
-4366
-5629
-6945
-7681
-7830
-6964
-5472
-3745
-2397
-973
572
1845
2763
3453
3750
3138
2330
1910
2049
1825
1659
1894
2400
2532
2691
3133
2988
1749
184
-769
-1841
-3346
-4933
-5934
-6786
-7213
-6867
-5788
-4961
-4314
-2994
-1014
536
1102
1556
2193
2706
2691
2787
2799
2552
2240
2700
3381
3602
3339
3604
4200
4611
4425
4284
4276
4316
3789
2239
161
-1820
-3326
-4856
-5994
-7076
-7558
-7706
-6584
-5129
-3580
-2409
-695
858
1982
2880
3709
3857
2890
2177
2016
2190
1607
1565
1882
2292
2173
2671
3186
2695
1146
-9
-611
-1880
-3693
-5307
-6149
-6950
-7157
-6620
-5476
-4828
-3927
-2297
-259
783
1096
1622
2455
2826
2756
2874
2863
2587
2422
3006
3491
3351
3034
3581
4366
4550
4285
4414
4653
4537
3444
1701
-431
-2329
-4033
-5224
-6327
-7287
-7899
-7417
-5999
-4488
-3155
-1703
-11
1137
2206
3143
3753
3036
2146
1844
2172
1912
1670
2001
2413
2333
2418
3173
3176
1919
438
-135
-1087
-2792
-4653
-5676
-6526
-7159
-7045
-5984
-5081
-4513
-3225
-1207
346
735
1192
2059
2807
2750
2853
3078
3033
2620
2861
3515
3642
3176
3290
4042
4458
4087
3946
4128
4239
3654
2379
491
-1517
-3259
-4628
-5682
-6906
-7768
-7943
-6801
-5390
-3725
-2320
-462
881
2127
3143
3969
3680
2710
2068
1982
2004
1623
1806
2069
2335
2353
3056
3311
2546
1078
203
-608
-2092
-3866
-5282
-6218
-7076
-7184
-6507
-5464
-4922
-3849
-1987
-201
483
885
1720
2444
2570
2592
3018
3039
2679
2633
3284
3495
3131
2983
3672
4098
3851
3763
4042
4158
3859
3171
1648
-427
-2372
-3626
-4736
-6051
-7256
-7653
-7107
-5874
-4415
-2904
-1281
166
1366
2560
3584
3721
2931
2126
1960
1974
1645
1470
1773
2078
2166
2632
3241
2962
1764
744
125
-1103
-2897
-4466
-5452
-6518
-7207
-6871
-5783
-5120
-4503
-2950
-944
199
515
1232
2115
2458
2396
2852
3113
2780
2341
2847
3334
3115
2740
3257
3892
3843
3722
4149
4501
4294
3812
2773
893
-1356
-2977
-4132
-5420
-6970
-7831
-7581
-6511
-5228
-3767
-2140
-562
654
1810
3019
3592
3129
2313
2052
2066
1813
1420
1613
2019
2209
2406
3082
3324
2578
1490
833
-96
-1789
-3546
-4736
-5730
-6855
-7125
-6363
-5459
-5142
-4033
-2123
-479
75
771
1695
2267
2273
2532
2947
2740
2284
2398
3072
3083
2810
2981
3777
3931
3829
4012
4426
4319
4181
3681
2137
-255
-2140
-3245
-4527
-6145
-7382
-7487
-6957
-5854
-4417
-2661
-1298
-81
1096
2455
3175
3103
2481
2015
1796
1573
1357
1361
1697
1861
2139
2621
3205
2932
2146
1281
535
-791
-2335
-3635
-4784
-5993
-6775
-6456
-5716
-5224
-4751
-3313
-1678
-590
13
893
1623
1945
2233
2765
2947
2510
2294
2582
2842
2607
2523
2949
3403
3610
3877
4494
4716
4780
4712
4036
2047
-187
-1784
-3170
-4872
-6667
-7429
-7581
-6874
-5802
-3973
-2535
-1090
88
1531
2506
2924
2715
2240
1753
1225
1096
997
1330
1526
2001
2357
3106
3436
3278
2473
1543
341
-1164
-2519
-3905
-5265
-6611
-6941
-6560
-5869
-5465
-4527
-3052
-1562
-536
314
1163
1648
2065
2438
2888
2700
2419
2304
2617
2685
2634
2684
3147
3593
3948
4331
4758
4934
4998
4855
3793
1716
-497
-2146
-3710
-5389
-6892
-7532
-7569
-6786
-5458
-3645
-2151
-754
427
1583
2362
2782
2647
2077
1456
1079
1117
1236
1548
1758
2120
2526
3210
3504
3159
2182
1080
-79
-1404
-2780
-4292
-5622
-6649
-6847
-6569
-6017
-5533
-4586
-3184
-1655
-486
398
1257
1934
2507
2847
3109
2874
2589
2354
2546
2597
2624
2718
3267
3851
4303
4695
5070
5239
5189
4862
3532
1342
-989
-2683
-4295
-5857
-7211
-7728
-7575
-6562
-5044
-3366
-1922
-633
468
1390
2210
2653
2567
1921
1424
1248
1404
1464
1709
1982
2333
2736
3388
3716
3205
2069
987
3
-1413
-3049
-4576
-5676
-6601
-6969
-6704
-6074
-5590
-4708
-3167
-1511
-457
278
1138
1925
2363
2524
2720
2648
2426
2323
2677
2897
2900
2969
3558
4132
4438
4665
5029
5136
5087
4781
3584
1362
-891
-2573
-4096
-5639
-6981
-7565
-7530
-6634
-5300
-3682
-2412
-1149
-141
980
1956
2675
2635
2090
1694
1697
1846
1760
1873
2069
2374
2641
3287
3626
3171
2048
1144
272
-1072
-2798
-4362
-5531
-6584
-7148
-7069
-6502
-6010
-5089
-3575
-1828
-620
271
1181
2051
2538
2732
2877
2846
2639
2491
2736
2986
3079
3106
3580
4150
4603
4797
5034
5086
5016
4583
3352
1225
-1030
-2803
-4268
-5593
-6778
-7376
-7423
-6602
-5295
-3738
-2510
-1332
-255
887
1901
2616
2698
2335
2022
1922
1974
1961
2079
2191
2327
2526
3033
3257
2839
1895
1032
125
-1129
-2659
-4156
-5376
-6337
-6930
-6970
-6540
-5970
-5075
-3636
-2038
-781
154
1123
2011
2527
2731
2900
2911
2745
2648
2848
3122
3154
3171
3489
4019
4275
4398
4598
4775
4694
4457
3588
1768
-494
-2264
-3638
-5040
-6433
-7288
-7521
-7116
-6102
-4652
-3216
-1986
-713
604
1867
2722
3129
2956
2574
2198
2177
2185
2216
2216
2356
2634
3083
3415
3187
2463
1493
539
-740
-2254
-3847
-5135
-6244
-7064
-7386
-7016
-6344
-5518
-4227
-2657
-1225
-206
792
1661
2339
2617
2845
2953
2990
2953
3052
3242
3277
3238
3347
3800
4028
4182
4278
4450
4367
4342
3926
2620
459
-1465
-2871
-4251
-5681
-6865
-7460
-7664
-6961
-5683
-4047
-2818
-1464
-72
1446
2538
3294
3503
3198
2745
2478
2476
2321
2209
2101
2296
2564
3023
3174
2885
2093
1116
-66
-1469
-3015
-4601
-5979
-7061
-7581
-7461
-6832
-6072
-5014
-3516
-1903
-613
447
1474
2278
2718
2937
3156
3237
3212
3222
3341
3478
3474
3486
3672
4024
4173
4194
4155
4154
4056
3872
3052
1374
-622
-2284
-3630
-5070
-6393
-7419
-7841
-7629
-6498
-5030
-3555
-2216
-670
827
2164
3221
3838
3775
3193
2811
2693
2570
2178
2099
2223
2431
2570
2938
3021
2374
1243
158
-951
-2492
-4208
-5634
-6564
-7292
-7553
-7070
-6186
-5405
-4278
-2601
-1029
14
962
2051
2825
3147
3338
3629
3733
3654
3608
3745
3748
3501
3320
3524
3693
3510
3368
3520
3585
3389
3149
2390
848
-1140
-2635
-3927
-5261
-6710
-7571
-7816
-7274
-6177
-4610
-2902
-1258
284
1699
3152
4121
4396
3886
3435
2985
2581
2097
1983
1906
1707
1708
2221
2676
2243
1363
502
-351
-1799
-3387
-4773
-5875
-6934
-7504
-7269
-6560
-5869
-4922
-3276
-1559
-350
635
1851
2813
3221
3441
3844
4046
3908
3762
3837
3791
3463
3086
3059
3085
2916
2668
2764
2809
2605
2555
2626
1916
164
-1585
-2829
-3997
-5536
-6687
-7222
-7225
-6820
-5442
-3511
-1735
-400
1033
2676
3971
4602
4627
4305
3638
2941
2386
2083
1676
1234
1018
1286
1638
1665
1395
892
50
-1191
-2445
-3658
-4950
-6226
-6930
-7037
-6787
-6241
-5295
-3999
-2572
-1188
131
1394
2353
3014
3521
3986
4157
4085
3931
3863
3626
3318
2998
2706
2432
2223
2114
2026
2010
1919
2031
2255
2382
1585
204
-1304
-2474
-3766
-4967
-5924
-6511
-6685
-6100
-4617
-2959
-1420
-78
1501
2855
3987
4485
4575
4036
3309
2556
2010
1509
1039
733
586
712
889
1143
1014
541
-301
-1147
-2191
-3388
-4576
-5430
-6027
-6399
-6262
-5580
-4620
-3610
-2333
-870
454
1504
2485
3393
3974
4191
4254
4216
4012
3610
3193
2760
2245
1708
1433
1446
1451
1439
1583
1920
2116
2200
2225
1640
274
-1381
-2562
-3665
-4741
-5697
-5995
-5923
-5248
-3946
-2212
-644
653
1926
3010
3805
4045
4015
3435
2663
1816
1386
989
631
297
235
383
566
762
699
361
-341
-1045
-1961
-3004
-4127
-4962
-5474
-5641
-5482
-4996
-4129
-3043
-1732
-452
791
1780
2688
3369
3868
4002
3894
3611
3251
2833
2364
1921
1447
1148
965
1065
1180
1448
1650
1933
2028
2132
2131
1673
540
-916
-2081
-3114
-3933
-4679
-4888
-4869
-4228
-3173
-1701
-444
738
1724
2555
3150
3393
3289
2745
2084
1343
829
286
26
-130
-99
-126
81
379
492
228
-220
-744
-1607
-2663
-3647
-4219
-4653
-4905
-4914
-4379
-3588
-2570
-1409
-129
917
1753
2564
3283
3679
3626
3413
3044
2655
2185
1809
1310
828
503
569
760
979
1207
1557
1815
1933
2038
2172
1991
1188
47
-1035
-1929
-2754
-3325
-3670
-3789
-3686
-3003
-1949
-846
18
878
1626
2164
2405
2452
2238
1610
818
107
-260
-494
-509
-425
-210
52
465
877
971
583
-172
-1026
-1951
-2790
-3493
-4000
-4319
-4379
-4004
-3238
-2284
-1334
-332
613
1456
2159
2703
2943
2852
2545
2192
1935
1648
1261
814
660
673
737
771
1014
1288
1489
1650
1900
2121
2217
2227
1908
1136
32
-871
-1579
-2132
-2734
-3086
-3198
-2909
-2307
-1400
-527
140
649
1048
1411
1523
1345
786
231
-291
-512
-582
-396
-194
46
371
838
1221
1253
922
301
-489
-1288
-1957
-2565
-3191
-3651
-3789
-3513
-2957
-2282
-1593
-829
-4
717
1363
1831
2077
1992
1871
1726
1605
1275
951
680
634
644
731
898
1209
1500
1740
2055
2277
2335
2303
2477
2358
1706
634
-165
-857
-1540
-2243
-2658
-2931
-3025
-2699
-1958
-1168
-726
-294
40
360
398
479
329
59
-377
-510
-355
-36
243
478
786
1056
1343
1379
1149
549
-90
-761
-1328
-1936
-2470
-2877
-3027
-2922
-2637
-2202
-1708
-1090
-523
118
612
1067
1236
1320
1307
1314
1205
1016
854
764
801
914
1154
1333
1554
1794
2132
2378
2401
2342
2309
2417
2322
1881
1085
275
-494
-1143
-1672
-2198
-2696
-3074
-2885
-2469
-1971
-1677
-1259
-1049
-791
-565
-172
-38
-146
-303
-203
146
386
621
756
1023
1105
1246
1219
1078
607
117
-237
-633
-1185
-1768
-2024
-2228
-2364
-2409
-2132
-1860
-1511
-1040
-434
8
299
693
1048
1243
1177
1212
1169
1078
904
1000
1144
1231
1270
1561
1947
2269
2385
2485
2551
2545
2513
2483
2157
1333
395
-325
-837
-1561
-2240
-2791
-2957
-3004
-2700
-2369
-1981
-1807
-1600
-1359
-1014
-715
-603
-488
-356
-84
111
446
744
1053
1149
1257
1345
1345
1159
866
614
166
-323
-815
-1180
-1703
-2030
-2133
-2140
-2175
-2056
-1643
-1254
-871
-566
-168
217
572
691
811
890
1017
1115
1244
1258
1269
1538
1868
1994
2014
2176
2439
2555
2574
2585
2629
2519
2113
1415
686
-37
-819
-1519
-2181
-2622
-2941
-2901
-2829
-2602
-2377
-2079
-1805
-1509
-1220
-978
-615
-364
-163
-31
272
544
822
1011
1104
1065
1053
1064
985
834
561
255
-143
-471
-898
-1297
-1640
-1838
-2082
-2121
-1987
-1838
-1739
-1461
-992
-554
-160
242
695
979
1159
1245
1445
1518
1458
1429
1512
1583
1657
1904
2251
2496
2589
2655
2848
2826
2705
2302
1674
680
-218
-1038
-1738
-2316
-2796
-2997
-3077
-2776
-2528
-2064
-1870
-1566
-1501
-1209
-986
-659
-492
-334
-90
172
478
688
991
969
1019
1076
1287
1111
908
685
487
64
-420
-888
-1289
-1562
-1866
-2071
-2166
-2044
-2005
-1796
-1414
-876
-511
-99
381
877
1144
1341
1510
1496
1335
1319
1374
1375
1441
1692
1963
2157
2251
2352
2418
2364
2183
1992
1801
1257
514
-228
-707
-1281
-1758
-2117
-2276
-2444
-2466
-2223
-1981
-1850
-1812
-1601
-1356
-1033
-817
-560
-364
-150
-21
177
331
462
563
669
786
888
1005
946
790
538
423
127
-261
-699
-1034
-1418
-1766
-1927
-1993
-1958
-1805
-1372
-946
-544
-94
452
829
980
1131
1241
1195
994
915
922
1038
1249
1548
1860
2186
2465
2559
2630
2648
2503
2205
1881
1456
746
46
-573
-1060
-1555
-1954
-2302
-2448
-2433
-2285
-2117
-1966
-1822
-1678
-1460
-1244
-949
-738
-547
-349
-77
126
305
506
611
626
614
625
585
560
523
412
334
141
-127
-431
-658
-1081
-1491
-1756
-1852
-1970
-1824
-1465
-1094
-736
-175
478
928
1206
1434
1585
1478
1291
1199
1241
1201
1179
1373
1739
1990
2175
2351
2557
2572
2377
2018
1621
1071
374
-320
-913
-1432
-1815
-2045
-2122
-2140
-2102
-1972
-1792
-1619
-1455
-1221
-1065
-957
-951
-818
-661
-404
-284
-116
53
305
446
630
781
826
832
775
703
457
258
-100
-428
-903
-1287
-1625
-1709
-1782
-1819
-1688
-1274
-794
-424
30
433
756
903
1119
1155
1068
928
904
856
907
1045
1259
1506
1754
1993
2193
2379
2370
2253
2029
1741
1313
916
420
-197
-807
-1121
-1401
-1674
-1874
-1958
-2032
-1970
-1790
-1672
-1565
-1420
-1225
-1107
-904
-736
-566
-433
-202
35
261
444
592
664
690
774
838
827
644
421
96
-194
-523
-871
-1200
-1446
-1579
-1600
-1493
-1333
-1056
-702
-286
73
456
755
953
1020
1040
1007
924
893
849
902
1007
1198
1337
1656
1947
2081
2109
2168
2092
1776
1445
1072
703
144
-403
-919
-1154
-1446
-1707
-1878
-1821
-1831
-1837
-1702
-1555
-1478
-1400
-1167
-1053
-905
-774
-501
-315
-104
25
254
481
562
596
724
829
681
523
393
265
-22
-259
-527
-715
-919
-1009
-1016
-1002
-1037
-972
-728
-537
-341
-40
360
604
787
893
1049
1124
1126
1097
1147
1139
1040
1094
1282
1425
1438
1539
1561
1520
1466
1449
1258
951
549
145
-280
-705
-1150
-1532
-1734
-1884
-1928
-1921
-1807
-1767
-1589
-1386
-1125
-1028
-863
-685
-498
-355
-270
-183
-67
188
325
462
585
774
752
727
671
494
188
-73
-222
-422
-625
-788
-801
-825
-786
-752
-642
-525
-334
-169
44
311
570
721
854
1048
1140
1131
1085
1117
1057
1017
1043
1183
1250
1304
1348
1330
1301
1252
1142
836
544
209
-141
-523
-907
-1271
-1508
-1628
-1723
-1732
-1673
-1577
-1493
-1339
-1186
-1008
-877
-756
-635
-440
-255
-103
79
261
440
588
765
855
857
798
664
469
240
-20
-293
-483
-607
-727
-746
-715
-689
-670
-540
-392
-322
-274
-135
59
258
482
707
896
996
1060
1127
1148
1122
1018
920
875
882
858
852
874
825
752
672
665
560
351
67
-179
-516
-878
-1176
-1395
-1536
-1592
-1528
-1485
-1317
-1082
-872
-764
-585
-448
-364
-256
-117
-4
104
323
458
579
690
853
865
771
604
422
217
50
-139
-389
-556
-602
-629
-679
-656
-645
-629
-563
-474
-477
-411
-198
33
192
388
670
919
1059
1134
1207
1233
1117
953
860
803
662
514
444
466
466
404
381
343
260
73
-88
-305
-617
-980
-1267
-1412
-1480
-1466
-1408
-1234
-1054
-860
-635
-350
-159
-45
66
194
325
470
581
662
707
740
765
802
733
576
393
232
99
-31
-233
-476
-625
-688
-705
-723
-719
-749
-754
-675
-517
-352
-244
-120
46
237
412
606
748
832
861
879
912
929
861
688
516
437
410
394
363
335
286
277
279
228
105
-91
-334
-589
-782
-965
-1115
-1222
-1247
-1228
-1107
-913
-694
-520
-320
-128
79
277
410
504
578
643
602
619
630
630
556
531
463
374
273
166
53
-68
-241
-431
-507
-552
-646
-718
-699
-661
-594
-432
-256
-142
-46
81
236
392
506
573
601
677
707
708
672
561
417
337
343
247
233
266
324
284
315
281
181
-8
-208
-387
-554
-731
-927
-978
-1065
-1109
-1065
-876
-791
-693
-533
-310
-136
-11
114
284
463
522
555
575
578
544
563
533
467
381
326
306
313
282
156
31
-76
-229
-372
-458
-526
-658
-679
-562
-389
-277
-138
11
153
299
410
493
459
386
324
310
296
281
265
272
262
207
178
232
256
219
234
273
233
120
58
-65
-269
-463
-575
-698
-833
-877
-839
-777
-724
-628
-495
-330
-210
-78
90
236
288
318
403
442
407
394
418
408
390
420
430
400
368
383
340
214
56
-72
-160
-255
-357
-428
-462
-453
-399
-326
-236
-147
-57
-14
45
76
67
33
42
48
32
78
182
274
275
278
313
312
293
321
390
379
361
348
300
192
13
-191
-398
-566
-758
-882
-939
-902
-876
-795
-657
-493
-366
-213
-52
14
38
88
166
156
161
201
292
375
475
583
702
721
686
677
663
548
376
235
87
-48
-134
-170
-209
-256
-282
-226
-140
-90
-110
-79
-41
-73
-116
-111
-117
-163
-189
-159
-86
-38
-13
66
205
306
357
437
540
560
533
504
433
265
70
-134
-345
-552
-738
-887
-967
-984
-969
-883
-759
-649
-550
-430
-359
-334
-302
-202
-119
-49
46
212
378
494
605
713
824
851
870
844
780
648
539
419
280
122
-10
-82
-125
-145
-169
-138
-67
-12
17
43
36
-15
-51
-71
-150
-249
-265
-231
-229
-229
-176
-42
106
236
365
487
554
547
541
521
457
286
83
-124
-319
-501
-649
-777
-864
-889
-835
-688
-551
-450
-373
-298
-291
-342
-396
-410
-424
-392
-274
-108
69
254
431
545
602
626
658
656
585
484
412
339
233
150
111
91
52
27
19
17
-3
-1
53
82
40
9
2
-34
-122
-179
-216
-275
-307
-286
-211
-113
10
168
347
477
568
645
696
663
591
501
362
169
-40
-232
-400
-529
-609
-634
-619
-556
-453
-354
-290
-243
-256
-325
-386
-446
-527
-560
-479
-385
-276
-90
114
286
430
542
552
542
533
465
341
239
150
53
31
41
32
59
121
144
149
196
216
171
119
63
-29
-148
-248
-325
-379
-447
-480
-465
-388
-291
-155
32
255
404
507
637
749
726
614
549
448
231
17
-89
-180
-282
-323
-306
-303
-295
-242
-174
-140
-182
-261
-315
-365
-456
-542
-546
-522
-463
-323
-132
34
190
328
416
452
430
375
313
237
128
43
1
-13
-19
-6
33
94
163
241
298
312
298
243
167
86
3
-114
-226
-341
-429
-459
-431
-393
-331
-222
-73
97
263
399
503
563
564
513
440
350
234
121
43
2
-35
-62
-78
-66
-94
-142
-167
-170
-219
-302
-371
-435
-492
-539
-565
-568
-533
-451
-326
-167
-41
53
159
265
313
299
282
246
168
62
3
-16
-24
-13
33
100
190
297
399
463
457
398
330
235
103
-25
-140
-270
-383
-411
-384
-336
-277
-178
-60
88
217
306
377
428
409
350
297
229
146
83
75
52
35
44
71
64
26
-5
-30
-69
-131
-189
-257
-339
-411
-462
-518
-567
-579
-527
-446
-377
-289
-161
-44
36
122
202
213
163
117
54
-30
-96
-127
-105
-15
106
205
338
481
545
544
531
470
334
173
36
-73
-191
-309
-378
-370
-316
-240
-162
-61
62
180
273
329
351
331
296
239
172
124
120
119
100
109
176
252
274
248
206
144
56
-39
-144
-264
-376
-457
-500
-532
-540
-512
-448
-398
-348
-260
-162
-109
-71
-3
38
34
18
6
-26
-70
-98
-94
-67
-22
66
184
293
380
438
456
431
379
278
155
48
-70
-197
-290
-345
-380
-378
-333
-246
-151
-51
43
110
146
157
156
143
114
77
62
72
83
110
171
232
249
241
244
245
202
140
82
13
-65
-140
-184
-211
-244
-280
-281
-273
-283
-271
-216
-173
-142
-88
-16
41
78
94
100
93
73
44
40
35
11
41
123
203
261
316
338
326
294
240
153
45
-78
-198
-277
-335
-396
-419
-379
-321
-257
-168
-81
-15
17
8
5
36
41
-12
-27
-4
23
61
122
176
207
243
263
247
201
141
81
29
-16
-81
-125
-109
-93
-119
-142
-155
-164
-162
-166
-156
-122
-74
-29
16
67
117
158
176
166
147
137
129
111
111
130
156
190
234
265
268
253
207
139
64
-40
-177
-290
-341
-391
-439
-440
-404
-351
-296
-233
-182
-142
-108
-71
-24
8
17
19
38
59
91
141
187
215
225
232
223
173
103
39
-13
-58
-103
-135
-149
-146
-127
-103
-101
-93
-56
-22
-11
-1
19
44
64
91
122
152
173
191
205
194
182
182
190
192
197
204
209
205
190
181
167
127
63
3
-49
-120
-183
-226
-262
-299
-323
-322
-322
-331
-321
-263
-199
-150
-95
-32
29
64
70
65
64
59
59
68
83
97
103
100
82
57
19
-36
-96
-161
-211
-236
-235
-216
-181
-141
-93
-19
51
77
85
98
89
65
66
82
100
118
151
191
218
238
263
286
271
222
175
136
93
49
4
-41
-58
-51
-59
-79
-86
-99
-134
-154
-174
-219
-267
-306
-322
-302
-237
-164
-97
-18
69
141
183
194
173
133
89
57
40
33
21
24
61
77
52
24
-5
-59
-131
-179
-191
-192
-187
-148
-89
-26
44
96
115
127
132
126
124
118
104
103
123
150
167
175
173
162
134
101
57
5
-44
-80
-97
-108
-109
-92
-61
-34
-34
-43
-50
-72
-116
-156
-168
-174
-183
-179
-147
-98
-43
10
58
102
141
176
190
179
157
129
110
92
74
60
48
19
-23
-57
-84
-121
-163
-181
-157
-120
-88
-48
12
70
100
118
131
122
100
83
71
58
55
66
92
119
129
139
148
135
104
61
14
-37
-90
-142
-184
-220
-225
-205
-178
-149
-114
-73
-47
-57
-91
-114
-129
-163
-199
-210
-182
-140
-105
-52
21
78
121
160
176
170
158
144
121
91
64
41
20
-11
-54
-89
-124
-167
-202
-200
-166
-122
-78
-16
60
132
181
206
217
207
178
153
149
140
126
143
181
204
218
237
241
227
200
156
89
29
-36
-109
-171
-221
-258
-276
-262
-230
-203
-191
-185
-163
-142
-140
-150
-159
-171
-169
-143
-109
-72
-31
19
74
124
163
184
195
196
179
142
106
74
40
-10
-62
-105
-141
-158
-170
-191
-190
-160
-115
-67
-17
37
91
135
162
185
203
205
197
189
191
203
207
208
216
214
213
215
198
157
112
63
11
-32
-82
-138
-179
-198
-207
-210
-207
-209
-211
-211
-208
-205
-194
-191
-195
-182
-170
-161
-144
-113
-86
-54
-5
51
109
153
172
169
165
152
113
64
14
-41
-92
-130
-152
-167
-175
-157
-123
-95
-71
-46
-15
20
47
66
98
132
156
182
220
245
253
249
236
212
194
181
162
149
154
158
151
133
108
83
52
-4
-64
-102
-134
-167
-188
-190
-189
-181
-173
-176
-178
-172
-175
-198
-215
-221
-219
-211
-195
-156
-88
-18
38
96
140
160
173
173
147
106
57
13
-24
-58
-80
-84
-88
-90
-82
-55
-36
-31
-19
13
37
48
64
79
91
111
137
150
164
177
179
182
182
180
178
171
146
114
100
81
46
15
-8
-30
-43
-55
-68
-72
-73
-86
-102
-113
-130
-164
-195
-220
-249
-270
-275
-264
-236
-197
-152
-90
-12
50
94
138
164
168
162
156
154
137
112
95
88
85
73
47
18
-4
-29
-49
-53
-54
-59
-51
-39
-32
-19
-1
13
14
14
17
22
35
55
89
122
139
148
163
163
144
118
81
41
17
4
-19
-41
-61
-72
-76
-92
-110
-128
-143
-158
-182
-204
-231
-256
-267
-265
-255
-229
-188
-135
-69
0
67
131
186
228
259
271
267
259
245
217
183
148
122
100
71
39
7
-24
-50
-77
-100
-113
-126
-126
-117
-106
-83
-63
-55
-52
-35
-16
2
25
49
75
102
129
146
158
157
140
125
105
76
51
29
-8
-44
-65
-82
-107
-143
-182
-212
-236
-265
-289
-304
-313
-314
-302
-261
-198
-135
-76
-6
67
137
198
248
279
291
293
299
304
297
278
251
224
200
174
141
104
64
29
6
-22
-47
-71
-97
-115
-122
-114
-113
-115
-111
-99
-81
-60
-40
-20
8
30
49
67
77
74
70
64
56
50
44
39
25
8
-8
-18
-42
-79
-120
-158
-187
-222
-251
-260
-258
-255
-247
-233
-213
-184
-159
-131
-90
-34
20
76
131
175
219
252
272
269
265
268
255
232
204
168
136
110
79
41
10
-15
-33
-49
-74
-91
-92
-86
-83
-65
-52
-52
-55
-49
-39
-27
-12
-1
6
19
43
53
66
81
89
91
82
62
45
32
11
-11
-31
-44
-60
-75
-90
-108
-125
-150
-176
-183
-183
-192
-194
-178
-151
-111
-66
-26
8
53
107
140
154
163
172
181
183
180
184
190
183
168
149
127
94
49
9
-22
-42
-60
-74
-81
-91
-99
-99
-87
-80
-81
-80
-66
-52
-46
-39
-28
-8
9
21
32
51
65
73
69
58
49
37
25
19
11
-5
-20
-31
-41
-55
-67
-87
-113
-132
-148
-152
-145
-143
-135
-113
-84
-53
-19
18
44
68
91
116
145
154
155
161
163
157
152
145
128
103
75
51
27
-6
-29
-36
-48
-76
-98
-106
-109
-122
-135
-140
-128
-108
-87
-63
-34
-11
0
14
33
44
52
61
75
81
77
75
72
66
63
63
49
31
6
-7
-23
-44
-65
-86
-109
-125
-132
-140
-148
-141
-115
-88
-61
-25
22
60
85
97
114
122
119
119
113
91
68
58
57
57
57
53
46
37
23
9
-9
-39
-63
-75
-84
-87
-88
-90
-89
-75
-58
-48
-32
-8
12
25
36
43
50
64
68
72
75
73
64
57
51
36
28
17
5
-11
-22
-35
-42
-47
-48
-50
-54
-54
-50
-44
-46
-52
-41
-26
-18
-12
2
21
34
41
51
57
61
70
67
57
44
37
29
10
-18
-39
-45
-53
-63
-74
-68
-56
-48
-46
-41
-39
-36
-27
-28
-22
-10
4
20
37
41
45
61
75
84
96
106
105
96
83
68
59
44
24
1
-4
-16
-31
-48
-67
-77
-80
-76
-75
-72
-77
-77
-62
-50
-45
-41
-39
-42
-38
-25
-11
-3
-7
1
22
41
48
46
44
42
31
18
0
-17
-29
-34
-40
-45
-45
-48
-47
-46
-36
-27
-21
-16
-10
-7
-2
0
9
24
38
52
67
86
100
116
120
114
108
104
91
76
60
47
40
28
11
-7
-26
-49
-74
-91
-96
-104
-107
-96
-89
-79
-63
-43
-23
-11
-4
-3
-3
-5
-6
2
12
19
30
41
49
55
52
37
16
-5
-11
-17
-25
-37
-39
-37
-45
-52
-60
-61
-67
-68
-62
-50
-39
-20
11
31
48
67
87
101
113
117
121
119
120
126
123
121
116
108
88
61
30
1
-25