1
0
-2
-1
1
1
-2
-3
0
2
0
-1
-2
1
3
-2
-4
2
1
0
3
0
-1
5
4
3
3
0
-2
3
2
-1
0
1
1
3
4
-1
-3
-3
-1
-3
-3
-6
-6
-2
-3
-3
-2
-2
-3
-2
-2
-3
0
0
-2
-2
0
3
2
-1
-1
1
5
4
-1
-1
1
5
5
3
3
2
3
5
4
-1
-1
1
2
1
-1
-2
0
0
-3
-1
-4
-6
-3
-2
-3
0
0
-4
-1
2
2
1
2
-1
-1
3
1
-2
-2
-1
-1
-1
-1
-8
-3
2
0
-3
-2
-1
3
4
-3
-1
4
6
1
-1
3
6
5
3
1
1
6
7
-2
-2
0
0
3
3
-4
-6
-2
0
-1
-3
-7
-6
-2
0
-3
-3
2
0
0
3
2
1
5
2
3
6
4
3
8
7
-1
2
7
1
-2
-3
-3
-3
2
-2
-9
-3
0
-3
-6
-3
-5
-3
-1
-2
-5
-2
2
-1
-2
1
0
2
7
3
1
8
14
10
7
6
12
15
13
10
9
14
14
10
7
8
8
10
10
9
8
6
1
7
12
9
7
12
17
16
20
16
12
8
16
9
-1
-3
-17
-29
-29
-32
-42
-41
-30
-27
-26
-28
-28
-31
-36
-47
-61
-65
-61
-61
-69
-69
-62
-41
-24
-24
-28
-38
-22
-3
-8
-18
-9
12
34
52
32
10
17
56
65
42
43
67
68
38
44
60
68
69
76
60
25
26
42
36
2
0
-14
-10
3
-5
4
34
65
68
62
74
73
79
94
60
36
43
64
59
64
58
52
22
-32
-41
-55
-50
-64
-104
-157
-142
-127
-174
-195
-182
-188
-209
-158
-67
-25
-42
-65
-85
-71
-34
-6
-27
-49
-65
-61
-62
-40
8
56
53
-25
-30
-10
-26
-39
-45
-47
14
129
156
164
198
232
236
224
195
168
178
186
132
44
34
68
104
90
83
6
-48
6
8
-69
-112
-52
-32
-69
-122
-159
-123
-42
8
40
27
37
42
-10
-10
-14
-12
6
43
22
10
48
20
-30
-52
-87
-115
-47
5
-39
-56
-9
29
-13
-41
-29
15
13
-23
-94
-182
-214
-180
-112
-152
-198
-136
-49
16
18
20
21
39
97
146
156
167
244
190
43
38
150
219
153
46
-28
-42
-98
-152
-178
-218
-295
-327
-302
-280
-249
-213
-147
-57
38
152
248
327
322
239
131
114
175
225
280
308
289
215
202
134
0
-54
3
45
58
-9
-122
-181
-120
13
-13
-201
-286
-132
2
-68
-195
-198
-160
-159
-105
-121
-240
-236
-23
37
-58
-35
143
283
260
106
-145
-117
174
332
43
-234
-25
345
276
-21
-31
175
289
156
-64
-104
151
337
236
88
56
326
507
529
161
-52
-174
120
125
-31
-144
-33
345
-863
-2450
-1434
2139
1803
-2145
-4429
-2182
1846
4032
556
-4799
-4393
1651
5169
2408
-2372
-4274
-1080
3509
4183
-368
-4048
-2668
1273
2709
1068
-1435
-2335
-1288
764
1584
454
-881
-637
474
1221
1856
1871
1400
1354
2099
2615
1495
-220
298
3322
3727
359
-2643
-2116
753
3361
1333
-4132
-5956
-1712
1821
625
-2957
-5762
-4736
-69
2609
-331
-3739
-3058
-177
2058
2467
713
-861
-1
2105
3167
2716
1370
828
1497
1922
1567
763
49
-502
-412
-732
-2448
-3436
-1994
-814
-2601
-4592
-4416
-2966
-1718
-1524
-3556
-4634
-2623
272
548
-3
-1
741
2104
4208
5034
4254
4040
4999
5844
6191
7186
6069
1931
-496
3810
8275
5101
-2458
-6124
-3913
1557
3923
-2774
-11738
-11199
-2977
883
-2254
-7997
-10685
-6583
1341
3213
-1739
-5168
-2818
1563
4983
5370
2991
1291
2780
5597
7027
6166
3888
2627
2939
3489
3380
2400
570
-1026
-1247
-1599
-2339
-2863
-3125
-4508
-5345
-5184
-6403
-7147
-4354
-1690
-4645
-7853
-6206
-1931
580
179
-3597
-5328
-922
5252
5118
959
-444
2800
6714
8334
6620
3785
3709
7176
9256
7647
5179
5351
5091
1408
-1357
1754
5330
1522
-5963
-9612
-6705
-457
2103
-4972
-14166
-13204
-3455
1843
-1244
-7683
-10794
-6120
3684
7174
1295
-3634
-1246
4229
8786
9636
5709
1727
3179
7461
9231
7224
3119
305
986
3345
3108
139
-2928
-3957
-3611
-3337
-4260
-5324
-5831
-6529
-6752
-6804
-7748
-7782
-3941
-1390
-4218
-7630
-5573
-206
3870
2943
-2179
-4507
897
8269
8072
2155
-885
2900
8487
10398
6662
1989
2173
7012
9724
7388
4196
3491
4699
3428
-1045
-3811
409
4371
-1011
-10185
-11755
-5357
1294
1269
-7967
-16567
-11900
813
4566
-2326
-9885
-10463
-2419
8396
9347
269
-4721
256
7892
12166
10351
3430
-797
3724
10161
10261
4530
-949
-1974
1845
4970
2001
-3825
-5984
-4285
-3066
-3634
-5950
-7505
-7039
-5162
-5780
-8653
-9240
-4548
266
-1966
-7912
-8815
-1603
5743
5308
-2611
-6663
-924
8928
10492
3274
-3106
-123
8023
11922
7598
1095
439
5516
9787
9225
5531
3504
4338
5925
3473
-2297
-4082
2197
5797
-1996
-11853
-11540
-3416
3650
1646
-10301
-18856
-10622
4347
6275
-3975
-12669
-11345
-46
11881
9497
-3918
-8688
982
11217
13128
7207
-870
-2521
6051
13131
9371
718
-2440
711
4923
5135
-32
-4818
-4309
-1394
-2119
-5111
-6889
-6322
-4937
-7065
-11502
-10270
-3057
-868
-6279
-11516
-9749
-1293
6463
2888
-6796
-7994
2276
10302
8333
1291
-1986
2308
10226
12640
6707
1388
3089
7902
9248
8049
6176
5083
4666
6605
7820
1946
-6920
-5558
5219
7237
-4790
-16047
-14042
-2361
7058
1376
-15731
-22419
-7153
9042
6519
-7603
-16020
-10842
5354
15849
6519
-8600
-6912
6763
14008
11643
5005
-714
886
9346
12305
6223
303
452
2243
3196
2165
-1036
-3685
-3021
-3030
-5479
-7345
-6399
-5477
-8513
-12905
-11478
-4326
-2227
-7782
-12153
-8993
-1676
3432
1102
-5000
-5512
2765
9188
7173
1913
1161
4987
9865
10492
6271
2966
5232
8270
7757
5499
5184
5853
5311
5173
5531
6734
4018
-5055
-11714
-1687
12176
5463
-14937
-21386
-9318
6167
10250
-4107
-23769
-21163
2966
14736
3322
-12370
-16425
-6852
11789
17737
2108
-11268
-4174
7757
12918
12757
5836
-4630
-2330
10067
13771
6031
-725
-3196
-1599
3976
5257
-2021
-7245
-5470
-4527
-6207
-6614
-7654
-10871
-10855
-7348
-5765
-7694
-9617
-8244
-4105
-767
-1521
-3642
-2156
2803
5630
3985
2012
3568
7072
8921
8223
6141
4913
6256
8319
8150
5897
4811
5233
6287
6125
5525
4876
4600
5443
2443
-7365
-11438
1915
13347
1274
-19278
-21089
-5786
10068
10541
-8389
-28031
-18272
9475
17404
299
-16659
-18436
-3146
18143
18826
-3320
-15591
-3262
12186
16450
10765
-985
-8111
1605
15022
12907
1004
-4646
-3168
1075
4604
1852
-5550
-7481
-5182
-5802
-9328
-10317
-8686
-7111
-8586
-12102
-12566
-7814
-2104
-1159
-5831
-8788
-3789
5247
8443
3718
-1210
110
7460
14026
12376
4724
2019
7324
11905
10665
7278
4667
3237
4463
7880
8718
4539
1518
2324
6319
6801
-2724
-14572
-8097
11725
11679
-11433
-25515
-14059
6354
15012
701
-24142
-27022
807
19944
8475
-12883
-19404
-9438
11575
21680
5509
-14819
-9942
7777
15871
12618
3891
-6413
-4552
9662
15840
6114
-3602
-4812
-1470
3286
4463
-2521
-8718
-7217
-4748
-6772
-9984
-11349
-10049
-6870
-7458
-12334
-12949
-5359
1457
-815
-7437
-7277
634
8461
8335
2211
-1833
2942
12188
14821
7508
1352
4227
10222
10686
6878
2632
1430
3528
5948
4759
1472
827
2853
4104
2842
4464
4088
-5819
-13940
-2159
14689
8696
-13123
-21345
-8906
10367
17343
1058
-23815
-22209
5628
20401
7222
-11993
-18874
-9249
12638
21484
2845
-16350
-9483
7149
13648
10978
2257
-9220
-6635
9143
14432
2916
-6046
-5713
-2026
1959
3239
-3475
-11748
-12347
-7352
-4296
-5226
-8185
-11957
-12855
-7942
-1108
-117
-5090
-8549
-4996
2372
6854
5098
609
-253
4844
10276
11132
8068
4613
4061
7041
9767
8057
4208
2179
2665
3326
3547
3316
2879
1388
1295
2926
4923
6234
2249
-8883
-12972
2546
17201
5884
-17187
-20736
-2869
15586
15362
-5589
-25898
-16156
11012
19184
2143
-15318
-18670
-4732
15895
17863
-3874
-17380
-6579
8100
11848
8482
-1145
-10895
-5042
10503
12055
232
-6534
-4956
-1763
1887
1891
-6377
-13058
-9086
-2019
-2972
-8205
-10242
-8925
-5781
-2339
-2569
-5507
-5746
-1553
1388
1493
1068
1967
3379
5334
6379
6093
6470
8183
7568
5554
5361
6368
5649
4664
4557
3614
1709
1808
3871
4792
3197
2067
2124
4418
4895
-2431
-11153
-5497
10319
10545
-7420
-18618
-9450
7777
14527
2729
-17608
-20304
781
16657
8258
-9892
-17287
-9106
9015
17350
3209
-14259
-10643
4218
11170
7915
297
-8359
-6442
5939
11763
2829
-5513
-5016
-1924
-510
-785
-4444
-7981
-6669
-5075
-7595
-8603
-4533
-2062
-5285
-8962
-6912
-1359
3081
1598
-3840
-5477
1595
9241
8774
2997
553
3158
8352
11762
8862
1891
532
5432
7410
4713
3072
2258
-104
-290
3495
5838
3535
765
417
3190
5479
140
-8894
-6219
8037
11007
-3487
-15136
-8829
6544
13794
3954
-14494
-18506
-587
14722
8575
-8826
-17007
-9189
7940
14874
1774
-13573
-10981
2256
9709
7455
-1459
-10114
-6886
6066
10578
2160
-6093
-6785
-3259
709
1743
-2675
-7009
-7438
-5913
-5023
-2889
-1182
-3639
-8076
-7427
-1489
3333
1969
-2157
-4092
-1486
3914
8113
6347
1205
89
3944
7615
8970
7134
2523
285
3992
7453
5289
1949
1313
1040
1010
3529
5202
2934
1396
2994
5179
3260
-3202
-7055
-1451
7683
6541
-4777
-12910
-8072
5526
11867
1943
-13870
-15276
-1801
10122
8541
-4909
-17206
-11430
7130
14187
2084
-9623
-10073
-2314
8320
11924
271
-12570
-7629
6081
8472
839
-5255
-6917
-4980
-488
966
-3234
-6302
-5623
-5919
-6870
-3171
878
-2146
-7485
-6145
-205
2960
1968
-194
-1525
301
4348
6507
5034
3357
3557
4943
6199
6438
5686
4539
3446
3153
3887
4376
3417
1914
1056
1487
3035
3911
3182
2159
3465
2849
-3127
-7152
-159
9011
4882
-8508
-13263
-4120
8582
10236
-2286
-16417
-12505
4615
12072
2279
-10368
-13737
-5252
8534
11872
-1590
-13046
-7696
4235
8263
4791
-2303
-8729
-5602
4885
7546
-638
-6826
-5752
-3248
-1258
500
-1691
-6775
-8439
-4857
-1649
-1272
-3453
-6539
-6684
-1753
2553
1066
-2941
-2841
988
4587
5258
3074
569
2055
6728
8408
5430
3085
3539
5013
6447
6910
4415
1407
2195
4529
4172
2474
2445
2628
2391
3344
4802
3616
-2406
-7461
-3444
6765
7726
-3989
-13817
-9222
3936
10960
2886
-12348
-16070
-2211
10798
7781
-5500
-13823
-9444
4488
12461
4001
-9227
-9937
-657
6685
7332
1463
-7207
-8063
1080
6421
1131
-5279
-6124
-5330
-3725
-880
-946
-4976
-7508
-6337
-3983
-1633
-746
-4081
-7826
-4997
1797
3529
-474
-3072
-853
3753
6383
5110
2199
2114
5401
7992
7439
5507
4615
5160
6299
6762
5721
4024
3469
3661
3147
2190
2318
3112
2778
1729
1456
248
-4159
-6221
-1107
4293
189
-8481
-10859
-4239
4478
6361
-2696
-12775
-9131
4132
9466
2678
-6315
-9429
-2748
9004
11088
-610
-9357
-4632
4714
8152
4391
-3900
-8312
-2490
5128
2504
-5382
-8205
-6806
-4622
-2112
-2351
-6742
-9226
-7180
-3984
-1918
-1664
-5035
-7977
-4670
1516
2285
-609
-1706
-271
2522
6248
7431
4515
2196
4356
7888
8712
7320
5443
3567
4009
7230
8472
4844
1337
2105
4356
4357
2426
36
-702
1169
3536
2534
-2109
-7207
-6723
866
6267
-415
-11790
-12018
-856
8021
5449
-4909
-11806
-6020
6362
10442
2719
-6120
-7490
-165
9472
10242
44
-8110
-5061
3259
8008
5227
-4043
-10800
-5296
4927
4412
-6429
-13213
-10287
-3489
15
-3147
-10185
-12235
-5945
137
-1167
-5158
-6051
-4304
-1633
1943
2723
-267
-1289
2255
5267
5665
5550
5000
3657
4550
7289
7962
6206
4505
3539
3491
5607
6944
4441
1278
1489
3474
3487
2288
973
114
496
2234
2913
-583
-6238
-6639
117
5827
974
-8965
-12036
-3422
7424
7697
-3673
-12579
-6798
5862
10247
4016
-5382
-8550
-581
11020
10658
-1146
-7993
-3935
3334
7224
4754
-4229
-10040
-4414
3978
2702
-5863
-11156
-9557
-4746
-2154
-4307
-8273
-8951
-6209
-3698
-3059
-2680
-2651
-3516
-3528
-479
2633
2300
568
876
2684
4703
6491
6341
3898
3279
5977
8061
6472
3946
3115
4011
5589
5899
3447
1017
2347
4756
3666
1205
728
1060
1321
2088
2567
204
-4062
-6677
-3107
3919
4694
-4090
-11578
-7745
3278
8890
2816
-9064
-11791
-825
10532
9115
-1908
-9847
-6157
6623
13443
4716
-8090
-8945
618
8071
6459
-2592
-10336
-7027
2682
5074
-3149
-11027
-10104
-4044
-1012
-4166
-8454
-8843
-5517
-2708
-3109
-4431
-3802
-2012
-1733
-1649
455
2022
1202
964
2602
4136
4570
4971
4414
4001
5199
6988
6734
4688
3419
4175
5766
6203
4405
2105
2014
3908
4428
2368
1074
1448
2197
2000
1845
1100
-1648
-5392
-5420
-85
3707
-990
-8856
-9963
-2278
5676
5048
-4366
-11552
-5940
5729
9892
2922
-6465
-8495
944
12030
9956
-2861
-8973
-2678
6216
8437
2258
-7378
-9259
-506
5849
591
-7585
-9436
-6489
-2711
-1690
-6195
-10926
-8481
-2685
-1889
-5124
-6720
-4532
-1087
631
-871
-2143
-385
2169
3281
3841
3474
2557
3851
6645
7115
5461
4819
5321
5765
5932
5915
4774
3779
3845
4190
3457
2587
2088
1524
1440
1549
1074
149
739
1794
-1408
-7483
-7142
1212
5826
-1291
-10359
-10177
-353
8213
5943
-5844
-12066
-3414
8922
9995
1255
-7205
-6824
3049
12243
7300
-4995
-7659
-114
5424
4500
-279
-6198
-7374
-1398
2483
-1170
-6672
-7904
-6423
-3407
-1715
-5700
-10946
-8770
-1510
199
-4884
-8153
-4836
1285
3547
146
-3521
-1997
3927
7192
5031
485
36
4807
9313
8231
3956
2000
4271
7461
8001
4713
1548
1646
4204
5226
3447
562
-462
839
2714
2155
-403
-1475
894
3068
-849
-7919
-7732
1828
7223
97
-10363
-10318
287
10109
7288
-5357
-12118
-3268
8943
10401
1575
-7388
-8062
2000
11770
7616
-4866
-8464
-2064
3626
4375
739
-6292
-9173
-3224
2728
295
-5159
-7547
-7166
-4554
-783
-1625
-7692
-10342
-5371
259
30
-3786
-5959
-3783
1520
4472
1482
-2497
-885
4184
6136
4141
1729
1934
4944
7604
6368
3150
2896
5371
6362
4582
2698
2325
2860
3226
2653
1259
280
682
1121
728
287
735
879
923
544
-2398
-6265
-3506
4378
5638
-2872
-9326
-5553
4068
9487
4205
-6976
-10095
-348
9578
8358
-1201
-9498
-7810
3757
11594
4573
-7681
-10153
-3119
4482
6021
-1309
-10842
-9985
309
5444
169
-6793
-8459
-5076
149
1758
-3243
-8636
-6973
-1148
1119
-1216
-3920
-4349
-1736
2356
3391
199
-1988
293
3292
3720
2673
1831
2121
3789
5141
4555
3582
3927
4235
3651
3685
4141
3241
1168
1085
2541
2701
809
-368
81
1192
2058
1752
467
497
712
-2653
-5301
-376
6693
3489
-5923
-8739
-1309
7432
8873
-252
-10268
-7657
5167
11061
3887
-7454
-11511
-3746
8942
9979
-3352
-13049
-7743
2884
6813
1902
-7561
-11702
-4102
5394
4153
-3869
-7419
-4779
-497
1773
278
-3535
-5329
-4123
-2027
-589
175
-839
-3635
-4363
-283
4276
2871
-1899
-3254
-105
3464
4735
2477
-884
-238
4549
6592
4038
1518
2161
3931
4943
4115
1844
793
2256
3549
2157
341
812
2125
2126
1475
1362
1867
2662
1663
-3342
-5384
1314
8578
3712
-7045
-9340
-928
8375
8650
-1922
-11946
-7844
5269
9941
1896
-8928
-11936
-3492
8027
7499
-5285
-12678
-7006
2328
5881
1617
-7044
-10255
-2376
6229
4759
-2531
-6186
-3943
1373
4635
1242
-4665
-5288
-1621
361
-652
-1868
-2779
-2921
-2070
-852
122
250
-620
-1653
-1269
834
2987
3256
963
-422
1744
5047
5646
3701
1995
1795
3583
5309
4156
1058
128
2008
3006
2150
903
479
961
2345
2863
1878
1745
1482
-2369
-4524
1284
7887
3687
-6020
-8420
-1405
7721
9038
-941
-12123
-8847
4072
9596
2478
-8477
-13226
-5517
7623
8651
-4650
-13340
-8299
1498
6275
2839
-6571
-10669
-2037
7517
5523
-2214
-4879
-2062
2130
4184
1638
-2813
-3609
-1385
-658
-1569
-1225
-821
-2759
-4833
-2786
1166
1640
-1699
-4085
-3004
856
4202
2994
-1420
-2328
2255
6253
5455
2423
848
2056
4667
5523
2922
299
1057
3045
2725
1217
723
1346
2150
2959
2484
1583
2577
3012
-1457
-4783
1110
8396
4536
-5566
-8157
-1056
8015
8690
-1974
-12555
-8351
4057
8327
1059
-9293
-13933
-5962
7229
7539
-5895
-13629
-8130
1011
5933
3358
-5673
-9825
-1571
7574
6276
-47
-3110
-2298
1931
6043
3695
-2683
-4182
-808
433
-1118
-1954
-2214
-3143
-3584
-2531
-1169
-385
-971
-2700
-3700
-1344
2391
2818
-406
-1628
1152
4342
5019
4033
2330
1668
3328
4920
3768
1922
1881
2237
1765
1893
2297
2356
2575
3151
2400
2168
3902
2691
-3176
-4319
3385
8006
1391
-7205
-7418
240
8151
6301
-5867
-13714
-5986
5296
6364
-2146
-11757
-13747
-2794
8913
4581
-9232
-12910
-5279
3563
7117
2436
-7344
-8513
2093
9857
6489
-423
-3350
-1348
4283
7831
3487
-4013
-5480
-1047
1927
499
-2815
-5164
-5094
-2730
-422
-674
-2799
-4041
-3577
-1874
409
1590
213
-1505
-471
2521
4482
4449
3146
1643
1982
4096
4965
3290
1954
2097
2353
2149
2615
2907
2880
2692
2760
2471
3440
4721
1530
-4470
-3380
5536
8248
-496
-8941
-6998
2250
8869
3929
-8832
-13646
-3843
6151
5198
-4478
-13552
-12658
287
9418
1790
-10860
-11739
-3152
5486
7639
335
-9379
-6473
5837
10774
4642
-1867
-3262
429
6615
7910
1162
-5213
-4269
55
1338
-385
-3197
-5573
-5823
-3010
-31
-843
-3768
-5117
-4045
-1692
1465
2162
-1211
-3098
369
4353
4892
3503
1995
988
3067
5824
4769
1644
1669
3522
3269
2392
2638
3239
3275
3704
3475
2816
3962
3743
-1794
-5059
1682
8803
3309
-7177
-8954
-1485
6752
6658
-3975
-14266
-9353
3226
7021
-1210
-11572
-14653
-5067
7732
6535
-6804
-12788
-6221
3476
8076
4193
-6005
-8654
1811
10971
7938
221
-3022
-875
4964
8649
3820
-3956
-4627
-155
736
-2041
-3304
-3411
-4137
-4683
-3769
-2752
-1785
-1694
-3672
-5516
-2750
2192
2995
-336
-2169
-752
2810
6283
6171
1595
-868
2891
6937
5661
2393
1627
1974
2868
4280
4511
2734
2355
3530
4247
4585
3067
-2578
-4918
2371
8845
2400
-8413
-9101
-705
7299
5678
-5350
-14296
-8351
3621
6635
-1835
-12116
-14258
-3373
8408
5453
-7255
-11338
-5189
3256
8179
4607
-6148
-8529
2495
10707
7089
465
-2609
-1824
4045
9045
3997
-4702
-4858
66
582
-1852
-3190
-4658
-5261
-3298
-1829
-3090
-3827
-2838
-2291
-2556
-1902
-581
662
1177
870
208
1134
3673
5272
3760
1509
2089
4588
5144
3550
2490
2354
2716
3482
4064
3182
2776
3452
4308
4438
1978
-3137
-3726
3709
8023
511
-9005
-8443
449
7935
4793
-7463
-14610
-6576
4722
6100
-2752
-13107
-14513
-1463
10571
4721
-9196
-11352
-3536
4884
9103
3951
-7982
-8668
4453
11900
5962
-890
-2762
-1225
4614
9106
3359
-5282
-4715
362
436
-2255
-3490
-4953
-5710
-3690
-2004
-3303
-4154
-2693
-2042
-2955
-2280
-10
1040
751
548
230
1362
4334
5642
3242
1738
3324
5146
5257
4621
3022
1850
2819
4843
4682
3476
2945
3413
4641
3954
-1745
-5536
381
7577
2757
-8189
-10547
-2776
6482
6807
-4237
-14882
-9853
3311
7855
23
-10967
-15127
-4733
10081
9254
-5857
-12895
-5758
4714
10154
6339
-5672
-10645
301
11346
8648
-269
-4416
-3091
2972
8529
5259
-3766
-6184
-1362
1340
-645
-3446
-5755
-6395
-4149
-1593
-2525
-4589
-4088
-2170
-1549
-1318
-220
226
172
1090
2062
1867
2647
4490
4326
2778
3611
5239
4843
3982
4010
2993
2222
3808
5138
3751
2387
2744
3908
4084
343
-4891
-3263
4642
5305
-4121
-10855
-7023
2438
7450
1025
-11316
-13354
-1965
7769
5129
-6157
-14736
-9663
5794
11942
834
-10872
-9556
139
9287
10072
-582
-10593
-5203
7371
10203
3230
-3517
-5442
-934
6688
6959
-1199
-6048
-3001
81
-543
-1983
-3905
-6017
-5358
-2382
-1601
-3134
-3657
-2734
-1974
-769
547
498
-357
353
1954
2877
2861
2941
3194
3828
4298
4418
4136
4096
3987
3820
3118
2853
3252
4229
4021
3151
3136
1926
-2406
-3932
1788
5798
-124
-8441
-8854
-2161
5252
5218
-4495
-13010
-7806
3518
7683
1490
-8658
-13234
-3548
10049
9270
-3799
-10557
-5980
3659
10621
6987
-5558
-9999
-221
8550
6528
-157
-5322
-5815
920
7324
3268
-5211
-6232
-1762
237
-918
-2994
-5236
-5124
-2721
-1821
-3264
-3302
-1367
-831
-2248
-1983
747
2732
1626
-289
-341
2293
5249
5334
2216
388
2869
6387
6501
3773
1720
2243
4438
5796
4502
2043
1875
4562
5050
-653
-5934
-1883
5976
4527
-5478
-11366
-7027
3087
7967
165
-12294
-12590
-750
8729
6466
-4699
-13937
-8271
7840
13485
2203
-9413
-9410
-248
10636
11920
-938
-12156
-5911
7117
9812
2691
-5557
-9374
-3820
6300
6669
-3547
-9288
-5296
-154
641
-1982
-5690
-6272
-2820
-457
-2083
-3698
-2232
122
68
-1097
-383
1704
2579
2232
1138
272
2162
5727
5428
1550
457
3347
6033
5969
3716
1060
1664
5159
6631
3904
1857
2236
330
-3159
-1162
4310
2821
-4823
-8876
-6284
30
5223
1768
-8812
-12224
-3388
6153
6849
-917
-10421
-9700
3830
13553
7231
-4711
-8376
-2550
7452
12323
4520
-7690
-8142
1784
7983
5317
-1681
-8065
-7602
432
5185
-222
-7378
-7572
-4110
-1980
-1511
-2921
-5237
-5093
-2251
-919
-1523
-1128
160
-316
-1316
185
2640
3026
1933
1153
855
2257
5176
5562
2045
-129
1972
4845
5098
3447
1522
1058
3188
5728
5381
3541
1914
-1427
-4380
-697
5797
3795
-5509
-10804
-7114
1796
7641
1884
-10583
-13400
-2955
7527
7990
-1143
-11374
-9420
5563
14886
7944
-3521
-6905
-1601
8524
13719
5197
-7410
-7192
2684
7656
4646
-1904
-8064
-7796
-305
3358
-2090
-8181
-8994
-7540
-5121
-2046
-2520
-6473
-7694
-4025
-49
1230
370
-1136
-1754
533
4138
4828
2175
971
2399
3695
4601
5404
4081
1794
2434
4292
3853
2654
2873
2592
2025
3015
4274
3940
1835
-2195
-4543
-57
5624
2219
-7287
-10928
-5378
3337
5856
-1970
-11938
-10735
-223
7451
5103
-4097
-10839
-5115
7762
12280
4820
-3058
-4173
1331
10067
12730
4177
-5060
-3166
4211
7459
4914
-1158
-7672
-7211
-260
2674
-2602
-8967
-11061
-9135
-4485
-1652
-4944
-10396
-9828
-3474
1064
312
-1931
-2227
-229
3136
5451
4447
2271
2640
4606
5607
5737
5429
4300
3586
4121
4566
4026
3453
2908
2161
1813
2737
3852
1629
-4074
-5940
-61
4690
585
-7317
-10219
-5787
2656
5431
-2538
-11737
-9913
-575
6412
5141
-3602
-10634
-4703
7904
11550
4465
-2613
-3815
1681
10195
11910
3685
-3560
-1733
4020
7247
5925
-355
-6641
-5307
494
960
-4465
-8957
-10059
-8236
-4819
-4164
-7494
-9301
-6615
-3388
-2107
-1654
-1690
-1699
-151
2684
4089
4294
4475
4995
5054
5995
7086
6873
5245
4551
4620
4832
4718
4210
3223
2617
2768
1376
-2466
-5028
-1706
2512
304
-6700
-10186
-6998
69
3980
-616
-9073
-10553
-3279
5009
6272
-989
-9049
-6571
4534
10980
7027
-614
-4610
-851
8213
12291
5745
-2475
-2690
2513
6638
6450
1468
-4668
-5011
-577
1450
-1233
-5130
-8224
-8918
-6154
-3125
-3824
-7163
-8680
-6472
-2635
-564
-972
-2333
-2648
-457
2946
4408
3615
3225
3627
4312
6029
7351
6071
4018
3859
4550
4979
5452
4906
3277
1478
-1115
-3377
-1374
2215
280
-6072
-9715
-7648
-1431
3152
-546
-8827
-10345
-3579
3495
5311
531
-6679
-6322
3230
10092
7554
1552
-1835
-360
6161
10930
6510
-1458
-2821
1283
4270
4329
1057
-4610
-6199
-1750
1078
-1870
-5624
-7012
-6416
-3989
-2323
-4132
-6198
-4901
-1925
-286
-609
-1504
-598
1785
2877
2371
2066
2425
3604
4913
4823
3635
3574
4078
3981
3755
3680
2759
2024
1799
-415
-3615
-2784
1161
926
-4211
-8180
-7275
-2673
1695
187
-6297
-9548
-5390
1633
5511
2824
-3893
-5567
1538
8954
9204
4281
-661
-1450
4124
9986
8330
1605
-2090
-1275
1485
3671
2269
-2847
-6474
-5671
-3769
-3449
-3880
-4939
-7400
-8129
-5284
-2332
-2006
-1933
-1886
-2782
-1317
3310
5563
3620
2321
3104
4766
7152
8760
6573
3365
3479
5843
6557
5108
2665
458
389
803
-1584
-5024
-4693
-2853
-3951
-7031
-8840
-8248
-5008
-2185
-3714
-7326
-7579
-3721
1356
3919
1285
-2770
-1352
4712
8996
8532
4638
1007
2637
8174
10141
6366
1765
-399
313
3258
3709
-1212
-5929
-5599
-3808
-3829
-4678
-6163
-7873
-7632
-5886
-4608
-3960
-3705
-3382
-2131
-523
641
2064
3300
3647
4344
5652
6303
6597
7496
7609
6689
6230
6505
6224
5786
4932
1771
-2265
-2460
438
533
-3840
-8544
-10029
-7354
-3300
-3293
-7859
-11209
-9612
-4921
-594
-536
-4472
-6152
-2000
3213
5408
4748
2423
1005
3878
8328
9060
6160
3363
2553
3264
4217
3655
1521
-910
-2397
-3143
-3032
-2234
-2188
-4361
-6616
-6464
-4393
-2330
-1513
-2863
-4415
-2948
638
2872
2846
2022
1741
3414
6148
7322
6098
4521
4311
5445
6227
4713
1361
-958
-305
1509
1300
-2075
-5911
-6638
-3947
-1635
-2612
-5689
-7620
-6499
-2825
-90
-1222
-3994
-3696
-622
2113
3105
2256
179
-61
2310
3798
2854
1552
591
-387
82
1247
857
-764
-1885
-2717
-2381
-708
-147
-1698
-2769
-2258
-765
1102
1841
701
-130
930
2629
3886
4099
2947
1954
3015
4827
4997
3772
2783
2713
3061
2551
567
-1261
-1373
-825
-1609
-3709
-5485
-5453
-3784
-2486
-3153
-5026
-5884
-4395
-1698
-515
-1621
-2634
-1783
482
2845
3851
2563
1005
1637
3511
4312
3484
1450
-555
-175
1742
1416
-1580
-3476
-2865
-1705
-1575
-2648
-4302
-4514
-2543
-691
-1032
-1904
-1335
310
1988
3233
3460
2750
2849
4299
5793
6082
5670
4986
4565
4606
4436
3165
1538
498
28
-640
-2054
-3877
-4818
-4254
-3742
-4359
-5519
-6122
-5574
-3654
-2058
-2576
-3767
-2789
-138
1695
1861
1231
904
1877
3346
3312
1958
1067
1005
1102
859
-417
-1917
-1905
-986
-1295
-2620
-3582
-3498
-2416
-1202
-1469
-2319
-1864
190
2001
2659
2353
2371
3280
4725
5675
5573
4815
4188
4398
5024
5291
3901
1225
-784
-766
-58
-372
-2321
-4968
-6213
-4777
-2783
-2904
-4631
-5708
-4975
-2558
-300
-662
-2301
-1682
1158
3181
3326
2356
1544
2176
3657
3822
2347
896
185
-125
-459
-1319
-2693
-3692
-3828
-3718
-3888
-4150
-4210
-3899
-3212
-2438
-1630
-707
274
1100
2162
3511
4637
4789
4550
4980
6228
6897
6227
5059
4564
4566
3952
2549
809
-380
-810
-1197
-2733
-4596
-5155
-4636
-4336
-4703
-5450
-6026
-5083
-3177
-2170
-2450
-2212
-1182
284
1975
3125
2701
1966
2655
4106
4556
3727
2385
1306
1084
1302
781
-703
-2079
-2770
-3012
-2972
-2906
-3344
-3943
-3992
-3376
-2513
-1467
-714
-418
119
1117
1883
2638
3887
4751
4519
4229
4751
5403
5293
4605
3539
2190
1481
1650
1137
-674
-2219
-2791
-3174
-3168
-3143
-4073
-5311
-4893
-3523
-2945
-3215
-3318
-2880
-1749
-370
-66
-780
-580
1023
2285
2175
1225
543
946
2266
2640
1269
-494
-751
410
1618
1282
-424
-1801
-1197
554
1473
715
-425
-549
509
1685
2253
1922
1160
1050
1912
2788
2844
2477
1500
553
505
1112
662
-415
-1238
-1761
-2177
-2087
-2024
-2351
-2666
-2614
-2570
-2461
-1972
-1327
-1085
-1099
-857
-302
77
238
465
752
805
451
54
-3
200
383
358
-315
-1482
-1764
-764
-22
-457
-1324
-1789
-1267
238
1167
440
-482
322
2012
2939
2629
2031
1788
2854
4392
4665
3242
2261
2701
3403
3277
2181
804
32
253
149
-976
-2289
-2758
-2499
-2271
-2807
-3884
-4213
-3318
-2258
-2129
-2786
-3537
-3400
-1837
-271
-628
-1986
-2234
-1191
68
978
757
-449
-913
110
1132
1208
839
332
-5
523
1558
1856
1392
1000
1011
1612
2461
2651
1938
1447
1623
2152
2563
2406
1620
1100
1521
1950
1444
241
-679
-817
-354
-250
-1268
-2490
-2838
-2123
-1161
-779
-1707
-2662
-2250
-787
183
290
-402
-1077
-615
888
1664
967
-281
-943
-864
-223
257
-333
-1930
-3098
-2735
-1561
-887
-1414
-2528
-3110
-2227
-570
511
270
-420
-332
1022
2496
2997
2714
2435
2721
3749
4863
4837
3947
3491
3661
3598
3124
2440
1344
336
71
-68
-952
-1966
-2267
-2250
-2431
-2640
-2891
-3121
-3048
-2511
-2165
-2519
-2897
-2468
-1624
-1240
-1404
-1642
-1664
-1149
-262
201
-263
-866
-705
78
734
908
515
-82
-42
801
1441
1316
854
497
565
1411
2172
1958
1155
874
1223
1952
2542
2481
1740
1298
1537
2110
2292
1719
652
-71
59
443
323
-534
-1460
-1934
-1479
-528
-307
-1396
-2304
-2028
-1011
-492
-945
-2213
-2913
-2308
-1286
-1132
-1725
-2381
-2292
-1331
-414
-544
-1125
-1222
-793
-187
203
42
-315
-108
422
708
776
861
885
922
1211
1483
1537
1577
1660
1742
2120
2698
2700
2143
2040
2619
3081
2809
1831
759
589
1278
1531
509
-544
-756
-297
88
108
-682
-1709
-1982
-1477
-1332
-1791
-2496
-3188
-3637
-3424
-2933
-2932
-3305
-3410
-3167
-2786
-2174
-1468
-1171
-1193
-934
-293
311
867
1305
1424
1366
1856
2651
2996
2761
2548
2559
2716
2912
2711
2055
1544
1715
1740
1206
518
292
100
-43
-208
-630
-1201
-1157
-818
-891
-1007
-700
-425
-310
150
610
687
792
1111
1037
699
684
734
410
27
-208
-628
-1055
-1118
-1176
-1710
-2375
-2691
-2726
-2677
-2731
-3034
-3404
-3241
-2444
-1860
-1984
-2241
-1818
-730
489
1071
1041
1198
2241
3618
4472
4543
4328
4392
4843
5155
4634
3610
2831
2551
2136
1270
82
-745
-891
-941
-1460
-2271
-2658
-2679
-2474
-2444
-2658
-2981
-2849
-2389
-2041
-1895
-1582
-1206
-987
-511
192
606
551
570
754
979
1034
851
436
226
364
464
53
-599
-1010
-1057
-909
-827
-1159
-1674
-1554
-766
-142
55
171
378
807
1575
2073
1767
1273
1323
1667
1865
1940
1735
1137
769
1094
1528
1553
1263
696
30
-38
409
450
-180
-906
-1273
-1170
-847
-912
-1348
-1660
-1567
-1217
-823
-699
-878
-1001
-988
-795
-424
-185
-588
-1144
-1009
-383
-220
-641
-1175
-1487
-1243
-602
-290
-614
-810
-513
11
492
944
1292
1341
1263
1365
1760
2075
2171
1919
1557
1583
2114
2242
1580
956
960
1265
1308
897
21
-654
-626
-315
-626
-1382
-2029
-2342
-2397
-2083
-1915
-2300
-2779
-2657
-1935
-1125
-665
-732
-815
-330
810
1862
2070
1529
1323
1865
2571
2544
1817
1040
856
1166
1214
529
-574
-1123
-912
-498
-806
-1749
-2620
-2517
-1743
-1202
-1442
-1906
-1916
-1172
-35
576
399
353
1065
1953
2523
2832
2784
2449
2440
2802
2906
2497
1767
895
277
166
36
-691
-1713
-2423
-2651
-2666
-2640
-2852
-3230
-3288
-2829
-2391
-2264
-2045
-1486
-717
-89
223
362
854
1721
2401
2465
2190
2170
2464
2605
2392
1982
1570
1308
1201
898
269
-354
-758
-1131
-1440
-1566
-1732
-2033
-2145
-1887
-1553
-1178
-635
-251
-179
54
763
1431
1670
1556
1391
1493
2028
2413
2110
1481
1154
1036
861
437
-429
-1378
-1760
-1788
-2208
-2832
-3114
-3020
-2795
-2458
-2248
-2233
-1904
-1199
-565
-204
130
531
1135
1811
2116
2097
2294
2744
2987
2947
2753
2404
2024
1744
1374
943
622
188
-569
-1232
-1443
-1444
-1557
-1885
-2334
-2570
-2258
-1647
-1252
-1208
-1133
-731
-218
170
422
662
885
1121
1351
1484
1456
1366
1445
1564
1484
1191
967
832
679
383
-58
-427
-642
-786
-1085
-1464
-1772
-1832
-1818
-1982
-2158
-2098
-1891
-1617
-1271
-1104
-1176
-987
-320
344
544
529
691
993
1371
1774
2017
1928
1866
2023
2149
2087
1965
1720
1285
1006
965
795
336
-96
-397
-605
-718
-877
-1278
-1634
-1584
-1498
-1699
-1861
-1718
-1525
-1362
-1179
-1057
-850
-473
-203
-160
136
658
976
1040
1204
1378
1478
1658
1730
1448
1165
1207
1254
1123
930
648
255
85
105
-81
-636
-1157
-1356
-1347
-1436
-1644
-1894
-2015
-1828
-1532
-1475
-1482
-1190
-769
-534
-394
-183
184
701
1142
1190
1098
1411
1999
2295
2066
1709
1590
1756
1826
1539
1039
651
478
331
62
-241
-519
-837
-1159
-1399
-1587
-1717
-1829
-1980
-2108
-1987
-1675
-1445
-1359
-1223
-848
-325
52
107
162
522
1065
1393
1420
1320
1371
1748
2126
1918
1299
1055
1249
1310
1040
543
-62
-322
-107
-44
-553
-1103
-1228
-1185
-1254
-1399
-1568
-1739
-1673
-1393
-1239
-1232
-1039
-669
-365
-47
355
652
799
1033
1293
1432
1504
1583
1527
1399
1272
1083
809
691
587
230
-246
-497
-614
-748
-949
-1251
-1562
-1625
-1467
-1384
-1454
-1507
-1357
-1009
-634
-472
-442
-222
208
557
712
765
916
1228
1531
1541
1344
1295
1417
1391
1120
810
655
706
753
442
-13
-93
165
268
134
-97
-321
-355
-67
146
-30
-329
-451
-499
-471
-321
-293
-603
-938
-997
-868
-743
-726
-937
-1173
-1059
-765
-712
-792
-717
-639
-609
-484
-314
-208
20
259
276
260
526
795
786
753
760
707
740
926
847
497
367
555
601
367
78
-76
-23
199
271
88
-28
182
456
521
469
457
479
542
654
659
519
418
493
521
357
42
-171
-194
-111
-278
-760
-1173
-1135
-905
-934
-1291
-1647
-1609
-1193
-808
-768
-968
-1143
-890
-198
363
249
-178
-193
293
833
1022
703
138
-13
471
883
603
35
-251
-243
-47
218
147
-339
-606
-355
66
387
498
276
115
484
1109
1281
1058
939
985
1142
1411
1421
889
476
625
748
418
-12
-424
-809
-876
-753
-1055
-1608
-1792
-1706
-1695
-1646
-1527
-1597
-1635
-1392
-1116
-956
-577
-109
-12
-49
310
935
1316
1444
1451
1365
1407
1753
2020
1787
1339
1116
1084
993
763
403
42
-189
-340
-575
-889
-1048
-994
-1011
-1272
-1496
-1379
-1083
-860
-765
-733
-632
-372
-25
217
296
353
502
633
635
658
749
762
606
412
315
308
283
87
-295
-651
-671
-470
-418
-656
-969
-1079
-854
-451
-288
-512
-738
-590
-139
330
487
356
325
631
1088
1389
1402
1193
1009
1055
1295
1462
1253
755
398
460
705
683
201
-379
-551
-309
-134
-382
-852
-1041
-804
-524
-591
-874
-932
-663
-430
-427
-554
-607
-461
-274
-321
-507
-497
-333
-281
-399
-497
-515
-481
-408
-342
-375
-445
-417
-280
-105
53
208
313
383
522
861
1207
1224
973
886
1119
1395
1446
1143
705
529
707
744
344
-163
-445
-512
-463
-516
-829
-1102
-1081
-1029
-1102
-1045
-824
-660
-643
-651
-524
-143
310
525
417
288
458
884
1174
1063
743
556
599
693
652
368
-23
-254
-253
-307
-526
-728
-887
-1097
-1185
-1060
-973
-1075
-1128
-986
-777
-566
-299
-47
72
209
496
814
1014
1159
1287
1321
1313
1393
1457
1317
1143
1096
937
607
412
281
-37
-312
-391
-586
-935
-1085
-1079
-1135
-1142
-1068
-1207
-1392
-1183
-721
-517
-545
-492
-377
-121
366
709
573
347
421
666
900
1030
834
450
364
635
801
615
255
22
48
181
167
-85
-325
-320
-148
-109
-257
-432
-482
-380
-250
-263
-427
-573
-540
-319
-131
-163
-336
-377
-210
26
144
90
-24
-2
180
363
388
304
243
248
313
379
369
287
236
171
69
58
123
68
-159
-373
-433
-382
-317
-376
-616
-828
-700
-399
-273
-370
-468
-409
-95
326
469
319
295
619
975
1125
1017
822
811
1062
1187
958
628
463
426
377
205
-111
-358
-416
-483
-739
-975
-1037
-1006
-987
-1007
-1086
-1096
-920
-675
-558
-543
-419
-192
-9
116
235
325
447
587
615
535
530
611
626
511
293
92
38
87
7
-152
-222
-262
-337
-282
-134
-139
-166
-100
-76
-23
202
394
406
391
387
403
554
766
773
545
340
300
386
467
325
-58
-389
-448
-347
-267
-330
-629
-990
-1019
-712
-481
-532
-711
-824
-699
-341
-1
95
31
23
202
501
684
626
482
488
609
642
468
214
91
116
113
-82
-376
-486
-374
-329
-480
-631
-652
-505
-304
-267
-364
-274
13
236
360
476
615
762
888
948
986
1042
1076
994
832
670
597
504
233
-146
-392
-493
-628
-896
-1211
-1476
-1605
-1509
-1342
-1341
-1510
-1514
-1256
-900
-633
-496
-404
-167
249
628
795
862
1045
1323
1505
1516
1458
1386
1311
1254
1153
943
684
457
216
-58
-266
-406
-622
-880
-998
-1007
-1010
-1003
-992
-1002
-887
-619
-355
-201
-90
73
334
623
793
820
816
877
963
995
871
646
496
443
316
48
-236
-458
-577
-614
-719
-1036
-1327
-1296
-1027
-889
-957
-1058
-1025
-719
-277
-48
-98
-71
196
555
808
901
860
857
1000
1166
1145
977
836
775
711
563
335
158
94
13
-170
-339
-373
-351
-380
-482
-555
-540
-430
-308
-266
-326
-305
-103
110
157
78
5
22
150
241
133
-92
-199
-148
-88
-133
-266
-436
-514
-435
-352
-415
-530
-523
-405
-277
-196
-161
-98
61
250
344
356
431
573
638
643
699
730
688
657
560
412
416
547
460
95
-211
-236
-91
-28
-218
-614
-836
-645
-323
-307
-513
-645
-590
-368
-119
-98
-241
-217
19
212
248
210
172
182
262
296
184
57
40
59
34
0
-57
-165
-262
-248
-225
-288
-339
-296
-238
-194
-170
-176
-133
76
324
368
251
268
481
684
727
641
550
585
744
776
563
322
320
427
333
23
-224
-229
-102
-87
-333
-665
-752
-548
-412
-584
-855
-931
-752
-474
-342
-508
-715
-571
-222
-97
-242
-363
-332
-171
25
84
-26
-56
132
309
311
251
217
245
391
592
628
520
504
605
696
725
703
568
412
376
412
382
296
182
44
-50
-70
-87
-148
-229
-325
-414
-392
-285
-307
-457
-498
-367
-240
-177
-190
-305
-321
-56
154
26
-181
-193
-124
-34
53
-6
-198
-310
-273
-218
-193
-245
-360
-448
-390
-266
-169
-116
-53
38
160
314
418
465
531
640
688
688
669
638
581
561
567
502
340
143
-5
-77
-59
-92
-315
-560
-547
-412
-398
-501
-601
-607
-441
-212
-179
-301
-274
-9
244
295
186
93
159
363
428
229
19
13
87
63
-81
-275
-403
-402
-386
-427
-484
-526
-525
-460
-372
-315
-228
-87
52
157
296
445
538
648
780
805
787
831
833
724
674
675
555
355
212
95
-50
-167
-316
-548
-720
-736
-741
-851
-984
-1030
-973
-817
-644
-560
-546
-452
-215
64
241
266
263
382
606
800
855
778
686
724
832
810
620
407
253
195
183
73
-122
-249
-290
-349
-435
-490
-552
-636
-648
-561
-484
-456
-383
-256
-166
-87
18
86
157
308
433
451
486
564
586
567
549
487
397
326
258
165
86
-1
-125
-256
-357
-397
-409
-503
-672
-754
-705
-630
-586
-618
-707
-656
-409
-198
-183
-196
-98
99
315
442
433
430
597
837
953
898
779
716
770
848
778
534
300
210
195
115
-82
-360
-570
-609
-602
-724
-892
-960
-927
-871
-815
-774
-748
-678
-531
-376
-260
-116
42
141
232
388
546
646
731
789
758
722
761
797
729
598
482
380
287
210
105
-51
-199
-278
-333
-436
-523
-536
-513
-490
-482
-512
-533
-441
-266
-149
-116
-74
17
143
278
397
439
390
378
468
543
502
420
354
286
218
167
75
-49
-120
-173
-295
-416
-434
-422
-442
-476
-531
-581
-525
-389
-348
-416
-408
-268
-94
37
74
61
136
326
484
527
500
475
488
574
655
587
425
357
355
300
230
149
-7
-172
-234
-266
-355
-430
-484
-628
-744
-655
-497
-478
-515
-522
-507
-404
-185
-31
-40
-34
66
226
407
595
654
566
514
623
746
720
561
341
213
276
376
213
-138
-339
-288
-217
-276
-423
-567
-604
-483
-368
-412
-468
-381
-250
-189
-79
45
101
130
211
312
369
390
363
327
353
408
386
257
94
30
74
73
-76
-274
-363
-302
-204
-244
-446
-575
-448
-184
-62
-148
-260
-195
51
310
367
244
187
297
452
514
444
309
256
296
317
263
168
56
-33
-84
-94
-95
-148
-270
-346
-286
-189
-169
-228
-295
-317
-193
-18
-20
-170
-193
-57
54
72
24
-73
-91
53
143
9
-177
-179
-67
11
5
-101
-228
-188
-2
96
33
-19
17
119
260
361
353
276
261
332
390
377
342
289
204
168
184
152
53
-63
-193
-310
-312
-262
-297
-420
-498
-470
-362
-275
-292
-377
-373
-234
-77
-2
-25
-30
75
282
401
311
134
143
354
492
358
88
-89
-46
144
188
-72
-375
-384
-189
-62
-120
-289
-400
-310
-82
41
-18
-69
25
194
323
368
364
375
440
512
491
390
305
311
352
312
169
14
-65
-84
-128
-251
-406
-505
-525
-534
-561
-588
-587
-543
-469
-416
-395
-355
-265
-148
-32
34
49
117
243
325
337
358
388
395
366
321
270
255
266
218
102
-14
-68
-56
-17
-56
-149
-180
-124
-46
-1
7
28
112
203
230
224
257
328
366
331
286
284
311
333
287
116
-48
-66
-43
-123
-293
-458
-533
-504
-460
-511
-640
-704
-644
-523
-430
-417
-451
-399
-204
5
93
105
126
227
394
526
507
418
403
471
550
534
402
236
227
320
282
97
-59
-103
-62
-11
-62
-199
-288
-234
-120
-81
-144
-235
-276
-193
-4
93
5
-103
-59
91
259
302
156
-17
16
178
251
159
-4
-104
-114
-77
-84
-170
-309
-367
-319
-285
-310
-337
-354
-347
-283
-196
-180
-196
-162
-91
-30
33
87
90
123
229
339
365
319
258
261
341
438
447
346
253
252
304
320
272
176
116
136
167
133
67
22
27
26
-16
-89
-139
-144
-136
-153
-216
-269
-281
-262
-284
-341
-368
-347
-341
-356
-377
-352
-266
-167
-136
-174
-186
-122
-20
67
123
142
162
209
288
370
440
431
344
270
265
308
316
226
85
21
44
53
-39
-179
-269
-262
-217
-230
-287
-296
-217
-140
-129
-114
10
160
238
225
203
245
351
422
357
230
160
194
244
211
52
-116
-202
-232
-315
-449
-541
-568
-578
-598
-623
-613
-525
-399
-331
-331
-278
-119
68
202
280
346
434
569
696
723
677
665
700
691
622
532
405
257
179
126
-15
-205
-320
-343
-351
-389
-466
-548
-539
-410
-309
-331
-379
-344
-227
-91
-30
-53
-71
4
92
140
155
137
105
96
91
53
35
7
-54
-103
-96
-96
-119
-124
-105
-73
-23
39
73
89
140
222
271
294
341
408
441
455
447
390
325
311
329
274
134
23
-11
-41
-89
-163
-266
-375
-416
-387
-367
-392
-424
-432
-421
-349
-236
-201
-236
-218
-126
-40
45
87
46
5
79
199
219
141
48
10
29
75
56
-15
-69
-53
-48
-88
-109
-109
-120
-92
-5
50
64
66
72
93
163
215
193
174
230
285
291
295
284
213
168
184
146
90
79
52
-6
10
34
-32
-118
-155
-185
-182
-139
-158
-232
-218
-128
-102
-170
-215
-177
-106
-50
-41
-90
-131
-81
-7
-8
-64
-69
-49
-65
-77
-46
-27
-40
-37
-21
-48
-78
-28
70
101
60
23
29
78
165
217
167
88
100
188
245
205
127
86
63
74
107
74
-24
-78
-90
-101
-131
-178
-245
-273
-224
-157
-177
-253
-268
-200
-78
11
4
-78
-63
100
269
301
235
206
280
396
431
371
281
223
209
206
146
33
-83
-168
-211
-227
-258
-303
-344
-367
-358
-320
-271
-215
-153
-117
-71
4
71
121
193
270
321
360
391
383
358
350
315
259
209
136
20
-66
-90
-131
-225
-346
-478
-540
-488
-438
-510
-616
-593
-469
-314
-200
-185
-205
-98
128
275
286
282
361
498
610
623
543
490
523
552
449
291
219
222
190
71
-87
-196
-206
-182
-233
-361
-423
-371
-303
-285
-289
-298
-267
-168
-55
8
19
29
69
135
198
273
311
283
236
206
191
200
199
86
-78
-162
-152
-134
-151
-208
-294
-336
-301
-261
-284
-355
-394
-341
-233
-163
-140
-119
-75
-12
61
115
122
140
181
235
264
259
256
279
306
322
315
274
239
230
219
159
71
-1
-35
-27
-15
-36
-68
-65
-65
-105
-162
-187
-168
-144
-138
-153
-150
-114
-57
-22
-32
-52
-35
23
63
41
11
64
154
162
85
0
-35
4
41
-17
-124
-201
-235
-216
-143
-92
-150
-251
-265
-169
-70
-61
-105
-107
-14
132
223
182
129
199
327
355
296
274
323
376
376
284
161
103
113
83
-9
-83
-122
-165
-219
-242
-271
-306
-316
-296
-300
-270
-171
-94
-70
-23
61
119
135
155
178
186
211
232
220
209
238
229
143
58
24
23
3
-73
-193
-250
-231
-201
-218
-265
-301
-293
-227
-163
-142
-140
-90
-1
67
85
104
161
219
240
242
226
188
171
175
143
118
116
61
-50
-120
-136
-153
-175
-194
-206
-229
-242
-214
-181
-167
-139
-117
-81
-50
-16
24
64
86
84
84
101
143
183
183
136
111
136
168
147
90
40
21
45
105
111
45
-6
10
18
9
2
-32
-56
-21
33
57
68
40
-2
-37
-38
-53
-103
-169
-193
-166
-137
-105
-119
-166
-183
-161
-156
-171
-171
-121
-26
62
114
135
165
199
219
228
241
256
296
322
295
249
205
146
66
-10
-58
-95
-142
-197
-227
-221
-239
-284
-341
-387
-349
-252
-206
-210
-188
-103
17
130
179
144
138
230
358
426
410
344
289
312
359
317
189
75
30
36
12
-74
-202
-317
-372
-367
-339
-342
-399
-445
-419
-345
-244
-166
-160
-169
-91
61
164
192
190
202
255
352
426
412
370
364
373
349
288
197
97
48
45
-1
-123
-224
-258
-251
-268
-311
-382
-429
-388
-292
-242
-261
-256
-184
-81
-21
8
47
127
216
247
230
246
327
368
321
245
206
213
223
196
108
13
-31
-30
-39
-113
-195
-188
-165
-184
-202
-213
-222
-215
-191
-191
-200
-200
-166
-95
-31
-40
-71
-38
30
80
94
77
63
94
125
133
119
127
160
177
144
109
108
134
137
72
-8
-8
59
102
55
-50
-117
-89
-20
-22
-99
-180
-156
-57
-6
-44
-108
-111
-57
-3
32
51
69
115
137
117
99
134
180
193
169
156
185
204
193
143
66
-1
-21
-39
-99
-162
-201
-215
-221
-233
-262
-324
-367
-379
-361
-353
-334
-283
-212
-120
-11
66
85
92
138
225
304
336
319
317
348
385
392
341
267
228
240
219
111
-10
-75
-80
-93
-157
-259
-322
-289
-213
-219
-313
-364
-301
-207
-139
-112
-94
-34
79
190
236
251
243
243
269
273
240
203
193
182
159
106
3
-91
-154
-197
-235
-258
-297
-325
-312
-260
-215
-217
-242
-231
-162
-91
-55
-43
-4
70
173
211
201
190
187
192
190
168
113
54
45
102
153
120
14
-74
-101
-90
-88
-106
-145
-173
-150
-87
-24
-24
-46
-38
10
57
97
147
170
179
183
182
172
178
179
137
83
59
40
3
-45
-78
-87
-95
-105
-121
-156
-183
-180
-162
-161
-151
-111
-57
-17
-18
-35
-3
85
145
148
119
113
146
185
187
131
69
63
86
71
1
-57
-65
-54
-69
-116
-180
-204
-166
-120
-107
-86
-61
-45
-37
-31
-9
12
32
51
74
66
90
137
121
88
86
98
87
36
-24
-33
27
48
3
-46
-65
-65
-53
-48
-54
-65
-70
-66
-49
-32
-25
-19
-26
-47
-25
49
56
-20
-73
-72
-40
-5
-6
-36
-10
71
129
110
66
23
20
51
56
17
-17
8
50
84
67
24
-12
0
9
-36
-86
-111
-103
-76
-66
-87
-93
-58
-16
-21
-67
-110
-99
-43
5
14
15
58
109
126
97
83
110
148
166
161
147
128
110
80
35
-14
-52
-78
-93
-103
-112
-123
-161
-207
-216
-188
-144
-130
-167
-177
-128
-56
-15
-19
-28
12
93
145
139
124
131
173
213
216
175
124
131
183
193
133
36
-8
3
2
-47
-106
-104
-58
-18
-31
-70
-99
-79
-58
-52
-37
-3
38
67
68
56
43
36
30
17
-5
15
77
108
61
-17
-67
-75
-56
-71
-122
-152
-130
-99
-84
-99
-129
-131
-101
-73
-71
-65
-38
-10
-4
-5
9
40
49
26
20
52
88
96
81
70
68
76
93
115
85
33
25
42
52
57
53
25
10
50
96
68
8
-29
-27
-12
-13
-57
-93
-83
-51
-61
-83
-63
-48
-63
-84
-104
-103
-66
-14
13
-1
-20
9
68
68
24
28
51
37
31
56
91
93
49
5
3
39
62
26
-26
-48
-64
-70
-67
-57
-46
-21
-2
-13
-28
-29
1
34
10
-28
-1
76
104
82
62
60
62
44
2
-32
-18
4
-7
-26
-27
-23
0
27
-17
-123
-152
-93
-46
-34
-44
-45
-24
7
35
28
0
-21
-4
26
38
35
37
41
51
73
84
66
45
14
-7
-5
2
4
-1
-11
-11
27
67
71
28
-25
-66
-73
-57
-38
-36
-14
31
73
78
65
26
-39
-82
-75
-50
-30
-26
-58
-34
6
4
-44
-88
-86
-34
12
-11
-58
-83
-40
0
-4
-42
-67
-40
1
17
-13
-65
-74
-33
10
4
-18
-13
23
82
105
79
43
51
81
93
59
-2
-7
26
26
-11
-21
-9
25
51
14
-34
-31
11
30
36
25
32
80
106
74
53
62
61
50
25
25
21
19
23
33
58
69
21
-61
-100
-105
-85
-68
-83
-117
-85
-15
8
-24
-68
-57
-5
18
8
-3
12
53
98
106
77
46
39
38
22
6
-17
-32
-55
-62
-46
-52
-81
-98
-105
-116
-112
-92
-89
-77
-38
6
14
12
27
47
58
67
88
105
127
164
175
159
164
177
157
126
87
55
52
27
-38
-86
-86
-102
-132
-159
-144
-123
-110
-106
-123
-136
-126
-90
-55
-23
-18
-9
29
77
97
74
51
36
33
34
22
24
31
43
38
3
-24
-31
-50
-96
-125
-119
-107
-86
-60
-45
-71
-76
-42
-14
5
31
57
80
111
102
67
72
96
77
42
45
69
94
91
34
-20
-39
-53
-70
-90
-112
-104
-64
-16
-9
-34
-45
-42
-50
-45
-28
-16
-13
-2
7
22
49
58
66
60
59
62
66
63
46
22
29
56
69
42
9
-1
-1
-1
-18
-40
-49
-38
-12
-1
-12
-4
6
-6
-35
-43
-2
28
20
-6
-14
17
66
66
22
-9
-6
13
25
18
2
19
36
36
17
3
-6
-11
-8
-24
-31
-8
9
-9
-27
-39
-29
-23
-45
-75
-68
-50
-55
-48
-34
-34
-20
15
42
49
25
9
24
43
49
59
54
48
75
118
109
62
23
7
16
12
-30
-91
-80
-21
15
-2
-50
-66
-52
-40
-53
-97
-116
-92
-63
-40
-29
-41
-48
-19
13
18
6
-4
-13
13
40
28
4
2
25
39
29
0
-10
12
30
22
15
6
12
17
16
7
24
54
58
62
80
105
100
64
-4
-46
-57
-44
-28
-24
-30
-35
-30
-31
-31
-34
-32
-17
-1
16
24
35
53
36
-7
-35
-38
-21
4
19
10
4
3
-9
-37
-64
-75
-76
-79
-95
-105
-91
-48
-14
-30
-56
-58
-27
-1
2
10
42
73
79
72
81
85
72
52
31
40
76
74
35
15
30
44
27
-8
-40
-48
-34
0
8
5
10
36
67
61
50
59
82
75
75
92
91
87
75
59
62
50
10
-23
-30
-29
-43
-82
-111
-102
-95
-102
-133
-152
-142
-117
-112
-103
-99
-81
-46
-16
9
-1
-2
15
52
82
100
118
137
131
110
85
71
52
21
-11
-31
-30
-18
-22
-52
-62
-61
-58
-67
-84
-91
-82
-77
-80
-47
5
57
61
33
23
50
54
37
28
28
35
37
33
26
41
22
5
-16
-36
-61
-66
-72
-82
-73
-54
-26
-14
-8
-16
-13
-31
-32
-33
-26
-11
22
46
47
70
79
88
93
91
49
27
39
49
44
48
54
43
43
37
2
-51
-77
-91
-86
-90
-89
-80
-65
-57
-74
-61
-44
-38
-23
6
33
59
70
57
35
37
38
47
66
66
63