2
-3
-7
-3
-5
-7
8
14
13
10
10
8
1
-3
-10
-7
-6
-9
1
8
17
18
16
17
12
3
-6
-10
-18
-13
-4
0
-3
10
24
25
13
5
7
8
-5
-10
-6
0
5
6
13
16
17
18
24
16
13
4
4
0
-10
-11
-2
3
-9
-2
2
6
1
2
2
1
-5
-13
-8
-12
-20
-22
-4
-5
-3
2
7
8
7
-3
-10
-7
-10
-13
-13
-8
-5
-11
-8
-5
-10
-16
-12
-7
-6
-1
2
10
6
5
9
-1
2
-5
-11
-23
-18
-13
-10
-13
-14
1
4
6
-7
-3
3
-4
0
0
-5
-2
-1
-6
-4
-2
-3
2
3
5
6
13
16
12
10
8
1
4
1
3
7
12
13
12
14
3
2
-1
-8
-21
-14
-11
-6
-13
-14
-5
-1
4
-3
-3
-5
-2
-3
-6
-1
-1
-2
10
13
20
20
18
20
9
-7
-10
-14
-18
-12
-13
-10
-7
4
9
-1
-4
-5
4
-1
-13
-14
-1
3
4
1
6
18
10
10
16
6
2
3
5
10
8
1
4
10
8
16
10
2
5
5
-5
-5
-7
-10
-14
-17
-4
3
1
-1
-2
11
13
1
-2
9
12
13
2
-2
6
9
2
1
7
10
13
7
-2
-3
3
-4
-1
-4
-2
3
12
9
2
0
1
4
-6
-17
-15
-8
-11
-12
-7
3
4
12
4
5
8
6
11
10
8
7
10
-4
-2
-9
-15
-17
-17
-18
-8
-2
-14
-5
0
0
-7
-14
-18
-13
-14
-30
-25
-18
-11
-13
-5
8
14
11
11
12
8
10
-2
-8
-6
-12
-13
-7
-6
-1
5
17
19
17
15
21
27
20
4
-10
-12
-5
-1
1
1
10
20
16
8
0
-15
-31
-38
-39
-36
-35
-25
-6
11
21
29
11
10
10
-7
-27
-32
-28
-36
-24
-13
-2
24
36
38
41
33
21
2
-2
-11
-21
-13
7
19
37
50
46
38
36
24
-6
-27
-42
-27
-19
-9
-5
12
38
35
40
20
-4
-15
-20
-32
-35
-25
-22
6
23
15
10
16
-12
-16
-19
-33
-30
-24
-18
-7
20
38
52
43
36
22
24
4
-10
-2
-15
-8
10
19
11
8
-2
-22
-38
-50
-64
-57
-48
-52
-34
4
36
33
45
36
49
62
47
20
14
39
56
51
23
28
41
39
7
-14
-10
-24
-47
-43
-44
-29
-38
-56
-43
-18
-29
-61
-44
-30
-31
-40
-25
7
25
12
31
44
18
24
12
-24
-30
-44
-53
-37
-48
-53
-19
1
-10
-20
-19
-16
-13
-23
-18
-6
13
37
60
70
76
96
107
78
45
53
54
19
-11
-19
-5
-10
-28
-33
-29
-14
-30
-49
-40
-17
-25
-33
-12
12
25
15
9
9
28
12
-23
-9
-7
-30
-39
-14
-6
-1
11
27
33
17
8
15
12
-9
-35
-50
-27
-12
-30
-25
-4
16
39
46
60
51
47
60
72
61
47
56
55
53
67
66
42
27
36
21
19
12
-11
-39
-43
-28
-50
-89
-82
-49
-32
-24
-26
-45
-9
-4
-20
24
41
18
-22
-6
8
-30
-72
-32
24
43
89
117
143
164
159
102
59
39
21
13
-5
5
42
82
96
88
106
74
57
2
-75
-135
-161
-151
-243
-282
-244
-219
-221
-198
-175
-173
-146
-97
-65
-102
-163
-156
-120
-84
-79
-46
-5
25
43
63
137
212
278
317
308
267
181
100
-16
-117
-140
-134
-128
-88
-11
22
38
35
50
67
106
129
97
117
207
157
89
39
-25
-100
-150
-206
-279
-242
-165
-63
62
45
30
46
58
34
-35
-120
-76
25
-11
-31
-23
42
104
105
114
167
182
54
-103
-254
-321
-398
-390
-362
-245
-66
79
283
366
430
456
442
285
68
-115
-320
-463
-573
-585
-455
-206
106
268
377
354
331
220
-55
-267
-498
-637
-581
-363
-150
4
204
422
501
466
389
351
282
245
142
124
169
291
323
266
218
152
146
71
60
58
62
59
131
177
299
371
336
295
330
383
307
150
3
-66
-221
-365
-417
-400
-341
-323
-224
-142
-201
-180
-117
-85
-74
-14
-33
-118
-247
-296
-247
-293
-208
-102
-83
-92
-104
-85
-132
-129
-172
-197
-100
33
213
332
389
358
335
339
307
299
223
212
269
295
252
191
259
246
248
143
169
244
240
142
78
73
10
-152
-237
-366
-614
-943
-1511
-2158
-4680
-7413
-7731
-6555
-5789
-5095
-3713
-530
4446
7973
8627
8743
9510
8403
5363
832
-3576
-7202
-8829
-7317
-4249
-735
3221
8669
13698
16501
15598
11785
7104
2507
-3613
-10166
-14130
-14779
-12531
-7955
-2753
1670
5999
8865
8962
6086
1197
-4130
-8933
-12800
-14116
-12549
-9060
-4386
2001
7771
11502
13209
12496
9255
3700
-2236
-7418
-11008
-13238
-13813
-12166
-7769
-2917
320
1912
3151
3650
3059
2201
656
-142
1824
6284
11052
15651
20122
24313
26558
24133
17925
10193
1785
-7427
-15798
-22454
-26222
-26469
-23601
-19021
-13080
-7900
-4101
-924
298
-1439
-4318
-5928
-6461
-5181
-1446
4439
11469
18936
25692
30385
31417
28619
22796
14304
3826
-6787
-15676
-22155
-25432
-25310
-22236
-17116
-11782
-7446
-4078
-2176
-2898
-4835
-8988
-12755
-12918
-11254
-8747
-3459
3163
10230
18025
22657
22879
21831
19434
12674
5129
-1526
-7594
-11156
-10749
-8508
-4240
2249
8690
15237
20240
20230
17621
13925
6445
-2736
-10317
-16854
-21722
-22661
-20760
-16545
-10190
-3895
1689
6411
8049
6347
3453
-614
-6285
-11151
-12830
-11389
-7808
-2130
6195
15035
21558
25577
27092
24433
17721
9392
340
-8780
-16322
-20404
-20801
-17784
-13468
-7620
-1791
2414
3612
-2118
-8418
-11565
-15696
-21737
-24118
-22933
-15954
-3725
6188
11827
20319
29078
30735
28257
22236
13809
7667
5097
2593
3922
8842
15795
23663
26434
22385
16274
8091
-3082
-13965
-22783
-29447
-32412
-30891
-27048
-19337
-8958
582
8985
15331
16288
13176
9555
5112
-575
-4892
-5312
-1760
3670
9712
17108
23328
25343
23931
19135
9954
-1769
-12639
-21982
-28600
-31500
-29551
-24093
-17250
-9017
-2356
2320
5390
5358
1832
-1652
-4834
-7380
-6845
-3127
855
6640
14960
21141
24543
25682
24199
20212
15867
9775
4475
1476
268
730
389
-2095
-3695
-3226
-6161
-13225
-20109
-24696
-27174
-26468
-25099
-21439
-13413
-3746
4446
11706
16596
17063
15620
14247
11987
8022
4400
4386
7290
9754
12408
15919
16861
14305
10736
4946
-4589
-14754
-22188
-27599
-30594
-31001
-28454
-23049
-16402
-8979
-1773
2937
4881
6516
7645
7880
6774
6142
6969
9737
12099
13777
15339
16891
17216
16779
15317
12813
9718
6458
4198
3850
4067
-483
-7725
-11297
-11187
-13602
-19986
-25449
-25691
-21591
-16624
-12757
-8453
-1360
6193
11396
14106
14774
11328
6704
5418
6009
3718
1175
3570
9156
12891
15155
17018
15603
10315
5041
-705
-10364
-20924
-26377
-28258
-29457
-27201
-22259
-16597
-10171
-2970
2267
4975
5181
5255
6244
6745
5352
5253
7722
10503
12497
14623
15753
16183
15898
14689
12575
10591
7146
3742
3296
4020
4967
1724
-5593
-10339
-9423
-11230
-18470
-25357
-25907
-22414
-17777
-13814
-9294
-2590
4751
11145
15246
15917
12028
7706
5994
5576
3208
384
1257
6237
11073
14012
16148
15893
11957
6769
897
-8233
-18273
-26429
-31244
-32476
-30251
-25157
-19032
-12754
-4071
6021
12098
12055
11700
13558
13738
10270
6554
5301
5895
7472
9685
12170
14334
16593
18804
19657
17157
13530
10508
7689
3543
-4497
-13574
-18436
-19350
-21266
-24832
-26582
-23615
-17780
-11635
-7977
-4202
1906
7424
9243
9335
9201
7072
3951
3552
5504
6051
6328
10574
16194
17841
17014
16353
13660
6082
-2942
-10973
-19862
-28491
-32361
-32539
-32085
-27756
-18731
-10721
-4816
2730
9391
11812
11452
11459
11325
10668
9297
8947
10840
13225
15086
18162
20611
20427
19341
18220
14495
9748
5392
1399
-2151
-8549
-16647
-20396
-20086
-21598
-25258
-26762
-24095
-19068
-13708
-9778
-5030
2062
8448
12257
14565
15216
12935
9844
8726
8831
7337
5605
7997
12711
14359
13837
14436
12300
4688
-3586
-11654
-20709
-28034
-31877
-32516
-31567
-27283
-17588
-6813
425
6862
14460
18343
16058
12641
10372
7093
3273
2494
4993
8435
12292
17841
23383
25568
23816
21108
16780
9168
497
-6420
-11611
-17762
-23153
-23758
-20107
-17279
-16294
-14862
-11599
-8549
-6524
-5837
-5297
-3167
254
3422
6275
8974
10574
11523
13103
14656
13699
10866
9673
10006
8009
4600
3040
1146
-4592
-10056
-12551
-16053
-21540
-24549
-23461
-21034
-17671
-12645
-6721
-994
5085
10172
12389
11362
10072
9643
8779
6422
5299
7092
10320
13050
15713
18208
18922
17506
15228
11246
5046
-1203
-6112
-8674
-11323
-15513
-17468
-15299
-12166
-11395
-12617
-12893
-11335
-9541
-8961
-8842
-6294
-1814
2501
6302
10438
13267
13634
13213
13631
12921
9307
5808
4869
4537
2321
-297
-618
-1837
-4931
-7560
-10961
-15599
-18243
-17940
-17398
-17746
-14671
-7965
-2457
722
4442
8570
9949
8855
8205
8292
7208
5636
7071
10356
12211
13623
16516
18507
17269
14222
11112
7078
1436
-3954
-7640
-9022
-10274
-12264
-13884
-12996
-10286
-8758
-10854
-13936
-13912
-11436
-10047
-10010
-7584
-2259
3568
7975
12112
14890
15033
13461
13136
12268
7819
2720
1290
684
-2029
-3838
-3421
-3424
-6017
-8438
-9327
-10936
-13383
-14262
-13180
-11339
-9025
-5406
-1592
1239
3780
6527
8017
7593
7203
8188
9377
9748
10149
11815
14142
15180
14940
13967
11885
8727
5329
1749
-2123
-5708
-6767
-6433
-7952
-10463
-10534
-8529
-8464
-11793
-14836
-14922
-14010
-14014
-13327
-9467
-3962
1099
6440
12325
16000
16246
15505
15201
12932
7706
2457
-553
-2527
-4632
-5351
-4636
-4509
-4614
-3631
-3460
-5889
-8573
-9055
-9464
-11256
-11643
-9238
-6359
-4052
-273
4331
7022
8482
10942
13317
13213
11981
12264
13279
12604
11140
10591
10188
8441
6280
4189
1703
-1075
-3077
-4053
-5443
-8282
-10702
-11043
-10691
-11846
-14088
-15183
-14571
-13208
-11981
-10017
-6511
-1429
3435
7846
11773
14432
14929
14258
13296
10734
5899
1593
-231
-1738
-4257
-5554
-4432
-3203
-2879
-2982
-3222
-4473
-6240
-7538
-8935
-10970
-11896
-10627
-8091
-5557
-2015
2518
6488
9660
12703
14953
15486
14704
13962
13177
11496
9255
7649
6350
5095
3839
2900
2028
843
-516
-1479
-2364
-4856
-8937
-11809
-12963
-14975
-17216
-18189
-17010
-14991
-12562
-8629
-2945
2588
6640
9944
13599
15410
13593
10493
8387
5712
1405
-1725
-1785
-1832
-3006
-2250
685
1752
343
-929
-1667
-4391
-8438
-11137
-12186
-13146
-12953
-10240
-6091
-2712
1204
6365
10065
11181
12072
13438
13620
12201
11355
11507
11173
10341
10376
10797
9721
7539
5833
4349
1666
-1501
-5061
-9660
-13623
-15568
-16459
-17994
-20187
-20105
-17189
-13961
-11377
-8336
-3648
959
4558
8171
11063
11552
10724
10606
10470
8250
5541
4716
4470
3414
2252
2259
1983
592
-1026
-2487
-4756
-7608
-9800
-11159
-12293
-12963
-12334
-10442
-8104
-5335
-1756
1909
4827
7267
10153
12363
13275
13739
14404
14488
13609
12494
11615
10390
8718
7042
5526
3938
2037
512
-1320
-5124
-9841
-12823
-14447
-16824
-20402
-22459
-21349
-18295
-15169
-11272
-6018
-275
4695
9081
12435
13401
12405
11372
10341
7991
4877
3357
3411
3295
2531
2505
3535
3346
1455
-646
-3065
-6349
-9575
-11839
-13311
-14424
-13818
-11402
-8493
-5693
-2247
1695
4842
6804
8594
10465
11652
12155
12877
13401
13292
13144
13340
12808
11472
9363
7422
5537
3108
461
-3226
-8005
-11935
-14273
-16126
-18939
-21827
-22264
-20266
-17368
-14564
-10727
-5262
360
4833
8591
11491
12446
11644
11157
10626
8561
5894
5137
5869
5662
4545
4454
4785
3903
1675
-989
-4096
-7395
-10177
-11988
-13561
-14327
-13408
-11008
-8297
-5571
-2468
635
2922
4829
6704
8251
8909
9473
10714
11966
12469
12643
12877
12873
12042
10432
8754
6494
3959
1741
-28
-2714
-6892
-10839
-12619
-13716
-16161
-19520
-20883
-19199
-16705
-14519
-11142
-5913
-474
3942
8005
11532
12696
11634
10864
10538
8536
5169
3497
3923
3921
3203
3278
3678
3211
1827
32
-2705
-6326
-9131
-10729
-12101
-13266
-12800
-10671
-8149
-5585
-2395
642
2659
4319
6381
8140
8721
9042
10302
11564
11924
12110
12654
12440
11378
10013
8681
6498
3913
2115
-287
-4410
-8492
-10672
-12093
-15008
-18542
-19727
-18925
-17710
-16146
-12996
-8431
-3679
846
5522
9168
10654
10793
11147
11099
9398
7201
5834
5362
5182
5039
5124
4908
3866
2789
1240
-1781
-5657
-8598
-10464
-12354
-13714
-13410
-11987
-10314
-7872
-4648
-1586
398
2269
4685
6620
7362
8082
9475
10699
11162
11578
11909
11729
11120
10332
9163
7198
5252
3617
2170
329
-2350
-5634
-8559
-10496
-12159
-14882
-17686
-18618
-17588
-15628
-13464
-10055
-5310
-445
3867
7685
10462
11308
10754
10143
9315
7661
5516
4137
3754
4181
4617
4829
4343
2978
1779
89
-3350
-7388
-10136
-11452
-12420
-13035
-12207
-10343
-8059
-5265
-2371
-77
1347
2907
4993
6489
7170
7990
9590
11089
11988
12325
12354
12210
11452
9959
7865
5534
3262
1530
-248
-2980
-6439
-8943
-10022
-11326
-14185
-16784
-17149
-15995
-14891
-13270
-9869
-5251
-1153
2849
7009
10013
10737
10660
10890
10335
8358
6423
5557
5026
4373
4358
4645
3775
1963
686
-886
-4275
-8075
-10226
-11426
-12851
-13496
-12338
-10496
-8727
-6251
-3056
-508
1016
2690
5117
6750
7411
8314
9885
11003
11482
11866
11993
11469
10346
8994
7601
5527
3212
1522
179
-1091
-3523
-6362
-8399
-9552
-10954
-13462
-15892
-16169
-15017
-13362
-11277
-7724
-3123
1195
5047
8730
11084
11223
10245
9699
8636
6479
4276
3195
3036
3081
3378
3778
3043
1329
-66
-1953
-5537
-9437
-11809
-12799
-13529
-13261
-11529
-9182
-6497
-3121
189
2276
3090
4222
5897
6763
6739
7439
9058
10496
11428
12279
12875
12489
11238
9595
7181
4206
1333
-791
-2597
-5280
-7684
-8875
-9195
-9937
-11565
-13206
-13415
-12848
-12042
-11017
-8549
-4894
-931
2681
6443
9361
10842
10975
10954
10221
8371
6271
4751
3560
2594
2197
2305
1856
376
-908
-2264
-4782
-8223
-10652
-11845
-12875
-13346
-12128
-9988
-7740
-5002
-1548
1220
2847
4167
5952
7183
7432
7853
8983
9893
10430
11138
11673
11287
10280
9071
7435
4977
2343
128
-1428
-2836
-4608
-6601
-8048
-8573
-8953
-10575
-12730
-13518
-12676
-11779
-10854
-8368
-4217
-277
3261
7058
10281
11186
10731
10659
10196
7987
5584
4718
3852
2307
1789
2584
2310
222
-1818
-3167
-5665
-9296
-11869
-12929
-13824
-13949
-11978
-8971
-6657
-3957
-130
2984
4021
4801
6289
7295
7267
7522
8767
10011
10664
11537
12396
12163
10647
9031
7226
4312
1104
-1310
-2733
-4535
-6938
-8406
-8490
-8508
-9630
-11328
-12149
-11861
-11372
-10750
-9129
-6048
-2310
1221
4859
8205
10087
10377
10530
10508
9221
6961
5558
5179
4032
2490
2277
2400
1069
-1513
-3930
-6134
-8977
-11948
-13804
-14470
-14178
-12627
-9859
-6816
-4058
-1055
2060
3876
4440
5131
6042
6480
6725
7649
9120
10409
11638
12869
13244
12134
10323
8525
5897
2095
-1268
-3265
-4395
-5413
-6834
-7602
-7384
-6716
-7069
-8750
-10440
-10748
-10521
-10474
-9654
-6966
-3486
-76
3685
7866
10382
10949
11091
11455
10121
7301
5091
4161
2963
1181
408
430
-214
-1744
-3521
-5974
-8589
-10719
-12198
-13541
-13896
-12240
-9338
-6721
-4022
-854
2232
4067
5168
5982
6448
6270
6523
7511
8601
9261
10236
11632
12165
11295
9842
8000
5465
2253
-775
-3036
-4371
-5335
-6420
-7368
-7324
-6418
-6384
-7976
-9469
-9451
-9135
-9330
-8629
-6026
-3006
-272
3155
7135
9535
9973
10164
10657
9551
7028
4983
3923
2601
1159
417
24
-1105
-2457
-3726
-5957
-9007
-11059
-11942
-12766
-13208
-11758
-8682
-5700
-2970
294
3415
5148
5869
6670
7225
6705
6139
6706
7714
8266
8942
10183
10916
10281
9079
7302
4843
1646
-1350
-3689
-5446
-6226
-6561
-7086
-7224
-6138
-4948
-5545
-7417
-8063
-7471
-7621
-8046
-6659
-3562
-765
1803
5619
9177
10251
9821
10225
10071
7628
4391
2808
1818
175
-1120
-1158
-1396
-2537
-3455
-4451
-6703
-9420
-10684
-11096
-11787
-11763
-9574
-6405
-3653
-819
2552
5271
6400
7134
8032
8052
6953
6326
6911
7348
7234
7595
8575
8780
7867
6683
5098
2790
55
-2290
-4105
-5129
-5856
-6567
-7023
-6505
-5294
-5117
-6440
-7329
-6812
-6355
-6630
-5958
-3445
-548
1617
4493
7806
9537
9076
8604
8658
7118
4023
1737
941
-234
-1289
-1304
-1145
-2047
-3011
-3473
-4996
-8034
-10476
-10896
-11150
-11530
-10236
-6958
-3663
-672
2948
6354
7755
8013
8637
8792
7292
5448
5070
5452
5264
5151
6292
7475
7310
6486
5623
3953
1231
-1438
-3444
-4969
-5928
-6403
-6534
-6291
-5201
-3845
-3882
-5054
-5363
-4685
-4698
-5103
-3918
-1307
785
2521
5372
7879
8153
7138
6944
6385
3899
1004
-101
-650
-1734
-2029
-1395
-1291
-2215
-2706
-3092
-5112
-8000
-9549
-9723
-9964
-9689
-7604
-4451
-1516
1711
5270
7554
7983
7992
8301
7504
5423
3769
3536
3631
3539
4189
5366
6075
5849
5454
4524
2606
33
-2099
-3725
-4781
-5374
-5756
-5696
-5033
-3573
-2701
-3129
-3961
-3653
-3260
-3503
-3469
-2053
-107
1213
2962
5298
6532
5973
5204
4996
3802
1507
-290
-743
-1354
-1814
-1397
-731
-1163
-1832
-1989
-3026
-5373
-7727
-8442
-8610
-8754
-7984
-5506
-2507
296
3339
6179
7501
7441
7528
7374
5865
3696
2551
2612
2699
2780
3498
4682
5268
5142
4788
3663
1640
-570
-2239
-3411
-4199
-4817
-5298
-5027
-3941
-2624
-2459
-3207
-3377
-2691
-2526
-2893
-2370
-742
573
1505
3300
5034
5075
3979
3519
3339
1876
-128
-899
-874
-1181
-1126
-153
101
-819
-1357
-1668
-3298
-5960
-7707
-7956
-7974
-7885
-6281
-3408
-622
2029
4873
6984
7229
6714
6597
5914
3840
2023
1583
1848
1940
2439
3719
4630
4788
4567
4100
2560
263
-1565
-2612
-3455
-4049
-4400
-4267
-3472
-2204
-1274
-1687
-2493
-2351
-1991
-2390
-2717
-1707
-323
516
1667
3704
4500
3625
2843
2899
2023
36
-1243
-1230
-1405
-1639
-725
278
24
-680
-659
-1349
-3725
-6232
-7008
-7052
-7480
-7021
-4742
-1857
551
3127
5765
6950
6680
6450
6219
4723
2430
1106
1076
993
973
1819
3067
3704
3871
3968
3439
1717
16
-995
-1792
-2479
-3045
-3359
-3267
-2450
-1372
-1285
-2363
-2672
-2033
-1929
-2437
-2055
-489
469
1006
2496
3907
3290
1764
1494
1468
-119
-1895
-1859
-1309
-1323
-861
873
1641
631
-117
-341
-1839
-4699
-6722
-7288
-7386
-7240
-5426
-2624
-81
2353
5199
7248
7153
6079
5536
4629
2363
250
-418
-265
3
873
2565
3733
4219
4617
4756
3490
1117
-428
-1234
-1901
-2840
-3537
-3454
-2380
-1256
-851
-1505
-1997
-1659
-1819
-2366
-2533
-1596
-771
-225
1123
2743
2941
1996
1852
2038
1155
-567
-1010
-794
-978
-903
267
1277
485
-261
-243
-970
-3472
-5751
-6602
-6566
-6704
-5934
-3835
-1452
928
3432
5686
6230
5662
5313
4951
3228
1007
-116
-228
-161
246
1473
2725
3559
4174
4765
4392
2786
1332
435
-248
-1173
-2476
-3339
-3096
-2267
-1861
-2572
-3183
-2624
-2194
-2391
-2365
-1333
-279
21
895
2504
2881
1713
1012
1388
1007
-489
-1080
-432
-194
-173
818
2049
1941
670
-201
-947
-2973
-5484
-6957
-7622
-7591
-6527
-4576
-2229
194
3052
5520
6431
6114
5439
4584
3002
837
-645
-1122
-1143
-520
974
2643
3796
4775
5608
5517
4238
2520
1158
136
-911
-2285
-3445
-3687
-2789
-2001
-2413
-3271
-2931
-2059
-2248
-2654
-1923
-673
-356
125
1725
2774
1949
1032
1496
1695
382
-654
-81
374
156
630
1968
2183
814
-105
-524
-2112
-4730
-6527
-7149
-7197
-6668
-5022
-2970
-880
1757
4353
5679
5435
4847
4502
3497
1506
-195
-845
-949
-609
575
2150
3207
4115
5258
5857
5021
3414
2284
1357
353
-1005
-2448
-3490
-3460
-2769
-2834
-3984
-4244
-3301
-2919
-3109
-2499
-902
-167
22
1395
2995
2613
1248
1193
1755
856
-514
-180
684
710
927
2264
3093
2215
1254
449
-1739
-4518
-6235
-7149
-8198
-8781
-7092
-4190
-2130
76
3134
5769
6303
5783
5667
4592
2010
-87
-884
-1496
-2107
-1309
935
2922
4057
5576
7074
7129
5740
4472
3037
1196
-648
-2538
-4272
-5231
-4679
-4077
-4642
-5100
-3814
-2458
-2261
-2276
-866
312
76
475
1854
2045
707
266
1399
1488
336
481
1831
2350
2030
2702
3612
2532
522
-526
-1690
-4213
-6821
-7761
-7715
-7624
-6691
-4366
-1996
-20
2261
4513
5233
4554
3921
3632
2480
625
-455
-381
-170
199
1513
3145
4050
4640
5489
5718
4655
3044
2129
1268
232
-757
-1904
-3005
-3272
-2566
-2692
-4140
-5099
-4547
-4059
-4350
-3701
-1899
-614
16
1453
3368
3740
2525
2548
3194
2306
719
628
1536
1306
991
1913
2584
1593
200
-821
-2529
-5328
-7404
-8274
-8988
-9154
-7580
-4770
-2328
3
3240
6119
6901
6575
6420
5700
3553
1203
110
-512
-1137
-786
923
2580
3489
4521
5808
5861
4424
2950
1814
424
-1291
-2992
-4448
-5179
-4785
-3955
-4071
-4426
-3525
-2050
-1456
-1258
-93
1359
1624
1885
2966
3321
2148
1118
1500
1500
311
-204
642
1208
985
1279
1977
1411
-136
-1293
-2430
-4864
-7455
-8212
-7915
-7807
-7052
-4733
-1610
857
3081
5431
6606
6366
5648
5041
3652
1240
-428
-640
-639
-747
13
1739
2963
3581
4329
4717
3944
2515
1554
778
-231
-1210
-2288
-3273
-3446
-2719
-2287
-3327
-3950
-2982
-2047
-2065
-1701
-61
1170
1294
2251
3672
3394
1626
961
1483
714
-854
-852
159
408
429
1577
2419
1424
37
-618
-1996
-4779
-7030
-7653
-7842
-7980
-6677
-4027
-1605
433
3118
5482
6091
5532
5297
4893
3146
909
-169
-409
-713
-655
518
1961
2772
3502
4498
4775
3835
2712
2055
1174
191
-604
-1750
-3072
-3466
-2564
-2343
-3690
-4290
-3107
-2154
-2278
-1778
152
1234
1164
2112
3583
3064
1011
318
967
210
-1314
-1178
56
434
618
2015
2977
1890
506
-72
-1325
-4003
-6457
-7337
-7555
-7484
-6194
-3949
-1954
38
2745
5007
5370
4788
4770
4504
2827
778
-192
-398
-720
-576
567
1849
2437
3337
4578
4814
3827
2961
2604
1815
746
-146
-1299
-2797
-3367
-2712
-2628
-4076
-4681
-3387
-2378
-2433
-1755
226
1260
1128
1993
3231
2507
448
-132
457
-227
-1389
-912
380
838
1308
2694
3345
2073
606
-149
-1756
-4652
-6852
-7364
-7503
-7489
-5977
-3321
-1243
504
2917
5031
5296
4504
4317
3959
2312
440
-203
-155
-387
-198
1030
2233
2766
3388
4360
4470
3431
2556
2177
1447
501
-188
-1201
-2533
-2980
-2217
-2272
-3768
-4364
-3148
-2301
-2524
-1907
102
1111
979
1779
3022
2336
381
-207
325
-360
-1490
-1035
232
676
1098
2529
3275
2141
785
117
-1293
-4059
-6190
-6723
-6925
-6921
-5658
-3340
-1447
114
2369
4316
4558
4005
3913
3682
2203
580
101
163
-36
145
1202
2239
2681
3331
4114
4105
3244
2455
2268
1595
742
258
-722
-2047
-2590
-2069
-2157
-3819
-4528
-3417
-2695
-2831
-2214
-149
982
875
1788
3066
2420
447
-288
194
-520
-1737
-1415
-206
403
861
2288
3150
2207
989
369
-966
-3600
-5693
-6349
-6590
-6585
-5502
-3423
-1570
-59
2084
4011
4446
3969
3742
3553
2297
696
47
53
-44
105
1068
2289
2885
3490
4332
4446
3674
2850
2496
1763
786
13
-1082
-2475
-3000
-2513
-2635
-4092
-4612
-3400
-2559
-2590
-1822
176
1161
979
1778
2894
2124
75
-532
122
-456
-1624
-1164
263
838
1197
2446
3157
2030
646
-16
-1360
-4003
-5949
-6253
-6182
-6176
-5042
-2807
-1026
310
2257
4011
4178
3449
3269
3177
1892
365
18
351
247
355
1424
2580
2956
3356
4062
4055
3055
2292
2098
1359
404
-390
-1332
-2526
-2947
-2465
-2838
-4334
-4446
-3097
-2302
-2340
-1243
897
1633
1499
2395
3179
1909
-147
-389
53
-935
-1920
-1082
358
798
1265
2663
3118
1865
605
-86
-1653
-4449
-6184
-6258
-6207
-6134
-4855
-2539
-594
920
2886
4432
4481
3778
3492
3093
1563
-24
-306
-11
-27
246
1524
2834
3342
3872
4505
4351
3238
2282
1849
1043
-283
-1644
-2727
-3324
-3331
-3281
-3860
-4384
-3642
-2519
-1889
-1233
175
1377
1622
1948
2569
2125
507
-575
-412
-534
-1312
-1255
-125
890
1477
2337
3081
2587
1339
257
-959
-2873
-4986
-6156
-6341
-5918
-4894
-3375
-1808
-141
1824
3481
3852
3385
3110
2911
2053
696
-110
-114
45
384
1174
2206
2955
3544
4204
4458
3811
2818
2222
1672
917
-144
-1550
-2741
-3101
-2838
-3186
-4364
-4526
-3405
-2580
-2246
-1257
520
1311
1333
2086
2739
1685
-147
-677
-331
-964
-1721
-1060
289
1030
1679
2949
3464
2490
1257
360
-1238
-3704
-5632
-6137
-6126
-5912
-4706
-2755
-1067
426
2303
3775
3749
2924
2612
2356
1205
-274
-656
-182
130
571
1734
3023
3668
4137
4785
4660
3538
2489
2006
1407
400
-709
-1777
-2700
-2885
-2606
-3114
-4271
-4333
-3196
-2475
-2336
-1337
382
1120
1288
2097
2608
1400
-236
-365
-46
-872
-1567
-684
642
1197
1842
3049
3251
2067
915
80
-1528
-4028
-5657
-5880
-5895
-5617
-4306
-2464
-1001
307
2231
3572
3209
2438
2430
2371
1135
-187
-198
270
378
880
2111
3105
3378
3925
4641
4350
3161
2392
2107
1449
383
-784
-1977
-2940
-3040
-2917
-3843
-4961
-4453
-3190
-2663
-2280
-654
1127
1521
1854
2930
2975
1253
-148
57
-54
-1212
-1438
-194
845
1256
2328
3578
3275
1935
1028
36
-2144
-4418
-5716
-6345
-6637
-5938
-4114
-2595
-1622
219
2568
3478
2769
2379
2844
2335
880
112
212
178
145
1093
2358
2792
3042
3991
4750
4147
3049
2730
2433
1583
611
-598
-2075
-3174
-3154
-3180
-4539
-5513
-4499
-3125
-2733
-2051
115
1798
1871
2326
3348
2835
684
-550
-346
-887
-2022
-1678
-127
846
1455
2907
4067
3375
1964
1072
-303
-2830
-5185
-6058
-6285
-6572
-5692
-3524
-1605
-359
1319
3308
3877
3000
2503
2460
1622
95
-582
-134
119
309
1406
2773
3369
3543
4264
4549
3570
2383
1978
1693
869
-68
-977
-2060
-2803
-2664
-2859
-4207
-5090
-4201
-3120
-2841
-2083
-52
1446
1701
2365
3351
2691
694
-253
-81
-817
-1894
-1454
-41
717
1410
2878
3816
2999
1738
929
-469
-2970
-5092
-5856
-6084
-6138
-5178
-3170
-1500
-193
1547
3226
3499
2806
2521
2440
1428
100
-322
5
131
385
1446
2612
3016
3328
4032
4163
3260
2399
2237
1917
1115
249
-754
-1978
-2674
-2641
-3139
-4627
-5224
-4151
-3191
-2846
-1707
446
1679
1878
2630
3358
2333
329
-461
-408
-1230
-2103
-1378
80
903
1716
3228
4003
3067
1733
722
-910
-3393
-5409
-6133
-6390
-6326
-4974
-2872
-1291
4
1868
3580
3672
2808
2551
2362
1292
-2
-303
17
59
511
1753
2854
3137
3440
4217
4168
3100
2245
2063
1674
781
-98
-1091
-2287
-2808
-2641
-3239
-4697
-4984
-3697
-2865
-2615
-1352
801
1761
1831
2642
3242
1980
83
-405
-330
-1252
-1915
-953
452
1063
1865
3315
3790
2608
1227
200
-1494
-3968
-5679
-6191
-6312
-6012
-4586
-2484
-967
329
2080
3423
3358
2613
2366
2136
1089
82
-11
329
523
1039
2133
2932
3025
3326
3791
3494
2414
1783
1764
1400
825
209
-716
-1813
-2240
-2159
-3115
-4795
-4943
-3835
-3220
-2932
-1330
995
1824
2076
3097
3586
2094
101
-379
-557
-1740
-2378
-1322
66
739
1773
3494
3975
2861
1570
517
-1359
-3861
-5539
-6273
-6576
-6246
-4551
-2357
-966
439
2500
3850
3668
2893
2699
2272
985
-5
-73
98
105
708
1988
2742
2785
3173
3733
3426
2325
1783
1645
1250
728
26
-1078
-2155
-2368
-2248
-3383
-4888
-4635
-3405
-2873
-2468
-593
1528
1994
2184
3231
3434
1598
-329
-562
-768
-2005
-2380
-1005
394
940
2060
3739
3908
2571
1327
225
-1852
-4306
-5602
-6091
-6411
-5813
-3886
-1782
-602
735
2752
3746
3124
2351
2230
1729
381
-282
87
318
348
1149
2469
2948
2715
2990
3391
2786
1661
1336
1354
980
725
506
-384
-1578
-1816
-1627
-2841
-4670
-4748
-3602
-3144
-2876
-1017
1233
1842
2055
3209
3607
1819
-192
-515
-744
-2074
-2626
-1314
104
657
1816
3649
4062
2807
1732
783
-1328
-3934
-5213
-5514
-6116
-6044
-4166
-1897
-707
356
2284
3593
3092
2320
2270
1854
578
-175
214
445
264
873
2111
2630
2349
2536
2968
2457
1573
1410
1561
1247
1097
1135
311
-1123
-1635
-1461
-2668
-4746
-5079
-3902
-3408
-3226
-1422
1129
1982
2053
3122
3704
1998
-257
-800
-1014
-2386
-3035
-1598
65
688
1878
3967
4687
3513
2340
1493
-624
-3490
-4966
-5302
-5895
-6183
-4646
-2233
-892
133
1925
3213
2896
2126
2107
1681
274
-529
-159
193
35
520
1804
2424
2285
2485
2954
2590
1697
1557
1777
1553
1435
1629
1061
-339
-1111
-1005
-2034
-4190
-5039
-4112
-3580
-3590
-2148
367
1499
1525
2413
3348
2100
-228
-1074
-1122
-2256
-3166
-2009
-220
527
1545
3730
4948
4044
2809
2069
269
-2629
-4460
-4959
-5609
-6179
-5051
-2727
-1295
-362
1394
2942
2859
2106
2033
1785
478
-484
-274
65
-105
279
1516
2251
2118
2345
2954
2784
1906
1709
1998
1727
1508
1937
1818
342
-864
-749
-1158
-3229
-4800
-4369
-3697
-3903
-3130
-810
835
891
1482
2878
2654
521
-872
-900
-1611
-2816
-2350
-670
201
869
2889
4792
4501
3258
2675
1495
-1161
-3444
-4306
-5067
-6176
-5789
-3798
-2241
-1453
23
1935
2585
2042
1887
1920
1035
-17
-203
69
-139
-74
920
1833
1973
2142
2810
3101
2634
2365
2509
2344
2017
2233
2260
932
-665
-1051
-1099
-2527
-4358
-4558
-3856
-3760
-3404
-1631
221
481
569
1800
2349
843
-870
-1110
-1247
-2140
-2126
-726
398
948
2466
4436
4757
3639
2847
2016
-119
-2558
-3776
-4480
-5624
-5939
-4507
-2744
-1879
-925
767
2004
1943
1626
1639
1243
341
-183
-57
-26
-127
386
1301
1863
2049
2503
3064
3056
2734
2624
2620
2336
2218
2301
1528
-34
-999
-1086
-1630
-3302
-4354
-4010
-3640
-3597
-2785
-1081
-151
-196
502
1591
1251
-302
-1051
-851
-1191
-1616
-865
362
1037
1876
3572
4699
4210
3261
2540
1217
-966
-2779
-3800
-4786
-5508
-4985
-3678
-2771
-2075
-724
764
1182
895
992
1150
643
-7
60
433
455
638
1405
2086
2188
2314
2876
3134
2725
2419
2569
2641
2407
2524
2538
1438
-106
-712
-866
-2144
-4092
-4750
-4310
-4287
-4244
-2971
-1188
-594
-328
990
1989
1137
-309
-570
-497
-1187
-1556
-709
321
956
2263
4177
4972
4280
3506
2855
1204
-1295
-3266
-4613
-5875
-6504
-5661
-4195
-3312
-2261
-275
1582
2122
1959
2078
1973
1109
289
58
-86
-358
62
1264
2174
2604
3373
4316
4399
3841
3492
3184
2352
1512
1275
630
-863
-1810
-1511
-1459
-2709
-3766
-3461
-3219
-3651
-3562
-2435
-1658
-1782
-1190
208
597
-209
-445
252
337
-143
176
1108
1614
2035
3212
4231
3917
3055
2552
1644
-374
-2490
-3673
-4617
-5604
-5673
-4615
-3585
-2915
-1659
120
1213
1349
1479
1784
1484
747
427
428
245
263
1037
2011
2531
3031
3843
4231
3920
3443
3133
2556
1690
1231
727
-441
-1561
-1672
-1420
-2159
-3290
-3418
-3153
-3394
-3623
-2928
-1985
-1863
-1580
-409
467
128
-267
279
730
387
354
1094
1733
2012
2760
3781
3873
3149
2530
1842
148
-1984
-3313
-4175
-5107
-5636
-5027
-3851
-3083
-2113
-560
673
1068
1155
1481
1457
811
473
608
721
763
1287
2263
2941
3365
3887
4218
3976
3408
3012
2455
1615
1078
692
-254
-1399
-1753
-1588
-2206
-3405
-3834
-3622
-3742
-3941
-3295
-2190
-1722
-1355
-229
816
753
293
575
966
685
481
1010
1622
1947
2654
3686
3902
3252
2607
1895
218
-1979
-3514
-4412
-5382
-6055
-5530
-4271
-3284
-2334
-829
653
1261
1302
1526
1567
1038
523
561
781
904
1427
2445
3252
3702
4151
4491
4207
3427
2766
2160
1288
598
239
-430
-1412
-1843
-1563
-1802
-2864
-3532
-3471
-3545
-3851
-3532
-2536
-1948
-1588
-559
707
1013
665
836
1307
1125
728
905
1364
1589
2060
2937
3343
2908
2335
1753
346
-1702
-3256
-4126
-5105
-5909
-5629
-4443
-3373
-2432
-1048
527
1319
1452
1660
1817
1394
821
787
1046
1188
1649
2592
3454
3932
4315
4576
4224
3351
2513
1813
855
54
-287
-788
-1626
-1971
-1585
-1564
-2466
-3200
-3226
-3335
-3731
-3662
-2819
-2134
-1747
-737
633
1205
1055
1207
1636
1453
935
908
1218
1369
1637
2339
2811
2604
2116
1422
248
-1377
-2775
-3732
-4812
-5537
-5187
-4186
-3199
-2312
-1033
323
1055
1352
1546
1556
1283
1024
1136
1395
1561
2048
2909
3645
3937
4110
4138
3668
2836
1967
1222
334
-252
-363
-664
-1350
-1655
-1354
-1354
-2238
-3027
-3234
-3473
-3916
-3898
-3082
-2245
-1726
-764
616
1445
1487
1559
1813
1575
983
801
925
939
1069
1721
2403
2383
1915
1410
608
-684
-2096
-3331
-4330
-4946
-4776
-4066
-3193
-2248
-1074
122
924
1287
1451
1384
1196
1066
1132
1295
1540
2129
2944
3586
3915
3994
3897
3364
2500
1614
783
42
-416
-482
-575
-928
-1082
-892
-935
-1569
-2387
-2889
-3384
-3921
-3980
-3363
-2565
-1891
-878
487
1521
1870
1909
1941
1654
1067
633
431
282
366
898
1568
1728
1531
1303
804
-152
-1445
-2728
-3740
-4415
-4486
-4038
-3356
-2453
-1375
-230
711
1271
1535
1571
1524
1489
1466
1535
1741
2208
2818
3356
3613
3704
3586
3048
2244
1433
728
22
-486
-601
-584
-792
-943
-905
-829
-1259
-1971
-2559
-3064
-3553
-3731
-3381
-2678
-1975
-1006
230
1311
1865
1983
1945
1673
1170
697
269
33
79
517
965
1070
1060
1066
755
-54
-1230
-2310
-3052
-3631
-3799
-3543
-2946
-2181
-1319
-402
398
863
1164
1252
1336
1405
1503
1661
1974
2430
2979
3399
3545
3487
3243
2673
1805
977
300
-236
-660
-726
-445
-277
-314
-345
-314
-605
-1316
-2116
-2808
-3445
-3810
-3734
-3168
-2345
-1379
-175
1019
1804
2078
2069
1843
1327
711
182
-144
-241
-134
145
531
885
1051
876
312
-429
-1223
-1985
-2626
-2925
-2942
-2691
-2190
-1558
-981
-405
161
558
813
1053
1287
1496
1747
2126
2550
2853
3070
3185
3107
2715
2147
1512
822
157
-289
-476
-371
-173
4
130
163
122
-180
-814
-1653
-2485
-3100
-3519
-3652
-3327
-2612
-1636
-579
497
1398
1837
1899
1728
1311
762
176
-233
-465
-482
-273
132
534
741
681
387
-25
-616
-1302
-1850
-2205
-2379
-2296
-1992
-1580
-1244
-795
-234
236
533
802
1171
1503
1781
2137
2497
2759
2915
2986
2868
2439
1848
1310
753
184
-291
-389
-318
-171
79
286
328
188
-29
-381
-1067
-1879
-2468
-2874
-3078
-3005
-2447
-1678
-966
-211
640
1209
1331
1103
869
577
190
-205
-486
-617
-495
-119
293
486
450
396
259
-111
-648
-1098
-1375
-1551
-1620
-1467
-1235
-1043
-762
-346
42
287
530
864
1194
1471
1760
2082
2370
2539
2641
2587
2283
1798
1322
735
-25
-700
-1023
-1114
-1234
-1157
-714
-150
273
673
997
1120
810
371
-91
-643
-1287
-1816
-2063
-2084
-1928
-1518
-989
-498
-39
375
666
697
468
16
-470
-848
-1131
-1334
-1348
-1186
-917
-516
-35
333
577
662
605
444
67
-386
-843
-1165
-1311
-1267
-991
-567
-44
617
1257
1787
2160
2419
2586
2510
2206
1837
1451
1071
692
401
265
201
259
424
632
854
890
770
633
409
-20
-676
-1325
-1752
-2057
-2267
-2385
-2251
-1858
-1395
-962
-550
-200
17
49
50
17
-116
-296
-414
-293
-100
52
238
371
464
459
382
238
-106
-496
-778
-950
-1105
-1285
-1301
-1119
-968
-754
-467
-126
156
471
890
1278
1552
1859
2186
2413
2429
2331
2209
1871
1430
955
578
250
5
-88
-11
88
248
357
389
254
-126
-531
-1013
-1509
-1955
-2229
-2301
-2166
-1822
-1316
-835
-382
38
310
353
166
-9
-186
-408
-585
-557
-330
-124
76
344
547
558
407
214
-31
-441
-746
-857
-921
-1004
-929
-677
-515
-453
-303
-92
84
236
519
916
1260
1614
2035
2389
2526
2487
2390
2086
1552
993
538
161
-163
-316
-256
-129
42
278
460
407
87
-326
-739
-1278
-1810
-2178
-2313
-2235
-1933
-1395
-846
-354
89
483
617
439
144
-116
-389
-646
-716
-580
-430
-210
129
439
501
362
171
-87
-464
-788
-971
-1077
-1150
-1075
-786
-536
-428
-265
-16
185
310
501
773
1044
1315
1687
2120
2343
2381
2402
2310
1898
1338
886
516
42
-367
-490
-417
-274
-38
228
338
234
55
-205
-691
-1300
-1753
-1977
-2104
-2110
-1835
-1296
-749
-249
211
545
594
451
206
-80
-381
-574
-603
-534
-370
-110
206
424
410
250
53
-212
-545
-877
-1118
-1277
-1291
-1118
-860
-653
-436
-116
217
469
678
930
1249
1526
1798
2110
2341
2408
2374
2223
1911
1437
966
553
131
-259
-479
-457
-353
-244
-50
75
-12
-206
-456
-784
-1214
-1597
-1809
-1898
-1824
-1543
-1128
-723
-363
-13
313
382
226
22
-121
-227
-305
-311
-220
-57
171
423
523
412
176
-48
-320
-676
-1011
-1227
-1335
-1289
-1080
-828
-605
-351
-15
303
520
735
999
1261
1540
1779
2017
2140
2173
2170
2048
1800
1425
1052
713
342
-10
-202
-326
-387
-450
-365
-319
-461
-681
-905
-1110
-1358
-1555
-1685
-1662
-1465
-1137
-817
-483
-138
203
445
469
353
203
82
-54
-153
-200
-204
-129
-37
63
81
-1
-170
-415
-675
-907
-1112
-1240
-1270
-1181
-966
-716
-442
-179
64
309
518
745
981
1244
1519
1803
2028
2135
2164
2158
2024
1752
1351
935
601
275
-8
-199
-280
-341
-355
-323
-313
-460
-647
-832
-1007
-1243
-1498
-1630
-1473
-1218
-941
-608
-246
101
416
611
645
527
356
193
35
-116
-225
-217
-153
-120
-78
-28
-62
-225
-448
-668
-925
-1158
-1269
-1262
-1230
-1168
-956
-642
-397
-196
71
348
615
910
1201
1443
1637
1829
1961
1997
1908
1762
1586
1286
945
669
440
179
-27
-166
-316
-514
-610
-688
-836
-1004
-1129
-1148
-1175
-1223
-1142
-937
-673
-376
-152
114
342
510
643
711
678
615
589
583
469
357
278
136
-86
-292
-451
-668
-935
-1140
-1259
-1340
-1376
-1335
-1246
-1172
-1019
-803
-609
-452
-262
-9
368
700
1002
1323
1674
1874
1976
1989
1879
1707
1506
1277
940
651
459
321
122
-52
-243
-414
-643
-858
-1077
-1238
-1368
-1420
-1369
-1181
-991
-766
-440
-142
99
317
490
613
650
670
723
759
776
744
724
656
554
384
195
-137
-469
-775
-990
-1221
-1429
-1485
-1466
-1347
-1211
-1026
-870
-713
-576
-419
-291
-170
-11
249
579
908
1248
1580
1846
1951
1923
1793
1572
1250
893
543
211
-39
-194
-267
-375
-434
-448
-486
-611
-767
-913
-992
-1076
-1111
-1044
-884
-645
-333
-25
290
558
740
867
880
907
906
870
794
729
639
585
433
269
27
-200
-447
-723
-987
-1192
-1320
-1383
-1402
-1349
-1215
-1069
-887
-716
-521
-389
-256
-145
30
214
454
683
934
1178
1409
1573
1593
1499
1373
1244
1020
702
419
190
-56
-260
-417
-541
-693
-803
-805
-780
-849
-900
-849
-765
-707
-623
-504
-343
-128
138
348
512
714
927
1151
1267
1325
1313
1256
1088
864
613
259
-99
-408
-661
-922
-1130
-1210
-1275
-1316
-1324
-1269
-1194
-1100
-1033
-986
-874
-748
-595
-392
-161
63
434
780
1030
1179
1311
1387
1380
1317
1188
1036
859
728
554
361
118
-84
-269
-485
-719
-900
-985
-960
-873
-761
-648
-563
-481
-362
-262
-212
-150
44
327
532
758
1020
1301
1503
1585
1528
1380
1123
828
489
51
-349
-637
-807
-994
-1127
-1139
-1106
-1104
-1130
-1136
-1148
-1184
-1208
-1118
-1050
-924
-654
-287
-11
240
617
913
1074
1082
1127
1157
1056
875
764
751
741
687
662
582
370
202
-26
-389
-809
-1065
-1183
-1246
-1236
-1063
-798
-548
-291
-4
186
205
241
367
448
440
460
695
1003
1204
1294
1396
1377
1224
1054
812
348
-207
-579
-811
-993
-1187
-1194
-1136
-1082
-1059
-912
-804
-848
-859
-783
-664
-590
-492
-246
-41
125
348
615
706
699
812
861
784
689
667
664
664
637
586
515
348
163
-22
-322
-667
-912
-1010
-1099
-1176
-1054
-789
-572
-350
-126
45
106
96
179
261
284
333
578
878
1087
1302
1505
1573
1340
1080
853
483
-72
-542
-791
-930
-1066
-1069
-924
-835
-836
-746
-690
-810
-974
-950
-832
-826
-728
-442
-113
217
446
685
842
906
890
838
713
544
507
526
524
446
500
609
597
380
199
-43
-362
-698
-974
-1218
-1330
-1255
-994
-721
-502
-212
26
214
222
211
186
198
235
436
724
945
1175
1463
1586
1455
1197
938
547
91
-395
-677
-906
-1053
-1073
-1017
-941
-867
-743
-652
-684
-792
-759
-697
-622
-512
-295
-59
190
388
586
766
865
841
819
734
548
498
484
400
333
341
362
334
223
83
-108
-362
-636
-854
-970
-1061
-1148
-1040
-815
-612
-456
-289
-124
26
147
216
259
322
473
684
878
1016
1136
1305
1304
1151
936
655
298
-40
-297
-542
-748
-864
-798
-731
-734
-690
-556
-507
-587
-680
-701
-643
-502
-392
-272
-47
215
500
765
864
889
871
771
667
572
424
308
264
340
438
416
326
191
38
-266
-560
-805
-1040
-1211
-1312
-1261
-1130
-911
-699
-483
-306
-114
64
175
232
293
420
565
773
890
1018
1144
1263
1219
1068
817
512
262
35
-234
-497
-680
-724
-678
-586
-544
-598
-542
-578
-633
-643
-585
-606
-501
-310
-88
146
370
583
764
853
880
768
674
658
636
536
464
462
430
439
361
224
-81
-335
-622
-912
-1126
-1269
-1323
-1314
-1206
-1069
-824
-607
-457
-255
-35
68
110
235
376
554
683
834
1014
1124
1272
1248
1137
929
673
443
248
-22
-288
-418
-505
-553
-569
-618
-664
-636
-639
-656
-639
-681
-624
-453
-279
-181
-74
142
389
543
659
658
666
781
817
681
609
661
660
621
504
351
187
-25
-318
-570
-776
-949
-1181
-1254
-1194
-1178
-1170
-1071
-841
-647
-480
-327
-220
-115
163
458
614
747
943
1167
1317
1397
1317
1172
1072
925
674
403
121
-86
-184
-310
-465
-585
-628
-651
-697
-715
-714
-725
-652
-605
-563
-441
-233
-109
-21
142
309
494
643
723
747
744
746
728
655
594
532
502
429
226
-28
-259
-452
-700
-977
-1181
-1306
-1377
-1345
-1297
-1155
-953
-820
-618
-317
-133
-8
163
337
527
708
835
1005
1183
1321
1355
1231
1163
1113
967
689
425
255
60
-166
-383
-542
-638
-642
-688
-812
-895
-861
-752
-657
-581
-534
-318
-102
56
167
237
370
543
634
626
670
783
856
874
807
679
654
601
383
109
-142
-423
-701
-1012
-1283
-1415
-1487
-1514
-1495
-1359
-1184
-947
-690
-529
-375
-238
-8
224
400
581
852
1118
1322
1467
1498
1448
1348
1263
1072
801
512
398
260
-28
-278
-393
-471
-646
-760
-810
-873
-1000
-1006
-897
-800
-712
-487
-255
-95
102
300
458
565
609
725
834
784
760
828
862
865
837
760
534
267
39
-193
-597
-1063
-1327
-1370
-1405
-1510
-1492
-1392
-1182
-928
-635
-555
-463
-223
39
175
266
489
823
1144
1220
1258
1400
1519
1416
1179
1032
866
652
452
160
-143
-350
-474
-569
-766
-951
-965
-974
-1058
-1096
-1073
-938
-759
-516
-303
-130
101
373
603
660
664
716
797
766
774
844
913
878
810
783
684
415
97
-168
-568
-934
-1092
-1177
-1341
-1400
-1289
-1092
-947
-808
-604
-444
-286
-140
30
208
343
420
618
854
1014
1139
1275
1353
1251
1112
957
784
513
268
115
-165
-395
-567
-683
-825
-939
-949
-979
-1045
-1072
-946
-870
-795
-712
-463
-167
57
235
430
612
718
873
956
964
913
954
980
953
812
723
620
415
182
-99
-444
-756
-869
-1021
-1233
-1326
-1269
-1190
-1005
-822
-627
-476
-362
-209
-11
185
293
364
478
700
920
1067
1164
1189
1188
1194
1065
835
560
315
64
-194
-435
-653
-773
-766
-798
-885
-937
-994
-956
-869
-854
-764
-585
-376
-120
113
273
390
550
723
879
976
925
838
893
982
950
895
801
642
519
343
3
-411
-728
-912
-1104
-1232
-1290
-1285
-1176
-1002
-832
-667
-518
-435
-324
-217
-65
104
303
496
616
799
1026
1231
1235
1161
1131
1017
807
539
296
67
-107
-329
-574
-670
-703
-774
-842
-958
-1024
-967
-935
-960
-901
-676
-389
-146
139
358
520
724
913
1009
1046
1031
951
946
972
956
830
721
689
571
339
-18
-338
-560
-771
-1047
-1325
-1419
-1307
-1181
-1097
-1020
-850
-639
-402
-278
-220
-96
107
260
355
486
620
876
1095
1158
1140
1158
1042
873
630
374
140
-39
-225
-463
-633
-740
-730
-790
-891
-985
-973
-885
-807
-676
-545
-344
-126
96
284
407
554
713
889
952
943
978
1032
1023
913
754
609
508
429
260
-4
-257
-468
-719
-977
-1157
-1209
-1212
-1218
-1121
-921
-683
-519
-404
-298
-191
-116
2
174
351
532
704
897
1064
1167
1195
1145
1030
884
670
415
147
-103
-237
-323
-495
-722
-799
-807
-794
-815
-897
-986
-910
-707
-550
-459
-323
-52
196
335
459
627
782
904
934
961
950
812
698
659
621
520
424
337
146
-106
-325
-509
-704
-941
-1125
-1208
-1201
-1129
-1030
-861
-654
-511
-351
-167
-55
54
195
329
507
688
843
957
1057
1139
1153
1107
980
796
522
317
71
-209
-383
-517
-645
-704
-725
-736
-752
-820
-859
-845
-725
-682
-634
-498
-335
-24
264
451
624
853
954
895
829
769
687
628
541
424
388
355
294
150
-83
-253
-388
-578
-825
-1035
-1119
-1063
-1010
-960
-825
-662
-443
-247
-101
21
161
305
484
572
637
772
938
1039
1016
937
882
852
710
521
326
158
-7
-169
-302
-477
-654
-707
-719
-726
-779
-813
-808
-748
-594
-441
-372
-330
-144
100
317
380
417
517
596
618
607
560
530
509
460
425
361
259
139
16
-118
-280
-439
-641
-818
-880
-832
-809
-806
-685
-456
-296
-218
-96
3
136
277
416
512
561
644
782
918
952
897
835
720
639
513
361
126
-41
-100
-221
-425
-597
-664
-725
-748
-746
-741
-765
-726
-664
-576
-433
-262
-128
25
174
214
305
477
549
521
511
537
572
578
509
418
394
391
295
156
39
-135
-358
-579
-694
-787
-848
-802
-725
-616
-504
-411
-302
-166
-37
63
114
168
254
389
580
710
740
775
851
843
718
596
460
316
217
82
-69
-219
-304
-362
-423
-495
-595
-631
-687
-710
-690
-652
-559
-394
-234
-105
38
169
270
352
450
495
479
459
443
488
555
547
502
434
368
296
146
-44
-257
-446
-618
-738
-828
-837
-735
-641
-584
-483
-345
-228
-116
-26
51
60
81
190
317
413
522
646
707
769
820
807
698
527
370
213
87
-80
-238
-344
-401
-431
-471
-510
-553
-508
-489
-531
-515
-471
-420
-323
-196
-95
2
116
230
290
364
433
451
463
515
561
568
506
429
347
246
106
-65
-180
-276
-355
-478
-559
-602
-630
-631
-617
-565
-388
-177
-85
-56
19
129
198
222
234
305
406
550
626
659
672
681
625
517
375
225
91
-48
-179
-257
-300
-387
-431
-493
-536
-526
-504
-552
-575
-508
-399
-257
-166
-149
-158
-6
164
182
193
290
407
472
491
425
388
423
460
372
217
94
-44
-105
-139
-247
-353
-408
-435
-478
-550
-561
-455
-300
-197
-184
-170
-35
144
222
211
246
358
507
590
587
589
594
587
579
497
369
278
202
137
21
-107
-218
-329
-404
-504
-542
-507
-517
-562
-581
-521
-478
-460
-394
-347
-330
-209
6
151
175
244
343
393
413
441
401
354
359
341
250
150
107
40
-5
-93
-222
-306
-316
-391
-482
-542
-549
-477
-362
-215
-118
-39
88
259
344
401
460
504
580
635
629
627
626
585
561
514
420
321
206
117
26
-141
-297
-411
-571
-690
-625
-540
-553
-536
-496
-470
-429
-421
-472
-476
-392
-250
-113
35
149
230
348
415
430
413
391
368
314
231
144
94
71
12
-56
-158
-236
-282
-354
-449
-523
-564
-532
-426
-299
-182
-101
25
223
388
460
507
580
630
615
623
676
698
635
571
489
457
418
289
145
-27
-141
-241
-393
-550
-582
-564
-549
-540
-594
-610
-570
-480
-420
-397
-361
-287
-167
-13
89
140
220
312
364
390
431
396
324
278
221
180
112
23
-102
-211
-287
-332
-395
-466
-494
-507
-481
-450
-395
-290
-163
-76
65
195
323
432
511
596
637
713
772
754
706
689
633
502
363
225
93
-6
-43
-138
-312
-429
-492
-494
-532
-606
-642
-612
-578
-561
-511
-400
-254
-134
-55
9
55
165
342
404
409
449
486
470
360
252
209
126
56
5
-50
-105
-225
-336
-437
-530
-563
-554
-541
-553
-531
-453
-313
-169
-82
-20
105
238
388
580
651
686
780
879
862
777
747
690
600
472
288
120
26
-14
-89
-259
-411
-451
-476
-591
-733
-768
-743
-716
-678
-637
-539
-360
-199
-133
-50
37
164
321
384
362
373
449
487
442
370
310
253
235
199
74
-75
-156
-243
-368
-510
-598
-595
-556
-517
-534
-489
-407
-305
-208
-49
112
210
346
499
629
701
828
879
873
886
885
796
630
511
414
327
207
30
-186
-332
-369
-474
-598
-657
-662
-679
-674
-679
-725
-656
-503
-391
-352
-250
-141
-63
99
258
323
344
401
444
485
503
447
341
210
99
-5
-74
-179
-348
-477
-521
-537
-536
-531
-508
-449
-402
-345
-261
-198
-135
-39
48
159
300
474
640
787
918
998
1018
969
884
782
664
523
375
204
2
-149
-178
-214
-311
-421
-473
-589
-731
-799
-790
-736
-708
-609
-455
-355
-291
-153
-15
60
113
195
280
353
401
429
444
449
438
393
305
181
23
-111
-235
-361
-444
-498
-531
-565
-594
-554
-453
-395
-349
-261
-166
-101
-7
56
131
265
370
432
604
808
904
981
995
920
795
683
548
379
162
-16
-112
-187
-248
-286
-343
-397
-423
-529
-658
-740
-738
-647
-583
-526
-443
-322
-154
0
113
179
258
385
460
502
518
488
438
406
372
265
149
66
-8
-131
-255
-368
-497
-608
-633
-618
-664
-670
-582
-509
-456
-333
-183
-60
95
190
216
249
365
543
670
782
851
882
945
885
697
583
501
323
117
-5
-100
-191
-234
-251
-343
-412
-450
-503
-554
-616
-673
-698
-582
-492
-419
-273
-88
70
206
306
330
404
494
478
372
327
341
352
313
202
76
-2
-81
-199
-324
-466
-599
-628
-598
-634
-639
-557
-482
-390
-287
-244
-215
-59
150
264
319
397
481
561
650
752
813
825
792
690
583
521
447
297
166
41
-90
-183
-244
-296
-351
-374
-442
-586
-661
-642
-610
-534
-416
-327
-179
-17
109
174
201
222
237
279
333
371
368
403
395
348
244
103
-20
-161
-340
-479
-525
-600
-636
-565
-525
-523
-477
-422
-417
-339
-217
-142
-40
108
234
305
428
542
625
696
748
764
795
801
743
653
518
405
261
129
-1
-131
-261
-376
-435
-491
-553
-600
-625
-610
-506
-420
-379
-311
-258
-112
85
176
192
254
362
376
332
292
298
329
363
337
253
155
61
-29
-245
-460
-540
-557
-611
-666
-652
-598
-489
-394
-380
-347
-234
-100
0
85
152
249
410
527
559
616
724
776
795
774
697
628
550
435
279
120
-31
-183
-288
-377
-516
-613
-585
-525
-530
-552
-498
-460
-395
-307
-274
-240
-174
-24
152
298
382
451
490
505
459
354
285
257
223
164
112
52
4
-53
-127
-229
-370
-484
-590
-667
-606
-558
-622
-610
-471
-355
-264
-85
72
119
189
292
375
466
539
547
607
725
773
795
805
684
475
370
276
88
-66
-142
-258
-371
-399
-403
-434
-455
-443
-483
-524
-508
-434
-333
-266
-234
-163
-7
145
247
352
481
531
531
498
409
318
258
181
105
37
-67
-104
-112
-185
-300
-422
-532
-589
-615
-675
-713
-652
-532
-433
-320
-159
-28
41
91
161
253
372
436
463
545
687
827
896
861
749
616
484
333
129
-18
-32
-78
-168
-205
-210
-268
-337
-325
-408
-493
-522
-542
-508
-392
-298
-213
-36
128
245
356
450
441
437
432
349
274
246
190
106
56
-9
-95
-181
-261
-385
-504
-525
-533
-612
-683
-678
-605
-496
-419
-368
-277
-144
-9
67
95
129
203
307
442
550
645
719
788
813
738
601
448
346
271
194
76
-15
-94
-137
-129
-137
-243
-408
-486
-505
-525
-499
-439
-397
-296
-132
-14
42
134
256
352
412
483
491
446
444
438
384
292
175
45
-42
-125
-244
-347
-436
-496
-549
-621
-694
-690
-609
-524
-467
-392
-311
-231
-94
-9
-16
44
164
246
351
477
580
689
781
743
643
582
518
393
267
141
79
62
10
-126
-267
-313
-365
-411
-492
-524
-463
-373
-345
-320
-223
-111
4
72
148
243
349
424
463
489
481
452
455
401
236
134
90
-18
-145
-237
-292
-368
-446
-476
-515
-555
-556
-502
-453
-403
-352
-289
-212
-124
-49
36
125
188
288
399
466
513
577
627
585
518
475
372
218
88
30
-20
-102
-179
-251
-326
-395
-448
-497
-486
-439
-405
-371
-334
-257
-118
-2
45
106
209
295
330
387
464
491
517
559
541
435
313
239
178
-8
-214
-350
-452
-516
-601
-632
-570
-478
-419
-345
-272
-287
-321
-268
-201
-177
-109
50
261
408
491
566
639
666
639
603
504
407
357
276
162
94
48
-12
-73
-167
-284
-395
-448
-508
-599
-640
-591
-501
-451
-381
-249
-92
52
158
226
255
298
374
400
383
405
469
510
550
513
387
283
210
77
-132
-320
-453
-511
-549
-573
-588
-562
-507
-456
-368
-318
-329
-310
-229
-144
-45
102
223
334
468
571
585
590
632
615
525
461
415
376
335
246
144
68
-19
-149
-254
-369
-485
-529
-554
-629
-652
-585
-494
-405
-273
-148
-49
45
109
146
191
268
351
453
497
445
428
486
486
404
321
251
152
2
-146
-265
-361
-441
-495
-534
-555
-565
-554
-484
-418
-389
-341
-248
-153
-78
8
114
210
336
465
498
530
594
610
604
574
501
465
401
253
67
-67
-130
-205
-299
-421
-498
-523
-508
-515
-580
-550
-422
-329
-275
-187
-84
12
109
203
256
301
394
483
535
569
559
512
488
445
329
221
134
-16
-150
-205
-271
-346
-373
-378
-412
-481
-525
-521
-543
-564
-511
-405
-286
-127
25
141
254
342
387
427
457
467
454
421
416
412
412
367
260
184
123
15
-129
-239
-319
-397
-462
-481
-456
-442
-415
-364
-323
-256
-178
-156
-101
9
97
192
309
358
388
485
556
525
488
454
371
264
194
113
-18
-84
-128
-186
-267
-295
-294
-353
-435
-440
-393
-363
-357
-352
-276
-175
-72
10
88
204
330
399
396
383
398
405
368
324
275
248
201
133
79
-7
-135
-222
-261
-313
-356
-373
-359
-347
-351
-339
-317
-282
-220
-177
-134
-58
-13
51
184
279
299
314
337
352
370
391
396
378
321
232
122
15
-87
-152
-202
-290
-369
-366
-306
-296
-311
-316
-298
-252
-222
-230
-239
-153
-19
66
146
230
288
347
399
393
390
390
367
304
247
183
101
73
12
-71
-111
-139
-214
-270
-302
-358
-391
-378
-378
-362
-286
-213
-151
-77
15
74
98
136
190
189
175
205
275
320
354
351
350
359
300
197
86
17
-85
-207
-267
-314
-349
-317
-294
-308
-264
-213
-182
-129
-104
-110
-100
-25
29
57
89
165
256
329
379
396
390
355
297
213
138
73
27
-16
-36
-50
-87
-146
-186
-229
-300
-353
-380
-371
-339
-299
-230
-185
-134
-71
-33
13
73
77
74
194
275
275
285
324
363
379
365
309
234
145
70
-3
-70
-143
-160
-144
-173
-231
-274
-288
-288
-295
-288
-246
-173
-154
-106
2
59
103
167
225
254
254
243
244
221
191
183
166
135
123
116
90
65
8
-86
-171
-248
-331
-369
-364
-377
-378
-303
-218
-205
-179
-96
-30
9
44
120
180
190
200
234
284
308
323
318
350
391
361
304
221
83
-32
-89
-152
-224
-302
-327
-300
-297
-337
-344
-298
-267
-255
-238
-216
-172
-87
-22
33
101
193
258
294
324
321
300
299
250
178
160
162
171
161
90
-2
-27
-56
-141
-247
-351
-399
-405
-415
-377
-287
-208
-135
-59
-6
56
128
198
209
223
259
296
325
338
346
342
343
289
214
140
48
-64
-162
-212
-253
-299
-291
-275
-296
-301
-276
-259
-243
-208
-216
-237
-191
-117
-56
29
113
165
256
339
349
330
328
292
229
176
96
49
47
47
3
-50
-74
-105
-167
-244
-308
-317
-311
-327
-318
-269
-189
-124
-79
-30
9
77
162
210
266
332
362
352
367
393
373
324
269
224
143
42
-42
-78
-116
-176
-198
-209
-225
-258
-246
-237
-259
-275
-273
-264
-219
-148
-102
-49
28
128
204
248
259
269
293
309
282
228
213
194
154
103
42
0
-41
-62
-81
-143
-220
-270
-287
-279
-276
-304
-316
-269
-218
-199
-165
-115
-95
-31
75
161
218
281
349
367
371
320
229
159
136
99
62
16
-64
-114
-129
-142
-134
-120
-133
-141
-148
-167
-174
-176
-167
-120
-69
-26
10
47
98
145
167
175
191
214
242
255
252
219
187
172
100
17
-35
-52
-85
-140
-190
-214
-210
-216
-252
-315
-325
-301
-275
-239
-179
-121
-58
0
43
78
107
157
179
145
133
166
189
169
137
96
63
55
12
-31
-58
-85
-91
-81
-106
-119
-79
-58
-81
-90
-40
24
44
49
73
100
123
151
168
197
223
240
257
263
245
189
148
118
80
33
-12
-54
-83
-97
-112
-124
-177
-228
-251
-247
-268
-273
-204
-133
-88
-72
-61
-44
-13
-10
-32
-21
7
28
76
143
174
208
245
241
225
189
122
17
-51
-92
-141
-179
-182
-166
-153
-148
-174
-154
-123
-119
-112
-80
-54
-68
-73
-71
-46
-8
60
161
251
332
383
389
379
315
226
156
109
64
27
2
-30
-62
-86
-98
-158
-238
-317
-342
-306
-271
-261
-257
-168
-53
-4
0
45
111
132
114
97
124
134
149
183
198
223
242
223
200
157
49
-55
-111
-209
-310
-316
-275
-264
-243
-207
-195
-153
-104
-106
-136
-142
-100
-29
18
23
94
214
289
340
358
326
309
283
231
151
67
16
-16
-26
-42
-76
-79
-73
-122
-188
-220
-226
-226
-206
-187
-143
-51
49
103
114
156
214
214
173
136
108
105
134
115
92
93
97
102
66
-16
-109
-153
-180
-245
-303
-290
-221
-184
-173
-147
-159
-165
-126
-102
-106
-97
-30
69
137
168
207
264
316
306
270
244
218
199
158
98
45
-1
-18
-30
-57
-87
-130
-172
-202
-232
-231
-227
-228
-200
-152
-90
-25
18
44
72
116
167
221
251
283
303
300
274
199
142
94
26
-39
-68
-77
-66
-46
-81
-101
-115
-175
-243
-293
-328
-358
-354
-335
-282
-200
-125
-57
38
121
167
232
279
279
254
230
226
227
201
186
187
186
162
115
63
18
-40
-111
-172
-209
-267
-309
-293
-279
-261
-241
-197
-142
-92
-48
14
70
116
159
204
273
299
291
262
219
172
146
102
40
-5
-58
-92
-95
-133
-183
-181
-172
-176
-193
-204
-216
-240
-213
-165
-143
-119
-61
3
33
73
111
133
161
176
157
155
177
201
231
238
237
228
189
116
44
-14
-72
-133
-163
-164
-178
-173
-148
-143
-128
-105
-80
-47
-14
8
16
6
18
49
85
107
116
131
140
163
141
82
15
-48
-87
-100
-118
-119
-93
-64
-51
-45
-38
-29
-34
-51
-95
-119
-84
-56
-31
1
68
133
155
151
151
129
100
91
80
91
97
85
89
111
112
70
42
6
-27
-25
-15
-40
-61
-73
-114
-135
-136
-154
-167
-152
-173
-176
-101
-37
-20
-25
0
51
80
71
31
41
80
67
16
-2
-9
-12
-30
-50
-53
-38
-14
-4
9
16
24
17
-12
-67
-110
-132
-136
-119
-81
-15
41
79
105
112
99
108
117
111
97
100
132
139
132
132
169
171
117
53
-27
-83
-112
-140
-182
-208
-233
-222
-195
-188
-188
-176
-143
-124
-92
-66
-36
-1
58
107
127
145
167
195
171
128
107
108
86
62
55
70
75
73
70
55
12
-43
-59
-96
-132
-154
-180
-180
-137
-101
-81
-50
9
51
60
74
88
78
90
116
130
113
110
121
128
125
100
74
48
20
-20
-52
-110
-155
-174
-199
-212
-194
-171
-138
-107
-66
-13
23
52
93
132
131
131
128
124
135
125
107
104
87
85
81
62
29
-40
-81
-107
-149
-171
-149
-116
-91
-81
-70
-26
-14
-30
-50
-34
12
49
69
85
128
153
140
125
120
129
125
96
75
68
54
9
-35
-84
-126
-151
-182
-207
-228
-247
-236
-208
-198
-182
-144
-90
-66
-39
21
57
47
46
69
111
132
139
165
168
172
166
154
145
96
50
13
-30
-65
-70
-55
-51
-81
-98
-106
-107
-133
-169
-150
-129
-82
-21
33
100
140
152
170
167
149
143
128
105
107
128
139
145
146
144
107
49
-13
-78
-154
-203
-226
-226
-204
-190
-179
-169
-134
-138
-151
-129
-119
-107
-59
-11
26
106
180
208
239
252
197
130
125
93
16
-36
-50
-48
-53
-54
-42
-2
6
-5
-6
-42
-93
-144
-183
-195
-163
-130
-98
-40
28
90
133
132
130
117
94
91
79
92
93
90
120
168
177
139
86
59
11
-72
-118
-144
-129
-126
-88
-44
-25
-5
25
43
49
35
4
6
12
19
32
72
78
85
95
82
79
45
-8
-65
-90
-108
-131
-151
-171
-173
-157
-149
-151
-117
-74
-32
-4
27
36
9
-9
-3
1
-9
-12
-13
11
36
68
102
105
107
120
131
108
93
75
75
60
36
32
5
-44
-71
-75
-104
-109
-117
-90
-40
-11
-28
-54
-58
-60
-66
-84
-111
-83
-36
-1
30
36
49
86
122
122
102
81
71
59
30
-7
-43
-47
-32
-27
-30
-30
-31
-18
-27
-86
-94
-98
-91
-66
-59
-41
-10
15
33
52
38
47
43
55
84
94
85
108
139
123
112
98
88
54
28
7
-16
-41
-54
-67
-69
-65
-80
-96
-121
-138
-164
-188
-187
-160
-103
-92
-52
6
48
93
124
152
179
173
162
149
101
61
71
110
128
127
122
134
106
83
67
51
20
-49
-105
-121
-79
-60
-56
-65
-64
-27
-16
-34
-27
-23
-25
-28
-26
-1
21
44
94
147
169
179
179
136
62
9
-53
-96
-132
-155
-163
-182
-187
-176
-160
-171
-181
-194
-167
-160
-147
-98
-39
15
15
34
58
57
44
48
80
106
86
89
129
124
88
90
76
13
-41
-99
-136
-122
-121
-127
-73
-11
29
72
82
62
40
58
59
22
37
101
147
158
176
163
148
115
68
39
2
-11
-10
-27
-73
-107
-119
-125
-157
-196
-183
-174
-179
-185
-181
-157
-117
-79
-44
-15
3
23
67
95
104
118
142
139
110
70
49
52
48
47
35
54
48
26
23
9
-37
-71
-78
-81
-74
-78
-73
-45
-18
-25
-25
-5
31
63
72
99
135
154
172
200
201
181
174
176
166
103
54
24
17
6
-5
-22
-25
-26
-68
-107
-144
-172
-187
-192
-189
-143
-98
-86
-74
-42
-8
9
-2
0
0
-22
-56
-57
-40
0
36
34
61
91
108
81
46
14
-29
-63
-80
-91
-89
-75
-77
-61
-42
-49
-44
-33
-32
-27
-22
-10
-6
23
36
92
142
172
187
162
141
107
61
19
26
31
4
-14
-24
-52
-94
-128
-150
-144
-137
-147
-111
-65
-67
-77
-57
-27
-5
23
70
116
109
42
9
12
10
-2
-2
-7
42
107
116
132
133
117
120
87
12
-41
-69
-102
-118
-115
-97
-38
13
44
55
62
46
9
16
13
-35
-57
-68
-55
1
5
15
27
12
0
18
32
18
-10
-8
9
3
-20
-27
13
1
-26
-6
-12
-34
-33
-28
-19
3
18
28
43
88
109
98
84
89
94
105
83
58
82
90
68
39
24
33
43
-2
-31
-24
-14
-59
-122
-175
-188
-203
-242
-243
-211
-172
-130
-107
-63
-8
16
9
-2
-28
-31
0
11
24
56
94
126
133
89
83
99
69
-11
-69
-77
-72
-80
-114
-109
-84
-49
-63
-73