5
5
4
5
16
22
5
-8
4
10
-7
-18
-10
6
2
-6
-15
-11
-21
-45
-46
-16
-11
-19
-22
-20
-10
-2
3
2
6
9
2
-9
-11
1
2
-3
1
5
13
21
19
6
-3
1
19
10
-2
-4
4
25
23
16
20
19
-4
-7
7
17
4
-4
-1
13
19
12
8
-10
-11
-12
-6
-9
-6
2
9
17
18
16
15
27
25
18
18
6
-5
8
13
5
8
23
21
19
10
16
19
7
-7
-16
-6
3
13
0
-13
-25
-11
2
-6
-26
-30
-15
-8
6
2
-2
-1
4
7
1
-24
-36
-23
-12
-11
-9
-9
-5
3
1
4
-2
-8
-16
-20
-14
0
5
-2
0
10
11
9
3
-6
-15
-8
0
-9
-19
-9
17
25
3
-16
-5
9
-1
-20
-33
-25
-12
-18
-30
-29
-9
-6
-18
-12
-2
1
4
-1
-10
-4
12
21
17
18
18
17
6
7
7
-1
1
-4
-7
-10
3
-1
-3
-11
-4
22
25
8
-12
-8
18
20
-14
-22
-6
22
20
0
9
25
26
25
24
25
17
-2
-22
-16
-14
-25
-41
-35
-13
5
6
-3
7
19
21
26
30
21
7
-7
0
-5
-25
-27
-7
-21
-29
-7
-6
-22
-1
23
16
13
26
18
13
26
23
4
-7
-13
2
26
9
3
-8
-3
-17
-5
-4
-35
-51
-2
42
59
28
-4
7
36
58
3
-27
-2
45
33
-7
-4
4
-1
-9
-25
-37
-20
8
33
12
-28
2
29
-9
-36
-22
-8
-19
-18
-6
-15
-5
2
-14
-6
8
-48
-32
39
77
14
-56
5
82
65
-7
-33
-4
45
18
-30
-24
18
64
7
-49
-35
21
9
-2
-7
-51
-31
46
25
-59
-42
-29
-3
50
-3
-97
-9
45
-4
-42
-38
14
50
-58
-83
-17
25
10
-61
-4
2
47
68
-2
-15
56
113
36
4
33
5
-1
-6
-45
-74
-26
-12
-44
-16
5
11
35
37
5
62
71
2
-55
-28
2
-50
-96
-51
-27
-39
-49
-36
-20
3
23
6
5
7
17
-13
-28
-9
-26
-80
-32
21
-1
-18
-13
31
65
58
26
6
23
34
48
41
-29
-21
61
28
-16
44
16
-51
-10
48
-5
-31
-22
-79
1
101
6
-60
67
119
34
43
30
-56
-19
20
-71
-44
48
32
-56
7
57
-4
20
118
67
10
32
8
11
16
-28
-59
-73
-59
-30
-46
-37
-63
-40
11
28
6
14
40
81
87
24
6
70
63
-14
2
-3
-50
-55
-67
-93
-92
-57
-44
-13
13
11
-19
41
75
-26
-28
-15
-54
-62
-19
-9
15
31
-7
39
75
34
-42
-48
-24
-9
11
46
64
27
47
22
-24
-47
-77
-95
-112
-122
-77
-16
5
32
77
111
167
103
64
82
54
-40
-99
-97
-67
-40
-48
-52
18
73
43
-58
-122
-20
35
-87
-156
-47
48
60
30
-21
-10
30
45
48
32
18
10
51
108
41
-78
-47
-21
-15
-14
14
43
69
144
134
59
99
126
27
-34
-22
-2
-3
-14
-107
-138
-61
-26
-35
5
82
99
143
171
104
9
18
49
17
-26
-33
-94
-148
-40
8
-77
-144
-85
-25
-47
-76
-101
-58
8
13
-18
-5
47
37
-15
-14
67
88
57
99
121
85
94
47
-36
-86
-125
-153
-190
-93
11
8
-30
5
29
22
75
138
164
198
188
154
132
83
-28
-127
-161
-200
-192
-191
-152
-89
-103
-128
-104
-101
-131
-130
-108
-58
-28
48
139
143
133
189
199
213
182
71
-3
-47
-130
-201
-256
-298
-284
-268
-163
-85
-2
88
116
123
161
153
182
178
136
85
11
29
11
-30
-31
-45
-29
48
101
127
154
110
11
22
21
-38
-9
47
34
9
-17
-52
2
84
50
6
19
49
190
266
140
98
182
180
112
53
-80
-162
-136
-217
-286
-239
-28
-19
-448
-624
-136
347
325
-108
-240
211
608
623
133
-365
-348
-78
4
-222
-581
-639
-303
97
201
168
10
-37
68
164
48
-119
-276
-227
38
421
548
231
25
248
508
558
301
-83
-280
-170
-57
-180
-418
-450
-228
94
286
298
236
234
183
98
97
38
-151
-292
-236
-122
-74
-198
-289
-177
-9
24
-61
-78
-54
-25
172
270
232
257
437
598
584
417
143
-7
-70
-154
-336
-499
-526
-473
-334
-290
-291
-240
-124
-14
150
286
341
346
315
244
86
8
-147
-321
-401
-232
-85
-113
-142
-50
-75
-86
-149
-292
-321
-224
-103
-9
123
218
335
356
259
196
215
78
-184
-282
-210
-227
-237
-85
-6
67
240
145
-89
-78
-64
-111
-173
-167
-100
67
152
245
290
406
441
405
299
257
159
186
121
136
181
380
419
483
445
225
-27
-170
-408
-526
-592
-490
-455
-461
-420
-244
-123
-127
-283
-391
-447
-415
-475
-487
-576
-542
-405
-289
-333
-180
-155
-213
-221
-100
-129
-20
79
273
573
848
833
955
1002
927
831
847
851
773
649
744
746
836
997
1183
1275
1521
1453
1244
812
83
-899
-1756
-2537
-3243
-3562
-3464
-2968
-2338
-1707
-1208
-616
-47
392
714
819
656
360
277
-38
-1019
-2139
-2623
-2390
-1910
-1829
-1701
-1135
-25
1051
1686
1996
2309
3363
5073
7154
8406
8646
7841
7099
5984
5128
4151
4853
6223
-218
-15752
-26800
-25884
-19216
-16649
-17397
-11282
3460
20125
29544
28453
21765
16456
13614
10889
2941
-7952
-15728
-16617
-13789
-10511
-10640
-13456
-14460
-9973
-3913
662
1815
2290
5302
12401
18844
17912
10027
3131
-739
-3452
-6860
-11634
-16306
-16955
-13124
-7839
-4660
-3413
-1636
3150
8804
11355
10103
8203
7296
6588
5242
2607
-1028
-3286
-2461
330
2884
3566
3143
4560
8483
11682
11603
9834
7316
1316
-9090
-18823
-23504
-23842
-22140
-18735
-11572
-343
11415
19156
21234
19776
17400
14734
11374
6452
690
-3383
-4993
-5934
-7535
-10100
-13132
-15066
-14645
-12617
-9650
-5904
-1286
4550
11502
17539
19788
17863
13967
9053
3100
-3135
-9808
-16470
-20623
-20174
-16821
-13262
-10173
-6284
-494
5625
9857
11721
12111
11498
10314
8604
5684
900
-3766
-6463
-7249
-6473
-3813
-358
2969
6363
9038
11075
13502
15434
15273
13255
8087
-3558
-18056
-26964
-27879
-26055
-24810
-20898
-9869
5461
18446
23862
23524
21589
20047
18310
14635
7125
-1073
-5891
-7131
-8396
-11480
-16187
-19821
-19674
-15615
-10693
-6574
-2560
3213
11078
19483
24298
22756
17517
12923
8767
2762
-5411
-13823
-21709
-27800
-30963
-30385
-24531
-14967
-5024
4839
14413
22446
26773
25644
19920
12376
5995
833
-5274
-11635
-15057
-13419
-7555
-868
3910
7415
11453
15585
18609
18051
14084
10062
2521
-12109
-25343
-28882
-24916
-21658
-21081
-15279
-1677
12846
20852
20703
17648
16050
15420
14897
11470
5026
-576
-2491
-3486
-6071
-10713
-16033
-19346
-18296
-14273
-9700
-6303
-2592
3278
11757
19800
23044
19288
13132
9007
6169
1281
-5931
-13344
-17172
-17109
-17922
-21889
-25441
-23042
-12708
-396
7957
13058
18059
23867
26158
21846
13718
5934
486
-2781
-6084
-9885
-12044
-10477
-5369
721
5897
9962
14638
18608
20533
18902
6383
-15343
-30412
-30802
-23825
-21434
-22730
-15086
2433
20062
27459
23544
16228
11909
11176
11808
7192
-1088
-6146
-4354
-818
-312
-5167
-13095
-18573
-17180
-12248
-8208
-7327
-5678
1131
12436
22142
23733
18065
12524
9635
7157
1719
-7963
-18162
-23481
-22375
-18469
-20459
-26926
-24805
-11185
5618
15816
15727
16023
22949
28596
25089
13870
2445
-3152
-4287
-5508
-11127
-16777
-15745
-7628
1106
6871
9955
13878
20103
23633
21824
16852
1689
-20404
-32277
-28433
-21105
-21301
-24233
-15396
2948
20059
26014
21509
16006
15742
18246
18481
11248
46
-6929
-5503
-2980
-5093
-11984
-19094
-21276
-16908
-11408
-8932
-9052
-5761
3152
15051
24206
25080
18891
13868
11423
7678
-733
-11276
-20631
-24675
-23641
-24318
-27732
-26558
-17071
-1780
10585
15662
18734
23738
27612
24718
16125
7720
1496
-2329
-5066
-9334
-13954
-14277
-9239
-1954
3411
7268
11700
18025
21763
20896
17610
6298
-14216
-29113
-29382
-22329
-20692
-24100
-18735
-2337
14674
21929
19043
14456
14007
16414
19044
15581
6545
-961
-1675
-1017
-3747
-10697
-18322
-22418
-20127
-15204
-11233
-9833
-7489
-402
11571
22896
26417
21967
17372
15133
11514
1523
-13100
-26583
-32657
-29913
-24115
-20266
-15874
-6877
7181
19062
22293
18662
14759
13523
11980
7130
1116
-3545
-5188
-3939
-2028
-1847
-2462
-1457
1615
5304
7967
9423
11081
12787
14382
9435
-6906
-23308
-27932
-23300
-19096
-20584
-18446
-5945
10677
21265
21747
17362
15107
15309
17339
15780
8508
496
-2714
-3561
-5360
-10354
-17103
-22193
-21208
-15911
-9804
-5892
-3067
2321
12159
22040
25661
21892
17399
12215
3800
-5951
-14790
-22196
-26795
-27902
-23670
-15419
-6786
35
6550
13217
17247
16263
12539
8094
4376
2211
1436
546
-112
340
1602
3066
2936
730
-196
1637
4510
7046
8861
11303
13458
7038
-10111
-25136
-28252
-23773
-21114
-21791
-15922
-347
16594
25047
23316
17928
14827
13539
12734
8634
1743
-3054
-3004
-2448
-4025
-8924
-15470
-20097
-19568
-15698
-11100
-7184
-2792
4325
14384
23417
26112
20294
11504
4778
463
-4041
-10632
-18845
-22926
-19648
-12903
-8693
-7999
-5940
1951
11195
14883
12130
8284
6908
6884
5792
3585
1012
270
2677
6065
6056
2482
-1018
-1725
530
2964
4078
5852
9454
10867
1713
-14393
-24702
-25768
-23344
-22573
-20763
-10261
7087
22415
28210
26106
21673
17166
12808
7427
-430
-7182
-9593
-8405
-6116
-4820
-6747
-11580
-14838
-13725
-10779
-8259
-6427
-2786
5521
16420
22258
18534
11563
7076
3866
443
-5497
-12968
-16476
-13826
-8981
-7756
-9401
-8956
-3940
3347
7432
6821
5999
7035
8353
8737
6946
3755
2110
3960
6665
6666
4284
2208
1656
2590
2659
1352
772
3281
6899
1785
-12457
-22927
-23578
-19652
-18834
-20061
-13076
2796
19601
28820
28914
24508
19089
13872
8693
196
-9610
-14922
-13207
-8405
-4872
-4817
-7427
-9777
-9581
-7857
-6279
-5960
-4591
1057
9725
15066
13442
8638
5864
4839
2485
-2637
-8243
-11458
-10924
-8473
-7314
-7800
-7822
-4674
1048
4818
4667
3520
4498
6663
7224
5804
4521
4425
6071
8263
8866
7284
5229
4510
4915
3549
496
-885
1087
4067
707
-11421
-21954
-23783
-21714
-20887
-19883
-12801
1956
17970
28333
31490
29407
23924
15925
7341
-1485
-10980
-17662
-17691
-14273
-10267
-6980
-5477
-5652
-5615
-5126
-3948
-3003
-2036
1121
8061
14763
16456
13702
10042
4853
-5047
-15986
-21003
-21343
-18341
-12846
-7454
-753
7311
13479
16096
13879
9187
5808
4043
657
-5350
-9307
-7622
-2724
2465
7230
10492
12087
13203
12774
10386
6585
2004
-129
2061
4937
393
-13510
-24597
-23925
-18401
-17803
-21744
-18983
-4209
14571
26009
27166
23956
21766
20047
16157
6997
-5565
-14721
-15910
-11898
-8928
-9882
-12504
-12752
-9430
-5879
-4559
-4644
-3195
2255
11181
17294
14874
8778
6033
5539
2269
-5399
-12569
-14503
-12759
-10335
-8495
-6765
-4319
-396
4946
8270
6792
4557
5227
7021
6934
4845
2540
1974
3135
4743
5392
4295
3034
4289
6921
7626
5214
2028
1755
4228
4573
-3103
-16246
-24639
-23442
-18498
-17213
-17946
-11873
2946
18759
26998
26578
22633
18928
15385
10119
1131
-9328
-16349
-16925
-13126
-9559
-8591
-8887
-7716
-4669
-1456
34
-641
-1221
1199
6609
10787
10006
6029
3225
2450
785
-3770
-9395
-12706
-11906
-8419
-5356
-4200
-3070
441
5438
7679
5936
3453
3186
4311
4767
4238
3842
4344
5875
7615
7652
5879
4027
3490
4310
4304
2468
1371
2697
4459
24
-11633
-21839
-24496
-21621
-19176
-18885
-14109
-942
15683
27048
29558
26977
23032
18235
11309
1261
-9943
-18225
-20307
-16774
-11624
-8367
-7147
-5375
-2405
-377
267
19
-80
1903
7070
12753
14297
10887
5597
-91
-6956
-13613
-17686
-18594
-16553
-12282
-6064
1795
7985
10870
12061
12128
10266
6719
2688
-1004
-3997
-4955
-2952
1021
5270
8067
8731
8868
8918
8200
6499
3673
1388
2077
5419
6682
-928
-14565
-23955
-24620
-21203
-21004
-22328
-16382
-896
16430
26539
28179
26347
24093
21183
15328
4866
-7584
-16378
-18432
-15825
-13006
-12241
-12139
-9872
-5841
-2215
-339
-419
-68
3825
11112
17195
17736
14215
9466
3373
-4185
-12184
-18624
-21330
-20302
-16820
-11092
-3651
3271
8274
11512
13009
12261
10050
7020
2888
-1390
-3466
-3102
-1301
1418
4574
7158
8317
7506
5933
5284
4608
2791
1540
2905
6718
7497
-792
-14518
-23690
-23859
-20599
-21257
-22398
-14975
1771
18797
27197
27410
25502
23590
19956
12893
2295
-8811
-16354
-18192
-15749
-13080
-12880
-13140
-10635
-5854
-1858
5
664
2481
6718
12172
15548
14369
10094
6564
4169
132
-6376
-12924
-16011
-15378
-13451
-10956
-7922
-4401
8
4713
7891
8253
7461
7344
7496
6537
4670
3127
2728
3416
4709
4859
3368
2184
2386
3413
3444
1533
887
2945
5956
7417
1826
-10414
-20881
-23806
-21311
-20154
-20732
-14645
374
17300
27644
29087
26268
22533
17587
10740
1332
-9279
-17143
-19098
-16435
-12886
-10896
-10034
-8025
-4448
-730
1987
2541
2179
3890
7986
11364
10469
6187
2959
1751
-290
-4364
-8721
-11317
-11164
-9055
-6738
-5156
-3951
-1591
2233
5251
6013
5380
5248
5832
6032
5268
4069
2926
2997
4606
5708
5152
3617
2871
3785
4504
3589
1867
1187
3392
4851
-1017
-13130
-22498
-23353
-19714
-18193
-17452
-10733
3485
18474
27012
28267
25721
21359
15616
8576
-569
-10778
-17995
-19670
-17130
-13316
-10412
-8412
-6013
-3052
-29
2117
2473
1748
3336
8794
12964
11344
7122
4090
1747
-2225
-7952
-12456
-13874
-12340
-9210
-5522
-1912
794
3155
5979
7370
6196
4200
3133
2797
2288
1757
1747
2294
3277
4886
5909
5226
4312
3663
3673
4025
2721
1253
1605
3744
5685
1082
-9998
-19382
-22163
-19787
-18330
-18792
-14036
-1587
13744
24612
27593
25753
22662
19011
13515
4460
-6594
-15105
-18193
-17179
-14295
-11930
-11157
-9835
-6374
-2046
934
1168
1237
4278
9981
14800
14347
9765
5331
1583
-2177
-6897
-12746
-16051
-14590
-10463
-6546
-3800
-1403
1764
5359
7902
7698
5678
4169
3784
3673
3241
1973
806
1381
3583
5408
4889
2826
1719
2480
3778
2976
914
984
3526
7302
7236
-1293
-13385
-20485
-19911
-17050
-18140
-18567
-10539
5018
19926
26553
25845
23267
20595
16598
9506
-985
-11653
-17841
-17900
-14126
-10668
-9869
-9675
-7263
-3012
238
505
-682
256
4589
10509
14439
13889
10339
7216
4298
-557
-9069
-19149
-23845
-21300
-15906
-10318
-6026
-1018
7412
15547
18500
15210
9750
6702
5207
2201
-2641
-7115
-7736
-4204
630
3751
4530
4604
5803
7472
7324
4434
1424
767
3284
6526
4236
-5312
-15458
-19179
-16801
-15335
-17674
-16737
-7225
7712
19561
23329
22368
21228
19634
16108
9149
-785
-9962
-14271
-13557
-11129
-10448
-11329
-11077
-8583
-5304
-2949
-2355
-2111
453
6171
12822
16117
14881
12317
10099
6515
-322
-10093
-19618
-24505
-23458
-18550
-12894
-7773
-1115
8228
16529
19148
16111
11745
8999
6547
2281
-2967
-6937
-7892
-6076
-2826
605
2491
2816
3759
5445
5792
4168
2192
2828
5855
8997
10126
4354
-7386
-16309
-18171
-16754
-18460
-21490
-16649
-3246
10956
18899
20554
20964
21678
20809
16709
8388
-1831
-9507
-12369
-12243
-11885
-12536
-13088
-11442
-7647
-4350
-3091
-3372
-2054
2599
9054
14256
15587
13744
10786
7041
2146
-4431
-12050
-17612
-18901
-16735
-12758
-8292
-3429
2271
8056
11879
12130
10180
7971
5535
2798
179
-1986
-3138
-2786
-1325
224
933
548
103
480
1135
1721
2652
3933
6156
8182
10065
10249
3181
-8839
-17303
-18855
-16957
-17648
-18672
-12629
-134
12725
19587
20481
20015
19463
17705
13656
6066
-3251
-10179
-12643
-12358
-11854
-12138
-11831
-9533
-5962
-2810
-1098
-1003
-154
3121
8264
12555
12933
10391
7824
4889
245
-5970
-11972
-15419
-15646
-13268
-9357
-4979
-476
4470
9135
11286
10078
7516
5441
3249
144
-2462
-3143
-2731
-2306
-1618
-211
1201
1230
704
1530
3351
5195
6147
6495
6991
7482
7997
5139
-4268
-14696
-19279
-17424
-14894
-15886
-15073
-7301
4802
14737
18795
19611
20187
19777
17316
11985
3684
-5646
-12608
-15016
-14197
-13140
-13000
-11938
-8531
-4099
-585
939
1268
2717
6258
11004
13721
12086
7996
4189
978
-3106
-9201
-14553
-15959
-13484
-9236
-5349
-1686
2712
7378
10472
10236
7507
4592
2452
732
-1137
-2943
-3828
-3576
-2477
-1005
270
734
609
1754
4250
6574
7634
7438
7448
7587
8275
7231
-591
-11983
-18939
-18745
-16019
-17020
-18505
-12751
-111
12695
19538
21277
21983
21912
19837
14529
5338
-5425
-13440
-16168
-15172
-13565
-12957
-12139
-9106
-4539
-787
645
581
1858
5904
11157
14644
14112
10183
5904
2223
-2397
-8330
-14206
-16942
-15095
-10933
-6286
-2155
1492
5506
9108
10178
8303
5348
3342
1719
-531
-2838
-4203
-4524
-3855
-2207
-40
1731
2726
3662
5376
6657
6684
6173
5990
5988
6299
6822
2988
-6917
-16334
-19511
-17624
-16793
-18520
-15780
-5066
8832
18633
21941
22658
22849
20784
15770
7756
-2075
-10820
-15609
-15997
-14179
-12842
-12181
-10175
-6263
-2403
-1
1168
2744
5837
10303
14530
15788
13287
9352
5512
1358
-5111
-14706
-21780
-21911
-17476
-11526
-6873
-2817
4323
12669
17409
15810
10381
6274
3914
454
-4826
-10260
-12002
-9105
-4576
-572
2405
4179
6238
8744
9584
8209
5737
4348
5721
7444
7890
4513
-4790
-14472
-19170
-19163
-18749
-20489
-18734
-8798
5673
17337
22292
23362
23998
23305
19279
11427
1065
-8513
-14259
-15809
-15322
-14804
-14589
-13100
-9272
-4643
-1201
645
2497
6139
11214
15704
17151
14666
10189
5837
1075
-5000
-11635
-16779
-17999
-15824
-12383
-8321
-3915
737
5518
8930
9750
8226
6016
4148
1938
-811
-2815
-3454
-2967
-1768
-254
1602
2978
3260
3417
3830
4285
4728
4866
5345
5873
6228
6190
1781
-7664
-16151
-18862
-16603
-15242
-15866
-12440
-2311
10150
18235
20192
20224
20350
18742
14440
7420
-1496
-9720
-14587
-15698
-14994
-14533
-13763
-10763
-5826
-837
2613
4267
5492
7458
10091
12615
12989
9996
5903
2753
-200
-4803
-10983
-15589
-16246
-14047
-11029
-7857
-3875
1194
6210
9324
9603
7550
5005
3034
1209
-862
-2563
-3007
-1910
28
2060
3103
2955
2715
3251
4203
4598
4385
4490
4946
5813
6424
2781
-6110
-14751
-17765
-15905
-14627
-15538
-12916
-3679
8474
17129
19582
19188
18886
17689
13984
7035
-1834
-9493
-13727
-14865
-14118
-12985
-11616
-9093
-4999
-479
2647
3542
3977
5811
8943
11787
12061
9749
6889
4329
1147
-3835
-9798
-14162
-15078
-13523
-11521
-8997
-5325
-480
4459
7480
7957
6871
5588
4322
2557
546
-1083
-1798
-1149
260
1737
2230
1723
1706
2723
3952
4358
3895
4042
5068
5884
5751
2081
-5946
-13638
-16564
-15222
-13911
-14648
-12282
-3701
7773
15987
18499
18645
19011
17913
13776
6803
-1448
-8955
-13648
-14989
-14007
-12556
-11238
-8926
-4902
-677
2129
3128
3805
5919
9134
12187
13366
11406
7768
4268
581
-4457
-10810
-15937
-16948
-14739
-11683
-8434
-4561
230
5080
8222
8941
7763
5960
4295
2604
449
-1608
-2661
-2144
-495
1102
2071
2351
2236
2586
3498
4177
4111
4335
5315
6595
7292
3419
-5766
-14302
-17555
-16147
-15214
-15876
-12764
-3605
8202
16787
19325
19002
18290
16784
13389
7087
-1351
-8859
-12720
-13124
-12356
-11816
-11125
-8943
-5282
-1347
1316
2128
2895
5512
9471
13035
14062
11718
7873
4403
605
-4714
-11306
-16660
-17923
-15443
-11699
-8340
-4877
3
5662
9602
10358
8670
6547
4711
2566
-212
-2643
-3703
-2967
-881
1483
2841
2629
2116
2575
3514
3955
3512
3526
5104
7175
7826
3118
-6710
-14884
-17214
-15878
-15699
-16721
-12835
-2489
9407
17033
18883
18447
18103
16752
12951
6049
-2274
-8843
-11675
-11786
-11349
-11259
-10620
-8429
-5019
-1773
377
1277
2407
5510
9971
13557
14160
11712
7906
4159
-483
-6680
-12702
-16572
-16859
-14228
-10575
-6715
-2804
1415
5816
8652
9009
7665
5797
4062
2165
-33
-1892
-2625
-2040
-585
1279
2542
2525
1801
1766
2839
3635
3519
4102
5717
7335
7350
2027
-7567
-15096
-17343
-16115
-15918
-15973
-10871
-548
10185
16672
18245
18253
17502
14960
10743
4704
-2426
-8221
-10841
-10907
-10397
-10120
-9458
-7685
-5054
-2206
10
1262
2781
5837
9830
12929
13357
10825
6932
3080
-1379
-6885
-12169
-15582
-16126
-14028
-10156
-5875
-2174
1643
5939
9015
9348
7548
5442
3839
1950
-447
-2229
-2630
-1940
-386
1771
3213
3159
2484
2721
3687
3682
2970
3529
4970
6322
5595
-480
-9555
-15925
-17080
-15428
-15426
-14980
-8933
1927
12350
17495
18052
17554
16369
13448
8847
2598
-4237
-9202
-10657
-9700
-8805
-8918
-8637
-6668
-4041
-1858
-603
-20
1637
5127
9507
12705
12907
10470
7000
3260
-1349
-7317
-12891
-15896
-15754
-13014
-8828
-4382
-325
3640
7566
9581
8821
6430
3992
2131
455
-1305
-2507
-2494
-1202
757
2526
3530
3366
2975
3422
4152
4079
3338
3527
4690
5579
3811
-3163
-11677
-16233
-16103
-14654
-14894
-13636
-6778
3646
12543
16218
16352
16185
15472
12845
8150
1895
-4357
-8525
-9591
-8921
-8629
-8870
-8074
-5663
-3048
-1426
-827
-385
1449
4886
8846
11389
11502
9776
6816
3106
-1563
-7575
-12647
-15008
-14763
-12041
-7768
-3061
1464
5375
8253
9107
7759
5366
2775
636
-744
-1738
-2181
-1550
-56
1496
2751
3147
2632
2379
2830
3751
4108
3840
4238
5222
5373
1623
-6587
-13750
-16072
-15127
-14639
-14902
-11355
-2699
7218
13694
15700
16079
16014
14369
10783
5486
-554
-5727
-8464
-8618
-7975
-7796
-7855
-6877
-4711
-2712
-1727
-1500
-655
1763
5547
9322
11263
10847
8741
5908
2161
-3218
-9325
-13832
-15164
-13557
-10114
-5768
-1140
3588
7616
9612
8931
6611
3989
1526
-498
-1696
-2085
-1670
-612
819
2110
2714
2464
1811
1718
2337
3243
3916
4454
5321
6198
5350
-227
-8875
-14663
-15668
-14894
-15237
-14616
-9031
456
9269
13909
15109
15524
15233
13105
9098
3608
-2101
-6284
-7842
-7651
-7458
-7632
-7397
-6076
-4114
-2723
-2206
-1983
-599
2500
6397
9609
10852
9969
8045
5320
1226
-4313
-9970
-13463
-13933
-11959
-8536
-4813
-569
4277
8253
9627
8173
5448
2981
972
-802
-2171
-2633
-1834
-77
1916
3371
3605
2717
2015
2279
2705
2826
3074
3989
5284
5685
2454
-4923
-11869
-14507
-14104
-14429
-15090
-11760
-3544
5776
11742
13736
14423
14766
13604
10493
5802
315
-4372
-6575
-6676
-6639
-7229
-7504
-6616
-4922
-3441
-2775
-2538
-1286
1532
5116
8282
10091
10121
8634
6139
2565
-2538
-8026
-11900
-13288
-12356
-9583
-5924
-1829
2684
6800
9128
8827
6530
3787
1417
-504
-2075
-2920
-2342
-652
1438
3361
4143
3365
2159
1766
2005
1898
1762
2649
4705
6093
3560
-2790
-8935
-11950
-12378
-13361
-14672
-12430
-5407
3328
9417
11790
12935
13657
12986
10388
5989
971
-3206
-5557
-5877
-5525
-5894
-6529
-6242
-4890
-3431
-2753
-2591
-1723
817
4494
7675
9138
8844
7443
5618
2985
-1116
-6127
-10220
-11670
-10824
-8839
-6414
-3520
433
4785
7766
8183
6531
4413
2637
924
-907
-2463
-2677
-951
1617
3364
3659
3111
2563
2232
1993
1407
1014
1866
3899
5109
2274
-3809
-8755
-10725
-11063
-12186
-13084
-10184
-3262
4434
9412
11185
11657
11613
10650
8322
4284
-320
-3591
-4742
-4574
-4361
-4853
-5655
-5809
-5040
-3862
-2956
-2403
-1176
1591
5597
8725
9056
7431
5548
3723
1186
-2666
-6594
-9007
-9237
-7844
-6126
-4364
-2218
603
3694
5700
5636
4288
2957
2006
906
-319
-1164
-838
853
2950
4194
3949
2927
2184
1919
1454
484
-132
976
2943
2468
-1700
-6398
-8574
-8845
-9693
-10908
-9481
-4335
2253
7252
9616
10345
10024
8507
5969
2677
-893
-3629
-4593
-3936
-2863
-2328
-2569
-3319
-3980
-4179
-3851
-3085
-1966
199
3656
7329
9313
8488
5991
3327
694
-2355
-5812
-8311
-8627
-7062
-4803
-3105
-1725
224
2534
4116
4234
3556
3086
2694
1917
818
-85
-225
642
2061
3000
3251
3300
3411
3178
2014
622
-83
406
1043
-624
-4090
-6821
-7593
-7304
-8038
-9062
-7564
-2691
3377
7474
9035
9603
9602
8313
5228
843
-3383
-5779
-5979
-4916
-3502
-2372
-1805
-1443
-1333
-1808
-2856
-3787
-3186
-583
3011
6177
7662
7545
6504
4482
1410
-2383
-6063
-8201
-8066
-6267
-4133
-2269
-224
1992
3596
3841
2923
1806
1307
1442
1452
1151
981
1594
2890
3716
3382
2446
2051
2416
2667
1834
241
-514
144
114
-2900
-7044
-8749
-7570
-6133
-6491
-6555
-3580
1716
6395
8613
9018
8912
8120
6181
2789
-1743
-5853
-8018
-7880
-6143
-4352
-2977
-1663
-215
839
941
80
-971
-1022
537
3159
4961
4964
4284
3744
2901
518
-3375
-6394
-7256
-6531
-5104
-3453
-1363
1122
3595
5006
4449
2647
1142
635
435
155
345
1613
3483
4567
4474
3598
2549
1961
1561
1066
652
451
762
142
-2985
-6944
-9056
-8791
-7973
-7788
-6401
-2302
3286
7810
9860
10161
9703
8309
5781
2199
-2010
-5826
-7942
-8174
-7405
-6404
-5216
-3537
-1596
1
994
1342
1454
1960
3021
4064
4059
3201
2437
1796
758
-1243
-3569
-5046
-5489
-5177
-4456
-3230
-1312
1150
3548
4936
4828
4034
3168
2107
831
-349
-564
611
2289
3364
3586
3462
3250
2807
1952
836
200
578
938
-502
-3843
-6866
-7958
-7867
-8097
-8228
-6204
-1372
4375
8479
10556
11315
10938
9089
5743
1253
-3592
-7392
-9102
-9003
-8145
-7156
-5946
-4321
-2461
-1077
-294
400
1491
3164
4924
5796
5465
4191
2830
1669
-232
-2815
-4985
-5788
-5156
-4251
-3554
-2554
-662
1777
3576
4135
3865
3597
3578
3343
2613
1897
1922
2265
2165
1652
1228
1447
1658
1362
1227
1258
1667
1308
-1258
-4669
-6983
-7306
-6876
-7347
-7364
-5271
-1048
3475
6310
7717
8585
9020
8505
6514
3107
-694
-3512
-5080
-5757
-6157
-6538
-6458
-5675
-4529
-3533
-2966
-2400
-981
1373
3752
5481
6285
6225
5664
4293
1999
-787
-3641
-5674
-6651
-6808
-6003
-4396
-2073
606
2775
4167
4790
4974
4977
4603
3868
3282
3101
3040
2716
1747
583
-98
-566
-737
-736
-464
570
717
-871
-3140
-4710
-4916
-5322
-6374
-6322
-3846
248
3361
4675
5280
5949
6310
5407
3170
605
-1192
-1821
-1879
-1860
-2084
-2591
-2940
-3194
-3556
-4084
-4654
-4432
-3141
-1312
596
2246
3488
4440
4879
4453
3187
1362
-535
-2073
-3128
-3866
-4376
-4351
-3525
-2289
-936
444
1866
3412
4969
6127
6711
6681
6069
4952
3248
1298
-45
-736
-1034
-1299
-1260
-822
-1510
-3336
-4980
-5529
-5107
-4885
-4657
-3168
-235
3091
5134
5638
5402
4882
3898
1866
-994
-3527
-4647
-4218
-2946
-1579
-589
352
1371
1704
997
-442
-1977
-2786
-2834
-2287
-1542
-852
148
1371
1991
1737
947
-79
-993
-1610
-1842
-1528
-870
-294
291
781
893
532
-44
-272
223
1438
3078
4439
5161
5730
5773
5188
3952
2064
368
-770
-1388
-2495
-4543
-6030
-6213
-5444
-4873
-4797
-3857
-1492
1602
4067
5516
6345
6582
6148
4636
1741
-1596
-4455
-6187
-6833
-6605
-5643
-4108
-2031
92
1792
2665
2586
2183
1734
1382
997
542
346
205
161
199
-53
-791
-1849
-2627
-2839
-2711
-2591
-2332
-1323
194
1522
2270
2733
3183
3642
3912
3661
2958
2103
1582
1543
1639
1521
1617
2040
2675
2608
428
-2829
-5537
-7120
-7534
-7650
-6950
-4470
-202
4307
6968
7818
7614
6836
5444
2875
-446
-3163
-4442
-4729
-4726
-4705
-4769
-4586
-3930
-3240
-2659
-2280
-1775
-478
1421
3366
4568
5005
5152
4993
4259
2677
586
-1363
-2782
-3629
-4109
-4279
-4056
-3257
-1955
-774
6
651
1517
2849
3971
4414
4615
4789
4778
4210
3010
1557
344
-408
-751
-1237
-2568
-4045
-4676
-4553
-4256
-4478
-4377
-2916
-330
2466
4700
6323
7442
8004
7701
5963
2748
-1000
-4179
-6402
-7733
-8060
-7371
-5707
-3554
-1806
-711
-414
-732
-1098
-1148
-614
217
1299
2757
4181
5074
5001
4022
2481
685
-1093
-2707
-3878
-4292
-3701
-2374
-968
234
1277
2352
3236
3459
3155
2703
2599
2839
3037
2873
2373
1877
1463
1002
-643
-3484
-5840
-6908
-6819
-6615
-6363
-4899
-1865
1938
4956
6842
7926
8396
8037
6439
3739
709
-1768
-3444
-4476
-4778
-4523
-3958
-3307
-3052
-3170
-3539
-4033
-4181
-3545
-2089
-279
1512
3229
4472
5018
4677
3424
1694
-108
-1414
-2104
-2387
-2290
-1840
-776
531
1524
2079
2354
2484
2376
2193
2061
1950
1909
2108
2690
3248
2921
2162
1020
-1061
-3628
-5903
-7144
-7424
-7296
-6291
-3889
-449
2447
4286
5686
6492
6304
4854
2589
431
-1110
-1924
-2292
-2205
-1616
-913
-317
-402
-1269
-2444
-3285
-3553
-3497
-2801
-1467
36
1440
2443
2822
2428
1434
349
-562
-1261
-1681
-1634
-1044
-135
864
1694
2174
2303
2283
2140
1616
1075
903
1213
1633
1922
2293
2851
3148
2936
2168
262
-2184
-4260
-5455
-5727
-5877
-5454
-3613
-762
1838
3122
3484
3543
3472
2941
1777
324
-845
-1383
-1620
-1945
-2427
-2922
-2942
-2695
-2455
-2096
-1555
-752
121
934
1642
2056
2061
1862
1654
1284
615
-93
-625
-843
-974
-1172
-1326
-1302
-998
-349
582
1581
2365
2855
3308
3439
3053
2397
1558
911
672
741
734
693
531
-308
-1607
-2991
-4113
-4497
-4609
-4526
-3425
-1088
1621
3673
4931
5504
5650
5117
3361
789
-1717
-3663
-4907
-5407
-5217
-4741
-4010
-2869
-1708
-855
-450
-482
-217
585
1293
1663
1934
2282
2544
2472
1961
1071
124
-655
-1152
-1407
-1460
-1113
-250
828
1732
2251
2473
2567
2386
2001
1549
1056
761
715
978
1220
1300
1026
-142
-1766
-3279
-4249
-4767
-5314
-5313
-3907
-1284
1182
2800
3938
4834
5480
5261
3866
2020
624
-218
-857
-1629
-2585
-3334
-3546
-3630
-3927
-4288
-4409
-3896
-2705
-1288
-82
936
2079
3142
3538
3100
2203
1391
679
-135
-1014
-1508
-1379
-815
108
1090
1954
2694
3122
3411
3343
2728
2029
1465
1233
1190
1057
939
665
-218
-1820
-3421
-4636
-5274
-5418
-5118
-3783
-1491
850
2541
3347
3523
3357
2995
2249
1014
-22
-498
-423
-481
-1105
-1817
-2044
-1840
-1758
-1987
-2012
-1756
-1322
-869
-486
-203
75
543
1020
1394
1471
1207
802
367
-101
-520
-795
-804
-438
340
1167
1831
2223
2413
2466
2218
1615
1068
926
1018
1337
1518
980
227
-25
-281
-1027
-2406
-3580
-3519
-2393
-1542
-1228
-664
336
1400
1820
1303
441
-143
-484
-939
-1513
-2061
-2318
-1892
-1294
-951
-662
-184
264
447
355
52
-241
-350
-227
229
805
1224
1473
1541
1278
511
-345
-917
-1067
-772
-57
887
1827
2679
3267
3299
2484
1281
244
-327
-393
-376
-240
333
883
729
-148
-1338
-2329
-2704
-2909
-2937
-2153
-612
966
2043
2583
2675
2529
1979
775
-483
-1361
-1968
-2416
-2717
-2835
-2791
-2641
-2423
-2124
-1751
-1326
-726
50
787
1323
1736
2070
2050
1662
1263
963
617
145
-234
-325
-198
76
306
665
1198
1916
2593
2696
2380
1869
1560
1391
993
524
311
498
361
-375
-1355
-2286
-2753
-3125
-3556
-3342
-2380
-1014
103
879
1522
1885
1946
1416
558
-136
-623
-994
-1249
-1377
-1376
-1196
-993
-1102
-1337
-1525
-1474
-1189
-920
-502
88
677
1010
1006
870
784
716
659
580
580
780
1176
1390
1218
1036
1046
1273
1329
920
610
598
882
1098
1085
1139
1472
1826
1497
691
-237
-1031
-1569
-2303
-2886
-2760
-2175
-1406
-814
-271
148
460
492
70
-438
-848
-1219
-1485
-1599
-1542
-1321
-932
-649
-542
-482
-451
-392
-403
-353
-141
223
595
802
893
1063
1130
1052
879
690
700
876
1140
1333
1426
1595
1826
1851
1492
899
424
288
277
204
156
354
638
476
-157
-913
-1456
-1729
-2019
-2178
-1927
-1305
-499
141
626
887
1128
1245
875
332
-193
-713
-1212
-1713
-2078
-2230
-2231
-2205
-2083
-1814
-1553
-1218
-841
-501
-101
358
856
1133
1174
1208
1270
1297
1189
1018
1000
1218
1563
1824
1987
2083
2176
2195
1917
1334
738
482
493
543
525
483
533
453
-150
-967
-1633
-2008
-2147
-2222
-2159
-1849
-1322
-718
-323
-96
138
362
481
455
345
168
-85
-443
-803
-1150
-1544
-1980
-2162
-2091
-1812
-1469
-1097
-682
-254
171
394
385
164
-49
27
240
393
584
929
1351
1823
2160
2216
2192
2228
2344
2291
1903
1541
1439
1500
1466
1227
1084
1065
940
511
-238
-1004
-1554
-1880
-2157
-2384
-2422
-2065
-1397
-883
-577
-361
-264
-199
-277
-550
-790
-1002
-1159
-1139
-1036
-1135
-1299
-1353
-1181
-853
-624
-465
-199
117
438
577
423
69
-296
-475
-430
-350
-224
87
657
1286
1726
1870
1879
2012
2130
1979
1706
1521
1674
2019
2085
1908
1818
1866
1808
1334
327
-682
-1350
-1856
-2308
-2591
-2608
-2162
-1376
-584
-51
155
167
108
-145
-529
-1068
-1557
-1832
-1857
-1743
-1697
-1754
-1759
-1554
-1213
-917
-680
-402
42
519
825
862
674
401
210
101
-1
34
356
864
1353
1559
1525
1472
1467
1303
877
528
692
1315
1926
2309
2621
2914
3102
2970
2239
1055
-200
-1140
-1771
-2395
-2721
-2501
-1914
-1188
-530
-130
125
55
-350
-697
-1086
-1649
-2110
-2366
-2399
-2256
-2126
-1991
-1799
-1560
-1374
-1135
-878
-592
-216
235
669
938
1050
1154
1204
1043
782
705
898
1061
946
805
905
1060
1049
822
616
708
998
1344
1632
1866
2236
2705
2813
2360
1662
942
116
-750
-1598
-2089
-1981
-1635
-1196
-652
-81
419
577
389
25
-298
-714
-1309
-1865
-2214
-2326
-2258
-2224
-2175
-2062
-1880
-1790
-1871
-1835
-1650
-1296
-795
-262
259
798
1263
1595
1685
1593
1522
1602
1538
1269
1143
1351
1565
1482
1253
1199
1313
1346
1159
965
1013
1224
1444
1443
1231
933
489
-88
-709
-1313
-1634
-1678
-1499
-1066
-526
-19
391
606
638
623
395
-3
-392
-853
-1290
-1605
-1877
-2076
-2169
-2190
-2158
-2189
-2279
-2239
-1985
-1699
-1398
-993
-429
235
880
1315
1557
1716
1841
1825
1597
1315
1242
1332
1358
1250
1235
1420
1559
1484
1257
1074
1030
1115
1183
1181
1126
981
695
302
-254
-862
-1356
-1703
-1745
-1437
-957
-510
-114
299
649
770
584
250
-142
-562
-945
-1313
-1623
-1891
-2053
-2045
-1987
-1996
-2024
-1873
-1518
-1168
-940
-674
-223
300
645
798
919
1119
1281
1197
967
815
876
1064
1119
1087
1153
1404
1651
1672
1451
1235
1108
1017
875
696
478
275
110
-25
-140
-355
-604
-659
-509
-342
-202
-124
-7
125
184
82
-124
-441
-745
-973
-1150
-1402
-1568
-1573
-1401
-1183
-1017
-901
-751
-610
-528
-579
-696
-739
-662
-537
-481
-426
-247
141
556
752
717
829
1121
1373
1297
998
877
1007
1120
1069
1055
1224
1538
1725
1698
1475
1156
739
192
-435
-877
-1136
-1180
-1053
-814
-481
-149
24
89
62
-153
-423
-629
-797
-896
-951
-914
-723
-607
-563
-437
-287
-320
-447
-537
-571
-687
-874
-1013
-1003
-904
-733
-565
-458
-320
-36
243
417
444
541
835
1165
1364
1441
1488
1579
1646
1444
1098
767
647
606
543
438
440
581
596
557
443
337
235
84
-111
-239
-267
-249
-228
-250
-329
-372
-433
-604
-921
-1330
-1598
-1732
-1835
-1935
-1847
-1467
-949
-533
-251
-71
69
40
-160
-453
-667
-686
-448
-94
230
565
914
1173
1151
827
404
163
145
257
377
637
1095
1599
1910
1869
1587
1314
1154
977
747
521
347
323
373
248
-45
-385
-577
-580
-578
-582
-465
-225
45
221
209
78
-163
-573
-989
-1349
-1705
-1998
-2112
-1995
-1674
-1357
-1062
-680
-308
-86
-51
-186
-384
-501
-556
-563
-475
-356
-149
158
442
619
618
608
777
988
1099
1155
1305
1569
1766
1770
1591
1417
1263
1097
893
674
470
347
277
280
297
217
74
-40
-71
-124
-253
-421
-555
-696
-788
-804
-855
-991
-1062
-973
-796
-700
-647
-586
-525
-585
-717
-850
-999
-1159
-1170
-997
-754
-530
-272
-2
191
250
139
-5
-138
-187
-117
-39
71
344
792
1208
1344
1235
1128
1111
1047
830
583
497
691
994
1221
1288
1257
1257
1215
955
507
79
-184
-311
-419
-526
-559
-483
-390
-369
-480
-678
-901
-1071
-1186
-1247
-1267
-1146
-891
-666
-499
-423
-507
-707
-903
-1029
-1031
-976
-778
-402
63
415
576
604
530
323
92
-79
-151
-104
90
371
636
804
865
915
900
766
607
586
709
934
1031
1052
1104
1188
1091
871
592
330
166
44
-1
-55
-136
-156
-147
-121
-142
-299
-556
-785
-910
-1003
-1162
-1353
-1422
-1210
-907
-702
-669
-642
-526
-407
-387
-480
-558
-512
-379
-252
-171
-170
-122
92
322
419
397
474
566
590
515
371
291
290
317
420
574
715
846
911
905
830
692
507
305
171
196
305
465
529
592
665
659
496
211
-109
-276
-350
-458
-517
-508
-443
-381
-457
-642
-821
-948
-1035
-1096
-1099
-1065
-940
-711
-483
-357
-248
-190
-203
-259
-396
-492
-493
-384
-177
86
393
695
899
961
905
755
494
221
19
-57
-17
67
307
604
820
964
1009
949
741
433
211
133
118
144
244
427
605
674
540
260
-13
-169
-313
-519
-652
-632
-495
-387
-415
-501
-574
-644
-765
-979
-1233
-1322
-1224
-1065
-849
-558
-179
200
389
397
317
166
-36
-214
-259
-121
58
157
237
343
446
423
297
269
399
595
778
875
874
794
629
417
203
-53
-271
-221
50
381
672
848
988
1115
1060
783
403
94
-79
-226
-448
-641
-703
-669
-665
-759
-914
-897
-831
-827
-848
-864
-747
-499
-399
-375
-276
-175
-44
-38
-191
-305
-432
-515
-445
-430
-351
-167
-8
236
430
442
514
553
534
592
610
638
738
735
704
689
518
388
343
262
178
129
138
298
453
449
473
473
478
529
450
243
97
17
-72
-192
-332
-437
-418
-530
-772
-942
-1124
-1202
-1225
-1310
-1201
-846
-537
-216
4
118
260
313
150
-36
-169
-195
-37
50
30
117
151
35
-161
-401
-505
-467
-280
52
494
871
1201
1440
1467
1230
907
585
318
126
14
43
208
409
565
645
577
459
315
54
-197
-283
-300
-266
-169
-106
-23
-10
-225
-505
-788
-1040
-1104
-1129
-1186
-1039
-872
-642
-364
-330
-329
-195
-118
50
211
141
190
323
396
429
260
-6
-56
-122
-174
-126
-114
-22
251
470
559
569
489
510
566
599
586
613
683
744
717
585
288
44
-69
-168
-152
-133
-172
-22
175
159
135
-5
-144
-102
-232
-463
-491
-557
-549
-430
-559
-674
-632
-705
-659
-659
-821
-717
-472
-331
-156
-133
-197
-30
30
-64
-81
-151
-76
192
287
445
624
693
875
956
853
760
526
358
358
225
211
280
198
208
254
170
187
116
-36
63
222
256
333
131
-105
-141
-264
-398
-433
-514
-398
-37
123
186
222
165
99
-63
-431
-721
-933
-1098
-1090
-1080
-1047
-851
-605
-362
-152
-44
19
129
217
249
194
189
278
422
541
551
559
671
692
622
538
369
318
344
262
278
345
309
437
465
337
370
319
202
193
60
-92
-158
-340
-462
-433
-492
-487
-375
-298
-98
64
113
198
173
72
-26
-265
-518
-712
-860
-848
-789
-720
-473
-240
-129
-9
-53
-202
-260
-378
-361
-250
-237
-40
304
486
629
653
522
584
538
383
389
327
337
578
597
589
628
468
449
401
61
-151
-350
-452
-146
36
95
388
585
726
823
391
-104
-410
-756
-844
-803
-865
-583
-232
-132
-10
-107
-425
-488
-516
-585
-452
-358
-173
178
192
-11
-169
-474
-661
-775
-901
-758
-368
3
409
740
866
859
721
540
394
214
52
103
232
432
599
622
627
599
501
437
212
-13
-26
5
55
67
-16
27
108
-51
-184
-269
-399
-358
-291
-228
1
71
129
273
111
-203
-433
-713
-827
-810
-798
-599
-331
22
370
406
304
212
0
-235
-490
-675
-562
-369
-225
62
253
364
468
377
262
221
175
251
369
455
638
833
884
850
679
414
145
-154
-407
-550
-640
-614
-447
-287
-81
108
240
389
399
290
236
90
-81
-218
-401
-470
-498
-616
-586
-595
-661
-556
-539
-527
-257
-39
226
552
595
638
650
340
47
-187
-527
-585
-555
-524
-168
180
363
658
770
680
678
503
299
374
285
249
476
492
452
516
301
68
13
-257
-391
-382
-501
-378
-51
-45
0
72
-65
-63
-167
-557
-694
-646
-639
-403
-227
-181
94
260
106
-76
-369
-627
-583
-610
-644
-399
-155
128
361
263
201
177
-14
-32
-43
-110
138
403
530
700
724
652
669
536
285
150
98
64
177
259
258
370
441
406
372
255
120
98
11
-87
-116
-197
-306
-337
-443
-497
-516
-536
-426
-283
-234
-124
-54
-77
-107
-287
-469
-582
-723
-739
-629
-587
-390
-79
112
346
456
334
331
278
104
58
-43
-136
18
131
148
293
254
183
306
303
284
370
373
425
611
664
681
661
508
361
260
74
-146
-331
-388
-316
-223
-135
-15
90
102
74
24
-89
-282
-408
-459
-456
-440
-480
-501
-438
-386
-365
-404
-464
-337
-195
-132
-23
104
204
274
211
88
5
-67
-96
-114
-137
-48
112
196
235
289
298
296
234
153
177
194
152
232
262
227
255
280
331
411
363
286
333
286
184
110
-10
-74
-113
-227
-273
-332
-467
-569
-581
-542
-474
-351
-156
25
129
204
146
-23
-150
-332
-462
-463
-386
-191
80
231
312
367
251
79
-136
-368
-459
-416
-305
-54
228
428
606
665
570
430
252
15
-128
-184
-195
-119
25
228
433
524
499
480
454
324
133
-91
-231
-242
-253
-289
-337
-312
-264
-252
-257
-261
-204
-108
-65
-34
-14
-57
-82
-138
-240
-271
-226
-168
-23
109
249
441
489
444
400
197
-47
-198
-366
-448
-377
-305
-145
59
149
216
217
92
-5
-63
-132
-117
-48
42
172
272
311
342
262
140
80
22
-67
-143
-186
-154
-65
-28
-49
-68
-42
-23
-29
-57
-107
-166
-141
-120
-158
-167
-182
-204
-97
-58
-67
45
95
149
218
155
121
168
85
60
69
-26
37
142
93
130
121
34
79
48
-43
5
-31
-59
60
61
42
93
56
93
150
54
-24
-104
-208
-163
-94
-120
-84
9
147
253
225
104
3
-70
-173
-270
-371
-406
-348
-226
-162
-115
-23
29
66
74
41
62
50
10
13
-3
14
9
-8
45
96
103
98
116
151
179
186
176
181
195
218
256
180
61
-9
-84
-119
-111
-121
-78
81
222
305
270
137
75
0
-222
-386
-413
-331
-246
-173
-65
85
138
62
-22
-86
-119
-153
-207
-250
-196
-112
-51
-37
-81
-66
-17
-42
-82
-80
-44
72
137
82
68
78
27
35
-27
-93
20
144
205
303
314
321
370
228
69
-13
-90
-64
-9
-56
7
112
139
82
-55
-158
-110
-113
-155
-118
-53
45
128
104
10
-93
-184
-190
-207
-252
-241
-148
17
138
139
86
73
51
-37
-181
-283
-226
-138
-64
-36
15
109
210
231
141
31
-25
-20
-50
-120
-123
-7
75
90
156
184
173
213
143
55
31
-10
5
8
-82
-76
-43
-72
-50
-20
-33
55
123
117
65
-26
-71
-58
-115
-213
-150
-98
-34
52
116
159
184
134
46
-10
-90
-150
-154
-122
-76
11
98
148
156
105
21
-44
-72
-74
-84
-107
-67
24
77
58
15
-1
48
81
-1
-61
-43
0
3
-64
-93
-26
27
33
46
52
60
104
101
2
-45
-55
-90
-125
-124
-94
-13
3
-20
79
110
71
78
37
1
10
-104
-150
-74
-63
-11
-4
-36
75
185
156
130
67
6
36
-3
-77
-86
-103
-68
-31
-52
-17
35
11
71
168
149
117
35
-59
5
-46
-187
-124
-50
52
150
78
96
149
9
-54
-74
-167
-129
-62
-10
113
103
43
26
-82
-153
-165
-225
-154
-3
47
146
213
186
186
61
-110
-133
-150
-200
-210
-214
-106
79
143
128
132
158
183
83
-109
-227
-228
-203
-164
-129
-45
136
282
271
175
100
84
72
-100
-224
-185
-103
-27
-15
-21
118
221
205
159
67
72
102
-32
-121
-97
-59
37
28
0
104
123
68
40
-51
-67
3
-71
-130
-57
-28
49
39
-116
-56
25
-29
-64
-120
-48
128
62
-83
-80
-57
-37
-69
-205
-160
1
58
58
-16
-5
168
167
-2
-61
-48
25
54
-78
-90
15
57
100
77
52
154
187
87
57
83
102
118
58
25
115
93
-18
-94
-126
-74
-52
-128
-91
37
113
165
106
32
99
72
-51
-103
-116
-93
-56
-113
-145
-105
-105
-131
-133
-137
-85
-3
-8
20
78
75
61
-16
-131
-135
-134
-192
-151
-92
-3
80
53
51
136
125
79
73
59
121
130
64
96
115
56
57
26
-26
19
5
-2
-39
-95
15
113
118
72
58
81
85
-75
-226
-251
-154
-17
-70
-88
56
167
197
60
-173
-231
-213
-253
-247
-260
-134
155
252
253
276
220
173
7
-212
-213
-167
-138
-47
16
95
230
216
151
90
29
5
-34
-101
-13
164
199
184
162
189
198
54
-112
-152
-146
-135
-190
-207
-126
-22
26
41
99
139
122
47
-32
-77
-89
-151
-203
-209
-183
-92
2
-45
-79
-9
1
-23
-62
-113
-58
-7
-40
-16
27
81
159
168
140
183
151
94
0
-132
-96
-55
-87
-12
111
205
287
260
221
216
78
-73
-111
-136
-105
-51
-27
58
148
104
42
-44
-156
-151
-195
-291
-257
-191
-107
19
10
5
65
26
21
7
-160
-152
-103
-128
-69
-102
-102
65
63
-38
-22
-43
38
117
-16
15
175
174
177
137
68
125
137
45
114
142
93
102
34
-15
-18
-104
-147
-96
-67
-5
92
163
244
280
238
159
42
-84
-229
-322
-376
-369
-284
-177
-63
90
207
213
157
70
-3
-92
-228
-309
-271
-143
13
104
147
204
207
143
-26
-184
-204
-142
-59
8
100
198
273
277
245
169
59
-12
-73
-133
-133
-93
-26
69
111
127
136
143
132
31
-89
-103
-116
-131
-100
-95
-9
98
65
18
18
-27
-80
-158
-242
-213
-166
-161
-67
18
70
130
119
81
42
-66
-101
-64
-75
-66
-32
-30
10
53
15
22
-2
-27
56
73
42
96
93
99
141
98
104
124
34
22
33
-18
-19
-40
-71
-26
-47
-85
-51
-32
-43
-7
39
87
155
150
126
58
-58
-157
-229
-294
-311
-238
-93
15
90
157
166
136
6
-137
-210
-267
-263
-183
-118
-11
114
193
207
177
111
26
-35
-88
-103
-68
-11
42
111
130
140
110
39
32
16
-5
16
53
125
183
170
158
131
77
69
-11
-116
-113
-88
-45
-11
-10
43
100
59
-32
-98
-134
-89
-64
-104
-74
26
112
120
17
-109
-136
-189
-292
-316
-254
-81
110
173
217
291
262
230
122
-71
-121
-140
-144
-89
-95
-17
177
191
147
190
140
119
73
-83
-121
-74
-59
4
78
121
199
186
101
19
-101
-200
-223
-202
-160
-105
9
100
146
132
107
92
14
-86
-151
-196
-209
-170
-137
-79
-44
11
85
90
16
-42
-39
-18
-27
-68
-41
42
79
78
54
29
23
-20
-78
-88
-71
-33
17
55
101
162
194
183
144
87
39
-37
-118
-122
-83
-88
-84
-27
68
144
130
75
25
-11
-32
-100
-158
-155
-95
-30
-29
-13
23
62
30
-49
-104
-124
-120
-153
-146
-70
-28
9
40
53
76
59
12
-23
-37
-28
7
8
1
41
87
112
93
50
32
64
45
32
42
54
88
107
100
72
53
46
20
-4
31
54
36
48
66
54
17
-40
-74
-45
-58
-68
-45
-47
-17
24
20
-41
-99
-134
-134
-126
-115
-81
-35
25
52
17
-6
-9
-44
-95
-150
-141
-52
-5
-8
46
113
150
126
78
58
21
-6
-15
-46
-43
-5
-7
44
100
116
142
140
157
179
109
41
45
35
-8
-70
-115
-67
-5
-39
-49
-5
23
74
60
12
12
-27
-73
-72
-100
-126
-129
-145
-91
-48
-70
-50
-26
-20
-22
-44
-41
1
20
-1
-31
-5
24
21
-25
-63
-41
-37
-33
-24
28
81
124
140
114
78
44
1
-53
-47
-22
-16
9
44
70
103
69
-4
2
-5
-39
-66
-119
-77
-9
-10
36
95
79
79
54
11
-6
-88
-149
-125
-94
-76
-52
-45
25
106
95
61
24
2
-14
-57
-108
-77
-9
27
46
43
74
92
32
-16
-21
13
31
31
47
62
83
97
72
20
12
2
-22
-27
-44
-27
28
20
3
21
48
59
32
-28
-47
-39
-89
-113
-79
-39
7
55
25
32
39
-6
-36
-69
-95
-81
-51
-36
9
34
48
52
22
1
33
24
-4
-10
-2
59
51
-32
-32
5
10
10
-19
-12
50
50
44
46
44
66
57
-16
-42
-38
-52
-41
-50
-56
-13
25
48
59
32
16
27
8
-55
-60
-53
-22
12
-29
-28
24
28
24
-8
-52
-35
-46
-54
-23
-34
-9
49
66
80
24
-28
-23
-71
-124
-148
-137
-83
-27
19
59
58
42
90
70
-4
-47
-80
-61
-43
-62
-57
-14
5
56
71
32
42
40
31
29
-11
-4
18
-7
-24
-33
-18
40
68
45
66
96
71
38
-10
-39
-15
-14
-19
14
43
79
93
89
69
38
-8
-58
-90
-90
-63
-27
-5
-6
18
56
58
36
-4
-61
-87
-87
-83
-94
-61
10
41
40
44
48
40
5
-65
-117
-89
-82
-63
-15
15
81
131
104
85
76
29
4
-15
-33
-5
-4
-14
-5
7
27
59
50
38
45
42
63
41
-18
-57
-56
-36
-21
-21
-1
22
25
30
41
22
-11
-35
-68
-67
-75
-45
7
15
-6
18
54
60
26
-31
-30
-20
-34
-61
-46
5
55
60
6
-3
16
16
-22
-59
-53
-11
7
12
31
54
86
60
17
3
-5
-34
-65
-88
-57
20
44
36
50
59
62
28
-25
-43
-53
-57
-65
-82
-55
-20
-6
13
28
33
41
32
-5
-10
-19
-44
-19
-3
12
41
16
13
58
63
49
44
16
41
32
-37
-39
-35
-47
-16
-14
-9
26
25
16
7
-29
-33
-22
-38
-36
-22
-17
-13
-36
-78
-92
-105
-85
-21
-3
-19
17
38
26
6
-27
-46
-41
-41
-28
16
8
-3
14
17
12
16
-9
-1
32
38
48
37
28
48
35
0
15
21
25
19
-10
-9
9
17
5
16
44
59
50
42
34
36
17
4
6
-12
2
22
39
46
24
4
4
-10
-33
-42
-40
7
21
-4
5
32
23
24
20
-5
-15
-40
-38
-23
-20
-47
-53
-31
-21
-19
18
50
35
35
-6
-36
-32
-38
-61
-58
-41
-8
15
-14
-21
-5
-11
-12
12
8
21
34
39
57
72
52
19
-10
-23
-30
-42
-46
-49
-31
11
24
27
27
31
46
20
-15
-24
-11
-33
-45
-62
-35
9
12
14
14
14
6
-17
-23
-29
-29
-16
-16
20
29
-5
-4
8
-8
-14
-9
-9
6
-8
-10
17
24
12
-14
-3
16
4
-17
-19
17
43
46
32
-5
6
8
-4
-13
-29
-23
10
6
-10
2
15
36
40
37
29
46
31
8
20
4
-22
-50
-68
-54
-16
3
11
7
11
37
30
-5
-15
6
24
26
3
8
27
16
-6
-13
11
35
20
2
16
48
47
12
-7
-2
14
27
20
21
30
40
18
-23
-49
-42
-39
-39
-28
-23
2
11
10
-3
-33
-56
-33
-50
-63
-66
-84
-78
-77
-79
-53
-19
-5
18
-8
-6
1
-23
-40
-41
-54
-36
-17
-1
18
12
20
34
46
52
66
51
48
64
63
49
30
10
28
19
-22
-20
3
-1
-25
-29
-7
18
44
39
20
9
28
42
24
0
-40
-30
-3
-5
5
9
0
20
7
-16
-16
-43
-46
-28
-36
-33
9
9
1
9
-7
-16
-21
-34
-18
-3
-14
-18
-14
-16
0
1
0
8
20
39
51
35
49
68
58
38
-3
-5
13
28
5
-9
-22
-9
28
47
36
27
40
48
51
10
8
-9
-41
-45
-51
-26
-15
-28
-33
-9
-7
-7
-10
-20
-22
-24
-25
-29
-16
-26
-20
-12
-18
-1
-2
8
7
-18
-32
-11
-4
4
-7
-11
16
37
41
51
59
53
36
-3
0
1
-19
-28
-24
-8
12
-1
-29
-11
-21
-29
-37
-53
-34
-16
-13
-24
-3
20
8
-20
-30
-24
-32
-43
-49
-51
-20
-6
-11
-5
19
33
18
6
16
39
43
33
36
37
56
55
42
43
53
51
29
23
30
67
52
20
25
38
30
13
-21
-24
6
-6
-31
-50
-67
-59
-52
-54
-38
-25
-4
3
-8
-23
-13
-9
1
-4
-11
-18
-15
0
-2
22
18
28
31
24
25
41
47
13
-6
-16
-1
-2
-6
-2
-7
-19
-25
-11
-5
-7
-3
-1
4
5
-6
4
-1
-1
13
11
17
46
40
26
29
9
-9
-9
-38
-48
-37
-45
-31
-22
-25
-5
16
25
19
9
11
18
6
-34
-34
-2
10
-5
-30
-23
7
16
11
3
3
4
17
35
37
21
2
6
0
-31
-63
-78
-76
-67
-64
-50
-18
15
14
-4
-1
12
22
-12
-49
-39
-21
-25
-64
-89
-61
-33
-12
6
16
27
38
24
8
2
12
13
13
12
20
28
39
46
31
44
59
75
82
82
65
46
22
7
33
18
-2
8
8
8
20
17
8
23
24
22
10
-15
-20
0
1
-35
-55
-46
-20
-10
-21
-24
-17
8
29
16
18
10
-1
32
36
27
7
-8
1
-6
-31
-32
-10
1
-12
-25
-11
1
4
-8
-4
-2
-4
-1
1
-4
8
30
12
-44
-52
-28
-45
-66
-62
-8
10
8
13
32
51
28
4
15
8
-8
-13
3
22
1
-44
-57
-11
6
-2
-21
-7
19
15
-12
-42
-52
-46
-39
-38
-24
2
8
13
-2
0
26
42
23
-30
-25
27
30
1
-29
-34
8
0
-38
-25
6
17
15
5
5
28
30
18
47
61
66
95
82
58
51
25
4
15
-1
-5
7
-11
-27
-27
-6
-16
-33
-31
-8
7
-7
-19
-35
-22
-31
-69
-89
-75
-60
-38
1
24
40
38
14
14
20
-1
-5
1
20
23
30
44
54
57
28
16
26
37
39
24
6
33
30
13
18
3
5
15
1
-15
-10
-19
-20
-4
10
12
-1
14
30
27
11
-14
-40
-44
-63
-78
-48
-44
-40
-31
-23
-3
12
24
25
33
3
-32
-50
-56
-51
-50
-29
-13
13
6
-5
-20
-18
-22
-29
-49
-46
-8
-11
-28
-44
-23
-12
-8
-26
-41
-21
-8
-9
-7
3
-1
17
12
6
20
27
27
18
21
40
85
98
72
44
24
20
30
18
-12
-9
11
13
5
3
11
22
27
11
8
28
23
12
-3
-9
-7
0
-33
-61
-72
-58
-51
-49
-28
8
35
2
-9
3
18
-10
-33
-47
-31
-21
-19
-22
-1
23
29
35
19
25
51
46
14
4
19
30
38
41
28
29
39
31
9
-4
-18
-31
-27
-28
-31
-54
-62
-51
-29
-32
-29
-7
-6
-7
8
11
-14
-42
-49
-16
42
46
20
43
42
53
50
15
-7
10
24
48
56
42
45
39
24
-7
-9
-10
-6
-4
1
15
34
30
26
51
32
32
44
40
11
-17
-7
16
5
-25
-37
-43
-37
-39
-33
-26
-33
-49
-30
-13
-14
-17
-18
-5
2
-17
-37
-30
-21
-10
-8
-4
5
8
-3
-41
-55
-48
-35
-21
10
19
43
82
77
66
35
19
17
11
-2
-23