-12
-20
-24
-25
-27
-26
-24
-23
-23
-25
-26
-28
-30
-33
-32
-30
-26
-22
-18
-16
-12
-10
-9
-9
-7
-4
-4
-6
-8
-7
-8
-11
-15
-19
-20
-20
-19
-17
-16
-15
-14
-11
-5
0
4
8
12
16
17
17
14
13
13
17
20
23
27
30
31
28
24
22
19
18
16
15
15
13
11
8
3
-3
-9
-14
-20
-25
-30
-34
-34
-34
-36
-37
-36
-36
-35
-35
-39
-43
-44
-41
-38
-36
-33
-28
-21
-14
-9
-8
-8
-7
-7
-7
-9
-12
-16
-17
-17
-18
-17
-17
-20
-23
-20
-17
-17
-23
-23
-13
0
5
9
16
29
40
44
40
34
36
45
51
52
55
66
77
79
81
87
87
79
74
70
67
60
47
38
31
25
19
9
-5
-10
-11
-18
-29
-36
-32
-32
-43
-57
-61
-58
-59
-63
-65
-60
-54
-51
-46
-41
-33
-29
-30
-35
-29
-11
2
-3
1
30
59
58
46
45
55
55
38
22
29
44
37
16
11
29
36
9
-19
-12
11
14
0
0
21
32
19
5
12
29
21
-10
-20
4
25
8
-21
-19
5
7
-26
-47
-21
13
6
-25
-26
17
40
14
-20
-32
-23
-21
-50
-86
-94
-78
-64
-67
-72
-42
1
2
-24
-26
5
13
-17
-43
-19
26
37
11
1
39
88
84
24
-19
7
50
31
-37
-68
-28
18
-7
-75
-93
-42
-6
-35
-83
-84
-46
-25
-40
-64
-57
-32
-12
-9
2
30
62
71
67
75
82
75
61
62
62
55
54
69
85
93
99
100
98
83
47
2
-19
-16
-26
-56
-63
-25
14
16
-20
-59
-73
-63
-66
-96
-124
-99
-40
-9
-16
-22
-1
8
-23
-68
-87
-73
-53
-50
-56
-28
35
71
59
35
39
62
64
42
26
58
106
115
90
93
138
160
131
98
108
130
120
97
87
71
53
35
-4
-47
-43
-15
-27
-45
-36
-17
-15
-21
-31
-45
-45
-34
-51
-102
-111
-57
-33
-95
-160
-147
-101
-129
-219
-254
-191
-118
-104
-117
-87
-7
54
61
36
36
83
131
121
93
127
213
266
272
265
262
247
219
201
179
114
17
-43
-41
-30
-51
-100
-151
-168
-152
-176
-254
-294
-248
-181
-179
-202
-169
-72
10
21
-37
-90
-94
-81
-100
-131
-127
-73
-25
-35
-82
-119
-99
-45
-43
-115
-161
-88
35
80
58
75
199
336
389
365
345
374
399
354
257
205
222
225
157
100
131
179
119
-17
-110
-120
-123
-204
-293
-293
-228
-184
-176
-160
-124
-92
-68
-61
-52
-24
-14
-34
-42
1
49
46
11
-16
-27
-50
-84
-93
-93
-140
-233
-250
-160
-60
-28
-44
-26
43
87
73
53
83
177
295
385
380
336
385
498
518
378
197
120
131
98
-55
-206
-242
-201
-185
-237
-320
-412
-472
-471
-451
-447
-451
-424
-335
-222
-130
-84
-58
10
112
146
74
53
181
338
340
201
127
204
316
318
172
37
47
130
113
-40
-141
-78
47
48
-116
-275
-234
-11
144
78
-2
134
410
550
466
336
314
379
381
227
24
-89
-84
-66
-133
-252
-327
-313
-318
-412
-493
-479
-485
-546
-526
-396
-354
-423
-388
-169
-41
-229
-447
-328
20
159
-53
-299
-249
75
296
132
-124
7
406
575
454
331
409
629
810
733
530
482
663
771
564
259
208
433
571
405
169
168
466
632
366
40
81
284
164
-110
-235
-180
-224
-294
-411
-589
-902
-1077
-887
-720
-1266
-2415
-2454
-932
167
-1235
-3280
-2735
12
1068
-1097
-3363
-2487
636
2023
-50
-2395
-900
2838
3537
767
-459
2129
4770
3972
1609
1250
3029
4488
3574
1308
399
1980
2960
1169
-1128
-892
522
136
-1469
-1846
-810
-271
-682
-1392
-1394
-517
212
-430
-1841
-1505
357
514
-2148
-3547
-1599
271
-1226
-4008
-4522
-2705
-1066
-1539
-3782
-5040
-2811
397
-104
-3013
-3462
-673
1610
2053
897
-1762
-1547
3534
7787
4274
-958
618
6829
9576
6754
2549
1021
4333
8650
7224
609
-2226
1733
4236
1471
-1417
-2105
-2725
-2594
-817
-992
-3698
-4446
-2643
-1135
-1295
-1103
-1310
-2447
-2388
348
1891
-923
-4024
-3181
-534
-388
-2672
-5057
-5028
-3298
-1747
-2624
-4854
-5501
-2859
-362
-1282
-2994
-2386
-765
120
1586
3156
2406
-1332
-827
5769
10190
4965
-879
1390
8682
12563
8942
1906
-213
6683
13143
8533
-2637
-4609
3683
6955
685
-4683
-4583
-3008
-1063
-390
-3727
-7391
-4827
-219
-774
-3939
-3075
-473
-969
-1687
68
984
-1189
-1922
-1186
-2064
-2857
-1926
-2771
-6306
-5783
-2295
-1744
-5539
-6556
-3856
-1409
-1459
-2022
-2744
-2476
473
3149
2651
1480
1759
817
2360
7209
9211
3184
-598
4341
11866
11762
5155
780
3461
9861
11203
3899
-4177
-1822
5588
4719
-2878
-5879
-3513
-1573
-1406
-2706
-5218
-5828
-2811
-366
-1901
-3636
-1944
198
-937
-1602
25
132
-1894
-1895
-1354
-3968
-4970
-2503
-2088
-6428
-7994
-4309
-2013
-4212
-5952
-4685
-3527
-1423
1037
-378
-3703
-1077
5646
6316
2406
-909
629
5914
10864
7902
503
20
8656
14867
10269
2134
1314
7837
12192
8298
258
-2582
2061
5220
1014
-3990
-4575
-3395
-2849
-2574
-3697
-5714
-4720
-3066
-2566
-2919
-2084
-1693
-2403
-2947
-1530
533
-755
-3786
-5170
-3854
-1960
-1802
-5675
-8748
-6660
-2462
-2214
-5590
-7986
-5539
-219
1434
-1448
-3685
-1047
3550
5837
4705
3261
1337
1388
6650
11941
8146
466
1980
10417
14949
11311
4870
2348
6821
12974
11199
1291
-4464
601
5892
1948
-4300
-5730
-5533
-4461
-1718
-2072
-7453
-9026
-4227
-913
-2647
-4696
-3975
-3601
-2921
-889
325
-2806
-5302
-4195
-3407
-3951
-3866
-4566
-8785
-8812
-3841
-861
-4772
-8370
-6014
-598
2234
242
-2862
-2704
2774
8428
7634
2188
-967
3009
10600
13447
7416
224
3431
13378
17613
11269
2907
2326
10057
15531
9215
-1728
-4369
2553
6289
461
-6262
-7106
-4729
-3074
-2417
-4642
-8333
-7232
-3758
-2589
-4123
-4104
-3840
-3901
-3406
-1000
-127
-3496
-6326
-3627
-1383
-6622
-8539
-4626
-2479
-7984
-10031
-5577
-1436
-2614
-5365
-4780
-3674
224
4167
1421
-4182
1221
11805
8562
-2178
-1065
11158
15354
7677
2020
5723
12547
17145
14432
5403
1291
10832
18287
9068
-4202
-2611
6120
4472
-2875
-5360
-4676
-5392
-4275
-2496
-5383
-8922
-6272
-2223
-4460
-6236
-2806
-1863
-5460
-4897
-511
-367
-4065
-5569
-4938
-5462
-4903
-2922
-5535
-11553
-9785
-2294
-1629
-6807
-8444
-5159
-1331
926
-116
-2805
-2238
3818
8808
6821
1656
1121
5494
11311
13309
8096
2500
6254
15567
18267
11871
4325
4755
12135
15086
7981
-1161
-2409
2528
4025
-390
-4980
-6164
-5935
-4241
-2716
-5242
-8225
-7277
-4942
-4596
-3946
-3334
-4694
-6184
-4590
-892
28
-4994
-9543
-7136
-1610
-1501
-7715
-12789
-10322
-2896
-1173
-6576
-11085
-7982
-570
2558
-2252
-6643
-2389
5330
7180
4796
4313
4915
3986
6763
14161
14274
5939
3044
11582
18772
17259
10194
4528
6301
14180
16717
5815
-5641
-2642
6718
5072
-4406
-8049
-6204
-4709
-3069
-3455
-8544
-11426
-6454
-2220
-5067
-7912
-5371
-3267
-5049
-4610
-1741
-2576
-7231
-7727
-4302
-4031
-7029
-8940
-9132
-8894
-5565
-4431
-7621
-9020
-4192
-638
-1862
-2948
-1130
1848
3458
5646
8244
9350
5513
2926
9000
18272
16567
5777
3035
13323
22497
18999
8030
2057
8000
18137
15967
429
-7912
649
8383
1574
-8149
-8201
-4867
-4710
-5014
-5678
-9915
-10188
-4963
-4178
-8328
-7724
-3482
-4010
-6703
-5369
-2177
-3739
-8222
-8054
-5393
-6368
-8556
-8758
-9874
-9962
-6114
-5030
-8441
-8817
-3779
-1355
-2767
-2780
-74
2023
2883
5659
8873
11228
8186
2916
6431
19589
21887
7919
1300
11996
23994
22535
11194
2103
5724
18269
20504
4879
-9392
-2665
9718
4825
-7597
-9438
-5869
-5472
-4861
-4557
-10125
-12690
-6833
-2979
-7707
-10165
-5421
-3488
-7034
-7295
-3403
-3094
-7711
-9848
-6774
-5507
-7080
-9077
-10877
-11733
-6283
-2260
-7425
-11408
-6672
102
128
-2052
-3080
173
4766
7635
8006
9325
11059
6119
3916
14686
25829
14395
-25
6638
22975
25186
15283
4828
1943
12645
23565
13901
-7869
-10258
6898
10860
-4468
-12658
-7833
-5336
-6724
-4239
-6775
-14461
-11906
-2754
-3589
-11001
-9090
-4044
-5349
-8168
-5448
-2483
-6642
-11260
-8048
-3538
-7024
-10298
-9731
-10679
-9343
-3371
-3761
-11244
-10854
-1836
2480
-2120
-5004
-516
5154
5793
7165
9230
12738
11675
5290
5758
20274
27687
10238
-825
11396
27759
25156
12330
1852
2948
18384
24885
6731
-13641
-6475
11645
7376
-9873
-13740
-6939
-5958
-7047
-4913
-10703
-16222
-9442
-1729
-7377
-13202
-7574
-3765
-7289
-9680
-5419
-3614
-8616
-12017
-7960
-4769
-7906
-9742
-10498
-12292
-7937
-870
-4592
-13648
-9658
1496
3623
-3380
-5211
1087
7142
7770
8352
9636
13345
15523
7730
5477
19691
30493
11969
-2300
10386
28969
26410
11928
1357
1911
18530
27134
7214
-16823
-8945
14057
10449
-12030
-18868
-8231
-2793
-5719
-7584
-14605
-19078
-8429
614
-8472
-18589
-10365
-1612
-4698
-10704
-8839
-5929
-8241
-8430
-5373
-7071
-12624
-9633
-4421
-8050
-10738
-6099
-4284
-8730
-6202
241
-1108
-5175
-694
5743
4846
4349
10321
13269
14081
15796
10480
5928
17168
30352
16268
-473
8752
28009
26488
11862
4338
5031
15028
21915
8901
-11905
-9515
9074
7535
-11066
-17586
-8023
-3314
-8501
-11053
-13361
-15471
-9966
-3903
-9815
-17051
-9432
-1192
-5012
-11895
-9647
-4356
-5223
-9236
-8032
-6332
-9953
-11009
-5607
-5615
-9810
-7614
-4008
-5929
-5086
-303
-900
-4714
-1020
6514
7265
3674
6816
13946
16428
17300
11813
5144
12988
29853
23884
2118
3270
22271
28767
17127
6220
2527
9219
20150
14036
-6803
-13678
2058
8626
-6994
-17754
-10643
-4284
-9342
-12962
-12085
-13644
-11866
-7751
-9710
-15275
-10772
-2345
-5311
-13252
-12150
-3172
-2419
-10828
-11887
-5316
-4620
-10291
-8433
-5047
-7172
-7286
-3645
-3883
-6303
-1030
2854
-1838
-3510
6165
11415
4536
3122
13979
19205
16682
13372
9012
10158
22781
28779
10865
-621
12164
28540
23158
7975
1277
5547
15367
15752
1216
-13197
-7551
5837
180
-14751
-16509
-7721
-6388
-11712
-13875
-14379
-12643
-9784
-9106
-13003
-13747
-7293
-5152
-8882
-12185
-9088
-5397
-5952
-9482
-10017
-6207
-6451
-7696
-6469
-5308
-6649
-6255
-3246
-2556
-2171
-1124
774
2309
4254
8589
9595
9338
11562
15474
19304
16704
11380
11185
21701
24625
13611
7292
12961
21859
20302
12821
5109
4683
12475
14444
2737
-10636
-6462
2646
-2888
-12315
-13139
-9854
-11439
-11539
-10257
-13608
-15896
-13268
-8689
-11046
-13277
-9655
-7965
-10550
-9850
-4758
-5687
-11210
-11706
-6301
-3075
-7371
-10988
-8667
-5251
-3148
-2665
-5765
-8865
-2610
5030
2424
-4033
-1375
8767
12641
8042
6842
12832
18373
21048
15212
6086
10070
26670
27152
8766
3031
15829
27029
21811
10219
1935
5009
15521
15581
85
-13157
-6903
2207
-4011
-13826
-14502
-11880
-13179
-11527
-9362
-14713
-18285
-13601
-7765
-9921
-12027
-9532
-7976
-8204
-7300
-3568
-4503
-9151
-10399
-6204
-3189
-5915
-8964
-9581
-6437
-3064
-1597
-3906
-6606
-3328
3314
3159
-1531
-231
6427
8096
7527
7942
12058
16229
19522
17059
6706
6647
21334
30999
12043
-2214
10806
27906
24053
10906
3401
3072
12603
18532
5992
-12815
-12822
3244
2717
-14706
-19546
-10941
-10153
-14865
-11360
-11670
-17542
-15787
-9165
-7479
-11634
-9843
-6844
-7983
-8539
-2246
460
-9207
-13049
-4376
2809
-2977
-11634
-10214
-3587
-495
-2709
-3946
-6500
-5264
3236
5629
-1958
-4211
4638
9623
6168
5845
9851
14645
14070
15990
17648
8933
5576
17237
26581
11765
1560
9564
19695
18956
12111
6505
1885
5827
12978
8053
-8323
-13305
-1484
-1433
-13446
-14716
-9402
-12993
-17760
-9979
-6849
-14873
-17792
-9490
-4532
-9915
-9420
-5541
-6715
-7912
-1289
469
-8959
-11442
-1848
3251
-4773
-11889
-6979
-385
-793
-4352
-4780
-4868
-2146
4063
3211
-3704
-1597
8191
8599
2340
4853
11748
12836
10331
14016
18159
9236
2191
12642
25823
14930
134
3658
14417
18527
15565
7289
-3836
-525
14335
14814
-5612
-18805
-7334
1363
-6722
-12914
-12232
-15903
-16875
-5587
-2483
-14883
-19819
-9522
-1522
-6089
-8189
-5703
-6845
-8222
29
5016
-5020
-11824
-4330
3942
785
-5986
-7669
-4873
-1791
120
152
-4425
-6761
1031
7211
1933
-2890
1866
5766
5356
6517
7837
7358
8382
13141
17000
10464
423
5375
20890
20430
3293
-2197
8323
19419
17869
7840
-2508
-1786
10799
16392
860
-17629
-11622
2844
-2455
-14545
-14587
-11897
-14446
-10535
-3620
-9561
-18602
-13347
-1587
-2240
-8627
-7144
-5398
-5619
-538
5671
-1648
-11853
-6052
6458
6622
-6215
-11737
-4980
2910
1992
-3923
-7626
-6607
1767
7267
1028
-7050
-1916
8396
7296
874
1966
8147
10305
8543
11266
13149
5404
1008
11094
21372
11315
-604
3237
14151
17582
13375
5572
-2392
1960
14117
12395
-6208
-15648
-3796
2755
-6650
-12903
-10694
-12176
-13549
-5625
-3937
-14147
-16184
-5600
-454
-7521
-8144
-2307
-2114
-5009
-558
4197
-2675
-7284
-2028
3730
-241
-6132
-5418
-3253
-2396
-2807
-2247
-5384
-6878
-704
2945
-1901
-5716
-13
3803
1357
1237
3836
5899
6008
9153
13547
8390
-348
3513
19106
19281
3486
-1903
8222
18846
17528
8594
-1605
-1177
11138
16669
3518
-13398
-9395
4021
1093
-10228
-11691
-8851
-11342
-7900
-1565
-6952
-15256
-11162
-1102
-1223
-5895
-4650
-2662
-3101
77
6110
2021
-7452
-6059
3252
5538
-3234
-9649
-7066
-956
669
-3141
-7169
-9081
-3620
2914
-74
-8503
-7325
1781
3249
-1799
-2343
2404
6177
7186
9034
10694
5487
1088
7787
18716
14331
1321
797
11070
17498
14298
7736
57
496
11515
15464
1647
-12210
-6166
3789
-1343
-9036
-8350
-8966
-12382
-5780
858
-7969
-15478
-7851
1559
-1499
-5301
-1979
-932
-3016
943
6808
1648
-7844
-5517
3053
3690
-4099
-10520
-8720
-2891
120
-4414
-10199
-11024
-3850
2073
-3040
-10784
-7658
1394
1927
-3154
-2225
3155
6638
6480
8722
11442
5976
1488
8346
19605
14540
2255
1861
11851
18596
16085
8879
-470
777
13868
17542
1372
-13441
-6203
4686
960
-7462
-10343
-11840
-11045
-1280
1756
-11046
-17480
-5515
5550
-658
-7405
-4447
-126
211
1626
3418
-3057
-8075
-2453
3381
-1451
-9087
-9478
-6550
-4316
-4345
-6725
-9967
-10484
-4371
3
-4522
-10560
-5808
1622
1002
-1529
425
3589
5636
8263
11680
11397
3627
1389
12220
22013
12889
1106
3588
15188
21075
16522
6321
-918
5228
17575
15363
-3429
-13126
-1709
6118
-1623
-8799
-9585
-10488
-8291
123
-437
-11880
-14236
-3479
3626
-1943
-5997
-4108
-3200
-1949
3133
2201
-7425
-9416
-1320
1534
-4667
-10342
-9612
-7037
-6042
-6384
-7666
-9908
-9607
-4135
-2093
-5828
-7893
-3713
-109
623
1003
1609
2677
6231
10601
12450
9230
2272
3143
14208
21868
11517
-371
3442
18072
23645
14692
2422
-1029
9387
20467
13139
-7808
-13349
2212
9187
-2295
-12206
-11142
-6463
-1792
1015
-5696
-14468
-9300
3213
2554
-8769
-9051
-277
1440
-2464
-2716
-2359
-5509
-6131
-2662
-3054
-7230
-10068
-8632
-7441
-6916
-7482
-9665
-10792
-8035
-3153
-3545
-8078
-8808
-2419
2553
76
-2609
880
6534
9519
9116
9338
9689
6680
5704
12558
19588
12032
2595
6310
17535
20708
14139
5957
2321
8667
17290
12618
-4068
-10810
822
7244
-2217
-10428
-8788
-6120
-4543
-874
-3714
-11727
-10283
-468
1512
-6579
-8357
-1974
-243
-3349
-2888
-1545
-5202
-7263
-3967
-3198
-6184
-9253
-9032
-8315
-7686
-7439
-8513
-9570
-9227
-5221
-3576
-6351
-7777
-3573
747
90
-1084
1432
6002
9162
9455
10225
11749
8259
6259
12565
20648
13661
3435
6582
18019
21063
13659
6246
3887
9085
16070
12341
-2964
-9912
1151
7240
-3354
-12349
-9314
-5316
-5425
-4208
-6052
-11791
-9883
-1885
-726
-8822
-8981
-1617
-280
-5475
-4668
-927
-5341
-7773
-3459
-2461
-8755
-11235
-7116
-5232
-7910
-11291
-9906
-6987
-6028
-5273
-6592
-8614
-5351
1986
830
-4995
-2076
6659
9807
7178
6576
11027
15641
12493
6316
8930
19143
19720
8864
3303
11857
21878
19049
7515
442
5302
15806
15175
-1242
-12578
-2484
8130
-475
-12767
-12680
-6616
-4453
-4719
-7641
-12377
-10158
-1849
-68
-8385
-9882
-1069
1134
-5027
-5746
-1249
-3382
-7233
-4492
-3429
-7954
-10266
-6541
-5010
-8641
-10544
-8662
-6257
-6574
-5951
-5893
-7358
-4822
943
1789
-2924
-927
7042
9747
7783
8267
12886
15335
11273
6785
10376
19463
18014
7638
3869
11381
20074
17795
7306
-597
3659
13407
12823
-1371
-12340
-4768
4648
-1508
-11085
-11311
-7994
-6793
-4164
-5430
-11302
-10807
-3225
40
-6221
-8563
-2167
288
-4155
-4433
-1033
-3971
-7337
-4399
-3242
-6979
-9597
-7901
-6108
-7240
-8837
-8366
-6808
-6572
-4871
-3633
-5552
-4886
223
2930
377
187
5266
9742
9914
9075
11263
15514
13812
8042
8018
16272
19416
9837
2400
7108
17047
17307
8603
-674
-714
9420
13967
1977
-12488
-8785
3666
1971
-8866
-12430
-8333
-5681
-3839
-3812
-9777
-11678
-4239
1129
-4666
-9059
-3282
691
-2954
-5575
-2986
-3008
-6247
-5962
-4939
-7519
-9332
-7734
-6691
-8843
-9405
-8031
-6815
-6840
-5888
-3639
-3974
-4185
-685
3566
3046
1330
4292
9267
11246
10816
10926
13748
14226
9911
8071
13819
18288
10976
3083
5455
14365
15821
8573
607
-702
6782
12335
4452
-9612
-9431
2776
3017
-8330
-11903
-5704
-3505
-5394
-5009
-6927
-8405
-4493
-922
-4446
-7797
-2606
1117
-2890
-7023
-3161
-746
-5448
-8089
-5713
-5990
-8469
-8528
-7767
-8360
-8574
-8080
-7711
-6623
-4906
-2972
-3867
-4578
-353
5367
3709
-382
2458
10354
13101
9234
6577
10520
17243
13234
4701
4641
15513
17909
6494
-1713
4947
15702
14168
3876
-4212
-499
10853
11864
-2584
-12498
-3653
5438
-1002
-9207
-7878
-3878
-4388
-3918
-3087
-6418
-6543
-3056
-1712
-5314
-4041
-402
-2282
-6550
-4768
-38
-2822
-8518
-8279
-5365
-5665
-7205
-8165
-8962
-8071
-5776
-5526
-5877
-5252
-2811
-1232
-1646
-727
2884
4358
1518
1978
7143
10596
8069
5425
7865
14046
13679
4081
-64
9337
18522
9781
-3739
-1931
11778
15942
7051
-2705
-3816
5275
13420
6342
-8751
-9467
2746
4833
-4255
-8136
-5071
-4204
-4129
-1021
-2259
-7288
-7077
-1928
-866
-4206
-4002
-3291
-5025
-5233
-1687
-1629
-7693
-8808
-4646
-3939
-6906
-7760
-6801
-7151
-6023
-4738
-3812
-3610
-3506
-1525
495
1249
1777
2559
1833
2285
6405
8126
5706
3988
7293
12026
12550
5585
-1003
4273
15551
14832
16
-5839
5665
17275
12905
1499
-3840
1446
11966
13410
-134
-10872
-3474
6827
2481
-6701
-7738
-5213
-4081
-1689
-169
-5922
-10647
-6008
1003
-1340
-7039
-7035
-4767
-4065
-2358
-1717
-6639
-9935
-5792
-1589
-4830
-8978
-9063
-6150
-4466
-4170
-4762
-5448
-4296
-1496
1521
314
-1595
-435
3055
4202
3470
3332
4391
5795
7877
9334
8971
7822
4146
3223
8357
14932
8493
-2313
225
12468
16014
8072
552
-286
6646
14031
9469
-4417
-8796
1825
7953
-943
-9038
-7240
-3478
-2712
-1104
-3298
-10383
-9616
-1065
1511
-6448
-9892
-5022
-1668
-3689
-4468
-4150
-7447
-7404
-3374
-3652
-8058
-8234
-5829
-5781
-5873
-4745
-3656
-4358
-4811
-1586
1318
-547
-2601
-293
2555
2956
3497
2907
3365
5672
8843
9160
8080
5814
2670
5240
12384
14197
3455
-2989
5260
16676
14649
4433
-1053
2155
11355
15351
4481
-8733
-5513
7108
6778
-4636
-9843
-6107
-2113
-905
-1473
-7222
-11536
-5410
2065
-1637
-9502
-7446
-2217
-2078
-4428
-3814
-4669
-7977
-6359
-2412
-3796
-8734
-8848
-6085
-4400
-3788
-4894
-6379
-5772
-1619
1613
-923
-4999
-2740
4118
4238
98
329
4466
6952
6796
6729
7230
8871
6212
2836
6348
13468
11165
1123
-552
8868
16418
12053
2468
-1556
4777
14577
12945
-1812
-9935
-219
8971
2372
-7533
-8663
-4769
-1385
119
-3479
-10674
-9823
-1362
1632
-5974
-9652
-4591
-1587
-3732
-4272
-3366
-6530
-8013
-4309
-2613
-5987
-8681
-7806
-6219
-4375
-3330
-4807
-6973
-5499
-194
1769
-2850
-5473
-739
4446
2809
392
1660
4982
6994
7126
6968
8321
8242
3776
3616
10984
14765
5953
-1601
3711
14510
15719
7062
-919
590
10828
16263
5702
-8922
-6203
7168
7408
-4120
-9512
-6152
-2249
-236
-1164
-7218
-11132
-5248
1741
-1471
-8810
-7147
-2425
-2630
-4267
-3793
-5267
-7995
-6010
-3650
-5222
-7995
-7796
-6703
-6365
-4846
-3801
-5107
-6511
-3875
325
-338
-3314
-2652
1685
3535
2635
2699
3864
5515
6895
8121
8670
8860
5702
2796
7306
14615
11544
721
-739
9279
16455
11387
1782
-1619
5119
13848
11440
-2370
-9364
114
8506
1903
-7595
-7836
-3759
-1536
-1099
-3756
-8944
-8558
-2275
368
-4843
-8173
-4961
-2579
-3584
-3973
-4488
-6918
-7329
-4705
-4593
-6930
-7841
-7020
-5975
-5352
-4060
-4110
-4842
-4214
-1388
79
-1686
-1883
46
2138
2606
3031
4029
4787
5675
6904
8537
9906
6809
1977
3755
12863
14705
3589
-2942
4463
15502
14672
5207
-2201
872
11628
14625
2923
-9431
-4999
7151
6107
-4713
-9276
-5475
-2078
-551
-1783
-7804
-10140
-4620
551
-2564
-7811
-6855
-3607
-3122
-4118
-3668
-5222
-8398
-6804
-3489
-3883
-7033
-8253
-7310
-4536
-1718
-2988
-5668
-5541
-1393
2534
533
-3732
-2889
3089
5011
2720
1613
3167
6136
7551
7483
7268
7185
4160
2886
7899
12996
8199
-778
92
10106
15426
9437
499
-1453
6021
14144
9794
-4568
-9101
1941
8865
930
-7793
-7342
-2953
-8
18
-4239
-9501
-7501
-791
607
-5395
-8580
-5209
-2566
-3133
-3739
-5210
-7780
-6492
-2937
-4160
-7323
-7365
-5577
-5190
-4793
-3913
-3515
-3914
-3647
-1334
189
-877
-1319
-412
1073
2720
4262
3187
2793
4917
7433
8098
7620
5045
1718
4223
11565
12906
2801
-3003
5075
15493
13268
3682
-1538
2360
11371
13561
2292
-8594
-3451
7912
6037
-4852
-8443
-3642
-95
-662
-2624
-6530
-8290
-4101
271
-2410
-7549
-6558
-3454
-3020
-4232
-4111
-5150
-8091
-6685
-2912
-2863
-7179
-9050
-6669
-3224
-1468
-3920
-6447
-5360
-887
2093
-585
-4475
-3239
3025
4595
1226
456
3239
6100
6390
5942
6930
7373
4086
2215
7841
12996
7966
-54
993
9997
14815
9678
678
-1414
6674
14194
8754
-5054
-7758
3354
7945
-517
-7547
-6137
-3081
-920
-421
-4620
-9240
-6905
-647
-100
-5727
-7633
-4419
-2865
-3926
-3388
-4565
-7976
-6555
-2742
-3603
-6953
-7199
-5533
-4421
-3579
-3592
-3617
-4198
-3349
-498
473
-1510
-1877
290
1580
2355
3557
3136
3055
4782
6973
8596
8044
3849
1099
6583
13526
10687
456
-1672
8102
15893
10886
1371
-1520
4653
12742
10943
-1604
-8026
261
7471
2149
-6075
-7122
-3861
-1510
-967
-3149
-7509
-8053
-2838
415
-3463
-6937
-5136
-3367
-3283
-2721
-3408
-7066
-7655
-3595
-2013
-5369
-8503
-6817
-3915
-3000
-3882
-4712
-4923
-3508
-832
-143
-2069
-2633
-280
2051
1770
1605
2896
4063
4345
5296
7417
8494
6025
1659
3403
11038
12859
3843
-2167
3967
13292
13345
5248
-1302
1143
10031
13144
3608
-7141
-4024
6087
5454
-3512
-7359
-4888
-2277
-547
-1317
-6195
-8768
-4404
369
-1888
-6779
-6121
-3204
-3162
-3481
-2712
-4916
-7829
-4986
-1520
-3671
-7176
-7047
-4845
-3754
-3284
-3956
-4942
-4845
-2459
389
-788
-3101
-1972
1496
2402
1669
2440
3232
4104
5179
6638
7976
6765
2728
2108
8610
12785
6677
-835
1362
10524
13978
8316
491
-558
6977
13355
7892
-4666
-6528
3377
7201
-70
-6643
-6150
-3165
-126
219
-4655
-9042
-5965
194
-265
-5974
-7141
-3908
-2718
-3462
-2932
-4758
-8058
-5803
-1509
-3313
-7781
-7714
-4816
-3654
-4125
-4972
-5009
-4243
-2631
-818
-1447
-2976
-1442
1635
1645
878
2716
4143
4221
4365
5849
7772
7767
3981
1842
6586
11880
9019
1434
441
7887
13630
10278
2544
-473
4866
12022
9814
-1645
-6476
1050
6563
1548
-5157
-6048
-3693
-862
-183
-3565
-7729
-6430
-1606
-647
-4834
-6275
-3934
-3313
-4310
-2966
-3333
-7488
-7145
-2407
-2409
-7347
-8470
-5251
-2997
-3797
-5587
-5470
-3601
-1672
-874
-2325
-3656
-746
2968
1563
-848
1792
5493
5449
3618
3922
6801
9005
6060
1536
3142
9860
11547
4337
-1367
3357
12390
12694
4654
-1524
1757
10173
11864
1800
-6976
-2472
5633
4005
-3502
-7132
-4883
-924
399
-2654
-7150
-6846
-2268
115
-3856
-6549
-4212
-2500
-3914
-4219
-3427
-5499
-6478
-4305
-3405
-5765
-6813
-5221
-4259
-4629
-4553
-3516
-3097
-2928
-1985
-1081
-1245
-479
1114
1286
699
2520
4795
4775
3516
3918
6530
8707
6822
1642
2171
8746
12225
5635
-1094
1634
10375
12880
6380
-762
-128
7754
12071
4632
-5574
-4372
3859
4682
-1757
-5999
-5349
-2517
-204
-1077
-5278
-7290
-3852
-374
-2172
-5521
-4533
-3153
-4215
-3986
-2217
-4674
-7651
-5069
-2168
-4599
-7363
-6182
-4089
-3891
-4424
-4328
-3821
-3058
-1439
-623
-1976
-1859
1554
2691
438
663
4097
5640
4147
3134
4976
8201
7926
3110
1228
6268
11734
8378
172
-622
7878
13311
8307
96
-1528
5566
11872
6991
-4029
-5719
2135
5396
-28
-5817
-6163
-2841
-90
-843
-4968
-7441
-4412
-252
-1628
-5761
-5107
-2565
-3128
-4313
-3144
-3636
-6392
-5585
-2676
-3641
-6848
-6612
-4262
-3829
-4378
-4449
-4145
-3479
-1777
-414
-1587
-2458
341
3089
1632
-18
2708
5540
5149
3615
4147
6730
8174
5385
1742
3675
9662
10464
3544
-953
4426
12024
10942
3265
-1272
2663
9947
9765
205
-5924
-787
5048
2413
-3758
-6018
-3980
-989
-225
-3181
-6757
-6000
-1703
-475
-4296
-6046
-3563
-2483
-3815
-3647
-3387
-5934
-6606
-3512
-2744
-6259
-7927
-5622
-3540
-3899
-4885
-4915
-3961
-2143
-382
-1076
-2908
-1322
2761
2905
224
758
4516
5992
4411
3525
5260
8062
6877
2787
2253
7478
10629
5969
32
1733
9260
11737
6110
-310
214
7191
10555
3850
-4706
-3244
3422
3697
-1307
-5042
-4881
-2241
169
-1164
-5513
-6799
-3245
-18
-2555
-5877
-4453
-2395
-3331
-3884
-3011
-4435
-6118
-4404
-2988
-4982
-6604
-5403
-4071
-4650
-4681
-3548
-2825
-3056
-2073
-439
-783
-940
941
1947
935
1258
3852
4662
3444
3078
5010
6883
6416
3777
1686
3931
9006
8917
1882
-1412
4844
11137
8822
1902
-1175
2959
8871
7866
-309
-4972
-781
4259
2561
-3122
-5592
-3318
-273
202
-2592
-5878
-5341
-1433
-166
-3388
-5368
-3772
-2337
-2951
-3364
-3658
-4811
-5116
-3684
-3536
-5191
-5547
-4509
-4235
-4357
-3433
-2648
-2954
-2816
-1238
20
-496
-596
737
1687
1561
2167
3407
3509
3153
3664
5058
6072
4925
1996
1825
6304
9198
4930
-523
1345
8028
10153
5473
168
291
5897
9393
4691
-2923
-3278
2441
4464
260
-4144
-4472
-1950
489
-55
-3894
-6439
-3688
244
-850
-4728
-5112
-2694
-2037
-2952
-3410
-4517
-5411
-4329
-3014
-4480
-6111
-5438
-4156
-4192
-4288
-3479
-2897
-3007
-2394
-800
-371
-925
-258
923
1208
1663
2785
3341
2765
2916
4311
5728
5556
3502
1565
2941
7652
8709
2869
-1119
3558
10101
9405
3430
-400
2133
8020
8949
2549
-3605
-1895
4173
4749
-1275
-5570
-3644
-172
736
-1502
-5428
-6227
-2408
516
-2025
-5845
-5494
-2438
-1505
-3289
-4914
-5437
-5128
-3836
-3466
-5349
-6394
-5220
-3955
-3969
-3939
-3509
-3006
-2490
-1590
-532
-381
-663
50
1056
1433
1963
2797
2821
2481
3294
4655
5599
5154
2828
1302
4163
8572
7211
1159
-211
5656
10436
8069
2357
130
3902
9057
8310
1032
-3912
105
6040
3966
-2889
-5311
-2267
865
1005
-2460
-6452
-5612
-801
920
-3512
-7454
-5242
-1143
-1573
-4605
-6062
-5820
-4464
-2777
-3741
-6668
-6909
-4350
-2756
-3665
-4606
-4094
-2745
-1740
-836
-524
-1460
-1335
611
1856
1278
1077
1731
2524
3070
3522
4186
4572
4195
3032
2679
4503
7233
6035
1573
1314
6608
9664
6766
2407
1634
5238
8883
6567
49
-2424
2125
5926
2253
-3701
-4123
-359
1164
-605
-3750
-5709
-3773
-412
-869
-5075
-6811
-3730
-1021
-2784
-5809
-5865
-4547
-3793
-3567
-4683
-6276
-5692
-3647
-3043
-3740
-4123
-3516
-2485
-1483
-796
-894
-1715
-1360
657
1622
866
458
1129
2342
3172
3247
3218
3809
4025
3196
2647
4168
6469
5547
2101
2232
6574
8813
6357
3169
2729
5508
8214
5865
244
-1161
2900
4982
1081
-3181
-2721
-150
240
-1339
-3465
-4889
-3538
-835
-1555
-5296
-6235
-3104
-1394
-3638
-5787
-5208
-4003
-3845
-3746
-4427
-5677
-5138
-3204
-2549
-3593
-3954
-3219
-1946
-1156
-933
-1224
-1898
-1353
730
1856
587
-511
877
2956
3459
2763
2414
3228
4320
4333
2986
2988
5260
6239
4030
2816
5166
7524
7065
4895
3450
4573
6748
5922
2149
-7
1682
3286
1412
-1713
-2430
-1318
-858
-1282
-2898
-4925
-4225
-1532
-1729
-5094
-6113
-3501
-1803
-3835
-5952
-5274
-3941
-3767
-4052
-4737
-5543
-4388
-2778
-2880
-3978
-3676
-2263
-1342
-1613
-1711
-977
-960
-1084
179
1177
580
39
1170
2515
2991
2823
2659
3135
4174
4734
3318
2308
4416
6841
5109
2531
3866
6823
7611
6034
3807
3396
5404
6534
4151
434
-415
1962
2518
-530
-2888
-2625
-1587
-1204
-2265
-4550
-4892
-2768
-2016
-3891
-5568
-4518
-2702
-3360
-5282
-5245
-4125
-3785
-3669
-4097
-4953
-4143
-2404
-2279
-3450
-3617
-2099
-751
-1222
-2033
-1320
-674
-370
365
608
-46
387
1752
2563
2619
2346
2538
3441
4632
4875
3293
1773
4047
7382
6125
2466
2687
5954
8040
7159
4142
2180
4158
7227
5964
749
-1778
1066
3259
472
-3028
-3505
-2347
-1444
-1725
-3861
-5314
-4017
-2094
-2867
-5106
-5363
-3402
-3097
-4657
-4952
-4184
-3952
-3706
-3348
-3854
-3857
-2869
-2302
-2796
-3162
-2383
-1443
-1557
-1935
-1404
-941
-837
-43
458
25
-70
937
2177
2616
2031
1746
2937
4623
5239
3553
1348
3003
7426
7635
2997
1329
4872
8541
8149
4404
1571
3303
7278
7201
2023
-1959
216
3830
1997
-2640
-3968
-2423
-1430
-1762
-3405
-5295
-4782
-2646
-2272
-4596
-5881
-4043
-2482
-3867
-5225
-4422
-3448
-3483
-3445
-3548
-3617
-2872
-2152
-2395
-3086
-2740
-1618
-1171
-1943
-2263
-1290
-384
-213
-296
-290
-4
958
2159
2184
1356
1751
3520
4712
4325
3329
2450
3468
6242
7055
4265
2237
4351
7730
7987
5094
2542
3257
6040
6752
3362
-596
-228
2853
2640
-1345
-3668
-2843
-1668
-1759
-3248
-5045
-5254
-3610
-2423
-3697
-5813
-5086
-2719
-2683
-4287
-4700
-4071
-3140
-2305
-2860
-4074
-3662
-1952
-1221
-2369
-3648
-2644
-723
-858
-2160
-2281
-1254
-183
266
-505
-943
200
1757
2176
1461
1233
2477
3897
3996
3840
3342
2634
3776
6424
6503
3789
2869
5156
7701
7307
4545
2672
3609
5870
5842
2354
-890
224
2641
1261
-1973
-3250
-2691
-2133
-2321
-3557
-5199
-5083
-3502
-2761
-4366
-5619
-4139
-2492
-3178
-4299
-4015
-3099
-2474
-2303
-2856
-3258
-2608
-1671
-1553
-2525
-2840
-1965
-1203
-1578
-2105
-1835
-1205
-523
-429
-663
-389
479
1437
1677
1525
1756
2679
3633
4183
4403
3125
2385
4667
7532
6256
2867
2851
6083
8256
6672
3396
2063
3840
6201
5123
664
-1830
495
2622
345
-2936
-3699
-2883
-2324
-2562
-3997
-5640
-5219
-3264
-2754
-4686
-5441
-3569
-2340
-3250
-3956
-3210
-2490
-2079
-2034
-2570
-2853
-2069
-1134
-1583
-2883
-2708
-1110
-771
-2192
-2616
-1407
-442
-523
-918
-621
193
1061
1540
1739
1498
2037
3424
4193
4257
3931
3249
3273
5641
7047
5251
3000
3633
6374
7807
6120
3051
2202
4133
6091
4408
-211
-1953
726
2214
-400
-3296
-4179
-3505
-2348
-2515
-4758
-6611
-5453
-2873
-2805
-5350
-5878
-3456
-2028
-2836
-3727
-3505
-2439
-1198
-1364
-2647
-3110
-1842
-446
-1165
-3108
-2943
-945
-525
-1851
-2526
-1718
-496
24
-327
-534
-8
1310
2419
2165
1321
2195
4069
4611
4095
3756
3445
3684
5482
6623
5092
2919
3725
6603
7550
5457
3092
2719
4214
5473
3607
-410
-1808
379
1446
-1104
-4169
-4509
-3140
-2615
-3754
-5546
-6303
-4947
-3075
-3954
-6023
-5491
-2749
-2102
-3505
-4101
-2869
-1298
-1021
-1925
-2822
-2354
-896
-332
-1886
-3299
-2190
-388
-720
-2355
-2425
-955
143
-113
-589
-334
655
1825
2395
1808
1566
2833
4241
4342
3962
3959
3530
3926
5485
6423
4881
3225
4233
6458
7033
5385
3541
2828
3647
4913
3365
-347
-1889
-136
518
-1702
-3592
-3991
-3767
-3654
-3631
-4496
-5752
-5343
-4112
-3891
-4716
-4339
-3302
-3136
-3249
-2530
-1532
-1824
-2165
-1907
-1389
-1359
-1450
-1705
-2388
-2315
-1308
-977
-2229
-2934
-1554
-288
-608
-1286
-788
80
764
1615
1833
1479
1838
3448
4541
3931
3490
4233
4725
4332
4798
5682
5107
4212
4774
5845
5910
5231
4380
3335
2975
3457
3014
595
-1366
-988
-389
-1390
-2817
-3557
-3906
-3867
-3317
-3782
-5109
-5504
-4191
-3222
-3735
-4309
-3581
-2790
-2608
-2099
-1631
-1993
-2354
-1754
-1325
-1521
-1930
-2235
-2454
-2353
-1589
-1332
-2467
-3220
-1869
-278
-589
-1464
-1329
-136
1308
2024
1537
885
2003
4291
5073
3526
2868
4592
5801
4891
4159
4785
5399
5319
4966
4534
4549
5215
5165
3331
1435
1996
3142
1557
-1346
-1976
-1189
-1278
-2098
-3337
-4618
-4605
-3343
-3128
-4885
-5930
-4423
-2670
-3168
-4206
-3505
-2639
-2344
-1849
-1575
-2240
-2464
-1464
-914
-1663
-2520
-2177
-1773
-1936
-1673
-1421
-2279
-2568
-909
132
-910
-1564
-202
1418
1622
1355
1503
2165
3374
4583
4128
2963
3813
5953
5923
3674
3148
5223
6719
5394
3383
3045
4546
6025
5062
1740
-115
1804
3752
1684
-2314
-3263
-1408
-594
-2059
-4192
-5423
-4857
-3083
-3008
-5256
-6261
-4261
-2411
-2994
-3860
-3236
-2638
-2243
-1590
-1169
-1996
-2429
-1426
-681
-1331
-2151
-1897
-1908
-1901
-1245
-1135
-2155
-2311
-796
-229
-787
-754
256
769
851
1680
2443
2283
2540
3658
4188
3807
4222
5038
4834
3885
4040
5378
5558
4355
3306
3592
4405
4829
3860
1639
553
1794
2879
938
-2158
-2716
-1376
-993
-2387
-4183
-5146
-4462
-3104
-3181
-4968
-5689
-4040
-2324
-2595
-3520
-3589
-2764
-1618
-1066
-1752
-2561
-2002
-683
-498
-1783
-2409
-1765
-1217
-1457
-1890
-1828
-1548
-1188
-1115
-1042
-533
203
565
288
746
2053
2780
2487
2361
3259
4222
4477
4266
4319
4686
4626
4272
4213
4557
4590
3996
3153
2980
3716
3935
2694
948
551
1437
1542
-427
-2256
-2314
-1704
-2058
-3021
-4099
-4413
-3780
-2936
-3366
-4340
-4224
-2909
-2204
-2693
-3008
-3007
-2414
-1720
-1208
-1634
-2303
-2105
-1202
-734
-1377
-2323
-2914
-2186
-800
-697
-2177
-3034
-1444
571
887
-323
-978
306
2291
3318
2055
983
2114
4511
5023
3559
3125
4179
5651
5154
3733
3174
4388
5341
4303
2333
1924
3521
4316
2753
436
-4
1424
1743
14
-2164
-2723
-1965
-1651
-2438
-4059
-4623
-3707
-2509
-2866
-4203
-4151
-2898
-2135
-2700
-3070
-2963
-2615
-2021
-1648
-1946
-2472
-2091
-1314
-1286
-1964
-2421
-2319
-2013
-1542
-1453
-1983
-2054
-870
285
185
-153
427
1406
2119
2232
2185
2279
3173
3966
3933
3507
3888
4941
5105
4369
3464
3797
4658
5016
3726
2125
2162
3357
3727
2468
683
-67
753
1534
234
-2076
-3007
-2237
-1616
-2400
-3725
-4369
-3854
-2870
-2803
-3547
-4069
-3253
-2591
-2373
-2732
-2926
-2775
-2251
-1688
-1864
-1988
-2121
-1530
-1403
-1580
-2033
-2105
-1762
-1342
-1215
-1670
-1475
-490
343
524
200
677
1562
2426
2373
2113
2447
3355
4163
3833
3445
3778
4640
4829
4194
3335
3198
3999
4441
3462
2069
1754
2416
2904
2199
875
-96
140
568
237
-1269
-2518
-2494
-2077
-2123
-2836
-3606
-3916
-3398
-2680
-2772
-3519
-3735
-3004
-2115
-2262
-2933
-3052
-2272
-1554
-1610
-2164
-2524
-1884
-1022
-1062
-2185
-2500
-1545
-612
-868
-1475
-1188
-231
622
981
722
806
1716
2694
2567
2096
2554
3604
3912
3366
3282
3828
4180
4075
3721
3218
2822
3023
3366
2957
2121
1535
1724
1986
1828
1168
288
-190
-76
123
-754
-1853
-2251
-1978
-2104
-2548
-2849
-2996
-3036
-3149
-3057
-2976
-2767
-2577
-2961
-3448
-3021
-1949
-1730
-2610
-3342
-2820
-1539
-1070
-1690
-2752
-2758
-1384
-71
-405
-1673
-1575
28
1300
1270
698
796
1714
2934
2971
2313
2320
3282
4065
3636
3167
3391
4060
4047
3766
3359
2805
2744
2963
2930
2264
1756
1523
1622
1678
1423
843
85
-147
117
-103
-1029
-1799
-1935
-2019
-2266
-2540
-2779
-3033
-3237
-3052
-3086
-3039
-2938
-2754
-3094
-3408
-3074
-2507
-2244
-2658
-3139
-3024
-2099
-1303
-1546
-2359
-2595
-1403
-184
-184
-973
-970
118
1192
1560
1295
1424
1978
2731
3169
3133
2974
3220
3735
3798
3549
3498
3704
3787
3568
3213
2871
2737
2723
2584
2064
1439
1326
1403
1352
807
280
-68
50
-202
-822
-1355
-1599
-1854
-2207
-2451
-2674
-2869
-2891
-2966
-2918
-2974
-2979
-2960
-2739
-2703
-2873
-2976
-2782
-2447
-2413
-2457
-2340
-2114
-1834
-1575
-1366
-1377
-1145
-805
-408
-21
429
624
781
1275
1933
2300
2473
2592
2826
3064
3391
3587
3513
3093
3060
3368
3491
3097
2565
2461
2757
2603
1280
567
1436
2289
1225
-402
-903
68
1262
1049
-1028
-2685
-1733
336
111
-2234
-3603
-2902
-1746
-1112
-1603
-3138
-3832
-2440
-908
-1447
-2723
-3008
-2511
-2084
-1732
-1673
-2291
-2586
-2100
-1392
-1329
-1281
-1207
-1333
-1386
-550
465
464
-80
103
960
1747
2141
2108
1805
1949
2823
3526
3175
2447
2459
2967
3220
3007
2678
2291
2230
2412
2111
1641
1510
1496
943
412
391
737
699
-41
-686
-491
123
138
-623
-1519
-1641
-1091
-923
-1571
-2215
-2241
-1971
-1719
-1758
-2057
-2300
-2260
-2057
-1953
-2064
-2310
-2461
-2326
-1931
-1696
-1882
-2100
-1920
-1404
-1038
-980
-1047
-920
-401
296
726
666
647
1092
1823
2227
2309
2378
2418
2567
2858
3080
2957
2783
2675
2632
2717
2835
2571
1954
1661
1832
1811
1252
658
496
549
454
-31
-392
-291
-104
-380
-928
-1179
-1021
-948
-1464
-2073
-2117
-1749
-1674
-2039
-2551
-2518
-2007
-1746
-2136
-2669
-2612
-2107
-1781
-2046
-2416
-2313
-1815
-1408
-1393
-1610
-1570
-1074
-570
-442
-353
-77
261
594
1041
1445
1577
1661
2013
2556
2866
2725
2511
2611
3061
3363
3070
2545
2371
2854
3065
2540
1728
1649
1865
1770
1194
621
354
350
343
-92
-516
-491
-333
-605
-1070
-1131
-1053
-1211
-1617
-1863
-1890
-1774
-1754
-1920
-2249
-2300
-1989
-1814
-2056
-2231
-2219
-2179
-2096
-1875
-1697
-1866
-2093
-1883
-1328
-1009
-1185
-1455
-1264
-553
62
135
-145
-57
691
1508
1718
1485
1495
2010
2525
2732
2521
2310
2476
2898
2961
2614
2265
2267
2430
2340
1979
1567
1320
1241
1173
907
518
214
20
-107
-208
-258
-412
-603
-862
-830
-757
-787
-1034
-1295
-1375
-1257
-1078
-1206
-1508
-1765
-1559
-1352
-1378
-1722
-1918
-1929
-1716
-1575
-1637
-1831
-2006
-1818
-1411
-1180
-1377
-1485
-1229
-811
-416
-182
-117
-160
162
919
1438
1338
1093
1353
1947
2284
2234
1929
1934
2193
2478
2256
1923
1720
1811
1759
1549
1318
1158
940
687
622
608
412
-52
-309
-289
-82
-122
-450
-769
-698
-268
-133
-464
-899
-855
-502
-345
-609
-1035
-1256
-1053
-739
-869
-1448
-1804
-1505
-1068
-1173
-1727
-1980
-1735
-1262
-1086
-1398
-1664
-1415
-773
-411
-482
-585
-321
163
605
847
870
891
1135
1482
1668
1714
1758
1770
1766
1838
1935
1930
1700
1364
1218
1331
1416
1154
661
365
485
693
467
-21
-317
-285
-189
-261
-459
-585
-589
-504
-399
-344
-406
-509
-522
-461
-400
-501
-772
-948
-864
-764
-944
-1330
-1447
-1200
-1049
-1377
-1721
-1639
-1236
-1083
-1302
-1465
-1203
-704
-491
-603
-708
-257
358
578
291
356
947
1475
1463
1116
1062
1556
2174
2018
1412
1198
1745
2164
1803
1016
809
1234
1464
1069
455
224
357
508
370
-32
-380
-423
-295
-352
-476
-577
-617
-588
-478
-371
-406
-534
-533
-319
-348
-665
-846
-625
-514
-810
-1175
-1279
-1020
-890
-1083
-1572
-1680
-1252
-829
-1075
-1531
-1343
-691
-374
-606
-763
-474
114
428
363
229
513
1001
1286
1148
987
1123
1490
1677
1489
1305
1378
1620
1532
1345
1152
1098
1007
896
765
552
438
348
316
155
54
-82
-208
-313
-314
-262
-306
-414
-486
-378
-278
-241
-345
-320
-360
-445
-520
-441
-455
-680
-895
-1033
-896
-902
-978
-1304
-1387
-1310
-1012
-967
-1193
-1240
-988
-675
-660
-572
-466
-223
-63
195
374
508
595
752
998
1073
1088
1050
1174
1300
1437
1328
1097
1111
1408
1469
1132
674
596
764
884
571
179
-38
155
393
233
-210
-455
-293
-127
-46
-233
-509
-558
-262
-36
-124
-361
-509
-376
-249
-260
-507
-767
-810
-749
-775
-1034
-1171
-1229
-1217
-1256
-1234
-1218
-1148
-1094
-1114
-1061
-814
-541
-489
-523
-321
136
447
502
463
620
982
1323
1305
1093
1161
1482
1665
1533
1360
1325
1449
1533
1356
1068
918
864
778
556
321
182
236
233
30
-299
-412
-258
-183
-270
-506
-543
-533
-316
-244
-310
-570
-648
-456
-212
-296
-697
-876
-789
-563
-719
-1004
-1245
-1191
-1107
-1123
-1263
-1230
-1026
-965
-1093
-1128
-768
-416
-373
-648
-551
-18
525
634
366
353
813
1487
1539
1218
1038
1389
1753
1829
1590
1301
1265
1407
1479
1265
951
678
639
590
382
146
20
-14
-142
-320
-496
-489
-467
-477
-572
-640
-649
-540
-378
-379
-531
-703
-590
-358
-269
-484
-744
-763
-568
-441
-656
-998
-1085
-889
-834
-956
-1056
-931
-754
-633
-719
-682
-421
-159
-156
-302
-177
235
655
677
557
622
1038
1439
1493
1252
1130
1349
1593
1632
1368
1148
1057
1129
1066
851
543
372
311
127
-69
-240
-347
-419
-499
-690
-799
-723
-670
-668
-743
-750
-636
-463
-444
-534
-557
-452
-302
-307
-412
-446
-323
-247
-308
-483
-558
-547
-493
-549
-685
-716
-584
-377
-368
-407
-396
-215
-42
-20
-77
-33
200
401
555
578
702
856
1055
1101
1102
1151
1217
1259
1148
1085
1051
1111
1017
844
578
440
375
363
212
-154
-459
-510
-362
-367
-559
-861
-880
-703
-531
-608
-685
-646
-501
-455
-500
-518
-385
-211
-237
-411
-449
-261
-46
-62
-323
-503
-462
-313
-319
-429
-625
-683
-525
-302
-248
-354
-437
-353
-184
-88
-146
-117
44
276
394
435
561
762
933
927
890
957
1147
1275
1147
959
967
1137
1190
1001
681
507
563
631
364
-49
-252
-184
-109
-280
-614
-778
-653
-532
-587
-726
-745
-658
-588
-614
-640
-573
-495
-458
-510
-483
-374
-291
-343
-409
-347
-282
-310
-475
-545
-512
-466
-510
-556
-559
-517
-422
-373
-412
-486
-419
-246
-13
104
42
66
326
671
818
753
649
793
1122
1351
1281
1070
1081
1312
1467
1295
1048
948
1030
1002
719
389
300
342
212
-128
-371
-388
-331
-419
-609
-699
-628
-515
-555
-630
-625
-545
-501
-572
-595
-463
-244
-293
-483
-560
-380
-196
-243
-458
-615
-606
-534
-543
-634
-684
-751
-726
-694
-680
-701
-693
-628
-457
-301
-239
-179
6
263
493
538
508
652
952
1186
1176
1145
1125
1249
1353
1378
1236
1069
1001
978
939
784
560
332
200
104
-32
-204
-318
-403
-444
-463
-502
-546
-472
-343
-308
-386
-399
-352
-251
-124
-118
-233
-272
-195
-102
-117
-232
-366
-412
-451
-551
-646
-688
-732
-738
-736
-815
-926
-927
-786
-615
-575
-674
-618
-309
28
159
157
231
457
761
927
937
957
1140
1301
1267
1131
1114
1194
1191
959
708
677
789
707
337
-22
-106
-29
-105
-364
-603
-672
-596
-523
-545
-594
-541
-437
-348
-296
-241
-163
-123
-141
-136
-53
-1
-49
-147
-156
-124
-157
-320
-470
-549
-585
-587
-574
-626
-747
-861
-814
-634
-466
-457
-564
-534
-219
130
242
194
277
571
889
988
955
1013
1233
1391
1363
1177
1077
1175
1266
1075
712
534
616
662
439
61
-173
-205
-263
-438
-640
-732
-748
-731
-763
-785
-699
-536
-414
-388
-395
-298
-149
-94
-131
-157
-159
-142
-126
-183
-242
-257
-275
-380
-532
-654
-628
-581
-623
-744
-780
-710
-621
-539
-514
-428
-288
-108
14
99
212
475
703
789
824
954
1136
1289
1306
1262
1260
1261
1235
1176
1080
892
713
599
562
441
230
-25
-218
-318
-414
-574
-777
-829
-783
-766
-862
-894
-759
-582
-475
-474
-464
-370
-214
-180
-233
-249
-220
-188
-214
-286
-318
-266
-269
-371
-524
-557
-514
-488
-546
-581
-511
-405
-353
-382
-331
-125
88
122
92
254
527
710
689
715
889
1098
1146
1059
1095
1241
1306
1146
979
992
1049
892
602
437
471
459
219
-123
-264
-251
-337
-592
-791
-756
-626
-686
-873
-915
-695
-487
-496
-651
-639
-416
-205
-267
-442
-484
-369
-231
-256
-390
-517
-464
-350
-321
-431
-540
-583
-483
-368
-339
-373
-383
-319
-210
-88
-27
48
181
360
460
501
555
737
910
967
889
863
1000
1162
1179
1052
957
1010
1114
994
724
549
595
612
387
39
-123
-79
-117
-359
-642
-704
-597
-531
-638
-801
-825
-696
-574
-605
-630
-545
-427
-395
-425
-423
-396
-388
-443
-477
-472
-456
-460
-478
-490
-526
-543
-524
-457
-421
-439
-453
-409
-326
-260
-186
-109
32
209
364
416
504
675
831
870
874
945
1045
1115
1097
1092
1106
1174
1183
1073
885
786
797
738
503
236
97
65
2
-184
-414
-550
-532
-503
-546
-663
-748
-752
-683
-633
-611
-560
-498
-416
-362
-329
-325
-362
-371
-351
-355
-434
-460
-388
-341
-383
-510
-573
-512
-392
-380
-487
-537
-470
-347
-282
-224
-148
-12
103
218
384
549
631
630
705
859
985
982
901
853
933
1072
1071
913
746
716
764
692
464
234
125
86
23
-106
-265
-390
-406
-398
-449
-552
-589
-568
-549
-527
-525
-502
-441
-330
-227
-144
-147
-200
-223
-157
-94
-139
-256
-327
-303
-250
-265
-382
-492
-491
-417
-371
-420
-490
-484
-317
-133
-134
-173
-105
105
256
320
345
458
598
629
615
664
784
825
758
664
669
760
757
610
459
413
410
333
163
-13
-92
-93
-97
-198
-291
-306
-245
-267
-359
-391
-356
-311
-293
-291
-301
-236
-172
-134
-129
-120
-135
-162
-186
-161
-169
-256
-335
-385
-401
-448
-500
-543
-526
-510
-540
-555
-482
-343
-206
-161
-153
-32
140
215
206
261
446
625
601
492
520
753
900
796
598
557
702
781
671
461
383
424
437
328
173
81
62
63
33
-27
-71
-71
-78
-109
-157
-194
-201
-166
-142
-165
-209
-233
-242
-258
-264
-272
-327
-381
-384
-386
-408
-463
-531
-603
-652
-665
-664
-661
-664
-671
-620
-506
-391
-298
-244
-124
47
184
230
229
269
390
540
591
574
581
696
823
828
734
667
688
735
693
557
468
506
548
476
336
235
221
248
220
90
-26
-60
-54
-74
-107
-167
-228
-231
-193
-209
-308
-385
-397
-374
-393
-472
-539
-521
-460
-452
-514
-573
-609
-601
-613
-666
-698
-657
-593
-588
-585
-509
-351
-227
-188
-188
-82
117
249
246
202
256
409
563
584
556
593
697
778
768
731
690
664
647
626
602
566
525
485
466
430
370
297
231
221
202
157
84
34
25
7
-50
-124
-151
-170
-199
-259
-332
-373
-397
-453
-505
-537
-540
-531
-562
-617
-630
-601
-604
-672
-766
-755
-667
-613
-631
-624
-520
-370
-279
-238
-171
-50
91
178
205
242
333
398
422
472
555
649
660
636
641
719
774
720
624
568
610
622
556
447
414
460
474
358
215
196
268
274
155
35
7
58
57
-18
-141
-212
-195
-177
-245
-366
-437
-437
-445
-544
-609
-599
-590
-622
-670
-671
-642
-645
-703
-723
-694
-634
-565
-501
-448
-383
-266
-144
-55
2
61
160
279
328
337
350
410
522
598
592
573
599
657
697
650
571
516
522
518
440
345
314
349
343
239
144
129
141
102
27
-10
-20
-27
-75
-108
-123
-139
-200
-264
-294
-308
-328
-396
-462
-495
-483
-468
-484
-506
-515
-499
-471
-473
-486
-495
-482
-427
-340
-285
-235
-167
-75
23
93
142
193
269
353
428
454
455
475
513
542
546
526
519
505
502
500
458
394
333
290
271
257
212
172
161
153
113
97
91
38
-44
-94
-99
-87
-87
-152
-216
-214
-185
-226
-303
-353
-348
-324
-353
-427
-452
-412
-387
-420
-480
-496
-463
-434
-434
-443
-432
-382
-311
-261
-231
-167
-57
33
60
85
152
241
302
310
325
375
449
470
447
433
465
499
472
429
394
401
414
381
293
225
224
229
224
188
141
124
154
169
127
44
-32
-44
-21
-18
-70
-154
-164
-107
-76
-144
-249
-303
-269
-223
-284
-379
-425
-371
-330
-361
-423
-449
-423
-384
-372
-416
-440
-407
-344
-307
-296
-261
-189
-95
-36
-16
13
63
119
172
204
220
244
287
351
374
364
370
404
414
400
383
359
334
290
248
234
239
232
240
250
248
227
202
190
184
160
91
49
57
76
65
4
-38
-41
-36
-86
-128
-137
-134
-165
-220
-251
-252
-237
-253
-273
-314
-337
-355
-362
-387
-427
-419
-378
-352
-362
-349
-301
-233
-182
-159
-130
-74
-30
2
37
75
117
138
163
206
247
268
263
258
284
311
300
275
254
262
275
272
266
265
270
282
294
288
259
228
214
211
194
153
126
123
120
102
58
17
15
6
-36
-91
-123
-141
-164
-218
-269
-278
-283
-310
-348
-361
-364
-362
-379
-384
-358
-320
-304
-306
-277
-240
-205
-185
-177
-153
-104
-66
-67
-54
10
65
93
96
110
154
202
203
170
167
203
232
224
198
185
228
281
270
225
216
274
320
282
206
186
237
273
233
146
115
143
143
77
15
-5
0
-20
-84
-131
-152
-174
-210
-253
-282
-290
-321
-347
-354
-358
-347
-347
-353
-335
-285
-240
-224
-226
-197
-130
-86
-80
-85
-42
24
55
75
108
158
193
204
193
211
239
226
209
211
240
264
266
236
211
233
246
222
185
168
182
207
196
149
134
137
137
114
77
56
54
41
4
-28
-57
-85
-118
-136
-155
-177
-219
-248
-249
-259
-278
-315
-338
-322
-295
-312
-330
-321
-276
-244
-242
-244
-200
-127
-88
-91
-78
-6
62
89
89
114
186
245
247
220
219
255
294
287
254
257
293
315
296
260
242
248
236
183
137
129
136
128
109
81
66
69
62
23
-27
-52
-51
-75
-133
-178
-182
-172
-182
-226
-256
-242
-229
-248
-299
-332
-327
-304
-299
-314
-325
-301
-264
-257
-276
-295
-265
-208
-165
-160
-143
-85
-6
51
62
76
118
188
235
246
255
282
318
326
325
327
334
341
354
356
345
342
341
350
334
293
254
232
227
214
188
155
123
99
68
44
28
-3
-44
-68
-88
-125
-169
-196
-196
-207
-230
-253
-271
-273
-286
-316
-330
-339
-346
-351
-365
-370
-359
-352
-346
-333
-309
-271
-234
-212
-188
-147
-96
-58
-41
-19
41
110
157
180
197
240
288
310
305
306
327
351
363
348
346
354
368
368
344
316
290
265
246
222
193
181
173
149
124
107
74
37
15
2
-18
-53
-93
-124
-140
-156
-183
-222
-243
-261
-264
-259
-286
-329
-336
-329
-334
-353
-384
-379
-351
-331
-340
-337
-291
-249
-206
-187
-175
-139
-87
-44
-17
17
50
86
130
164
172
187
223
244
262
261
258
273
289
290
274
272
299
305
268
239
229
227
217
177
142
148
159
124
81
75
90
84
40
-15
-40
-29
-48
-95
-129
-149
-159
-169
-199
-229
-224
-203
-202
-224
-261
-264
-257
-272
-283
-291
-264
-214
-182
-164
-131
-79
-46
-17
8
21
39
70
97
109
131
158
187
201
210
223
240
240
221
206
195
181
154
141
146
147
137
114
98
107
99
59
37
21
12
-4
-23
-26
-17
-16
-38
-63
-80
-90
-118
-150
-164
-176
-193
-195
-187
-180
-181
-181
-176
-173
-179
-185
-185
-175
-167
-158
-138
-104
-61
-20
26
63
96
122
134
162
186
190
204
222
232
238
241
229
225
216
194
175
154
148
141
120
88
56
35
27
25
-6
-38
-54
-70
-100
-130
-133
-128
-133
-145
-159
-161
-147
-151
-171
-176
-169
-177
-180
-182
-188
-179
-171
-162
-157
-146
-127
-107
-100
-98
-86
-67
-52
-40
-31
-3
37
61
79
100
133
157
176
194
219
243
263
270
270
270
254
242
239
233
229
225
215
204
186
161
122
99
67
22
-2
-18
-23
-31
-55
-85
-91
-105
-146
-183
-205
-204
-197
-212
-229
-224
-204
-202
-207
-204
-183
-173
-187
-200
-200
-180
-159
-148
-136
-116
-95
-72
-57
-38
-24
-6
21
46
68
75
102
137
158
168
173
196
222
231
229
226
240
242
240
226
216
212
192
174
149
133
122
119
100
64
32
0
-7
-34
-69
-85
-94
-93
-105
-134
-156
-155
-147
-154
-168
-171
-166
-164
-185
-197
-190
-170
-162
-179
-188
-180
-159
-146
-141
-143
-133
-101
-70
-60
-39
-8
25
41
44
57
84
99
80
77
92
126
142
146
153
170
183
183
181
181
185
177
151
123
114
111
101
66
48
50
57
50
20
5
-4
-16
-50
-83
-96
-87
-78
-97
-114
-105
-98
-99
-101
-116
-107
-85
-87
-95
-103
-92
-85
-90
-100
-95
-85
-82
-86
-87
-64
-38
-28
-31
-16
5
19
37
56
76
100
112
101
95
118
147
150
154
165
181
200
187
164
161
171
158
127
118
118
112
91
76
52
34
10
-25
-53
-71
-84
-99
-110
-123
-132
-131
-120
-121
-121
-127
-137
-145
-161
-167
-156
-143
-126
-116
-108
-101
-99
-100
-107
-114
-97
-73
-71
-66
-53
-31
-1
11
6
20
49
61
60
63
82
109
121
120
123
149
175
178
178
176
175
167
143
124
123
128
125
117
103
84
69
44
11
-4
-18
-24
-53
-91
-102
-105
-110
-127
-138
-138
-132
-146
-161
-162
-153
-152
-163
-159
-147
-129
-118
-103
-91
-86
-79
-70
-65
-65
-68
-43
-16
0
14
18
43
63
69
60
85
104
113
121
119
132
136
135
130
137
134
137
136
133
142
147
125
110
108
98
97
99
87
69
64
49
21
-16
-38
-46
-49
-65
-88
-93
-81
-79
-102
-120
-123
-119
-131
-146
-149
-132
-129
-144
-158
-156
-132
-113
-107
-96
-82
-67
-46
-20
-1
0
-1
15
31
34
37
51
66
82
93
109
122
133
141
132
129
138
142
119
104
100
104
100
85
78
72
62
51
37
25
19
12
0
-5
0
-6
-16
-35
-45
-46
-48
-53
-67
-77
-83
-91
-97
-93
-102
-109
-112
-117
-117
-119
-127
-123
-114
-109
-95
-91
-71
-46
-49
-54
-44
-37
-26
-24
-22
6
12
31
52
56
68
88
104
111
127
131
126
109
86
78
65
51
54
57
50
48
51
52
47
24
8
-15
-36
-39
-40
-34
-25
-13
-8
-5
-15
-15
-14
-21
-27
-24
-23
-22
-20
-29
-24
-18
-15
-12
-17
-19
-11
-21
-25
-23
-12
-3
-1
5
15
21
19
19
15
15
18
23
32
33
38
39
35
37
40
44
39
39
40
40
28
22
25
9
-7
-12
-21
-25
-24
-21
-18
-27
-31
-27
-14
-16
-17
-11
-14
-23
-33
-48
-51
-55
-57
-44
-30
-24
-18
-18
-14
-8
-13
-6
5
16
24
13
9
24
26
19
21
30
34
24
17
21
22
28
30
33
34
32
26
26
24
16
10
6
-1
-14
-18
-22
-11
-18
-21
-20
-15
-31
-46
-55
-50
-52
-70
-67
-59
-53
-66
-71
-67
-65
-75
-59
-40
-30
-26
-14
-12
-14
-5
-13
-15
-7
9
24
32
28
30
35
41
45
46
51
41
53
74
74
67
70
76
60
43
38
48
42
26
22
26
31
26
14
3
8
-3
-6
11
15
5
0
-6
-1
7
-3
-8
-12
-12
-14
-20
-20
-22
-16
-17
-27
-27
-23
-15
-7
-5
-7
-1
-3
7
10
2
0
6
2
-8
-9
-1
7
8
2
-2
16
18
11
-3
-9
-4
2
-1
-3
5
9
3
-4
3
2
2
-11
-19
-9
-3
-6
5
3
-2
-11
-22
-27
-32
-25
-27
-21
-18
-5
11
18
15
2
-14
-17
-15
-25
-30
-28
-19
-15
-9
-2
12
23
24
23
10
4
12
2
-17
-14
-11
-2
2
4
6
27
33
15
8
10
7
-7
-20
-28
-16
-16
-17
-11
-12
-22
-30
-34
-27
-15
-16
-18
-9
-3
-5
-4
-10
-15
-8
3
2
5
6
6
2
-8
-14
-1
8
3
10
16
26
16
-2
-8
11
21
20
14
6
14
25
29
18
20
24
42
53
48
46
56
60
55
52
54
62
58
41
29
37
41
42
23
5
-12
-14
-2
8
-14
-30
-26
-16
-13
-32
-36
-32
-26
-42
-67
-85
-73
-57
-67
-79
-82
-51
-30
-33
-48
-57
-47
-25
-22
-25
-20
-11
4
5
-19
-35
-14
-6
-18
-37
-22
18
38
30
29
53
66
57
22
20
43
60
50
44
45
57
72
57
55
46
35
38
42
30
33
35
40
43
25
9
-5
-25
-40
-52
-77
-83
-73
-70
-60
-51
-47
-40
-44
-39
-43
-64
-67
-55
-55
-49
-37