1
2
5
5
8
5
0
0
0
-1
-4
-4
-2
1
2
2
2
2
2
6
5
2
4
2
3
4
3
0
1
2
1
0
-1
-3
-4
0
-3
-1
-1
1
0
-1
2
3
3
3
3
4
4
0
-2
-2
-2
-4
-5
-6
-6
-4
-4
2
1
-1
0
-2
1
2
-1
-4
-4
-3
-2
-6
-9
-6
-7
-9
-11
-7
-5
-5
-3
-3
3
5
1
-1
-1
3
1
1
-2
-1
1
2
1
3
2
0
2
1
2
0
4
7
4
2
0
1
2
-2
-4
-5
-5
-6
-6
-3
0
2
3
2
3
0
-4
-5
-4
-6
-5
0
2
5
6
5
5
4
6
3
1
4
8
9
8
5
6
6
4
1
1
0
1
-1
0
3
2
3
1
-1
-1
1
-1
-5
-5
-2
-1
1
0
2
3
2
5
4
5
2
2
4
2
-1
-4
0
2
0
-2
-1
1
3
0
-2
-1
1
3
0
-2
2
4
1
0
-1
0
1
1
1
1
2
-4
-4
-1
1
-2
-8
-7
-5
-3
-3
-2
1
2
2
3
1
-1
-3
-4
-3
-3
-5
-6
-3
0
-3
0
2
-1
-1
-1
0
-3
-5
-4
-5
-1
0
1
3
2
-1
0
-2
-6
-8
-11
-10
-9
-7
-5
-4
-3
-2
0
2
1
-1
-1
-3
-1
-1
-2
-1
2
2
5
5
1
0
4
2
-2
-4
-4
-1
5
8
5
8
7
11
13
10
5
6
10
5
3
4
2
2
4
0
-1
1
4
3
-4
-5
-5
-3
-5
-7
-5
-2
0
-1
4
6
3
3
3
1
2
4
1
2
3
-1
-1
-1
-6
-10
-13
-12
-6
0
1
6
11
15
14
12
6
-2
-4
-4
-4
-7
-6
-6
-1
0
-3
0
-1
-4
0
1
-3
0
5
11
13
9
6
9
9
4
-6
-6
-1
2
-3
-4
-1
1
3
1
-2
-3
-1
2
-1
-5
-5
-1
0
1
3
1
0
0
-4
-7
-7
-13
-15
-9
-5
-6
1
6
6
10
13
11
6
4
-7
-8
-4
-6
-10
-10
-10
-10
-4
-3
-5
-6
-4
1
2
-1
-3
2
6
0
-3
0
2
3
0
-4
-1
0
-7
-9
-5
0
-1
-2
-2
-1
3
4
2
-1
2
5
5
2
0
-2
-5
-10
-8
-8
-5
1
2
2
6
7
5
2
-2
-9
-16
-16
-15
-10
-6
-5
6
15
13
9
12
15
12
9
8
11
14
16
8
2
1
0
3
-1
-13
-5
19
36
41
40
46
43
33
33
33
24
10
10
22
24
15
16
17
20
16
11
13
1
-4
6
-8
-24
-34
-60
-50
-49
-53
-48
-50
-24
1
8
1
13
42
47
25
34
68
93
102
83
72
64
35
-4
-26
-56
-79
-74
-57
-35
-24
-18
-1
13
-2
-18
1
8
-8
-7
14
24
14
8
-7
-2
21
22
-2
-33
-60
-83
-116
-144
-136
-156
-200
-228
-202
-154
-105
-71
-59
-24
21
27
-37
-79
-61
-12
3
35
137
250
290
293
289
246
223
188
77
-48
-86
-39
30
55
125
162
171
187
95
-51
-159
-213
-235
-208
-168
-96
-1
41
14
-21
-40
-90
-204
-310
-370
-379
-369
-315
-198
-133
-99
-65
-55
-70
-109
-131
-111
-42
43
97
159
242
258
202
129
115
133
112
97
137
224
296
351
388
373
349
310
209
89
37
78
131
170
250
265
188
96
-11
-82
-114
-134
-163
-151
-115
-91
-55
-143
-303
-362
-348
-363
-343
-279
-152
27
160
176
163
151
146
123
35
7
27
35
122
178
163
206
229
200
153
42
-68
-88
-141
-180
-139
-38
32
-14
-75
-85
-67
-60
-84
-129
-137
-107
-81
-64
-51
-67
-116
-176
-282
-438
-478
-391
-334
-252
-95
99
278
397
388
294
234
220
182
138
108
143
289
328
241
157
121
13
-159
-260
-252
-131
-15
28
4
15
96
122
39
-132
-209
-89
32
-44
-72
-16
55
159
98
-100
-274
-267
-182
-230
-390
-352
-121
53
85
34
12
5
-3
-34
-85
-149
-105
-8
35
32
59
66
74
48
-40
-144
-202
-153
-163
-234
-248
-127
-70
-138
-169
-52
128
261
303
289
292
369
377
388
374
308
326
488
524
575
628
583
558
513
300
-53
-274
-361
-411
-325
-162
-48
223
414
485
555
514
226
4
-177
-297
-342
-386
-442
-388
-280
-372
-537
-596
-635
-695
-766
-769
-818
-933
-939
-856
-729
-691
-692
-531
-176
156
489
745
979
1257
1321
1228
993
854
880
925
1039
1145
1547
1964
2138
2220
2301
2132
1722
1226
569
-381
-1555
-2688
-3777
-4862
-5450
-5423
-4818
-3899
-2518
-843
672
1967
2813
2966
2693
2296
1417
33
-1233
-2041
-2705
-3364
-4174
-4819
-4876
-4449
-3944
-3196
-1879
266
3233
6572
9597
11411
11963
12061
11566
9984
7631
5800
4719
3324
-1116
-10011
-17726
-19051
-18576
-20702
-21441
-16280
-6121
4952
12926
15863
17526
21446
24648
21896
14065
6233
2511
968
-2729
-9656
-15538
-16454
-14507
-14645
-17071
-17667
-14059
-7759
-1083
4348
8091
12028
17481
20919
18509
12339
6816
2299
-2311
-6782
-11023
-14420
-14983
-12835
-10584
-10172
-10466
-8741
-4654
-604
2069
4500
8033
12403
15586
15467
12430
8916
6466
4497
2561
725
-84
1176
3195
4067
3802
2480
-39
-3481
-8842
-15991
-20689
-19288
-14643
-10829
-6534
713
9516
16297
18566
16941
14371
13267
12185
8523
2580
-2434
-4544
-5079
-6976
-10844
-14123
-14071
-11026
-8512
-7764
-5790
-1149
4038
8028
10528
11176
10508
10605
10631
7720
2436
-1135
-2704
-4145
-6663
-9391
-14669
-22782
-24122
-16894
-11695
-10152
-6620
1581
13865
22469
21245
15305
13580
14890
13475
7093
-1589
-5786
-1537
3630
3352
-5
123
5211
9026
4368
-8022
-20883
-24967
-20574
-16398
-16935
-15445
-4710
11642
22645
23098
16950
14157
17615
19790
13720
2912
-3575
-1787
1417
-2443
-13228
-21184
-19756
-13816
-12508
-15463
-14206
-4988
6474
13818
15394
13696
13283
16062
16914
10593
1153
-3090
-2317
-2192
-5324
-10595
-13889
-17261
-21870
-21960
-18870
-16229
-11065
-3641
5787
16447
22801
22224
19724
18722
16294
11216
4318
-3151
-5889
-3077
-1805
-3214
-3305
37
4280
6130
3931
1926
-168
-9288
-20367
-20216
-13218
-12036
-13951
-8882
3259
13684
17986
16535
12722
12640
17613
18548
9170
-2662
-4478
217
-885
-10293
-18215
-17373
-10398
-6380
-8613
-10708
-6340
1535
7417
9527
8466
7687
11510
16260
14072
5368
-754
-1224
-1460
-5684
-10543
-16264
-23549
-23505
-16500
-13688
-13885
-10145
-1419
9856
16977
16434
13864
15996
19377
18868
13026
4185
-950
688
804
-3661
-6415
-3177
2777
7125
6599
3971
5110
2506
-13638
-27729
-24220
-15293
-15109
-17002
-9061
6573
19171
23252
18428
12347
13584
19672
18302
6097
-4475
-2648
3255
53
-12300
-21279
-19933
-13268
-10807
-13645
-13930
-6767
2146
8571
12172
11873
10577
13631
17616
14410
4420
-4498
-9466
-12467
-14467
-16192
-19384
-20686
-13544
-1960
2584
-683
-1422
4278
10345
11208
7737
4783
7569
14370
17161
12142
5565
4871
8054
6910
787
-4380
-3273
2816
7878
7930
-2680
-19800
-25422
-18208
-16664
-26091
-29224
-13461
9709
24243
26438
21805
20374
25814
28669
18018
-1805
-11631
-4765
3099
-2688
-15850
-21157
-15113
-8512
-11707
-21375
-23685
-13373
386
9203
12354
13351
17684
25808
27479
14632
-1491
-6475
-4843
-12430
-26439
-30025
-23138
-15009
-8452
-6528
-5841
1840
12840
15840
10028
6562
11247
17424
16094
8128
3724
6142
8155
5464
422
-1432
3198
8225
7977
4462
4568
4487
-8584
-26843
-30994
-24679
-23498
-27372
-21820
-3139
15483
25980
27277
23963
22589
25312
23736
10582
-5883
-8483
-837
801
-8922
-17113
-15853
-10426
-11125
-18084
-23068
-18511
-8698
140
7165
13122
18051
23650
28264
25304
13042
2126
-5339
-15362
-24204
-24984
-21449
-19855
-17118
-8139
1294
3633
1683
2539
6605
9595
10841
11673
10904
10860
13143
14102
9144
2897
1566
4198
5083
3908
2549
3982
5990
7312
4840
-9863
-28553
-30957
-20997
-19111
-27077
-25305
-5912
15756
26548
25949
21571
21447
26882
27795
15262
-4020
-11323
-4897
-156
-8458
-20174
-21765
-12679
-6500
-10766
-18652
-17976
-8906
1615
8831
11447
11847
17119
26309
27398
13582
-3729
-11678
-12657
-15205
-19268
-21425
-19280
-9534
3803
8491
1582
-3862
807
7372
5517
-749
-1567
5736
14074
17266
13860
8260
7511
11517
11190
4324
-1606
1025
7816
10502
6648
-7410
-24464
-27683
-20750
-20762
-29720
-30628
-13075
9305
21179
22182
20998
23438
28819
29597
18336
-514
-9545
-4316
686
-6866
-18917
-21356
-12924
-6450
-10737
-20108
-20833
-10949
559
7098
9284
11103
17328
25801
26812
14830
-151
-5581
-5730
-13173
-23304
-25626
-20464
-11262
-2526
-135
-220
3955
10391
11711
6950
2845
4544
9438
10880
7837
5371
5973
7435
6947
3736
1249
2510
5349
6461
6422
6909
457
-14707
-24231
-21633
-19664
-25874
-29691
-17903
1878
15458
19552
19810
21433
25880
28126
20981
4720
-6297
-3908
1041
-4569
-15915
-19606
-13112
-7479
-10861
-18268
-18960
-10982
-1756
4438
8563
12101
17180
23420
24181
11912
-3760
-8132
-7386
-12551
-18564
-18239
-11847
-3522
2268
2385
-1095
-1729
2106
3981
291
-3115
1255
9499
12905
11591
10245
10025
10076
8249
3563
-567
-156
2954
5682
6815
8040
5842
-5599
-19359
-23529
-22011
-25290
-31004
-25922
-8078
9844
18617
20521
21916
25495
28424
24426
11329
-2416
-5338
-483
-398
-9294
-16519
-13999
-7671
-8912
-17241
-22058
-16947
-7984
-728
5070
10628
15945
21694
24444
15904
790
-5681
-5135
-8247
-14086
-16051
-11513
-4162
893
1129
-2321
-4385
-1724
1125
-1092
-5122
-2004
7348
13605
14372
13845
13797
13448
10917
5829
791
-1052
166
2314
4589
7410
4719
-8218
-20967
-22252
-19655
-24567
-31508
-25972
-7456
10908
19816
20797
21256
25613
29995
25192
9084
-5579
-6465
34
-522
-9543
-14864
-11099
-5283
-7433
-16913
-23628
-20155
-10970
-2547
3753
9595
16950
24423
26171
19040
7087
-1582
-6216
-12227
-17872
-18026
-14178
-9539
-3972
1240
2191
-350
-1043
333
116
-1388
69
5218
10311
13348
14892
14657
11753
7776
5561
4102
1910
1015
3048
6026
8394
6581
-4777
-19713
-25367
-22436
-23119
-29020
-27287
-11373
8001
19217
21476
21097
22358
25226
23901
13402
-934
-6286
-1415
1380
-5181
-13199
-14187
-9927
-9336
-15126
-21516
-20930
-13401
-3631
4118
9229
13500
19828
23958
19390
8560
503
-2640
-5660
-10849
-14029
-12180
-8036
-4756
-2717
-2526
-4147
-4485
-2552
-1730
-2740
-717
5892
12168
14614
15271
15970
14720
9473
4609
3283
2525
1217
2878
6764
9495
6965
-4070
-18205
-24949
-23959
-24498
-29172
-27454
-12075
7599
18635
19891
19624
22331
25188
22498
12435
363
-3896
94
1969
-4664
-12327
-13236
-9412
-9595
-16053
-22241
-20741
-12881
-4337
2067
7891
13998
18996
21294
18841
10646
1780
-3059
-6441
-10230
-12181
-11221
-8740
-5823
-3000
-1130
-1637
-3333
-3360
-1357
68
772
3233
7804
11615
12960
12873
11564
8570
5731
4335
3803
3188
3782
6219
9017
8889
1242
-12274
-21548
-22552
-22301
-26016
-27672
-18742
-1838
12549
18089
17817
18774
22715
23925
17208
5464
-1668
-426
2437
-908
-8124
-11982
-10379
-8778
-12106
-18596
-21149
-16512
-8291
-1283
3893
8525
14084
19586
21014
15347
7002
199
-5130
-9190
-11886
-13004
-11459
-8479
-4082
662
1675
-1131
-2656
-1139
218
277
1184
3639
7320
11109
12753
11391
8235
5849
5779
6041
4263
2604
4562
8096
9480
5980
-4214
-15800
-20572
-19780
-21222
-26163
-25885
-13829
2850
12908
14489
15378
19886
24415
22786
13978
3390
-947
721
1267
-4023
-10264
-11369
-7652
-6708
-11976
-18123
-17910
-12511
-6556
-1527
3453
8315
13328
17255
16602
9870
2714
-524
-3109
-7583
-10230
-9155
-6734
-4355
-1588
-27
-1054
-2413
-2174
-1915
-2357
-1869
1056
5358
9033
11067
11874
11077
8561
5591
3417
2275
2348
3699
5929
8117
10032
8841
-560
-14020
-21374
-21630
-23099
-27976
-27267
-15106
1244
12463
16738
18531
21350
24207
22446
13881
2915
-2685
-1536
5
-3427
-8807
-9666
-6154
-5685
-11261
-16946
-16699
-12480
-7699
-2477
2832
7340
12322
16068
14671
8735
3548
888
-2390
-7146
-9076
-6997
-4475
-3099
-1653
-523
-943
-2265
-3391
-4716
-5245
-3052
1306
5407
8632
11425
13401
13000
9337
5363
3863
3484
3200
4128
6413
9159
11180
7582
-4870
-18379
-23296
-23222
-26728
-31063
-25967
-10422
6157
16162
19731
21060
23220
24755
20890
10326
-353
-3408
-208
497
-4700
-9860
-9447
-6786
-8836
-15207
-18929
-16605
-11253
-5002
1639
7361
11881
16115
18381
15038
7293
726
-3305
-7516
-11143
-11350
-8664
-5482
-2543
50
1442
708
-834
-2094
-3096
-3625
-2404
529
4108
7610
10566
12088
11519
9307
7481
6314
4944
3583
3490
5373
8146
9149
4064
-7510
-17497
-20519
-21605
-26023
-29374
-23580
-8776
6547
15566
18474
20090
23482
25387
20186
8471
-1553
-3265
-346
-1156
-6679
-10437
-8428
-5420
-7765
-14096
-17492
-15448
-10552
-4955
871
5785
10230
15632
19346
16278
7204
-641
-3137
-5075
-9334
-11903
-10194
-5662
-781
1541
486
-1703
-2056
-997
-1726
-4594
-5394
-1133
5103
8926
9808
10214
11434
11902
10245
7056
4014
3098
4617
6298
6635
5769
2368
-5762
-15352
-20762
-22599
-25394
-27504
-22680
-9886
4315
14018
18369
20981
23852
25090
20260
9819
-222
-3565
-2300
-2880
-7077
-9628
-7665
-4924
-6705
-11685
-15365
-15106
-11709
-6516
-1049
4181
9701
15834
19338
16781
9705
3213
-1210
-5975
-11058
-12793
-10715
-7123
-3491
-362
1211
1057
481
-296
-2471
-4737
-4474
-1458
1945
5093
8521
11368
12290
11703
10195
8202
5390
3490
3307
3794
4118
4916
4968
-242
-11013
-19069
-20756
-21674
-24907
-25330
-17052
-2898
9753
16671
19294
21012
23286
22640
15942
5000
-2877
-3996
-2438
-4045
-7735
-9006
-6339
-4404
-6661
-11597
-14285
-12875
-8824
-4321
146
4157
8810
14167
16531
12604
5937
1452
-865
-4122
-7854
-9100
-6936
-3581
-720
268
-804
-2376
-3085
-4152
-6523
-7814
-5282
86
5296
9212
11971
13649
14398
13183
9525
5786
3735
3104
3368
3707
3840
4147
2096
-5643
-15911
-21832
-22608
-23106
-24221
-20570
-8996
5589
16059
20157
21137
21992
21936
17600
8470
-1231
-5621
-4341
-2842
-4877
-7556
-6971
-4321
-4809
-9305
-13363
-13554
-10802
-6693
-1893
2987
7801
13324
17577
16407
10160
3859
-180
-4594
-10440
-13349
-11246
-7244
-3845
-820
1269
1753
1059
-371
-3007
-5499
-5159
-1719
1930
4689
7970
11699
13573
12438
9655
7221
5475
3978
2847
2200
2212
3603
4447
-395
-10785
-18747
-19954
-19463
-21849
-22590
-15131
-1195
11430
17636
18859
19331
20608
19675
13078
2616
-4743
-4989
-2343
-3019
-6412
-7515
-4926
-3073
-5448
-10232
-13145
-12439
-9060
-4762
-522
3790
9307
15227
17786
13801
6248
540
-2948
-6683
-10129
-11398
-9517
-4852
602
2963
1062
-1476
-1667
-1748
-4419
-7480
-6429
-1319
4314
8560
11510
12938
13442
13212
10381
5719
2298
1043
982
1476
2156
3310
2851
-3275
-12819
-18645
-19349
-20100
-22414
-20449
-10026
3824
13890
18145
19551
20664
21021
17422
9010
-646
-5480
-4439
-2549
-4092
-6525
-5932
-3037
-3076
-7746
-13055
-14567
-12626
-8941
-4172
1603
7483
13431
18448
18934
13501
5952
-409
-5229
-9404
-12297
-12095
-8827
-4199
16
1683
551
-1377
-2668
-3799
-5409
-6231
-4028
1074
6497
10507
12887
13788
13213
11284
8511
5095
1413
-690
-205
1253
1786
1839
371
-5596
-13795
-17787
-17856
-19230
-21226
-17005
-5357
6808
14108
17478
19306
20229
19191
14798
6626
-1969
-5518
-3703
-2509
-5132
-7281
-5205
-2427
-4390
-9766
-13231
-12690
-10062
-6137
-1088
4093
9279
14949
18705
16479
9349
3220
-353
-4866
-10621
-13264
-10960
-6803
-3548
-1408
-692
-1347
-1677
-1492
-2983
-5686
-5128
74
5321
7342
8605
11206
13006
12118
9338
5769
2594
1198
1249
940
-54
-227
1275
1250
-4562
-13412
-18012
-17455
-16732
-17280
-14772
-6350
4926
14037
18169
17873
16401
15891
14071
7851
-638
-5131
-3917
-1885
-2763
-4927
-5814
-5490
-5863
-7961
-11019
-12479
-10556
-5591
204
4876
8318
11788
14691
15129
11236
4403
-1432
-5309
-8187
-9495
-9557
-8410
-5398
-2011
-434
-925
-2060
-2678
-2992
-3149
-2252
63
3189
6232
8843
11086
11729
10481
8984
7065
4683
2664
925
-575
-1048
-964
-974
-1633
-4841
-10810
-15476
-15966
-14508
-14072
-12822
-6900
2863
11396
15349
15617
15047
14917
13610
9282
2639
-2547
-3380
-1775
-2259
-5377
-7904
-7666
-6592
-7565
-10173
-11176
-8921
-4257
935
4819
7077
9398
12533
13980
10677
4402
-350
-2831
-5307
-8000
-9387
-8789
-6542
-3626
-2016
-2523
-3283
-2387
-996
-864
-1289
217
3848
7312
9061
9750
10168
10176
9225
6969
3686
1217
227
-699
-1821
-2496
-2291
-1351
-2556
-7878
-13645
-15111
-12917
-11504
-11594
-8557
-258
9168
14483
14843
13713
13740
13732
10758
4448
-1708
-3883
-2795
-2669
-5315
-8090
-8242
-6443
-6100
-8172
-9628
-7830
-4039
-239
2900
5681
8115
10510
11975
11009
7076
1634
-2530
-4851
-7066
-9123
-9934
-8803
-5702
-2665
-1421
-1412
-1065
30
1054
1231
1430
2739
5284
7699
8949
9200
8741
7570
6164
4097
1384
-986
-2048
-2277
-2330
-2065
-986
-1263
-5622
-11235
-12806
-11040
-10484
-11564
-9539
-2018
6969
12234
13123
12792
13538
14015
11344
5189
-1356
-4415
-3822
-3247
-5239
-7679
-7190
-4312
-3268
-5472
-7588
-6905
-4485
-1869
761
3345
5734
8523
11127
11265
8081
4018
1121
-1946
-5781
-8056
-9502
-10974
-9978
-6535
-3678
-2721
-2553
-626
2697
4604
4798
5245
6719
8708
9866
8971
5970
3276
2696
2000
-511
-2993
-3397
-2186
-723
-418
-774
-763
-2060
-6255
-10040
-10388
-8826
-8395
-8205
-4513
2643
8712
11096
11032
10784
10961
10241
6959
1419
-3310
-4242
-2830
-3158
-5706
-6779
-4538
-2019
-2528
-4828
-5535
-4099
-2195
-441
1333
3026
5036
7698
9417
8079
4060
158
-2121
-4249
-7377
-9577
-9272
-6969
-3775
-1223
-375
-119
1146
2793
2861
1521
1251
3242
5550
6362
6103
6135
6264
5558
3699
750
-2094
-3021
-2714
-2918
-3210
-2042
788
1963
-1521
-6607
-8443
-7583
-7887
-9622
-8756
-3178
4259
9653
11519
11249
11206
11352
9069
3339
-2874
-5752
-4877
-3443
-3719
-4172
-2743
-464
43
-2012
-4744
-6182
-6045
-4564
-2235
190
2887
6297
9501
10272
7837
4075
-57
-4171
-7016
-8733
-9481
-8553
-5866
-1846
1448
2199
1939
2493
3120
2708
1825
1834
2908
4470
5906
6324
5341
3941
2874
1387
-882
-2995
-3915
-3359
-2017
-597
1201
1833
-944
-5232
-7464
-7691
-8300
-9657
-8666
-3426
3653
8949
10705
10225
9957
9800
7492
2554
-2686
-4946
-3390
-978
-672
-1684
-1467
46
-21
-3060
-6756
-8279
-7556
-5459
-2520
581
3508
6775
9671
10083
7046
2222
-1626
-3918
-6113
-7873
-7840
-6097
-3085
314
2228
1881
1082
1443
1953
975
-179
513
2623
4473
5570
5980
5388
4062
2983
1361
-1201
-3213
-3351
-2348
-1231
39
1919
2378
-941
-5669
-7770
-7694
-8531
-10024
-8414
-2511
4330
8656
9762
9212
8933
8712
6509
1860
-2512
-3311
-914
1037
318
-1256
-1249
-414
-1632
-5294
-8632
-9258
-7590
-4769
-1575
1375
4228
7366
9648
9233
5978
2443
-361
-3637
-6359
-7030
-6403
-5261
-3628
-1231
1275
2099
1520
1160
1297
1400
1485
1632
1988
2794
4379
5489
4578
2743
1973
1657
511
-1359
-2538
-1929
-489
522
1132
34
-3617
-6658
-6896
-6703
-8190
-9065
-5953
66
5113
7606
8127
8069
8431
8446
6121
1716
-1658
-1487
459
652
-1128
-2230
-1708
-1236
-2761
-6064
-8682
-8436
-6078
-3427
-1190
1243
4380
7567
9192
8257
4813
767
-1644
-3021
-4852
-6385
-6364
-4227
-974
1345
1626
869
1031
1904
1647
51
-1018
-118
2068
3686
4246
4170
4179
4101
3145
1233
-796
-1835
-1652
-1013
-358
480
871
-822
-4385
-6994
-7560
-7822
-8853
-8428
-4484
1532
6371
8515
8903
9326
9693
8374
4718
360
-2006
-1610
-576
-954
-2219
-2563
-1772
-1787
-3991
-7089
-8409
-7210
-4949
-2762
-489
2349
5564
8240
8949
7140
4265
1884
5
-2791
-6286
-7711
-6243
-3688
-1765
-1119
-362
1707
3399
2946
1013
128
1424
3121
3517
3074
2753
3170
3552
2523
531
-560
-251
545
745
580
897
1264
-369
-4178
-7686
-8900
-8617
-8685
-8392
-5458
-214
4907
7915
8636
8551
8569
7871
5507
1926
-854
-1381
-615
-556
-1462
-2217
-2288
-2665
-4044
-5805
-6991
-7063
-5486
-2534
327
2367
4434
6655
7764
6067
2671
-5
-1858
-3511
-4343
-4404
-3611
-1717
762
2403
2207
1146
828
682
-303
-1542
-1400
321
2398
3980
4736
4471
3905
3430
2332
372
-1098
-1069
200
1432
1810
1211
-899
-4131
-6819
-8385
-9699
-10638
-9464
-5059
723
5308
7840
9360
10454
10389
8213
4384
545
-1594
-1852
-1419
-1795
-2370
-1951
-1126
-1932
-4546
-7031
-7730
-7151
-5870
-3727
-588
2819
5879
7918
8189
6457
4033
1745
-458
-2794
-5060
-5733
-4333
-2462
-956
-95
246
827
1473
1437
632
80
1072
3183
4759
4678
3631
3131
2892
1810
-179
-1567
-1216
339
1851
2265
1941
985
-1886
-5698
-8489
-10065
-10886
-10437
-7611
-2488
3097
7496
9762
10444
10493
9687
6904
2511
-1113
-2126
-1511
-1328
-2198
-2720
-2136
-1751
-3183
-5998
-7958
-7584
-5703
-3568
-1518
1053
4583
7572
7903
5628
2898
1022
-628
-2789
-4547
-4515
-2706
-473
1039
1424
1070
801
590
-381
-1842
-2066
-324
2169
4084
5132
5838
5966
4998
3210
997
-1042
-1915
-1365
-273
643
1294
717
-1664
-4592
-6737
-8510
-10466
-11155
-8642
-3707
1592
5930
9187
11212
11804
10835
8124
3658
-637
-2595
-2447
-2368
-2908
-2899
-1919
-1639
-3123
-5583
-7334
-7832
-6874
-4596
-1516
1479
4015
6388
7915
6991
4026
977
-1120
-2542
-3512
-3715
-2919
-1136
785
1876
1610
428
-806
-1426
-1598
-1197
91
2381
4905
6775
7541
7215
5729
3387
755
-1195
-2086
-2284
-1809
-1375
-2054
-3433
-4353
-5048
-6688
-8738
-9021
-6759
-3167
362
3484
6499
9357
11290
10975
7851
3681
881
-445
-2021
-4038
-4681
-3406
-1904
-1865
-3337
-5093
-6091
-6285
-5698
-4445
-2413
742
4038
6438
7249
6336
4961
3269
596
-1994
-3341
-3405
-3033
-2473
-1397
-203
265
-124
-752
-913
-486
404
1389
2856
4789
6602
7552
7100
5558
3880
2308
738
-1078
-2252
-2750
-3666
-5113
-6036
-6271
-6726
-7537
-7164
-5319
-2587
240
2739
4935
6890
8176
8158
6450
4024
2001
682
-530
-1821
-2735
-2781
-2454
-2632
-3711
-4881
-5565
-5614
-5113
-4396
-3271
-1044
1971
4688
5921
5911
5630
5100
3598
1292
-857
-2075
-2501
-2566
-2666
-2897
-2998
-2400
-1427
-624
94
1100
2714
4408
5341
5693
5759
5400
4796
4000
3011
1721
851
99
-1784
-4410
-6278
-7022
-7508
-8273
-8040
-6168
-2996
410
2989
4644
5930
6881
6796
4959
2121
-89
-865
-974
-1352
-1594
-1224
-608
-745
-2093
-4078
-5788
-6320
-5605
-4291
-2624
-146
2974
4864
5072
4846
4266
3079
1254
-509
-1101
-735
-335
-134
-85
-137
-338
-842
-1764
-2589
-2754
-1778
21
1679
3480
5466
6779
6866
5711
4178
2799
1213
122
-602
-2044
-3421
-3782
-3757
-4443
-5871
-6376
-5173
-3186
-1237
582
2544
4734
6628
7064
5512
2929
767
-696
-2189
-3907
-4572
-3879
-2643
-1880
-1991
-2540
-2951
-3392
-3944
-3969
-3178
-1329
1446
4133
5754
6481
6581
5847
3823
1028
-1324
-2674
-3290
-3245
-2769
-2055
-1242
-217
794
805
-216
-520
213
1021
1215
1559
2751
4302
5236
5259
4505
3672
2672
601
-2433
-4993
-6089
-6242
-6232
-5887
-4418
-1800
1013
2846
3542
3838
4430
4731
3916
2261
809
260
65
-760
-1926
-2842
-3307
-3764
-4650
-5494
-6007
-6132
-5524
-4175
-2208
78
2304
4391
6036
6821
6769
5843
4296
2611
1280
87
-1174
-2234
-2566
-2379
-1988
-1494
-1135
-858
-338
296
1006
1371
1594
2038
2385
2602
2734
2344
1814
1347
507
-742
-2024
-2900
-3293
-3596
-3865
-3727
-2921
-1319
343
1423
2234
3420
4476
4819
4160
3029
2215
1607
481
-962
-2440
-3291
-3768
-4413
-5172
-5990
-6594
-6311
-5160
-3581
-2127
-496
1899
4362
5810
5949
5422
4704
3925
2902
1474
-36
-804
-528
219
456
268
140
353
320
-343
-1198
-1601
-1269
-120
1080
2019
2641
3117
3613
2923
398
-2248
-3807
-4417
-4985
-5465
-4757
-2614
18
2062
3000
3355
3655
3684
2853
1346
-114
-703
-216
392
411
368
666
769
-46
-1933
-4168
-5806
-6379
-5876
-4838
-3631
-1803
889
3389
4189
3515
2656
2021
1102
17
-737
-832
-83
1544
3017
3679
3624
3394
3000
1873
-14
-1277
-1608
-1418
-740
213
1197
2060
2472
2490
1427
-706
-2486
-3606
-4280
-4611
-4359
-3268
-1607
110
1554
2032
1933
1859
1982
1582
905
412
495
819
761
44
-705
-1442
-2151
-2959
-3721
-3946
-3405
-2833
-1727
26
1529
2443
2835
2760
2416
1707
811
-85
-882
-1137
-749
-446
-540
-458
291
1177
1214
898
1462
2317
2702
2564
2138
2001
2069
1730
985
199
55
71
-693
-1749
-2385
-2483
-2604
-2989
-3230
-2711
-1450
-76
640
1177
2023
2893
2899
2050
920
177
-169
-706
-1671
-2440
-2561
-2401
-2861
-3868
-4280
-3728
-2678
-1664
-892
245
2041
3674
4259
3925
3555
3457
3172
2237
864
-206
-511
-285
-282
-664
-942
-828
-445
-235
-407
-553
-133
715
1622
2160
2201
2195
2361
2335
1289
-729
-2243
-2546
-2447
-2701
-2986
-2620
-1465
-93
759
885
791
1120
1812
2064
1567
870
832
1246
888
-334
-1586
-2414
-2939
-3914
-5007
-5321
-4784
-3680
-2385
-1239
52
1541
2959
3674
3565
3129
2926
2600
1762
819
500
817
1322
1697
1918
2002
2001
1817
1201
-114
-1397
-1868
-1583
-1212
-970
-330
977
2167
2061
774
-662
-1670
-2364
-3075
-3865
-3954
-2697
-471
1287
1818
2064
2700
3104
2476
1016
-450
-1077
-1019
-931
-1089
-1348
-1119
-367
-226
-1078
-2021
-2395
-2299
-2121
-2042
-1703
-707
538
1424
1526
1232
1093
1036
751
440
390
1080
2152
2907
3147
3062
2773
2250
1251
-11
-856
-984
-550
112
706
1272
1943
1874
779
-698
-1915
-2677
-3188
-3612
-3330
-2389
-1103
-173
94
259
537
504
137
-262
-584
-593
-353
-216
-357
-611
-721
-685
-895
-1218
-1252
-904
-437
-42
379
929
1405
1643
1619
1331
905
488
172
-14
-99
-9
470
920
1194
1329
1411
1546
1394
980
651
442
426
483
551
602
562
525
58
-863
-1744
-2087
-2016
-2094
-2135
-1407
-63
910
1123
1131
1370
1306
654
-329
-1228
-1854
-2073
-2257
-2621
-2870
-2563
-1889
-1573
-1693
-1549
-773
31
495
897
1614
2404
2868
2766
2330
1815
1460
1019
503
186
525
1070
1500
1683
1666
1610
1319
565
-283
-888
-973
-616
-361
122
868
1592
1841
1219
15
-946
-1705
-2357
-2998
-3226
-2575
-1271
-258
241
529
683
701
270
-502
-1113
-1327
-1233
-913
-671
-334
-50
102
-41
-506
-1127
-1512
-1742
-1878
-1593
-989
-245
479
1107
1525
1666
1502
1377
1398
1623
1924
2182
2575
3088
3391
3145
2354
1455
592
-334
-1098
-1609
-1602
-1122
-431
110
24
-389
-647
-857
-1357
-1836
-1854
-1241
-379
462
945
1242
1327
1163
513
-525
-1681
-2482
-2930
-3279
-3487
-3319
-2738
-2062
-1557
-1127
-677
-134
613
1257
1772
2178
2641
3158
3241
2589
1637
897
382
-268
-782
-920
-690
-93
637
1216
1409
1363
1558
1722
1469
1125
1062
1313
1560
1658
1442
890
-46
-889
-1528
-2376
-3156
-3512
-3199
-2255
-1352
-773
-129
710
1440
1548
939
84
-563
-1035
-1528
-2165
-2596
-2297
-1636
-1132
-982
-1051
-1012
-764
-670
-932
-1183
-931
-240
493
821
1129
1768
2627
3283
3328
2963
2893
3085
3182
2857
2234
1845
1692
1376
731
-247
-1013
-1298
-1258
-1438
-1766
-1806
-1448
-913
-741
-810
-754
-493
-198
90
119
156
303
519
491
132
-637
-1434
-2125
-2789
-3344
-3526
-3385
-2862
-1970
-815
136
602
916
1355
1561
1243
779
467
589
858
969
1018
1125
1303
1273
873
239
-298
-567
-575
-397
-70
646
1756
2678
3344
3707
3864
3675
2878
1834
800
-62
-826
-1202
-1440
-1493
-1359
-1231
-1443
-1907
-2544
-2778
-2922
-2919
-2723
-2066
-1142
-364
14
55
-38
-240
-595
-1038
-1439
-1416
-987
-571
-293
-132
166
365
376
115
27
180
478
841
1299
1692
2057
2324
2344
2009
1523
1175
1077
1095
1154
1371
1590
1683
1576
1089
190
-801
-1638
-2150
-2486
-2433
-1769
-699
618
1699
2358
2672
2451
1811
824
-243
-1195
-1751
-2051
-2159
-2236
-2228
-2425
-2799
-3351
-3640
-3807
-3616
-3054
-2058
-753
642
1799
2563
2817
2758
2553
2092
1325
597
353
605
1023
1244
1259
1317
1446
1243
699
111
-183
63
482
868
1080
1262
1481
1326
690
-84
-643
-864
-890
-703
-347
114
506
665
585
104
-546
-1178
-1688
-2074
-2248
-2061
-1533
-999
-403
43
283
145
-110
-462
-792
-1098
-1274
-1129
-809
-398
-4
82
-176
-482
-685
-775
-883
-796
-177
823
1857
2628
2926
3023
2997
2825
2321
1477
872
904
1016
786
195
-162
-290
-695
-1525
-2290
-2439
-1982
-1378
-843
-190
628
1465
1769
1363
476
-207
-637
-1034
-1550
-1668
-1239
-448
100
234
33
-150
-338
-720
-1401
-1739
-1465
-805
-176
116
477
937
1232
1064
476
-134
-343
-224
-108
-73
226
876
1536
1736
1494
1002
623
215
-293
-827
-948
-555
84
599
969
1272
1491
1471
1003
375
-117
-312
-479
-659
-907
-844
-794
-909
-1335
-1792
-1988
-1797
-1648
-1412
-994
-197
592
1044
1159
1145
1071
1022
900
491
123
64
280
451
275
-115
-196
-93
-185
-513
-779
-770
-356
-10
166
222
401
820
1017
738
418
252
216
204
36
-44
121
315
482
568
403
150
-76
-310
-621
-1007
-1236
-1066
-846
-689
-478
-222
102
317
304
236
105
-14
-31
-129
-272
-274
-132
29
-59
-263
-293
-170
-3
132
242
465
839
1152
1291
1158
932
812
583
298
39
-235
-235
-235
-278
-314
-449
-566
-647
-943
-1165
-1108
-842
-452
-42
342
941
1374
1306
914
350
-79
-358
-705
-990
-976
-676
-262
-107
-288
-517
-604
-663
-697
-885
-837
-301
433
981
1194
1165
1258
1397
1233
650
60
-103
143
214
12
-168
-107
178
319
55
-249
-252
80
470
440
262
384
693
715
222
-540
-827
-802
-896
-1106
-1246
-1000
-384
45
53
-165
-263
-184
-276
-735
-986
-864
-468
-57
196
381
662
923
944
598
198
38
143
151
-7
-49
65
328
410
136
-191
-264
-163
-3
-152
-312
-136
367
844
892
666
685
959
1085
803
249
-43
125
311
121
-292
-490
-315
-130
-409
-1006
-1327
-1083
-729
-708
-837
-659
-82
327
317
-3
-213
-143
-31
-129
-350
-417
-32
427
504
262
45
28
52
-254
-618
-671
-368
260
772
943
1096
1330
1413
1181
599
81
-139
-191
-219
-275
-329
-239
-113
-158
-425
-794
-959
-918
-842
-753
-493
6
636
1023
1055
859
595
315
-21
-513
-833
-797
-523
-153
37
49
47
-68
-268
-540
-827
-761
-396
115
601
1013
1403
1679
1480
949
370
-173
-502
-715
-872
-693
-273
196
458
418
281
169
87
-57
-228
-244
-3
374
610
607
557
507
347
0
-452
-775
-892
-944
-961
-956
-846
-655
-569
-631
-713
-726
-657
-535
-454
-340
-35
304
542
616
575
654
715
643
540
442
445
584
673
594
391
247
267
261
132
-29
28
245
450
519
453
391
466
536
395
70
-236
-281
-243
-499
-771
-855
-676
-314
-258
-315
-202
-22
185
118
-182
-320
-243
-220
-286
-525
-622
-399
-298
-398
-602
-777
-745
-735
-856
-855
-691
-347
140
484
667
847
928
930
795
443
243
281
420
625
806
993
1174
1218
1063
827
538
236
54
-72
-4
160
207
251
227
156
31
-205
-419
-533
-552
-431
-405
-424
-427
-493
-633
-837
-1107
-1247
-1310
-1208
-940
-700
-399
-76
123
221
204
57
-37
-141
-192
-77
42
221
440
484
511
401
106
-168
-397
-516
-339
-73
260
636
978
1350
1515
1314
1053
900
799
781
700
736
913
1090
1133
905
407
-6
-296
-556
-872
-1097
-1021
-715
-473
-434
-592
-782
-942
-1174
-1451
-1683
-1654
-1273
-813
-433
-157
12
147
75
-303
-673
-885
-911
-699
-367
60
582
1014
1244
1278
1020
622
209
-153
-337
-296
-69
344
768
1122
1376
1429
1268
935
588
320
219
275
382
565
828
997
1006
727
350
50
-231
-529
-734
-816
-723
-557
-474
-519
-655
-824
-884
-991
-1131
-1177
-1107
-921
-731
-597
-549
-558
-592
-551
-457
-388
-215
129
482
691
712
626
518
342
67
-160
-275
-232
12
289
480
620
811
923
827
592
426
423
486
511
656
877
1105
1213
1037
742
403
-1
-315
-558
-702
-615
-404
-146
20
18
-20
-157
-494
-778
-957
-1049
-1065
-963
-781
-576
-555
-575
-585
-679
-769
-748
-641
-361
26
416
675
782
836
894
714
298
-25
-117
-52
12
-1
121
375
566
713
671
523
462
408
304
156
8
-3
69
75
112
188
211
231
241
165
75
-32
-63
-23
-54
-76
-46
-28
-93
-243
-476
-733
-932
-1058
-1093
-1056
-905
-547
-161
159
369
411
357
272
97
-132
-338
-402
-243
-31
59
174
315
392
380
216
82
116
213
350
515
676
965
1118
1017
839
575
319
50
-274
-416
-340
-245
-147
-66
-44
-17
-59
-295
-512
-638
-613
-449
-347
-243
-5
230
349
280
28
-111
-196
-349
-527
-683
-688
-531
-506
-602
-716
-752
-619
-447
-335
-213
68
568
1005
1127
1031
992
1017
946
710
325
151
238
321
264
-12
-224
-239
-173
-244
-419
-483
-153
387
737
802
753
763
796
611
205
-186
-408
-391
-295
-366
-573
-702
-689
-655
-760
-944
-957
-757
-456
-159
13
106
215
308
223
-31
-335
-491
-482
-428
-340
-163
23
232
423
469
412
293
192
132
155
275
471
681
871
996
1014
840
549
220
-79
-261
-401
-462
-445
-413
-353
-329
-427
-544
-598
-575
-461
-336
-158
85
288
445
539
543
468
358
234
174
156
103
38
-3
-63
-122
-294
-523
-625
-626
-527
-390
-273
-100
81
157
155
55
-90
-118
-86
16
107
187
339
468
438
296
142
47
16
8
68
178
350
538
637
561
368
146
-60
-271
-473
-566
-521
-402
-291
-237
-250
-349
-495
-653
-769
-789
-710
-475
-154
190
479
718
819
760
608
481
432
415
394
494
710
893
865
625
261
-129
-525
-880
-1142
-1241
-1078
-699
-342
-135
-43
25
41
-103
-258
-296
-140
130
441
663
756
736
658
385
-55
-469
-587
-489
-325
-177
60
364
584
551
287
-40
-304
-447
-523
-521
-421
-183
106
278
247
77
-121
-299
-519
-681
-689
-526
-242
116
457
704
791
732
625
459
283
142
114
246
422
557
620
547
335
33
-352
-749
-1039
-1192
-1179
-973
-650
-296
25
309
521
578
498
364
270
262
257
228
254
340
404
383
196
-69
-346
-543
-633
-679
-678
-518
-169
201
439
496
464
390
271
102
-115
-325
-383
-258
-141
-126
-198
-234
-217
-282
-473
-640
-633
-383
-66
182
391
624
862
949
794
452
183
99
89
-4
-63
32
226
338
212
-16
-196
-306
-392
-461
-469
-286
22
250
314
286
282
240
94
-143
-283
-251
-115
-7
34
70
116
112
24
-162
-309
-265
-152
-73
-24
91
288
347
176
-99
-339
-461
-511
-573
-577
-459
-152
171
298
221
137
133
125
-14
-172
-132
139
452
614
604
555
518
428
174
-184
-380
-278
-49
105
187
320
519
557
345
-42
-358
-501
-581
-669
-686
-551
-255
35
152
114
44
9
-42
-210
-391
-404
-208
20
141
177
231
254
146
-80
-319
-442
-386
-226
-61
90
305
487
503
346
139
5
-61
-96
-77
39
217
421
534
491
342
218
123
3
-146
-212
-133
-1
106
102
32
-15
-24
-98
-214
-300
-256
-79
58
121
192
272
289
192
-41
-296
-477
-580
-636
-681
-661
-475
-237
-62
20
48
132
246
275
239
209
228
315
374
335
219
96
46
-40
-222
-421
-471
-379
-219
-110
-4
184
406
603
654
561
442
392
329
180
-5
-107
-73
-44
-80
-111
-123
-101
-113
-172
-272
-329
-326
-295
-285
-265
-183
-87
-71
-81
-96
-98
-141
-198
-174
-79
34
132
217
254
249
218
147
20
-85
-100
-14
79
141
218
291
312
247
136
46
-22
-63
-79
-73
-42
15
52
30
-58
-161
-207
-233
-270
-282
-230
-101
42
151
206
264
319
323
261
165
116
91
-21
-183
-296
-345
-411
-500
-575
-553
-433
-270
-112
49
210
387
501
466
376
266
200
138
95
96
175
273
348
339
266
150
-32
-208
-337
-368
-328
-222
-53
137
275
349
318
205
38
-126
-245
-330
-334
-241
-134
-82
-54
-32
-54
-166
-307
-364
-334
-251
-119
30
165
284
363
343
209
58
-23
-65
-131
-193
-168
-72
-10
-45
-84
-79
-59
-32
-8
45
178
364
509
565
565
583
550
403
181
1
-60
-77
-130
-193
-201
-166
-149
-237
-358
-417
-394
-340
-312
-273
-142
18
125
111
43
-5
-43
-92
-162
-192
-136
-28
57
65
-16
-99
-138
-162
-219
-266
-207
-39
140
250
293
309
308
277
206
104
50
93
180
226
198
158
155
153
86
-10
-63
-34
80
188
259
291
328
362
318
178
-10
-150
-219
-262
-351
-418
-407
-364
-379
-466
-555
-592
-583
-532
-470
-386
-219
-3
208
332
356
364
377
342
230
119
60
49
62
62
48
40
57
61
10
-60
-91
-75
-40
-6
64
172
263
322
368
355
287
213
150
94
30
11
28
43
54
59
38
-16
-72
-125
-175
-221
-235
-164
-83
-49
-47
-29
-27
-72
-158
-234
-291
-313
-306
-293
-286
-258
-172
-114
-79
-56
-6
64
119
162
224
270
318
371
420
447
450
407
352
280
195
112
-5
-105
-158
-166
-170
-170
-187
-182
-154
-132
-114
-112
-105
-94
-68
-37
-15
-1
15
30
28
2
-57
-113
-141
-156
-190
-222
-210
-147
-84
-49
-3
61
133
169
139
111
117
169
201
179
152
174
183
104
-33
-149
-192
-192
-197
-185
-87
83
232
282
272
281
293
237
123
34
44
85
78
38
16
6
-45
-159
-315
-452
-502
-498
-500
-504
-456
-326
-190
-141
-130
-89
-8
66
107
157
239
339
388
357
264
185
112
18
-91
-160
-138
-48
47
98
131
189
254
263
220
185
204
258
311
332
324
304
265
194
56
-104
-206
-252
-281
-310
-294
-216
-139
-105
-103
-117
-131
-132
-130
-136
-129
-110
-79
-69
-119
-185
-246
-311
-367
-404
-411
-380
-317
-218
-111
-27
51
143
233
296
318
341
399
436
449
430
396
368
314
232
127
22
-53
-93
-105
-92
-70
-9
68
150
209
222
219
240
261
244
195
143
124
84
17
-97
-201
-260
-316
-402
-490
-526
-506
-479
-492
-502
-474
-389
-293
-227
-166
-84
18
108
141
135
138
153
173
175
170
184
203
228
236
203
168
144
142
149
152
163
195
244
296
314
289
251
230
216
165
84
9
-58
-126
-186
-242
-313
-355
-334
-294
-259
-232
-175
-91
-23
-1
-24
-44
-33
-29
-62
-98
-110
-104
-125
-189
-244
-268
-303
-350
-382
-355
-285
-198
-101
19
152
270
367
412
425
424
418
407
387
372
380
400
378
308
249
183
82
-21
-110
-144
-157
-153
-120
-65
-5
39
71
96
93
68
61
28
-12
-43
-95
-163
-242
-335
-416
-477
-527
-546
-530
-470
-372
-271
-169
-67
17
87
152
170
165
189
215
228
219
194
192
182
147
87
24
2
33
72
97
149
235
328
381
381
362
362
371
355
311
252
220
186
102
-28
-172
-277
-352
-403
-449
-467
-445
-389
-319
-272
-242
-211
-172
-134
-104
-75
-47
-35
-18
-23
-52
-120
-197
-245
-290
-325
-328
-284
-193
-83
24
128
219
293
341
360
359
357
365
389
413
428
433
410
367
277
157
37
-62
-140
-185
-202
-186
-117
-38
2
0
-20
-31
-51
-81
-96
-95
-65
-33
-8
-14
-48
-103
-171
-264
-343
-367
-343
-296
-246
-172
-101
-34
9
12
7
13
65
131
173
196
233
268
256
170
48
-34
-87
-120
-143
-130
-56
60
160
207
219
234
247
223
161
118
149
205
235
219
180
147
96
-22
-182
-329
-409
-427
-441
-459
-427
-332
-239
-194
-207
-211
-169
-119
-99
-84
-25
74
165
195
178
155
145
121
57
-14
-27
29
96
148
198
265
318
347
342
322
307
290
266
237
211
173
125
67
-13
-98
-174
-231
-274
-290
-279
-245
-204
-158
-105
-40
16
34
46
49
44
27
-12
-75
-142
-188
-228
-286
-355
-374
-351
-319
-301
-286
-232
-163
-104
-52
-9
50
138
224
281
316
340
357
355
325
278
215
170
140
115
92
63
54
72
71
46
29
36
56
84
85
77
89
111
108
51
-25
-69
-77
-96
-142
-183
-186
-180
-185
-209
-240
-253
-232
-203
-179
-142
-83
-10
37
33
9
-1
-17
-50
-97
-125
-122
-79
-48
-24
0
44
113
147
156
173
204
234
244
235
234
228
208
167
110
57
24
1
-17
-39
-52
-53
-41
-38
-72
-106
-118
-122
-126
-127
-109
-64
-7
19
12
0
-18
-45
-96
-144
-158
-128
-78
-35
3
37
64
55
15
-21
-48
-55
-41
-27
4
53
101
129
124
110
116
134
141
141
178
235
261
277
284
269
225
141
41
-34
-98
-168
-224
-238
-234
-226
-219
-214
-201
-186
-171
-139
-111
-104
-67
-30
-22
-30
-49
-77
-107
-147
-169
-176
-188
-178
-143
-93
-58
-29
10
47
71
101
125
142
170
187
193
178
141
101
58
9
-41
-62
-61
-26
20
54
95
145
187
191
163
133
132
140
128
107
98
129
143
115
60
8
-22
-59
-114
-167
-185
-143
-89
-84
-94
-79
-44
-35
-77
-143
-166
-152
-130
-126
-124
-97
-37
3
-14
-48
-54
-29
-27
-64
-106
-91
-40
4
5
-5
41
103
141
131
115
122
152
153
104
60
39
27
6
-49
-105
-121
-108
-89
-78
-45
17
93
157
198
212
231
257
240
188
152
121
87
54
1
-38
-63
-89
-118
-151
-172
-174
-183
-190
-179
-160
-133
-118
-93
-46
-6
17
33
31
18
5
-6
-17
-34
-38
-16
12
21
22
34
31
22
7
3
12
33
64
97
106
96
97
104
85
32
-6
-15
-41
-82
-114
-130
-129
-126
-118
-107
-82
-52
-14
21
33
42
62
76
65
29
9
-1
-18
-37
-45
-41
-35
-17
-3
6
-9
-14
-5
4
3
16
48
74
86
105
120
107
84
48
21
6
-13
-27
-25
-9
22
44
41
39
46
30
-11
-42
-39
-32
-29
-14
25
69
76
69
55
30
7
-17
-58
-83
-79
-53
-35
-40
-53
-76
-88
-122
-166
-178
-152
-113
-73
-39
18
101
148
148
127
114
102
75
34
-3
-15
-7
-13
-35
-47
-43
-28
-9
-15
-16
6
40
67
68
58
54
58
52
34
7
-4
11
24
26
9
-6
-15
-30
-60
-79
-81
-66
-20
25
54
85
98
90
58
9
-33
-61
-83
-91
-60
-36
-20
-16
-17
-42
-83
-112
-125
-117
-100
-68
-31
12
42
45
30
21
18
21
20
22
29
55
88
98
81
32
4
-1
-15
-65
-103
-78
-20
21
37
50
65
84
77
49
16
6
11
19
11
2
13
9
-15
-57
-93
-112
-108
-97
-74
-44
4
67
113
135
136
124
102
92
62
22
9
18
31
36
21
15
16
-5
-23
-49
-66
-63
-49
-30
-19
-10
1
1
-11
-35
-51
-38
-23
-17
-10
11
31
37
10
-5
-4
-22
-50
-58
-50
-37
-25
-31
-34
-36
-36
-38
-48
-50
-31
-13
4
16
29
39
42
31
19
13
19
38
46
59
69
74
70
56
25
12
22
20
18
31
42
56
64
44
12
-22
-47
-58
-66
-72
-72
-29
26
55
76
90
101
89
73
38
-1
-35
-60
-89
-106
-113
-120
-109
-107
-111
-102
-95
-96
-99
-89
-66
-42
-18
4
35
61
83
82
71
54
38
35
36
29
21
30
46
56
51
39
33
34
18
-6
-17
-25
-22
-18
-19
-5
16
30
21
-10
-29
-35
-44
-59
-62
-46
-21
11
16
26
36
32
20
0
-12
-15
-11
-14
-7
2
6
1
-6
-17
-32
-33
-24
-25
-16
1
17
30
16
16
22
9
-13
-23
-15
7
24
31
50
68
84
87
80
67
59
56
55
34
13
20
20
-7
-35
-43
-50
-59
-68
-72
-56
-40
-35
-24
-31
-37
-30
-29
-36
-37
-28
-18
-4
5
7
1
-1
-3
-14
-10
-2
15
33
54
74
94
107
109
101
78
64
67
74
66
46
38
36
33
6
-23
-51
-66
-51
-38
-38
-44
-25
-10
-11
-22
-34
-46
-50
-75
-105
-109
-108
-98
-78
-76
-65
-39
-25
-19
-21
-20
-13
-15
-16
-9
-3
4
-8
-7
2
7
3
-10
1
18
38
52
54
49
72
88
73
49
38
48
36
14
5