-2
1
-4
-7
-2
-3
-4
-1
-6
-5
2
1
-1
-3
-1
0
-2
0
3
2
-1
-2
-6
-7
-5
-7
-6
-6
-6
-5
-1
-5
-4
-2
-2
4
1
2
0
-1
3
6
8
4
5
8
4
2
1
-4
-2
3
1
0
-1
3
5
0
0
1
2
3
-1
-1
-2
-4
1
0
-3
0
-2
2
1
-1
-1
4
3
1
1
1
4
3
3
3
5
4
8
6
5
4
7
8
2
6
12
7
2
3
1
4
5
0
-2
3
6
1
1
-2
-2
2
3
2
1
7
4
0
-2
-1
-5
-1
-5
-8
-4
-1
-2
4
6
1
-1
0
3
-3
-2
-8
-8
-7
-1
-4
-3
2
2
2
4
3
-5
-5
0
5
4
0
-1
-1
1
-2
-9
-12
-12
-8
-1
-1
-4
-1
1
3
0
-3
-7
-4
-1
3
-1
0
3
1
3
0
-2
0
1
5
4
8
7
5
5
9
6
6
4
1
-3
-5
-12
-17
-5
-4
-12
-9
2
0
2
-3
3
10
8
5
12
8
6
8
3
5
1
-5
-12
-13
-12
-14
-24
-13
1
-9
-13
0
6
-5
-8
-5
0
-10
-9
-8
-8
-18
-10
-9
-5
0
-3
8
12
21
27
23
26
28
32
32
28
35
26
23
4
4
5
0
5
8
9
20
29
22
34
31
14
10
21
12
-4
-12
-19
-15
-24
-31
-36
-36
-41
-40
-36
-34
-26
-21
-19
-26
-12
-10
-6
-8
-23
-18
-24
-19
-20
-24
-29
-6
-2
-7
0
21
20
25
46
34
33
34
16
14
12
7
7
-1
3
9
14
10
4
5
9
2
3
-4
1
2
9
11
5
15
2
-5
6
2
-19
-18
-22
-20
-9
-17
-20
-21
-16
-26
-34
-35
-31
-35
-38
-38
-34
-37
-40
-22
-14
-10
-4
8
18
27
31
31
35
35
42
44
55
52
44
44
49
35
21
15
18
29
17
12
19
24
24
37
32
23
4
0
-2
-13
-33
-51
-50
-36
-31
-27
-12
-5
17
35
43
54
63
68
61
52
53
34
13
-7
-8
-36
-49
-57
-59
-47
-50
-35
-21
-16
-6
4
3
4
14
3
2
4
-18
-26
-50
-45
-81
-81
-99
-118
-128
-110
-125
-120
-83
-62
-30
-10
13
28
51
54
79
97
95
81
92
127
111
86
66
91
54
27
9
4
7
14
0
-29
-21
-27
-15
-23
-24
-63
-44
-3
12
8
32
33
2
17
-7
-30
-55
-64
-83
-87
-78
-66
-63
-57
-37
-18
12
14
47
55
93
122
152
181
167
175
180
186
131
110
109
66
37
6
-5
-22
-38
-54
-42
-28
-55
-64
-53
-46
-83
-78
-102
-138
-204
-197
-210
-304
-362
-383
-429
-501
-484
-451
-400
-380
-291
-206
-101
-50
77
155
244
314
388
459
530
581
586
630
617
612
551
521
468
409
275
217
191
115
36
11
-35
-79
-100
-153
-171
-185
-229
-259
-261
-285
-343
-346
-323
-319
-320
-263
-266
-280
-241
-195
-167
-165
-124
-119
-59
-5
19
33
38
84
75
95
69
131
74
108
139
140
120
154
135
107
161
140
157
162
220
223
310
308
333
332
332
287
215
162
58
2
-76
-219
-325
-339
-329
-403
-411
-353
-324
-331
-324
-239
-223
-178
-142
-109
-121
-123
-86
-65
-65
-107
-41
-62
17
70
74
92
161
209
149
164
148
181
156
144
55
7
15
40
-10
-109
-128
-127
-82
-93
-121
-130
-87
-35
20
20
-18
-71
19
72
21
-47
-62
-52
-75
32
-11
-92
-107
-42
-40
-104
-164
-193
-193
-218
-145
-104
-156
-140
-10
19
38
226
311
343
450
554
515
534
587
514
399
353
329
287
185
49
12
99
-23
-150
-96
-104
-230
-221
-67
-117
-212
-201
-53
105
110
38
90
221
110
82
77
92
-73
-80
-27
40
5
3
13
-12
-58
-191
-284
-535
-629
-889
-856
-890
-819
-994
-838
-676
-756
-808
-793
-643
-591
-382
-458
-322
-33
385
682
885
1028
1376
1667
1727
1595
1456
1355
1262
1199
1158
1018
805
797
847
828
455
168
169
95
-140
-338
-218
-283
-356
-195
-76
-68
-60
174
228
330
230
60
-157
-140
-548
-692
-950
-1102
-1735
-1840
-2237
-2899
-3426
-3605
-3977
-4825
-4538
-4597
-4469
-4365
-3210
-2670
-1983
-1164
-224
270
1196
1871
2215
2774
3408
3667
4460
5594
6342
6792
8247
9199
10009
10195
10096
9357
8550
7046
4876
2493
-211
-2768
-4914
-6156
-7600
-8918
-9220
-8349
-7456
-6770
-5830
-4606
-3527
-3033
-2544
-2419
-2701
-3058
-2983
-2686
-2550
-2618
-2039
-819
328
1205
2153
3200
3876
4286
4273
4014
3089
1650
174
-1433
-3252
-5559
-7006
-7972
-8524
-8952
-8218
-6753
-4414
-1607
1703
4997
8357
11080
13798
15771
16644
15721
14717
13565
11169
7525
4612
2218
-477
-2396
-3274
-3980
-4608
-4245
-3370
-2920
-3318
-3507
-3556
-4006
-5429
-7090
-8298
-9387
-10602
-11168
-10503
-9586
-8805
-6887
-3808
-762
1350
3845
6401
8254
8705
9562
9163
6978
4492
2606
-268
-4486
-7231
-9755
-11537
-12655
-11949
-11302
-9503
-6091
-1398
2865
6286
10129
14159
17087
18300
19422
18957
16545
14773
13515
9748
5116
3430
1177
-1369
-2775
-2561
-4414
-4505
-3688
-3180
-4009
-4336
-5659
-6583
-7109
-9128
-12090
-13148
-13378
-14383
-13767
-12008
-10592
-9055
-5280
-1096
1784
4205
6833
9609
11053
11875
10556
8733
6039
3605
239
-3156
-6858
-10370
-12222
-12660
-12120
-12142
-10314
-6854
-2142
1975
6170
10119
13514
16513
19031
20570
20229
17861
16178
15212
12746
7952
5253
3488
819
-1293
-1110
-2377
-4197
-3931
-2981
-3906
-5149
-6545
-8147
-8939
-10337
-12943
-14547
-14692
-15489
-15093
-12652
-10919
-9622
-6539
-1401
1837
4221
6540
9868
10662
10289
9933
8594
4593
313
-1098
-4302
-8297
-11848
-12287
-13165
-12967
-11508
-8716
-5589
-2228
2848
7997
12691
15135
18525
21848
24447
23086
20768
19921
18316
13754
8550
7409
3907
-898
-2794
-576
-3425
-6618
-5286
-3502
-6092
-7923
-7399
-9008
-11571
-13046
-14059
-16090
-17056
-17777
-16966
-14389
-12714
-11331
-7121
-1745
144
2704
7272
9158
8165
8928
9752
5866
1972
849
-1198
-5826
-8833
-9417
-10799
-11729
-10833
-8306
-5894
-2700
1444
6427
11554
15360
18720
22146
26161
26410
23725
22653
22786
18309
11258
9866
7388
1096
-2845
36
-2093
-7213
-6760
-3352
-5651
-8382
-7339
-8420
-11166
-12403
-13316
-16121
-17306
-18351
-18944
-16786
-14060
-13981
-11614
-5487
-1874
-631
3146
6757
6218
6894
8453
6302
2000
1105
-164
-3777
-7177
-8451
-10067
-10816
-9774
-8780
-7121
-4246
851
4815
9622
14241
18516
21890
25853
29507
26809
24634
24277
23995
15347
10669
8992
4699
-2056
-2061
-470
-6435
-8589
-5194
-3392
-8175
-7686
-7150
-9868
-11819
-11986
-14587
-18154
-17860
-19254
-18676
-16170
-14374
-15077
-9931
-3980
-3187
-1895
3276
5612
3184
4913
6927
4290
-242
148
-363
-4525
-7503
-7678
-8331
-9774
-8362
-6563
-3928
-846
3959
8366
14294
18844
22360
25974
31432
31255
26906
26223
27342
20475
10994
10339
7566
-1130
-5969
-1045
-5276
-12041
-9651
-3947
-8653
-12179
-8792
-9437
-13636
-14478
-14084
-17666
-19088
-19128
-19069
-16997
-14151
-14889
-12758
-6091
-3644
-4708
-389
4204
1264
999
6303
6260
-566
-598
2386
-947
-6240
-5665
-5723
-8630
-8468
-5018
-3483
-2462
2709
8590
14411
17424
20972
23716
29710
31467
27310
25016
26365
23241
12116
10214
8662
1644
-7255
-2645
-2983
-11843
-13444
-5849
-6874
-14475
-11382
-8552
-12459
-15781
-12283
-13712
-17493
-17094
-15718
-14601
-13223
-11965
-13183
-8123
-4319
-4672
-4702
1003
1370
-476
3548
7135
2852
-60
4295
3345
-2373
-4188
-2250
-5844
-7811
-5485
-3243
-4066
-257
5796
10644
14698
19250
23483
27333
32217
29832
27117
26803
27050
16915
11185
10717
5332
-5104
-6043
-2208
-10543
-15843
-10770
-7075
-15085
-15173
-9399
-11444
-15877
-13307
-10761
-15982
-16391
-14454
-13887
-14556
-12879
-13762
-12669
-8074
-7145
-7934
-3986
139
-958
1463
7145
6288
2604
4944
7275
1650
-2070
-1196
-2785
-7347
-6286
-3669
-4471
-2708
3295
9315
12362
18450
23134
28485
32251
31724
28372
27995
28067
17556
11226
9567
4978
-7450
-7788
-4418
-12176
-18204
-11530
-7027
-14989
-13461
-6761
-8209
-13335
-9291
-7142
-13265
-15057
-13484
-13512
-15826
-15422
-17500
-15510
-11526
-10802
-10999
-5097
-428
-973
3704
10148
8845
5034
9393
10462
3167
-984
801
-2370
-7816
-6676
-4047
-4945
-2827
3469
9587
12985
19105
23685
29568
31865
29786
27345
28575
25723
12930
9221
8373
1636
-11309
-7698
-6581
-15445
-18719
-8922
-8109
-16216
-10637
-3458
-7105
-11790
-5433
-5332
-12164
-13898
-12008
-13977
-17761
-18113
-19118
-17210
-15648
-14334
-11777
-4953
-2151
-147
6980
12239
9362
8367
13103
10594
2617
820
1534
-4430
-9007
-5563
-4160
-5165
-1891
6750
11256
15361
21238
27724
32456
31635
29303
28273
29493
19653
9647
8265
5878
-6844
-13468
-6435
-11395
-20535
-16611
-5682
-12084
-15359
-5093
-936
-7853
-7386
-70
-5376
-11685
-11066
-10236
-16190
-18916
-19307
-20043
-18966
-17153
-15482
-10746
-4453
-2057
1982
9892
11841
8230
10159
13134
6422
-341
743
-1033
-8688
-9179
-4443
-4931
-4970
2373
10513
12855
18316
24509
30796
31680
30127
27902
28329
25084
13061
7915
5914
-296
-13113
-10639
-8938
-17265
-21308
-10287
-6887
-15457
-10585
-354
-2057
-8078
-1696
572
-7790
-10496
-8840
-11877
-18361
-18479
-19736
-19898
-18386
-16385
-13379
-7357
-2158
-415
6344
12236
11090
8253
12233
10735
2515
-668
247
-4961
-10486
-6907
-4365
-5213
-2381
7423
12073
16010
22097
29069
32400
31306
29959
28433
28057
18364
9891
6460
3289
-8126
-13492
-9074
-13650
-20671
-16120
-6186
-11844
-13840
-3780
737
-5540
-5144
1781
-3972
-10088
-10076
-9574
-16615
-19244
-19552
-20073
-18992
-16818
-14166
-10007
-2952
-508
3626
10286
12605
8383
9316
11465
5037
-1838
-1658
-3578
-10531
-10423
-5644
-5619
-5480
2673
10846
13961
19233
26423
32099
31877
30733
29121
28927
22647
12328
7801
5323
-2936
-13311
-9978
-10071
-17533
-19103
-7954
-7639
-13710
-7267
1559
-2074
-6771
376
59
-8265
-11319
-9051
-13420
-19421
-19868
-19982
-19395
-18056
-14828
-11039
-4983
-932
2465
9321
13217
10783
9153
12468
8717
747
-1696
-1584
-8144
-11720
-7537
-5468
-6889
-2528
7600
11541
15382
21357
29907
30863
29289
28166
29233
25649
14585
9151
6894
1519
-11124
-11013
-8469
-14744
-20473
-11808
-5563
-12949
-10914
-316
1146
-6491
-2159
2633
-4816
-11115
-9386
-10070
-18164
-20345
-20025
-19371
-19395
-16617
-12609
-7289
-2403
332
6832
12413
11907
8648
11742
11234
3470
-1296
-572
-4993
-11506
-9129
-5260
-6488
-5870
3874
10341
13070
17753
26216
30811
28909
27789
28355
28309
18554
10868
8683
5496
-6090
-11578
-6921
-10864
-18743
-15729
-5576
-9992
-13308
-4122
1982
-4129
-5214
2548
-1065
-9030
-9946
-7555
-14140
-19207
-18913
-18249
-18757
-17635
-13755
-9576
-4673
-1843
2697
9005
10909
8232
8939
11315
5953
-261
-400
-1941
-9014
-10395
-5395
-5817
-7251
-1185
8192
10125
14010
21058
28260
28564
27401
27549
27614
24069
14100
10240
7323
1396
-9896
-8357
-6742
-14265
-18794
-9527
-5292
-13203
-9804
591
-117
-7045
-1249
2821
-6055
-10966
-7653
-9058
-17536
-18561
-16948
-17481
-17928
-14527
-10510
-7000
-2865
75
5640
9472
8900
6961
9658
8570
1712
-1247
-514
-4931
-10764
-7635
-4788
-7135
-5850
3679
8835
9962
16020
24253
27841
26078
26867
27051
25663
18417
11861
8859
4763
-3786
-9876
-6715
-9613
-16215
-14666
-5755
-8209
-11918
-3931
2152
-3003
-5134
2402
-77
-8514
-9245
-5904
-12066
-17552
-15691
-14895
-17128
-15757
-10798
-8102
-5671
-2053
2269
6539
7743
6366
6561
8294
4325
-925
-1259
-2223
-8147
-10161
-5618
-5785
-7603
-2843
6161
8103
10960
18706
25164
26034
25559
27364
25782
23075
16152
11731
7669
2751
-5616
-8388
-6304
-10934
-15739
-11455
-4735
-9193
-9659
-926
1594
-4510
-3268
2892
-2760
-9673
-8002
-6644
-14012
-16830
-14413
-14701
-16676
-13890
-9526
-7276
-4647
-1280
3359
6791
6913
5392
7040
7387
1977
-1874
-1178
-3976
-9964
-9442
-5468
-7170
-7387
-261
6743
7530
12455
20445
24943
24749
25275
26277
24306
21047
14459
10523
6225
1212
-6483
-7054
-6774
-11941
-14729
-8588
-5157
-10134
-7481
665
-126
-5388
-1154
2450
-4921
-9496
-6217
-7365
-14681
-15386
-12904
-14207
-15741
-12154
-8344
-6297
-3898
-215
4211
6704
6224
5434
7396
5832
362
-1835
-1518
-6065
-10803
-8299
-5934
-8235
-6220
1738
6500
7684
14284
21350
24230
24314
25728
25658
23587
20195
13856
10165
6284
639
-6702
-6027
-6641
-12436
-13855
-7080
-5729
-10592
-5961
934
-1676
-5926
-218
1069
-6902
-9744
-6194
-8954
-15706
-14805
-12645
-14538
-15427
-10953
-7505
-6002
-3608
697
4945
6166
5561
5978
7561
4479
-297
-1152
-1781
-7095
-10383
-7060
-6491
-8565
-5141
2735
5618
7488
14996
21075
23237
23915
26177
24986
23310
20023
14656
10550
6723
1032
-5500
-4909
-6599
-11718
-12496
-6414
-6256
-9827
-4795
227
-2749
-5674
-144
-768
-8014
-9810
-6943
-10529
-16064
-14466
-13193
-15095
-14943
-10306
-7654
-6143
-3035
1245
4481
5441
5631
6178
6729
3492
-127
-842
-2231
-7081
-9135
-6435
-6283
-7393
-3563
3106
5409
8215
14973
20325
22014
22737
24293
23502
21852
17682
13247
9632
5778
-393
-4881
-4160
-6844
-11433
-10284
-4729
-6113
-8270
-2726
880
-2915
-4245
831
-1570
-8170
-8730
-6435
-11025
-15323
-13336
-12407
-14544
-13806
-9035
-6768
-5641
-2670
1818
4489
4949
5149
6010
5847
2571
-287
-946
-3253
-7529
-8501
-6330
-6929
-7481
-3160
2381
4650
7699
14268
18579
20674
21934
23261
22065
20621
17747
12825
9309
5542
728
-4377
-4105
-6185
-10095
-9724
-5052
-5345
-7520
-3102
156
-2052
-3855
-166
-1817
-7253
-8403
-7196
-10622
-14725
-13664
-13143
-14319
-13687
-9923
-7432
-5815
-2580
1143
4402
5351
5818
6129
6486
3992
904
-406
-2407
-5965
-7771
-6084
-6330
-6550
-3472
1875
4776
7969
13515
17659
20495
21599
22693
21399
20611
17185
12448
8830
5746
545
-4723
-4289
-5826
-9583
-9896
-4852
-4973
-7196
-3362
604
-1613
-4018
-362
-1391
-6848
-8928
-7095
-10292
-14953
-14360
-13032
-14180
-14462
-10361
-7605
-5958
-3450
917
4004
4876
5320
5958
6341
3793
1003
-541
-2000
-5550
-7459
-6004
-5501
-5985
-3454
2209
5732
8095
13069
18160
20644
21029
22069
21658
19706
16247
12082
8744
4657
-99
-4545
-4672
-6188
-9410
-9486
-5364
-4878
-6795
-3217
634
-1396
-3764
-228
-509
-6308
-8396
-6453
-9296
-14209
-13579
-12243
-13854
-13920
-9751
-7112
-6118
-3143
1073
3947
4710
5417
5551
5702
3453
693
-1381
-2960
-6139
-8161
-6818
-6135
-6315
-3982
2203
5700
8077
12809
18127
20664
20574
21316
20608
19163
15279
11065
7607
4115
-514
-4980
-4279
-5643
-8711
-8770
-3558
-3625
-5816
-1839
2173
-620
-3414
778
-178
-6223
-8292
-6055
-9666
-14363
-13299
-12224
-14089
-13991
-9468
-7297
-6024
-3074
1189
3728
4736
5271
5279
5540
3123
144
-1597
-2684
-6280
-8236
-6275
-5503
-5994
-3318
3115
5805
8163
13036
18228
19553
19369
20505
19837
17738
13418
10347
7275
3612
-1550
-4371
-3415
-5664
-8680
-7162
-2416
-4065
-5165
-195
2345
-1650
-2577
2009
-893
-6943
-7366
-5397
-10291
-14148
-12569
-12137
-14081
-13192
-9015
-7433
-5783
-2748
1193
3370
4255
4312
4788
4856
1844
-959
-1820
-3143
-7079
-8016
-5614
-5484
-5999
-2232
3797
5522
8075
13280
18082
18499
18497
19687
19253
16681
12124
9755
6918
2768
-2925
-3819
-3365
-6857
-9331
-5658
-2250
-5162
-4265
1450
2099
-1918
-334
3194
-1553
-6190
-5025
-4694
-10662
-13000
-11105
-11601
-13871
-12184
-8050
-6932
-5535
-2488
1847
3228
3480
3727
4907
3776
472
-1257
-1821
-4218
-7704
-6945
-5086
-5701
-5271
-248
4612
5812
9202
14739
18751
18050
18309
19839
19147
15020
10674
9532
5808
273
-4112
-2671
-4629
-9212
-8673
-3388
-3497
-6638
-2083
2606
106
-2565
1891
2141
-4170
-6236
-3860
-6549
-12168
-12242
-10703
-12392
-13499
-10453
-7356
-6507
-4686
-947
2660
3143
2896
3969
4952
2073
-970
-1142
-2044
-6059
-7822
-5333
-4853
-5771
-3275
2729
4882
6845
11491
17059
17874
16955
18561
19571
17268
11485
9971
8037
3559
-2768
-2711
-2423
-7012
-9279
-4935
-2210
-6239
-4655
1237
1506
-2702
-362
3159
-1429
-5796
-4319
-3906
-9464
-11887
-10282
-10704
-12899
-11635
-7790
-6637
-5748
-3007
1646
3099
2649
2870
4705
3357
-103
-1115
-1309
-4516
-7482
-5850
-4511
-5557
-4775
629
3930
5601
8804
14673
17132
16310
16695
18552
18047
12348
9521
8614
5428
-1623
-2911
-1417
-5508
-9504
-6048
-1784
-5558
-5970
-14
2029
-2106
-1266
3327
307
-4688
-4227
-2345
-7206
-10873
-10038
-9322
-11627
-11799
-8213
-6097
-5629
-4020
963
3460
2609
2021
4441
4132
102
-1558
-1067
-3486
-7647
-6355
-4350
-5374
-5761
-542
3701
4637
7460
13234
16999
15489
15632
17671
18080
12670
8838
8634
6062
-627
-3613
-1163
-4304
-9580
-7454
-2054
-4743
-7411
-1382
2168
-1613
-2424
3236
1828
-3784
-3944
-1341
-5069
-9675
-9170
-8567
-10386
-11281
-8671
-6537
-5647
-4531
-998
2656
2661
1553
3189
4760
1415
-1388
-555
-1513
-6078
-6546
-3704
-4149
-6037
-1812
3259
4222
5762
11600
16208
14828
14628
16376
17723
12906
8897
7894
6313
481
-3773
-1903
-3613
-8676
-8986
-3127
-3852
-7341
-3347
1823
-276
-2855
2202
2699
-2550
-4417
-1173
-3666
-8825
-9007
-7569
-9220
-10716
-8045
-5832
-5048
-4079
-782
2383
3196
2341
2983
4428
2384
-653
-1206
-1298
-5236
-7009
-5049
-3910
-6017
-3724
2000
4362
5254
9677
15717
14979
13914
15453
17599
12738
8164
7934
6310
374
-3872
-1556
-3298
-8092
-8427
-3051
-3415
-6641
-2994
1485
-124
-2733
1711
2541
-2221
-4486
-1560
-2838
-7786
-8355
-6836
-7704
-9524
-7244
-4848
-4409
-4019
-887
2365
2472
1594
2320
3566
1523
-1067
-1591
-2074
-5292
-6750
-5195
-4356
-5552
-3641
1388
4077
5421
8884
14583
15010
13587
14527
16685
13161
7757
7510
6253
831
-4209
-1684
-2893
-8141
-8666
-3229
-3155
-6899
-3024
1586
74
-2606
2072
3204
-1658
-3769
-929
-2168
-7101
-7844
-6410
-7347
-9184
-7295
-4641
-4156
-3839
-905
2615
2815
1825
2550
3724
1280
-1223
-1396
-2284
-6002
-7042
-5083
-4695
-5970
-3484
1187
3513
5151
9143
14184
14309
13325
14205
16182
12238
7181
6421
5438
-453
-5104
-2496
-3461
-8813
-8965
-2952
-3086
-6412
-2487
2233
119
-2031
2738
3281
-1878
-3597
-574
-2232
-6826
-7404
-5878
-6715
-8036
-6158
-3680
-2856
-2606
72
3474
3639
2053
2600
3702
835
-2100
-1912
-2585
-6727
-7578
-4895
-4229
-6029
-2938
1748
3707
4956
9894
14337
13453
12825
14479
15983
10960
7029
6233
4700
-1489
-4746
-2637
-4507
-9144
-8422
-2951
-3956
-6213
-2165
1811
-551
-1887
2744
2490
-2478
-3888
-759
-2819
-7257
-7621
-5920
-6867
-8148
-5636
-3171
-2811
-2416
1217
4244
3778
2484
3620
4233
1031
-1415
-1228
-2269
-6250
-6622
-4134
-3772
-5469
-2297
2290
3935
4963
10387
14461
12659
12122
14960
15659
9177
6305
6426
3617
-3572
-4505
-2607
-6412
-10415
-7135
-3024
-5748
-6061
-841
1311
-1533
-742
3234
1205
-2928
-2936
-1066
-4010
-7476
-7522
-6328
-7050
-7968
-5483
-2842
-2243
-2066
2022
5148
3887
2386
4416
4552
344
-1649
-858
-2977
-6823
-6329
-3687
-4339
-4938
-1183
2929
4300
6433
11928
14058
12607
12722
15593
13874
7888
6084
5631
1367
-4771
-3821
-3943
-8345
-10173
-5612
-4075
-6930
-4530
-12
210
-1892
1299
2796
-225
-2612
-1394
-1640
-4871
-6692
-6515
-5897
-6686
-6453
-4176
-1894
-1429
-326
3527
5167
3663
3033
4736
3018
-571
-1499
-1532
-4642
-6987
-5455
-4016
-5061
-3766
203
3280
4440
8395
12676
12835
11889
13383
15046
10537
6584
5526
4214
-1970
-4683
-3456
-5700
-9804
-8437
-4360
-5830
-6601
-2538
68
-1665
-1032
2454
1222
-1776
-1999
-841
-2957
-5416
-5994
-5822
-6088
-6295
-4956
-3058
-1487
-835
1780
4781
4973
3520
4175
4720
1945
-703
-1004
-2488
-5554
-6264
-4365
-4529
-4657
-1904
2096
3968
6156
11094
13007
12259
12204
14885
12703
7750
5718
5174
725
-4540
-3809
-4518
-8612
-9997
-5837
-5277
-7561
-4942
-1147
-1598
-2885
580
1528
-1246
-2700
-1117
-1708
-4283
-5548
-5654
-5605
-5906
-5442
-4154
-2297
-1057
538
3555
5271
4344
3914
5293
4192
878
-541
-950
-3556
-5722
-4853
-3949
-4600
-3006
717
3716
5367
9614
12623
12589
12145
13920
13526
8777
5874
4556
1851
-3498
-4373
-4708
-7692
-9703
-6987
-5150
-6950
-5637
-2325
-1461
-2786
-597
869
-1159
-2869
-1767
-1631
-3963
-5398
-5584
-5496
-5924
-5598
-4406
-2896
-1648
152
3197
4964
4714
4636
5694
4936
2328
878
-269
-2819
-4981
-4709
-4277
-4905
-3669
-749
2488
4553
8763
11897
12527
12368
14176
14735
10283
7040
5667
3634
-2099
-3787
-3869
-6945
-10011
-7885
-5354
-7746
-7313
-3740
-2246
-4016
-1936
274
-1552
-3391
-1970
-1404
-3713
-5099
-5338
-5367
-5696
-5427
-4693
-3141
-1751
-301
2539
5305
5423
4644
6147
6409
3697
1480
1207
-1356
-4463
-4722
-3386
-4647
-4756
-1708
1714
3354
6641
11160
11667
11434
12862
14668
10775
7290
6091
4172
-961
-3354
-2963
-6257
-9707
-8411
-5700
-7667
-8220
-4620
-2962
-4039
-2829
392
-842
-2764
-2159
-793
-2516
-4538
-5146
-5221
-5487
-5815
-4898
-3551
-2320
-1115
1945
4984
5321
4926
6192
6821
4511
2470
1650
-703
-3574
-4410
-3540
-4530
-4366
-2281
981
2952
6058
9979
11029
11125
11824
13687
10540
7242
5520
4287
-414
-3386
-2846
-5191
-8781
-8503
-5342
-6923
-7960
-4875
-2765
-4013
-3334
36
-709
-2755
-2407
-1017
-2510
-4064
-4814
-5240
-5313
-5101
-4721
-3847
-2153
-981
1258
4197
5409
4644
5388
6591
4934
2399
1510
-38
-3035
-4236
-3308
-3910
-4318
-2268
1124
2972
5712
9829
11116
10993
11846
13745
10792
7529
5965
4578
12
-2909
-2678
-5015
-8503
-8438
-5706
-6962
-8034
-5294
-3139
-4028
-3616
-399
-782
-2727
-2616
-1121
-2482
-4035
-4732
-5052
-5304
-5098
-4495
-3835
-2393
-1268
1109
3809
5234
4606
5425
6527
5264
2907
1967
262
-2606
-3907
-3400
-4184
-4775
-2772
-17
1841
4514
9083
10164
10189
11451
13871
11332
7904
6932
5695
1250
-2178
-1610
-3967
-8062
-8353
-5634
-6718
-8454
-5775
-3718
-4408
-4176
-908
-1213
-3051
-2869
-1334
-2518
-4057
-4623
-5111
-5255
-4989
-4515
-4001
-2484
-1434
521
3414
5253
4734
5123
6634
5921
3454
2442
1251
-1701
-3510
-2729
-3192
-4189
-2964
34
1879
4078
8316
9779
9572
10314
13230
11151
7625
6433
5850
1672
-1734
-1049
-3025
-7103
-7672
-4909
-6071
-7914
-5529
-3883
-5013
-4767
-1589
-2221
-4113
-3805
-2251
-3335
-4226
-4631
-5292
-5262
-4451
-4029
-3890
-2382
-1291
432
2840
4842
4289
4541
5969
5616
3467
2441
1372
-983
-2475
-2068
-2477
-2905
-1796
379
2100
4584
8249
9105
9082
9950
12150
9996
7290
6054
4984
1221
-1297
-844
-3036
-6434
-6567
-4248
-5534
-6867
-4594
-3318
-4563
-4335
-1424
-2125
-4000
-3815
-2306
-3431
-4288
-4353
-4941
-5419
-4867
-3859
-3878
-2905
-2039
31
2057
3725
3585
4080
5053
4553
3263
2414
1114
-1118
-1966
-1597
-2337
-2569
-1182
778
2076
4389
8042
9023
8848
9434
11642
9862
6932
5609
4921
1515
-1673
-1023
-2258
-5734
-6735
-3789
-4285
-6338
-4503
-2168
-3351
-4262
-1232
-1003
-3474
-4095
-2162
-3010
-4562
-4652
-4838
-5520
-5380
-4359
-4216
-3284
-2362
-622
1358
3191
3207
3411
4461
4169
2702
1840
1240
-853
-2098
-1628
-1569
-2182
-1082
1014
2442
3936
7498
9141
8576
8697
10834
10189
6668
5302
4779
2184
-1628
-1225
-1701
-4978
-6607
-4197
-3750
-6036
-4741
-2412
-2826
-4169
-1584
-605
-2667
-3738
-2242
-2340
-3894
-4228
-4497
-4935
-5116
-4232
-3985
-3260
-2449
-936
1065
2841
3062
3073
4247
4189
2761
1863
1591
-282
-1732
-1359
-1005
-1899
-1189
793
2196
3119
6293
8720
8081
7882
9823
10714
6997
5275
5083
3492
-934
-1369
-796
-4055
-6785
-4940
-3355
-6274
-5985
-2967
-2704
-4678
-2645
-233
-2111
-3639
-2416
-1710
-3639
-3946
-4241
-4903
-5247
-4451
-4140
-3780
-2548
-1762
420
2384
3410
2677
4035
4536
3330
1978
1951
389
-1675
-1466
-831
-1690
-1688
462
1919
2797
5311
8658
8465
8045
9399
11115
8495
5865
5327
4108
363
-1623
-953
-3338
-6610
-6152
-3963
-5501
-6829
-4194
-2819
-3938
-3689
-767
-1299
-3055
-2965
-1671
-2865
-3989
-4285
-4660
-5031
-4929
-4281
-3848
-2786
-2315
-337
1873
3171
2558
3441
4556
3546
1966
1739
881
-1458
-1930
-1048
-1351
-1779
-50
1960
3032
4738
8322
9250
8517
9035
11222
9795
6445
5545
4834
1650
-1756
-1012
-2411
-6036
-7047
-4550
-5007
-7281
-5358
-3336
-3899
-4660
-1587
-1212
-2937
-3416
-1832
-2339
-3722
-3975
-4370
-4540
-4697
-4071
-3862
-2831
-2323
-924
1354
3031
2866
3137
4725
4416
2759
2014
1770
-358
-1780
-1283
-1013
-1820
-869
1159
2618
3744
7072
9166
8647
8626
10506
10804
7306
5892
5274
3095
-1080
-1199
-1543
-5076
-7413
-5626
-4737
-7375
-6684
-4276
-3998
-5119
-2920
-1318
-2706
-3378
-2265
-1861
-3304
-3526
-4036
-4241
-4454
-3978
-3723
-2989
-2095
-1286
1041
2889
3578
3345
4832
4824
3676
2461
2002
-27
-1889
-1935
-1669
-2382
-2090
-123
1422
2859
5750
8732
8652
8659
10279
11605
8763
6559
6040
4531
426
-1297
-1016
-3948
-7362
-6889
-5240
-7200
-8063
-5479
-4352
-5335
-4363
-1452
-2031
-3289
-2755
-1456
-2447
-3244
-3591
-3891
-4094
-4006
-3497
-2902
-1994
-1610
464
2794
3868
3356
4420
5304
4178
2631
2159
799
-1739
-2304
-1781
-2207
-2689
-943
1058
2514
4641
8143
9437
9043
9899
11746
10665
7376
6338
5370
2318
-1109
-1089
-2640
-6322
-7697
-6003
-6306
-8275
-6938
-5057
-5090
-5407
-2927
-2040
-3177
-3681
-2492
-2267
-3213
-3861
-4253
-4162
-4216
-3845
-3226
-2240
-1821
-471
2088
3701
3599
3872
5113
4752
3395
2513
1604
-583
-1780
-1700
-1693
-2382
-1539
138
1846
3541
6458
8645
8650
9180
10601
11209
8332
6763
5791
3916
242
-700
-1456
-4909
-7381
-6483
-5881
-8110
-7762
-5672
-5233
-5653
-3503
-1653
-2585
-2907
-1925
-1383
-2319
-2639
-3440
-3953
-3964
-3706
-3526
-2851
-1908
-1306
1011
3258
3935
3624
4952
5218
3943
2932
2408
229
-1866
-1909
-1781
-2791
-2659
-1050
438
1964
4808
7670
8106
8483
9887
11355
9380
7285
6192
4916
1592
-539
-960
-3650
-6833
-7102
-5798
-7425
-8427
-6418
-5082
-5536
-4642
-1733
-1903
-2763
-2254
-826
-1717
-2468
-2829
-3346
-3877
-3840
-3265
-3082
-2360
-1829
170
2161
3413
3230
4129
4846
4187
3048
2503
1127
-999
-1657
-1494
-2013
-2481
-1181
190
1731
3842
7226
8280
8545
9609
11441
10556
7893
7004
5647
2873
-309
-585
-2774
-6313
-7669
-6369
-7001
-9004
-7457
-5741
-5611
-5700
-2670
-1800
-2714
-2856
-1248
-1304
-2412
-2799
-3269
-3626
-3980
-3404
-3182
-2488
-2154
-694
1495
2973
3039
3447
4694
4330
3328
2748
2000
-318
-1441
-1294
-1546
-2554
-1868
-425
814
2485
5593
7830
7940
8939
10808
11495
9044
7844
6975
4953
1383
370
-625
-4277
-7025
-6359
-5922
-8311
-8267
-6227
-5749
-6364
-4247
-1993
-2803
-3453
-2257
-1196
-2249
-2829
-3156
-3428
-3903
-3658
-3059
-2538
-2260
-1606
746
2592
3016
2917
4339
4556
3572
2879
2603
607
-1315
-1382
-1406
-2355
-2585
-1142
-100
1426
3778
6949
7835
8282
9707
11483
10650
8109
7454
6278
3565
347
252
-1920
-5822
-7193
-5686
-6582
-9053
-7451
-5632
-5954
-6244
-2980
-2177
-3405
-3375
-1320
-1448
-2689
-2864
-3033
-3506
-3830
-3191
-2974
-2594
-2193
-728
1378
2615
2702
3245
4577
4216
3225
2742
2056
-205
-1275
-1149
-1624
-2835
-2047
-499
407
1861
4975
7652
7751
8657
10537
11813
9510
7993
7428
5744
2142
355
-127
-3519
-6855
-6747
-5609
-7958
-9029
-6577
-5403
-6379
-5229
-2076
-2538
-3648
-2508
-757
-1997
-2864
-2645
-2866
-3562
-3515
-2746
-2722
-2281
-1753
276
1858
2593
2563
3755
4481
3525
2806
2505
1252
-1010
-1181
-1191
-2083
-2887
-1358
-109
772
2729
5943
7791
7820
9257
11121
11588
8844
7866
7269
5192
1196
14
-758
-4640
-7457
-6457
-5837
-8848
-8722
-5735
-5280
-6615
-4477
-1687
-3099
-3943
-2158
-1088
-2935
-3260
-2741
-3165
-3845
-3415
-2581
-2494
-1952
-1143
979
2304
2800
2820
4261
4375
3151
2580
2410
493
-1677
-1275
-1380
-2594
-3084
-888
218
1234
3428
6806
8263
8430
10060
11766
11628
8721
7950
7210
4649
473
-414
-1373
-5455
-7877
-6527
-6224
-9279
-8400
-5416
-5414
-6771
-4161
-1923
-3711
-4269
-2391
-1724
-3631
-3493
-2941
-3266
-3801
-2996
-2226
-2013
-1410
-388
1634
2730
2963
3081
4476
4262
2905
2411
2210
180
-1678
-1203
-1393
-2590
-2611
-342
677
1776
4114
7389
8552
8864
10409
11815
11205
8386
7775
6606
3785
-188
-679
-2162
-5994
-7899
-6493
-6683
-9240
-7828
-5338
-5546
-6558
-3901
-2315
-3863
-4155
-2492
-2168
-3694
-3308
-2887
-3115
-3519
-2736
-1997
-1685
-1083
-208
1804
2666
2971
3230
4667
4201
2994
2687
2334
378
-1341
-928
-1564
-2622
-2519
-472
227
1340
3684
6590
7995
8385
9827
10830
10692
8219
7272
5995
3710
56
-1090
-2123
-5435
-7597
-6776
-6278
-8473
-7796
-5287
-4959
-5925
-3953
-1887
-3116
-3586
-2120
-1515
-3021
-2866
-2170
-2513
-3176
-2628
-1733
-1609
-1165
-369
1259
2175
2709
3100
4146
4054
2979
2649
2379
787
-1156
-1019
-1392
-2432
-2639
-781
89
884
3035
5839
7447
7758
9040
9903
10003
7703
6535
5482
3493
-65
-1562
-1874
-4720
-7358
-6682
-5374
-7443
-7670
-4902
-4062
-5402
-4168
-1526
-2570
-3565
-2344
-1266
-2770
-2944
-2112
-2321
-2976
-2586
-1648
-1403
-966
-548
875
2292
2720
2667
3767
4230
2788
2184
2441
1129
-1330
-1225
-1005
-2203
-2734
-684
479
786
2878
5802
7632
7867
9005
9752
9963
8100
6482
5417
3581
274
-1827
-1853
-4229
-7076
-6928
-5297
-6998
-7874
-5140
-3881
-5326
-4757
-1653
-2092
-3493
-2624
-1128
-2290
-2889
-2066
-2065
-2865
-2838
-1754
-1359
-1305
-1147
333
1894
2102
2042
3147
3735
2234
1827
2226
1001
-1446
-1268
-779
-2006
-2517
-665
744
750
2853
5609
7555
7834
8903
9567
9721
8580
6567
5361
3569
985
-1873
-1948
-3538
-6379
-7042
-5259
-5815
-7405
-5199
-3361
-4213
-4632
-1579
-1016
-2852
-2781
-1101
-1712
-3154
-2551
-2358
-3262
-3595
-2348
-1756
-1890
-1428
111
1599
1965
2361
3169
3666
2622
2061
2159
1153
-883
-1465
-964
-1762
-2221
-1239
361
827
2432
4807
6972
7812
8181
9025
9407
8889
6303
5154
3769
1558
-1703
-2079
-2800
-5643
-6923
-5289
-4923
-6843
-5432
-3160
-3555
-4346
-1772
-521
-2400
-2654
-1038
-1193
-2967
-2598
-2306
-3112
-3540
-2534
-2003
-1982
-1254
-271
1063
1884
2410
2548
3125
2729
1818
1474
1001
-610
-1906
-1462
-1563
-2098
-1826
-27
947
2215
4170
6504
7758
8037
8694
9235
9024
6477
5033
4003
2020
-1456
-2175
-2291
-5004
-6962
-5386
-4313
-6439
-5910
-3257
-3116
-4273
-2237
-385
-2036
-2590
-1090
-903
-2640
-2463
-2128
-2905
-3330
-2529
-2062
-1906
-1270
-641
634
1893
2245
2017
2806
2922
1687
1147
1190
-284
-2075
-1491
-1131
-2023
-1967
114
1150
1775
3894
6258
7381
7535
8450
8821
8548
6662
5004
3875
2120
-579
-2193
-2228
-4296
-6281
-5649
-4324
-5747
-6100
-3695
-3000
-3872
-2832
-603
-1560
-2411
-1411
-751
-2115
-2396
-2056
-2566
-3012
-2512
-1922
-1727
-1235
-687
462
1759
2190
1997
2676
3005
1852
1257
1367
188
-1762
-1507
-948
-1734
-1857
-150
1111
1583
3489
5533
6964
7307
7961
8146
8143
7036
4922
3724
2330
245
-2281
-2325
-3572
-5746
-6126
-4527
-5060
-6290
-4270
-2736
-3338
-3374
-900
-934
-2278
-1824
-817
-1870
-2885
-2372
-2588
-3223
-3063
-2169
-1857
-1427
-758
301
1590
2282
2342
2736
3145
2298
1608
1528
385
-1482
-1685
-1065
-1865
-2142
-741
811
1249
2849
4954
6444
7222
7641
7949
7912
7534
5257
3861
2866
1189
-1841
-2399
-2599
-4914
-6280
-4693
-4235
-6021
-4882
-2420
-2787
-3572
-1487
-345
-1981
-2085
-1020
-1451
-2813
-2389
-2368
-2866
-2852
-2050
-1694
-1265
-564
85
1277
2048
2051
1997
2788
2250
1126
837
505
-1152
-2077
-1436
-1634
-2162
-1363
353
1085
2083
4024
5516
6622
6963
7273
7213
7329
5733
3828
3215
2023
-570
-2300
-1769
-3453
-5463
-4905
-3490
-4766
-4975
-2547
-1938
-2827
-1911
17
-857
-1617
-1003
-819
-1993
-2192
-2055
-2434
-2599
-2284
-1865
-1326
-679
-375
542
1737
1865
1604
2288
2460
1052
459
589
-638
-2291
-2139
-1758
-2516
-2295
-761
342
922
2711
4476
5524
6466
6946
6963
6782
6587
4712
3274
2338
807
-1625
-2349
-2476
-4324
-5313
-4113
-3402
-4386
-3457
-1588
-1625
-1902
-489
290
-1058
-1248
-788
-1257
-2358
-2129
-2318
-2773
-2558
-1956
-1546
-1055
-255
174
1180
1925
2058
1865
2202
1773
765
389
-76
-1331
-2222
-1937
-1971
-2197
-1391
-368
571
1707
3417
4320
5633
6485
6350
6160
6521
5786
3268
2585
1770
-251
-2521
-2089
-2951
-4941
-4856
-3153
-3419
-4140
-2324
-1102
-1514
-1209
229
-139
-1165
-912
-932
-1722
-2179
-2115
-2722
-2520
-1998
-1800
-1414
-390
104
234
1570
2129
1647
1400
2036
1179
56
22
-473
-1819
-2355
-1565
-1889
-1999
-1199
132
911
1965
3442
4481
5855
6044
6238
6248
6498
4679
3095
2680
1271
-1063
-2220
-1767
-3644
-4802
-3820
-2666
-3673
-3331
-1314
-958
-1153
-465
458
-578
-822
-920
-1100
-1909
-2141
-2627
-2582
-2092
-2136
-1815
-817
5
-212
953
2164
1850
1131
1853
1852
297
-192
-238
-1300
-2536
-2105
-1961
-2482
-2007
-899
106
967
2583
3577
4822
5988
6256
6165
6239
5860
3645
2816
1987
269
-2078
-2033
-2401
-3987
-4169
-2847
-2579
-3150
-1764
-471
-480
-559
258
212
-568
-881
-1226
-1647
-2267
-2583
-2967
-2487
-2379
-2253
-1565
-487
-234
211
1644
1956
1495
1542
2094
1101
40
-189
-675
-1926
-2497
-2164
-2347
-2351
-1787
-600
461
1663
2716
4009
5587
5981
5844
5970
6259
4463
2857
2418
1212
-1114
-2065
-1589
-2919
-3832
-2943
-1829
-2510
-2060
-495
-101
-481
-100
432
-300
-770
-1174
-1486
-2049
-2437
-3011
-2773
-2420
-2636
-2371
-1138
-443
-599
497
1731
1599
1149
1835
1780
570
34
-115
-1040
-2169
-2107
-2016
-2226
-2034
-1160
66
1077
2188
3240
4920
5703
5596
5709
6080
5175
3112
2526
1678
-114
-1910
-1635
-2202
-3378
-3194
-1947
-1918
-2164
-914
-86
-125
-201
332
57
-433
-919
-1368
-1693
-2245
-2815
-3070
-2455
-2689
-2703
-1812
-652
-714
-179
1320
1712
1241
1503
2093
1127
222
-9
-518
-1786
-2252
-2031
-2203
-2212
-1624
-349
706
1849
2813
4350
5593
5719
5631
5928
5745
3832
2679
2093
779
-1429
-1811
-1709
-2804
-3445
-2443
-1634
-2106
-1496
-408
-53
-392
-22
149
-314
-907
-1424
-1625
-2091
-2653
-3179
-2665
-2582
-2758
-2205
-933
-660
-584
695
1580
1324
1159
1858
1465
542
76
-182
-1162
-1912
-1954
-1975
-1980
-1714
-776
348
1486
2285
3583
5089
5495
5322
5621
5878
4370
2903
2459
1408
-721
-1770
-1449
-2401
-3362
-2945
-1809
-2008
-1791
-853
-160
-253
-110
170
-33
-541
-1241
-1502
-1780
-2263
-3067
-2789
-2484
-2538
-2403
-1109
-468
-459
362
1550
1662
1280
1699
1634
843
97
-151
-929
-1850
-2263
-2228
-2105
-2044
-1499
-379
889
1718
2647
4303
5053
4972
5056
5673
4680
3076
2512
1807
56
-1489
-1328
-1945
-2907
-2909
-1788
-1637
-1677
-780
71
196
110
498
380
-80
-842
-1174
-1492
-1998
-2756
-2775
-2368
-2395
-2218
-1241
-345
-200
503
1512
1883
1536
1658
1593
941
80
-443
-1050
-1911
-2440
-2564
-2254
-2090
-1669
-670
668
1648
2336
3770
4739
4762
4500
4996
4506
2908
2059
1521
204
-1371
-1510
-1940
-2671
-2788
-1921
-1634
-1497
-741
-3
299
398
527
409
164
-508
-1125
-1429
-1751
-2597
-2874
-2362
-2216
-2235
-1454
-322
-78
388
1385
1983
1620
1507
1551
1031
143
-639
-1104
-1818
-2418
-2750
-2421
-2022
-1781
-897
428
1623
2172
3550
4685
4790
4551
4951
4829
3202
2347
1778
782
-920
-1231
-1550
-2235
-2533
-1931
-1478
-1385
-798
-208
246
306
349
186
24
-686
-1421
-1647
-1944
-2771
-3172
-2536
-2316
-2300
-1639
-402
-63
394
1335
1993
1732
1532
1617
1106
262
-583
-1085
-1803
-2423
-2753
-2582
-2248
-1985
-1154
78
1297
2007
3235
4392
4743
4662
4888
4802
3548
2623
1965
1052
-504
-1029
-1292
-1874
-2350
-1896
-1375
-1205
-791
-192
298
408
442
339
113
-590
-1306
-1598
-1946
-2727
-3099
-2610
-2376
-2250
-1633
-556
-110
408
1190
1762
1667
1504
1403
942
251
-479
-1080
-1721
-2177
-2410
-2372
-2052
-1692
-951
26
1191
1974
2984
3881
4367
4427
4428
4269
3320
2509
1720
919
-276
-878
-1290
-1681
-1966
-1709
-1317
-1087
-677
-122
358
402
438
396
176
-525
-1115
-1509
-1969
-2514
-2779
-2563
-2421
-2016
-1475
-691
-166
522
1051
1492
1595
1472
1192
799
280
-457
-1055
-1599
-1972
-2234
-2169
-1935
-1591
-873
-63
876
1622
2605
3238
3641
3796
3808
3532
2735
2148
1358
716
-256
-727
-1130
-1309
-1455
-1234
-854
-595
-252
250
699
647
555
525
273
-407
-913
-1326
-1791
-2215
-2277
-2185
-2015
-1575
-1071
-457
129
707
954
1255
1430
1217
718
388
-30
-814
-1430
-1733
-2082
-2432
-2337
-1915
-1616
-1044
-241
726
1366
2151
2806
3218
3333
3201
3016
2460
1916
1097
558
-28
-493
-963
-968
-850
-775
-530
-72
350
552
910
1033
913
598
398
-72
-640
-1161
-1562
-1796
-1946
-1905
-1807
-1311
-926
-447
52
572
673
753
924
730
190
-280
-586
-1238
-1771
-2116
-2310
-2579
-2423
-2119
-1594
-1049
-231
515
1430
2162
2761
3195
3414
3384
3022
2800
2179
1567
748
447
-107
-487
-717
-569
-531
-371
16
384
608
744
931
836
600
208
-167
-664
-1129
-1548
-1792
-1876
-1915
-1736
-1452
-921
-563
-93
235
505
538
593
436
56
-431
-795
-1173
-1656
-2063
-2259
-2288
-2312
-2118
-1618
-990
-475
196
1139
1915
2354
2897
3278
3294
3069
3031
2631
1955
1402
1059
568
61
-121
-212
-308
-311
-2
199
289
392
551
508
340
111
-264
-666
-1038
-1359
-1688
-1820
-1953
-1877
-1657
-1264
-1004
-631
-262
57
143
222
248
48
-272
-580
-798
-1216
-1553
-1731
-1819
-1944
-1856
-1425
-1015
-577
-70
813
1506
2015
2475
2960
3169
3013
3008
2792
2342
1761
1479
1100
578
288
146
8
-172
-15
50
114
116
257
213
186
-30
-276
-586
-901
-1248
-1523
-1672
-1948
-1925
-1740
-1445
-1329
-920
-539
-257
-113
68
110
-7
-186
-390
-626
-941
-1208
-1412
-1492
-1585
-1553
-1296
-915
-555
-64
586
1207
1629
2119
2574
2749
2684
2658
2569
2176
1835
1482
1203
714
482
264
182
-68
-46
11
77
45
161
260
169
-13
-176
-344
-734
-1111
-1400
-1589
-1888
-1957
-1864
-1602
-1486
-1189
-777
-391
-261
-141
44
4
-186
-338
-485
-814
-1049
-1189
-1291
-1404
-1325
-1121
-825
-442
31
566
1150
1628
2069
2450
2731
2743
2680
2565
2293
1964
1536
1202
693
433
136
12
-261
-232
-214
-66
17
204
252
245
179
81
-148
-526
-847
-1209
-1443
-1735
-1804
-1835
-1679
-1551
-1210
-825
-538
-375
-182
4
-85
-190
-357
-600
-937
-1083
-1212
-1461
-1501
-1383
-1100
-888
-370
84
664
1205
1763
2200
2533
2814
2756
2706
2549
2281
1788
1379
985
498
173
-48
-240
-437
-360
-207
-103
39
212
263
216
197
46
-250
-555
-836
-1177
-1374
-1510
-1667
-1658
-1445
-1259
-1051
-660
-431
-355
-158
6
-152
-323
-422
-670
-954
-1049
-1161
-1353
-1283
-1047
-833
-545
16
469
894
1385
1934
2161
2342
2513
2400
2229
1995
1748
1173
876
520
197
-94
-131
-305
-338
-153
38
24
137
273
208
70
-21
-212
-572
-745
-936
-1121
-1319
-1281
-1270
-1195
-1003
-723
-545
-364
-158
-83
-87
-121
-255
-482
-618
-820
-981
-1095
-1052
-1072
-865
-624
-284
65
495
916
1189
1628
1772
1963
1904
1928
1703
1510
1265
925
618
360
198
-19
-92
-107
-100
-29
83
177
161
92
34
-88
-285
-568
-750
-934
-1095
-1164
-1116
-1111
-1039
-815
-602
-413
-208
-43
44
127
127
5
-173
-266
-482
-631
-749
-789
-846
-707
-480
-332
-23
256
678
834
1233
1350
1512
1498
1497
1402
1167
1038
684
487
189
92
-120
-143
-205
-162
-80
42
117
143
143
19
-106
-284
-471
-769
-944
-1062
-1111
-1128
-1017
-831
-695
-444
-207
6
116
245
335
316
257
107
25
-137
-267
-400
-422
-443
-417
-236
-119
133
279
582
721
945
1033
1090
1068
968
896
684
521
255
100
-153
-256
-352
-341
-422
-277
-193
-52
18
174
133
-11
-88
-245
-498
-810
-916
-1110
-1196
-1095
-966
-800
-566
-170
18
291
456
584
575
641
536
349
247
138
-19
-143
-125
-131
-79
99
270
413
611
849
890
998
1058
955
789
647
499
177
31
-197
-410
-582
-578
-649
-669
-573
-434
-366
-190
-48
33
-1
-14
-145
-322
-506
-750
-960
-1111
-1143
-1156
-1027
-790
-536
-239
111
393
570
726
810
774
694
564
402
228
146
17
-51
-25
94
235
406
656
855
1075
1163
1311
1220
1110
878
660
307
9
-205
-533
-738
-916
-894
-983
-857
-840
-645
-505
-277
-212
-59
-47
-95
-240
-318
-528
-800
-928
-1032
-1095
-1151
-950
-808
-535
-261
75
315
575
747
831
850
842
707
567
409
280
142
68
33
106
250
452
726
968
1259
1421
1627
1557
1470
1224
914
510
106
-194
-608
-855
-1083
-1133
-1193
-1103
-1053
-905
-731
-530
-427
-259
-227
-287
-379
-462
-650
-882
-989
-1111
-1140
-1138
-993
-841
-605
-318
-72
194
424
637
720
833
828
815
717
622
435
353
209
153
130
254
397
649
958
1264
1543
1763
1888
1775
1638
1290
932
414
53
-413
-715
-1005
-1106
-1197
-1164
-1101
-997
-891
-728
-599
-510
-477
-480
-564
-696
-818
-981
-1166
-1244
-1264
-1264
-1143
-931
-714
-485
-185
44
240
446
572
635
693
701
689
616
580
435
359
299
250
327
413
683
861
1247
1493
1811
1965
2008
1906
1622
1358
861
441
-41
-375
-742
-914
-1021
-1041
-1080
-972
-891
-793
-737
-652
-643
-668
-725
-830
-953
-1114
-1229
-1307
-1354
-1329
-1264
-1064
-845
-606
-407
-134
79
232
356
489
541
523
571
592
534
483
450
386
359
405
508
656
898
1152
1427
1703
1992
2036
2013
1869
1638
1218
798
404
-73
-446
-680
-823
-971
-1003
-942
-928
-849
-777
-750
-766
-771
-824
-941
-1027
-1161
-1304
-1366
-1368
-1402
-1364
-1169
-976
-793
-568
-318
-132
10
191
282
355
382
445
433
485
440
463
426
491
465
597
745
974
1131
1396
1677
1880
2051
2045
2016
1749
1546
1142
793
304
-28
-374
-571
-771
-862
-924
-893
-896
-818
-815
-791
-839
-859
-959
-1040
-1165
-1310
-1374
-1444
-1438
-1438
-1296
-1159
-972
-748
-548
-345
-159
1
95
200
245
274
320
331
330
339
394
429
464
568
745
895
1119
1307
1556
1731
1952
2034
2018
1912
1741
1500
1152
863
417
165
-160
-338
-611
-682
-816
-886
-937
-909
-963
-1010
-1025
-1107
-1196
-1244
-1374
-1484
-1535
-1535
-1559
-1445
-1308
-1150
-955
-685
-467
-274
-87
67
183
250
270
288
339
313
305
299
397
402
504
578
798
889
1141
1280
1531
1631
1818
1892
1890
1835
1668
1532
1246
1030
699
482
198
-5
-262
-425
-640
-734
-917
-994
-1114
-1166
-1299
-1384
-1455
-1552
-1649
-1714
-1720
-1720
-1619
-1457
-1275
-1048
-786
-488
-260
-26
108
258
331
380
327
338
367
321
313
337
433
447
566
655
779
888
1043
1156
1250
1405
1479
1568
1569
1635
1526
1443
1297
1138
906
697
511
251
15
-197
-393
-589
-775
-925
-1097
-1240
-1361
-1493
-1655
-1751
-1831
-1908
-1924
-1850
-1742
-1551
-1302
-1035
-759
-441
-163
30
207
340
401
353
351
335
300
258
252
285
349
447
530
656
734
867
935
1031
1065
1136
1198
1236
1345
1338
1393
1355
1365
1228
1128
1006
792
609
375
192
-80
-253
-433
-664
-831
-1034
-1172
-1403
-1539
-1726
-1845
-1926
-1981
-1933
-1879
-1667
-1490
-1209
-950
-646
-387
-135
53
200
264
320
335
320
300
295
318
347
387
465
599
670
739
789
876
902
903
928
955
1004
1042
1169
1223
1251
1278
1310
1243
1127
1026
850
674
477
273
23
-137
-335
-587
-804
-988
-1227
-1476
-1657
-1816
-1981
-2067
-2051
-2020
-1889
-1698
-1442
-1225
-921
-657
-412
-206
-9
126
192
298
332
345
358
394
418
445
534
577
678
742
816
830
893
921
925
971
1001
1070
1110
1250
1270
1329
1353
1362
1300
1226
1197
1018
870
679
526
246
24
-286
-562
-862
-1124
-1441
-1682
-1889
-2047
-2158
-2202
-2184
-2102
-1935
-1751
-1564
-1328
-1097
-873
-678
-476
-304
-144
27
149
271
356
476
484
574
608
678
663
743
768
809
831
883
919
962
1048
1103
1181
1228
1325
1352
1426
1413
1449
1378
1388
1289
1192
985
804
551
256
-67
-419
-755
-1096
-1346
-1637
-1826
-1977
-2052
-2129
-2112
-2045
-1958
-1837
-1696
-1531
-1382
-1181
-1006
-828
-645
-425
-239
-22
160
353
468
591
677
725
758
758
766
735
764
769
798
799
870
954
1021
1119
1185
1260
1295
1372
1412
1424
1423
1405
1390
1301
1187
988
766
483
171
-177
-532
-850
-1178
-1417
-1608
-1743
-1853
-1868
-1870
-1837
-1791
-1696
-1631
-1548
-1433
-1332
-1220
-1069
-902
-753
-552
-322
-96
78
259
405
519
607
651
662
669
662
661
662
702
717
746
824
883
988
1051
1124
1169
1213
1253
1267
1323
1290
1287
1225
1180
1060
900
667
410
131
-169
-461
-744
-991
-1189
-1304
-1398
-1446
-1461
-1418
-1402
-1381
-1364
-1325
-1306
-1262
-1244
-1178
-1103
-974
-827
-651
-452
-259
-54
84
242
326
404
435
453
445
445
481
496
516
560
635
692
774
861
942
1004
1074
1121
1160
1202
1239
1242
1222
1168
1128
1006
867
643
435
188
-63
-330
-581
-786
-954
-1077
-1173
-1204
-1210
-1194
-1179
-1159
-1165
-1148
-1130
-1121
-1117
-1082
-1006
-912
-779
-624
-459
-295
-139
4
111
190
238
273
285
304
325
351
389
423
474
528
611
670
735
817
911
978
1030
1087
1144
1195
1215
1218
1179
1124
1018
880
682
487
252
3
-238
-453
-672
-843
-950
-1044
-1086
-1113
-1099
-1088
-1052
-1037
-1016
-976
-967
-942
-913
-843
-773
-669
-556
-442
-316
-206
-97
-21
38
67
85
114
142
163
200
224
282
325
408
455
526
588
664
739
789
845
878
947
976
1017
1004
1027
965
907
794
659
496
309
112
-111
-301
-490
-640
-770
-833
-889
-901
-897
-877
-842
-800
-749
-713
-660
-616
-549
-497
-406
-330
-239
-154
-83
-7
33
67
44
36
-1
-3
-22
-23
-23
-12
21
57
107
137
189
233
288
332
381
427
468
525
557
599
631
663
653
632
589
523
436
315
170
7
-138
-299
-437
-553
-617
-672
-689
-681
-652
-589
-509
-436
-349
-232
-137
-42
41
137
220
289
341
359
377
363
324
248
173
110
34
-15
-70
-96
-125
-132
-146
-151
-166
-170
-168
-169
-152
-137
-97
-72
-13
31
99
164
218
250
286
311
300
279
215
132
38
-72
-195
-313
-395
-461
-494
-505
-488
-432
-343
-232
-109
28
163
288
385
474
542
585
594
591
582
554
510
434
368
288
220
130
57
-16
-75
-141
-215
-281
-352
-410
-460
-506
-538
-540
-536
-503
-477
-423
-376
-292
-225
-166
-101
-43
4
36
51
38
9
-43
-112
-192
-260
-315
-354
-362
-337
-285
-189
-70
71
223
372
506
634
729
795
847
863
852
832
793
751
702
633
549
481
409
336
253
166
81
-10
-102
-213
-316
-421
-505
-597
-666
-721
-751
-769
-763
-747
-720
-673
-621
-565
-512
-449
-398
-331
-294
-261
-249
-243
-257
-277
-300
-318
-316
-290
-237
-161
-55
74
207
355
499
628
745
824
897
938
966
959
955
921
886
852
798
751
701
653
594
548
468
382
286
175
56
-67
-188
-325
-433
-535
-625
-697
-765
-809
-843
-855
-858
-842
-821
-779
-733
-696
-645
-599
-565
-541
-527
-524
-514
-518
-508
-497
-455
-387
-303
-191
-72
61
204
347
471
596
702
794
869
921
968
995
1018
1016
1000
974
946
905
856
804
738
673
586
501
394
294
179
58
-61
-172
-269
-377
-462
-548
-614
-676
-716
-766
-794
-804
-819
-822
-820
-801
-791
-768
-752
-735
-713
-685
-666
-642
-608
-563
-497
-423
-329
-242
-111
14
141
271
393
514
625
724
801
885
945
992
1010
1029
1033
1030
998
960
902
840
777
693
611
519
426
307
208
98
-3
-113
-202
-300
-383
-458
-537
-603
-668
-726
-781
-823
-861
-883
-897
-899
-897
-879
-867
-836
-791
-743
-698
-641
-579
-509
-426
-346
-248
-149
-29
84
199
322
436
542
640
730
801
869
921
953
979
991
992
978
949
910
862
810
754
684
604
519
432
332
234
137
45
-47
-135
-219
-306
-375
-456
-539
-622
-693
-763
-822
-874
-921
-948
-963
-972
-971
-950
-928
-888
-837
-769
-703
-621
-533
-444
-337
-231
-120
-1
123
240
362
473
584
673
747
820
879
930
964
991
995
992
981
952
911
872
819
754
696
625
542
459
374
281
194
101
6
-86
-175
-261
-349
-432
-519
-607
-695
-770
-845
-917
-979
-1028
-1073
-1094
-1106
-1110
-1086
-1047
-1004
-939
-859
-777
-674
-567
-448
-321
-185
-48
86
228
359
488
605
720
816
909
989
1057
1116
1142
1172
1177
1173
1155
1120
1076
1016
952
876
792
704
609
503
399
294
184
73
-32
-147
-254
-357
-464
-554
-645
-739
-833
-917
-998
-1072
-1133
-1187
-1223
-1248
-1255
-1255
-1229
-1184
-1129
-1050
-958
-841
-717
-585
-444
-300
-147
0
144
289
427
561
685
807
912
1013
1094
1154
1203
1232
1251
1249
1236
1202
1156
1109
1050
977
889
798
693
595
482
351
233
123
11
-108
-217
-325
-421
-509
-609
-707
-795
-883
-965
-1039
-1103
-1162
-1208
-1236
-1256
-1252
-1230
-1197
-1143
-1060
-965
-856
-727
-595
-456
-309
-156
-11
140
287
423
560
686
809
923
1025
1111
1173
1224
1263
1278
1284
1265
1234
1195
1147
1080
1000
911
803
693
570
443
309
177
42
-87
-210
-330
-441
-560
-665
-766
-861
-948
-1030
-1106
-1173
-1224
-1274
-1310
-1328
-1332
-1312
-1270
-1213
-1135
-1041
-934
-815
-680
-538
-387
-232
-84
77
236
387
537
679
805
928
1044
1139
1224
1292
1342
1378
1406
1402
1385
1360
1315
1251
1176
1080
970
851
716
576
431
285
124
-24
-163
-301
-437
-570
-693
-802
-897
-989
-1070
-1137
-1194
-1248
-1288
-1319
-1335
-1328
-1304
-1264
-1202
-1127
-1041
-930
-819
-699
-568
-435
-303
-158
-15
124
273
413
549
682
807
916
1020
1112
1185
1243
1290
1316
1330
1334
1311
1278
1228
1161
1074
973
856
726
597
453
296
146
-6
-149
-277
-413
-533
-640
-735
-817
-889
-954
-1012
-1056
-1099
-1133
-1147
-1145
-1139
-1114
-1077
-1026
-952
-872
-792
-706
-607
-509
-403
-295
-189
-78
39
149
262
377
485
588
682
769
851
925
983
1033
1072
1096
1109
1107
1087
1055
1012
947
873
790
689
583
464
332
202
75
-55
-177
-291
-398
-491
-569
-639
-705
-758
-807
-851
-884
-911
-931
-934
-927
-910
-881
-832
-778
-714
-653
-579
-501
-420
-341
-268
-184
-100
-8
81
177
268
357
441
516
587
655
710
765
810
846
877
896
907
898
876
840
790
734
662
585
498
411
308
201
99
-13
-111
-209
-307
-395
-468
-540
-596
-655
-705
-739
-768
-786
-803
-805
-796
-778
-754
-715
-668
-609
-546
-478
-404
-327
-257
-190
-116
-35
46
126
211
287
362
429
489
546
601
643
678
713
735
749
759
750
734
714
678
641
595
542
472
403
328
240
150
58
-28
-112
-191
-276
-355
-421
-492
-555
-609
-650
-691
-715
-735
-739
-734
-724
-712
-686
-645
-602
-545
-489
-424
-347
-270
-199
-120
-47
26
98
166
230
300
362
413
470
515
553
585
606
619
630
627
614
597
578
548
513
476
434
390
347
294
232
172
106
42
-21
-84
-151
-207
-260
-314
-366
-412
-451
-486
-517
-549
-571
-581
-583
-581
-576
-558
-537
-506
-465
-421
-371
-314
-254
-189
-120
-54
13
71
127
183
237
286
337
372
407
438
461
481
492
492
489
481
469
453
432
407
377
349
315
281
240
203
156
113
69
28
-12
-57
-99
-140
-174
-212
-244
-276
-300
-320
-336
-352
-366
-371
-378
-376
-369
-357
-342
-319
-300
-273
-238
-203
-162
-123
-84
-48
-2
40
77
116
144
174
200
224
245
265
273
280
280
275
270
258
250
237
213
196
180
159
133
105
74
45
20
-9
-37
-60
-78
-104
-123
-142
-161
-181
-196
-206
-219
-222
-225
-219
-206
-198
-191
-175
-163
-154
-137
-124
-106
-80
-61
-33
-1
29
51
78
97
112
132
145
156
171
177
184
198
203
203
196
189
172
160
137
116
99
73
52
37
21
-4
-22
-44
-61
-82
-105
-120
-134
-138
-147
-153
-154
-146
-140
-141
-139
-131
-124
-116
-103
-93
-74
-59
-46
-34
-17
-9
4
18
32
49
62
74
79
90
99
109
118
124
123
133
140
137
131
122
116
114
103
89
77
62
49
28
17
-6
-18
-30
-48
-65
-82
-97
-111
-116
-132
-132
-132
-133
-138
-130
-121
-110
-96
-88
-70
-58
-44
-33
-18
-2
15
28
45
69
79
89
99
108
110
115
112
108
107
101
102
101
98
86
85
80
71
61
47
37
30
16
2
-7
-20
-34
-52
-66
-71
-83
-101
-111
-121
-126
-128
-134
-141
-142
-142
-139
-130
-119
-111
-102
-89
-70
-53
-40
-23
-8
0
21
37
50
66
82
97
113
123
123
125
127
129
125
122
117
107
98
95
81
70
60
42
35
24
12
12
15
-5
-18
-23
-30
-41
-56
-75
-74
-76
-84
-87
-89
-92
-101
-105
-106
-98
-98
-91
-86
-73
-65
-59
-49
-40
-28
-19
-8
1
19
26
36
53
70
73
86
99
105
111
107
102
94
95
93
88
89
89
70
65
56
44
37
25
9
2
-9
-24
-25
-31
-44
-56
-55
-64
-65
-71
-80
-84
-76
-71
-73
-79
-75
-70
-69
-63
-63
-55
-52
-41
-32
-18
-5
5
11
22
42
56
58
62
72
78
82
89
86
81
82
83
84
80
70
58
50
38
33
20
9
1
-10
-18
-30
-34
-41
-54
-61
-61
-70
-75
-77
-83
-91
-86
-78
-82
-80
-77
-73
-75
-77
-71
-67
-59
-50
-40
-37
-25
-15
-4
-3
11
24
34
50
62
71
78
86
90
99
103
110
109
113
105
101
93
86
84
78
67
59
50
39
33
15
5
-12
-31
-42
-46
-63
-74
-80
-87
-94
-92
-97
-99
-93
-93
-91
-89
-81
-78
-79
-77
-64
-60
-53
-43
-32
-18
-8
7
15
26
33
51
57
68
85
98
105
106
112
118
128
121
121
118
117
120
112
102
94
84
72
62
51
30
12
3
-17
-38
-55
-71
-77
-92
-113
-119
-129
-141
-149
-155
-152
-151
-150
-146
-138
-131
-128
-116
-104
-95
-77
-60
-48
-34
-15
-1
10
21
30
42
58
67
79
99
114
129
137
144
151
152
148
145
146
139
133
121
112
100
94
80
73
56
35
17
7
-11
-28
-41
-57
-70
-86
-92
-105
-110
-120
-129
-133
-133
-130
-131
-130
-124
-113
-103
-90
-78
-65
-54
-46
-36
-25
-25
-13
6
17
29
43
52
59
73
78
85
100
107
119
118
122
129
125
119
115
109
99
90
89
80
67
53
43
37
31
18
-3
-17
-29
-47
-71
-79
-89
-101
-108
-112
-116
-119
-119
-121
-124
-115
-108
-105
-92
-80
-67
-64
-50
-48
-39
-23
-14
-1
8
22
37
51
56
66
69
79
79
80
89
91
87
95
96
89
86
84
79
67
55
47
44
33
27
7
2
-5
-9
-21
-30
-35
-46
-52
-63
-76
-86
-92
-94
-94
-96
-91
-89
-83
-83
-75
-66
-64
-64
-53
-41
-34
-27
-16
-4
-2
12
21
31
45
50
56
61
66
76
82
87
90
88
84
82
81
76
70
63
56
50
44
36
34
34
28
19
13
4
-3
-9
-24
-35
-46
-53
-57
-56
-56
-66
-70
-74
-70
-67
-71
-70
-64
-67
-58
-50
-47
-42
-44
-42
-38
-28
-21
-16
-14
-4
7
19
21
23
35
42
51
47
47
49
46
46
51
53
50
41
48
50
45
40
34
35
30
30
25
17
16
17
4
-1
-4
0
-1
-15
-20
-22
-19
-24
-27
-31
-36
-38
-50
-51
-48
-50
-54
-52
-51
-39
-34
-30
-19
-24
-13
-4
3
11
11
15
21
33
38
41
45
54
58
61
61
64
70
61
66
61
65
62
52
42
31
31
23
18
4
-2
-3
-2
-11
-17
-26
-26
-24
-37
-35
-41
-45
-53
-56
-63
-53
-57
-59
-56
-58
-67
-70
-61
-70
-55
-54
-40
-34
-20
-15
-18
-8
-4
-2
3
11
13
25
27
37
43
42
41
43
51
46
51
51
49
52
49
37
35
36
27
21
12
7
-7
-2
-13
-15
-18
-24
-14
-14
-22
-28
-26
-39
-37
-42
-51
-54
-54
-51
-42
-43
-59
-49
-48
-49
-43
-39
-32
-25
-17
-11
-8
-5
0
0
10
22
33
31
36
47
57
59
58
77
80
78
72
66
62
60
48
43
37
31
38
32
26
27
23
2
-6
-10
-17
-25
-24
-22
-27
-23
-37
-30
-37
-42
-43
-39
-43
-45
-34
-35
-31
-29
-25
-27
-27
-26
-22
-16
-10
-1
4
5
3
8
0
7
17
18
18
26
32
25
32
25
26
27
37
36
39
36
37
40
38
35
33
30
13
18
13
11
3
6
3
-4
-13
-14
-5
-17
-19
-21
-23
-20
-16
-23
-30
-24
-20
-15
-13
-16
-21
-14
-14
-18
-17
-17
-8
-10
-7
-9
-3
-2
5
-5
4
5
0
5
3
8
10
14
1
8
7