6
-1
-3
-3
-4
-5
1
3
-5
-7
-2
7
8
3
-4
0
6
2
-6
-9
-9
-7
0
-2
-8
-1
7
3
-3
0
-1
0
-7
-6
5
-2
-7
-3
2
3
-1
-7
1
8
6
7
13
13
9
8
2
0
-6
-7
-6
-8
-12
-10
-7
-8
-9
-7
-10
-5
-1
-5
-7
-4
0
2
3
0
1
0
6
6
4
4
3
2
-2
2
-2
0
10
13
10
5
2
2
2
-3
-6
-5
-3
-1
-5
-6
0
5
2
-7
-10
-5
2
2
2
6
16
18
18
17
14
4
-1
1
-10
-2
0
-2
4
0
2
12
8
1
-1
-1
3
6
-3
1
12
14
17
10
2
-2
-5
-15
-24
-30
-25
-17
-16
-16
-12
-8
-2
7
7
0
-6
-7
-3
-5
-10
-13
-11
-10
-10
-8
-13
-11
-6
-6
-1
7
10
14
22
23
19
7
5
0
-2
-7
-12
-6
1
2
6
12
13
8
0
1
1
5
8
4
5
20
13
-8
-5
-4
-5
-9
-16
-24
-18
-5
9
8
-3
5
9
-3
-11
-9
-20
-20
-11
-16
-11
-5
3
3
2
10
12
11
15
11
21
21
18
13
13
14
19
13
3
10
1
-9
-5
-1
1
13
13
14
8
5
4
6
-1
-6
-3
6
-4
-31
-31
-24
-16
-28
-16
5
5
7
5
20
25
18
29
37
27
14
13
5
-18
-34
-48
-54
-26
2
10
7
10
25
12
0
0
0
-19
-9
6
8
2
4
7
7
20
26
25
14
13
23
37
27
6
15
40
7
-10
4
3
-7
9
26
23
22
8
-11
-26
-25
-41
-54
-64
-93
-111
-89
-64
-51
-33
-33
-24
11
30
13
-3
-2
5
18
36
11
0
28
44
32
20
-14
-21
21
42
36
50
77
102
109
101
113
102
77
43
15
-18
-39
-49
-45
-39
-47
-56
-47
-57
-92
-118
-125
-121
-130
-109
-96
-83
-47
-1
26
19
10
-1
15
9
-21
-47
-63
-70
-48
-28
-32
-17
8
36
53
61
49
78
92
74
72
80
64
38
31
6
7
-7
-16
-7
2
26
49
63
71
66
54
18
-9
-37
-46
-24
-41
-58
-46
-23
-41
-70
-84
-106
-109
-78
-52
-27
6
39
53
61
63
46
16
5
21
25
21
34
58
57
30
47
72
68
72
87
71
42
7
14
4
-58
-108
-160
-172
-149
-159
-186
-170
-118
-2
105
179
219
264
299
337
329
245
176
154
97
-10
-118
-219
-267
-304
-311
-329
-359
-364
-338
-321
-301
-235
-201
-171
-66
93
204
265
334
396
447
463
430
344
263
205
120
30
-27
-147
-306
-440
-490
-521
-603
-677
-696
-589
-467
-370
-288
-123
40
237
401
507
587
621
665
708
655
492
398
332
254
158
60
-26
-96
-136
-231
-244
-252
-276
-304
-255
-223
-190
-172
-182
-169
-102
-34
-97
-137
-97
15
17
19
-41
34
124
135
38
-52
-156
-222
-196
-263
-332
-405
-335
-223
-46
-22
62
271
409
484
589
753
810
921
1013
1010
938
959
824
665
506
372
240
78
-143
-400
-482
-627
-796
-1019
-1042
-1042
-989
-838
-634
-426
-211
98
284
325
315
332
110
-61
-227
-459
-781
-888
-1002
-1125
-1094
-930
-806
-772
-645
-513
-377
-346
-305
-303
-159
31
325
632
944
1118
1405
1789
1999
2049
2018
1969
1923
1916
1775
1476
1266
1125
929
686
381
79
-228
-387
-651
-900
-1088
-1120
-1200
-1290
-1305
-1253
-1185
-1205
-1123
-1074
-988
-843
-641
-554
-580
-534
-488
-498
-536
-626
-804
-901
-920
-997
-1037
-1009
-1007
-1049
-748
-444
-399
-344
-1
369
681
982
1144
1260
1541
1835
1861
1735
1582
1615
1649
1632
1451
1313
1226
1262
1386
1276
995
847
775
532
284
-66
-570
-1087
-1388
-1675
-1967
-2339
-2582
-2621
-2475
-2221
-1930
-1632
-1237
-649
-131
211
528
841
987
1081
1226
1281
1112
996
1042
992
797
741
713
618
521
556
597
591
577
565
504
341
174
70
23
21
-110
-164
-76
85
61
-160
-542
-1064
-1624
-2391
-3338
-4296
-5212
-5984
-6412
-6531
-6385
-5717
-4617
-3233
-1490
533
2637
4667
6647
8254
9403
10196
10509
10146
9474
8414
6659
4971
3578
2011
201
-857
-1504
-1938
-1903
-1502
-1538
-1148
-317
-239
-718
-712
-1107
-2291
-3084
-3822
-5222
-6234
-6551
-6930
-7092
-6387
-5389
-4078
-2507
-997
511
2198
3427
3859
3930
3343
2231
1137
-462
-2774
-4966
-6557
-7891
-8544
-8752
-8638
-7672
-5377
-2858
-147
2906
5715
7988
10607
12965
13988
14448
14292
13431
12213
11450
9530
6794
4276
2663
1090
-102
-1433
-2752
-3403
-3160
-2822
-2782
-2799
-3211
-3513
-3353
-3887
-5295
-6778
-7711
-8990
-9850
-10084
-9852
-9691
-8651
-6635
-4030
-1903
160
2395
4523
5743
6488
6832
5424
3380
1741
95
-2997
-5618
-7519
-9129
-9803
-9123
-8464
-7461
-4899
-1530
1697
5260
8757
11165
13771
16418
17874
17846
17731
16488
14295
12361
10118
6552
2977
195
-2319
-4087
-5389
-6822
-7556
-6992
-6291
-5690
-4761
-4504
-4796
-4506
-4204
-5409
-7014
-7812
-8897
-9746
-9635
-9307
-9369
-8059
-5970
-4017
-1527
1291
3177
4898
7283
7891
7083
6350
4867
1363
-1327
-3366
-6726
-9661
-10169
-10146
-10268
-7917
-4679
-1651
2038
7233
11073
14496
17969
20412
21252
21606
20607
17944
15171
11724
7219
2876
-356
-4039
-7102
-8316
-8909
-9328
-8378
-6606
-5947
-4479
-2430
-1977
-2769
-2837
-3696
-5806
-7442
-8943
-11204
-12229
-11776
-11463
-11227
-9294
-6753
-4112
-1088
1923
4025
5404
6648
6848
5961
3930
1536
-1481
-4184
-6691
-8721
-10013
-10392
-9827
-7751
-4290
-183
3704
8485
13660
18489
21629
24319
25747
25215
23262
21188
17911
12538
7227
2794
-1557
-5473
-7818
-9987
-11671
-11343
-9608
-8892
-7474
-5772
-5163
-5461
-4403
-4392
-6791
-8989
-9670
-10684
-11599
-11247
-11388
-11368
-9008
-5684
-3875
-1870
776
2356
3713
5590
5708
3742
2322
1097
-879
-2993
-4755
-7380
-9008
-7973
-6542
-5786
-4008
-69
4001
8971
13929
17812
20473
24563
27522
26519
24493
23368
20545
14536
9897
5687
660
-4412
-6664
-9210
-11693
-12222
-10623
-10400
-9966
-8367
-7468
-7617
-7011
-7107
-9431
-10740
-10567
-11503
-12961
-12331
-11970
-12126
-9759
-6631
-5623
-4998
-1896
795
2317
2990
3383
2714
2662
2432
890
-1626
-3742
-5002
-4843
-4863
-5592
-5262
-1501
2554
5907
9750
14697
18943
23511
28275
29030
27087
26861
27307
22153
15355
10774
6610
364
-3471
-6367
-11153
-13948
-11832
-11310
-13046
-11367
-8732
-9195
-8249
-5866
-7901
-10631
-9389
-10033
-13938
-14199
-13147
-15882
-16179
-12466
-11822
-12488
-8154
-4542
-4483
-1912
2232
2158
1779
3526
2950
193
49
-1101
-3816
-4277
-3224
-4242
-2431
1999
4537
7399
14294
20164
23577
29338
32516
30800
30027
32488
27422
19195
14867
10662
2231
-2470
-4401
-11240
-16220
-13946
-12449
-15374
-13642
-10500
-10781
-9403
-4931
-6221
-9718
-7900
-7828
-12391
-13597
-12553
-17038
-19622
-16340
-15386
-16827
-13048
-8524
-7608
-3725
2549
4580
4728
7459
7700
6211
6228
4512
-308
-1464
-886
-3437
-3918
-512
900
2680
9881
16507
19433
25260
30744
30185
29357
32247
29854
21514
16599
12653
4165
-3204
-5862
-11844
-18509
-18633
-16310
-18260
-17103
-13339
-11724
-10042
-4685
-3579
-5937
-4733
-3869
-8087
-10477
-9786
-14136
-19174
-17691
-16045
-17499
-15773
-11262
-9241
-5181
1576
5287
6014
8733
10425
10063
9598
7825
2839
546
43
-2533
-5237
-3244
-2123
-633
4857
12497
16168
21816
28227
29497
28321
30795
31254
23994
18188
14503
8006
-648
-4254
-9588
-16500
-18987
-16667
-17748
-17706
-14422
-11884
-10401
-5488
-2554
-4429
-4549
-2725
-5399
-9336
-10013
-13069
-19231
-20231
-18048
-19275
-20187
-15847
-11591
-7876
-1734
4281
6290
9121
13054
14243
12786
11469
7681
3807
1789
-474
-4878
-5432
-4043
-2824
547
7765
12761
17268
24953
28994
28527
29543
32469
27523
20294
16671
11863
2088
-4285
-7811
-14879
-20266
-19253
-18169
-19760
-17030
-12501
-10282
-6868
-1627
-1048
-2441
-719
-1211
-5611
-8123
-10147
-16363
-20039
-18495
-19189
-21734
-18997
-13726
-10167
-4893
1948
5625
8427
12957
15415
14511
13106
10043
5745
3388
868
-4321
-6767
-5019
-3829
-2266
3798
10152
14200
21257
28470
29291
28687
31545
31013
23319
17446
13402
5500
-3926
-8377
-13737
-20488
-22640
-20073
-20230
-19277
-14537
-9961
-6939
-1776
1502
692
747
1574
-1721
-6276
-8859
-13248
-18646
-19448
-19188
-21235
-20746
-15508
-11208
-6879
-726
4640
7567
11447
14329
13963
12225
10343
6297
2690
115
-3524
-7222
-6080
-4053
-2978
957
8327
13620
18620
26424
30551
29933
30529
32472
27622
19727
14293
8429
-1370
-8822
-13042
-18999
-24159
-23555
-20896
-19787
-16551
-11285
-6996
-2713
1917
3373
2476
2158
406
-3600
-7522
-11317
-16615
-19731
-19792
-20134
-20447
-17212
-12082
-7485
-2305
3643
7984
10905
13307
14029
12781
10596
7330
3087
-441
-3703
-6742
-7642
-6093
-4687
-1480
4873
11362
15914
22792
29780
31279
30408
31833
31245
23670
16165
10430
2620
-6959
-12084
-16785
-23146
-25824
-22279
-19738
-18096
-13685
-7667
-3505
885
4346
4361
2705
1846
-979
-5792
-10190
-14407
-19222
-21024
-20286
-19975
-18857
-14022
-8256
-3288
2404
8095
11414
13285
14918
14539
12169
8904
4882
495
-3180
-6255
-8674
-8680
-7168
-4642
11
6717
12553
18266
25986
30610
30654
30759
32432
28495
20230
13656
7899
-1344
-9454
-13964
-19304
-24815
-24567
-21167
-19413
-16640
-10926
-5895
-1774
2640
4800
3673
2702
1283
-2965
-8064
-12026
-16617
-20613
-21326
-20765
-20220
-17085
-11363
-6323
-1161
5295
10169
12412
14263
15202
13565
10611
7110
2605
-1755
-5044
-7867
-9482
-8591
-6592
-3361
2456
9357
14816
21464
28696
30995
30349
31429
31809
25351
17329
11632
5177
-4230
-10482
-14537
-20094
-23661
-21320
-18209
-16769
-13052
-7060
-2799
432
3755
4864
3006
1135
-1472
-6115
-11249
-15112
-19405
-22444
-22675
-21427
-19870
-15857
-10063
-4659
613
6471
10832
12788
13921
14020
11845
8591
4777
553
-3626
-6562
-8589
-8912
-7483
-5239
-991
5218
11920
17150
23851
29272
30779
30408
31541
29428
21802
14714
9215
1676
-7294
-11971
-15938
-20961
-22862
-19394
-16427
-14440
-9887
-4302
-484
2767
5634
5181
3050
964
-2100
-7191
-11815
-15965
-20064
-22029
-21694
-20630
-18774
-14009
-8567
-3277
2292
8015
11079
12660
14214
14096
11071
7259
3761
-172
-4168
-6932
-8424
-8568
-7167
-3855
1080
6864
12715
18598
25110
29141
29551
29214
29927
26134
18093
11336
6050
-2061
-10024
-13938
-17904
-22242
-21970
-17796
-15693
-13151
-7619
-2238
623
3417
5432
4230
1940
-354
-4006
-9037
-12906
-16834
-20347
-21297
-20097
-19042
-16495
-11216
-5864
-1067
4718
9815
11552
12455
14002
13107
9047
5076
1822
-1791
-5173
-7228
-8459
-7886
-5398
-1288
3617
9167
14553
20531
26601
28720
28015
28118
28396
22629
14917
9296
3937
-4802
-10976
-14068
-18119
-21828
-19961
-16072
-14350
-11299
-5778
-1536
840
3729
4731
2498
379
-1852
-5592
-10329
-13805
-17935
-20201
-19924
-18641
-17875
-14349
-8801
-3880
1012
6585
10183
11243
12606
13480
10963
6878
3757
869
-2810
-5564
-7078
-7376
-5860
-3055
924
6056
11910
16778
22275
26977
27841
26901
27387
25785
18696
11903
7345
962
-7571
-11987
-14864
-19275
-21296
-18040
-15200
-13622
-9458
-4054
-959
1413
3823
3626
1384
-593
-3192
-7290
-11330
-14837
-18236
-19222
-18241
-17339
-15778
-10916
-5549
-991
3713
8499
10752
11656
12526
11606
8045
4401
1504
-1847
-5318
-7376
-8345
-7650
-5637
-2288
2221
8013
13053
17919
23686
26963
26417
25769
26460
22721
15530
9909
5509
-1893
-8587
-11725
-15043
-19007
-18508
-14927
-13216
-10916
-5880
-1574
492
2911
4373
2862
666
-1459
-4900
-9003
-12446
-16184
-18953
-18901
-18010
-17119
-14185
-9035
-4493
-9
5140
8960
10171
11187
11878
9946
6425
3200
129
-3238
-6212
-8075
-8549
-7246
-5025
-1259
3801
9301
13914
19492
24715
25982
25033
25668
25521
19845
13170
8738
3925
-3714
-8700
-11273
-14879
-17637
-15435
-12425
-10932
-8083
-3510
-340
1600
3470
3601
1680
-426
-3018
-6493
-10003
-13412
-17040
-18396
-17799
-16971
-15535
-11647
-7014
-2989
1645
6463
8845
9463
10512
10565
8060
4677
1564
-1713
-4957
-7390
-8672
-8717
-7196
-4515
13
5477
10657
15271
21271
25251
25393
24909
26006
23650
16836
11214
7151
920
-6070
-9435
-12392
-16219
-16872
-13670
-11621
-10045
-6352
-2260
219
2171
3562
2687
750
-1432
-4266
-7791
-10877
-14563
-17588
-17782
-16621
-16006
-13917
-9238
-4852
-1025
3829
8023
9350
9925
11020
10421
7436
4067
996
-2038
-4845
-7175
-8404
-7816
-6092
-3239
1520
7023
11484
16370
22195
24786
24078
24348
25010
20493
13740
9213
4822
-2377
-7772
-10144
-13646
-16957
-15553
-12127
-10856
-8973
-4733
-1289
608
2521
3061
1131
-889
-2905
-6183
-9902
-13050
-16477
-18524
-17892
-16666
-15877
-12709
-7659
-3290
830
5799
8951
9906
11179
12130
9937
6440
3845
1035
-2530
-5445
-7243
-7899
-6931
-4838
-1407
3362
8645
13485
18988
23377
24066
23681
24879
23403
16792
11012
7448
1935
-5128
-8559
-11007
-14954
-16184
-12982
-10749
-9840
-6650
-2377
128
2004
3403
2787
871
-844
-3553
-6962
-10058
-13320
-16510
-17073
-16204
-15631
-14091
-10115
-5979
-2189
2397
6537
8122
8967
10282
9941
7218
4132
1442
-1464
-4496
-6751
-7983
-7767
-6504
-3813
385
5549
9929
14802
20545
23384
22796
22869
23854
20182
13644
8943
5252
-1076
-6395
-8878
-11923
-15362
-14298
-10780
-9438
-8142
-4374
-597
1501
3085
3493
2057
449
-1522
-4566
-7714
-10495
-13830
-15753
-15296
-14569
-14121
-11569
-7614
-4277
-872
3539
6448
7053
7586
8392
7341
4481
1437
-1011
-3540
-5998
-7588
-7682
-6883
-5200
-1677
3376
8058
12073
17477
22138
23014
22283
23179
22142
16404
10630
7059
2047
-4564
-8106
-10372
-13921
-15259
-12244
-9680
-8598
-5721
-1498
1161
2866
4105
3687
1988
80
-2636
-5657
-8219
-11564
-14810
-15277
-14117
-13809
-12820
-9336
-5471
-2302
1510
5370
6777
7047
7888
7825
5350
2041
-657
-2881
-5345
-7425
-8208
-7282
-5749
-3024
1550
6533
10370
15014
20746
22909
21762
21879
22749
18485
11957
7768
4135
-2175
-6908
-8960
-11789
-14301
-12668
-9645
-8379
-6438
-2829
140
2040
3418
3446
2177
689
-1648
-4496
-6952
-9466
-12937
-14434
-13529
-12909
-12919
-10269
-6326
-3378
-482
3564
6050
6547
6959
7411
5901
2994
100
-2084
-4430
-6742
-7989
-7354
-5945
-3996
-440
4647
9137
12926
18033
21730
21628
20750
21785
19848
13588
8262
5180
515
-5213
-8029
-9955
-12592
-12933
-10027
-8043
-7064
-4555
-1135
1221
2442
2929
2198
1026
-717
-3209
-5942
-8047
-11031
-13751
-13838
-12786
-12874
-11992
-8288
-4865
-2435
887
4484
5495
5621
6305
5984
3537
754
-1569
-3637
-5694
-7209
-7550
-6308
-4481
-1707
2635
7630
11424
15487
20296
22017
20973
21039
21264
16556
10582
7049
3542
-2441
-6466
-8265
-10889
-12924
-11259
-8902
-7954
-6241
-3098
-601
1293
2402
2021
797
37
-1799
-4644
-6935
-8970
-11796
-12811
-11750
-11350
-11141
-8088
-4239
-1847
700
4425
6233
6168
6215
6284
4402
1609
-1141
-3254
-5168
-6842
-7992
-7274
-5472
-3323
85
4948
9054
12383
17136
20563
20119
19118
20108
17893
12019
7583
4996
-83
-5151
-7082
-8951
-11866
-11725
-8938
-7513
-6429
-3528
-721
1181
2677
2980
1775
997
-439
-3325
-5857
-7490
-10274
-12622
-11954
-10895
-10942
-9209
-5342
-2681
-479
3020
5476
5367
5179
5749
4589
1816
-964
-3118
-4803
-6389
-7928
-8001
-6125
-4105
-1452
2959
7549
10686
14951
19401
19887
18321
19031
18725
13583
8224
5292
1471
-3916
-6823
-8537
-11289
-12326
-9958
-7874
-6810
-4474
-1471
746
2571
3429
2572
1487
535
-1925
-4697
-6283
-8520
-11602
-11702
-10022
-9734
-9314
-5984
-2582
-497
2010
4739
5295
4885
5088
4528
2300
-269
-2575
-4442
-5909
-7208
-7902
-6618
-4610
-2507
1136
6188
9649
12844
17264
19514
18359
18018
18503
14902
9206
5767
2826
-2563
-6498
-8104
-10246
-12001
-10337
-8051
-6695
-4359
-1219
616
2304
3915
3555
1787
753
-1182
-4314
-6310
-7908
-11058
-12558
-10964
-9857
-9679
-7164
-3445
-1105
1313
4596
5996
5516
5360
5345
3722
1148
-1673
-4030
-5536
-6621
-7931
-7505
-5450
-3131
-129
4776
8994
12163
16380
19590
19189
18186
18752
16329
10660
6342
3586
-1526
-6219
-8026
-9743
-12198
-11407
-8654
-7011
-5183
-2103
-38
1509
3456
3692
1883
610
-766
-3506
-5702
-6892
-9648
-11931
-10838
-9039
-8910
-7499
-4193
-1537
710
3740
5581
5276
4925
4996
3696
1480
-1210
-3958
-5816
-6495
-7652
-8140
-6425
-3997
-1422
2659
7491
10785
14283
17704
18514
17435
17707
16320
11368
6856
4272
-138
-4927
-6798
-8483
-11256
-10995
-8136
-6799
-5677
-2475
-105
846
2735
3944
2103
394
-262
-2396
-4945
-6054
-8282
-10960
-10289
-8332
-8241
-7503
-4254
-1511
606
3833
5979
5537
5360
5891
4462
1928
-453
-3180
-5566
-6271
-7243
-8315
-7021
-4225
-1854
1592
6473
10157
13369
16798
18062
16858
16721
16067
11670
6540
3525
-41
-4585
-6833
-8519
-11108
-11208
-8049
-6392
-5533
-2642
285
1600
3503
4569
2751
1043
619
-1513
-4661
-5998
-7914
-10803
-10677
-8688
-8695
-8310
-4830
-1886
-154
3004
5849
5452
4872
5612
4430
1583
-740
-3160
-5972
-6956
-7288
-8201
-7519
-4753
-2055
1239
6073
9753
12728
16228
17944
16824
16566
16013
11753
6756
4065
476
-4529
-6754
-7848
-10533
-11169
-8035
-6020
-5354
-2487
801
2102
3558
4976
3656
1668
779
-1357
-4447
-5900
-7672
-10856
-11169
-8880
-8415
-8404
-4979
-1541
54
2880
6246
6098
4756
5445
4942
1638
-1287
-3284
-5860
-7444
-7679
-8203
-7746
-5125
-1858
1340
5630
9650
13118
16428
18016
17093
16821
16559
12398
6873
4031
976
-4419
-7396
-8247
-10634
-12067
-9116
-6390
-5841
-3601
345
2193
3155
4580
4075
1945
619
-1259
-4216
-6005
-7579
-10644
-11310
-8977
-8062
-8099
-4951
-1150
499
2791
6204
6527
4927
4970
4780
1680
-1638
-3665
-5716
-7688
-8364
-8430
-7485
-5199
-2315
1030
5518
9521
12703
16108
17925
17038
16446
16564
12923
7202
4012
1539
-3523
-6985
-7814
-9844
-11635
-9256
-6202
-5508
-3914
-348
1881
3012
4126
3740
1881
693
-1103
-3857
-5563
-6909
-9766
-10669
-8442
-7242
-7460
-4853
-1035
556
2306
5500
6250
4580
4240
4239
1943
-1105
-3264
-5308
-7055
-7523
-7753
-7186
-5266
-2498
562
4802
8575
11708
14946
16949
16312
15634
15740
12652
7228
3747
1353
-3319
-6783
-7788
-9615
-11426
-9398
-6378
-5314
-3669
-562
1550
3107
4602
4097
2100
1126
-446
-3239
-5015
-6319
-9292
-10439
-8289
-6960
-7304
-5025
-1253
529
2177
5256
6106
4458
4056
4299
2316
-769
-3204
-5196
-6606
-7261
-7846
-7347
-5353
-2707
325
4564
8324
11358
14737
16927
16186
15251
15488
12688
7125
3261
902
-3366
-6885
-8208
-9802
-11194
-9377
-6481
-4936
-3166
-492
1556
3458
4924
3996
1960
1214
-388
-3524
-5372
-6443
-9316
-10682
-8562
-6961
-7217
-5052
-1142
783
2315
5255
6251
4715
4155
4315
2358
-746
-3243
-5080
-6560
-7423
-8075
-7343
-5226
-2688
227
4709
8814
11869
15056
17341
16952
16090
15940
13052
7623
3632
975
-3289
-6857
-8414
-10082
-11319
-9393
-6686
-5306
-3487
-675
1264
2911
4210
3336
1291
448
-1091
-4282
-6158
-7077
-9740
-11123
-9027
-7299
-7308
-5022
-1219
796
2506
5629
6690
5209
4706
4891
2909
-156
-2644
-4756
-6363
-7058
-7600
-7021
-4966
-2262
801
5251
9356
12439
15361
17336
17070
16354
15657
12216
7048
3311
232
-4241
-7428
-8965
-10884
-11790
-9440
-7041
-5878
-3678
-641
1040
2692
4149
3272
1244
620
-921
-4046
-5861
-6820
-9389
-10681
-8593
-6966
-6833
-4646
-998
1048
2993
5952
6921
5582
5054
5112
3362
271
-2574
-4772
-6023
-6719
-7318
-6834
-4692
-2011
1180
5445
9265
12203
14694
16345
16114
15511
14227
10792
6095
2601
-711
-4607
-7356
-9125
-10953
-11103
-8812
-6814
-5548
-3262
-656
1087
2898
3971
2678
1173
683
-1059
-3978
-5364
-6635
-9153
-9722
-7596
-6469
-6250
-3793
-453
1591
3771
6269
6664
5679
5535
4989
2889
-96
-2784
-5065
-6090
-6988
-7541
-6837
-4499
-2054
1213
5404
9044
11852
13970
15211
15111
14778
12974
9297
5184
2107
-1437
-4975
-7282
-9315
-10963
-10214
-7999
-6705
-5095
-2244
29
1631
3649
4321
2758
1722
1055
-1293
-3919
-5030
-6975
-9327
-9004
-7013
-6550
-5769
-2872
122
2144
4614
6446
6285
5613
5496
4292
1903
-946
-3686
-5768
-6483
-7224
-7633
-6557
-4059
-1405
2217
6255
9482
12049
14193
15039
14777
14275
11894
7957
4440
1555
-2423
-5653
-7514
-9395
-10798
-9468
-7342
-6187
-4325
-1515
292
1989
3876
3653
1849
1276
363
-2380
-4538
-5377
-7660
-9408
-8039
-6416
-6452
-4996
-1745
613
2556
5054
6191
5626
5448
5303
3648
1225
-1273
-3894
-5532
-5940
-6753
-7126
-5560
-2906
-367
3314
7174
10077
12493
14594
15156
14860
14121
11340
7331
4231
1254
-3029
-6127
-7739
-9815
-11069
-9415
-7466
-6509
-4464
-1673
4
1735
3449
2915
1182
901
-33
-2778
-4695
-5513
-7645
-8906
-7455
-6178
-6099
-4286
-1320
615
2723
5233
5853
5114
5318
5081
3130
699
-1549
-4119
-5565
-5922
-6667
-6837
-5002
-2316
243
3810
7510
10375
12498
14204
14626
14475
13440
10350
6527
3822
879
-3180
-5833
-7498
-9464
-9999
-8120
-6735
-5914
-3656
-1098
172
1649
2982
2045
504
322
-794
-3470
-4906
-5666
-7583
-8334
-6744
-5703
-5383
-3325
-745
967
3227
5606
5622
4866
5284
4858
2564
294
-1737
-4254
-5584
-5795
-6246
-6227
-4249
-1814
727
4196
7804
10155
11691
12996
13661
13452
11671
8500
5440
2989
-355
-3660
-5622
-7588
-9533
-9058
-7067
-6231
-5294
-2799
-678
364
1833
2702
1530
321
-62
-1345
-3241
-4319
-5651
-7347
-7102
-5552
-4980
-4499
-2476
-332
1672
4039
5299
4806
4684
5111
3960
1704
-430
-2575
-4617
-5280
-5676
-6191
-5570
-3251
-952
1599
4907
8291
10575
11740
12542
13256
13095
10613
7303
4731
2243
-1327
-4008
-5858
-8269
-9802
-8294
-6495
-6155
-4979
-2206
-368
740
2069
2250
920
271
-294
-1838
-3343
-4321
-6127
-7017
-5963
-5071
-5078
-3740
-1679
-191
1911
4333
4579
3763
4366
4578
2634
462
-1044
-3015
-4703
-5023
-5199
-5392
-4329
-1949
479
3164
6152
9294
11368
12062
12407
13277
12617
9292
5986
4134
1421
-2516
-4740
-6279
-8725
-9600
-7615
-6226
-5969
-4275
-1719
-187
962
1991
1480
460
62
-909
-2561
-3547
-4816
-6699
-6776
-5451
-5250
-5103
-3097
-1289
-214
2165
4389
4003
3253
4227
4097
2017
70
-1121
-2991
-4224
-4413
-4434
-4470
-3239
-1050
1536
4307
7097
9697
11315
12016
12477
13095
11559
8057
5268
3684
439
-3256
-5150
-6738
-8924
-9016
-7300
-6378
-5703
-3800
-1974
-450
1032
1450
505
116
-292
-1694
-2830
-3348
-5280
-6960
-5864
-4444
-4928
-4388
-1974
-527
536
3169
4703
3606
3350
4499
3687
1330
-169
-1382
-3247
-4139
-4190
-4349
-4114
-2587
-463
2067
4953
7607
9634
10902
11579
12052
12133
10046
6590
4182
2416
-745
-3839
-5656
-7427
-8656
-7789
-6409
-5888
-4734
-2640
-1038
297
1406
1134
224
137
-676
-2390
-3165
-3738
-5867
-6664
-4964
-4013
-4544
-3223
-813
255
1628
4181
4800
3600
3870
4613
3237
901
-476
-1894
-3462
-4275
-4307
-4375
-3789
-2280
-85
2603
5384
7705
9109
10096
10868
11465
10392
7777
5068
3264
778
-2080
-4272
-6157
-7827
-7839
-6725
-6081
-5327
-3585
-2037
-684
806
1367
534
212
-43
-1311
-2478
-2774
-4177
-5950
-5418
-3863
-3861
-3779
-1963
-371
766
2767
4309
3789
3378
4096
3829
1973
202
-1129
-2676
-3631
-3827
-3856
-3760
-2680
-655
1884
4255
6598
8663
9776
10174
10764
10875
8795
5794
3850
2024
-1135
-3592
-4962
-6821
-8347
-7578
-6258
-5687
-4681
-2945
-1570
30
1473
1245
301
278
-257
-1708
-2443
-3032
-5094
-5990
-4580
-3707
-4294
-3321
-1221
-35
1179
3265
4075
3223
3271
3796
2874
821
-667
-1994
-3104
-3808
-3902
-3627
-2932
-1738
535
3336
5513
7469
9294
10174
10159
10690
10303
7685
4677
3198
1125
-1812
-3858
-5389
-7256
-7616
-6504
-5878
-5341
-3772
-2318
-1157
583
1421
450
-29
120
-1034
-2433
-2625
-3767
-5783
-5526
-3910
-3895
-3941
-2053
-342
526
2300
4076
3785
3096
3506
3378
1874
25
-1457
-2632
-3270
-3798
-3927
-3354
-2140
-854
1471
4204
6341
7990
9444
9876
9956
10396
9240
6149
3657
2337
-144
-2804
-4448
-6235
-7793
-7145
-5950
-5842
-4953
-2919
-1765
-724
1033
1330
20
-82
-76
-1661
-2680
-2661
-4334
-6041
-4975
-3484
-3809
-3367
-1324
51
1135
3063
3922
3177
3031
3406
2631
1124
-337
-1793
-2673
-2860
-3324
-3459
-2492
-1194
109
2452
5038
6785
8077
9143
9487
9639
9541
7667
4874
3029
1269
-1347
-3282
-4813
-6801
-7536
-6285
-5464
-5197
-3772
-2064
-1167
277
1591
947
-93
108
-544
-2159
-2619
-3007
-5074
-5816
-4207
-3351
-3691
-2507
-653
408
1946
3594
3472
2739
3160
2984
1594
240
-893
-2411
-3020
-3040
-3292
-3186
-1891
-446
1183
3594
6006
7616
8547
9188
9429
9506
8397
5953
3518
1743
-518
-2738
-4337
-6046
-7414
-6953
-5799
-5194
-4212
-2417
-1288
-199
1290
1709
598
231
23
-1277
-2281
-2399
-3823
-5429
-4665
-3339
-3507
-3046
-1218
-135
796
2741
3619
2683
2473
2931
2124
553
-491
-1668
-2775
-3057
-3012
-3035
-2343
-940
577
2714
5012
6871
8151
9033
9066
9023
8765
6950
4127
2112
459
-2036
-3959
-5095
-6591
-7424
-6283
-5038
-4562
-3325
-1578
-550
509
1615
1234
221
150
-471
-1980
-2620
-2963
-4580
-5256
-4026
-3325
-3455
-2189
-606
87
1447
3364
3334
2321
2678
2908
1626
151
-794
-2072
-2745
-2723
-2772
-2837
-1647
48
1766
3749
5954
7659
8633
9140
9153
9037
7968
5731
3213
1353
-893
-3038
-4492
-5936
-7457
-7243
-5900
-5184
-4504
-2879
-1540
-555
801
1342
443
-67
-177
-1243
-2395
-2740
-3824
-5147
-4583
-3351
-3404
-2899
-1034
209
1022
2910
4115
3435
3080
3637
2929
1217
15
-1004
-2412
-2990
-2921
-2873
-2515
-1105
593
2483
4642
6740
8058
8614
8915
9187
8805
6899
4387
2435
574
-1899
-3744
-5098
-6795
-7644
-6609
-5563
-5195
-4073
-2320
-1240
-146
1038
957
146
-35
-594
-1775
-2388
-2992
-4610
-5023
-3832
-3275
-3430
-2055
-373
404
1824
3779
3940
3096
3525
3645
2213
636
-234
-1604
-2799
-3024
-2814
-2714
-1909
-446
1399
3524
5546
7157
8142
8589
8711
8851
7859
5370
2966
1544
-566
-3161
-4731
-5965
-7326
-7334
-6122
-5381
-4686
-3084
-1611
-617
550
1210
648
249
-126
-1263
-2115
-2315
-3697
-5235
-4553
-3314
-3522
-3077
-1224
-112
743
2896
4126
3247
2975
3835
3213
1367
201
-821
-2165
-2671
-2648
-2737
-2277
-876
694
2598
4790
6709
7908
8690
8975
9036
8639
6845
4190
2241
555
-1957
-4096
-5474
-6870
-7628
-6820
-5839
-5190
-3938
-2287
-1180
19
1079
904
290
175
-583
-1915
-2284
-2855
-4642
-5256
-3903
-3330
-3638
-2397
-585
277
1675
3647
3807
2976
3421
3704
2369
717
-352
-1708
-2562
-2764
-2872
-2900
-1756
-220
1584
3833
6097
7646
8716
9470
9514
9216
8017
5746
3131
1208
-1029
-3369
-5175
-6668
-7992
-7804
-6702
-6015
-5165
-3464
-2017
-798
618
1158
558
503
441
-829
-1901
-2007
-3225
-4863
-4384
-3178
-3349
-3033
-1162
251
1167
3022
4308
3817
3500
3994
3417
1699
226
-1102
-2372
-2971
-3194
-3340
-2769
-1345
319
2493
4986
7060
8145
9102
9700
9553
8435
6710
4353
1898
-398
-2413
-4331
-6329
-7788
-7933
-7247
-6721
-5852
-4306
-2963
-1770
-121
917
517
413
726
-65
-1379
-1623
-2347
-4051
-4437
-3367
-3138
-3257
-1923
-315
710
2219
3816
3887
3501
3960
3862
2472
896
-314
-1647
-2523
-3016
-3306
-3155
-2002
-540
1345
3584
5886
7552
8590
9162
9375
9073
7564
5222
2878
852
-1531
-3582
-5434
-7187
-8123
-7536
-6846
-6436
-5172
-3400
-2134
-764
784
1004
602
1016
904
-498
-1362
-1636
-3149
-4326
-3736
-3170
-3514
-2599
-758
249
1402
3457
4333
3736
3901
4354
3422
1563
256
-993
-2185
-3012
-3348
-3502
-2797
-1487
302
2415
4711
6703
7988
8864
9318
9346
8247
6230
3862
1824
-526
-2867
-4912
-6758
-8013
-7995
-7436
-6991
-5865
-4147
-2745
-1293
413
1058
812
1190
1293
5
-1091
-1259
-2564
-4318
-4200
-3327
-3686
-3447
-1598
-175
640
2416
4089
3990
3660
4111
3886
2363
672
-536
-1697
-2653
-3272
-3355
-3056
-2041
-346
1902
3942
5914
7864
9188
9571
9718
9446
7714
5283
3199
960
-1806
-4009
-5793
-7578
-8444
-7947
-7422
-6793
-5251
-3570
-2360
-736
690
683
496
909
265
-1216
-1717
-2241
-4018
-4764
-3750
-3315
-3555
-2317
-397
699
2004
3827
4444
4029
4242
4376
3273
1476
116
-1081
-2067
-2965
-3413
-3250
-2422
-1185
726
2974
5036
7030
8680
9590
9841
9975
8941
6684
4335
2344
-380
-3041
-5056
-6859
-8389
-8486
-7954
-7498
-6396
-4625
-3327
-1943
-174
548
158
391
488
-751
-1842
-2061
-3236
-4641
-4226
-3195
-3293
-2908
-1088
466
1498
3065
4321
4270
4155
4452
3945
2457
890
-329
-1355
-2246
-3000
-3129
-2515
-1505
-112
1988
4274
6230
7751
8901
9515
9821
9205
7375
5076
3085
791
-1783
-3970
-5997
-7735
-8192
-7758
-7701
-7149
-5467
-3950
-2901
-1262
109
102
120
612
48
-1186
-1561
-2163
-3571
-3903
-3091
-2966
-2964
-1664
-114
801
2201
3744
4127
3903
4178
4102
3081
1595
231
-1000
-1881
-2602
-3014
-2970
-2264
-1031
896
2999
4896
6557
7919
8847
9339
9166
7767
5870
4035
2000
-682
-2941
-4818
-6703
-8021
-8100
-7863
-7489
-6363
-4931
-3688
-2088
-325
226
193
652
680
-279
-1015
-1531
-2863
-3735
-3284
-2887
-3207
-2500
-873
384
1579
3161
4067
4032
4273
4486
3853
2369
904
-324
-1208
-2063
-2754
-2926
-2344
-1307
254
2188
4059
5824
7314
8260
8672
8887
8167
6429
4425
2664
377
-1947
-3918
-5813
-7484
-7909
-7723
-7548
-6802
-5413
-4256
-2808
-913
79
15
402
786
26
-905
-1311
-2359
-3616
-3559
-3047
-3226
-2947
-1506
-125
948
2429
3723
3992
4032
4264
4005
2888
1382
51
-886
-1681
-2482
-2762
-2359
-1560
-330
1609
3497
5182
6810
8088
8572
8902
8828
7494
5453
3654
1757
-703
-2853
-4870
-6806
-7846
-7731
-7775
-7516
-6284
-4938
-3806
-2006
-472
-247
-16
744
375
-746
-1037
-1553
-3130
-3792
-3081
-2992
-3244
-2201
-661
314
1602
3146
3743
3761
4068
4070
3302
2022
740
-470
-1267
-2078
-2634
-2528
-1845
-1044
538
2611
4388
5975
7517
8455
8749
9066
8473
6646
4527
2852
647
-1785
-4018
-6003
-7509
-7842
-7904
-7908
-7107
-5656
-4560
-3185
-1389
-480
-411
189
544
-260
-1009
-1190
-2242
-3454
-3350
-2773
-2945
-2565
-1171
91
1139
2655
3781
3912
4026
4331
4011
2849
1515
263
-721
-1583
-2378
-2774
-2457
-1734
-663
1136
3111
4872
6392
7733
8519
8993
8843
7639
5767
4065
2050
-411
-2671
-4730
-6633
-7602
-7714
-7829
-7531
-6379
-5171
-3999
-2348
-1112
-862
-407
300
-87
-963
-1177
-1753
-3023
-3424
-2948
-2913
-2812
-1788
-511
551
1973
3325
3829
3944
4326
4384
3640
2283
956
-57
-894
-1960
-2652
-2551
-2044
-1342
283
2356
4124
5684
7332
8525
9034
9134
8412
6850
4920
2980
647
-1668
-3967
-6012
-7337
-7754
-7951
-7761
-6837
-5695
-4566
-2959
-1422
-941
-626
132
157
-664
-1069
-1411
-2623
-3457
-3212
-2988
-3191
-2589
-1323
-231
989
2446
3308
3567
3991
4240
3809
2741
1553
440
-497
-1423
-2160
-2402
-2115
-1480
-179
1677
3496
5197
6831
8147
8918
9303
8913
7652
5885
3988
1732
-542
-2776
-5107
-6925
-7549
-7841
-8080
-7468
-6240
-5227
-3889
-2141
-1243
-1021
-296
187
-491
-1106
-1214
-2071
-3277
-3362
-2956
-3144
-2952
-1827
-653
397
1834
3015
3510
3902
4319
4133
3346
2281
1092
25
-866
-1719
-2230
-2175
-1726
-821
847
2678
4374
5974
7496
8484
9098
9122
8181
6594
4850
2797
425
-1744
-4006
-6150
-7353
-7649
-7960
-7891
-6890
-5765
-4676
-3112
-1673
-1323
-927
-205
-254
-1075
-1373
-1749
-2821
-3373
-3076
-2996
-3002
-2117
-964
59
1351
2762
3478
3892
4318
4296
3731
2880
1805
525
-395
-1098
-1682
-1962
-1631
-861
491
2206
3921
5542
6990
8123
8829
9100
8403
6961
5279
3407
1023
-1188
-3306
-5499
-7155
-7671
-7936
-8072
-7431
-6317
-5299
-3890
-2271
-1535
-1250
-564
-232
-726
-1127
-1430
-2352
-3015
-2877
-2785
-2958
-2322
-1227
-320
767
2190
3129
3487
3859
3996
3639
2878
1926
762
-208
-899
-1456
-1775
-1637
-1028
43
1584
3273
4889
6260
7483
8320
8770
8450
7338
5713
4015
2025
-174
-2376
-4469
-6167
-7105
-7526
-7782
-7441
-6546
-5511
-4213
-2664
-1678
-1216
-499
5
-307
-821
-1046
-1818
-2746
-2948
-2793
-3033
-2800
-1780
-771
122
1470
2731
3254
3524
3815
3755
3095
2116
1090
174
-658
-1298
-1558
-1579
-1310
-432
1085
2610
4023
5504
6782
7665
8292
8316
7381
6022
4591
2694
492
-1445
-3435
-5383
-6534
-6946
-7327
-7241
-6420
-5494
-4469
-2992
-1789
-1401
-825
-156
-324
-961
-1106
-1615
-2704
-3038
-2738
-2863
-2873
-1850
-781
22
1276
2663
3205
3367
3762
3718
3106
2202
1216
175
-539
-1133
-1589
-1665
-1267
-593
648
2226
3690
5030
6333
7335
7932
8145
7580
6381
4929
3252
1182
-798
-2703
-4683
-6202
-6769
-7065
-7173
-6668
-5738
-4834
-3577
-2316
-1719
-1358
-698
-578
-1113
-1385
-1600
-2508
-3096
-2835
-2701
-2765
-2011
-913
-79
1021
2442
3189
3336
3658
3817
3317
2441
1536
539
-320
-947
-1394
-1642
-1474
-858
204
1602
3010
4448
5776
6854
7535
7935
7706
6795
5413
3881
2003
48
-1896
-3857
-5516
-6396
-6779
-6935
-6575
-5837
-4990
-3858
-2517
-1789
-1512
-963
-571
-940
-1317
-1487
-2140
-2824
-2756
-2560
-2661
-2163
-1053
-212
629
2003
3065
3356
3533
3748
3504
2789
1809
737
-210
-887
-1490
-1859
-1817
-1406
-536
883
2348
3682
5091
6404
7215
7655
7730
7089
5831
4325
2607
711
-1167
-3134
-4917
-5918
-6333
-6655
-6496
-5726
-4951
-4104
-2822
-1847
-1580
-1230
-750
-969
-1459
-1611
-2053
-2910
-3105
-2771
-2711
-2492
-1559
-551
380
1617
2780
3348
3692
3982
3828
3329
2531
1467
381
-318
-965
-1540
-1695
-1349
-722
334
1788
3192
4444
5645
6620
7148
7252
6839
5849
4367
2737
1072
-610
-2553
-4330
-5356
-5802
-6228
-6210
-5539
-4850
-4194
-3093
-2045
-1752
-1523
-1075
-1153
-1652
-1816
-2085
-2851
-3173
-2824
-2590
-2406
-1601
-567
306
1345
2513
3240
3502
3677
3729
3418
2654
1627
657
-77
-755
-1374
-1535
-1317
-805
140
1523
2876
4162
5370
6350
6931
7147
6863
5972
4690
3107
1383
-299
-1962
-3766
-5124
-5732
-6013
-6167
-5772
-5104
-4492
-3552
-2459
-1934
-1777
-1372
-1245
-1626
-1888
-2076
-2680
-3100
-2879
-2593
-2346
-1660
-655
176
1136
2258
3077
3427
3632
3661
3418
2949
2093
1053
208
-339
-922
-1249
-1191
-716
132
1357
2652
3965
5227
6176
6783
7170
7050
6209
5054
3668
1927
190
-1333
-3057
-4692
-5462
-5696
-5992
-5871
-5209
-4605
-3943
-2888
-2146
-2055
-1880
-1605
-1844
-2266
-2461
-2889
-3440
-3377
-2932
-2659
-2182
-1169
-133
788
1823
2785
3338
3580
3673
3557
3156
2438
1524
647
-65
-647
-1040
-1119
-829
-164
913
2190
3520
4783
5825
6564
7026
7103
6505
5393
4079
2551
796
-813
-2400
-3968
-5026
-5315
-5520
-5610
-5135
-4447
-3897
-3125
-2319
-2128
-2135
-1900
-1999
-2452
-2667
-2853
-3368
-3447
-2944
-2545
-2175
-1269
-189
660
1664
2700
3290
3469
3640
3626
3235
2521
1666
821
106
-538
-1078
-1229
-1040
-534
323
1529
2795
4088
5230
6077
6543
6768
6495
5580
4289
2848
1273
-319
-1835
-3361
-4522
-5069
-5235
-5349
-5124
-4561
-3956
-3291
-2517
-2151
-2093
-1894
-1749
-2117
-2459
-2534
-2825
-3160
-2935
-2480
-2204
-1606
-543
353
1181
2244
3159
3526
3693
3815
3557
2916
2108
1240
322
-402
-1037
-1380
-1331
-893
-248
818
2175
3530
4692
5634
6302
6606
6463
5727
4611
3212
1655
63
-1366
-2822
-4039
-4711
-4974
-5194
-4997
-4418
-3919
-3403
-2641
-2056
-1942
-1847
-1694
-1930
-2357
-2530
-2695
-3077
-3140
-2785
-2341
-1833
-1014
-72
887
1905
2833
3426
3725
3792
3636
3180
2399
1497
691
-52
-768
-1133
-1075
-783
-234
758
1932
3152
4328
5263
5794
6079
6053
5441
4370
3102
1721
244
-1129
-2445
-3644
-4394
-4698
-4911
-4874
-4396
-3829
-3408
-2750
-2073
-1812
-1794
-1625
-1771
-2185
-2408
-2528
-2941
-3156
-2815
-2413
-2006
-1287
-348
506
1507
2486
3147
3462
3621
3527
3159
2521
1665
821
88
-543
-979
-1010
-785
-304
566
1671
2766
3896
4843
5398
5682
5795
5335
4352
3309
2147
677
-656
-1760
-2992
-4012
-4358
-4511
-4713
-4483
-3887
-3441
-2934
-2234
-1874
-1855
-1696
-1640
-2012
-2333
-2398
-2652
-2932
-2752
-2304
-1908
-1294
-455
381
1285
2288
2993
3306
3468
3529
3259
2680
1915
1121
403
-176
-629
-808
-667
-216
472
1400
2423
3452
4346
4962
5269
5323
5006
4288
3310
2136
820
-416
-1492
-2714
-3766
-4253
-4413
-4590
-4472
-3970
-3496
-2997
-2393
-1964
-1914
-1837
-1828
-2096
-2427
-2595
-2796
-2989
-2843
-2436
-1978
-1398
-565
314
1195
2073
2880
3371
3532
3545
3444
3007
2259
1471
792
184
-298
-560
-528
-205
379
1188
2131
3122
3980
4601
5020
5168
4902
4234
3407
2353
1073
-165
-1251
-2395
-3410
-3958
-4236
-4414
-4248
-3810
-3431
-2984
-2369
-1977
-1907
-1868
-1905
-2148
-2400
-2578
-2820
-2967
-2797
-2420
-1993
-1437
-704
164
1046
1829
2535
3090
3326
3297
3202
2884
2136
1365
794
203
-412
-628
-538
-304
230
1111
1997
2928
3910
4590
4945
5074
4939
4288
3408
2328
1136
-126
-1230
-2320
-3249
-3853
-4116
-4186
-4019
-3673
-3308
-2823
-2275
-1970
-1907
-1874
-1933
-2156
-2371
-2561
-2748
-2841
-2631
-2324
-1874
-1262
-505
237
1093
1944
2640
3123
3410
3412
3291
2967
2291
1466
849
253
-402
-738
-684
-428
16
801
1705
2652
3595
4346
4707
4864
4774
4271
3405
2403
1290
113
-983
-1964
-2823
-3444
-3754
-3822
-3702
-3483
-3193
-2792
-2359
-2161
-2107
-2107
-2211
-2467
-2654
-2824
-3025
-3075
-2890
-2591
-2133
-1473
-798
-35
879
1726
2320
2863
3258
3295
3104
2891
2358
1594
982
485
-91
-493
-458
-159
263
909
1749
2662
3607
4319
4637
4782
4766
4302
3469
2536
1486
336
-691
-1620
-2521
-3166
-3444
-3591
-3607
-3435
-3157
-2833
-2499
-2313
-2272
-2245
-2338
-2578
-2770
-2894
-3063
-3121
-2915
-2589
-2188
-1550
-793
-83
743
1603
2243
2679
3074
3217
3049
2759
2342
1724
1142
672
174
-228
-200
99
448
962
1752
2618
3425
4063
4414
4549
4479
4078
3343
2432
1407
348
-599
-1551
-2450
-3067
-3324
-3552
-3651
-3469
-3112
-2814
-2511
-2250
-2093
-2049
-2056
-2244
-2474
-2650
-2746
-2833
-2775
-2527
-2121
-1579
-920
-210
527
1299
1968
2455
2779
2920
2838
2622
2239
1674
1117
709
284
-77
-115
105
428
940
1667
2390
3110
3760
4194
4294
4201
3874
3273
2396
1363
422
-480
-1477
-2362
-2890
-3221
-3530
-3544
-3298
-3029
-2760
-2330
-1982
-1902
-1846
-1820
-1983
-2281
-2487
-2683
-2790
-2731
-2533
-2230
-1660
-951
-278
461
1314
1975
2458
2870
3075
2939
2743
2457
1885
1248
867
510
89
-26
157
452
877
1528
2172
2813
3389
3782
3915
3880
3545
2996
2280
1392
423
-414
-1246
-2129
-2758
-3062
-3352
-3524
-3368
-3086
-2874
-2585
-2245
-2093
-2068
-2079
-2187
-2439
-2690
-2862
-2911
-2866
-2702
-2319
-1734
-1029
-314
502
1358
2068
2570
2993
3229
3172
2902
2568
2093
1506
1032
726
452
260
413
809
1226
1728
2366
2931
3310
3679
3804
3627
3220
2788
2078
1198
317
-437
-1287
-2045
-2599
-2971
-3248
-3355
-3203
-2990
-2787
-2555
-2254
-2098
-2098
-2200
-2321
-2528
-2776
-2971
-3023
-2930
-2704
-2296
-1697
-963
-180
694
1543
2190
2655
3053
3243
3104
2736
2329
1893
1360
880
551
375
347
562
940
1401
1944
2559
3041
3363
3577
3687
3514
3052
2473
1851
1088
228
-536
-1293
-2008
-2516
-2805
-3087
-3200
-3037
-2803
-2681
-2468
-2194
-2072
-2169
-2277
-2424
-2637
-2889
-3058
-3103
-2986
-2702
-2238
-1601
-853
-17
863
1665
2264
2704
3002
3084
2864
2459
2029
1603
1103
685
462
418
522
810
1260
1814
2355
2871
3248
3507
3601
3512
3180
2681
2039
1316
615
-114
-899
-1583
-2041
-2392
-2692
-2818
-2726
-2597
-2450
-2262
-2091
-2020
-2008
-2152
-2414
-2642
-2812
-3060
-3260
-3214
-3000
-2662
-2128
-1428
-676
174
1042
1768
2318
2701
2861
2828
2602
2172
1677
1247
859
482
295
378
630
945
1412
2017
2621
3038
3310
3513
3501
3235
2857
2338
1606
878
299
-343
-1093
-1625
-1889
-2162
-2401
-2368
-2248
-2175
-2046
-1843
-1825
-1887
-1946
-2093
-2430
-2719
-2892
-3023
-3107
-3085
-2821
-2345
-1755
-1140
-367
487
1265
1866
2390
2722
2798
2724
2523
2111
1596
1225
893
539
345
453
713
1013
1425
1975
2501
2835
3054
3159
3057
2727
2306
1775
1128
448
-111
-624
-1166
-1588
-1820
-1942
-2057
-2032
-1938
-1876
-1838
-1727
-1747
-1965
-2205
-2356
-2652
-3015
-3216
-3214
-3221
-3112
-2715
-2138
-1569
-911
-123
665
1331
1859
2285
2552
2639
2540
2332
1976
1587
1271
1026
744
601
765
1071
1352
1723
2277
2733
2979
3128
3190
2973
2536
2049
1488
785
78
-437
-913
-1388
-1729
-1820
-1862
-1886
-1827
-1734
-1675
-1639
-1614
-1731
-1964
-2251
-2500
-2774
-3052
-3240
-3301
-3179
-2895
-2486
-1967
-1302
-567
132
783
1394
1868
2168
2344
2392
2244
2023
1760
1478
1148
950
871
869
967
1247
1623
2001
2412
2758
2937
3001
2965
2655
2147
1612
1048
377
-246
-747
-1138
-1451
-1642
-1696
-1639
-1539
-1493
-1399
-1334
-1380
-1456
-1552
-1830
-2201
-2438
-2637
-2905
-3113
-3083
-2911
-2634
-2252
-1735
-1107
-447
158
721
1200
1587
1816
1933
1919
1791
1578
1398
1186
946
815
873
969
1112
1427
1839
2246
2591
2894
3040
3061
2937
2619
2106
1538
957
348
-260
-769
-1120
-1340
-1486
-1542
-1453
-1340
-1299
-1271
-1231
-1349
-1547
-1716
-1965
-2362
-2677
-2836
-3006
-3162
-3093
-2830
-2489
-2068
-1496
-869
-259
309
787
1194
1469
1627
1656
1605
1449
1258
1125
1020
893
843
1013
1244
1478
1767
2200
2585
2808
2960
3045
2945
2634
2265
1786
1203
594
115
-382
-804
-1094
-1213
-1283
-1273
-1226
-1187
-1161
-1181
-1280
-1488
-1713
-2004
-2308
-2618
-2863
-3045
-3133
-3101
-2944
-2633
-2239
-1750
-1199
-575
-15
464
875
1232
1455
1519
1515
1466
1365
1195
1103
1065
1043
1087
1307
1556
1784
2110
2503
2762
2868
2935
2927
2732
2371
1949
1492
992
482
22
-373
-707
-928
-1036
-1107
-1190
-1201
-1180
-1250
-1420
-1577
-1764
-2048
-2354
-2604
-2835
-3040
-3112
-3082
-3001
-2794
-2428
-2002
-1545
-1012
-446
49
499
879
1145
1341
1472
1435
1343
1315
1277
1168
1110
1194
1315
1494
1732
1990
2276
2609
2806
2852
2866
2799
2543
2179
1771
1301
826
399
-35
-422
-670
-831
-993
-1103
-1157
-1215
-1295
-1413
-1591
-1826
-2058
-2292
-2543
-2808
-2987
-3089
-3096
-3035
-2886
-2612
-2225
-1776
-1314
-800
-261
221
609
953
1217
1380
1469
1460
1395
1363
1372
1312
1274
1366
1526
1703
1916
2168
2415
2656
2815
2851
2791
2652
2393
2006
1567
1114
656
219
-178
-512
-753
-906
-1013
-1107
-1186
-1256
-1332
-1445
-1636
-1887
-2097
-2299
-2545
-2783
-2906
-2972
-3013
-2932
-2735
-2503
-2162
-1706
-1252
-810
-305
152
542
869
1092
1238
1354
1370
1337
1314
1323
1319
1339
1388
1501
1689
1879
2042
2199
2410
2568
2612
2566
2451
2228
1960
1619
1176
725
357
8
-351
-616
-790
-918
-1010
-1079
-1180
-1243
-1289
-1415
-1628
-1809
-1963
-2153
-2354
-2508
-2635
-2698
-2668
-2577
-2438
-2189
-1833
-1422
-997
-566
-145
256
597
818
961
1077
1159
1141
1129
1144
1186
1221
1298
1402
1532
1707
1901
2059
2211
2363
2469
2478
2410
2270
2038
1731
1382
1002
580
202
-118
-411
-674
-868
-1009
-1123
-1217
-1297
-1374
-1461
-1567
-1704
-1826
-1961
-2092
-2213
-2300
-2375
-2384
-2319
-2196
-2027
-1775
-1430
-1061
-721
-387
-46
228
389
499
602
662
674
703
774
867
977
1109
1261
1436
1618
1780
1972
2149
2293
2385
2454
2434
2347
2188
1968
1665
1359
1024
674
345
61
-203
-470
-695
-876
-1024
-1172
-1292
-1417
-1529
-1635
-1738
-1859
-1968
-2037
-2115
-2175
-2173
-2105
-2037
-1883
-1661
-1429
-1183
-875
-590
-388
-189
-31
73
145
218
284
383
504
647
804
983
1173
1358
1520
1680
1853
2011
2132
2261
2347
2354
2315
2243
2088
1865
1627
1349
1037
720
429
126
-173
-449
-703
-937
-1124
-1287
-1455
-1601
-1699
-1779
-1886
-1972
-2005
-2039
-2076
-2052
-2002
-1948
-1834
-1658
-1475
-1285
-1052
-823
-631
-437
-244
-109
-4
137
281
402
558
735
866
989
1139
1285
1390
1507
1648
1781
1908
2037
2165
2222
2229
2204
2141
2002
1820
1612
1359
1073
784
491
171
-160
-463
-762
-1050
-1296
-1482
-1671
-1824
-1905
-1930
-1967
-2012
-1992
-1937
-1909
-1906
-1850
-1762
-1658
-1540
-1382
-1208
-1025
-803
-571
-371
-185
6
198
334
466
618
746
825
888
974
1064
1138
1230
1355
1511
1684
1847
1997
2108
2175
2206
2173
2058
1906
1737
1520
1246
962
674
358
28
-302
-631
-933
-1186
-1418
-1621
-1765
-1848
-1867
-1874
-1892
-1901
-1848
-1804
-1809
-1823
-1789
-1729
-1649
-1531
-1384
-1204
-957
-668
-420
-191
58
302
475
608
717
810
867
890
905
940
1007
1094
1193
1335
1544
1752
1932
2069
2180
2237
2236
2166
2028
1841
1635
1386
1073
753
431
82
-270
-591
-895
-1165
-1357
-1517
-1663
-1735
-1727
-1730
-1767
-1766
-1759
-1787
-1835
-1868
-1925
-1946
-1912
-1815
-1699
-1503
-1238
-937
-625
-331
-48
212
446
590
687
765
829
838
835
868
928
1009
1131
1290
1487
1728
1938
2102
2227
2305
2312
2267
2144
1946
1724
1485
1182
841
519
169
-169
-466
-735
-971
-1138
-1250
-1338
-1389
-1402
-1400
-1425
-1467
-1536
-1614
-1705
-1807
-1926
-2008
-2011
-1959
-1858
-1689
-1431
-1140
-831
-532
-237
14
236
398
502
573
627
654
661
689
733
814
934
1084
1266
1484
1702
1890
2049
2148
2184
2173
2109
1951
1742
1521
1262
944
641
338
28
-242
-451
-656
-828
-921
-980
-1049
-1084
-1086
-1115
-1180
-1262
-1345
-1453
-1582
-1712
-1808
-1863
-1867
-1813
-1691
-1521
-1305
-1054
-791
-539
-299
-78
116
269
382
463
519
564
609
658
719
824
952
1111
1303
1498
1673
1828
1950
2012
2010
1970
1852
1668
1443
1193
914
630
345
50
-199
-393
-548
-705
-812
-877
-921
-953
-972
-1004
-1059
-1110
-1174
-1274
-1374
-1465
-1548
-1605
-1612
-1596
-1520
-1380
-1221
-1066
-858
-629
-420
-223
-37
130
269
378
440
488
542
597
647
726
840
993
1166
1348
1531
1685
1824
1921
1945
1910
1834
1682
1472
1233
969
695
417
158
-86
-284
-430
-547
-651
-728
-778
-808
-837
-885
-953
-1020
-1096
-1193
-1299
-1391
-1459
-1507
-1514
-1488
-1422
-1312
-1178
-1028
-859
-676
-491
-318
-156
-17
91
178
230
261
291
336
393
470
586
753
955
1153
1337
1526
1693
1814
1861
1849
1785
1668
1497
1273
1024
784
554
316
104
-61
-186
-303
-392
-464
-529
-592
-652
-719
-810
-911
-1005
-1101
-1205
-1300
-1368
-1405
-1408
-1386
-1336
-1250
-1124
-994
-861
-701
-530
-372
-239
-120
-25
53
97
113
120
142
180
249
348
473
646
846
1038
1202
1368
1505
1588
1621
1610
1531
1429
1308
1133
943
769
591
412
255
120
-1
-123
-231
-335
-434
-523
-602
-691
-788
-875
-957
-1031
-1103
-1163
-1203
-1207
-1192
-1171
-1119
-1027
-930
-831
-708
-585
-452
-339
-248
-179
-109
-64
-38
-18
8
44
111
203
300
423
571
728
878
1033
1157
1266
1353
1409
1421
1396
1353
1285
1184
1061
931
778
615
448
272
98
-80
-252
-404
-523
-636
-728
-788
-848
-908
-955
-986
-1024
-1057
-1080
-1075
-1062
-1033
-1001
-943
-857
-777
-684
-586
-490
-406
-321
-258
-197
-140
-86
-23
40
106
181
275
367
458
552
653
765
878
976
1067
1161
1240
1292
1329
1341
1313
1258
1177
1051
891
706
500
283
69
-146
-336
-482
-597
-683
-728
-756
-775
-775
-780
-799
-815
-832
-860
-876
-883
-891
-890
-877
-848
-807
-751
-690
-631
-568
-496
-409
-324
-234
-125
-14
89
199
307
386
446
504
559
612
682
757
833
923
1025
1113
1197
1278
1319
1304
1257
1172
1035
850
641
404
158
-66
-274
-450
-576
-663
-712
-732
-730
-710
-689
-668
-664
-674
-688
-705
-727
-759
-793
-822
-833
-839
-830
-799
-752
-697
-625
-536
-421
-289
-158
-25
94
222
342
429
475
508
544
574
605
644
697
762
848
929
1018
1105
1171
1190
1159
1097
997
846
660
452
230
23
-172
-334
-457
-534
-579
-597
-592
-565
-526
-489
-475
-480
-476
-488
-513
-549
-599
-656
-696
-726
-759
-779
-759
-720
-673
-598
-494
-381
-254
-126
-9
99
212
305
351
383
417
436
442
460
491
534
597
672
750
829
908
958
953
924
864
762
621
451
277
104
-55
-199
-317
-397
-441
-466
-482
-475
-434
-392
-372
-359
-341
-325
-321
-339
-374
-411
-449
-484
-519
-545
-547
-527
-487
-428
-354
-262
-163
-62
43
130
205
280
329
355
367
380
376
358
346
351
370
402
447
493
549
590
608
594
554
481
371
242
102
-35
-167
-286
-382
-454
-493
-506
-508
-492
-463
-417
-370
-340
-311
-281
-255
-239
-241
-252
-261
-273
-290
-294
-271
-235
-188
-118
-29
55
143
227
303
359
412
450
460
468
459
433
397
361
323
294
282
280
285
302
318
321
324
306
255
189
102
-5
-122
-231
-340
-434
-506
-560
-580
-575
-560
-526
-471
-416
-364
-309
-265
-224
-195
-185
-177
-172
-177
-175
-162
-138
-100
-42
26
108
191
277
355
425
484
521
546
555
547
518
491
452
403
339
283
230
189
160
136
124
113
103
80
48
8
-43
-118
-203
-291
-370
-447
-516
-570
-606
-615
-605
-575
-537
-483
-422
-368
-314
-265
-227
-198
-175
-162
-150
-138
-115
-84
-45
7
69
135
209
294
376
457
534
606
660
700
716
705
673
638
579
504
421
341
272
214
163
123
95
70
50
23
-12
-65
-122
-196
-283
-372
-455
-536
-603
-655
-686
-692
-674
-645
-608
-551
-484
-417
-349
-282
-227
-173
-137
-113
-97
-83
-62
-29
7
52
106
162
228
291
353
415
483
543
597
632
666
679
671
640
592
540
474
411
344
286
228
179
132
85
44
2
-46
-104
-167
-242
-310
-381
-451
-516
-571
-607
-631
-642
-637
-614
-584
-546
-500
-441
-385
-330
-280
-233
-192
-165
-132
-101
-64
-31
16
67
124
184
241
297
351
412
468
520
559
601
623
632
630
617
592
553
516
479
434
384
345
303
246
186
123
55
-23
-104
-179
-248
-325
-402
-471
-529
-573
-620
-657
-678
-684
-682
-669
-646
-611
-570
-523
-470
-420
-366
-313
-265
-215
-162
-116
-64
-6
55
120
185
246
315
376
430
487
542
592
630
655
674
677
666
646
619
585
549
514
472
427
370
315
245
174
95
27
-52
-135
-212
-289
-365
-445
-516
-570
-620
-664
-691
-709
-718
-710
-692
-666
-629
-581
-520
-453
-393
-324
-253
-190
-129
-69
-7
60
124
186
250
308
368
424
474
517
561
602
632
648
658
666
667
652
626
599
563
526
483
428
365
299
223
142
60
-25
-107
-182
-258
-342
-410
-480
-542
-605
-660
-710
-740
-765
-774
-763
-746
-719
-678
-615
-556
-483
-410
-332
-252
-174
-102
-36
32
95
148
200
257
308
368
419
469
519
562
598
624
646
657
660
658
646
626
604
575
533
483
421
363
297
224
141
56
-24
-112
-188
-262
-334
-407
-468
-531
-593
-654
-709
-752
-788
-802
-800
-785
-756
-700
-635
-561
-479
-394
-311
-231
-150
-67
6
68
132
194
255
307
358
408
456
506
554
599
634
666
688
707
712
709
694
679
650
608
557
502
440
379
307
221
140
64
-13
-99
-173
-246
-322
-398
-472
-548
-615
-691
-759
-813
-858
-881
-897
-889
-860
-806
-743
-669
-592
-503
-412
-327
-241
-158
-69
12
92
168
231
287
362
427
486
545
598
649
701
746
772
788
798
800
787
757
710
657
599
530
463
396
334
260
171
85
6
-71
-146
-220
-295
-359
-418
-484
-554
-627
-699
-768
-820
-852
-871
-873
-855
-824
-782
-711
-631
-553
-471
-385
-294
-211
-125
-42
29
107
181
254
322
388
453
511
567
622
662
698
728
743
748
751
741
715
685
639
590
537
475
408
336
271
205
134
56
-18
-87
-154
-231
-305
-370
-438
-504
-572
-640
-699
-741
-773
-807
-814
-799
-776
-746
-695
-634
-558
-484
-416
-343
-264
-186
-110
-33
41
125
203
280
351
420
482
543
588
623
659
693
712
720
720
712
697
664
619
565
509
448
376
304
240
183
120
58
-6
-68
-125
-192
-260
-330
-404
-468
-530
-590
-642
-677
-703
-718
-720
-704
-685
-657
-617
-564
-498
-428
-358
-292
-216
-140
-69
-3
62
127
192
254
311
369
426
479
523
565
598
618
626
621
615
602
580
550
513
471
426
378
326
260
200
152
100
43
-5
-46
-85
-131
-193
-253
-314
-369
-426
-485
-537
-577
-610
-631
-638
-628
-614
-580
-535
-493
-435
-372
-307
-245
-189
-142
-91
-40
7
46
97
153
198
241
287
335
381
417
443
464
477
489
483
464
449
425
388
362
331
292
259
224
196
170
147
121
101
78
47
8
-36
-83
-141
-197
-260
-312
-358
-394
-428
-451
-460
-464
-466
-454
-427
-399
-366
-323
-280
-243
-211
-176
-142
-114
-84
-57
-25
19
58
91
126
160
196
228
253
278
298
317
331
329
331
331
322
306
295
280
263
246
234
226
221
205
185
166
149
125
86
44
-4
-40
-83
-129
-174
-217
-255
-283
-309
-330
-335
-340
-346
-339
-329
-312
-289
-276
-264
-255
-237
-214
-195
-169
-142
-111
-75
-44
-26
3
35
58
82
108
143
184
216
241
264
278
288
291
287
284
287
283
273
267
258
256
245
230
214
201
176
152
113
73
35
-7
-50
-100
-140
-182
-212
-245
-267
-285
-307
-321
-321
-326
-329
-321
-316
-308
-293
-278
-262
-238
-222
-199
-171
-140
-105
-64
-27
12
48
93
139
165
199
230
254
275
296
311
320
322
320
317
320
316
311
310
300
279
261
236
197
163
126
83
40
2
-47
-101
-138
-172
-214
-255
-275
-306
-334
-340
-343
-348
-353
-341
-324
-307
-297
-276
-259
-239
-219
-200
-182
-154
-122
-103
-70
-24
26
65
102
142
186
226
249
262
278
290
290
288
283
285
284
283
276
272
258
232
211
191
170
145
120
91
64
31
-18
-64
-111
-148
-186
-224
-259
-280
-294
-303
-306
-305
-303
-287
-259
-238
-216
-197
-181
-171
-153
-133
-113
-94
-60
-22
13
49
84
123
157
184
205
231
251
271
285
285
282
278
265
248
234
212
197
185
171
162
141
110
87
61
31
-6
-43
-77
-111
-144
-175
-197
-225
-245
-267
-279
-284
-287
-285
-278
-265
-253
-228
-201
-178
-155
-131
-106
-84
-62
-38
-4
18
49
75
100
127
151
173
191
208
225
249
260
265
270
264
248
231
216
198
177
157
143
124
105
87
68
41
16
-10
-40
-67
-97
-119
-142
-168
-192
-214
-229
-241
-247
-243
-234
-237
-234
-228
-210
-193
-180
-171
-155
-126
-103
-88
-67
-37
-9
24
55
82
118
146
154
174
193
204
215
224
228
235
232
223
211
197
187
174
157
136
117
101
89
68
44
18
-3
-32
-56
-82
-109
-131
-155
-181
-202
-213
-218
-219
-230
-229
-229
-213
-203
-199
-182
-159
-137
-123
-107
-83
-58
-39
-17
5
29
62
91
112
134
153
168
185
201
207
213
222
225
219
199
190
180
159
141
118
102
87
69
49
23
-4
-29
-51
-65
-72
-85
-97
-110
-124
-140
-151
-159
-166
-178
-178
-167
-163
-151
-136
-127
-128
-127
-115
-103
-89
-65
-41
-18
2
24
47
66
80
93
99
110
115
124
143
152
156
155
158
161
159
156
151
136
123
104
71
48
33
7
-15
-25
-39
-49
-58
-82
-101
-109
-119
-127
-132
-127
-119
-109
-114
-130
-132
-127
-124
-121
-114
-109
-90
-65
-45
-23
-6
4
28
55
67
80
91
92
98
104
109
117
118
120
122
120
114
110
109
104
100
90
72
61
56
33
11
-6
-27
-52
-66
-75
-80
-87
-97
-106
-106
-100
-102
-104
-105
-97
-94
-86
-86
-78
-78
-74
-76
-70
-51
-38
-24
-14
11
35
52
57
64
74
87
94
97
101
103
108
109
113
109
110
109
100
91
89
85
73
59
42
28
21
11
-2
-21
-36
-51
-57
-67
-83
-89
-95
-107
-112
-112
-110
-110
-115
-111
-105
-92
-89
-84
-78
-76
-64
-57
-56
-50
-39
-31
-14
-1
11
28
34
46
55
66
79
81
80
81
85
82
87
85
76
75
81
84
74
64
62
62
50
41
30
17
9
-7
-17
-25
-29
-36
-50
-61
-67
-60
-68
-77
-79
-75
-72
-71
-66
-62
-52
-48
-46
-51
-54
-57
-55
-52
-47
-32
-13
-4
3
7
8
14
17
21
29
36
39
41
47
44
47
49
49
44
48
56
61
70
80
76
72
75
72
69
60
52
49
38
16
2
4
-6
-13
-18
-24
-18
-16
-23
-30
-32
-39
-42
-48
-53
-52
-52
-57
-52
-39
-35
-41
-42
-34
-30
-29
-24
-16
-13
-7
-2
10
20
21
20
28
33
28
31
37
43
49
54
59
58
51
55
60
56
49
36
40
38
28
19
13
2
-3
-7
-15
-17
-23
-25
-34
-35
-41
-39
-47
-52
-59
-59
-65
-68
-67
-79
-78
-84
-72
-67
-64
-56
-41
-34
-29
-23
-22
-22
-28
-28
-24
-13
-5
-5
-3
9
20
30
30
32
50
61
60
63
66
67
61
54
55
66
68
63
58
46
45
40
35
36
31
24
23
22
15
7
1
-3
-13
-20
-29
-42
-56
-55
-57
-64
-60
-55
-49
-47
-38
-30
-29
-33
-41
-41
-39
-39
-41
-40
-42
-36
-28
-22
-13
-5
2
16
29
46
56
62
69
79
86
84
76
67
63
53
45
40
47
47
42
43
50
47
45
36
19
5
0
-7
-17
-33
-52
-53
-61
-72
-69
-64
-63
-60
-59
-60
-56
-59
-55
-56
-55
-50
-35
-32
-44
-39
-26
-21
-24
-22
-12
1
14
22
29
34
33
36
41
45
50
55
61
64
62
55
46
33
34
41
40
28
32
37
36
36
30
17
11
13
13
9
-4
-15
-26
-31
-35
-45
-53
-51
-52
-53
-51
-60
-65
-68
-71
-73
-61
-50
-43
-44
-36
-29
-21
-20
-19
-16
-18
-10
3
16
24
29
38
56
55
54
57
54
51
44
39
41
36
36
43
42
46
46
36
24
26
23
17
17
12
17
21
6
-8
-14
-27
-35
-44
-45
-36
-35
-30
-23
-29
-28
-18
-24
-29
-25
-23
-14
-12
-21
-15
-5
-2
-3
-2
7
17
20
23
27
33
42
45
51
51
56
56
46
30
22
19