-5
-6
-4
0
-3
-2
-2
-6
-9
-11
-6
-10
-10
-11
-13
-12
-13
-14
-17
-15
-8
-4
-5
0
-2
2
4
-3
-4
-3
0
-3
-3
-1
-2
1
0
-3
1
9
9
7
6
3
4
5
0
-3
0
7
16
15
18
21
17
20
11
7
1
3
1
2
3
3
7
5
8
5
4
0
-1
0
0
-3
-5
-3
-1
-3
-6
-5
-3
1
0
-7
-5
0
1
1
-1
2
5
4
3
-1
-2
0
-1
0
3
6
10
13
13
18
20
19
18
16
11
10
7
-1
-4
-6
-6
-6
-6
-12
-14
-8
-11
-16
-15
-14
-9
-3
-3
-6
-2
-3
-3
-4
-8
-9
-5
-1
-5
-6
-7
-6
-1
-2
-8
-7
-3
0
-4
-6
-12
-11
-6
-11
-15
-17
-11
-9
-10
-10
-9
-9
0
0
0
2
3
5
5
3
-2
4
6
6
4
3
6
6
7
2
5
11
10
10
12
9
4
5
2
-5
-9
-8
-9
-7
-4
-11
-6
-1
-9
-7
-8
-8
-7
-8
-8
-7
-6
-7
-8
-7
1
1
5
8
11
14
19
21
11
7
2
8
2
1
-5
4
13
23
22
20
24
27
28
10
5
-5
-3
-10
-23
-30
-22
-21
-21
-29
-32
-22
-20
-24
-26
-26
-19
-10
-5
-9
-2
8
12
16
12
9
17
19
13
11
14
12
13
18
23
30
38
49
52
57
47
47
42
34
24
11
7
5
-4
-13
-16
-15
-19
-24
-31
-27
-23
-25
-22
-21
-14
-9
-5
-7
-12
-17
-20
-27
-39
-39
-37
-34
-23
-18
-8
5
9
9
12
9
12
2
-8
-6
-3
3
5
12
18
31
28
28
24
21
17
6
-3
5
6
-2
-2
6
6
-2
-8
-17
-14
-15
-23
-26
-19
-11
-2
1
10
18
17
17
17
5
8
3
10
12
8
17
32
29
19
18
13
0
-17
-17
-23
-27
-28
-30
-32
-35
-28
-38
-37
-40
-25
-26
-30
-24
-21
-8
-7
-13
-17
2
5
9
6
9
16
21
34
30
18
27
25
13
11
-1
-8
-9
-1
-3
6
15
19
23
24
30
27
24
16
20
21
13
13
30
26
26
28
33
27
28
23
13
-4
-7
2
-12
-19
-11
-5
-8
-18
-23
-26
-42
-49
-44
-49
-53
-50
-37
-38
-30
-7
10
24
42
68
80
68
50
50
55
41
18
5
17
50
54
48
36
60
72
43
14
-12
-36
-50
-64
-73
-91
-95
-79
-56
-29
-15
9
38
60
56
36
15
-9
-41
-52
-64
-52
-44
-6
65
89
85
107
134
114
72
61
53
-11
-57
-54
-52
-69
-53
-26
-2
-20
-10
-8
-55
-101
-195
-234
-291
-356
-402
-423
-413
-359
-259
-174
-62
86
233
298
350
376
406
405
343
273
216
151
159
144
89
49
70
132
109
105
88
99
139
168
158
131
100
96
96
23
-105
-147
-128
-127
-169
-160
-59
-29
-55
-46
-49
-102
-260
-357
-450
-578
-660
-704
-673
-631
-520
-360
-180
-70
69
186
271
305
361
397
362
362
422
385
326
229
191
94
23
-19
-247
-298
-357
-278
-289
-295
-133
-16
198
324
473
620
564
693
668
541
353
230
141
-85
-141
-141
-240
-218
-173
-89
-153
-192
-216
-272
-333
-452
-454
-396
-468
-395
-227
-57
70
177
438
555
671
725
754
700
593
538
459
337
159
35
-60
-86
-191
-238
-272
-243
-251
-178
-90
-65
33
60
107
114
139
107
-9
-37
-152
-327
-474
-556
-597
-692
-718
-623
-424
-309
-172
16
250
358
430
425
394
341
233
160
133
67
53
180
287
247
236
259
149
51
-126
-235
-486
-575
-652
-687
-717
-710
-583
-515
-410
-289
-253
-194
-145
23
11
-57
12
73
147
138
144
183
214
289
289
345
480
595
777
905
995
1047
1080
1081
877
750
467
283
-105
-416
-647
-1021
-1349
-2050
-2062
-2111
-2235
-2618
-2561
-2022
-1777
-1554
-1267
-673
-171
484
1351
1969
2491
3284
4229
4895
5084
5448
5754
5436
5158
4625
3793
2488
1483
431
-795
-2093
-2984
-3763
-4386
-5205
-5559
-6039
-6329
-6657
-7168
-7111
-7462
-7304
-7330
-6656
-5986
-5059
-3689
-2111
-255
1585
3705
5784
7408
9158
10580
11520
11982
12119
12038
11108
9994
8589
6725
4742
2741
952
-1091
-2758
-4004
-5115
-5952
-6638
-7089
-7391
-7515
-7558
-7759
-7690
-7533
-7153
-6612
-5859
-4884
-3654
-2180
-407
1338
2871
4292
5867
6888
7358
7581
7336
6702
4912
3648
2090
-114
-2535
-4370
-5434
-6958
-8031
-8258
-7798
-7051
-5814
-3904
-2167
-338
2091
4093
5514
6364
7328
8010
7583
7197
6764
5875
4985
4425
3832
3042
2555
2384
1994
1595
1141
516
-380
-1313
-2379
-3726
-4932
-6015
-6912
-7331
-7329
-7033
-6292
-5055
-3589
-2087
-598
696
1750
2277
2500
2093
1034
57
-1196
-2775
-4459
-5454
-6063
-6661
-6559
-5542
-4115
-2494
-177
2442
4876
7279
9576
11225
12258
12678
12609
11799
10390
8715
6809
4898
3129
1454
129
-860
-1532
-2171
-2520
-2873
-3407
-4161
-4910
-5877
-7053
-8116
-9062
-9815
-10046
-9527
-8736
-7637
-5888
-3518
-1398
644
2571
4330
5159
5483
5550
4480
3115
1301
-244
-2465
-4312
-5345
-5990
-6036
-5513
-3482
-1133
1385
4246
7189
10103
11986
13168
13500
12895
11523
9606
7331
4572
1788
-330
-1802
-2967
-3788
-3947
-3619
-3307
-2910
-2567
-2592
-3251
-3997
-4747
-6001
-7271
-8144
-8515
-8600
-7921
-6632
-5063
-3365
-1078
1113
2959
3858
4076
4514
4134
2924
558
-1146
-2874
-4674
-6288
-7479
-7949
-7584
-5716
-3414
-1233
1744
5786
9818
12726
14718
16538
17145
16471
15103
12761
9509
6149
3599
1023
-1645
-3327
-4040
-4446
-4747
-4420
-3897
-4118
-4458
-4632
-5085
-6189
-7468
-8536
-8910
-9386
-8992
-8585
-7432
-6210
-4079
-2000
-1605
-67
1100
2239
1064
765
394
-527
-1740
-2692
-3542
-4718
-4503
-3180
-2495
-1101
1617
5204
8534
11366
15267
17433
18458
19140
19328
17165
13264
10537
7294
3315
-573
-2988
-5403
-7677
-8127
-8146
-8741
-9120
-8404
-7947
-8285
-8352
-8247
-8492
-8605
-8165
-7776
-7509
-6668
-5328
-4970
-4513
-3154
-1748
-1365
-1189
401
1606
2182
2358
2772
2518
1986
1578
755
-480
-821
-75
766
1987
4099
7657
10726
12624
14626
16448
17238
15393
13244
11203
8009
4034
705
-1808
-5306
-7789
-8170
-8778
-10254
-10332
-8673
-8122
-8509
-7077
-5558
-5536
-5275
-3910
-3213
-4197
-4309
-4753
-5750
-6527
-6528
-7088
-7955
-6549
-4340
-2585
-1215
896
2846
4250
5483
5220
4361
4125
4863
4614
4184
5579
7925
10365
11656
13563
14705
15813
15513
13894
11796
9361
6846
3484
599
-2476
-5594
-7680
-9116
-10982
-12776
-12837
-12392
-12818
-12344
-10137
-8866
-7976
-6070
-3521
-2734
-3728
-3238
-3254
-4439
-6317
-6926
-7045
-7443
-6112
-4181
-2231
-696
2088
5150
5975
6247
7010
8014
7783
7563
7959
9186
10226
12247
14116
14584
14629
15089
15645
12729
9468
7294
5487
1708
-1315
-2789
-5403
-8347
-8901
-9279
-11619
-13291
-12396
-12345
-13364
-12363
-10270
-9796
-8738
-5569
-4353
-5033
-4530
-3108
-4516
-6689
-6251
-5892
-6544
-6250
-3652
-1859
-388
2478
4919
5731
6436
7757
8262
7543
7842
8996
9764
11077
13054
16234
16667
16366
16756
17516
14977
9677
7137
5127
1409
-3371
-4657
-6301
-10139
-11141
-9436
-11050
-14409
-13039
-10351
-12342
-13434
-9734
-8300
-9774
-8924
-5161
-6049
-8550
-7427
-6414
-8519
-9823
-7186
-6292
-6629
-3928
623
2420
2887
5916
8886
8648
7877
8448
8900
8098
8965
10464
12038
13654
17258
20265
19549
19286
19582
19839
14021
8481
6279
3608
-2419
-7146
-7436
-10989
-15190
-14210
-12931
-16698
-18496
-13703
-12307
-15740
-13717
-8596
-9942
-12399
-8377
-5365
-10218
-11786
-7573
-6967
-10378
-8546
-4025
-3852
-2899
3157
7104
6213
7702
13052
13706
10786
10136
11916
10933
9795
10857
12707
13390
15707
19656
18607
17067
16972
18322
12153
5610
3880
2251
-3915
-9117
-8481
-11279
-16060
-15043
-13240
-16756
-19001
-13745
-11506
-15213
-13039
-8080
-8754
-11501
-7270
-4829
-10061
-11099
-6397
-5862
-10419
-8257
-3500
-3421
-2943
2424
5867
4975
6816
12220
12148
9668
9892
12790
11727
11232
12911
14976
15820
18504
21679
19141
18361
17855
18225
10525
5464
3433
926
-5434
-9300
-8884
-12704
-16693
-15078
-14316
-18311
-19635
-13821
-13338
-16509
-14127
-9053
-10663
-12329
-7687
-6226
-10832
-10356
-4983
-5964
-9758
-6331
-1664
-2384
-2214
3498
6277
4875
6939
11725
10851
8191
9809
12705
11262
11131
13723
16085
16650
19655
22525
20258
19077
18902
18828
11081
5876
3700
796
-5660
-9668
-9168
-13368
-17548
-15824
-14793
-18772
-20525
-15149
-14679
-18004
-15784
-11011
-12379
-14428
-9448
-7148
-11276
-10886
-5364
-5363
-8865
-5598
-633
-924
-1041
4509
7914
6667
8064
12780
12426
10141
11049
13711
12572
11941
14330
15690
16856
18335
22844
20840
19168
18941
19970
14869
6616
4570
2264
-3390
-10425
-10165
-12496
-19289
-19720
-16140
-18677
-23620
-19281
-14416
-18014
-19140
-12807
-10916
-15049
-12612
-6347
-8614
-11911
-6886
-2650
-6499
-6952
-620
1674
-866
2335
8370
8295
6724
10993
13960
11649
10105
13514
14480
12093
12461
14818
16585
15324
19478
20706
18858
17001
18784
18235
9129
4998
4087
1038
-8022
-10646
-9679
-16169
-20701
-17640
-16643
-22859
-22970
-15983
-17333
-21298
-17169
-11586
-14691
-15733
-8337
-6493
-10446
-8184
-1467
-3115
-5857
-1278
2759
737
946
6805
8478
6185
8485
13117
12468
10225
12588
14988
12993
12556
14381
15838
14775
16166
20048
18637
16555
16192
18268
13498
6346
4525
3470
-1814
-9444
-8939
-10803
-17353
-19467
-16946
-19010
-24208
-21065
-17589
-20788
-22105
-16506
-13633
-16974
-14250
-7793
-7607
-9893
-5409
-1040
-3101
-3662
767
2969
1465
3387
8052
8211
7469
10604
14320
13166
12581
14902
16514
15640
15289
16855
16909
16529
17868
19922
16997
14746
14573
15051
8429
3189
2340
618
-6126
-10206
-8968
-12846
-18661
-18232
-16621
-20678
-23516
-19347
-18221
-21716
-20323
-14880
-14634
-16313
-11540
-6768
-8282
-7992
-2917
-575
-2937
-1636
2460
3330
2412
5015
7815
7307
7392
10645
12076
11098
11087
13501
14748
13908
14681
15412
16845
16373
19143
19083
16812
14975
15523
14537
7382
3518
2837
-9
-6990
-9164
-8403
-13791
-18491
-16961
-16370
-20813
-22088
-17879
-18772
-21587
-18637
-14413
-16093
-16683
-10918
-8169
-10063
-8229
-2846
-2207
-3533
-405
3204
3133
3293
6886
8599
7518
8452
11524
12196
10585
11318
13594
14098
13313
14289
15743
16255
16422
19398
19445
16407
15180
16603
15069
7144
3985
3800
297
-7125
-8636
-8334
-14521
-18717
-16698
-16574
-21514
-21854
-17534
-18854
-21594
-18214
-14363
-16754
-17497
-11834
-9421
-11469
-9709
-4545
-3663
-4642
-958
2993
3061
3382
7878
9976
8816
9675
13352
13692
11564
12319
14404
14288
12671
14268
15366
15262
15041
18716
18486
15236
14288
16238
14379
6150
3551
3528
-277
-8164
-9071
-8955
-15381
-19384
-16555
-16616
-21635
-21162
-16028
-17186
-20093
-15855
-12019
-14848
-15967
-9906
-7935
-11091
-9246
-4041
-3513
-4957
-1123
3027
2899
3445
7867
10264
8692
9902
13308
13558
10811
11582
13764
13065
11352
12614
14502
13806
13535
17424
18246
15082
13956
16232
14908
7022
4319
4217
184
-7627
-8729
-8440
-15078
-19188
-16791
-16853
-21865
-21284
-16307
-17660
-20309
-15957
-11905
-15104
-16098
-10134
-7989
-11274
-9810
-4513
-3906
-5244
-1522
3010
3116
3618
8508
11544
9911
10842
14718
15269
12108
12576
14870
13749
11257
12666
13932
12440
11838
15569
16841
13166
12901
14693
14414
7684
4855
4514
729
-5556
-8158
-7979
-13820
-18140
-17054
-16720
-20495
-21003
-16717
-16725
-18963
-15978
-11622
-13722
-15427
-10831
-7771
-10942
-10875
-5949
-4538
-6354
-3560
1339
2155
2224
6694
10482
9380
10011
13726
14729
12292
12367
14610
13485
11578
12060
13704
12115
11530
13984
16351
14210
12925
14417
15205
11408
6628
5716
3286
-2059
-6987
-7774
-11549
-17270
-18696
-17618
-19771
-22339
-19184
-16901
-18845
-18051
-13397
-12473
-15645
-13159
-8600
-9623
-11961
-8019
-4398
-5934
-4890
446
3267
2519
5843
11490
12269
10939
13686
16986
15363
13233
14976
15241
12715
11111
12891
12004
9871
10366
13714
13975
10934
12067
13795
13457
7912
5637
4735
680
-5339
-8425
-9522
-15693
-19882
-18874
-18531
-21874
-21373
-16327
-16045
-17480
-13791
-9158
-11500
-12950
-8173
-6062
-9944
-9874
-4859
-4470
-6669
-3074
1997
1987
2250
7956
11757
10121
10645
15310
15982
12925
13142
15190
12803
9832
10604
11154
7845
6918
10024
12146
9946
9878
13028
13872
11616
8326
7756
4901
300
-4327
-6780
-11035
-16555
-18004
-17669
-19704
-21264
-18019
-15069
-16259
-15213
-10377
-9408
-12378
-10922
-7104
-8685
-11824
-9024
-5885
-7548
-7178
-1892
1140
1055
4610
10668
11803
11065
14551
17695
16190
13888
15598
14777
11737
9931
10275
8590
6126
7904
9309
10574
9399
11708
12783
13063
11034
7792
6004
2414
-2019
-7460
-10414
-14164
-18341
-19565
-19466
-19637
-19495
-16413
-13846
-13517
-11496
-8415
-8310
-10108
-8649
-7154
-9752
-11251
-8664
-7067
-8137
-6208
-1090
1450
3158
7697
12636
13366
13959
17098
18235
15997
13898
14036
11939
8848
6753
6679
5161
4435
6032
8885
10255
10325
12248
13779
13918
10259
7028
4651
343
-5242
-9820
-12277
-16474
-19615
-19065
-18080
-18295
-16718
-12609
-10754
-10496
-7945
-5648
-7336
-8930
-7815
-7925
-11201
-11874
-9303
-8870
-9037
-5684
-457
2014
4650
9945
13877
14440
15335
17839
17404
14596
12667
12199
9426
6519
5534
5441
4353
5088
7752
10424
11458
12069
13979
14330
13508
8735
5260
1997
-1989
-7900
-12100
-13592
-17208
-19257
-18073
-16142
-16281
-14614
-10292
-9228
-9451
-7483
-5752
-8502
-10466
-9067
-9684
-12829
-12682
-9728
-9053
-8162
-3564
1154
3798
7275
12381
15208
15208
16224
17345
16349
13328
11165
9903
7750
5790
4564
5120
5375
6848
8730
12179
12735
12573
13499
13999
11159
4867
2527
-311
-5232
-10892
-12470
-13679
-17145
-17101
-14496
-13454
-13807
-10724
-7162
-8102
-8682
-6787
-6744
-10622
-12045
-10893
-12078
-14576
-13055
-9815
-8697
-6795
-1394
3656
6034
9194
14098
16406
15284
15579
16749
15009
10860
9351
9269
6766
4497
5218
6807
6180
7614
10994
13252
11668
11668
12593
11295
6670
1746
48
-3423
-7841
-11650
-11933
-13282
-15498
-13887
-11392
-11186
-11537
-7830
-5380
-8135
-8925
-6958
-7854
-12732
-13014
-11021
-13153
-15179
-11400
-7419
-7849
-5047
1991
5806
6281
10045
15206
14967
13031
14488
15026
11469
8408
9081
7871
4922
4578
6770
7107
6462
8981
12083
12948
10834
11337
11434
9357
4283
773
-657
-4232
-8358
-10380
-9930
-12162
-13442
-10799
-9363
-10618
-9994
-6180
-6535
-10134
-9427
-7953
-11166
-14899
-13266
-12100
-14972
-14249
-9344
-6898
-6847
-2139
4443
6276
7201
11744
15312
13815
12563
14506
14126
10537
8891
9837
8572
5843
6591
8517
7735
7216
9345
11888
10686
8910
9211
8471
6210
1683
-539
-2602
-5237
-8151
-9635
-9347
-11138
-11706
-10029
-8911
-9773
-9528
-6996
-7610
-10281
-9999
-8977
-11316
-14183
-12457
-11013
-12645
-11756
-6945
-4497
-4258
83
5774
6965
7283
11707
14418
12306
11172
13513
12911
9352
8471
9784
8025
5571
6683
7907
6348
5879
8138
9565
7856
6415
7441
6905
4798
759
-201
-1292
-3810
-6642
-7106
-6877
-9591
-9980
-8030
-7990
-10243
-9473
-6681
-8853
-11888
-10326
-9277
-12664
-14367
-11187
-10574
-12640
-10023
-4941
-4188
-4130
1357
6039
5585
6614
11400
13029
10535
10916
13641
12411
9300
9802
11301
8891
6605
8051
8701
6273
5493
7578
8338
5800
5008
6363
5615
3164
807
802
-970
-3368
-4967
-5301
-6504
-9253
-9180
-8387
-9588
-11282
-10401
-8747
-10894
-12239
-10569
-10059
-12174
-12374
-9334
-9308
-10345
-7440
-3495
-3268
-3034
1969
5353
4864
6209
10660
11756
9616
10972
13599
12002
9273
10563
11605
8510
6484
8025
7614
4472
4256
6031
6076
3823
4059
5273
4510
3315
1776
1658
5
-1405
-3193
-4222
-5575
-8428
-9245
-9130
-10254
-12020
-11565
-9758
-11073
-12029
-9963
-8945
-10385
-10472
-7371
-7292
-8566
-6067
-2736
-2884
-2934
1525
4463
3846
5730
10007
10805
9232
11325
13402
11684
9644
10976
10764
7898
6482
7067
5936
3264
3855
4573
4948
3327
4110
5114
4980
4214
2366
2682
1245
-587
-2925
-3809
-5526
-9171
-9926
-9891
-11548
-13294
-12037
-10189
-11633
-11779
-9022
-8310
-9694
-8988
-6337
-6992
-8075
-5318
-2934
-3268
-2728
1428
4051
4126
6374
10082
11240
10374
12041
13636
12212
10142
10653
10462
7372
5268
5630
4986
2317
2307
3710
4461
2915
3733
5182
5099
3970
2559
2711
964
-911
-3102
-4255
-6179
-9200
-10077
-10239
-11319
-12795
-11581
-9711
-10566
-10675
-8375
-7170
-8663
-8229
-5583
-5992
-7537
-5252
-2121
-2769
-2758
1478
4373
4016
5906
10136
11000
9644
11570
13518
11553
9281
10363
9896
6205
4587
5409
4281
1404
2200
3864
4203
2918
4155
5503
5074
4190
2980
2850
780
-1207
-3070
-4281
-6632
-9553
-9944
-10234
-11946
-12744
-10889
-9806
-11061
-10086
-7262
-7275
-8570
-6855
-4595
-6075
-6843
-3626
-1818
-3098
-1839
2450
3824
3476
6590
10189
9973
9285
11922
12885
10510
9268
10501
8851
5454
5023
5566
3393
1080
2842
3839
3516
2630
4461
5018
4552
4136
3148
2372
621
-571
-2648
-4376
-6532
-8908
-9814
-10511
-11970
-12750
-11321
-10328
-11105
-10171
-7499
-7252
-8061
-6315
-4326
-5383
-5888
-2792
-1555
-2532
-1063
2725
3773
3676
7080
10095
9816
9593
12143
12470
10214
9467
10267
8276
5398
5063
5101
2715
992
2383
2848
2445
1759
3699
3788
3712
3277
2554
1680
275
-758
-3064
-4707
-6735
-8932
-10033
-11025
-11971
-12440
-11094
-10139
-10352
-8819
-6661
-6103
-6550
-4655
-3121
-4149
-4353
-1783
-691
-1693
-343
2849
3722
3865
6802
9517
9199
9145
11273
11645
9691
8846
9382
7714
5180
4579
4424
2287
735
1558
1931
1683
1193
2562
2983
3262
2896
2160
1929
838
-472
-2530
-3707
-5630
-8405
-9373
-10009
-11302
-12151
-10690
-9381
-10047
-8658
-6002
-5567
-6185
-4132
-2169
-3624
-4014
-967
24
-1542
-381
3162
3507
3081
6189
8847
8136
7892
10623
11094
9000
8354
9366
7826
5235
4746
4644
2355
468
1268
1693
1224
305
2022
2716
2887
2241
2048
1975
510
-971
-2427
-3747
-6403
-8847
-9216
-10385
-12083
-11983
-10096
-9464
-10049
-7445
-4859
-5042
-5113
-2630
-1302
-3189
-2776
-93
51
-1316
363
3422
3142
3408
6606
8739
7907
8225
10939
10908
8821
8354
9035
7167
4447
4179
3913
1160
-388
668
1226
237
-156
1977
2424
2466
2080
2182
1606
248
-785
-2428
-3998
-6408
-8474
-9185
-10517
-11636
-11564
-9978
-9219
-9173
-6504
-4283
-4103
-3912
-1562
-700
-2572
-2138
64
-191
-1619
154
2862
2579
3048
6305
8248
7507
8296
10819
10366
8337
8173
8547
6170
3811
3745
3098
436
-641
512
875
95
113
2012
2455
2678
2173
2243
1628
660
-706
-2293
-3771
-6101
-8122
-8916
-10007
-11211
-11102
-9378
-8535
-8331
-5604
-3520
-3382
-3024
-809
-401
-2498
-1893
-26
-721
-2038
150
2528
1904
3039
6518
7892
7044
8336
10714
9558
7619
7733
7682
4957
3190
3396
2256
-257
-480
830
755
172
713
2343
2392
2715
2230
1951
1244
469
-997
-2668
-3905
-6036
-7968
-8708
-9573
-10657
-10445
-8663
-7911
-7632
-5034
-2943
-2894
-2547
-558
-323
-2156
-1493
76
-655
-1606
500
2658
2173
3298
6410
7508
6765
7862
9725
8560
6686
6677
6579
4223
2572
2913
2015
-204
-420
890
1069
257
564
2191
2327
2228
1609
1628
957
-4
-1201
-2362
-3588
-5913
-7282
-7583
-8651
-9825
-9230
-7457
-7317
-6981
-4219
-2609
-3183
-2737
-560
-878
-2745
-1588
93
-998
-1582
1195
2949
2147
3582
6820
7252
6078
7531
9148
7392
5519
6107
5822
3429
2345
3100
1858
-201
278
1569
1342
50
1064
2451
2327
1746
1204
1486
518
-527
-1629
-2433
-3961
-6257
-6704
-7018
-8349
-9035
-7674
-6295
-6838
-5674
-2911
-2515
-3480
-2286
-529
-2083
-3448
-1369
-437
-1876
-1368
1902
2631
2046
4564
7233
6675
5951
8063
8500
6064
4920
5788
4652
2138
2051
2706
1156
-197
1025
2113
1597
984
2294
3058
2792
2064
1504
1167
162
-1006
-2232
-3180
-4733
-6520
-6705
-7018
-8092
-8313
-6775
-5593
-6129
-4739
-2557
-2639
-3634
-2454
-1238
-3048
-3905
-1735
-970
-2157
-1018
2360
2847
2491
5206
7667
6746
6082
7997
8000
5524
4372
5145
3686
1563
1554
2329
821
71
1688
2738
2360
1776
3377
3802
3295
2007
1431
1046
-270
-1888
-2865
-3573
-5217
-6833
-6293
-6545
-7774
-7401
-5336
-4837
-5828
-3752
-1988
-3327
-4258
-2489
-2171
-4742
-4525
-1909
-2114
-2928
-301
2769
2346
3084
6743
7940
6421
6734
8627
7260
4667
4445
4481
2242
804
1544
1581
-8
507
2401
3136
2566
2808
4495
4245
3526
2083
1701
711
-965
-2398
-3313
-4282
-6187
-6932
-6401
-7182
-7726
-6684
-4985
-5073
-5157
-2736
-2040
-3569
-3799
-2289
-2889
-5149
-4228
-2402
-2843
-2679
315
2660
2420
4334
7756
8135
6956
7861
9022
6949
4697
4587
3985
1563
588
1490
947
-245
828
2818
3172
2760
3620
4897
4511
3622
2375
1730
512
-1122
-2746
-3688
-4870
-6864
-7384
-6911
-7724
-8205
-6682
-4984
-5450
-5022
-2296
-2157
-3903
-3574
-2021
-3486
-5648
-3965
-2593
-3557
-2788
815
2490
2196
5083
8379
8170
7207
8757
9279
6691
4873
5152
3800
1349
873
1850
787
-19
1572
3257
3573
3084
4402
5360
4992
3574
2375
1866
358
-1754
-3203
-4091
-5756
-7940
-7556
-7297
-8534
-8473
-6281
-5178
-6192
-4536
-2127
-3222
-4903
-3473
-2512
-5188
-6279
-3757
-3164
-4114
-1965
1837
2466
3040
6907
9300
8222
7841
9758
9036
6032
4878
5118
3114
983
1433
2129
853
912
3032
4452
4036
3871
5577
5608
4631
2742
2014
948
-1002
-2986
-4051
-5057
-7130
-8194
-7247
-7670
-8567
-7593
-5416
-5352
-6000
-3722
-2815
-4583
-5273
-3620
-4125
-6732
-5954
-3640
-3753
-3573
-89
2823
3092
5116
8880
9635
8348
8889
9859
7704
5055
4642
4120
1854
900
2042
2135
1382
2427
4806
5521
4688
5072
6314
5754
3741
1958
1342
-197
-2682
-4224
-4737
-6344
-8471
-8087
-7192
-8391
-8763
-6526
-4985
-6201
-5616
-2971
-3612
-5824
-5179
-3768
-5829
-7489
-5138
-3692
-4195
-2369
1941
3528
3966
7495
10526
9724
8714
10053
9694
6503
4511
4632
3126
1029
1280
2691
2021
2003
4234
6104
5681
4893
6158
6277
4695
2294
1268
119
-2041
-4217
-4980
-5782
-7744
-8868
-7680
-7702
-8850
-7928
-5561
-5490
-6539
-4349
-2794
-4923
-6140
-4509
-4461
-7220
-6984
-4447
-4381
-4151
-675
2825
3031
4955
9109
10317
8925
9339
10496
8637
5773
5190
4627
2552
1464
2542
2931
2153
3406
5540
6727
5794
5773
6684
6309
4247
1798
787
-648
-3100
-5120
-5674
-6706
-8981
-9034
-7629
-8357
-8989
-7047
-4923
-5973
-5915
-3136
-3055
-5622
-5702
-3978
-5553
-7798
-6066
-4338
-4860
-3383
919
2877
3001
6303
9897
9641
8527
9923
10252
7474
5521
5541
4342
2140
2052
3273
2643
2490
4304
6520
6279
5256
6283
6888
5735
2826
1465
581
-1645
-4181
-5290
-5924
-8284
-9617
-8347
-8262
-9561
-8715
-6000
-5672
-6728
-4458
-2567
-4619
-5869
-4140
-4138
-7190
-7065
-4477
-4755
-4939
-1353
2117
2093
3891
8481
9809
8420
9258
11117
9328
6560
6266
5945
3600
2281
3363
3165
2225
3218
5605
6249
5087
5542
6715
6305
4170
2264
1426
-356
-2673
-4380
-5263
-7049
-9204
-8929
-8442
-9468
-9691
-7576
-6133
-6867
-5829
-3103
-3360
-5290
-4574
-3350
-5385
-7124
-5436
-4656
-5654
-3811
160
1332
1711
5665
9169
8764
8544
10718
10807
8120
6858
6854
5014
2773
3028
3509
2343
2455
4534
6223
5681
5326
6590
6896
5708
3325
2049
750
-1374
-3585
-5006
-6249
-8596
-9609
-8922
-9412
-10311
-9136
-6875
-6831
-6852
-4211
-2915
-4568
-4896
-3187
-3976
-6628
-6097
-4585
-5493
-5432
-1771
755
754
3427
8015
9149
8523
10223
11800
9835
7715
7578
6510
3916
3061
3923
2889
2260
3734
5942
6190
5469
6386
7199
6695
4647
2838
1600
-407
-2753
-4584
-5854
-8016
-10082
-9641
-9528
-10680
-10435
-8016
-6853
-7404
-5531
-3022
-3837
-5102
-3801
-3299
-6106
-7064
-5294
-5636
-6694
-4195
-430
116
1351
6114
9002
8659
9499
11956
11119
8500
7939
7410
4860
2973
3710
3483
2080
2928
5411
6545
5994
6426
7616
7485
6202
4193
2705
850
-1441
-3547
-5080
-6984
-9465
-9935
-9346
-10292
-10816
-8811
-6845
-7250
-6334
-3338
-3061
-4981
-4361
-2972
-5178
-7541
-6191
-5512
-7207
-6114
-1945
-374
-45
3942
8342
8605
8731
11366
12038
9382
8086
8233
6132
3394
3505
4155
2404
2195
4542
6368
5963
6083
7586
7720
6829
5427
3887
1761
-416
-2222
-4295
-6446
-8709
-9946
-9883
-10428
-10973
-9956
-7932
-7252
-6960
-4706
-3079
-4202
-4824
-3676
-4264
-6887
-7271
-6066
-6919
-7309
-4325
-1294
-675
1584
6404
8627
8599
10323
12316
11055
9042
8883
7790
4896
3661
4465
3478
2135
3434
5858
6386
5930
7037
8072
7660
6332
4815
3101
910
-1270
-3322
-5344
-7634
-9801
-10094
-10088
-10991
-10949
-8885
-7397
-7630
-6107
-3411
-3548
-5139
-4173
-3245
-5553
-7430
-6167
-5966
-7461
-6070
-2415
-1275
-510
3634
7580
7850
8606
11442
11930
9698
8983
9123
6801
4277
4568
4832
2750
2695
4945
6575
5832
6156
7927
8002
6928
5439
4330
2106
-283
-2222
-4152
-6526
-9051
-10070
-10019
-10956
-11452
-10069
-8151
-7964
-7311
-4565
-3345
-4780
-4859
-3368
-4416
-7072
-6893
-5860
-7166
-7323
-4030
-1748
-1586
1326
6209
7754
7817
10395
12473
10831
9290
9727
8459
5334
4537
5359
3796
2526
4149
6393
6100
5813
7445
8205
7295
5933
4959
3150
690
-1364
-3208
-5271
-7862
-9573
-9800
-10378
-11334
-10921
-8847
-8130
-8087
-6105
-3727
-4117
-5262
-3908
-3636
-5883
-7075
-5966
-6440
-7642
-5567
-2536
-1960
-610
3904
7199
7302
8835
11741
11572
9584
9486
9329
6579
4501
5249
4831
2797
3177
5613
6527
5563
6397
7993
7638
6309
5172
4121
1715
-520
-2170
-4096
-6571
-8866
-9440
-9858
-11056
-11280
-9668
-8294
-8413
-7190
-4480
-3682
-4794
-4404
-3217
-4562
-6470
-6051
-5791
-7107
-6623
-3585
-2171
-1741
1544
5886
7005
7512
10336
11912
10237
9231
9736
8171
5289
4884
5616
3849
2829
4648
6648
6104
5796
7532
8157
7098
5675
4825
3045
480
-1502
-3125
-5376
-8118
-9563
-9515
-10496
-11477
-10644
-8705
-8401
-8196
-5754
-4056
-4710
-5137
-3793
-4117
-6288
-6586
-5766
-6693
-7414
-5013
-2594
-2346
-319
3967
6472
6649
8731
11416
10870
9271
9570
9241
6594
5032
5843
5071
3262
4116
6397
6840
5874
6974
8329
7768
6345
5279
4009
1635
-631
-2217
-4221
-6850
-8966
-9284
-9737
-10977
-10912
-9200
-8180
-8327
-6753
-4354
-4214
-5186
-4319
-3662
-5386
-6729
-6006
-6264
-7510
-6319
-3503
-2665
-1782
1956
5546
6294
7356
10269
11213
9712
9212
9468
7719
5399
5476
5643
3909
3515
5366
6981
6145
6119
7658
8073
6820
5232
4573
2788
219
-1646
-2894
-5238
-8214
-8958
-8831
-10355
-11338
-9921
-8234
-8813
-7969
-5121
-4163
-5298
-4751
-3163
-4551
-6460
-5903
-5494
-7168
-7137
-4334
-2925
-2769
95
4260
5756
6254
9007
11082
10100
9125
9589
8687
6146
5345
6033
4685
3490
4594
6627
6498
5894
7145
7937
7326
5829
5101
3766
1365
-620
-2005
-3875
-6745
-8472
-8481
-9542
-10934
-10501
-8699
-8573
-8767
-6426
-4528
-5091
-5456
-3903
-3933
-6083
-6438
-5496
-6490
-7562
-5579
-3213
-3076
-1558
2465
5116
5533
7326
10139
10261
9100
9349
9317
7171
5617
6197
5706
3903
4213
6005
6679
5928
6452
7474
7205
6317
5303
4134
2122
270
-1264
-3019
-5304
-7452
-8274
-8758
-10054
-10537
-9472
-8368
-8635
-7689
-5518
-4778
-5372
-4851
-3876
-5039
-6292
-5823
-5665
-6815
-6335
-3891
-2702
-2181
645
4089
5444
6190
8687
10173
9533
9102
9501
8351
6422
6136
6480
5081
4251
5453
6765
6568
6097
7048
7274
6770
5504
4511
2935
980
-807
-2346
-4219
-6628
-8210
-8434
-9343
-10472
-10070
-8624
-8371
-8421
-6494
-5018
-5399
-5554
-4420
-4659
-6381
-6452
-5756
-6517
-7008
-5061
-2998
-2572
-803
2707
4912
5614
7347
9568
9620
8928
9224
8900
7175
6030
6447
5828
4546
4878
6200
6792
6266
6533
7085
6986
6144
4851
3676
2065
222
-1515
-2989
-4907
-7168
-8012
-8273
-9420
-10097
-9081
-7894
-8232
-7536
-5442
-4869
-5441
-4988
-4128
-5286
-6474
-5843
-5793
-6820
-6257
-3810
-2652
-2004
772
3888
5190
6091
8372
9604
8979
8688
8981
7890
6155
5808
6006
4863
4193
5135
6215
6319
5975
6540
6715
6472
5294
4058
2840
1249
-664
-2183
-3622
-5769
-7630
-7918
-8548
-9857
-9842
-8405
-8021
-8388
-6755
-5013
-5230
-5504
-4395
-4313
-5869
-6096
-5354
-6045
-6653
-4918
-2784
-2239
-619
2727
4983
5777
7431
9532
9577
8867
8961
8718
6958
5837
5967
5463
4282
4485
5662
6171
6012
6139
6543
6416
5913
4632
3313
1988
467
-1360
-2822
-4386
-6404
-7768
-8032
-8931
-9887
-9441
-8270
-8299
-7998
-6227
-5164
-5413
-5074
-4170
-4792
-5803
-5538
-5335
-6173
-5900
-3932
-2580
-1717
597
3426
5052
6134
7961
9110
8903
8597
8566
7580
6194
5648
5616
4728
4195
4832
5635
6125
6014
6271
6330
6313
5594
4118
2896
1731
171
-1555
-2917
-4386
-6397
-7279
-7634
-8660
-9317
-8673
-7787
-8058
-7461
-5734
-5235
-5527
-5008
-4382
-5123
-5892
-5338
-5343
-5832
-5080
-3049
-1832
-787
1671
4131
5370
6366
8026
8676
8196
7893
7750
6636
5460
5200
5159
4323
4091
4937
5614
5998
5824
6060
5980
5884
4929
3390
2231
1086
-551
-2155
-3427
-4860
-6733
-7195
-7501
-8511
-8836
-7947
-7239
-7628
-6660
-5146
-5023
-5380
-4717
-4293
-5261
-5712
-5052
-5128
-5448
-4255
-2262
-1231
-18
2507
4711
5691
6641
8157
8497
7917
7460
7230
6087
5029
4770
4716
3963
3938
4797
5576
5735
5410
5793
5777
5457
4028
2854
1821
503
-1199
-2504
-3691
-5326
-6790
-6894
-7493
-8413
-8344
-7285
-7081
-7326
-5946
-4799
-4968
-5118
-4214
-4144
-5111
-5095
-4439
-4732
-4804
-3176
-1393
-662
765
3313
5187
5805
6826
8148
8114
7329
6995
6616
5310
4395
4373
4197
3421
3620
4623
5281
5114
4892
5322
5218
4600
3176
2253
1252
-110
-1560
-2592
-3861
-5515
-6404
-6505
-7401
-8133
-7621
-6742
-6947
-6705
-5139
-4464
-4700
-4421
-3598
-3994
-4758
-4338
-4062
-4512
-4143
-2383
-1017
-295
1546
3862
5280
5891
7088
8026
7617
6850
6624
5922
4612
3880
3991
3504
2823
3390
4276
4799
4392
4616
4825
4692
3954
2777
1860
837
-348
-1590
-2715
-3959
-5513
-6133
-6422
-7325
-7828
-7348
-6562
-6810
-6302
-4859
-4361
-4583
-4163
-3466
-3950
-4555
-4018
-3790
-4114
-3420
-1553
-323
416
2426
4592
5633
6102
7357
7982
7273
6580
6389
5573
4317
3849
3898
3212
2779
3463
4176
4364
4022
4261
4333
4168
3259
2157
1331
501
-780
-1985
-2976
-4238
-5755
-6178
-6473
-7426
-7773
-6981
-6381
-6721
-5866
-4499
-4231
-4550
-3966
-3417
-4107
-4410
-3787
-3660
-3865
-2782
-825
132
1028
3104
5129
5873
6342
7575
7787
6974
6371
6198
5143
3959
3637
3641
2878
2746
3465
4170
4283
4064
4385
4432
4179
3008
1941
1173
159
-1399
-2487
-3438
-4839
-6250
-6268
-6599
-7486
-7531
-6420
-6113
-6417
-5304
-4113
-4334
-4698
-3890
-3721
-4526
-4597
-3809
-3822
-3692
-2142
-311
451
1720
3983
5710
6083
6796
7802
7687
6754
6246
5862
4707
3671
3492
3347
2730
2903
3710
4427
4307
4173
4541
4580
3875
2399
1521
718
-647
-2191
-3116
-4186
-5745
-6485
-6250
-6954
-7646
-6967
-5867
-6056
-5988
-4535
-3833
-4497
-4416
-3491
-3814
-4719
-4249
-3471
-3694
-3260
-1329
191
786
2395
4839
5929
6063
7093
7936
7339
6281
6091
5561
4226
3393
3429
3157
2593
3042
3877
4358
4090
4149
4554
4382
3346
2028
1344
411
-1257
-2544
-3424
-4665
-6229
-6479
-6360
-7312
-7590
-6465
-5727
-6130
-5525
-4020
-4033
-4743
-4115
-3526
-4288
-4931
-3947
-3491
-3654
-2571
-524
600
1481
3612
5725
6227
6611
7734
8084
7025
6177
6040
5120
3837
3213
3369
2839
2629
3243
4070
4266
3883
4288
4490
3979
2558
1564
832
-560
-2264
-3179
-4213
-5614
-6707
-6360
-6634
-7356
-6876
-5645
-5432
-5604
-4510
-3702
-4283
-4557
-3864
-3995
-4928
-4777
-3761
-3628
-3235
-1552
339
1301
2736
4923
6302
6616
7227
7941
7471
6371
5836
5358
4125
3156
3032
2960
2550
2771
3599
4231
4175
4018
4333
4222
3305
1805
890
-131
-1716
-3175
-3959
-5079
-6383
-6662
-6151
-6639
-6868
-5821
-4818
-4972
-4857
-3695
-3729
-4519
-4437
-4060
-4688
-5324
-4492
-3719
-3547
-2430
-348
1274
2225
4103
6078
6804
6996
7591
7796
6847
5770
5400
4671
3574
2923
3132
3036
2891
3457
4377
4713
4217
4328
4452
3836
2144
951
-18
-1431
-3151
-3998
-4833
-6030
-6753
-6131
-6114
-6538
-5965
-4767
-4589
-4922
-4148
-3730
-4538
-5051
-4626
-4786
-5548
-5216
-4099
-3621
-2848
-969
1003
2064
3504
5449
6619
6788
7107
7459
6973
5871
5240
4788
3966
3209
3155
3307
3219
3530
4317
4974
4709
4455
4549
4286
2915
1328
218
-987
-2612
-3891
-4671
-5684
-6558
-6387
-5958
-6192
-6017
-5047
-4362
-4620
-4378
-3937
-4338
-5069
-5072
-4994
-5559
-5553
-4609
-3757
-3075
-1576
453
1902
3141
4799
6231
6839
7039
7354
7137
6287
5481
4965
4288
3505
3183
3245
3274
3520
4037
4728
4860
4642
4453
4148
3314
1784
349
-1018
-2372
-3760
-4775
-5621
-6405
-6645
-6261
-6015
-5754
-5233
-4489
-4262
-4098
-3886
-4107
-4697
-5017
-4996
-5343
-5494
-4933
-4072
-3180
-1909
-149
1396
2812
4433
5751
6576
6974
7347
7110
6514
5729
5089
4241
3652
3264
3104
3036
3386
3990
4543
5009
4915
4737
4275
3779
2334
652
-937
-2188
-3694
-4867
-5778
-6384
-6820
-6454
-6011
-5613
-5175
-4401
-3911
-3792
-3625
-3880
-4408
-4888
-5025
-5388
-5688
-5254
-4338
-3467
-2234
-553
1193
2633
4256
5629
6534
7006
7399
7313
6685
5993
5326
4458
3791
3446
3317
3073
3397
4059
4629
5110
5201
5073
4468
3921
2698
870
-996
-2444
-3910
-5331
-6353
-6932
-7391
-7098
-6543
-5985
-5369
-4523
-3781
-3566
-3376
-3458
-4041
-4659
-4957
-5316
-5816
-5672
-4663
-3733
-2580
-917
1107
2725
4294
5855
6865
7245
7545
7595
6946
5964
5327
4613
3782
3289
3266
3235
3322
4006
4680
5127
5404
5433
4926
4113
3189
1573
-426
-2178
-3616
-5100
-6327
-7054
-7478
-7600
-6993
-6309
-5709
-4918
-3964
-3508
-3487
-3442
-3737
-4566
-5217
-5553
-5947
-6183
-5522
-4312
-3202
-1692
400
2432
3961
5443
6845
7447
7585
7609
7306
6403
5509
4919
4118
3553
3336
3493
3453
3923
4654
5269
5688
5744
5442
4681
3904
2441
402
-1644
-3221
-4874
-6259
-7225
-7737
-8042
-7443
-6562
-5928
-5107
-3955
-3224
-3274
-3265
-3390
-4265
-5244
-5666
-6010
-6508
-6174
-4849
-3600
-2285
-268
2043
3737
5102
6638
7500
7599
7523
7457
6649
5590
4919
4308
3511
3106
3305
3406
3584
4267
5121
5640
5827
5691
5174
4233
3014
1066
-1033
-2993
-4611
-6128
-7189
-7786
-8039
-7632
-6653
-5832
-4983
-3919
-2994
-2876
-3080
-3179
-3848
-4953
-5739
-6058
-6478
-6474
-5489
-4051
-2793
-1082
1211
3201
4583
5971
7197
7586
7414
7380
6989
5991
5077
4473
3814
3129
3077
3383
3501
3942
4785
5662
5971
5900
5529
4739
3480
1630
-483
-2574
-4484
-6018
-7155
-7794
-8136
-7788
-6759
-5858
-5007
-3929
-2853
-2654
-2914
-2980
-3496
-4653
-5611
-5952
-6338
-6585
-5785
-4366
-3085
-1581
629
2745
4150
5534
6873
7445
7265
7199
7027
6151
5093
4467
3921
3236
3017
3354
3654
3945
4763
5716
6231
6113
5817
5108
3855
2001
-88
-2191
-4242
-5901
-7050
-7681
-8070
-7826
-6889
-5808
-5009
-3985
-2898
-2464
-2779
-2979
-3314
-4343
-5541
-6071
-6359
-6645
-6222
-4897
-3450
-2001
37
2268
3902
5194
6562
7320
7244
6948
6812
6114
5054
4294
3816
3273
3000
3317
3766
4114
4784
5728
6366
6444
5951
5293
4102
2449
191
-1912
-3908
-5642
-6969
-7531
-7813
-7787
-7016
-5693
-4782
-3988
-2837
-2135
-2292
-2719
-2990
-3852
-5179
-6014
-6310
-6682
-6570
-5464
-3900
-2425
-586
1687
3577
4892
6095
7026
7090
6704
6367
5860
4870
4007
3558
3134
2925
3057
3633
4043
4592
5425
6105
6375
6089
5433
4410
3006
1159
-1066
-3102
-4778
-6179
-7126
-7573
-7541
-7095
-6147
-4881
-3963
-3050
-2220
-1798
-2128
-2733
-3435
-4507
-5703
-6487
-6798
-6806
-6253
-4885
-3148
-1361
618
2728
4451
5674
6546
6984
6860
6423
5902
5178
4318
3663
3274
3026
3037
3300
3811
4319
4973
5602
6012
6139
5650
4823
3633
2178
217
-1883
-3690
-5173
-6423
-7129
-7349
-7142
-6621
-5477
-4354
-3500
-2748
-2153
-2044
-2587
-3331
-4229
-5367
-6322
-6822
-6887
-6580
-5571
-3936
-2065
-153
1811
3763
5247
6289
6874
7090
6766
6266
5644
4993
4222
3609
3307
3276
3413
3696
4129
4679
5218
5739
5848
5380
4669
3703
2401
394
-1495
-3257
-4766
-6112
-6788
-7148
-7166
-6708
-5578
-4667
-3869
-3057
-2331
-2252
-2659
-3138
-3948
-4999
-5834
-6184
-6328
-6105
-5138
-3598
-1964
-179
1741
3489
4810
5890
6598
6673
6348
5973
5469
4718
4017
3490
3124
2985
3187
3547
3836
4418
4996
5613
5599
5306
4679
3777
2381
513
-1271
-3004
-4636
-5889
-6517
-6850
-6904
-6438
-5295
-4461
-3663
-2856
-2208
-2207
-2612
-3048
-3905
-5045
-5829
-6171
-6363
-6256
-5271
-3743
-2194
-478
1538
3280
4524
5644
6470
6599
6178
5886
5469
4676
3904
3534
3240
2985
3155
3718
4101
4509
5154
5838
5913
5427
4935
4031
2587
656
-1060
-2827
-4544
-5836
-6406
-6811
-6872
-6406
-5312
-4526
-3744
-2921
-2356
-2370
-2703
-3158
-4005
-5073
-5848
-6198
-6340
-6195
-5358
-3883
-2263
-534
1334
3141
4429
5474
6271
6510
6062
5602
5160
4519
3657
3256
3092
2991
3100
3776
4317
4754
5301
6070
6181
5583
5032
4170
2705
643
-998
-2745
-4445
-5858
-6323
-6675
-6683
-6271
-5152
-4333
-3529
-2733
-2159
-2179
-2560
-3031
-3837
-4891
-5730
-6126
-6247
-6088
-5410
-3982
-2385
-719
1033
2864
4211
5147
5884
6253
5853
5284
4825
4306
3470
2971
2962
2996
3122
3760
4516
5040
5501
6237
6472
5820
5079
4216
2803
641
-1179
-2843
-4521
-5991
-6545
-6735
-6808
-6368
-5217
-4231
-3523
-2741
-2081
-2055
-2541
-3050
-3792
-4814
-5700
-6119
-6171
-5961
-5194
-3823
-2244
-582
1173
2949
4249
5102
5713
6030
5660
5039
4484
3950
3193
2719
2718
2838
3082
3739
4556
5195
5700
6432
6586
5975
5173
4250
2768
631
-1188
-2857
-4487
-5828
-6324
-6594
-6585
-6072
-4907
-4080
-3371
-2611
-2060
-2091
-2542
-3030
-3822
-4767
-5494
-5803
-5903
-5655
-4817
-3483
-2091
-578
1084
2687
3862
4699
5281
5490
5277
4834
4351
3773
3219
2830
2806
2867
3193
3764
4459
5114
5656
6320
6341
5844
4995
4111
2571
571
-1280
-2902
-4490
-5704
-6251
-6521
-6520
-5953
-4861
-4107
-3401
-2707
-2128
-2237
-2604
-3059
-3724
-4620
-5251
-5463
-5482
-5244
-4421
-3153
-1859
-478
1097
2563
3603
4383
4998
5179
4900
4590
4203
3644
3085
2832
2795
2852
3212
3835
4456
5072
5766
6401
6302
5819
5130
4210
2562
652
-1095
-2703
-4302
-5444
-5991
-6293
-6305
-5717
-4717
-4048
-3348
-2704
-2225
-2384
-2779
-3232
-3941
-4766
-5373
-5563
-5536
-5197
-4327
-3097
-1816
-434
1069
2491
3441
4181
4732
4881
4623
4330
3971
3474
2951
2773
2836
2880
3269
3868
4606
5070
5793
6284
6240
5676
5073
4099
2448
613
-994
-2580
-4176
-5230
-5785
-6114
-6108
-5471
-4636
-3980
-3289
-2606
-2302
-2424
-2807
-3227
-3945
-4668
-5203
-5375
-5300
-4860
-4020
-2852
-1644
-306
1083
2356
3281
3903
4431
4566
4390
4048
3784
3372
2947
2783
2905
3013
3352
3947
4643
5097
5621
6118
5978
5465
4758
3913
2280
598
-1006
-2413
-3955
-4940
-5533
-5840
-5852
-5249
-4483
-3853
-3191
-2605
-2252
-2392
-2743
-3256
-3888
-4559
-5028
-5230
-5158
-4673
-3848
-2768
-1659
-376
898
2057
2929
3568
4017
4203
4111
3920
3620
3291
2996
2889
2948
3083
3452
3916
4535
4968
5518
5768
5688
5242
4633
3668
2225
750
-779
-2174
-3619
-4528
-5228
-5556
-5619
-5140
-4544
-3952
-3321
-2822
-2489
-2579
-2827
-3301
-3858
-4418
-4781
-4899
-4789
-4357
-3574
-2524
-1507
-381
806
1896
2678
3327
3808
4039
3962
3915
3690
3380
3061
3015
3048
3103
3398
3813
4368
4735
5299
5448
5395
4977
4461
3484
2159
796
-669
-2027
-3384
-4232
-5043
-5354
-5426
-5002
-4571
-3986
-3364
-2935
-2596
-2582
-2770
-3254
-3649
-4093
-4393
-4563
-4397
-3988
-3340
-2383
-1448
-407
582
1666
2437
3069
3498
3844
3915
3842
3644
3410
3150
2969
2951
2938
3177
3450
3969
4376
4892
5128
5118
4902
4424
3592
2299
1065
-398
-1773
-3130
-4061
-4873
-5282
-5261
-4956
-4523
-3973
-3261
-2840
-2507
-2499
-2606
-3084
-3492
-3881
-4210
-4368
-4282
-3849
-3282
-2414
-1510
-486
424
1448
2252
2914
3296
3657
3786
3762
3525
3338
3050
2891
2763
2788
2949
3207
3702
4132
4661
4907
5050
4842
4473
3628
2493
1186
-164
-1572
-2879
-3866
-4605
-5028
-5046
-4721
-4303
-3806
-3168
-2729
-2513
-2542
-2690
-3123
-3582
-3929
-4197
-4334
-4253
-3748
-3127
-2297
-1450
-438
445
1384
2127
2762
3115
3436
3583
3593
3445
3257
3059
2867
2843
2782
2934
3134
3526
3887
4284
4664
4729
4587
4242
3669
2587
1373
146
-1149
-2453
-3474
-4141
-4699
-4839
-4599
-4107
-3773
-3200
-2756
-2446
-2536
-2664
-2993
-3454
-3854
-4127
-4197
-4216
-3832
-3223
-2337
-1586
-632
291
1285
2004
2675
3144
3453
3572
3635
3562
3298
2967
2793
2677
2546
2540
2761
3069
3375
3799
4264
4491
4324
4143
3689
2848
1539
431
-810
-2054
-3222
-3854
-4359
-4621
-4428
-3889
-3435
-3040
-2474
-2107
-2083
-2410
-2685
-3168
-3671
-4146
-4260
-4361
-4144
-3597
-2682
-1877
-971
69
1157
1939
2548
3160
3464
3591
3489
3494
3165
2822
2519
2417
2266
2218
2462
2757
3140
3484
4073
4316
4407
4103
3849
3052
2062
764
-407
-1659
-2780
-3602
-4167
-4424
-4445
-3923
-3398
-2873
-2454
-1934
-1753
-1982
-2384
-2849
-3381
-4005
-4361
-4486
-4391
-4010
-3184
-2241
-1277
-237
965
1895
2570
3145
3573
3649
3524
3357
3123
2674
2338
2110
1963
1924
2118
2484
2803
3267
3763
4239
4321
4276
3907
3375
2431
1323
61
-1173
-2249
-3190
-3776
-4183
-4154
-3874
-3256
-2771
-2238
-1842
-1497
-1685
-2058
-2572
-3206
-3883
-4466
-4638
-4729
-4396
-3776
-2735
-1767
-596
557
1664
2418
3052
3489
3612
3476
3245
3006
2553
2137
1831
1715
1616
1766
2065
2515
2937
3504
3980
4243
4354
4189
3744
2872
1950
764
-410
-1675
-2566
-3350
-3733
-3897
-3609
-3199
-2602
-1998
-1543
-1294
-1358
-1577
-2228
-2908
-3786
-4396
-4921
-5058
-4924
-4358
-3504
-2374
-1180
64
1203
2144
2853
3304
3474
3358
3176
2853
2476
2062
1814
1590
1539
1609
1885
2196
2594
3119
3555
3887
4032
4090
3798
3190
2357
1398
307
-834
-1827
-2630
-3166
-3422
-3284
-2961
-2419
-1908
-1317
-1054
-999
-1273
-1768
-2491
-3419
-4184
-4858
-5145
-5225
-4798
-4070
-3016
-1829
-553
635
1623
2398
2944
3163
3058
2879
2595
2242
1880
1638
1543
1502
1629
1858
2177
2489
2921
3285
3494
3596
3593
3458
2930
2341
1537
686
-245
-1086
-1740
-2318
-2568
-2598
-2315
-2021
-1553
-1171
-762
-856
-1001
-1465
-2056
-2886
-3748
-4315
-4844
-4916
-4791
-4142
-3429
-2310
-1159
10
891
1693
2316
2637
2565
2415
2188
1885
1534
1396
1315
1327
1533
1873
2269
2494
2941
3198
3413
3326
3231
2908
2481
1877
1234
521
-170
-710
-1198
-1443
-1688
-1566
-1423
-1104
-876
-587
-453
-505
-749
-1189
-1758
-2535
-3187
-3867
-4262
-4528
-4393
-4059
-3431
-2656
-1690
-774
67
735
1263
1576
1685
1608
1422
1254
1087
999
1006
1207
1482
1875
2273
2729
3058
3325
3426
3372
3129
2709
2196
1571
919
265
-268
-702
-919
-1052
-922
-815
-476
-235
64
173
131
-45
-479
-911
-1665
-2264
-2983
-3403
-3845
-3917
-3832
-3484
-2993
-2344
-1623
-988
-340
121
474
604
691
624
512
379
367
397
541
848
1271
1737
2203
2710
3146
3365
3469
3354
3082
2605
2009
1342
564
-41
-660
-996
-1288
-1219
-1088
-741
-365
73
449
696
787
589
263
-236
-851
-1566
-2209
-2701
-3062
-3217
-3118
-2843
-2377
-1836
-1204
-677
-181
155
338
375
276
77
-172
-349
-488
-520
-383
-38
403
935
1579
2190
2701
3068
3256
3225
2911
2501
1848
1167
398
-243
-789
-1168
-1281
-1212
-942
-599
-90
349
769
984
1054
890
609
157
-428
-985
-1543
-1903
-2191
-2236
-2131
-1873
-1492
-1025
-618
-230
28
227
196
72
-122
-379
-695
-922
-1035
-1064
-998
-677
-228
288
817
1443
2007
2368
2600
2633
2475
2078
1565
1007
371
-215
-681
-950
-1047
-1006
-768
-411
-36
320
627
816
823
646
400
5
-435
-916
-1229
-1502
-1595
-1548
-1290
-968
-584
-153
259
545
666
725
629
364
58
-243
-597
-907
-1082
-1096
-1071
-879
-553
-127
273
735
1151
1463
1597
1650
1532
1262
880
462
32
-396
-679
-879
-853
-778
-517
-208
161
454
695
828
799
622
341
24
-383
-748
-1044
-1192
-1211
-1108
-780
-458
-43
335
740
1007
1066
1042
904
667
290
-58
-403
-673
-894
-940
-924
-789
-593
-253
49
322
584
777
864
813
693
510
234
-76
-365
-547
-720
-825
-760
-598
-381
-172
130
377
529
586
589
467
222
-34
-277
-543
-750
-849
-824
-724
-504
-191
139
450
750
1040
1145
1162
1082
941
716
411
152
-95
-251
-372
-396
-348
-223
-46
167
339
449
501
518
410
205
-14
-275
-530
-779
-920
-996
-1007
-927
-733
-559
-336
-145
40
89
107
41
-61
-262
-419
-601
-680
-763
-722
-641
-459
-201
39
318
527
801
936
1033
1061
1033
951
823
720
540
430
343
309
240
271
334
443
501
577
622
600
530
386
200
-51
-321
-552
-746
-910
-995
-1001
-923
-812
-675
-523
-378
-313
-289
-311
-385
-526
-675
-792
-910
-963
-976
-864
-727
-503
-263
33
265
507
689
818
886
886
902
828
800
691
709
644
688
646
702
733
777
805
803
821
737
696
529
433
232
56
-170
-306
-464
-577
-662
-674
-661
-657
-598
-559
-522
-577
-580
-657
-765
-872
-955
-1038
-1113
-1086
-1019
-923
-799
-582
-379
-166
33
229
324
440
527
553
544
561
594
618
652
721
802
863
940
1004
1023
993
964
948
844
741
623
509
426
286
181
44
-28
-133
-196
-310
-339
-426
-475
-520
-599
-679
-759
-798
-930
-1005
-1067
-1061
-1140
-1103
-1053
-933
-882
-700
-540
-395
-266
-113
40
86
167
243
316
382
452
527
663
739
841
917
1019
1037
1070
1042
998
897
862
753
637
549
479
442
331
293
273
234
138
74
41
-114
-271
-406
-502
-713
-837
-945
-1025
-1104
-1118
-1069
-1082
-1023
-969
-858
-840
-760
-682
-595
-550
-424
-340
-269
-140
-13
142
244
403
532
661
726
835
836
871
860
889
847
836
808
785
750
687
627
544
511
386
365
308
302
269
272
274
210
133
35
-91
-287
-462
-656
-840
-998
-1071
-1105
-1102
-1067
-968
-859
-784
-680
-633
-598
-564
-534
-528
-518
-438
-317
-234
-61
146
312
472
631
786
767
810
824
826
734
678
670
633
618
593
612
558
575
571
553
492
469
429
378
313
233
162
41
-51
-199
-328
-469
-591
-699
-836
-838
-870
-848
-876
-810
-806
-725
-676
-663
-652
-587
-493
-470
-421
-336
-197
-132
-16
115
266
344
441
520
607
653
658
704
680
641
638
635
590
504
479
490
424
374
357
355
359
371
363
330
279
231
104
-33
-201
-372
-535
-674
-746
-773
-807
-744
-676
-637
-593
-557
-493
-529
-510
-510
-491
-472
-414
-319
-264
-218
-109
29
113
185
287
421
490
565
681
714
707
689
731
645
556
475
448
373
279
283
283
276
316
368
383
377
307
281
135
-32
-208
-385
-510
-628
-668
-714
-662
-638
-572
-533
-509
-539
-521
-552
-569
-611
-564
-490
-463
-344
-227
-76
-33
105
206
246
248
331
404
396
446
541
597
608
668
688
663
583
543
500
392
319
295
264
213
220
223
226
153
121
26
-29
-145
-243
-351
-411
-457
-520
-535
-558
-554
-594
-534
-552
-575
-541
-529
-448
-506
-435
-381
-292
-276
-207
-112
-53
22
79
183
203
340
374
433
439
525
555
535
493
492
486
439
420
399
450
447
437
450
458
444
354
289
168
104
-16
-113
-202
-255
-266
-308
-341
-365
-364
-440
-468
-528
-560
-623
-631
-638
-641
-617
-586
-499
-467
-411
-334
-247
-209
-141
-60
9
77
165
239
301
380
450
498
493
526
530
523
468
496
486
478
514
536
538
547
572
523
462
396
339
244
112
28
-27
-123
-195
-275
-323
-372
-436
-457
-519
-547
-595
-548
-583
-605
-627
-593
-585
-596
-574
-574
-515
-460
-339
-287
-170
-53
64
122
187
266
298
290
287
323
306
296
328
378
399
463
523
592
621
655
667
641
597
552
488
388
306
229
175
89
12
-55
-92
-174
-222
-277
-319
-382
-430
-435
-460
-457
-520
-522
-536
-561
-608
-673
-672
-608
-574
-535
-423
-271
-158
-78
1
65
105
96
66
43
17
42
76
114
203
319
452
576
703
762
796
827
822
788
686
582
537
479
381
290
244
178
142
66
0
-76
-105
-161
-261
-341
-375
-408
-511
-564
-589
-617
-691
-728
-739
-714
-717
-653
-556
-504
-422
-304
-221
-182
-133
-99
-139
-158
-156
-125
-136
-70
63
187
315
494
702
784
875
928
971
929
864
807
684
628
546
500
383
348
318
266
205
145
114
25
-28
-139
-203
-326
-387
-478
-541
-617
-661
-685
-747
-710
-736
-707
-691
-597
-561
-520
-438
-366
-304
-308
-277
-301
-295
-314
-291
-244
-182
-61
65
270
415
601
730
831
926
954
957
893
838
766
694
585
532
482
438
391
385
380
346
284
214
121
3
-140
-290
-443
-582
-638
-716
-744
-773
-718
-673
-633
-620
-603
-566
-567
-570
-596
-564
-563
-505
-511
-450
-386
-298
-214
-149
-29
71
166
265
379
477
575
700
820
925
979
1023
1025
997
917
825
683
569
491
446
404
351
356
330
282
157
29
-152
-346
-546
-724
-822
-905
-902
-848
-757
-651
-580
-488
-459
-470
-512
-555
-622
-640
-663
-641
-595
-497
-370
-255
-123
-21
92
167
240
280
339
416
514
598
726
850
920
997
1019
996
905
820
730
612
532
457
422
385
390
369
255
175
42
-116
-360
-546
-683
-817
-872
-866
-803
-762
-606
-523
-476
-503
-498
-529
-619
-683
-714
-690
-691
-571
-449
-335
-238
-60
37
75
121
213
249
267
371
472
594
711
856
928
964
974
951
821
735
655
574
448
427
435
441
435
407
340
216
86
-137
-338
-587
-733
-854
-936
-928
-855
-741
-645
-521
-475
-427
-439
-477
-591
-649
-684
-699
-690
-641
-478
-335
-174
-30
128
221
329
390
433
467
517
590
661
734
823
894
906
912
867
804
722
639
544
453
405
368
361
323
256
175
64
-84
-269
-481
-688
-844
-972
-1019
-1020
-950
-814
-670
-543
-439
-340
-326
-375
-441
-534
-629
-734
-733
-707
-591
-459
-228
11
207
405
550
670
694
736
714
708
678
705
718
743
792
843
861
835
834
800
753
587
482
430
365
214
64
1
-79
-205
-390
-556
-707
-837
-941
-1038
-1077
-1052
-916
-791
-656
-550
-425
-279
-293
-381
-489
-610
-667
-771
-805
-761
-537
-258
-13
276
529
821
950
1010
963
922
843
712
590
561
581
618
717
772
897
963
978
909
824
719
525
357
146
-37
-203
-292
-438
-622
-741
-829
-916
-1036
-1056
-1064
-1025
-967
-824
-721
-601
-496
-438
-431
-527
-562
-684
-741
-814
-731
-630
-415
-158
125
450
679
915
1010
1079
981
930
815
717
607
597
653
700
822
947
1045
1063
1091
1026
900
740
548
316
77
-119
-296
-474
-624
-749
-814
-901
-944
-972
-977
-952
-929
-898
-883
-809
-737
-734
-768
-780
-771
-809
-858
-873
-784
-647
-478
-283
-45
267
556
787
898
1011
1074
1059
953
862
826
784
780
816
919
1014
1131
1206
1251
1236
1176
1052
843
588
322
28
-297
-559
-752
-898
-1027
-1044
-1037
-956
-897
-845
-797
-784
-788
-831
-850
-938
-1019
-1068
-1077
-1088
-1063
-965
-823
-626
-430
-213
30
291
505
670
818
906
980
985
962
899
853
842
860
865
891
999
1080
1176
1227
1255
1227
1162
985
727
464
132
-192
-517
-762
-957
-1062
-1076
-1050
-962
-844
-710
-642
-579
-571
-621
-683
-803
-938
-1092
-1208
-1269
-1245
-1177
-1028
-782
-526
-256
18
293
501
649
724
775
799
793
735
695
695
704
724
772
851
919
992
1064
1112
1137
1150
1090
982
833
618
367
100
-166
-432
-678
-841
-927
-952
-913
-832
-713
-576
-453
-390
-396
-432
-512
-676
-903
-1097
-1243
-1348
-1363
-1259
-1047
-775
-428
-73
234
521
758
824
797
762
717
621
497
457
488
600
678
767
888
1000
1114
1097
1046
1006
956
844
628
447
281
102
-133
-357
-547
-690
-796
-871
-873
-802
-716
-578
-463
-336
-295
-286
-347
-484
-662
-881
-1076
-1238
-1265
-1244
-1107
-870
-500
-138
207
481
736
874
887
801
689
575
450
370
363
462
559
707
853
1009
1114
1159
1123
1014
916
751
541
332
140
-81
-252
-364
-486
-597
-673
-651
-634
-603
-564
-505
-416
-387
-357
-407
-462
-537
-656
-820
-992
-1088
-1142
-1127
-1092
-902
-638
-306
-21
274
535
722
835
803
742
602
502
392
346
349
415
553
731
920
1069
1176
1238
1194
1060
878
678
419
116
-132
-329
-442
-575
-599
-610
-562
-505
-453
-390
-400
-362
-387
-409
-505
-553
-608
-720
-797
-860
-871
-918
-895
-834
-705
-519
-303
-74
148
384
560
671
702
678
605
526
405
312
282
311
390
499
663
851
1023
1101
1138
1084
952
745
487
213
-111
-364
-533
-631
-707
-729
-645
-530
-420
-349
-258
-205
-196
-247
-331
-451
-594
-699
-842
-924
-942
-912
-864
-756
-548
-324
-122
87
310
470
574
621
625
559
492
419
311
252
259
305
371
490
653
817
966
1067
1110
1088
979
805
556
280
28
-226
-464
-616
-689
-694
-664
-590
-474
-371
-283
-198
-178
-210
-306
-429
-567
-732
-894
-999
-1033
-1019
-934
-794
-589
-350
-109
106
300
408
511
523
473
405
377
352
283
273
322
418
511
613
702
809
894
965
951
910
833
726
555
353
161
-31
-215
-428
-538
-615
-621
-618
-554
-485
-403
-294
-240
-248
-322
-391
-524
-676
-850
-960
-1029
-1022
-934
-783
-589
-354
-66
140
308
438
523
525
467
419
355
349
337
368
436
537
644
728
826
866
867
834
810
731
625
491
361
239
117
-57
-234
-361
-465
-560
-658
-670
-644
-579
-525
-458
-372
-325
-325
-379
-465
-564
-686
-801
-870
-879
-847
-718
-536
-322
-94
145
358
509
603
662
672
627
582
519
510
498
503
524
596
660
715
749
750
742
713
645
517
367
253
112
-87
-249
-380
-505
-646
-716
-769
-750
-711
-635
-551
-477
-386
-346
-322
-359
-408
-511
-568
-619
-649
-660
-625
-498
-358
-170
-11
188
374
542
652
697
726
709
669
605
553
508
489
489
528
598
662
699
709
719
690
597
470
342
178
6
-149
-297
-429
-536
-621
-708
-772
-776
-751
-739
-711
-665
-595
-555
-533
-503
-513
-542
-541
-538
-558
-557
-517
-427
-353
-224
-65
121
279
434
591
697
765
757
736
698
661
611
569
539
564
632
675
709
727
732
717
656
541
397
275
143
1
-144
-270
-364
-464
-585
-687
-760
-805
-825
-841
-829
-776
-694
-631
-588
-545
-510
-495
-484
-476
-471
-453
-379
-277
-185
-45
109
271
406
506
582
622
630
613
582
568
583
584
594
629
704
741
735
716
668
601
489
385
247
140
56
-12
-89
-170
-222
-281
-395
-525
-623
-718
-801
-882
-921
-893
-817
-760
-704
-629
-535
-468
-456
-427
-374
-311
-264
-175
-54
75
231
345
471
532
589
597
575
563
536
548
525
574
610
683
716
745
776
735
667
545
448
321
205
66
-14
-74
-122
-184
-246
-316
-411
-504
-619
-722
-815
-867
-922
-913
-871
-794
-758
-684
-610
-553
-506
-453
-393
-349
-269
-167
-55
58
184
293
371
428
485
509
520
519
557
569
619
676
744
798
831
879
883
836
756
666
537
424
316
207
86
0
-52
-130
-220
-319
-415
-512
-594
-678
-760
-825
-872
-887
-886
-909
-902
-869
-822
-774
-720
-625
-514
-398
-287
-166
-54
75
172
233
290
326
366
399
442
490
551
652
752
840
919
993
1054
1055
1024
949
862
761
625
503
366
263
157
58
-59
-172
-261
-365
-468
-563
-627
-693
-739
-793
-838
-893
-939
-993
-1035
-1068
-1052
-1017
-948
-826
-685
-501
-327
-142
11
157
263
335
363
387
408
410
419
454
540
614
712
821
937
1023
1075
1114
1094
1045
956
835
695
546
403
264
133
1
-116
-227
-323
-420
-508
-587
-641
-680
-727
-777
-818
-865
-905
-967
-1023
-1047
-1042
-1016
-966
-869
-718
-534
-357
-167
15
181
318
423
473
510
534
540
541
567
616
670
759
849
932
1017
1076
1089
1064
1004
925
784
636
488
340
200
63
-53
-168
-258
-365
-452
-552
-635
-708
-796
-883
-931
-956
-1005
-1027
-1019
-996
-969
-928
-886
-800
-717
-613
-496
-349
-196
-38
111
237
365
475
558
589
644
678
712
736
791
824
863
912
953
980
966
939
883
818
716
605
480
359
259
156
57
-61
-163
-272
-364
-491
-626
-741
-821
-887
-971
-1010
-1023
-983
-965
-954
-907
-834
-758
-706
-654
-557
-453
-361
-271
-162
-38
85
194
264
368
463
536
582
637
693
748
791
822
855
859
885
868
830
777
720
663
572
477
390
320
247
171
87
4
-54
-142
-251
-372
-475
-583
-685
-775
-841
-892
-903
-909
-892
-855
-819
-753
-702
-628
-569
-483
-402
-304
-231
-140
-51
28
127
202
282
341
434
524
611
664
725
780
799
812
799
773
713
659
593
533
464
393
328
275
216
151
84
25
-41
-118
-201
-290
-371
-454
-541
-618
-681
-722
-761
-790
-796
-785
-751
-712
-664
-611
-544
-468
-376
-290
-204
-104
8
110
208
317
406
470
546
603
645
656
670
687
687
687
673
656
629
615
572
523
463
401
314
227
134
26
-62
-152
-228
-292
-336
-366
-400
-445
-455
-474
-511
-559
-593
-624
-662
-676
-683
-679
-672
-632
-569
-499
-409
-311
-204
-82
46
157
239
332
416
475
527
550
579
586
587
580
572
561
547
552
541
537
516
501
469
421
352
263
174
74
-27
-139
-243
-312
-364
-415
-465
-483
-498
-506
-525
-544
-571
-573
-579
-599
-609
-598
-563
-527
-488
-427
-342
-270
-191
-116
-25
56
150
241
335
423
524
605
667
715
724
734
697
663
612
573
525
495
463
421
398
364
323
262
193
90
1
-106
-215
-326
-420
-499
-575
-624
-674
-691
-712
-699
-694
-675
-651
-622
-592
-554
-504
-469
-407
-353
-287
-218
-130
-52
38
127
226
324
407
489
561
644
691
722
738
752
759
726
711
689
668
636
595
546
493
440
366
282
192
106
1
-92
-198
-304
-398
-477
-554
-631
-699
-745
-775
-804
-808
-812
-788
-769
-733
-677
-624
-566
-515
-455
-384
-284
-201
-112
-4
116
242
352
450
540
609
654
688
700
698
699
692
692
688
696
698
683
665
617
552
470
383
281
177
66
-46
-132
-232
-327
-413
-485
-554
-617
-673
-718
-752
-788
-803
-797
-771
-746
-717
-680
-621
-543
-482
-418
-338
-240
-133
-32
73
183
303
420
520
610
689
751
785
790
780
755
722
686
651
619
601
571
543
501
441
356
271
174
58
-70
-170
-266
-361
-460
-540
-602
-656
-693
-731
-759
-772
-767
-761
-733
-717
-677
-627
-573
-522
-461
-391
-320
-245
-158
-66
27
145
247
358
458
570
666
733
771
811
847
835
808
766
746
709
678
627
573
521
471
397
322
247
159
84
0
-74
-158
-234
-309
-406
-500
-588
-674
-746
-833
-871
-886
-885
-859
-814
-747
-684
-603
-529
-464
-411
-359
-311
-260
-189
-119
-37
59
165
285
395
496
587
686
755
815
849
852
864
861
827
766
709
655
588
508
430
357
302
242
172
115
63
11
-63
-150
-244
-347
-465
-581
-687
-790
-862
-920
-947
-946
-918
-867
-804
-718
-615
-528
-449
-384
-313
-243
-198
-144
-84
5
89
181
283
403
501
596
680
755
799
822
827
807
767
702
657
584
514
449
399
363
338
306
267
227
186
124
30
-86
-206
-335
-468
-595
-699
-768
-816
-850
-848
-831
-802
-760
-708
-648
-582
-505
-430
-353
-291
-228
-177
-94
-20
57
132
228
337
439
535
620
700
750
792
800
781
729
667
597
521
439
377
343
306
305
312
329
323
318
263
180
83
-45
-192
-350
-483
-603
-681
-749
-767
-768
-744
-707
-671
-638
-590
-546
-506
-458
-414
-361
-322
-280
-237
-187
-120
-66
-6
59
147
252
366
453
529
610
667
688
666
614
539
470
395
315
259
229
235
258
292
338
381
394
370
320
249
138
-2
-147
-279
-390
-492
-561
-605
-608
-599
-567
-545
-530
-487
-456
-429
-411
-372
-344
-318
-290
-258
-213
-171
-114
-74
6
83
194
288
375
460
523
591
590
570
513
453
388
314
237
183
164
169
201
229
278
314
341
321
268
193
82
-47
-172
-290
-384
-457
-500
-510
-498
-472
-446
-415
-389
-374
-359
-331
-309
-292
-284
-239
-202
-163
-133
-95
-30
23
73
142
235
301
367
423
481
509
516
500
460
420
356
294
222
181
161
151
153
157
176
184
174
134
71
-13
-107
-208
-313
-396
-466
-512
-535
-524
-501
-459
-429
-392
-354
-325
-302
-283
-275
-260
-236
-208
-169
-120
-56
22
96
165
246
326
391
444
487
507
536
539
517
485
449
424
383
341
307
279
263
245
208
176
147
101
36
-27
-85
-144
-217
-294
-344
-382
-419
-442
-453
-458
-452
-445
-437
-436
-415
-395
-374
-353
-321
-290
-244
-197
-142
-71
-8
50
104
172
236
282
308
335
359
375
388
383
368
367
362
360
362
354
343
336
318
294
242
185
124
59
-3
-78
-136
-188
-239
-292
-345
-382
-412
-432
-457
-452
-441
-419
-388
-363
-326
-292
-244
-215
-187
-153
-120
-70
-27
28
77
137
202
281
342
395
427
464
469
438
398
353
305
249
196
144
116
97
87
75
88
94
82
67
42
9
-43
-89
-145
-198
-248
-281
-294
-313
-329
-331
-311
-316
-303
-296
-269
-218
-168
-120
-75
-33
-1
34
35
30
34
55
59
79
123
180
244
307
353
382
417
408
375
321
249
182
105
37
-26
-70
-97
-98
-100
-87
-81
-74
-74
-86
-102
-114
-132
-162
-166
-183
-182
-191
-188
-192
-184
-177
-166
-155
-150
-126
-111
-87
-80
-52
-60
-46
-34
-25
-8
10
37
79
117
155
218
263
306
338
365
365
353
335
305
259
212
165
118
80
40
17
9
5
0
-9
-29
-50
-96
-123
-170
-221
-266
-291
-298
-301
-301
-283
-259
-228
-213
-209
-197
-196
-193
-221
-229
-239
-233
-226
-207
-172
-115
-62
-18
25
85
138
183
226
259
302
352
378
401
423
439
449
454
443
421
396
377
352
306
266
230
194
152
114
60
9
-37
-91
-158
-223
-276
-328
-384
-424
-452
-465
-461
-455
-439
-416
-393
-373
-347
-329
-320
-288
-266
-235
-210
-179
-143
-107
-68
-30
21
70
112
169
221
280
326
378
414
453
471
483
494
481
462
435
416
384
341
301
277
228
186
155
110
59
-1
-46
-93
-151
-218
-281
-333
-378
-414
-447
-463
-466
-445
-436
-422
-403
-367
-336
-311
-285
-243
-197
-164
-130
-93
-43
-9
19
37
69
103
144
182
208
245
288
337
372
404
415
429
435
433
402
375
346
311
279
233
189
152
113
63
3
-44
-95
-155
-214
-257
-305
-346
-378
-389
-391
-385
-377
-347
-308
-295
-256
-222
-187
-168
-135
-109
-76
-39
-9
12
32
63
80
97
97
112
132
137
142
155
175
181
202
224
237
250
262
259
241
220
190
150
111
59
31
22
5
-6
-26
-33
-50
-79
-121
-158
-194
-222
-248
-272
-274
-259
-228
-189
-152
-103
-47
0
15
29
33
19
10
-1
20
47
68
93
148
188
199
209
209
200
185
169
138
118
113
98
74
65
62
50
42
27
18
13
-6
-40
-66
-86
-94
-114
-142
-167
-204
-229
-247
-266
-287
-295
-261
-223
-191
-141
-87
-46
-28
-19
-37
-37
-37
-44
-54
-45
-19
18
43
74
133
186
245
269
295
310
306
296
268
225
183
155
122
86
60
49
40
23
8
-1
-6
-28
-44
-61
-76
-91
-104
-130
-147
-153
-175
-194
-219
-219
-224
-225
-205
-166
-127
-87
-52
-36
-23
-27
-31
-41
-57
-61
-56
-46
-43
-33
-14
9
22
46
64
83
104
132
155
168
192
217
222
216
217
194
183
159
128
120
117
109
94
96
102
99
80
65
32
3
-21
-39
-55
-86
-98
-88
-76
-80
-93
-102
-105
-117
-141
-154
-167
-166
-170
-178
-158
-136
-114
-113
-104
-79
-52
-28
-13
5
38
69
96
108
109
113
122
128
118
119
117
123
125
108
92
62
14
-27
-73
-122
-154
-185
-189
-186
-169
-138
-107
-84
-54
-36
-29
-21
-36
-47
-59
-73
-83
-88
-70
-60
-29
15
49
88
128
157
183
204
212
219
232
222
218
197
192
177
163
148
130
139
150
157
130
128
96
83
42
-29
-66
-123
-175
-235
-274
-319
-336
-344
-351
-335
-307
-275
-244
-212
-177
-153
-133
-104
-94
-70
-59
-47
-20
-3
5
14
27
46
63
88
144
175
209
241
263
272
246
208
178
162
122
89
76
95
107
136
155
183
197
208
185
145
94
17
-81
-179
-236
-286
-308
-303
-270
-232
-164
-110
-73
-52
-41
-41
-61
-75
-104
-133
-147
-134
-112
-92
-40
2
51
93
118
129
130
118
94
80
66
62
55
27
31
23
0
-25
-43
-34
-10
20
51
99
144
160
167
161
128
72
21
-35
-65
-89
-95
-85
-70
-43
-23
-24
-30
-46
-74
-108
-122
-135
-143
-120
-98
-65
-43
-8
15
36
52
82
104
126
147
168
188
180
174
148
136
101
73
53
37
27
29
34
41
46
46
47
11
2
-36
-68
-108
-129
-145
-145
-147
-153
-145
-147
-131
-138
-135
-130
-133
-136
-124
-131
-128
-134
-144
-144
-140
-133
-120
-103
-90
-64
-39
-29
-1
27
62
87
100
107
125
151
177
190
196
209
192
222
232
236
258
274
293
294
287
259
235
188
122
37
-48
-111
-171
-222
-258
-268
-251
-221
-175
-152
-117
-95
-75
-89
-118
-159
-184
-224
-254
-248
-225
-180
-126
-77
-19
38
93
122
128
135
144
167
175
189
204
241
260
259
237
228
197
174
141
107
91
84
79
77
71
47
15
-38
-84
-166
-233
-293
-349
-378
-378
-369
-344
-291
-232
-159
-96
-51
-22
-2
-12
-14
-16
-25
4
30
91
169
226
279
316
328
314
301
267
225
184
177
185
185
167
153
142
98
63
0
-40
-89
-111
-135
-146
-147
-154
-155
-184
-186
-197
-213
-239
-275
-287
-294
-299
-299
-278
-254
-229
-177
-139
-101
-70
-38
1
29
50
58
66
72
85
86
84
79
94
107
124
141
134
137
139
139
135
122
120
123
123
116
135
138
139
131
126
110
103
86
64
44
37
44
22
27
30
21
18
7
-19
-36
-76
-106
-128
-141
-161
-157
-145
-130
-108
-82
-50
-46
-35
-46
-53
-57
-59
-71
-77
-72
-52
-17
8
43
54
67
67
67
55
41
49
57
63
68
76
91
85
74
61
35
17
4
-17
-23
-23
-27
-31
-44
-31
-27
-32
-38
-46
-52
-46
-50
-43
-33
-11
8
14
33
36
54
57
59
80
86
101
116
108
105
98
83
51
43
36
19
8
-25
-41
-66
-97
-133
-146
-143
-145
-145
-135
-111
-103
-105
-118
-128
-128
-119
-112
-91
-58
-30
8
50
83
96
101
97
81
41
17
-25
-41
-49
-47
-27
5
52
86
111
143
148
149
133
96
60
58
46
32
35
44
59
56
63
49
51
20
-18
-46
-61
-83
-103
-108
-113
-123
-121
-120
-115
-116
-99
-79
-49
-26
-26
2
35
42
33
26
18
13
14
0
21
52
71
95
107
121
118
112
78
63
45
43
27
24
30
36
61
57
67
58
39
38
35
22
11
-1
-11
-6
-28
-41
-49
-71
-84
-98
-111
-135
-148
-141
-128
-113
-108
-90
-73
-50
-22
-31
-14
-1
19
11
12
17
34
54
49
67
86
110
98
119
126
140
127
117
109
114
99
78
70
67
60
44
33
4
-25
-59
-104
-114
-119
-141
-135
-134
-110
-93
-92
-98
-101
-113
-119
-135
-151
-149
-133
-113
-102
-96
-88
-74
-50
-42
-45
-36
-7
16
24
52
66
77
75
59
38
40
35
33
34
35
62
72
83
88
98
112
130
140
132
131
130
110
89
80
56
43
40
29
27
39
39
39
28
39
43
46
36
36
30
26
2
-31
-56
-83
-103
-114
-120
-136
-127
-108
-81
-88
-92
-93
-95
-112
-129
-142
-132
-111
-97
-69
-17
30
69
110
131
147
157
146
118
99
92
87
75
82
73
89
99
91
92
85
67
40
28
12
-2
-12
-12
-33
-31
-32
-36
-32
-54
-60