5
4
2
-1
-3
2
8
6
6
8
7
5
3
2
0
-2
-5
-6
-1
6
7
4
4
6
9
5
1
-1
-3
0
-2
-1
-3
-7
-6
-8
-9
-13
-15
-13
-6
-2
-2
-6
-6
0
1
-2
-9
-7
4
7
2
-3
-1
3
3
3
0
2
1
-2
-2
3
4
0
2
8
8
2
0
2
0
0
-3
-7
-3
-1
1
7
5
2
0
0
5
2
-6
-8
2
11
6
0
-1
1
1
-4
-10
-12
-8
-5
-7
-14
-11
-7
-2
3
1
4
8
9
3
-4
-7
-3
-1
0
-1
1
4
3
4
5
5
0
1
0
1
1
-1
-2
-4
0
-2
-4
-3
2
-1
-9
-10
-6
-2
1
4
4
1
-1
6
10
11
4
2
2
4
2
1
1
-1
-1
2
8
9
0
-6
-5
-5
-4
-8
-9
-8
3
8
3
3
0
-2
0
0
6
16
15
9
7
13
27
24
14
3
4
11
13
13
4
-4
7
20
14
0
-8
-7
-5
-15
-25
-26
-24
-21
-22
-26
-26
-27
-20
-11
-20
-33
-28
-26
-24
-15
-16
-9
-5
-4
-5
7
13
15
4
-4
-3
7
20
24
13
-2
14
22
16
12
14
16
8
10
24
23
0
-6
12
17
17
-5
-10
4
12
5
6
-7
-9
12
9
-18
-17
-7
-6
4
-2
-7
8
25
12
13
14
17
19
11
-1
-11
-1
2
-10
-17
-14
-5
-10
-25
-38
-32
-7
-12
-25
-11
-1
-17
-20
-13
-11
-18
-27
-24
-1
0
-19
-19
-4
21
18
-2
-4
14
23
15
-8
-24
-9
21
34
12
-2
22
40
43
36
33
24
19
21
21
24
19
14
20
31
39
30
10
-4
-3
-10
-8
5
-11
-45
-42
-16
3
-21
-46
-36
-17
-11
-11
-37
-52
-17
11
8
-5
-17
1
25
37
24
7
14
29
29
20
21
19
22
7
-15
-17
-5
3
1
-33
-51
-32
-2
-5
-21
-34
-35
-9
18
4
-28
-15
13
19
15
-5
-22
-9
13
7
0
-4
-1
14
23
20
19
24
25
27
29
42
34
13
13
42
43
37
55
64
41
36
62
78
66
-2
-2
6
-7
-64
-114
-136
-134
-119
-120
-122
-140
-162
-168
-153
-162
-155
-160
-180
-157
-51
15
-20
-29
37
92
118
139
95
44
82
153
140
67
20
50
124
187
164
111
118
125
116
69
24
-23
-30
10
-14
-17
43
52
-37
-49
2
-12
-24
32
34
13
89
146
130
156
243
209
147
183
224
180
128
91
-10
-80
-44
-51
-158
-218
-247
-256
-241
-255
-304
-262
-166
-140
-130
-107
-142
-149
-107
-54
-91
-127
-105
-127
-108
61
104
-59
-62
83
115
152
154
59
-1
47
40
-67
-167
-126
-73
-59
17
42
18
55
140
170
182
111
62
61
89
26
-30
-7
-22
-74
-44
-45
-95
16
130
75
6
143
151
20
40
108
-18
-24
80
69
-115
-107
15
33
70
107
93
101
175
7
-271
-351
-178
-33
35
-118
-192
83
220
-59
-343
-336
-261
-161
-34
1
-175
-53
194
235
248
447
395
210
311
409
144
-104
-235
-322
-266
-85
-76
-116
30
108
189
129
-90
-399
-483
-348
-266
-288
-237
-184
-38
320
477
171
130
273
271
242
201
-30
-295
-27
438
481
347
323
236
246
525
504
-27
-269
-204
-105
168
384
64
-254
27
471
688
520
57
-314
152
709
434
-192
-75
170
181
372
172
-573
-790
-142
-168
-446
-1621
-3768
-4318
-666
1425
-2612
-7286
-6052
-237
2799
149
-5234
-5561
-160
5529
4692
-738
-3195
1274
7318
8428
4860
1170
2855
7922
10115
7032
1694
-2124
21
7180
8056
-1543
-10384
-8093
609
4641
-913
-10641
-13473
-6327
2135
1679
-6362
-11859
-7848
941
5115
2343
-2231
-2748
1651
6557
6848
3756
2372
3698
5110
5087
4494
3557
2900
1850
409
-1358
-1448
-861
-4770
-9900
-8648
-3796
-6867
-12504
-11275
-5089
-3097
-5898
-8266
-4566
3221
6236
3057
-1221
1747
10780
15898
11281
7408
11409
14646
9889
3142
7492
16391
12152
-4836
-12808
-3588
8307
8117
-7211
-22123
-19809
-2244
6889
-3673
-21034
-24582
-11466
2635
3950
-5466
-11486
-7277
3161
9826
9207
5298
3768
5980
9595
11687
10643
8939
7087
4657
3178
4262
5084
3094
-443
-3934
-6132
-6071
-3278
-2351
-6042
-10341
-11437
-10880
-8276
-3010
-4228
-12315
-14567
-5401
2242
1708
-3101
-5089
-790
6176
9744
6719
3258
4032
9826
11944
10634
9200
10142
12476
14751
14453
5952
-3776
-4072
11455
16889
-2982
-25850
-21108
723
10315
211
-21519
-31277
-17254
7494
8927
-11702
-27095
-19129
-75
12140
9542
-3474
-8738
765
14569
17108
12680
7820
5599
7907
13610
15021
9435
5583
4003
2383
1284
2858
819
-4339
-7913
-8640
-10039
-10338
-8754
-11766
-17732
-17279
-9376
-8636
-13540
-14316
-7555
-1908
-73
-1745
-1926
3354
10082
11804
7445
5596
9610
16576
17858
14714
11574
14265
19081
21538
14339
-652
-8914
3597
19632
7110
-22294
-31208
-10012
6976
3068
-16076
-31377
-26867
-2661
10779
-5116
-25912
-24101
-4867
9852
12741
3063
-6106
-914
14655
21197
15698
10200
7967
9473
14070
16433
10330
4454
4509
4012
611
-1230
-1118
-4392
-7856
-10049
-12497
-14924
-15045
-13917
-14891
-14306
-13315
-13680
-14747
-9029
-1086
337
-3434
-3583
2034
9151
14273
11092
4609
4573
13586
19504
18167
13313
10311
13015
18712
21337
13212
-1018
-8898
1177
15525
6913
-20357
-32487
-14131
4767
2147
-15896
-29632
-26981
-6743
8761
-2931
-24095
-24238
-5098
9021
11753
5239
-3020
-38
14677
22427
16404
10519
9996
11537
13992
15715
11058
5450
4810
4080
137
-1934
-1880
-4848
-8658
-10548
-13652
-19310
-20526
-14540
-10078
-14563
-21862
-21242
-11125
793
3300
-5180
-10726
-1648
13614
18335
10651
2589
5397
15999
23544
20683
12095
8983
14448
20864
19448
14185
6242
-2997
-5802
3830
10744
-4088
-26731
-30104
-10775
1650
-5507
-22101
-29873
-22169
-3422
5881
-7683
-23635
-17939
1940
12117
10831
4598
968
6352
18369
22543
16019
11849
12340
12947
13085
14147
10607
5309
3650
1900
-1995
-3952
-2867
-6290
-10647
-15424
-21567
-23761
-14132
-5846
-15022
-28608
-27193
-9187
4614
4120
-8634
-14782
-4184
16139
22954
9772
-2666
2763
19229
26832
22326
11193
7669
14077
22915
22170
13837
8341
3121
-4213
-6284
5698
8053
-11842
-31635
-24225
-3774
1489
-8630
-22665
-28088
-17975
2588
6298
-10378
-21008
-10408
4653
10896
10962
5974
2405
7602
16975
17668
14148
12856
11545
9678
11049
12041
8472
5431
3334
-1095
-4420
-3229
-3223
-7765
-13977
-18908
-19809
-14124
-10237
-14497
-21723
-20119
-10851
-3001
-1539
-4331
-6089
-2102
7593
12878
9721
4950
7136
13492
18717
18165
13781
11445
13369
16160
16964
14479
11180
7764
-382
-9227
-3855
9148
1928
-22634
-32014
-13450
2744
-1391
-15870
-25114
-23018
-6692
8873
1694
-16881
-17901
-1243
9570
11132
8776
3781
2367
10864
18546
15789
11482
10717
9294
7709
10173
10636
6261
2522
152
-3128
-4257
-1796
-3821
-11874
-17502
-16259
-12858
-11778
-12996
-16045
-16771
-11922
-5174
-2956
-3958
-3194
-488
2738
5793
7988
7848
7838
10198
13486
13963
12849
12913
13180
12546
11761
12263
11102
10330
6871
-2305
-11060
-4287
8917
790
-23651
-31222
-11350
3300
-2097
-16172
-24074
-21671
-5077
9579
1088
-17172
-16621
660
11016
12119
8698
3383
2450
11955
19843
16495
10868
9624
9331
8869
11088
10607
5254
760
-797
-2350
-3740
-5190
-9855
-14549
-13587
-12696
-17345
-20668
-14972
-8284
-9248
-13465
-12651
-5829
2276
6345
1853
-4058
-21
12153
17180
12159
7173
8572
13584
17661
16789
11295
7752
10130
13499
11855
8070
1738
-7074
-10497
675
7740
-8420
-30103
-26673
-4812
3315
-6953
-20666
-24207
-15256
3045
9476
-4947
-18507
-9973
7496
13841
11536
6610
2897
5772
15860
19487
13472
8803
9143
8988
8158
9708
8157
2783
-1291
-2525
-4132
-5559
-5935
-9458
-14405
-15797
-14571
-16009
-16167
-11678
-9621
-12693
-12509
-5454
369
2337
2314
767
389
6561
13672
12832
8025
8193
11968
14105
14049
12077
8807
8673
10844
10377
5962
4378
4668
-1182
-10710
-10458
1612
1745
-15838
-28733
-17111
-895
-26
-10123
-17825
-17657
-7412
7222
6299
-7696
-12768
-554
10165
12333
10536
6903
3934
7752
15148
15216
10962
8146
6934
5166
6900
8477
4602
-1196
-4048
-5028
-6707
-6477
-7682
-11232
-15297
-16708
-17073
-13663
-7333
-6970
-13502
-14651
-4165
4835
5090
390
-1754
342
8525
15193
12587
5545
5793
12312
15134
12983
9556
7536
7685
9343
8776
4781
3558
5768
1706
-10059
-13665
-362
6424
-8649
-27343
-22067
-3699
3441
-4282
-14720
-18628
-11319
5392
10739
-1814
-13064
-5492
6947
11785
11417
8146
2497
2588
11435
16016
11944
6714
4929
4070
5582
8545
5507
-1649
-5385
-4551
-4902
-5520
-6381
-11058
-15966
-15544
-11298
-9824
-10167
-11347
-11464
-8049
-1585
1448
-341
-734
2382
5181
6454
8327
9163
8533
9508
11397
11114
9942
10436
9810
8115
6951
6964
5865
5983
6465
1
-11144
-12208
2816
7075
-11659
-29725
-19343
360
3187
-7149
-15871
-17869
-9863
7197
10247
-5056
-14615
-3234
8847
10926
10115
7649
2147
2793
12616
16445
11220
6199
5170
3917
5462
9289
6981
-814
-5576
-5063
-4608
-4515
-5482
-10216
-16407
-17398
-12939
-8430
-7421
-10318
-13603
-10689
-1225
4584
1570
-3016
-939
4755
9104
9646
7680
5948
8075
11818
12180
9541
8049
8450
7968
7682
6926
5004
2953
5365
4255
-6137
-14944
-5828
7205
-1580
-22826
-25746
-7404
3482
-883
-10937
-16681
-14185
1177
12297
3234
-11199
-8191
4867
10474
11482
10177
4404
567
8385
16262
13271
6639
4292
3639
3866
7659
7695
824
-5225
-5007
-3893
-5163
-5978
-8433
-13289
-16534
-13897
-9622
-7522
-8250
-10679
-10438
-4635
2562
3241
-289
-917
2894
6472
8154
8604
7825
6952
8105
9900
9958
8927
8350
6985
5866
5495
5231
3503
3801
4510
-1640
-12166
-12089
2061
5296
-11682
-26271
-16414
-38
2717
-5093
-12543
-14587
-6380
8185
9384
-3191
-9374
-807
7639
10566
11009
7492
2113
4237
12452
13776
8368
4533
4064
3483
4545
6029
3189
-2395
-5146
-4001
-4027
-6338
-9087
-10425
-11677
-13104
-13123
-10452
-6950
-6105
-8045
-8229
-3120
3176
4539
1342
-474
1854
6654
9864
9170
5572
4260
7261
11091
10845
7262
4481
4498
6538
6303
4169
1795
3662
2841
-4416
-12524
-7313
4502
1294
-16349
-23966
-9266
3839
1989
-8005
-12324
-10538
-660
9277
5963
-5782
-7758
2313
8833
9695
8352
5313
1848
5330
11871
11497
6377
3620
3888
3141
4328
5522
2275
-3607
-5172
-2658
-3533
-6740
-8985
-9733
-11951
-12570
-10552
-8416
-7362
-7473
-7615
-5732
-98
3493
1861
-936
426
4374
7459
7739
5465
3629
5618
9600
10640
8005
4809
3948
5801
7713
5417
2408
1845
4012
2459
-3763
-11016
-7822
3665
2350
-15414
-24039
-7933
5323
792
-9155
-10820
-8821
-642
9325
5847
-6910
-7906
4063
9863
8556
6684
4098
1987
6749
12191
9157
4166
4255
5314
3445
3179
3794
1167
-2328
-3292
-2787
-4285
-6007
-7808
-9159
-10257
-10531
-10469
-9876
-7644
-6030
-5739
-5648
-2688
1264
3140
1678
138
1999
5920
7668
5682
3690
4261
7351
9497
8201
4316
3090
5111
6826
5380
3109
1554
1748
3644
628
-8290
-12064
-589
6281
-6032
-21045
-14780
426
3655
-2003
-7155
-9518
-6463
5211
9439
-100
-7991
-1705
6299
6978
6461
6592
4459
2924
6807
9201
7322
5403
5520
3270
478
2148
4561
2114
-3071
-4623
-3849
-3657
-4565
-6916
-10275
-10801
-8457
-8663
-10448
-7861
-3907
-4719
-6586
-2698
2133
2399
1033
1431
2291
3452
5684
5904
4386
4573
7012
7484
6091
4992
4743
4602
5501
5431
2906
991
2905
4544
-1075
-9202
-8917
2359
5594
-7732
-20704
-12423
3263
4839
-4265
-9928
-9125
-3399
6475
7289
-2875
-8053
-18
6732
6640
6672
5909
2085
2199
8655
10452
6502
4072
3946
2519
2497
4710
3015
-1371
-3434
-2522
-3140
-3870
-4529
-6947
-10113
-10236
-8077
-7912
-8698
-8281
-6693
-5981
-4461
-2239
56
1205
1862
1558
1779
3800
6575
7039
5143
3852
4707
6981
7815
6078
3295
3198
4917
5759
3971
1903
920
2551
1803
-4271
-10035
-4518
4764
-183
-14739
-16776
-2867
4136
-338
-5958
-7040
-7012
-179
7685
3887
-5655
-4196
4398
6074
5453
7248
5915
1687
4352
9519
7706
3875
4585
4810
1196
767
3421
2534
-1557
-3559
-3481
-4220
-3580
-3375
-6556
-11361
-10782
-6769
-5742
-7978
-9265
-7897
-5525
-1988
383
432
-929
-117
2842
5753
6146
4649
3283
3692
5195
6517
6498
4745
3111
3486
5000
4659
3164
1730
1288
1681
3703
1452
-6477
-10642
-1688
7789
-484
-16820
-17075
-177
8363
1872
-7576
-9750
-6006
3919
10512
3344
-7831
-5768
4987
8853
7213
5628
2547
-111
4436
10277
7896
2324
1592
2738
1642
1985
3317
1011
-3074
-3651
-1940
-2488
-3706
-4252
-5918
-9219
-9984
-7571
-5419
-5534
-7350
-8892
-7196
-1514
2457
700
-2482
-1280
3177
6500
6693
3761
885
2323
6402
6951
4009
2602
3386
3264
3186
3753
3631
1833
649
661
1930
3044
-850
-7759
-8236
1998
5621
-5185
-15296
-7877
3866
4035
-2097
-4901
-4855
-2225
5166
6681
-920
-5013
1295
5983
4495
4293
5186
2809
1661
5411
6749
3789
2747
3200
809
-648
2661
3338
-1296
-4064
-1955
-1278
-2785
-3519
-5044
-7750
-8344
-6503
-5856
-5927
-6279
-7511
-7214
-2988
1029
489
-1350
-825
1716
4548
5793
3804
923
1521
4248
5036
3546
2376
2041
2496
3258
3324
1855
1286
1745
2267
1742
2460
2230
-2295
-7143
-3411
6846
5163
-8943
-15574
-2877
8059
4896
-3330
-6364
-5726
338
8820
5760
-5445
-7189
2263
6085
3894
3108
1721
-1198
1486
7182
5569
681
480
2190
1419
1994
3252
504
-2593
-1325
711
-1175
-3335
-3937
-4446
-5189
-5256
-6146
-7012
-5427
-3886
-5247
-6642
-3738
350
1301
-587
-1334
309
2949
4042
2813
800
347
1963
3694
3543
1878
944
1757
3080
3473
2389
1660
2049
3284
3366
3476
3553
938
-4083
-3848
5145
7963
-3542
-14448
-6508
6799
7298
-1264
-6519
-7206
-3106
5904
7080
-3079
-9710
-3308
3267
3599
3075
1938
-1739
-1511
4611
6332
2794
1603
3010
1678
835
3218
3529
573
-1080
-374
-1233
-2451
-2010
-1890
-3632
-5544
-6498
-6833
-5101
-2788
-4152
-8007
-7833
-2324
1143
-384
-3097
-2840
-92
3335
4259
1115
-1953
-468
3783
5244
3239
925
886
3284
5544
5425
2905
2195
3741
5616
5016
4470
3846
910
-3101
-1038
6485
4815
-7075
-12511
-1869
6052
1570
-5738
-6921
-5959
-1951
4149
1777
-7309
-8263
435
3901
1579
1097
1225
-731
1437
6874
6422
2001
1937
4572
3723
2806
4309
3347
-462
-974
1108
-131
-2848
-2665
-2500
-4744
-6539
-6493
-7089
-6279
-4290
-5872
-10085
-8730
-1763
1075
-1936
-4806
-3455
122
4078
4654
1078
-1354
1566
5946
6196
3740
2258
3175
5112
6080
5358
4173
4468
4463
4235
4255
5386
4242
-295
-4503
-2246
4738
3287
-7788
-13535
-4124
4034
377
-6596
-7476
-5561
-2138
2325
589
-5652
-5874
573
3071
2007
2913
3174
1285
2654
6736
6208
3702
4369
4991
2673
2593
4823
3108
-674
-993
135
-1625
-3248
-3338
-4607
-6579
-6689
-6917
-8375
-7555
-4933
-5808
-8817
-7637
-2694
-365
-1274
-1870
-920
1131
3978
5403
3447
1785
3256
5642
5697
4857
4316
3748
3887
4751
5089
3796
3115
3099
2858
2138
2597
3703
1040
-5055
-7149
673
5970
-2395
-13787
-10061
1631
3424
-2070
-5099
-5628
-5015
1516
5859
63
-6302
-2351
3860
4176
3905
4364
2108
669
4822
7684
4826
2272
3007
2669
944
1884
2453
-621
-3495
-2663
-2096
-3918
-4632
-4518
-6034
-7585
-6721
-6181
-6726
-5507
-4368
-5947
-6884
-2692
1558
1372
-710
-214
2214
4669
5861
4439
2242
2491
5075
5894
3816
1662
1963
3884
4713
2803
261
-68
2257
3440
2872
935
443
63
-1543
-3258
-337
4492
151
-9646
-9958
1973
6771
521
-5373
-4710
-2454
2109
6476
2085
-5842
-4688
3194
5058
2962
2429
1255
-636
1950
5840
4047
715
779
1151
-525
-45
1682
-68
-3407
-3975
-2786
-2415
-2083
-2736
-5416
-6660
-4371
-2638
-4185
-5078
-3685
-3394
-3890
-2022
1017
922
-354
229
2139
3377
3741
2700
978
1669
3712
3564
823
-384
576
2109
2570
1424
-716
-1000
1488
3843
3316
1245
156
2191
4438
2103
-2669
-693
5920
3557
-6021
-7092
2458
5944
1267
-2659
-3133
-3334
456
5082
1417
-5982
-5600
491
2138
1275
1241
-746
-3376
-687
4108
3042
-484
-1036
-178
-606
831
2811
788
-2959
-2706
351
797
-794
-1792
-2381
-3111
-2272
-1252
-2598
-3986
-2316
-1073
-2989
-3862
-832
1260
-135
-1547
-940
-4
897
1829
733
-1384
-1339
752
1103
99
-119
461
759
1428
2325
2543
3190
4253
4147
3294
4381
7036
6695
2040
-2082
1259
8031
5832
-5025
-8789
-69
5441
1540
-3625
-5129
-5959
-2791
2239
-235
-7590
-8014
-2360
-512
-737
54
-1155
-3751
-1199
3699
3652
1060
812
1580
1439
3201
5058
3194
-51
278
2433
2253
927
117
-1036
-2774
-2311
-1150
-2457
-4910
-4470
-3126
-4509
-5721
-3881
-2097
-3331
-4142
-3221
-2202
-1091
519
-246
-2637
-1734
2030
3259
1487
906
2434
3951
5265
6090
5844
5194
6324
7357
6728
5845
7097
7311
3069
-1906
-700
5479
4810
-4750
-11357
-5712
1185
114
-5182
-8173
-9202
-6647
-845
-578
-6925
-9485
-4288
-312
145
1036
1078
-854
470
5892
7362
4485
3404
4724
4678
4881
6357
5035
1649
796
2322
1697
163
-673
-2425
-4808
-4907
-3520
-4745
-7273
-8178
-6978
-6242
-6462
-6632
-6286
-4844
-3226
-2201
-2487
-1507
1054
2693
2073
1787
3413
4911
5682
5906
5719
5357
6456
8167
7931
6326
5348
5804
5696
5311
4331
3356
1361
-1852
-4300
-2083
1688
-2785
-11853
-12310
-3258
-518
-5403
-8538
-7717
-7016
-3256
1295
-1348
-6441
-3717
2722
3451
2662
4487
4527
2944
5701
9330
7235
4091
5233
6220
4130
3523
4262
1956
-974
-718
-384
-2731
-4064
-3869
-5600
-8047
-7555
-6104
-7510
-9119
-8444
-6669
-6193
-5864
-5174
-3902
-1779
167
788
853
2861
5301
6101
5436
5592
6203
6648
7163
6969
5760
5016
6107
6346
4631
2585
2249
2676
2233
918
-764
-1370
-2448
-4553
-6353
-3827
-1726
-5952
-11748
-8831
-1144
-609
-4725
-5535
-3172
-1717
1556
3783
1040
-1567
2056
6156
5555
4930
5757
4716
3703
6253
7453
4177
1905
2883
2707
710
496
168
-2656
-4692
-3865
-3364
-4938
-5860
-6415
-7342
-7821
-6323
-5395
-6301
-7017
-5746
-3510
-2745
-2190
-1142
740
1945
3180
4022
4746
5707
6540
6419
5572
5579
5606
5241
4450
3861
3238
2703
2406
1587
320
-840
-534
-401
-1257
-2642
-2510
-1740
-2664
-5258
-5839
-1800
274
-4196
-8599
-4009
2461
1838
-1384
-851
588
1253
4386
5734
2074
-182
3329
5584
4011
3580
3776
1732
1079
3780
3696
126
-1248
-261
-908
-1834
-1295
-2533
-5163
-5367
-3368
-3283
-4442
-4813
-5054
-5413
-4291
-2484
-2769
-3902
-3132
-1139
-510
-485
625
1949
2420
2853
3517
3763
4339
5258
4680
2950
2507
3237
2818
1710
942
231
-372
26
288
-1119
-2297
-1681
-374
-675
-1254
-1177
-248
728
184
-2503
-3156
1845
4352
-1101
-5883
-744
4783
3136
612
1329
414
-421
3425
5000
604
-1868
1037
1665
90
1297
1878
-1291
-2134
1069
1037
-1704
-1467
-154
-1898
-2809
-972
-954
-2807
-2635
-1347
-2102
-2428
-1243
-1048
-2353
-2061
-652
-891
-1554
-613
614
-425
-1298
1
1853
1714
822
520
694
1676
2690
1971
-208
-681
436
882
144
-652
-1228
-1164
2
648
-194
-744
393
1792
1798
1404
1419
2450
3735
3044
-452
-1614
3244
6036
471
-5594
-2212
3277
2649
-108
-560
-2143
-3454
238
2988
-522
-4081
-2153
-783
-1372
273
1666
-1237
-2914
315
1830
176
347
1622
-491
-1668
1101
2463
167
-891
29
-553
-629
1027
595
-2390
-2625
-534
-706
-2056
-1542
-1491
-3449
-3548
-883
133
-1480
-2381
-1543
-404
988
1703
288
-1349
-352
1743
1816
566
-18
399
1286
2441
2855
1971
1228
2112
3722
3814
2630
2004
2732
3637
2525
-623
-1978
1501
3492
-1373
-6684
-3877
1120
547
-1924
-2319
-3439
-4085
-188
2414
-1138
-4364
-2158
71
328
1802
2200
-530
-1121
2487
3759
1768
1408
2197
860
254
2274
2501
-26
-1157
75
207
-337
-549
-1532
-3420
-3181
-1623
-2217
-4184
-4499
-3402
-3568
-3735
-2846
-1787
-1947
-1689
-705
185
888
1635
1778
1102
1199
2053
2702
2396
2019
1936
2528
3404
3520
2610
1967
2635
3325
2882
1709
1139
1559
2341
1171
-2232
-3662
15
2359
-2238
-7306
-4757
97
136
-1406
-1606
-2935
-3493
711
3627
429
-2793
-968
1053
1534
3092
3406
430
-499
2704
4016
2033
1194
1493
413
1
1353
1006
-1159
-1744
-1019
-1507
-2096
-1863
-2660
-4145
-3901
-2959
-3647
-4355
-3378
-2725
-3469
-3364
-1830
-573
-13
413
154
288
2084
3938
3270
1580
1369
2519
3476
3349
2137
1051
1649
2761
2609
1418
887
1019
1260
1314
803
-145
-190
1127
863
-2129
-3875
-496
2408
-930
-5676
-3938
690
1550
390
-155
-1554
-2108
1527
4282
1514
-1624
-480
1147
1474
2917
3202
197
-1243
1522
3054
1323
257
209
-986
-1273
585
709
-1867
-3058
-1901
-1435
-1896
-2092
-2926
-4364
-3741
-1928
-2266
-3779
-3040
-1344
-1706
-1993
-405
878
266
514
1507
1551
1638
3020
3214
1441
817
1830
2389
1903
1398
374
-183
833
2059
1120
-731
-778
671
1450
843
144
282
1336
1301
-689
-1820
1074
3295
-136
-4472
-2435
2180
2622
873
-36
-1269
-1592
1761
3880
805
-2364
-1252
285
605
1674
1590
-1174
-2092
484
1502
4
-340
93
-1120
-1551
47
471
-1095
-1622
-1086
-1406
-1597
-905
-1301
-2714
-2617
-1473
-1567
-2065
-1361
-1025
-1703
-1449
138
673
304
230
215
287
1531
2424
974
-665
-186
1179
1381
755
-343
-1017
41
1891
1761
-187
-696
857
2373
2440
1955
1295
1540
2973
3169
552
-882
2165
3659
-370
-3948
-1064
2142
1390
-95
-526
-2183
-2364
1149
2460
-891
-3313
-1912
-857
-167
1217
524
-2427
-2279
949
1708
372
131
63
-986
-98
1779
1073
-975
-891
1
-297
-345
-258
-1451
-2646
-1679
-935
-1872
-2546
-1724
-1601
-2213
-2003
-1133
-763
-471
-174
-730
-886
359
1475
660
-378
-376
373
1002
1208
614
31
841
2257
2448
1333
1065
2044
3090
3184
2682
2117
2459
3302
2156
-281
-54
2714
1527
-2980
-3826
61
1373
-352
-1219
-1616
-2972
-1825
1364
817
-2398
-2803
-1017
-811
-120
1448
562
-1691
-675
1928
1906
906
948
586
-184
912
2010
754
-788
-364
273
-101
-413
-945
-2199
-2638
-1751
-1691
-2791
-3054
-2439
-2690
-2982
-2003
-1037
-1478
-1632
-766
-135
-194
155
448
380
600
1134
1044
832
1356
1697
1670
2031
2729
2359
1913
2346
3107
3032
2743
2518
2241
2480
2036
239
-1122
913
1804
-1554
-4921
-2562
751
91
-1723
-2016
-2457
-2767
-204
1184
-1009
-3054
-1439
-31
242
1366
1816
-26
-660
1899
2920
1562
1052
1766
825
244
1557
1819
-49
-994
-238
-495
-1098
-1145
-1901
-3425
-3297
-2312
-2820
-3220
-2462
-2661
-3862
-2824
-445
-310
-1294
-1235
-547
28
1526
2002
562
-207
1208
2381
2010
1654
1145
806
1739
3495
2937
1215
1211
2506
2716
2482
2717
2295
1308
302
-359
81
1845
712
-3543
-4991
-1168
1306
-148
-1823
-2295
-2833
-1628
1106
859
-2008
-2619
-615
328
812
1866
1536
-226
156
2331
2848
1863
1338
857
79
747
1784
987
-894
-1357
-999
-959
-994
-1246
-2326
-3676
-3824
-3214
-2295
-2106
-2905
-4229
-3724
-1378
438
43
-1222
-1332
-158
1497
2250
1656
305
253
1634
2767
2296
1366
1153
1414
1950
2580
2730
2118
1755
1950
2285
2616
3078
2732
676
-1445
-693
2351
2267
-2112
-4998
-2574
409
479
-713
-1947
-3642
-3213
68
1365
-1055
-2936
-2023
-713
790
2343
1859
-444
-533
1650
2863
2539
1842
684
-300
745
2091
1507
-173
-802
-1028
-1044
-676
-774
-2214
-3480
-3525
-3176
-2961
-2816
-2930
-3486
-3140
-1906
-719
-794
-953
-671
204
744
1136
1088
915
1170
1830
2047
1633
1610
2012
2429
2317
2160
2203
2663
2954
2856
2482
2433
2702
2233
475
-385
1107
1707
-1094
-3539
-2220
-411
-1022
-1872
-1970
-2791
-3151
-1500
-546
-1735
-2325
-1361
-1110
-941
716
1839
775
211
1342
1986
1897
2585
2756
1120
222
1304
1899
945
342
48
-928
-1507
-891
-1120
-2645
-3571
-3267
-3327
-3526
-3287
-3147
-3438
-2821
-1592
-1307
-1478
-947
-60
184
634
1059
1135
993
1732
2355
2425
2347
2519
2454
2437
3071
3487
3175
2625
2718
2992
3474
3419
1694
-660
-383
2106
1871
-1719
-4007
-2599
-822
-387
-1006
-2641
-4397
-3667
-1169
-521
-1846
-2950
-2986
-2309
-272
1428
873
-624
-238
1416
2441
2827
2678
1761
1020
1882
2822
2277
967
563
447
80
-315
-656
-1667
-2994
-3430
-3069
-2903
-3599
-4015
-3972
-3353
-2667
-1758
-1675
-2055
-1793
-455
599
723
590
562
1120
2055
2876
2782
2447
2340
2790
3407
3790
3605
3171
3036
3192
3586
3386
1981
30
-44
1532
1390
-1522
-3541
-2316
-735
-836
-1731
-2560
-3630
-3365
-1543
-698
-1821
-2845
-2639
-1932
-517
821
688
-448
-229
1209
2239
2605
2706
2208
1466
1748
2724
2772
1741
812
473
91
-195
-546
-1560
-2978
-3401
-2943
-3298
-3985
-3975
-3275
-3439
-3369
-2805
-1978
-1648
-1206
-1121
-1168
-283
1175
1703
921
872
1618
2853
3566
3660
2591
2134
3192
4501
4347
3227
2668
2634
2555
1604
792
962
1126
-703
-2784
-2247
-454
-395
-1670
-2364
-2856
-2737
-1501
-548
-1569
-2588
-2069
-1229
-805
41
806
324
-44
785
1686
1730
2086
2518
1843
1016
1642
2418
1853
875
488
33
-425
-681
-1383
-2636
-2970
-2557
-2857
-3578
-3797
-3484
-3134
-2212
-1796
-2132
-2361
-1323
-388
12
177
381
373
767
1742
2350
2386
2190
2295
2421
3099
3675
3662
2705
2263
2652
2924
1678
49
-58
568
-146
-1715
-1805
-1281
-1540
-1736
-903
-1018
-2039
-1967
-954
-936
-1056
-451
-341
-760
8
1333
1455
1143
1343
1387
1198
1835
2408
1781
863
792
877
646
595
267
-762
-1580
-1569
-1704
-2474
-2868
-3066
-3408
-3560
-2795
-2337
-2439
-2302
-1518
-894
-576
-183
-13
259
698
1309
1359
1504
1661
1987
2159
2324
2258
2049
2072
2165
2284
2073
2030
1586
440
-897
-447
1019
447
-2234
-3643
-2241
-719
-292
-708
-1595
-2750
-2152
-186
812
205
-576
-931
-660
1204
3097
2882
1119
790
1844
2904
3133
2672
1498
717
1148
1720
1112
-183
-1015
-1361
-1467
-1870
-2846
-3897
-3900
-3499
-3485
-3805
-3716
-3524
-2878
-1920
-1081
-881
-788
-448
409
1640
2428
2308
1905
2268
3092
3818
3715
3166
2561
2564
2745
2888
2462
1789
1119
340
-943
-1691
-1084
-952
-2671
-4537
-4158
-2843
-1916
-1594
-1777
-2947
-2954
-988
772
398
-342
-301
165
1375
3231
3716
2371
1800
2682
3513
3682
3708
2715
1254
1042
1909
1769
449
-707
-1464
-1947
-2143
-2362
-3192
-4041
-4526
-4608
-4230
-3577
-3330
-3670
-3540
-2558
-1300
-646
-205
92
574
1340
2524
3156
3172
3189
3588
3863
4090
4333
4095
3451
3000
3031
2751
1880
100
-1213
-1190
-587
-1840
-3960
-4757
-3942
-3167
-2723
-2888
-3883
-4262
-2831
-1057
-903
-1081
-633
89
664
1998
3021
3111
2949
3360
3407
3274
3700
3986
3264
2175
1728
1366
1020
680
49
-1428
-2775
-3182
-2930
-2945
-3432
-4015
-4390
-4018
-3075
-2209
-2183
-2499
-2524
-1899
-848
210
754
619
605
1412
2840
3619
3433
2990
3090
3453
3692
3675
3374
2880
2238
1336
290
75
530
70
-1687
-3084
-3256
-2820
-2082
-1629
-2527
-4132
-4232
-2663
-1143
-627
-969
-1810
-1823
122
2659
3359
2097
931
1241
2795
4295
4261
2561
975
1054
2043
2363
1387
-241
-1678
-1869
-1190
-1144
-2496
-3628
-3435
-2664
-2394
-2409
-2338
-2202
-1774
-991
-229
122
379
770
1352
1894
2418
2568
2397
2125
2342
2618
2765
2490
2014
1397
1095
734
187
-241
-717
-1836
-2902
-2653
-2100
-2333
-2801
-2633
-2590
-2367
-1705
-1044
-1143
-1032
-533
-19
397
1111
1628
1646
1691
2016
2375
2505
2505
2145
1771
1559
1493
1057
273
-673
-1331
-1273
-1051
-1426
-2398
-2837
-2702
-2174
-1703
-1649
-2212
-2377
-1543
-479
138
337
527
927
1928
3053
3515
3321
3210
3366
3385
3338
3289
2884
2187
1774
1380
293
-542
-574
-1028
-2693
-3532
-3223
-3099
-3694
-3707
-3707
-3783
-3290
-2429
-2450
-2655
-1898
-1016
-636
-110
887
1445
1781
2319
2804
2826
2916
3090
3029
2695
2333
1747
976
422
273
68
-664
-1638
-2174
-1973
-1634
-1667
-2235
-2788
-2749
-1945
-1225
-1114
-1309
-935
5
1045
1580
1804
1991
2455
2982
3333
3333
3135
3061
3173
3239
2607
1580
985
1069
674
-420
-1250
-1554
-2041
-2528
-2458
-2515
-3070
-3369
-3026
-2694
-2418
-2111
-2113
-2326
-1886
-837
-132
-49
-113
80
477
1119
1542
1482
1040
750
531
469
767
977
550
-105
-151
33
69
1
-36
-377
-774
-785
-412
-36
163
235
202
359
897
1682
1873
1607
1461
1727
1816
1917
2052
1925
1573
1179
614
25
197
265
-584
-1650
-1805
-1717
-1602
-1126
-983
-1739
-2252
-1668
-1052
-809
-719
-759
-1130
-780
125
707
584
483
397
418
711
996
612
-201
-565
-351
-213
-695
-1197
-1347
-1131
-1177
-1322
-1457
-1326
-1084
-907
-860
-740
-433
-44
545
1094
1292
1304
1642
2208
2593
2737
2620
2349
2311
2682
3065
2901
2080
1036
642
900
879
44
-977
-1636
-1789
-1548
-1267
-1516
-2142
-2505
-2429
-2130
-1737
-1439
-1482
-1688
-1759
-1382
-596
198
288
-196
-470
-221
280
648
861
454
-228
-467
212
824
801
340
-55
-160
172
608
451
-119
-354
-55
239
352
433
552
634
762
851
810
678
723
815
686
357
248
428
355
-106
-437
-314
-231
-379
-274
-135
-261
-362
139
569
605
567
573
430
632
1219
1306
632
133
232
350
241
-39
-494
-1264
-1723
-1663
-1413
-1806
-2666
-3222
-3095
-2634
-2386
-2327
-2455
-2270
-1707
-839
-363
-88
274
953
1596
2372
3099
3537
3518
3660
3966
4232
4130
3777
3092
2441
2232
2174
1726
639
-548
-1608
-1835
-1655
-1919
-3278
-4493
-4606
-3784
-3104
-3061
-3439
-3446
-2740
-1556
-535
-7
198
627
1281
1965
2605
3154
3218
2984
2656
2469
2330
2455
2218
1324
191
-447
-635
-798
-1138
-1839
-2634
-3191
-3077
-2761
-2643
-2870
-2773
-2447
-1895
-1160
-231
206
495
1093
1956
2369
2619
2852
3109
3234
3391
3381
3025
2507
1985
1736
1428
1000
98
-695
-1309
-1364
-1486
-1622
-1957
-2295
-2694
-2680
-2104
-1648
-1624
-1742
-1598
-1199
-489
194
302
-151
-325
32
524
595
453
109
-116
-78
212
127
-164
-365
-311
-258
-148
-75
0
193
528
872
1117
1316
1385
1607
1731
1934
1927
1861
1445
1190
1122
1249
1170
700
14
-700
-1012
-1143
-1079
-1373
-2116
-2873
-2885
-2236
-1723
-1471
-1543
-1653
-1541
-649
406
809
596
515
808
1347
1901
2189
1650
952
803
1337
1280
765
18
-354
-633
-522
-631
-1147
-1757
-1890
-1832
-1925
-1920
-1848
-1699
-1617
-1224
-729
-176
210
627
1017
1443
1790
2146
2383
2673
2821
2887
2692
2771
2773
2640
2107
1598
920
336
-66
-396
-968
-1664
-1920
-2010
-2018
-2168
-2140
-2310
-2291
-2146
-1939
-2017
-1960
-1621
-1385
-1239
-1132
-928
-784
-281
121
211
129
337
536
711
1011
1249
1077
793
858
1196
1518
1580
1368
1039
932
1197
1451
1400
1011
673
434
510
642
523
20
-375
-424
-308
-185
-218
-324
-660
-768
-769
-479
-521
-647
-864
-614
-329
-107
-45
-5
119
287
523
334
205
61
100
-143
-164
-230
-441
-760
-855
-931
-1161
-1204
-1136
-1272
-1547
-1592
-1462
-1310
-1032
-855
-892
-908
-484
153
646
939
1078
1067
1194
1823
2433
2559
2173
1920
1815
2076
2357
2376
1776
1234
1125
1259
1244
1029
551
-254
-791
-699
-462
-682
-1117
-1406
-1443
-1161
-770
-834
-1276
-1528
-1435
-1275
-1203
-1324
-1649
-1810
-1552
-1251
-1226
-1334
-1313
-1291
-1174
-899
-608
-555
-489
-217
91
374
764
1148
1296
1473
1872
2077
1980
2004
2215
2117
1856
1696
1541
1276
1059
885
454
36
-255
-462
-773
-921
-1066
-1415
-1704
-1582
-1321
-1314
-1246
-950
-582
-287
172
526
758
1032
1472
1719
1655
1467
1319
1325
1315
1021
326
-295
-619
-745
-925
-1272
-1868
-2374
-2513
-2424
-2369
-2302
-2342
-2430
-2256
-1575
-867
-389
-114
142
446
1058
1875
2398
2321
2181
2432
2945
3235
3129
2696
2219
2065
2052
1741
1067
441
-53
-426
-764
-1161
-1593
-1879
-1964
-2060
-2102
-2124
-2142
-2130
-1841
-1496
-1258
-1093
-913
-737
-450
-96
105
73
68
141
252
424
548
454
249
262
434
580
584
440
132
-50
113
434
539
346
97
48
291
646
790
618
434
469
673
847
1021
1118
1107
981
917
911
932
883
608
154
-240
-325
-352
-433
-700
-946
-1094
-987
-812
-795
-946
-1108
-1106
-954
-762
-649
-722
-791
-682
-403
-331
-396
-365
-125
-20
-29
-85
-166
-292
-267
-203
-368
-691
-815
-716
-552
-376
-313
-460
-561
-260
188
447
501
575
695
1046
1538
1854
1901
1958
2114
2175
2287
2338
2260
1963
1716
1485
1312
1043
700
260
-91
-363
-540
-715
-958
-1341
-1709
-1882
-1968
-2106
-2272
-2343
-2347
-2275
-2109
-1956
-1818
-1619
-1357
-1139
-918
-651
-479
-240
146
515
623
747
900
985
1116
1337
1343
1124
1081
1105
1008
877
858
685
341
136
80
40
-48
-147
-246
-230
-33
108
228
336
482
477
535
626
770
860
845
670
520
601
671
573
309
100
-130
-208
-245
-415
-756
-964
-957
-889
-904
-1054
-1190
-1096
-863
-759
-842
-902
-922
-814
-618
-442
-533
-661
-655
-436
-210
-124
-207
-260
-153
26
167
164
127
190
426
607
676
732
838
1078
1389
1621
1569
1500
1596
1862
1986
1912
1630
1411
1322
1293
1108
759
295
-166
-525
-743
-979
-1399
-1895
-2262
-2432
-2531
-2583
-2654
-2699
-2737
-2535
-2152
-1744
-1506
-1225
-783
-254
301
814
1188
1433
1820
2281
2529
2480
2427
2428
2423
2299
2050
1589
1072
653
327
-101
-613
-1069
-1457
-1818
-2012
-2066
-2148
-2237
-2134
-1867
-1639
-1364
-986
-555
-127
400
868
1230
1585
2039
2382
2534
2571
2560
2471
2346
2202
1860
1364
887
541
96
-465
-1051
-1565
-2066
-2456
-2724
-3021
-3303
-3459
-3382
-3202
-2943
-2674
-2377
-1922
-1348
-735
-184
388
887
1359
1861
2365
2696
2908
3156
3333
3346
3274
3170
2914
2598
2352
2015
1421
805
386
29
-460
-939
-1371
-1817
-2141
-2199
-2223
-2349
-2370
-2316
-2279
-2148
-1728
-1362
-1176
-913
-474
-141
148
563
836
858
907
1135
1223
1148
1081
958
726
606
618
450
91
-170
-336
-528
-640
-676
-865
-1160
-1250
-1146
-1023
-909
-803
-797
-701
-345
35
204
337
566
765
983
1252
1412
1403
1464
1631
1733
1666
1511
1313
1171
1167
1199
1023
617
288
164
121
-57
-371
-744
-991
-1003
-926
-1005
-1276
-1509
-1577
-1499
-1443
-1492
-1590
-1608
-1531
-1415
-1231
-1001
-847
-775
-669
-458
-182
134
391
501
599
784
1047
1248
1314
1252
1221
1268
1335
1311
1143
937
795
758
686
515
307
184
141
68
-76
-224
-300
-315
-347
-436
-526
-586
-555
-429
-331
-362
-379
-265
-115
25
171
235
192
213
291
314
282
262
161
-9
-128
-206
-251
-276
-353
-550
-730
-750
-636
-531
-538
-624
-676
-608
-469
-313
-179
-80
-31
28
191
442
682
773
693
581
654
872
992
858
617
490
537
615
534
288
92
47
23
-35
-130
-296
-494
-532
-429
-414
-466
-478
-466
-417
-226
-79
-169
-280
-225
-131
-142
-165
-256
-433
-457
-267
-202
-359
-464
-445
-397
-309
-254
-354
-409
-246
-40
0
10
130
305
493
630
621
599
760
1005
1074
1019
986
987
986
1016
992
840
630
445
297
144
-8
-199
-399
-604
-759
-875
-939
-990
-1012
-1020
-1049
-1040
-971
-859
-709
-494
-360
-351
-312
-96
191
376
401
296
234
389
653
725
575
394
279
247
282
276
116
-95
-231
-282
-264
-237
-299
-412
-400
-292
-238
-187
-45
68
80
105
211
334
460
547
531
490
565
690
695
638
589
531
479
524
551
367
135
49
60
-14
-119
-273
-519
-713
-708
-645
-694
-817
-960
-1047
-1022
-868
-737
-737
-851
-908
-839
-642
-402
-264
-328
-418
-304
-1
271
385
351
264
327
558
796
886
895
852
800
858
1030
1150
1115
946
742
656
721
754
606
394
210
56
-15
-37
-200
-469
-600
-630
-708
-776
-759
-783
-846
-769
-590
-471
-441
-377
-272
-100
116
306
335
258
294
492
669
591
329
107
96
120
10
-236
-505
-671
-701
-694
-825
-1001
-1073
-1030
-930
-820
-758
-702
-539
-302
-99
121
390
661
841
987
1155
1353
1516
1582
1574
1529
1490
1411
1312
1189
994
725
483
306
135
-110
-410
-674
-865
-1001
-1120
-1234
-1339
-1398
-1382
-1304
-1195
-1097
-1028
-935
-746
-522
-406
-350
-212
-20
114
198
254
286
340
451
534
511
442
401
378
350
361
359
283
172
153
229
332
367
284
166
151
275
396
387
260
164
174
303
426
379
163
4
28
110
147
90
-84
-297
-309
-149
-73
-173
-332
-470
-515
-366
-167
-174
-350
-419
-311
-156
-33
28
-81
-280
-292
-77
71
-15
-172
-286
-345
-275
-156
-246
-462
-526
-433
-384
-374
-305
-235
-193
-101
37
164
311
463
572
617
706
872
1009
1046
1038
1030
1020
1041
1053
951
736
552
438
293
56
-209
-468
-672
-769
-844
-1046
-1267
-1304
-1256
-1266
-1249
-1152
-1092
-1014
-824
-603
-433
-233
-49
29
152
418
625
695
766
824
793
780
868
861
740
656
581
428
323
337
244
12
-116
-118
-185
-274
-273
-294
-343
-294
-210
-211
-184
-69
-3
56
176
234
198
249
380
444
416
363
285
266
347
369
237
52
-75
-162
-167
-147
-248
-456
-595
-637
-607
-509
-465
-589
-777
-813
-659
-467
-392
-467
-575
-544
-336
-88
6
-68
-132
-46
142
308
380
375
347
374
478
573
584
580
609
626
613
619
636
619
602
597
535
403
332
318
270
156
42
-98
-230
-272
-283
-369
-498
-560
-608
-651
-675
-663
-642
-598
-575
-594
-552
-409
-237
-147
-102
-71
-25
72
216
321
324
281
243
229
270
371
411
302
128
39
79
170
184
43
-165
-239
-134
-17
-5
-90
-175
-184
-94
31
94
90
79
99
144
221
295
330
345
361
332
282
256
266
268
213
90
-80
-207
-226
-162
-180
-346
-531
-564
-461
-353
-333
-408
-485
-432
-262
-145
-115
-95
-37
15
62
136
210
221
189
190
210
203
206
231
192
123
107
147
174
146
86
57
105
192
246
231
201
232
315
362
353
337
300
236
183
174
161
76
-76
-255
-350
-348
-338
-467
-696
-836
-803
-715
-722
-825
-917
-851
-634
-416
-363
-380
-255
39
326
433
417
442
585
775
889
861
749
676
697
706
640
482
268
85
5
-43
-175
-344
-444
-469
-484
-486
-480
-468
-425
-335
-225
-120
-24
73
181
318
483
602
627
590
581
620
653
599
435
242
129
83
-10
-216
-485
-712
-815
-821
-858
-963
-1111
-1174
-1089
-889
-716
-640
-592
-481
-252
5
236
385
495
592
707
848
985
1087
1097
1013
906
893
902
822
656
456
242
95
42
-31
-194
-382
-549
-648
-631
-558
-551
-621
-662
-616
-461
-247
-109
-87
-60
29
117
230
378
464
413
313
256
240
267
241
68
-173
-315
-349
-367
-425
-536
-629
-630
-565
-518
-511
-492
-377
-215
-118
-72
28
193
366
504
569
588
640
722
746
721
704
654
532
425
364
289
170
51
-52
-163
-270
-357
-410
-418
-402
-413
-455
-458
-376
-249
-130
-58
-40
-48
19
164
260
224
151
126
120
114
107
54
-70
-180
-233
-270
-332
-386
-441
-495
-524
-502
-472
-448
-399
-317
-231
-148
-76
-3
148
342
452
455
470
551
651
736
739
634
563
603
638
572
480
396
278
181
145
66
-83
-174
-216
-318
-418
-406
-381
-410
-419
-396
-402
-389
-307
-250
-264
-242
-163
-108
-77
-37
-26
-16
14
2
-40
-48
-17
-18
-54
-95
-118
-115
-104
-105
-134
-150
-140
-127
-104
-58
11
58
68
75
152
263
323
323
314
335
386
439
428
366
346
389
378
278
198
193
190
138
63
-34
-101
-68
-19
-77
-182
-205
-179
-186
-195
-190
-188
-202
-202
-204
-204
-180
-129
-119
-180
-222
-209
-176
-176
-203
-265
-325
-328
-307
-304
-318
-299
-269
-271
-281
-225
-134
-70
-22
17
48
83
204
349
417
430
475
516
534
593
635
590
519
494
427
311
271
295
211
30
-96
-170
-233
-240
-230
-315
-439
-456
-410
-371
-317
-270
-287
-321
-280
-188
-95
-26
-2
-24
-4
110
225
275
276
261
260
297
333
292
209
150
123
91
73
51
-28
-118
-157
-158
-191
-233
-282
-338
-343
-273
-226
-254
-274
-235
-174
-92
-5
32
8
14
117
254
337
357
361
341
337
394
469
465
396
313
248
229
211
127
-24
-150
-222
-291
-389
-464
-493
-521
-566
-592
-601
-585
-518
-441
-405
-369
-306
-226
-87
78
203
243
258
323
491
695
768
681
576
611
744
831
748
535
346
284
298
270
113
-137
-323
-377
-383
-443
-573
-710
-774
-741
-690
-677
-664
-602
-515
-439
-342
-200
-50
54
134
224
330
410
469
506
506
502
516
482
391
316
274
192
59
-55
-159
-268
-349
-393
-459
-527
-539
-538
-540
-501
-411
-322
-233
-156
-93
13
179
351
451
510
549
591
689
811
833
740
634
560
524
497
425
269
86
-51
-145
-225
-320
-451
-577
-660
-714
-731
-701
-680
-704
-701
-649
-544
-410
-308
-272
-210
-79
55
152
235
291
295
317
410
489
495
462
408
344
299
315
326
248
132
60
16
9
41
43
-44
-131
-116
-58
-28
-37
-47
-74
-80
-49
-11
13
38
63
58
41
56
88
113
113
91
54
19
12
25
22
-33
-71
-67
-73
-109
-151
-187
-199
-184
-166
-193
-221
-222
-198
-156
-123
-136
-165
-171
-153
-104
-58
-58
-76
-58
-8
52
96
104
96
94
133
188
225
218
183
195
231
266
261
242
220
194
174
162
148
132
124
89
52
50
66
23
-51
-93
-81
-64
-83
-143
-186
-146
-72
-75
-165
-211
-165
-100
-103
-146
-184
-181
-161
-169
-189
-170
-123
-131
-177
-192
-149
-64
18
10
-70
-100
-11
141
218
162
60
24
103
237
313
249
123
58
89
180
267
236
72
-78
-93
-3
75
71
-52
-207
-249
-135
-12
-14
-115
-201
-203
-121
-22
2
-42
-46
11
57
70
77
81
93
141
153
81
-19
-19
55
94
67
-13
-86
-87
16
105
86
0
-60
-57
-20
52
74
6
-78
-98
-57
24
93
66
-1
-7
46
115
175
205
187
148
132
162
216
243
226
176
121
79
81
105
85
-10
-126
-202
-219
-205
-234
-319
-410
-438
-436
-432
-440
-443
-430
-412
-382
-353
-293
-217
-133
-55
-8
27
97
207
305
337
338
359
416
471
466
405
351
353
346
266
166
125
128
115
58
-26
-82
-87
-74
-71
-90
-117
-128
-89
-39
-21
-16
-2
-2
-2
33
74
74
27
-15
-9
26
28
-22
-65
-93
-114
-137
-193
-261
-292
-284
-300
-326
-304
-267
-268
-278
-257
-197
-126
-71
-57
-72
-53
18
99
147
155
116
97
150
236
256
201
147
140
176
235
275
243
187
164
186
231
277
279
235
199
214
247
244
202
139
94
86
87
65
-1
-78
-143
-177
-201
-250
-317
-380
-413
-399
-367
-365
-389
-408
-376
-293
-206
-167
-161
-140
-59
51
135
169
184
230
318
397
419
393
341
307
287
260
202
132
52
-33
-92
-107
-128
-191
-250
-295
-313
-305
-270
-240
-224
-213
-189
-126
-35
36
55
75
126
192
239
257
268
296
314
303
282
235
187
172
144
71
-19
-78
-103
-109
-142
-222
-298
-301
-242
-206
-235
-284
-268
-189
-98
-49
-27
-23
21
102
172
200
195
186
173
184
209
231
197
125
67
63
86
87
28
-83
-151
-137
-127
-167
-210
-253
-279
-250
-183
-159
-180
-191
-188
-144
-91
-36
-3
10
13
20
29
40
93
119
99
46
19
34
87
138
130
81
19
11
73
142
153
102
38
18
70
132
171
164
89
35
79
175
203
146
58
20
58
114
117
53
-22
-58
-54
-32
-23
-38
-78
-126
-118
-74
-57
-78
-104
-115
-91
-47
-36
-62
-69
-43
-35
-76
-99
-70
-24
-22
-60
-78
-53
-5
23
-8
-55
-50
-20
-20
-52
-72
-89
-74
-59
-56
-65
-64
-62
-51
-31
-24
-1
19
35
37
72
136
167
148
121
127
176
212
200
130
80
109
154
158
96
40
20
19
23
4
-10
-28
-57
-95
-122
-120
-103
-105
-154
-204
-224
-191
-152
-158
-199
-216
-190
-155
-116
-89
-86
-80
-42
-4
14
33
66
100
117
130
166
211
267
308
316
301
274
251
229
213
193
150
70
-5
-46
-40
-32
-66
-134
-208
-253
-246
-212
-207
-246
-289
-259
-171
-86
-57
-57
-39
18
104
159
175
187
198
206
224
245
245
201
140
81
58
53
19
-80
-187
-252
-272
-272
-306
-357
-383
-386
-386
-358
-312
-256
-186
-146
-109
-15
112
191
222
265
342
418
444
444
471
504
478
405
332
277
231
200
143
23
-91
-140
-165
-186
-220
-260
-297
-298
-291
-300
-286
-242
-209
-209
-196
-146
-64
22
103
117
94
115
175
233
250
232
200
167
149
151
134
90
38
-9
-65
-117
-124
-97
-77
-97
-166
-208
-176
-93
-63
-124
-203
-218
-152
-61
-17
-73
-146
-143
-75
-30
-30
-39
-34
2
30
40
63
122
165
142
99
114
156
185
180
160
144
127
119
93
61
39
15
-23
-49
-62
-92
-121
-137
-139
-169
-201
-183
-134
-102
-95
-101
-100
-63
-13
32
59
101
128
142
173
235
285
271
222
190
217
231
187
120
58
14
15
27
2
-66
-142
-189
-219
-235
-245
-263
-315
-355
-352
-298
-203
-140
-146
-170
-136
-40
66
100
72
39
71
147
207
205
154
111
114
137
137
138
115
62
11
8
32
42
15
-22
-34
-5
22
21
11
23
47
53
62
102
160
182
172
151
127
119
138
129
99
71
28
-26
-33
6
12
-57
-145
-173
-126
-74
-89
-159
-209
-189
-132
-110
-120
-117
-98
-72
-66
-60
-57
-56
-57
-75
-92
-105
-97
-87
-93
-108
-108
-75
-40
-28
-46
-63
-38
10
43
47
54
81
125
161
148
125
152
195
216
201
164
157
205
240
201
141
91
76
66
53
13
-42
-71
-84
-100
-115
-118
-132
-144
-161
-142
-110
-91
-96
-102
-87
-44
4
-1
-41
-51
-16
32
36
-5
-35
-28
4
26
33
4
-17
-28
-44
-47
-44
-21
-22
-65
-109
-100
-45
-1
-5
-68
-107
-69
12
52
48
36
42
61
76
115
143
138
95
50
45
84
136
136
86
55
59
81
98
106
98
62
26
3
4
1
-1
-20
-53
-92
-91
-55
-34
-69
-106
-114
-104
-74
-53
-60
-82
-77
-38
1
21
27
30
49
78
109
136
150
149
148
152
163
170
159
129
98
68
46
21
-15
-90
-179
-213
-202
-197
-243
-312
-339
-293
-244
-236
-249
-235
-187
-140
-129
-109
-57
7
68
91
116
174
260
288
251
203
193
239
275
225
103
36
49
64
1
-107
-177
-200
-197
-208
-230
-243
-224
-197
-190
-182
-147
-68
10
47
66
101
169
241
293
300
296
299
305
316
299
273
222
171
133
89
42
-8
-35
-69
-114
-168
-211
-234
-240
-248
-261
-272
-277
-284
-265
-201
-151
-120
-107
-98
-76
-12
54
100
106
101
118
164
196
205
195
160
129
129
144
107
60
11
-14
-26
-16
-24
-62
-92
-91
-79
-81
-83
-79
-62
-44
-8
8
6
1
2
20
67
113
114
95
109
146
173
158
124
101
111
126
116
88
55
32
24
18
-3
-43
-96
-128
-136
-147
-169
-183
-181
-166
-173
-182
-180
-166
-171
-180
-185
-172
-129
-92
-57
-45
-32
-5
36
70
84
109
127
140
167
211
228
220
202
170
152
152
153
117
55
7
-14
-8
1
-20
-59
-82
-97
-111
-117
-131
-146
-157
-185
-198
-178
-125
-70
-37
-27
-22
14
42
55
66
64
53
67
90
91
81
56
33
26
53
58
17
-10
-25
-31
-33
-34
-51
-70
-70
-78
-64
-36
-4
-13
-54
-57
-17
34
48
41
17
44
80
96
115
112
90
51
30
28
58
71
50
27
10
12
18
21
-1
-20
-15
1
25
25
16
16
23
49
51
45
35
42
43
32
11
-5
-11
-26
-32
-41
-56
-73
-87
-92
-91
-103
-114
-114
-80
-49
-59
-89
-61
2
32
25
12
35
93
146
139
96
69
75
81
91
77
30
-8
-24
-23
-19
-36
-87
-122
-129
-116
-100
-103
-123
-130
-121
-114
-95
-75
-46
-29
-21
10
73
122
133
129
137
156
178
175
137
108
99
99
84
67
37
14
16
-15
-81
-112
-106
-118
-155
-187
-185
-177
-153
-117
-92
-89
-90
-69
-57
-46
-24
4
20
41
63
100
144
167
158
114
96
115
121
68
16
-2
7
28
38
31
24
26
13
-11
-32
-41
-62
-82
-81
-65
-66
-55
-47
-39
-24
-6
8
15
25
38
61
68
88
125
141
125
92
95
97
86
51
18
14
31
31
0
-28
-37
-24
-48
-85
-107
-110
-110
-111
-120
-137
-152
-143
-136
-132
-126
-121
-110
-102
-84
-54
-31
-23
-16
-6
29
73
101
101
99
120
155
166
147
113
92
111
143
155
123
89
79
104
129
116
69
23
-2
-8
-11
-41
-74
-94
-97
-112
-122
-107
-81
-83
-100
-81
-33
10
23
13
5
17
44
54
49
48
53
61
65
52
33
22
11
-19
-58
-83
-108
-137
-166
-172
-185
-190
-214
-223
-183
-126
-92
-99
-107
-88
-14
39
58
56
73
114
173
208
226
238
240
220
194
168
144
130
108
59
6
-10
-2
-9
-45
-84
-123
-134
-132
-140
-159
-177
-171
-142
-103
-75
-72
-73
-46
2
30
18
3
10
50
82
90
97
110
135
153
157
155
148
109
71
48
29
28
23
5
-38
-65
-48
-25
-36
-81
-107
-93
-72
-73
-99
-102
-87
-72
-68
-67
-51
-39
-30
-16
16
53
72
60
55
77
112
140
135
126
118
105
90
79
57
31
12
-8
-26
-43
-58
-85
-105
-115
-123
-126
-121
-120
-124
-117
-99
-88
-76
-54
-25
-4
-17
-23
22
80
98
99
113
137
183
218
196
152
140
136
137
120
81
40
15
-4
-23
-34
-59
-88
-132
-154
-168
-155
-120
-98
-102
-110
-96
-56
-16
-18
-26
-37
-27
8
28
43
69
73
58
59
76
91
92
56
26
25
18
16
27
5
-36
-45
-41
-37
-33
-59
-91
-112
-101
-79
-73
-75
-75
-74
-71
-77
-99
-101
-98
-107
-111
-84
-26
15
29
49
90
138
164
137
87
76
92
109
106
95
94
89
87
106
126
118
81
38
12
13
28
34
10
-45
-74
-63
-47
-58
-68
-81
-53
-9
13
9
-17
-17
24
55
47
47
50
69
91
75
39
11
3
-9
-31
-61
-66
-61