-19
-19
-16
-4
9
6
-5
-3
-10
-10
-2
-3
-14
-16
-8
3
5
-5
-14
-2
3
-1
-9
3
7
-6
-7
-12
-9
-12
-25
-35
-15
3
4
-14
-11
-3
6
2
-20
-32
-21
-20
-29
-32
-26
-19
-17
-22
-26
-15
-1
-2
-12
-5
8
20
6
-10
-12
4
4
-14
-13
1
11
10
11
15
21
19
11
15
22
17
7
7
16
21
21
6
0
7
18
20
20
15
-6
-12
8
17
-5
-22
-11
11
14
10
4
9
7
-10
-26
-19
0
-6
-13
-12
6
11
9
2
-4
0
2
4
-2
-9
-12
5
21
7
-14
-9
13
19
12
11
14
22
18
10
1
-1
-1
-2
-3
1
5
11
10
0
-1
0
7
13
10
7
7
13
6
-7
-5
-13
-16
-12
-7
-16
-10
3
-5
-19
-21
-14
-14
-15
-26
-14
17
15
-13
-24
-8
10
12
-9
-10
6
12
7
1
14
22
25
18
16
15
11
-2
-8
-12
-19
-4
10
2
-11
0
0
-18
-35
-37
-29
-33
-47
-48
-27
-10
0
8
6
5
-8
-10
-8
-17
-15
-9
-7
-5
6
13
11
5
-8
0
21
35
17
-9
-3
15
24
18
7
5
7
10
6
10
12
11
20
20
9
6
20
20
1
-3
19
27
14
-9
-8
12
13
-6
-19
-22
-19
-1
2
-12
-25
-15
7
10
16
14
5
3
4
10
14
16
12
-3
-6
24
50
34
4
0
18
18
-2
1
20
17
-34
-48
7
38
-20
-79
-49
22
43
-7
-76
-70
12
53
-19
-113
-77
31
70
2
-55
-10
74
59
-52
-87
16
86
23
-61
-30
43
50
9
-12
15
54
58
23
6
26
38
28
17
-19
-45
-25
0
-16
-48
-48
-28
7
14
-13
-28
-2
7
-13
-20
-3
27
9
-35
-44
6
17
-22
-58
-57
-17
24
10
-33
-32
-3
20
30
18
-25
-35
-6
-5
-36
-45
-32
1
21
15
17
33
42
21
-9
-7
-2
-12
-30
-20
13
19
9
16
11
4
17
27
8
-10
-2
14
41
13
-36
-9
46
16
-18
-2
12
9
4
-4
2
28
12
-17
-4
32
19
-10
2
26
27
18
-3
-25
-2
26
6
-3
3
4
18
23
-7
-34
0
33
31
3
-5
16
39
35
-1
-29
-6
10
-28
-39
-16
-4
-1
-9
-16
-6
15
2
-23
-38
-13
26
28
7
-25
-4
34
29
-9
-23
-25
-28
-15
-6
-6
-9
-9
-5
-1
-8
-23
-25
-9
-17
-15
-17
-26
-15
-7
-21
-29
-1
-3
-27
-49
-23
-3
5
5
-10
5
42
55
22
-11
7
57
37
-28
-18
41
66
49
15
13
32
50
21
-17
-49
-45
-14
-15
-35
-42
-1
43
50
19
7
7
8
-17
-24
-2
8
1
1
5
24
41
22
-14
-16
12
6
-24
-23
19
23
6
12
45
46
30
19
10
-5
-22
-31
-36
-19
-14
-23
-19
10
16
-20
-33
-7
12
-1
-33
-12
17
-3
-31
-39
-34
-24
-25
-24
-2
27
44
32
41
39
17
25
15
-27
-23
25
13
-7
-15
-19
-9
18
-25
-68
-24
19
28
-6
-8
17
69
62
8
3
34
37
-1
-47
-50
-3
3
-62
-97
-46
-20
-36
-64
-81
-71
-4
25
-24
-15
43
57
25
12
-2
-9
-11
-34
-85
-70
-38
-44
-49
-33
-16
15
53
37
30
63
83
17
5
33
8
-23
-4
12
-49
-66
-11
44
43
-12
-22
35
61
-16
-89
-49
-4
-71
-150
-131
-55
-58
-112
-93
5
121
153
82
59
120
116
-25
-117
-110
-67
-58
-62
-31
6
88
100
81
76
109
59
-76
-116
-31
9
-34
-4
47
36
68
97
73
104
161
144
39
34
53
-30
-159
-166
-72
29
99
109
111
93
126
76
-1
-35
-3
14
-28
1
11
24
15
-56
-103
-65
51
112
106
50
43
79
30
-60
-170
-168
-169
-84
9
13
17
119
177
106
-8
-97
-112
-113
-51
26
115
145
119
102
152
132
-7
-73
-23
30
64
-9
-79
-48
20
-54
-139
-190
-176
-187
-292
-287
-152
-4
55
178
287
315
258
230
0
-261
-331
-336
-405
-363
-136
-21
28
206
419
463
438
351
162
75
101
98
3
-84
-17
63
41
-26
-2
35
-16
-191
-287
-240
-214
-324
-409
-353
-243
-199
-220
-232
-183
-71
37
-53
-59
90
163
192
299
348
247
90
-112
-166
-114
-88
-138
-81
122
194
75
1
129
213
106
62
11
36
130
265
236
50
77
253
457
487
430
351
422
496
479
215
-114
-234
-120
36
11
57
184
151
-136
-404
-500
-529
-704
-756
-695
-579
-608
-663
-613
-666
-673
-577
-401
-327
-231
-120
-66
-14
-35
-40
-106
-89
33
174
312
428
418
364
342
303
244
157
124
214
345
352
360
458
594
505
379
355
411
383
224
94
57
58
79
249
300
254
290
463
469
403
426
491
498
440
327
221
210
98
-156
-374
-270
-114
-122
-122
-93
-11
-137
-448
-713
-933
-1314
-2005
-2721
-3499
-4350
-5114
-5559
-5297
-4425
-3178
-687
3633
7746
9458
9906
11039
11718
9339
4421
-209
-2393
-3246
-3868
-3754
-1977
-949
-2947
-5093
-4916
-5133
-9545
-13625
-10978
-3458
2966
6629
9913
15193
19766
18928
12650
5009
-1811
-7485
-11152
-12135
-12217
-11143
-7508
-1907
1376
193
-2822
-4232
-4037
-3562
-3267
-1433
2782
8026
12213
10418
4247
-657
-3348
-7882
-14699
-17331
-12590
-4273
2380
6388
10706
16614
19164
16160
10371
5646
3391
2509
2341
3036
3549
1465
-3152
-7493
-10858
-16428
-23223
-24908
-17833
-6480
3227
10874
18181
24355
26892
23135
14227
3791
-4310
-8938
-10590
-10911
-10181
-7750
-3548
-239
-907
-5522
-10744
-13296
-12710
-10148
-6177
-217
7764
15677
20580
21078
17185
10324
3262
-2181
-6480
-9768
-10707
-8466
-4615
-1687
-2756
-9898
-16399
-16203
-13474
-15218
-17014
-8497
8758
22821
26625
24516
23994
23594
16622
4324
-6046
-10776
-10258
-5892
95
5012
9074
12361
11435
4273
-7760
-20718
-29214
-30619
-27371
-21941
-11115
5460
20897
29858
32574
30808
24564
15177
5100
-3978
-11226
-15160
-14890
-11270
-7299
-5624
-6461
-7890
-9179
-11004
-13166
-13427
-10066
-3048
6123
14915
20724
22884
22609
20123
14639
6377
-2338
-8824
-11298
-11247
-10366
-10126
-9291
-10002
-14786
-19746
-20468
-18127
-16909
-13723
-3103
12904
25630
30488
29837
28661
24402
13510
-139
-9849
-14011
-13453
-8972
-1590
6203
12716
16597
15426
8799
-2591
-16776
-28452
-32530
-29492
-24466
-17204
-3381
14829
28182
32549
30661
26408
20405
12552
3289
-5632
-11411
-12345
-10037
-7281
-6327
-7524
-8947
-8961
-8819
-10821
-13367
-12356
-6496
1644
8784
13567
16663
18512
18679
16033
10478
2887
-3651
-7257
-7849
-8660
-9711
-12430
-16694
-18128
-16139
-15613
-18998
-18559
-8395
5607
14853
18861
21768
25942
26246
18880
7128
-2569
-7591
-8954
-7546
-3662
1825
8758
15660
19089
15997
7937
-2709
-14883
-26159
-31429
-29963
-25914
-20269
-8165
9568
23872
28534
27173
25496
22939
16291
6243
-3151
-8576
-9852
-8858
-7498
-6939
-7190
-7445
-7034
-6937
-9131
-12335
-12454
-7558
-665
4744
8941
13172
16839
18151
16047
11083
4419
-1779
-6315
-8275
-10386
-15315
-20227
-20374
-16013
-13752
-14980
-13939
-5838
5775
13827
16111
17286
20013
21406
17132
7932
-1297
-6486
-7377
-5194
-1802
2603
8643
15508
20656
20603
14179
3628
-8743
-20838
-29612
-31902
-30264
-27795
-20505
-3907
14614
24474
25746
26164
27274
24475
16058
5274
-3698
-8509
-9258
-8298
-8361
-9549
-9965
-8425
-6526
-7236
-11009
-13993
-12219
-6048
151
4655
9330
15154
19822
21304
18389
11797
3100
-3972
-9283
-16155
-23084
-26167
-23461
-19264
-16131
-12729
-6982
348
7088
11349
13988
15628
16783
17019
14835
9908
4257
520
-720
-719
55
2581
6696
10991
13241
13842
12000
6621
-3486
-16264
-25186
-27586
-27109
-28866
-26753
-13504
6330
19580
24412
27835
31932
31545
24696
14244
2845
-7318
-13371
-14616
-13933
-13822
-13026
-9881
-5575
-3614
-5953
-10434
-12687
-10666
-6056
-868
5274
12451
19219
24019
25118
21055
11471
887
-9186
-18599
-27187
-31383
-29592
-24554
-18070
-10651
-2108
5173
9719
11633
12772
12473
11416
10641
10110
8621
6249
4723
3947
3300
3184
3828
5146
6581
8027
9046
9202
7884
3246
-7682
-19891
-25326
-23953
-26122
-31271
-25586
-5589
11960
18791
23050
29523
32558
27779
19133
9300
-1951
-11827
-15764
-14654
-13036
-11950
-9137
-4607
-1230
-1594
-5978
-11220
-13077
-10542
-6119
-369
7275
15301
21477
25062
24750
17762
5855
-7553
-19017
-25695
-26950
-25706
-23504
-16696
-4351
7090
10925
8269
5385
5759
5388
1011
-3403
-2547
2700
7465
9906
10773
10663
10841
11053
10027
6656
3208
1976
3033
4139
4301
-169
-10791
-20149
-20337
-17308
-23258
-30253
-21777
-643
14401
19318
24269
31143
31891
25786
17372
6264
-8039
-18025
-18203
-13860
-11617
-10209
-6229
-623
3212
2115
-4307
-11655
-13685
-9746
-3669
2498
8993
15361
21093
24653
22660
11545
-6137
-19444
-22644
-22297
-25932
-27726
-18183
-1114
10712
12299
9180
7768
7482
4281
-2159
-7393
-7338
-1863
5642
10831
12077
11986
13221
13479
10193
4278
63
-1128
283
2277
4118
4511
-1182
-11050
-17041
-15714
-18198
-27872
-29993
-14203
6018
15729
19537
26646
32457
29856
21673
11366
-2068
-15144
-19634
-15198
-10579
-9097
-6159
169
5764
5775
-614
-10002
-15858
-14798
-9424
-3736
2493
10131
18275
23886
22666
13474
-809
-12259
-18322
-21409
-23723
-21815
-12633
323
9741
12684
11260
7860
3395
-2507
-8639
-12632
-11385
-4810
4308
11896
16137
17752
17781
15435
9557
2289
-2719
-3466
-1530
1684
5499
9739
7610
-3088
-13169
-14971
-16687
-25925
-32541
-22998
-3646
8923
14496
22420
31176
31561
24267
14992
3751
-9421
-17340
-15850
-11109
-8622
-5600
547
6215
6866
1781
-6553
-13866
-16323
-14046
-9429
-3131
5222
14067
21082
23380
19030
7980
-4480
-12785
-17063
-20385
-21609
-16034
-4524
6203
11299
11923
10230
6961
1721
-4503
-9917
-11716
-8507
-1880
4789
9103
11580
12920
12607
9379
4213
-464
-2123
-979
1916
5130
8821
9867
3321
-7460
-13328
-14020
-20694
-31047
-29558
-12437
3539
10001
16050
26750
32060
26941
18231
9216
-2920
-14295
-16731
-12084
-8445
-6483
-1457
5205
8002
4929
-2097
-10431
-16059
-16370
-12664
-7228
143
9013
17180
21232
19574
12676
2978
-6325
-13563
-17340
-17203
-13090
-6207
1462
7365
10101
8732
3931
-2142
-7270
-10631
-11447
-8302
-1697
5963
12277
16149
16775
14074
9285
3772
-1554
-5118
-5161
-1511
3488
8752
11232
6385
-3876
-10824
-12790
-19543
-30327
-30638
-15147
1469
9674
16627
27315
32609
27502
18608
9416
-3201
-15800
-19345
-14492
-9584
-6381
-662
6335
9502
7109
736
-8111
-15612
-17694
-14448
-8868
-1823
6905
14951
20147
20599
15337
4661
-6581
-13721
-16486
-17015
-15016
-9014
-237
7392
10661
9393
4870
-729
-5817
-9406
-10675
-8546
-2816
5061
12116
16162
16570
14006
9735
4230
-1485
-5586
-6104
-2619
2460
8189
10623
6016
-3027
-8548
-11053
-19548
-30868
-30041
-14550
507
8564
16896
28071
32612
27766
19563
9958
-3606
-16143
-19264
-14735
-10194
-6475
-305
6565
9599
7587
1372
-7820
-15726
-17800
-14478
-8996
-2268
6300
15188
21588
22467
16016
4605
-6185
-13053
-17586
-20435
-18721
-10862
-733
6914
10594
10989
7987
2340
-3688
-8462
-11199
-10387
-5146
2756
9505
13420
14937
14456
11146
5447
-884
-5073
-6019
-3514
808
6095
11001
10177
2108
-6595
-9593
-13934
-25337
-32567
-22889
-5123
5647
11575
21791
31418
30499
22451
14160
3655
-10211
-18611
-16297
-10306
-6961
-2956
4227
9916
9797
4542
-3892
-13008
-18154
-17294
-12857
-7203
400
9730
17890
21247
18011
9512
-669
-9042
-14749
-17723
-17114
-12134
-4027
4312
9811
11141
8781
4034
-1731
-7511
-11580
-11957
-8145
-1461
5624
11462
14768
15375
13298
9092
3345
-1858
-4385
-3360
-256
4181
8440
7410
617
-5874
-7887
-13219
-24542
-30136
-20557
-5816
3038
9893
20787
29394
28789
22788
15454
4588
-8653
-15994
-14567
-10529
-7689
-3059
3844
8746
8734
4181
-3811
-12577
-17737
-17422
-13664
-8150
-602
8787
17189
21087
18936
11343
1381
-7749
-13875
-17269
-17805
-14383
-6526
2654
9216
11159
9462
5868
1137
-4599
-9905
-11967
-9409
-3328
3376
8459
11370
12940
12590
9208
3575
-1082
-3040
-2795
-387
3498
8416
10842
7249
-1034
-7314
-10025
-16289
-26286
-27974
-15875
-1696
5726
12137
22474
28381
24637
17366
10655
571
-11305
-15771
-11430
-6675
-4400
-15
6506
9427
6769
1032
-6586
-14432
-18183
-16077
-10900
-5106
2363
11068
18130
19846
14825
5298
-4159
-10788
-15564
-18470
-17267
-10253
-253
8193
12087
12449
10549
6363
-437
-7746
-12600
-13068
-9299
-2863
3471
8239
11623
13732
12861
8477
2697
-1663
-3392
-2882
-197
3428
7988
9813
5828
-2172
-6976
-9401
-16967
-26461
-24985
-11461
52
5253
12592
23338
26768
21474
15260
9017
-2057
-12648
-13884
-8957
-6224
-4279
1710
8154
9265
5800
291
-7384
-14612
-16765
-13924
-9672
-4317
3897
12463
17266
17153
12468
3996
-5381
-11878
-14969
-16129
-14501
-7920
1562
8837
11400
11060
8783
3709
-3276
-9148
-12006
-11468
-7565
-1197
4911
9276
12123
12958
10627
5757
653
-3110
-4594
-2925
755
5054
8164
7223
1850
-3542
-6094
-11789
-21874
-25976
-16882
-4573
2008
7854
18383
25759
23948
18200
12404
2722
-9212
-14304
-11205
-7715
-5987
-1144
6213
10053
8750
4323
-2962
-11271
-15706
-14655
-11428
-7280
-217
8641
15238
17222
14735
8130
-888
-8737
-13244
-15015
-14545
-10479
-2789
5259
9943
10726
8684
4533
-1169
-6785
-10434
-10831
-7835
-2169
4064
9041
11989
12597
10372
5886
823
-3293
-5484
-5092
-1489
3625
8562
9755
5801
-682
-4796
-8655
-17320
-25658
-23167
-11085
-866
5493
13969
23319
25371
20711
14884
6952
-5081
-14411
-14676
-10277
-7307
-3733
3136
9046
10058
7109
1440
-6865
-14095
-16040
-13217
-8960
-3218
4867
12624
16904
16615
12062
3382
-6091
-12449
-14807
-15105
-13011
-7094
1470
8449
11282
10267
6787
1897
-3331
-7639
-9605
-8305
-3606
2770
8298
11541
12357
11075
7337
2537
-2552
-6071
-6917
-3529
1599
6189
9115
8443
3313
-3085
-6940
-12700
-21621
-25277
-16508
-3968
3673
9823
19173
25118
22481
16018
9328
-591
-11884
-16371
-12926
-8601
-5686
-379
6596
10234
8920
4350
-2911
-10858
-15189
-14231
-10653
-5862
1043
9487
15834
17514
14589
7709
-1469
-9915
-14702
-16208
-15347
-11481
-3899
4505
9951
11029
9188
5607
832
-4245
-7882
-8636
-6157
-1302
4299
8702
10899
10970
9111
5436
776
-3534
-5782
-5064
-1330
3054
6895
8837
6888
984
-4564
-7723
-13438
-21357
-22005
-11483
-320
5316
11043
19589
23060
18983
13119
6898
-2975
-12361
-13928
-9640
-6467
-4103
1140
6995
8661
6131
1264
-5658
-12380
-14592
-12019
-8077
-3412
3514
11203
16199
17120
13189
4939
-4134
-10238
-13847
-16568
-16548
-11451
-3110
4192
8235
9570
8990
6366
2058
-2432
-5584
-6453
-4735
-976
2978
5609
6971
7363
6431
3686
366
-2342
-3016
-1782
1255
4199
6908
8910
7201
642
-5962
-8088
-11095
-18180
-21055
-12394
-801
4663
8331
15759
20385
17217
11658
7213
61
-8579
-11296
-7676
-4571
-3096
566
5406
6807
4589
930
-4386
-10528
-13250
-11075
-7030
-2954
2522
8820
13277
14364
10942
3676
-3997
-8808
-11687
-13738
-13041
-7965
-655
5312
8178
8414
6964
3712
-1009
-5373
-7688
-7626
-5249
-789
3849
6819
7970
8031
6674
3448
-545
-3426
-3892
-2396
517
3959
7563
10124
8870
2690
-4356
-8013
-11304
-17739
-21399
-15103
-3772
3386
7770
14539
19985
18258
12570
7578
1469
-6428
-10469
-8275
-4693
-2438
834
5231
7002
5049
1282
-3825
-9817
-13384
-12181
-8173
-3797
1442
7831
12932
14733
12676
6973
-612
-6907
-10434
-12405
-12924
-10433
-4603
1948
6170
7174
6373
4623
1725
-1814
-4485
-5464
-4640
-1825
1902
4323
4876
4810
4474
2801
102
-1999
-2305
-951
1454
4424
6814
8507
8787
5369
-1626
-7759
-10165
-12883
-17527
-17760
-9549
76
5063
8964
14742
17271
13640
8819
5287
42
-6113
-7801
-4912
-2341
-1095
1319
3940
3863
1237
-2181
-6264
-10027
-10885
-8158
-4308
-350
4491
9352
11717
11231
8580
3360
-3264
-7946
-9508
-10311
-10330
-7327
-1671
2802
4544
4888
4686
3090
328
-2135
-3373
-3576
-2658
-503
1656
2543
2454
2259
1760
687
-495
-675
383
2539
4821
6831
7956
8394
7093
2225
-4795
-9417
-10293
-12628
-16490
-14939
-5726
2465
5676
8832
13946
15102
11290
7693
5159
67
-5265
-5593
-2447
-1021
-837
1029
2908
1954
-647
-3270
-6510
-9462
-9426
-6332
-2729
677
4440
7720
9250
9012
7004
2289
-3358
-6534
-7444
-8718
-9417
-6964
-2830
-114
1481
3145
3799
2908
1609
584
-235
-798
-817
-507
-237
-375
-934
-1139
-776
-194
407
1770
3758
5809
6900
7429
7356
6774
4949
896
-4687
-8672
-9271
-10010
-12684
-12750
-6522
839
4249
6314
10181
12474
10855
8404
6644
3037
-1649
-3235
-1625
-841
-1570
-1221
200
346
-970
-2683
-4787
-7024
-7646
-5835
-3000
-657
1589
4079
6582
7840
7034
3904
-340
-3531
-4878
-5728
-7608
-8527
-6405
-2367
148
863
1411
2529
3118
2599
1336
172
-685
-1210
-1480
-1713
-2318
-2563
-1310
914
2516
3654
5214
6853
7459
7195
6559
5305
3433
476
-3832
-7763
-8834
-8953
-11017
-11996
-7419
-434
2896
4428
8421
12241
11518
8861
7543
5267
637
-2379
-1886
-1522
-2874
-2799
-579
294
-1164
-2639
-3716
-5587
-7108
-6333
-4287
-2554
-351
3192
6409
7871
7437
5787
2870
-860
-4061
-6193
-7722
-8716
-7590
-4301
-920
880
2081
3195
3557
2606
1042
-643
-2182
-3163
-3027
-2271
-1639
-1088
533
3001
4848
5266
5403
5794
5922
5272
4347
3175
2314
1358
-1462
-5939
-8418
-7862
-8832
-11527
-10509
-4355
885
3556
7155
11604
12571
10774
9440
7654
2940
-2064
-3815
-3557
-3759
-3433
-1763
-408
-315
-478
-1210
-3543
-6208
-6963
-5803
-3877
-1368
1752
4942
7623
9222
8316
4939
1072
-1805
-4561
-7580
-9115
-8131
-5675
-3169
-1018
593
1790
2528
2444
1235
-361
-1505
-1727
-1310
-735
-375
152
1330
2746
3626
3738
3771
4096
4385
4042
3412
3014
2428
1651
57
-3069
-6888
-8185
-7408
-8522
-10590
-8287
-1651
3028
5031
8086
11699
11843
9713
8226
5782
619
-3799
-4464
-3603
-3668
-3408
-1635
-38
289
-210
-1564
-4141
-6470
-6593
-4674
-2489
-150
2968
6565
9068
9476
7631
4403
282
-3994
-7067
-8360
-8991
-9332
-7169
-2776
545
1284
1930
3140
3250
1703
159
-800
-1179
-905
3
686
790
1082
2252
3310
3184
2427
2425
3074
3094
2680
2423
2291
1849
205
-3097
-6435
-7052
-6796
-8650
-10025
-6187
242
3756
5512
9078
12226
11424
8767
6876
3881
-1094
-4498
-4382
-3643
-3900
-3103
-654
627
-194
-1391
-2619
-4821
-6699
-6051
-3618
-1289
1285
4893
8018
9017
7943
5855
2484
-2009
-5719
-7400
-8217
-9408
-8845
-5244
-1541
-434
-1
1641
2909
2486
1631
1251
1021
1250
2000
2185
1397
793
972
1329
1108
761
860
1595
2535
3034
3037
2551
2188
2086
674
-3125
-6550
-6412
-5377
-7119
-8265
-4357
1397
4113
5839
9080
10884
9066
6955
6077
3295
-1738
-4814
-4393
-3568
-3704
-3068
-1464
-753
-889
-1030
-1965
-4083
-5262
-4006
-1800
-61
1875
4497
6577
7202
6493
4733
1738
-1542
-4376
-6923
-8782
-9002
-7862
-6693
-4983
-2168
657
2332
3395
4126
4440
4271
3638
2437
1187
210
-610
-1298
-1444
-1141
-428
684
1839
2754
3288
3380
3037
2490
1698
1089
166
-2064
-4685
-4775
-3193
-4204
-6535
-4994
-58
2715
3526
5804
8412
8209
7040
6629
4466
-303
-3677
-3734
-3455
-4321
-4156
-2412
-997
-377
135
-174
-1916
-3235
-2735
-1571
-889
234
2219
4080
5119
5435
4560
2137
-868
-3753
-6218
-7850
-8227
-7974
-7145
-4788
-1192
1688
2886
3596
4496
5097
4602
3111
1399
336
-79
-611
-1539
-2250
-2136
-1224
-177
359
809
1644
2650
3241
3587
3614
3345
3005
1618
-1408
-3772
-3643
-4175
-6925
-7434
-3035
1396
2692
4205
7474
8873
7352
5713
4291
863
-3030
-4182
-3318
-3143
-3022
-1396
567
1158
964
431
-1013
-2943
-3720
-3181
-2264
-1185
567
2581
4160
4729
4006
1998
-431
-2635
-4851
-6680
-7261
-6702
-5855
-4235
-1670
687
1912
2807
3759
4297
3900
2985
1895
1008
84
-1024
-2396
-3346
-3513
-2746
-1689
-667
613
2605
4515
5453
5264
4772
3994
3262
2415
114
-3448
-5050
-3536
-3397
-5665
-5746
-1713
1222
1528
2742
5541
6056
4777
4754
4960
2260
-1136
-1898
-1111
-1548
-2172
-1489
-478
-134
202
361
-686
-2291
-2894
-2415
-1882
-1383
-559
532
1738
2764
2810
1553
-49
-1456
-3076
-4643
-5259
-5376
-5291
-3910
-1017
1442
2490
3258
4205
4412
3372
1676
-88
-1641
-2805
-3491
-3852
-3830
-3018
-1321
659
2210
3571
4974
5713
5370
4511
3933
3076
2363
1717
-153
-3094
-3863
-2728
-4189
-7548
-7202
-3033
-736
-195
2509
6361
7384
6847
7053
6065
2180
-1299
-2023
-2145
-3122
-2969
-1140
392
982
1410
971
-1043
-3296
-4437
-4753
-4624
-3714
-2003
162
2493
4220
4383
3319
1807
14
-2294
-4255
-5000
-4752
-4033
-2788
-1020
551
1517
1986
2014
1511
1000
606
-17
-828
-1248
-1432
-1766
-1862
-1356
-584
322
1761
3397
4663
5502
5915
5740
5213
4445
3551
2121
-640
-4148
-5753
-5231
-6153
-8616
-7906
-3336
141
1431
3869
7102
7831
6842
6528
5502
2022
-1171
-1742
-1421
-1983
-1969
-743
105
-25
-172
-915
-3008
-5252
-6065
-5714
-4756
-3187
-1088
1057
3311
5052
5301
3990
2184
344
-1895
-3983
-4831
-4610
-4306
-3441
-1434
506
1216
1499
1810
1411
266
-808
-1695
-2334
-2530
-2289
-1783
-639
956
2421
3608
4681
5358
5623
5440
4802
3601
2674
2073
1745
722
-1745
-4694
-5570
-4730
-5869
-8121
-7210
-2759
601
2566
5380
8353
8824
8150
7735
6086
2108
-1346
-2425
-2424
-2644
-2309
-1239
-405
13
24
-1072
-3405
-5563
-6440
-6019
-4677
-2714
-540
1827
4514
6518
6661
5047
2744
254
-2364
-4484
-5708
-6323
-6394
-5125
-2836
-1075
-344
372
1189
1407
998
478
-85
-527
-561
-400
-444
-282
428
1501
2592
3515
4174
4665
4721
4162
3187
2474
1407
66
-741
-1651
-3764
-5162
-4051
-3638
-5606
-5703
-1728
1580
2092
3664
7201
8578
7390
6914
6583
3508
-442
-1871
-1893
-2946
-3658
-2558
-1245
-1050
-994
-908
-1903
-3780
-4890
-4666
-3745
-2446
-661
1527
3884
5825
6305
5142
2946
103
-2964
-5232
-6493
-7408
-7394
-5591
-2826
-623
926
2070
2663
2458
1643
431
-617
-1277
-1450
-1152
-424
490
1534
2610
3220
3229
2968
2829
2417
1614
807
792
1158
1399
1490
639
-1623
-3469
-3201
-3681
-6419
-7472
-4042
-77
1780
4164
7909
9513
8555
7790
6711
2851
-1754
-3673
-3535
-3665
-3433
-1915
-230
593
981
550
-1371
-3899
-5374
-5339
-4281
-2457
-247
2199
4811
6856
6849
4793
1811
-1126
-3864
-6163
-7439
-7460
-6307
-4301
-1580
916
2217
2633
2884
2545
1322
62
-631
-971
-854
-374
18
293
803
1327
1540
1615
1618
1822
2183
2501
2355
2282
2236
2066
1452
-347
-3114
-4785
-4285
-4731
-6701
-6281
-2001
1555
2793
4800
7878
8507
6902
5787
4566
1181
-2254
-3071
-2633
-2944
-2791
-1287
-125
-155
-321
-618
-2058
-3936
-4596
-3950
-2832
-1301
636
2552
4004
4778
4388
2832
589
-1692
-3650
-5117
-5804
-5313
-4027
-2908
-1596
307
1930
2286
2097
1931
1697
1412
1214
688
80
-172
-60
-42
-112
-164
112
862
1838
2617
2896
2793
2534
2549
2274
1644
682
-918
-3181
-4239
-3485
-3853
-5875
-5585
-1615
1582
2448
4079
6953
7826
6804
6015
4666
1208
-2044
-3027
-3044
-3568
-3412
-1949
-496
238
650
313
-1278
-3077
-3912
-4030
-3808
-2782
-988
928
2726
4109
4212
2938
1047
-902
-2944
-5017
-6308
-5898
-4292
-2876
-1361
935
2990
3814
3853
3351
2087
822
67
-686
-1484
-1659
-1110
-256
598
1326
1934
2382
2720
2939
2756
2019
1319
1285
1372
1267
542
-1115
-2949
-3236
-2850
-4199
-5781
-4343
-736
1541
3118
5736
7874
7553
6474
5609
3280
-703
-3392
-3869
-3743
-3574
-2345
-464
832
1387
1421
378
-1796
-3845
-4904
-5010
-4176
-2378
-307
1684
3593
4780
4250
2284
-230
-2826
-4890
-6002
-6188
-5414
-3433
-981
1081
2578
3426
3392
2593
1456
235
-627
-884
-659
-218
295
756
1205
1537
1317
717
379
709
1070
1251
1479
2076
2591
2840
2314
186
-2649
-3924
-3810
-5063
-6659
-5188
-1056
1926
3817
6419
8535
7992
6386
5029
2551
-1382
-3890
-4091
-3662
-3117
-1461
460
1338
1566
1531
267
-2202
-4155
-4720
-4539
-3766
-1959
411
2398
3940
4773
4002
1742
-593
-2769
-5158
-6693
-6276
-4928
-3474
-1157
1661
3386
3784
3912
3631
2448
939
-113
-679
-882
-674
-275
68
351
817
1225
1212
983
982
1241
1425
1560
1546
1457
1467
894
-1270
-3525
-3776
-3563
-5187
-5961
-3072
804
2537
4270
7112
8268
6875
5634
4393
1051
-2917
-4320
-3981
-4031
-3711
-1804
147
927
1366
1442
-65
-2307
-3283
-3135
-3037
-2484
-762
1328
3018
4121
4084
2439
70
-2004
-3696
-5181
-6074
-5707
-4044
-1792
203
1647
2397
2612
2740
2671
1942
986
849
1353
1678
1621
1424
908
267
-136
-469
-1117
-1402
-718
541
1610
2408
2782
2821
2014
-151
-2850
-4125
-4763
-6354
-6818
-3804
275
2606
4856
7965
9338
7936
6175
4448
1195
-2755
-4707
-4826
-4577
-3877
-2090
-286
699
1186
1118
-169
-2123
-3323
-3382
-2858
-1866
-218
1749
3405
4419
4407
3037
606
-1957
-4222
-6243
-7416
-7167
-6052
-4456
-1954
862
2752
3684
4338
4581
4268
3555
2679
1873
1405
945
377
-31
-75
-122
-143
-24
167
391
835
1338
1508
1580
1652
585
-1911
-3538
-3382
-4005
-5865
-5534
-2126
1048
2913
5445
8135
8584
7418
6461
4718
979
-2585
-3963
-4367
-4932
-4536
-2862
-1480
-804
-47
254
-824
-2306
-2620
-2149
-1752
-954
800
2639
3778
4285
3932
2191
-401
-2760
-4647
-6268
-7215
-6904
-5446
-3327
-1130
786
2129
2909
3202
3109
2464
1754
1570
1931
2211
2328
2505
2681
2578
2219
1686
814
-234
-871
-742
-528
-336
-255
-924
-2315
-2738
-2601
-4080
-6013
-5065
-1905
389
2294
5402
8216
8961
8819
8157
5549
1429
-1488
-2839
-4071
-5034
-4453
-3050
-1953
-1127
-486
-1001
-2504
-3548
-3507
-3138
-2431
-785
1605
3782
5446
6358
5916
3876
906
-2025
-4526
-6573
-7884
-7777
-6394
-4440
-2300
-170
1202
1666
1826
1882
1472
1039
1207
1840
2481
3293
4060
4323
3947
3399
2607
1451
196
-509
-659
-661
-541
-844
-2172
-3617
-3793
-4189
-6087
-7094
-4862
-1627
678
3421
7031
9182
9470
9324
8191
4803
759
-1726
-3001
-3957
-4062
-2988
-1704
-768
-110
-212
-1709
-3804
-5148
-5417
-4909
-3495
-1152
1629
4344
6512
7246
6177
3839
1109
-1522
-3690
-5289
-6076
-5590
-3994
-2289
-1234
-691
-590
-919
-1545
-1968
-1933
-1191
223
2120
3960
5474
6447
6675
5952
4574
3108
1697
473
-274
-210
-186
-1235
-3020
-4050
-4755
-6664
-8698
-8406
-6026
-3454
-316
3984
7818
9558
10190
10058
7978
3989
425
-1779
-3169
-3800
-2968
-1269
260
1323
1845
1071
-1177
-3817
-5711
-6710
-6886
-5861
-3368
1
3390
5901
7078
6708
5008
2554
13
-2515
-4597
-5240
-4268
-2727
-1444
-390
265
334
-174
-1172
-2500
-3376
-3148
-1883
-178
1606
3254
4683
5735
6031
5385
4244
3092
2221
1858
1545
10
-2244
-3321
-3579
-5510
-8225
-8620
-6767
-5144
-3165
399
4003
6001
7592
8854
7963
4844
1987
178
-1357
-2491
-2233
-1040
191
1346
2389
2316
681
-1606
-3400
-4602
-5325
-5185
-3943
-2102
18
2221
3715
3569
2405
1523
848
-346
-1614
-1801
-969
-80
448
845
830
147
-709
-1362
-2179
-3013
-2718
-1286
41
848
1751
2698
2970
2690
2324
1947
1586
1969
2605
2115
696
38
-461
-2584
-5276
-6100
-5680
-5474
-4275
-1158
1869
3485
4911
6245
5772
3460
1148
-575
-2126
-3044
-2612
-1308
85
1474
2716
3053
2046
281
-1424
-2740
-3585
-3616
-2671
-1154
553
2254
3468
3367
2019
2
-2056
-3733
-4664
-4885
-4150
-2287
307
2639
4097
4520
4116
3163
1784
174
-1088
-1547
-1316
-630
323
1176
1602
1757
1672
1256
540
168
-205
-1222
-2243
-2075
-1843
-2939
-3909
-3043
-1565
-930
96
2134
3766
4256
4687
4702
3251
846
-926
-2131
-3304
-3972
-3380
-2105
-880
378
1547
1769
846
-194
-901
-1618
-2352
-2331
-1183
648
2246
3304
3989
4120
3212
1381
-880
-3025
-4296
-4627
-4647
-4379
-3125
-1213
400
1407
2031
2288
2451
2761
3050
2990
2872
2972
3183
3100
2572
1784
978
307
-324
-1468
-3238
-4573
-4891
-5331
-6424
-6562
-5028
-3100
-1273
1331
4131
5880
6849
7516
6915
4662
1984
-248
-2188
-3738
-4317
-3906
-2844
-1470
-153
537
311
-568
-1500
-2210
-2767
-2903
-2151
-536
1378
3251
4700
5094
4283
3022
1515
-557
-2810
-4026
-3951
-3138
-2104
-880
244
1067
1424
1212
397
-538
-982
-569
265
1259
2429
3848
4964
5413
5164
4389
3246
1481
-888
-3052
-4118
-5089
-6600
-7287
-6037
-4447
-3464
-1967
359
2059
2968
3939
4430
3665
2458
1735
950
-202
-1113
-1395
-1319
-986
-504
-288
-503
-861
-1139
-1581
-2339
-2867
-2429
-1311
-262
800
2125
3132
3332
2962
2147
689
-990
-2102
-2570
-2699
-2435
-1522
-216
1064
2052
2710
2793
2393
1787
1300
737
298
215
587
1044
1686
2326
2807
2765
1942
387
-1013
-1922
-3215
-4810
-5184
-3960
-2596
-1372
413
2324
3096
3189
3113
2284
429
-1167
-2086
-2776
-3246
-2894
-2084
-1306
-624
57
335
15
-558
-937
-1127
-1220
-983
-126
1084
2291
3121
3263
2740
2055
1105
-502
-2219
-3065
-3109
-2947
-2471
-1601
-711
-21
664
1267
1492
1434
1535
1910
2324
2576
2846
3046
3108
3004
2892
2539
1966
902
-681
-2257
-3133
-4071
-5549
-6309
-5322
-3740
-2371
-339
2237
4115
5132
5916
5791
4276
2240
495
-1224
-2810
-3663
-3716
-3399
-2788
-1898
-1322
-1419
-1953
-2432
-2804
-2875
-2572
-1817
-501
1483
3427
4634
5087
5025
4290
2721
631
-1313
-2574
-3210
-3373
-2997
-2027
-865
180
885
1152
1028
930
861
706
669
1066
1700
2293
2894
3373
3649
3385
2240
488
-865
-1924
-3553
-5167
-5375
-4393
-3387
-2058
-146
1599
2592
3417
3777
3037
1522
304
-568
-1347
-1813
-1626
-1044
-531
-118
186
82
-729
-1671
-2328
-2715
-2870
-2301
-1342
-483
582
1989
2677
2234
1507
866
-17
-1039
-1606
-1650
-1213
-427
638
1535
2089
2223
2171
1839
1284
665
458
580
860
1227
1716
2079
2171
2186
1558
1
-1728
-2559
-3367
-4556
-5071
-4038
-2495
-967
844
2661
3611
3893
4014
3587
2175
415
-774
-1402
-1842
-2058
-1810
-1442
-1323
-1345
-1459
-2072
-3009
-3443
-3259
-2746
-1768
-199
1357
2686
3882
4497
3992
2776
1400
-125
-1624
-2631
-2994
-2875
-2204
-1137
-120
630
1068
1245
1139
914
566
458
710
1295
2049
2939
3710
4163
4403
3985
2659
932
-560
-2266
-4143
-5313
-5317
-4723
-3611
-1886
-15
1402
2409
2949
2690
1723
541
-549
-1317
-1611
-1392
-811
85
972
1504
1482
948
-64
-1301
-2473
-3389
-3981
-3885
-2996
-1708
-524
571
1509
1998
1811
1273
656
72
-347
-269
222
818
1480
2249
2663
2410
1783
1099
182
-853
-1591
-1775
-1653
-1150
-226
912
1781
2035
1795
1320
722
-318
-1385
-1893
-1679
-1045
76
1497
2656
3331
3596
3253
2046
265
-1638
-3254
-4231
-4579
-4453
-3879
-2746
-1510
-512
36
287
338
343
371
609
1041
1569
2099
2664
2905
2490
1459
153
-1266
-2680
-3889
-4524
-4371
-3552
-2294
-665
1133
2588
3476
4003
4166
3775
3034
2219
1496
949
723
652
612
421
-118
-944
-1728
-2540
-3621
-4517
-4564
-3789
-2502
-766
1207
2992
4313
5149
5164
4318
2846
1234
-400
-1692
-2523
-2805
-2710
-2178
-1515
-1038
-1083
-1343
-1654
-1936
-2262
-2497
-2255
-1347
-77
1000
1852
2512
2845
2667
2061
1107
123
-545
-779
-715
-367
249
929
1489
1854
1830
1336
551
-204
-751
-1039
-1035
-702
33
922
1384
1328
1077
616
-417
-1577
-2279
-2454
-2262
-1446
-177
1150
2177
2890
3037
2609
1637
424
-870
-1866
-2515
-2621
-2351
-1810
-1336
-922
-645
-625
-860
-945
-821
-597
-188
661
1508
1981
2141
2086
1478
367
-821
-1839
-2669
-3074
-2762
-1903
-869
202
1404
2396
2965
3105
3089
2683
2149
1780
1663
1412
1228
1243
989
107
-869
-1614
-2582
-3864
-4541
-4327
-3603
-2538
-888
878
2303
3463
4334
4422
3591
2432
1287
134
-1007
-1767
-2125
-2204
-2122
-1840
-1598
-1575
-1697
-1692
-1527
-1360
-1411
-1302
-649
290
823
1100
1495
1820
1816
1652
1337
794
287
99
42
-104
-228
-137
70
284
354
347
329
451
602
773
907
1000
819
324
-169
-553
-1065
-1801
-2107
-1763
-991
-111
994
2034
2750
3033
2930
2286
1096
-313
-1611
-2534
-3113
-3199
-2891
-2123
-1225
-303
211
356
313
295
40
-300
-265
204
641
936
1173
1133
677
-57
-889
-1852
-2626
-2812
-2264
-1309
-159
1062
2302
3287
3731
3578
2990
2121
1226
560
155
-59
-96
-260
-612
-864
-1047
-1664
-2573
-3034
-2928
-2550
-1830
-686
480
1471
2475
3281
3360
2671
1774
885
-19
-882
-1380
-1543
-1383
-1007
-481
-167
-159
-284
-399
-571
-787
-1039
-1157
-888
-221
320
481
558
777
887
667
200
-278
-556
-512
-314
-109
22
225
506
875
1039
1079
1074
1219
1367
1560
1532
1006
191
-419
-923
-1742
-2619
-2893
-2585
-1908
-927
224
1164
1803
2303
2377
1854
825
-211
-1146
-1780
-2136
-2054
-1808
-1361
-853
-232
-125
-486
-814
-715
-635
-584
-145
719
1651
2472
3012
3014
2469
1692
841
-130
-1121
-1747
-1789
-1410
-879
-253
378
781
913
837
556
18
-288
-159
280
680
976
1143
1239
1147
644
-201
-1062
-1646
-1775
-1445
-924
-453
26
527
785
657
125
-563
-1261
-1657
-1718
-1435
-1037
-427
312
905
1069
894
476
-135
-700
-1107
-1530
-1810
-1604
-963
-366
150
614
1042
1365
1650
1731
1594
1412
1380
1313
1120
883
715
576
445
330
266
281
299
278
192
-143
-634
-1033
-1322
-1716
-1959
-1632
-947
-217
562
1445
2103
2297
2120
1622
850
-43
-839
-1535
-2080
-2400
-2403
-2302
-2171
-1965
-1611
-1472
-1510
-1210
-557
27
372
949
1649
2166
2360
2337
1999
1362
686
193
-262
-653
-716
-395
43
428
859
1220
1366
1308
1268
1223
1061
862
786
656
170
-469
-963
-1523
-2294
-2888
-2871
-2565
-2000
-978
396
1519
2306
2886
3041
2539
1679
801
-114
-1036
-1651
-1885
-1942
-1878
-1676
-1544
-1610
-1734
-1720
-1699
-1643
-1403
-1091
-668
21
895
1370
1441
1469
1566
1454
1142
852
731
744
928
1114
1322
1434
1546
1595
1614
1524
1369
1256
1175
1042
714
174
-425
-1008
-1659
-2310
-2684
-2716
-2517
-2009
-1176
-234
512
1067
1401
1294
814
244
-297
-892
-1297
-1339
-1116
-822
-414
16
253
288
280
178
-110
-383
-403
-308
-256
-168
-56
-111
-387
-726
-1086
-1516
-1840
-1825
-1418
-748
126
1176
2200
3042
3641
3985
3921
3431
2808
2193
1551
724
-64
-619
-969
-1324
-1630
-1728
-1711
-1466
-1031
-497
-152
218
615
906
791
395
-204
-824
-1370
-1764
-2079
-2283
-2273
-1931
-1389
-905
-595
-360
-97
-44
-126
-228
-141
27
382
804
1210
1496
1660
1618
1363
861
242
-289
-567
-705
-691
-572
-238
146
580
822
888
855
902
961
794
559
461
577
655
684
750
888
1015
1150
1235
1203
945
609
178
-346
-1048
-1747
-2366
-2784
-2993
-2898
-2587
-2123
-1509
-747
-124
155
202
195
63
-204
-466
-549
-498
-303
27
364
492
405
296
235
125
-14
-36
158
562
1092
1576
1836
1898
1886
1807
1512
1063
614
254
-151
-488
-626
-621
-685
-625
-302
155
499
833
1182
1395
1300
1050
703
193
-421
-928
-1240
-1464
-1521
-1352
-1047
-873
-743
-639
-605
-831
-1098
-1362
-1654
-1935
-1888
-1593
-1274
-943
-388
235
688
957
1164
1245
1190
1090
978
831
747
788
832
789
696
689
696
616
472
378
223
-50
-275
-286
-256
-281
-189
140
652
1213
1701
1985
2052
1939
1640
1087
253
-670
-1495
-2132
-2513
-2573
-2392
-2081
-1579
-838
-112
375
574
573
416
106
-324
-805
-1193
-1355
-1291
-1073
-818
-539
-220
129
367
448
422
444
532
653
744
819
946
1107
1242
1264
1206
1029
708
293
-75
-332
-532
-647
-621
-400
-93
211
391
514
519
419
234
75
-114
-249
-319
-265
-211
-161
-162
-188
-304
-460
-647
-797
-869
-801
-607
-373
-102
138
314
300
155
-79
-291
-481
-586
-573
-402
-156
169
482
746
887
936
887
761
621
539
477
426
311
190
89
13
-117
-266
-352
-292
-116
98
285
440
527
552
435
175
-170
-464
-673
-796
-833
-763
-596
-401
-263
-238
-310
-447
-558
-646
-709
-720
-587
-357
-119
71
217
262
211
130
66
29
45
157
353
590
805
940
962
888
724
502
257
31
-114
-183
-180
-105
36
191
313
439
560
671
737
756
739
653
518
291
12
-331
-656
-966
-1211
-1341
-1328
-1229
-1075
-867
-616
-368
-174
-70
-50
-89
-140
-186
-213
-208
-147
-42
62
170
269
333
286
172
53
-3
-33
-61
-71
-6
176
395
550
621
670
700
673
554
384
272
258
315
388
439
442
407
352
193
-100
-459
-735
-864
-876
-829
-738
-543
-209
100
291
312
268
180
92
-60
-237
-395
-445
-416
-347
-359
-446
-540
-575
-596
-632
-649
-538
-278
46
379
689
986
1210
1324
1278
1104
860
586
331
105
-100
-294
-435
-496
-506
-495
-476
-394
-244
-11
234
487
721
921
995
958
803
593
251
-155
-545
-826
-1031
-1152
-1219
-1203
-1097
-950
-822
-724
-612
-444
-236
-47
107
267
435
568
665
716
722
662
617
565
512
372
211
45
-36
-59
-69
-75
-44
78
225
330
285
162
-25
-204
-391
-516
-597
-532
-327
24
383
652
763
733
577
295
-117
-569
-950
-1110
-1006
-730
-417
-89
253
542
640
498
172
-193
-454
-608
-701
-716
-549
-222
122
347
460
469
416
305
164
-9
-101
-87
17
161
335
504
648
774
827
788
655
495
310
152
0
-139
-254
-329
-341
-366
-391
-421
-449
-490
-497
-468
-403
-290
-130
25
169
248
236
152
43
-95
-265
-418
-493
-444
-322
-160
-31
51
103
148
98
-44
-167
-219
-196
-76
147
414
660
843
922
865
692
404
88
-187
-360
-451
-394
-228
-39
103
196
180
53
-142
-335
-503
-591
-536
-339
-88
177
435
568
543
352
91
-264
-606
-878
-991
-940
-729
-410
-74
205
377
458
432
297
117
-8
-63
-69
36
223
381
474
516
513
449
369
273
183
138
160
212
252
289
313
315
273
233
195
168
108
45
15
-4
-58
-139
-232
-350
-466
-548
-611
-675
-691
-643
-551
-445
-355
-298
-274
-276
-303
-346
-372
-356
-275
-134
21
154
231
199
62
-102
-250
-397
-491
-468
-286
-1
329
610
821
1003
1135
1184
1144
1075
1012
970
924
842
736
582
366
93
-189
-469
-685
-814
-835
-754
-549
-272
-19
202
328
347
235
79
-132
-347
-502
-567
-569
-554
-516
-493
-526
-604
-709
-833
-953
-957
-799
-546
-270
11
247
394
464
433
278
28
-176
-257
-240
-185
-71
96
322
511
628
653
607
554
547
581
611
681
822
979
1079
1077
961
770
546
318
85
-112
-232
-255
-229
-208
-254
-361
-516
-716
-942
-1104
-1162
-1092
-905
-621
-313
-46
176
285
243
75
-122
-351
-565
-728
-802
-790
-689
-518
-352
-189
-33
105
194
249
322
407
482
549
615
637
625
627
587
524
474
454
432
413
401
363
289
212
128
35
-35
-57
-34
9
80
172
257
296
300
259
173
72
3
-54
-82
-60
-31
-43
-97
-217
-434
-687
-947
-1173
-1345
-1374
-1278
-1086
-836
-573
-344
-119
72
153
175
226
337
455
613
719
767
814
853
760
558
340
120
-37
-93
-77
-51
63
287
498
619
655
606
493
351
172
-52
-258
-395
-482
-553
-600
-630
-636
-617
-569
-486
-369
-212
-26
190
389
536
589
577
505
364
162
-60
-262
-425
-518
-580
-593
-545
-448
-380
-339
-302
-240
-162
-77
12
122
281
475
642
722
742
701
604
446
290
149
71
67
131
211
302
376
375
285
136
-18
-165
-254
-320
-348
-320
-269
-247
-293
-399
-574
-743
-871
-939
-944
-822
-588
-322
-38
211
376
415
383
292
175
70
29
39
93
197
300
343
299
197
61
-85
-189
-214
-150
23
277
555
790
959
1016
979
834
606
360
169
58
6
12
34
45
27
-39
-169
-337
-481
-560
-579
-523
-387
-212
-47
52
75
11
-111
-277
-481
-678
-820
-856
-830
-767
-685
-576
-433
-279
-158
-60
45
154
292
423
497
493
478
474
438
365
294
229
141
83
97
109
82
87
114
125
125
171
214
226
251
332
391
403
416
422
402
355
318
247
165
126
121
82
-16
-123
-247
-379
-519
-670
-808
-870
-844
-772
-661
-521
-382
-276
-198
-169
-181
-197
-177
-135
-81
25
163
284
372
435
439
393
332
249
154
68
33
48
88
139
202
266
303
313
287
234
176
142
107
76
48
42
32
5
-32
-68
-90
-100
-98
-83
-25
50
107
117
114
93
30
-78
-181
-254
-291
-273
-210
-154
-107
-51
-58
-156
-309
-441
-579
-683
-704
-610
-439
-232
-5
205
350
401
407
375
313
291
356
452
544
663
772
777
670
495
254
-17
-250
-413
-500
-496
-396
-232
-49
95
198
260
275
253
206
109
-36
-151
-219
-280
-354
-424
-480
-504
-472
-421
-406
-383
-296
-162
-33
61
113
166
225
240
202
121
31
-31
-47
-85
-144
-161
-90
1
97
214
329
416
513
589
542
413
298
177
15
-130
-218
-253
-221
-124
-6
89
153
224
259
251
198
146
96
59
30
-12
-57
-153
-274
-393
-511
-655
-748
-748
-678
-577
-423
-215
-24
132
237
273
253
192
109
37
-13
-40
-31
11
64
112
149
170
160
138
134
143
152
149
162
179
176
159
133
102
77
90
129
163
188
214
240
222
169
102
51
14
-13
-20
-44
-68
-97
-141
-233
-329
-387
-398
-365
-281
-151
11
181
301
338
290
191
46
-125
-311
-445
-496
-457
-366
-255
-124
7
111
168
180
145
87
35
-2
-43
-59
-36
29
94
152
190
196
193
198
176
119
64
49
69
100
119
115
106
83
52
-5
-83
-142
-149
-127
-102
-61
0
57
92
101
70
24
-4
-25
-54
-89
-101
-88
-63
-48
-52
-51
-24
7
30
52
81
128
178
206
193
143
53
-67
-199
-314
-401
-465
-490
-432
-306
-193
-91
16
83
110
101
48
-28
-45
10
77
112
151
218
270
276
238
168
86
45
53
55
25
19
45
63
41
0
-40
-85
-123
-154
-173
-188
-178
-129
-60
-6
58
152
245
310
358
389
382
346
308
241
128
16
-79
-163
-226
-251
-261
-256
-238
-225
-202
-174
-156
-129
-78
-42
-13
42
85
81
64
52
-1
-74
-116
-151
-175
-165
-123
-84
-28
46
93
88
65
50
7
-49
-88
-92
-81
-49
15
83
114
125
124
83
6
-82
-159
-207
-208
-147
-57
42
163
285
377
423
417
379
319
260
221
197
169
147
137
105
32
-66
-171
-290
-387
-424
-403
-338
-236
-128
-34
41
84
55
-28
-102
-164
-210
-203
-130
-41
46
133
179
148
80
-5
-135
-268
-319
-301
-279
-233
-132
-29
22
54
78
60
34
67
120
148
191
261
294
261
208
119
-8
-135
-214
-223
-197
-117
36
211
350
448
504
505
441
330
191
68
-13
-78
-135
-179
-199
-205
-216
-258
-322
-372
-393
-390
-352
-264
-144
-7
131
264
343
346
275
172
53
-77
-193
-264
-274
-215
-101
24
102
135
161
164
133
59
-4
-24
6
56
87
103
102
92
51
-21
-112
-200
-253
-260
-236
-198
-143
-54
32
88
143
172
159
135
148
155
143
147
164
164
167
178
151
83
13
-39
-96
-152
-208
-245
-269
-265
-248
-221
-185
-132
-42
53
135
224
303
353
359
338
284
194
97
8
-76
-160
-197
-201
-188
-178
-155
-133
-125
-115
-90
-69
-83
-81
-26
20
28
23
18
-16
-75
-136
-214
-292
-336
-331
-314
-269
-187
-52
82
191
283
354
386
387
371
293
178
86
37
-23
-82
-91
-66
-36
26
88
106
110
154
194
194
201
252
309
341
373
378
321
231
148
50
-80
-206
-281
-310
-319
-315
-296
-269
-239
-214
-202
-219
-219
-199
-197
-198
-177
-162
-170
-172
-195
-244
-307
-345
-371
-372
-340
-282
-195
-64
84
207
312
397
441
417
355
279
198
118
86
102
153
232
329
405
433
434
406
339
247
168
137
136
119
125
145
149
128
82
-9
-127
-231
-337
-449
-528
-538
-491
-400
-279
-150
-29
57
119
130
76
-10
-101
-189
-284
-348
-352
-326
-302
-261
-205
-162
-120
-52
-7
5
42
119
179
201
243
296
331
342
337
319
306
303
282
253
249
268
270
239
201
154
88
12
-73
-164
-235
-261
-253
-245
-242
-218
-201
-202
-212
-231
-264
-286
-292
-276
-231
-181
-130
-92
-51
-41
-52
-55
-46
-37
-20
45
131
224
318
407
454
455
420
353
254
134
16
-90
-172
-218
-206
-152
-95
-35
52
158
246
305
348
377
381
381
348
270
159
54
-60
-197
-329
-419
-462
-481
-477
-435
-351
-262
-190
-133
-92
-73
-69
-79
-106
-136
-140
-133
-117
-100
-76
-61
-41
-9
24
61
89
138
195
250
278
278
243
193
156
132
94
61
52
88
151
195
189
156
140
127
75
-10
-71
-97
-74
-25
38
71
93
105
112
74
-19
-86
-110
-110
-120
-104
-80
-99
-143
-187
-278
-402
-496
-549
-571
-540
-457
-352
-230
-100
8
81
134
174
214
236
237
242
257
246
198
139
81
17
-44
-96
-117
-78
2
94
198
310
415
497
546
548
507
452
374
276
180
103
26
-28
-53
-75
-106
-117
-109
-104
-96
-93
-94
-91
-77
-75
-101
-140
-180
-240
-309
-378
-445
-499
-524
-521
-494
-437
-351
-245
-144
-51
19
70
84
64
37
15
-8
-15
27
101
184
275
361
416
437
425
372
284
182
82
15
-22
-27
7
66
141
209
244
261
272
239
175
128
92
51
23
24
28
4
-37
-83
-147
-241
-323
-405
-462
-470
-417
-333
-260
-154
-24
75
115
125
123
105
81
60
46
55
70
73
43
-18
-66
-102
-142
-172
-162
-100
2
112
220
322
391
409
375
320
242
158
72
-2
-53
-78
-84
-85
-85
-104
-124
-154
-195
-241
-270
-296
-313
-313
-304
-287
-260
-235
-200
-157
-108
-47
11
75
114
139
151
133
93
54
23
-14
-35
-18
44
117
198
277
341
362
367
372
374
350
329
334
317
270
200
128
23
-101
-202
-259
-287
-272
-216
-151
-77
2
73
101
86
43
-23
-116
-192
-253
-320
-384
-419
-426
-437
-451
-447
-439
-417
-380
-307
-234
-170
-104
-28
41
88
124
150
173
217
282
335
377
419
447
438
396
324
251
180
124
89
90
127
171
222
263
293
311
297
244
192
149
104
61
28
-2
-10
-24
-61
-130
-212
-301
-389
-446
-472
-460
-392
-283
-172
-82
-39
-21
-50
-125
-216
-288
-337
-338
-294
-227
-153
-87
-27
-1
5
15
32
60
111
193
269
342
419
469
451
386
324
272
220
165
127
123
161
202
229
221
193
159
109
36
-44
-93
-92
-80
-79
-74
-62
-70
-115
-187
-271
-355
-432
-469
-477
-474
-460
-422
-380
-353
-316
-266
-207
-146
-75
-3
61
95
96
75
43
3
-34
-36
-13
36
129
242
345
423
475
511
522
492
440
389
309
218
154
120
79
47
48
42
32
39
53
38
15
0
-11
-23
-30
-42
-64
-82
-107
-148
-197
-252
-299
-336
-355
-343
-319
-271
-208
-140
-88
-62
-59
-68
-94
-131
-146
-137
-93
-51
25
134
242
317
353
346
313
272
197
94
-8
-73
-101
-99
-76
-37
13
88
143
152
140
126
119
89
52
29
30
35
35
46
23
-15
-58
-120
-192
-259
-304
-322
-290
-226
-137
-47
13
49
67
52
-2
-83
-144
-165
-163
-156
-122
-46
39
101
153
196
225
238
228
215
192
179
172
161
160
154
150
138
128
124
120
113
121
132
132
124
83
32
-26
-108
-210
-287
-331
-373
-395
-361
-303
-247
-200
-138
-89
-66
-52
-29
-11
-8
-1
0
-10
-34
-51
-76
-116
-163
-188
-199
-200
-165
-100
-36
36
110
152
149
128
103
55
22
5
17
45
84
133
183
221
241
246
236
226
224
242
281
320
353
373
377
384
355
280
180
95
15
-62
-121
-154
-165
-170
-162
-158
-170
-196
-212
-216
-218
-207
-190
-167
-137
-103
-106
-118
-137
-150
-170
-180
-162
-147
-130
-122
-108
-117
-132
-136
-148
-155
-151
-143
-117
-80
-62
-44
-40
-20
-3
0
-11
-9
-7
9
32
45
59
103
156
171
186
205
223
208
206
208
201
202
225
239
224
217
226
212
190
181
170
149
143
150
140
88
25
-28
-94
-173
-236
-238
-222
-199
-149
-94
-58
-26
-9
-34
-101
-150
-175
-195
-200
-162
-102
-44
-5
17
25
-16
-94
-174
-240
-286
-307
-315
-285
-214
-115
-18
56
105
125
135
141
141
125
122
160
225
274
295
301
294
236
118
13
-66
-113
-148
-138
-90
-28
36
77
91
57
32
-7
-56
-97
-114
-110
-92
-56
-48
-55
-46
-42
-47
-64
-71
-64
-29
13
37
41
31
25
15
3
-13
-13
2
28
56
81
104
122
127
117
98
73
40
13
-27
-68
-88
-93
-93
-81
-32
21
67
104
125
146
167
160
119
70
20
-20
-83
-141
-187
-229
-262
-261
-238
-230
-211
-160
-104
-57
-2
49
89
121
168
192
182
161
149
118
71
29
-11
-38
-52
-51
-70
-80
-62
-26
-4
16
52
91
121
142
158
150
144
138
120
72
25
-9
-46
-78
-108
-126
-128
-100
-64
-23
14
39
81
103
98
85
69
34
-15
-53
-93
-138
-177
-198
-213
-181
-114
-61
2
63
117
121
99
68
47
34
13
5
5
32
64
89
95
101
100
73
37
-2
-33
-69
-108
-135
-151
-157
-144
-116
-78
-52
-25
5
16
16
18
27
32
27
16
31
45
40
19
10
-12
-52
-92
-133
-196
-253
-272
-287
-288
-261
-194
-124
-68
-12
49
92
114
148
185
193
220
255
271
247
197
165
108
37
-26
-67
-90
-88
-54
4
61
103
136
150
156
156
131
94
84
93
96
79
75
87
96
106
92
80
76
82
71
62
46
26
26
24
4
-41
-82
-118
-157
-197
-232
-254
-256
-239
-217
-189
-153
-118
-100
-86
-63
-56
-53
-55
-69
-88
-92
-83
-76
-71
-70
-65
-46
-25
-20
-21
-22
-15
11
44
58
64
81
111
122
123
122
124
124
113
95
87
104
108
120
128
136
143
133
118
120
133
129
103
82
78
72
51
15
-18
-30
-45
-56
-60
-51
-43
-34
-18
-9
-1
-3
-22
-56
-100
-148
-184
-195
-195
-181
-146
-106
-67
-39
-23
-37
-59
-73
-99
-104
-92
-70
-45
-23
0
4
-20
-40
-62
-94
-107
-77
-43
-15
21
66
91
67
46
7
-41
-85
-91
-80
-42
28
93
148
174
172
141
109
67
33
15
6
42
90
123
150
176
194
217
198
157
121
108
103
67
34
-7
-28
-46
-67
-83
-88
-75
-60
-50
-33
-23
-27
-13
-8
-17
-38
-42
-46
-63
-72
-70
-58
-46
-36
-20
21
60
79
102
104
81
61
23
-10
-61
-114
-160
-184
-200
-232
-248
-228
-189
-169
-145
-123
-94
-45
-23
-3
17
34
70
108
151
174
211
223
199
139
76
11
-43
-91
-130
-117
-76
-18
25
74
118
151
156
139
115
107
107
120
128
131
145
164
164
150
124
90
47
-9
-44
-64
-86
-99
-79
-50
-39
-35
-55
-84
-111
-131
-162
-189
-190
-174
-137
-95
-61
-53
-60
-88
-127
-172
-196
-200
-183
-156
-130
-97
-71
-54
-32
-16
-8
11
40
73
84
95
108
113
117
126
129
109
100
100
84
63
48
38
46
62
75
114
135
145
157
166
144
100
70
31
-14
-60
-90
-102
-110
-113
-118
-125
-111
-86
-61
-47
-40
-7
37
78
105
113
116
114
103
58
23
12
-1
-13
9
34
17
-1
-6
-11
-35
-68
-84
-81
-71
-51
-32
-24
-13
-2
5
-20
-35
-36
-47
-35
-10
1
-7
-5
9
32
30
9
6
23
36
35
51
73
84
95
96
73
64
50
-7
-83
-136
-161
-180
-190
-206
-195
-155
-105
-67
-21
18
47
82
98
96
69
75
76
36
-13
-9
26
29
26
49
74
77
81
74
43
19
8
-6
-1
-4
19
43
67
62
55
48
25
-8
-51
-88
-117
-108
-100
-72
-39
-4
23
24
2
-29
-57
-83
-108
-114
-102
-61
-29
-10
10
6
-10
-28
-57
-65
-46
-15
27
45
66
102
127
128
95
75
49
28
14
17
31
11
16
30
33
26
31
25
15
26
21
4
-4
9
43
71
91
109
116
128
114
73
10
-43
-74
-108
-114
-129
-137
-127
-103
-94
-111
-117
-113
-114
-98
-87
-74
-45
-20
-9
3
4
4
6
-7
-25
-26
-17
-19
-26
-27
-14
-5
18
28
44
42
36
30
49
55
44
46
69
101
107
103
99
116
90
55
34
20
-13
-61
-104
-120
-98
-88
-64
-21
35
108
140
142
163
168
140
113
96
75
45
-8
-53
-85
-110
-129
-143
-138
-124
-88
-45
-8
11
18
42
64
78
72
88
98
91
99
92
76
27
-23
-64
-101
-125
-136
-130
-120
-93
-69
-38
-12
-8
4
-6
-25
-52
-70
-87
-87
-80
-88
-78
-68
-57
-55
-54
-38
-39
-38
-1
38
60
77
90
104
99
92
81