-25
-27
-25
-21
-20
-18
-11
-3
-3
-3
2
8
4
1
0
3
3
1
0
6
9
7
9
11
11
8
7
7
2
1
0
0
2
0
-2
3
10
9
7
11
15
15
15
14
14
17
22
19
21
27
26
16
11
17
14
2
-7
2
13
6
-6
-7
-1
-8
-23
-30
-33
-36
-36
-35
-34
-28
-20
-18
-20
-20
-21
-20
-19
-20
-21
-19
-17
-15
-8
-6
-12
-12
-1
1
-2
-4
0
-3
-3
-3
-4
-8
-7
0
8
7
-2
6
14
9
0
7
12
13
15
22
20
17
17
21
23
20
20
24
32
28
26
26
20
10
8
12
10
6
11
17
19
18
18
14
6
0
4
5
-5
-11
0
6
-4
-16
-11
-4
-13
-23
-26
-18
-13
-9
-16
-16
-6
-2
-9
-12
-5
-6
-9
-13
-9
-4
5
2
2
10
16
8
7
9
4
-4
-4
4
7
2
-7
2
10
-4
-24
-13
-2
-11
-20
-11
-1
2
8
6
-1
-1
1
-4
-5
-5
-8
-7
5
11
3
1
8
15
2
-7
1
8
-2
1
18
17
5
9
18
6
-3
-4
-7
-14
-15
-11
-6
-2
-2
-8
-5
2
2
-10
-20
-19
-16
-17
-27
-26
-13
-7
-16
-10
11
12
-5
-12
-4
0
-2
-16
-16
-3
4
-4
-9
-12
7
14
-4
-8
6
7
-5
-1
-7
-18
-16
-19
-37
-24
9
-1
-9
20
36
28
36
44
30
8
15
30
6
-5
18
28
20
21
20
15
21
20
-12
-10
17
1
-48
-38
-7
-3
-16
-21
2
29
25
-6
-5
37
25
-20
-14
33
38
12
23
27
19
19
28
2
-19
8
28
27
25
46
52
31
21
29
35
9
-21
-36
-10
-7
-48
-57
-27
-36
-72
-83
-50
-35
-67
-88
-52
-27
-49
-62
-39
5
25
-11
-48
-5
80
41
-34
27
117
41
-11
92
120
29
42
125
90
19
33
61
6
-58
-51
-32
-56
-86
-69
-31
-2
-17
-49
-14
15
-5
-33
-17
-19
-40
-9
40
28
0
20
40
28
-8
-30
-12
-26
-69
-57
-20
-9
8
12
5
22
31
-1
-32
-72
-92
-47
-27
-59
-45
13
54
49
22
6
2
-4
-7
-9
-1
15
46
72
67
38
7
0
31
14
-61
-34
42
14
-52
20
73
-6
-58
-10
-3
-54
-92
-65
80
93
-61
-5
209
151
-25
-7
33
11
-38
-106
-159
-30
6
-114
-96
44
0
-73
65
62
-87
-32
121
41
-76
-20
62
39
-39
-90
-40
-2
-54
-104
-19
35
-49
-7
119
119
-9
26
146
91
-3
25
81
59
63
52
70
86
81
84
92
37
-9
43
57
-8
-23
11
23
55
91
101
100
138
136
102
104
79
-23
-85
-104
-155
-241
-299
-303
-273
-200
-199
-115
-8
24
77
129
72
-61
-45
-85
-246
-337
-334
-363
-335
-211
-196
-174
-8
67
-6
61
154
87
-9
37
82
62
79
109
232
287
295
378
526
480
337
405
441
292
125
206
203
67
-3
5
56
-27
-98
-201
-132
-96
-219
-335
-310
-270
-303
-231
-244
-199
-156
-85
-3
-4
-12
-2
44
-38
-98
-160
-231
-215
-227
-253
-196
-76
-20
37
95
143
243
258
97
86
149
37
-72
-53
-145
-158
-69
-109
-136
61
216
93
124
274
351
273
212
159
196
229
139
6
15
28
-46
-111
-121
-98
-113
-117
-143
-26
-81
-137
-148
-119
-213
-261
-282
-241
-160
-223
-231
-93
74
100
142
297
353
330
415
452
355
242
276
214
139
7
-73
-17
38
-59
-47
64
96
56
81
75
6
-70
-200
-227
-276
-320
-358
-276
-195
-170
-24
170
310
242
311
452
419
257
140
85
22
-89
-285
-360
-389
-422
-440
-445
-451
-369
-367
-289
-192
-242
-343
-272
-155
-260
-372
-316
-257
-261
-166
-79
-33
168
402
566
703
881
1016
1051
1054
1052
923
649
452
297
36
-187
-259
-395
-553
-580
-561
-650
-727
-801
-859
-859
-762
-642
-473
-259
20
406
674
871
1084
1175
1192
1183
1179
975
736
455
180
40
-206
-534
-788
-865
-1124
-1357
-1569
-1689
-1854
-1945
-1819
-1565
-1340
-1076
-583
-142
267
646
932
1161
1606
1868
1822
2035
2365
2301
2126
2200
2037
1614
1290
871
352
-83
-565
-1236
-1660
-1852
-2115
-2310
-2168
-1906
-1810
-1605
-1188
-837
-621
-310
-78
172
464
681
755
1046
1174
1179
1150
1147
966
937
796
429
427
508
120
-295
-204
-495
-893
-1353
-1812
-2494
-2894
-3395
-3597
-3382
-2939
-2082
-446
984
1944
3540
5350
5814
5764
5943
5795
4715
3520
2214
949
-175
-1376
-2302
-2581
-2762
-3241
-3225
-2650
-2636
-2891
-2834
-2663
-2722
-2476
-1964
-1512
-1006
-208
682
1468
2130
2557
3142
3626
3593
3044
2911
2766
2104
1096
380
-320
-1245
-2139
-2750
-3147
-3692
-3798
-3450
-2899
-2482
-1989
-1546
-844
25
-1070
-2697
-2677
-2205
-3894
-4419
-3175
-2085
-797
1415
3922
6532
9307
10165
11293
12782
12182
9622
8024
6016
2425
-614
-3362
-5911
-7737
-8272
-8875
-8645
-8184
-7463
-6058
-4596
-4357
-3502
-1875
-799
-335
731
1730
2708
3576
4368
5298
6127
6032
5777
5993
5642
4366
3050
1754
94
-1660
-3478
-4861
-5980
-7216
-7992
-7203
-6820
-6653
-5890
-4209
-3429
-1946
-1288
-2270
-2854
-1687
-1652
-2867
-2386
-1065
489
2312
4812
7380
10642
12481
13802
15804
16820
14385
11972
10771
7756
2418
-1898
-4986
-8362
-11654
-13400
-14049
-14182
-13957
-12336
-9913
-7636
-6070
-3841
-915
1391
2378
3699
5606
6634
6547
7338
8428
8236
7438
7530
7538
6457
4742
3036
1491
-470
-3251
-5475
-6872
-8336
-10041
-10226
-9502
-9334
-8838
-7183
-5403
-4497
-2866
-1984
-2201
-2120
-787
-908
-1476
-768
582
2115
3663
5317
7436
10954
12923
13863
15450
16497
15016
13087
11388
8339
4067
-291
-4205
-7486
-10855
-14269
-15986
-15906
-15699
-14835
-12288
-9525
-6776
-3533
-292
2150
4231
5631
6954
8272
8473
7872
8229
8458
7347
6506
6245
5139
3382
2068
527
-1329
-3301
-5349
-7103
-8053
-9094
-9535
-9166
-8199
-7564
-5932
-4442
-3047
-2243
-2291
-3095
-3134
-2970
-3709
-3423
-2384
-702
952
3695
6322
9622
12390
14411
16069
17387
16930
15268
13553
11088
7905
4349
16
-4254
-7722
-11092
-14670
-16425
-17465
-17778
-16608
-13953
-11628
-8178
-3833
-208
2716
6121
8504
9800
10550
10695
10169
9754
8608
7042
6375
5675
3861
2164
1189
-577
-3015
-5016
-6752
-8327
-9596
-9817
-9704
-8606
-7477
-6182
-5202
-3649
-2982
-4648
-5759
-4962
-4589
-5709
-4150
-1707
506
3139
6909
9523
12465
15253
16279
17002
17641
16232
13895
12834
10851
7389
4277
337
-4098
-7851
-11697
-16560
-19238
-20570
-21462
-20517
-17171
-13957
-9182
-3117
2029
6268
11201
13827
14417
14995
14702
12228
10190
8573
6196
4459
3497
1515
-232
-1127
-3297
-6032
-7342
-9043
-11329
-11693
-11301
-11238
-10256
-8254
-7275
-5151
-4043
-5005
-5077
-2477
-2056
-2431
62
2627
4426
6975
9967
10938
13304
14981
15310
15411
15854
14056
12557
12241
10487
7738
5241
1501
-3402
-7569
-12488
-18530
-22418
-24192
-25404
-24391
-20780
-16011
-10156
-2853
3509
9215
14265
17069
17795
18083
17033
13998
11389
9152
6652
4437
2944
863
-870
-2511
-4984
-7642
-9521
-11984
-13682
-13888
-13567
-13215
-11297
-9122
-6956
-4477
-3737
-4048
-2572
-447
-630
368
2845
4924
6891
10081
11617
12483
14295
15039
14349
14198
13393
11265
10427
10235
8528
6669
4846
1311
-2922
-6710
-12174
-18245
-21858
-23807
-25150
-23837
-20058
-15393
-9228
-1691
4787
10429
14951
17477
18149
18074
16144
12931
10134
7651
5182
3167
1582
-148
-1657
-3399
-5439
-7517
-10225
-12310
-13265
-13737
-14208
-12912
-11079
-9042
-6152
-4971
-4924
-3089
-468
-907
92
2583
4193
5671
9179
10761
11118
13103
13989
13343
13179
12359
9860
9581
9890
8264
7318
7384
5680
2426
-449
-5658
-11876
-17043
-20894
-23910
-24459
-23355
-20043
-13812
-6116
606
7281
13151
16889
18357
18553
16647
13359
9825
6453
3500
1585
147
-1427
-1932
-1911
-2815
-4778
-6330
-7904
-10060
-11946
-12986
-13662
-13516
-11626
-10047
-9220
-7160
-3700
-1858
-118
2652
4350
5353
7481
9318
9258
9802
10107
9887
10114
10025
8000
7354
8515
8391
7949
9030
9797
9070
8621
6112
442
-5921
-11507
-17591
-22495
-25123
-25519
-23492
-17702
-10199
-2468
4982
11794
16652
19343
19673
17563
13842
9795
6066
2390
-499
-2058
-2814
-3540
-3366
-2595
-3095
-4850
-5707
-6844
-9039
-11118
-12344
-13713
-13100
-11525
-11397
-10262
-5703
-2179
-414
3547
6922
8057
9871
12631
11835
10821
10550
9220
7825
7553
4974
2523
3801
5051
4331
5769
8552
9586
10571
10914
6826
583
-5080
-11813
-18897
-23343
-25986
-26336
-22306
-15059
-7439
1126
9335
15613
19812
21923
20503
16838
12364
7278
2381
-1215
-4086
-6113
-6675
-6177
-5303
-4436
-4633
-5302
-5923
-6876
-8819
-10315
-11933
-12616
-12020
-11355
-10651
-7323
-3023
-211
3340
7431
9859
11380
13674
13721
12251
11199
9590
6837
4987
2749
-204
-1199
-270
59
1335
4532
7858
10747
13341
13248
9992
5260
-1023
-8756
-15831
-21150
-24666
-25027
-21776
-16052
-8108
525
8058
14294
19493
21149
19567
16281
11700
5890
701
-3549
-7153
-9118
-9438
-8774
-6985
-5381
-4905
-4577
-4069
-5329
-7214
-8485
-10012
-11074
-11057
-10714
-9276
-5292
-1616
1480
5755
9775
11544
13172
14690
13742
11623
9477
6676
3533
704
-2654
-5101
-5626
-5440
-3926
-336
3562
7159
12191
16478
17991
17041
13151
6207
-888
-7517
-15478
-21799
-23760
-23030
-20406
-13805
-5690
1376
8131
14640
18138
18584
16739
12660
7408
2339
-2719
-7092
-9462
-10258
-9634
-7426
-4952
-3119
-1769
-1257
-2132
-3627
-5956
-8680
-10464
-11743
-12756
-11726
-8386
-4939
-883
4127
8605
12033
14891
15980
15326
13967
10632
5978
2044
-1696
-6491
-9605
-10360
-10408
-8924
-4632
680
5946
11688
16766
20332
22447
21273
15902
8507
1076
-6874
-14708
-20756
-23880
-23480
-20203
-14454
-7044
848
7156
12409
16295
17240
14775
10794
5927
573
-3830
-7082
-9610
-10056
-8018
-5437
-2910
124
1566
825
-164
-1537
-5235
-8960
-11429
-13985
-15261
-13247
-10414
-7340
-1490
4849
9546
13931
17727
17885
17099
15701
11028
4807
305
-4594
-9900
-12255
-12828
-12682
-9735
-4370
1021
7409
13758
17964
21052
23506
22125
16549
9146
970
-6864
-13523
-19420
-23409
-22772
-19364
-14616
-7734
195
5836
10312
14357
15800
14036
10699
6144
1444
-1950
-4922
-7620
-8164
-6672
-4796
-2448
174
627
-562
-1945
-3673
-7110
-10492
-13688
-16179
-16418
-13807
-10959
-7414
-1734
4750
10224
14773
17959
18088
17357
15875
12094
6365
1643
-2918
-6949
-9301
-10221
-10412
-8718
-5262
-885
4753
10041
13694
16890
20261
21882
19724
13637
5626
-1306
-7326
-14131
-20205
-22441
-21649
-19288
-14250
-7795
-1618
3310
8196
12321
14574
13638
10936
7987
5079
1810
-1483
-4160
-5723
-5347
-4420
-3453
-2614
-2996
-4914
-6256
-7122
-9922
-13565
-15468
-15803
-14746
-11589
-8029
-4783
450
6877
11308
13974
16099
15844
14236
13170
10506
5355
1117
-1105
-3097
-4561
-5930
-6817
-5902
-3221
-542
3191
7764
10381
13528
18511
22216
21184
16687
9637
2391
-3330
-10255
-18885
-23726
-22913
-22748
-20469
-13743
-5998
-1433
3955
10976
15745
16313
14747
12831
10042
6564
1871
-2473
-5667
-7068
-7017
-6136
-5280
-5892
-7059
-7274
-7329
-9496
-12787
-15400
-16104
-14950
-12194
-9581
-6824
-2217
4610
9958
13178
15366
16384
15641
14731
12633
7730
2265
-587
-1994
-4480
-6863
-7559
-6488
-4514
-494
4620
9043
11899
16456
22219
25761
25113
19834
11377
3051
-2854
-11122
-20949
-26784
-26212
-26010
-23650
-16205
-7851
-2943
2347
10480
16240
17185
15063
13357
10905
7309
2377
-1842
-5052
-7229
-7127
-5239
-4589
-6205
-7146
-6772
-7669
-10198
-13271
-16703
-17784
-16172
-13689
-11335
-6881
-1005
5777
11784
16231
17679
18039
17314
15123
11058
5314
-491
-3564
-5136
-7549
-8941
-7411
-5740
-2905
3190
9504
12319
15175
21021
25509
27499
25178
18292
8573
2257
-4453
-14329
-23738
-27122
-27669
-27834
-23330
-15855
-8680
-4197
2727
10736
16037
15609
14124
13003
10572
6267
2495
-928
-4743
-6423
-5130
-3930
-4781
-6511
-7496
-7917
-9049
-11151
-15501
-17901
-16853
-13959
-12054
-8360
-3513
2729
8911
14398
17149
17709
17621
15990
13589
9105
2850
-2561
-4324
-6435
-9169
-9947
-8095
-6568
-2470
4371
10218
13352
18366
24958
29647
30682
26769
18430
8759
1402
-7944
-19306
-28849
-31662
-32478
-30915
-24913
-15417
-7830
-1592
7094
15444
18743
16817
14537
11745
7458
2129
-2132
-5676
-8073
-7227
-4184
-1958
-2026
-2651
-2970
-4258
-6837
-11637
-17031
-20206
-19307
-17118
-14186
-9415
-2433
5735
13583
19920
22210
22601
20833
18225
13138
6149
-2255
-7591
-10344
-12353
-13772
-12124
-8842
-4669
2559
10636
16281
19470
24866
29625
32177
30294
23904
12943
3356
-4564
-14173
-24851
-31245
-32398
-32186
-28490
-20480
-10928
-4289
2328
10515
16880
17431
14479
11594
8164
3392
-1096
-4163
-6657
-7300
-4656
-901
797
315
-611
-1844
-4563
-9371
-15745
-21063
-22737
-21283
-18131
-13426
-6490
1963
11433
19716
24707
25708
24258
20811
15842
9123
389
-7753
-12240
-13834
-14715
-13727
-10105
-5528
196
7649
14927
18686
21035
24623
27962
28557
25144
17567
7674
-288
-7624
-16533
-25714
-29991
-30718
-30008
-25320
-16908
-8620
-3269
3647
11450
16501
15914
13356
10680
7638
3514
-375
-3035
-5303
-5107
-2533
426
577
-841
-2132
-3862
-7294
-12899
-18800
-22739
-22571
-19994
-15897
-10507
-2982
5794
14587
21509
24541
24492
21717
17764
12387
5745
-2604
-9082
-11618
-11989
-11933
-10318
-6420
-2295
3158
9406
14931
17197
19069
22366
25329
26072
22395
14917
5823
-1015
-8101
-17319
-26132
-29738
-30350
-29818
-24607
-16182
-8541
-3515
4128
11926
16343
15719
13767
11332
8479
4858
1319
-1518
-3465
-2987
-781
1708
1023
-928
-2912
-4563
-8949
-15201
-21196
-24392
-24208
-21092
-16199
-10560
-2957
6160
15432
21403
24292
23641
20803
16377
11383
4689
-3031
-8917
-10610
-9801
-8792
-6841
-2989
1475
6328
11595
15934
17320
17946
20130
22368
23065
19499
11949
3374
-2679
-9241
-18095
-26255
-29873
-30732
-29953
-24424
-16691
-9395
-4012
3766
11688
16887
16661
14930
13145
11156
7589
4132
1479
-1057
-1323
647
2173
285
-2358
-4496
-6619
-11223
-17302
-23256
-26004
-25652
-22487
-17325
-10797
-3668
5017
14603
21153
23799
23362
21143
16758
12055
6062
-1025
-7004
-8536
-7889
-6642
-4806
-1649
2195
6721
11518
14644
16151
16751
18647
20455
21996
19474
12878
4433
-1813
-8019
-16721
-25254
-30214
-31595
-31911
-27297
-19926
-12015
-6391
1605
10497
17502
18914
18089
17079
15422
11805
7480
3673
-403
-2337
-1923
-1177
-3166
-5315
-6702
-7878
-10640
-15389
-20288
-23035
-23587
-21904
-17531
-12201
-6464
840
10020
17182
20700
22315
21245
18131
14478
9971
3421
-2614
-5788
-6316
-5754
-4730
-3630
-1049
3352
7502
10459
12792
14705
16509
19368
22147
22679
17683
10197
2748
-3533
-12171
-21328
-28208
-31149
-32442
-30132
-23650
-15351
-8038
-686
8690
17106
21098
20541
19427
17504
13522
8165
3236
-1482
-4956
-5383
-4657
-4612
-5833
-5918
-6153
-6782
-9934
-14456
-18267
-19819
-19913
-17939
-13970
-9391
-3378
4274
12386
17124
19980
20476
18949
15696
11931
6693
700
-3834
-5634
-5443
-5071
-4912
-3422
188
3785
6771
9592
12069
13785
16795
20206
22317
20209
14228
6359
-168
-7384
-17151
-26080
-30534
-32032
-31847
-26573
-18401
-9931
-3047
5734
14584
20779
21128
19452
17559
14243
8514
3080
-1108
-5095
-6911
-5656
-3879
-3738
-3975
-3356
-3454
-4880
-8872
-14120
-17772
-19141
-18865
-16826
-12649
-7978
-1134
6851
14417
17958
20248
19720
17446
13687
9497
3333
-2573
-5652
-6233
-6093
-5852
-4519
-1665
2331
5505
8433
11312
13368
15136
18257
20911
20941
17134
10589
2851
-3877
-11633
-20910
-28214
-30893
-31404
-29396
-22884
-14327
-6776
206
8635
16185
20072
19231
17051
14796
10842
5263
813
-2616
-5980
-6454
-3780
-2044
-2253
-2068
-1320
-2360
-4563
-9148
-14683
-18503
-19277
-18719
-16068
-11445
-5966
1056
9424
16317
19279
20626
19246
15817
11297
6769
376
-5091
-7527
-7345
-6628
-5214
-3157
599
4704
8117
10777
13417
15069
16477
18751
20223
19101
14316
7564
-321
-6886
-14647
-22714
-28976
-30574
-30274
-27072
-20235
-11904
-4850
1592
9194
15671
18614
17219
14888
12426
9179
5017
1418
-1696
-3981
-3327
-992
-149
-1350
-2163
-2594
-4426
-7898
-12920
-17702
-20360
-20047
-17700
-13493
-8277
-2109
5354
12914
17967
19681
19427
16466
12137
7731
3518
-1919
-6092
-7102
-5555
-3711
-2048
112
3383
6669
9093
11022
12604
13281
14404
16317
17647
16230
11384
4769
-1848
-7786
-15245
-22703
-27624
-28567
-28170
-24456
-17665
-9757
-3790
2438
9622
15718
17809
16349
14436
12749
10159
6391
3209
91
-2316
-2171
-654
-1546
-4137
-5345
-5796
-7900
-11142
-14972
-18436
-19702
-17874
-14445
-10181
-5297
133
6473
12737
16374
16740
15638
12882
9364
6216
3522
-499
-3439
-3147
-706
876
1646
2712
4848
6706
7760
8535
9414
9801
11041
13531
15392
14259
9696
3901
-1997
-7702
-15454
-22825
-27216
-27936
-27828
-24202
-17083
-9196
-3457
2977
10846
16804
18090
16775
15795
13981
10324
6334
3490
-151
-2839
-2653
-1280
-2619
-4406
-4628
-4580
-6464
-9348
-12890
-16408
-18052
-17240
-14477
-10975
-7185
-2843
3548
9851
13492
14222
13981
12362
9742
7610
5622
2134
-835
-426
1966
3178
2935
3818
5741
6830
7291
7959
8736
8679
9986
12310
14229
12743
8257
2181
-3248
-9282
-17024
-24138
-27510
-28066
-27993
-24060
-16384
-8488
-3291
3259
11246
16902
17776
17079
16438
14253
10333
6777
3989
194
-2720
-2534
-1204
-2119
-3727
-3427
-2846
-4646
-8204
-11976
-15467
-18368
-18623
-16029
-12809
-9983
-5353
1987
8887
12308
13870
14600
13444
10888
9097
7316
3549
287
572
2919
3455
2863
3461
5597
6770
7170
7758
8816
9344
10674
12885
14575
12933
7803
1472
-4504
-10714
-18589
-25156
-28339
-28484
-27796
-23277
-15598
-7668
-2345
3829
11173
16738
17712
16718
15761
13681
10015
6435
3703
14
-2573
-2259
-780
-1695
-3049
-2546
-2130
-4289
-8399
-12703
-16616
-19296
-19610
-17337
-14033
-10517
-5231
2325
9249
12793
14488
15255
14188
11717
9690
7433
3584
516
612
2381
2597
1915
2631
5075
6793
7339
7993
9242
10334
11636
13267
14148
11642
5820
-807
-6378
-12495
-19831
-25455
-26976
-26346
-24852
-19825
-11761
-4748
-455
5132
11976
16316
16298
15332
14546
12603
9321
6482
3906
495
-1576
-1276
-497
-2132
-3700
-3726
-3723
-6332
-10791
-14602
-17358
-19069
-18815
-15538
-11657
-7853
-2979
4117
9616
12006
12799
13047
11587
9268
7763
6216
3425
1466
2291
4026
3980
2958
3879
5775
6563
6165
6931
8373
9389
10600
12444
13497
10822
5398
-617
-5624
-12284
-19542
-24771
-25883
-26052
-24753
-19619
-11705
-5369
-853
5365
12318
16374
16344
15925
15212
12810
8781
5837
3128
-358
-2579
-1865
-930
-1919
-2535
-1882
-1965
-4789
-8699
-12529
-15752
-18129
-17945
-15374
-12145
-8954
-4149
2313
7320
9948
11176
11652
10279
8772
7754
6301
3402
1766
2389
3545
3108
2583
3783
5678
6468
6871
8239
9911
11035
12236
13787
14039
11259
5644
-362
-6445
-12920
-20188
-25057
-26947
-26615
-25232
-20183
-12733
-5733
-797
5219
12075
16282
16413
15722
14835
12095
8082
5092
2608
-430
-1917
-884
894
719
543
738
567
-2938
-7963
-12483
-16135
-19274
-19874
-17306
-14110
-10637
-5640
1215
6462
9849
11195
11523
10474
9183
7557
5764
3011
996
1079
2526
2579
2305
3838
6148
7431
8442
10358
11939
12803
13610
14759
14374
11041
4927
-1477
-7679
-14410
-21312
-25793
-27224
-26972
-24993
-19576
-11866
-5171
-151
5830
12455
16056
16026
15335
14311
11460
7805
5294
2987
271
-625
840
2213
1934
1521
1486
263
-3719
-9134
-13958
-17781
-20712
-21063
-18529
-15184
-11579
-6129
959
6485
9691
11424
12248
11351
9948
8484
6382
3074
856
1027
1989
1690
1643
3515
5881
7356
8637
10757
12275
12892
13362
14022
13433
9835
3829
-2547
-8430
-14823
-21089
-25079
-26052
-25686
-23606
-18069
-10574
-4215
426
6168
12185
15358
15194
14626
13644
11013
7808
5820
4019
1883
1219
2556
3634
3143
2520
2059
294
-4375
-9930
-14394
-18180
-21488
-21825
-19047
-15748
-12395
-6780
255
5311
8256
10349
11407
10569
9131
7751
5858
3036
1213
1647
2726
2696
3086
5418
7834
8828
9855
11722
12909
12793
12767
12868
11948
8272
2702
-3456
-9375
-15445
-21133
-24738
-25883
-25377
-23255
-18021
-11217
-5042
-445
4955
10380
13497
13924
13865
13207
11108
8713
7360
6105
4427
3876
4826
5734
5183
4209
2963
697
-4118
-9689
-14606
-18646
-22024
-22713
-20434
-17051
-13330
-8053
-1479
3784
7248
9381
10613
10011
8594
7108
5480
3258
1849
2313
3487
4320
5462
7858
9829
10813
11487
12625
13120
12366
11678
11032
10031
6664
1600
-4375
-10014
-15838
-21002
-24502
-25779
-25578
-23670
-18892
-12479
-6392
-1698
3497
8902
12621
13921
14264
13988
12602
10825
9631
8332
6600
5700
6121
6504
5630
4109
2292
-270
-5031
-10650
-15665
-19728
-23047
-23749
-21369
-17753
-13781
-8438
-1869
3431
7177
9513
10773
10104
8710
7233
5927
4094
2880
3216
4637
5684
6808
8793
10532
11093
11322
11924
12132
11304
10286
9480
8521
5870
1144
-4419
-9959
-15272
-20288
-23511
-24944
-24820
-23310
-18720
-12512
-6527
-1939
3275
8832
12866
14421
15000
15090
14016
12126
10569
9073
7103
5655
5407
5326
3971
2134
266
-2332
-6927
-12177
-16702
-20391
-23390
-23815
-21226
-17365
-13284
-8084
-1683
3815
7636
10165
11652
11322
10108
8962
7934
6167
4701
4763
5651
6157
6730
8145
9356
9357
9166
9654
10138
9322
8304
7619
7022
4638
465
-4710
-10009
-15066
-19439
-22261
-23499
-23223
-21531
-17185
-11258
-5439
-967
3948
9130
12940
14510
15317
15453
14355
12386
10857
9254
7235
5558
4933
4401
2913
1161
-779
-3378
-7883
-12707
-16831
-20202
-22923
-23247
-20612
-16693
-12616
-7719
-1732
3316
6840
9161
10771
10704
9676
8761
8208
7015
5921
5792
6478
6726
7176
8087
8803
8297
7921
8266
8616
7972
7069
6673
6138
4515
921
-3696
-8977
-13531
-17723
-20512
-21967
-21696
-20195
-16451
-11031
-5458
-1032
3418
8201
11964
13786
14594
14832
13927
12162
10625
9255
7332
5498
4519
4099
2727
948
-1008
-3425
-7362
-11918
-15657
-18712
-21274
-21844
-19438
-15786
-12174
-8034
-2691
1932
5070
7414
9378
9858
9172
8589
8485
7663
6597
6148
6479
6472
6477
7316
8016
7736
7269
7900
8567
8152
7295
6952
6438
4835
1765
-2676
-7779
-12607
-16403
-19351
-20922
-20983
-19515
-16465
-11678
-6391
-1839
2209
6640
10606
12875
13742
14106
13706
12243
10584
9146
7384
5433
4245
3759
2749
1010
-738
-2934
-6053
-10339
-14140
-17342
-19783
-20870
-19180
-15961
-12670
-9083
-4089
823
4163
6789
9169
10263
9715
9148
8789
7850
6259
5296
5168
5056
5095
5924
7206
7412
7434
8092
9215
8820
7774
7072
6434
4869
1756
-2349
-7227
-11715
-15414
-17974
-19469
-19476
-18144
-15317
-10996
-6200
-1813
1908
5900
9431
11731
12765
13285
13107
11991
10547
9203
7509
5576
4062
3241
1893
117
-1845
-3665
-6502
-10226
-13550
-16334
-18577
-19677
-18113
-15398
-12523
-9398
-4707
-200
3317
6191
8982
10424
10382
9976
9717
8724
6898
5382
4862
4523
4441
5178
6427
6831
7080
7982
9168
8804
7726
6983
6325
4728
1621
-2228
-6768
-11077
-14720
-17080
-18451
-18549
-17509
-14887
-10963
-6435
-2301
1363
5092
8520
10944
12220
12903
12837
11905
10473
9084
7244
5264
3574
2612
1271
-298
-1825
-3175
-5221
-8260
-11266
-14040
-16459
-17948
-17311
-15482
-13348
-10650
-6496
-2069
1705
5218
8380
10214
10594
10485
10085
8672
6559
4671
3764
3200
3163
3985
5534
6517
7371
8649
9859
9834
8884
8142
7065
5175
2041
-1873
-6517
-10893
-14428
-16874
-18220
-18338
-17133
-14711
-10900
-6539
-2476
884
4301
7494
9737
10850
11486
11599
10935
9892
8800
7351
5768
4515
3684
2450
865
-675
-2107
-3977
-6976
-10196
-13229
-15611
-17251
-17042
-15590
-13479
-10858
-6910
-2520
1308
4694
7703
9628
10009
9765
9172
7784
5663
3894
3068
2607
2662
3638
5332
6581
7601
8802
9863
9921
9265
8505
7396
5696
2965
-772
-5147
-9360
-12887
-15823
-17620
-18076
-17242
-15454
-12240
-8070
-3991
-594
2937
6396
8882
10216
11121
11547
11096
10060
8959
7639
6163
4887
3945
2856
1295
-259
-1739
-3314
-6174
-9510
-12483
-14743
-16429
-16728
-15392
-13441
-10893
-7214
-2772
950
4239
7297
9483
10041
9634
9027
7727
5743
3788
2736
2173
1999
2785
4365
5735
6604
7818
9000
9428
9038
8442
7514
6004
3544
0
-4126
-8294
-11973
-15131
-17006
-17406
-16600
-14953
-11883
-7669
-3464
48
3364
6613
8906
10040
10732
11090
10484
9304
8242
7272
5982
4825
3923
3019
1458
-162
-1681
-3417
-6268
-9822
-12754
-15057
-16685
-17107
-15708
-13540
-10784
-7126
-2668
1196
4400
7319
9451
10021
9449
8724
7527
5602
3641
2627
2287
2262
3018
4560
6090
6923
7802
8692
9149
8638
7755
6747
5436
3177
-112
-3830
-7642
-11203
-14195
-15842
-16121
-15550
-14208
-11484
-7549
-3692
-561
2492
5576
7771
8943
9882
10422
9869
8767
8006
7250
5965
4667
3843
2949
1381
-66
-1250
-2712
-5474
-8634
-11142
-13226
-15095
-15639
-14369
-12439
-10321
-7193
-3143
315
3010
5722
7990
8722
8306
7930
7151
5466
3610
2762
2401
2092
2534
3979
5479
6219
7058
8150
9016
8881
8375
7642
6685
4668
1616
-2203
-6278
-10188
-13486
-15449
-16106
-15807
-14688
-12131
-8406
-4586
-1416
1557
4529
6753
7983
8822
9322
8874
7905
7215
6739
5778
4773
4174
3623
2310
1119
186
-1116
-3936
-7185
-9713
-11914
-14072
-14943
-13863
-12172
-10274
-7373
-3485
-362
2024
4603
6918
7606
7181
6850
6313
4868
3264
2472
2181
1857
2263
3726
5195
6019
6881
8160
9274
9481
9280
8710
7906
6077
3156
-815
-5231
-9455
-13016
-15356
-16393
-16274
-15219
-12800
-9219
-5356
-2163
728
3567
5750
6926
7646
8150
7914
7118
6594
6400
5877
5174
4710
4240
3087
1879
797
-613
-3291
-6477
-8967
-11042
-13005
-13945
-12975
-11277
-9526
-7060
-3590
-717
1389
3665
5924
6704
6354
6138
5909
4774
3315
2513
2219
1798
2035
3231
4698
5444
6238
7617
8962
9410
9176
8804
8070
6431
3620
-162
-4553
-8767
-12225
-14611
-15728
-15680
-14559
-12398
-9085
-5404
-2252
307
2791
4905
6120
6788
7351
7445
6904
6438
6310
6044
5420
4861
4382
3470
2252
1173
-215
-2456
-5316
-7874
-10018
-11991
-13080
-12632
-11288
-9824
-7751
-4824
-1923
261
2524
4818
6035
5972
5885
5843
4930
3437
2466
2142
1720
1835
2924
4502
5553
6427
7803
9260
9866
9723
9149
8379
6744
3940
172
-4045
-8061
-11583
-13939
-15069
-14981
-14121
-12180
-9252
-5817
-3008
-723
1514
3616
4829
5471
6224
6643
6313
5953
6135
6044
5449
4963
4758
4002
2775
1823
750
-1066
-3929
-6328
-8302
-10359
-11935
-11929
-10794
-9805
-8426
-5927
-3172
-1316
726
3067
4676
4770
4906
5093
4613
3261
2319
2080
1843
1876
2874
4662
5929
6775
7996
9507
10249
9959
9468
8673
7114
4631
1516
-2222
-6333
-9798
-12247
-13675
-14270
-13753
-12618
-10616
-8054
-5257
-3119
-976
1293
3249
4534
5693
6853
7286
7161
7001
6871
6275
5489
4787
4140
3056
2117
1344
332
-1572
-3942
-6080
-8183
-10154
-11288
-11218
-10706
-9949
-8434
-6041
-3764
-1722
586
2757
3942
4310
4727
4624
3669
2465
2177
2119
2098
2637
4289
6099
7223
8454
9868
10939
10752
10263
9509
8170
5847
2954
-563
-4599
-8339
-11223
-13186
-14214
-14088
-13321
-11932
-9726
-6942
-4575
-2588
-321
2010
3806
5218
6701
7735
7832
7531
7316
6829
5796
4781
4058
3290
2326
1674
1099
-24
-1863
-4180
-6394
-8672
-10385
-11402
-11496
-11206
-10249
-8520
-6053
-3630
-1177
1215
3247
4421
5084
5276
4692
3659
2860
2461
2226
2414
3428
5066
6669
8012
9334
10291
10703
10315
9584
8208
6228
3666
547
-3064
-6745
-9620
-11830
-13205
-13533
-12836
-12085
-10735
-8530
-5963
-4141
-2247
256
2691
4496
6326
8149
8987
8702
8254
7801
6641
4980
3681
2865
2035
1237
1041
711
-137
-1791
-3853
-5998
-8238
-9989
-11192
-11560
-11511
-10618
-8884
-6192
-3657
-952
1673
3973
5161
5776
5762
5084
3965
3007
2390
2170
2641
3855
5514
7045
8381
9338
9991
9992
9308
8044
6333
4341
1865
-1023
-4191
-7139
-9447
-11132
-11992
-12028
-11644
-11263
-10156
-8214
-6144
-4466
-2307
501
3077
5323
7472
9224
9628
9164
8492
7485
5706
3782
2652
1928
1218
787
1047
997
123
-1589
-3465
-5658
-8178
-10260
-11499
-11973
-12003
-11019
-8836
-6019
-3386
-513
2404
4520
5373
5763
5718
4943
3723
2836
2538
2691
3522
5052
6833
8080
8975
9584
9706
9069
7800
6260
4433
2717
855
-1342
-4051
-6470
-8361
-9855
-10883
-11244
-11350
-11522
-10906
-9300
-7269
-5423
-2917
376
3513
6073
8424
10274
10723
9997
8953
7550
5395
3332
2226
1666
1054
891
1426
1610
711
-923
-2918
-5448
-8438
-10785
-12104
-12764
-12893
-11704
-9312
-6507
-3744
-666
2192
4040
4853
5367
5342
4485
3501
3050
3122
3519
4599
6220
7893
8991
9524
9697
9319
8336
6849
5257
3627
2216
860
-827
-3035
-5324
-7149
-8817
-10223
-11147
-11538
-11921
-11713
-10380
-8174
-5903
-3222
235
3716
6407
8613
10435
10939
10015
8538
6955
4957
3008
1976
1618
1364
1256
1785
2017
1274
-233
-2600
-5506
-8759
-11103
-12563
-13184
-13051
-11611
-9230
-6289
-3275
-348
2040
3636
4569
5077
5003
4287
3601
3434
3690
4258
5380
6761
7926
8749
9129
8947
8096
6978
5581
4031
2656
1731
1025
-114
-1663
-3558
-5390
-7251
-8972
-10369
-11287
-12076
-12242
-11177
-8988
-6495
-3583
-18
3605
6539
8854
10546
10942
9859
8063
6304
4374
2634
1592
1447
1391
1527
1889
2255
1524
-80
-2435
-5317
-8427
-10984
-12403
-12991
-12631
-11371
-9031
-6257
-3327
-707
1616
3294
4445
4916
4948
4559
4168
4003
4197
4636
5328
6226
7155
7859
7976
7696
6970
6039
4812
3600
2628
1758
1150
571
-452
-2212
-4282
-6108
-7891
-9563
-10752
-11281
-11582
-11096
-9297
-6454
-3557
-489
2965
6225
8495
9776
10395
9768
7958
5944
4440
3113
1878
1462
1823
1992
1897
1896
1661
137
-2328
-5027
-7717
-10416
-12319
-12930
-12471
-11390
-9547
-6956
-4217
-1770
328
2244
3576
4268
4505
4676
4682
4724
4959
5327
5737
6288
6969
7408
7523
7171
6499
5541
4537
3600
2674
1921
1376
1192
519
-908
-2943
-4970
-7032
-9111
-10629
-11260
-11505
-11477
-10107
-7410
-4339
-1465
1912
5325
7746
9144
10035
10031
8574
6659
5254
4068
2736
2021
2276
2468
2153
1835
1576
398
-1728
-4051
-6500
-9129
-11394
-12307
-12281
-11614
-10382
-8298
-6010
-3748
-1577
598
2304
3481
4341
5098
5567
5754
5814
5802
5741
5759
5884
6025
6084
5983
5602
5102
4592
4028
3361
2720
2235
1739
1239
263
-1362
-3654
-5852
-7841
-9487
-10624
-10816
-10535
-9790
-8108
-5254
-2253
372
2978
5577
7360
8091
8394
8185
7132
5637
4677
3980
3190
2660
2789
2685
1905
965
211
-1126
-3203
-5176
-7054
-9040
-10698
-11130
-10712
-10030
-8886
-7086
-5079
-3169
-1103
929
2632
3885
5024
5893
6254
6225
6033
5719
5192
4853
4804
4845
4741
4860
4949
4789
4283
3938
3499
2657
1686
967
347
-990
-2708
-4556
-6123
-7763
-8727
-8947
-8568
-8325
-7492
-5718
-3455
-1471
495
2664
4475
5663
6498
7187
7185
6538
5711
5146
4306
3441
2795
2433
1500
382
-659
-1536
-2854
-4188
-5392
-6852
-8374
-9379
-9544
-9408
-8795
-7648
-6010
-4399
-2529
-427
1653
3318
4723
5825
6432
6568
6366
5849
5091
4358
3916
3655
3599
3831
4214
4384
4236
4028
3628
2896
1902
972
102
-728
-1670
-2757
-4212
-5539
-6441
-6917
-7173
-6941
-6479
-5900
-4972
-3377
-1632
-92
1525
3249
4684
5667
6526
7076
6892
6185
5464
4640
3460
2278
1411
450
-809
-1904
-2564
-3289
-4248
-5154
-6111
-7329
-8414
-8871
-8738
-8237
-7213
-5728
-4031
-2182
-9
2101
3846
5088
6039
6522
6592
6188
5531
4648
3838
3298
3150
3292
3576
3944
4143
4060
3660
3135
2388
1404
313
-546
-993
-1391
-2087
-3060
-3996
-4819
-5536
-5931
-5999
-5982
-6087
-5680
-4546
-2958
-1420
460
2526
4309
5520
6629
7478
7494
6666
5610
4481
3087
1734
808
7
-1056
-1961
-2467
-2856
-3659
-4393
-5255
-6520
-7914
-8638
-8626
-8244
-7292
-5697
-3789
-1854
333
2486
4177
5208
5836
6126
6067
5599
4861
4101
3460
3025
3001
3298
3671
3825
3902
3620
3112
2219
1362
396
-495
-1011
-1106
-767
-743
-985
-1719
-2439
-3408
-4296
-5107
-5690
-6389
-6679
-6067
-4528
-2713
-769
1475
3680
5329
6473
7280
7340
6383
4919
3540
2204
866
-121
-615
-1185
-1830
-2166
-2223
-2584
-3403
-4108
-4956
-6188
-7277
-7577
-7188
-6546
-5350
-3647
-1830
-239
1512
3114
4264
4735
5100
5288
5212
4819
4442
4067
3648
3313
3280
3299
3088
2778
2396
1843
1046
456
48
-197
-357
-115
421
823
715
72
-966
-2271
-3695
-4896
-5743
-6413
-6814
-6389
-4953
-2993
-956
1286
3433
4983
5881
6417
6334
5390
4008
2745
1550
388
-308
-552
-817
-1385
-1729
-1990
-2410
-3149
-3685
-4283
-5291
-6177
-6344
-5952
-5497
-4553
-3124
-1760
-746
505
1896
2874
3345
3911
4449
4732
4795
4848
4637
4084
3451
3043
2643
2076
1535
1199
833
400
178
323
525
673
1014
1525
1994
1954
1352
63
-1500
-3135
-4518
-5515
-6023
-6277
-6123
-5146
-3368
-1328
532
2290
3654
4442
4701
4747
4449
3589
2437
1477
704
94
-343
-487
-880
-1418
-1952
-2168
-2564
-2990
-3358
-3946
-4570
-5083
-4983
-4699
-4035
-3202
-2186
-1375
-375
710
1813
2627
3308
3966
4582
4942
4909
4602
4077
3332
2555
1953
1458
1090
795
738
646
757
937
1248
1401
1552
1724
1909
1889
1401
367
-1080
-2418
-3664
-4533
-5199
-5375
-5461
-5010
-3992
-2457
-1049
288
1456
2382
2900
3309
3555
3339
2660
1873
1266
606
87
-319
-553
-1125
-1561
-1838
-1831
-2024
-2213
-2482
-3058
-3706
-4008
-3794
-3477
-2946
-2341
-1619
-949
45
1118
2079
2791
3472
4039
4293
4179
3798
3224
2520
1835
1322
1079
1047
1178
1306
1479
1601
1774
1912
2037
1976
1867
1785
1853
1700
1045
-19
-1212
-2393
-3553
-4392
-4907
-5281
-5555
-5173
-4173
-2941
-1817
-523
685
1553
2185
2865
3176
2824
2164
1622
1058
464
86
-104
-401
-806
-927
-870
-849
-1130
-1609
-2320
-3103
-3628
-3700
-3445
-3101
-2683
-2103
-1323
-401
625
1576
2369
2957
3374
3479
3299
2883
2420
1872
1440
1235
1328
1550
1880
2194
2357
2374
2424
2432
2226
1945
1729
1602
1563
1760
1648
939
-194
-1290
-2456
-3636
-4584
-5284
-5937
-6250
-5759
-4637
-3400
-2118
-674
663
1649
2418
3034
3096
2637
2007
1523
943
516
300
312
141
36
48
-84
-557
-1385
-2178
-2982
-3489
-3740
-3516
-3231
-2728
-2097
-1188
-361
444
1148
1803
2165
2301
2282
2071
1791
1562
1566
1590
1794
2097
2524
2788
2968
2941
2769
2491
2224
1954
1597
1360
1256
1410
1614
1763
1409
589
-586
-1825
-3116
-4308
-5351
-6201
-6746
-6588
-5773
-4526
-3122
-1577
-75
1218
2281
3056
3430
3274
2819
2228
1680
1212
1007
915
859
739
584
291
-276
-1113
-2053
-2789
-3333
-3601
-3595
-3244
-2730
-2034
-1222
-356
340
882
1280
1508
1499
1319
1142
1039
1088
1276
1678
2205
2704
3147
3470
3629
3406
3020
2557
2119
1527
1072
832
807
908
1187
1583
1553
912
-128
-1280
-2705
-4212
-5468
-6323
-7033
-7205
-6519
-5143
-3723
-2228
-602
903
1906
2676
3303
3525
3197
2791
2534
2239
1945
1836
1830
1413
813
160
-531
-1518
-2368
-2903
-3218
-3421
-3193
-2614
-2025
-1516
-905
-295
22
130
238
339
231
182
383
823
1303
2000
2704
3369
3676
3908
3845
3503
2989
2375
1829
1213
901
706
816
925
1290
1513
1723
1541
992
-84
-1404
-2855
-4240
-5434
-6239
-6645
-6616
-5984
-4890
-3455
-2120
-797
289
1228
1822
2332
2698
2925
2879
2864
2859
2862
2727
2526
2082
1279
313
-795
-1796
-2735
-3278
-3578
-3475
-3212
-2619
-1938
-1119
-512
-46
137
104
-120
-215
-217
-116
96
671
1480
2323
3179
3834
4269
4141
3836
3215
2605
1761
1143
616
439
427
723
1146
1481
1698
1681
1477
775
-169
-1355
-2532
-3793
-4745
-5342
-5659
-5740
-5451
-4702
-3716
-2593
-1463
-317
647
1490
2111
2665
2969
3107
3001
2872
2585
2159
1706
1169
533
-280
-900
-1454
-1838
-2219
-2330
-2372
-2286
-2145
-1873
-1556
-1243
-941
-685
-499
-370
-218
-2
333
735
1301
1887
2496
2912
3286
3505
3548
3264
2819
2340
1851
1422
1155
1079
1095
1195
1339
1497
1498
1363
1017
438
-485
-1562
-2656
-3580
-4425
-4973
-5426
-5672
-5657
-5099
-4183
-2981
-1672
-377
713
1668
2517
3113
3411
3465
3303
2904
2436
1980
1546
1026
485
-110
-637
-1115
-1512
-1859
-2103
-2320
-2459
-2449
-2282
-1966
-1609
-1178
-838
-506
-233
143
531
920
1285
1684
2123
2509
2901
3239
3366
3199
2862
2518
2111
1747
1432
1241
1026
950
1029
1139
1100
946
606
62
-661
-1391
-2137
-2877
-3510
-3909
-4171
-4307
-4246
-3958
-3490
-2981
-2274
-1531
-735
-109
576
1137
1632
2009
2415
2667
2698
2576
2359
2053
1621
1200
687
92
-601
-1225
-1789
-2231
-2561
-2710
-2660
-2413
-1999
-1508
-970
-438
38
425
786
1111
1402
1650
1875
2095
2311
2469
2575
2609
2552
2403
2194
2046
1856
1673
1422
1295
1149
1017
794
570
208
-329
-912
-1488
-2074
-2690
-3116
-3355
-3418
-3388
-3199
-2982
-2773
-2535
-2226
-1885
-1566
-1231
-885
-510
-57
539
1260
1987
2599
3042
3294
3310
3130
2695
2019
1107
123
-848
-1749
-2526
-3010
-3179
-3067
-2707
-2110
-1389
-701
-63
515
925
1113
1180
1264
1334
1424
1619
1819
2027
2176
2349
2425
2424
2267
2047
1768
1452
1179
933
763
558
376
178
-46
-377
-777
-1265
-1840
-2453
-2989
-3306
-3453
-3387
-3196
-2832
-2451
-2010
-1578
-1158
-834
-616
-440
-304
-102
166
579
1071
1632
2157
2642
2983
3101
2914
2433
1719
817
-173
-1129
-1980
-2636
-2998
-3005
-2735
-2228
-1595
-837
-160
459
894
1193
1281
1274
1263
1283
1358
1475
1702
1919
2097
2199
2289
2182
1918
1532
1178
756
383
91
-55
-196
-282
-292
-320
-447
-690
-999
-1438
-1948
-2401
-2631
-2737
-2727
-2575
-2233
-1820
-1440
-1067
-767
-572
-511
-431
-326
-171
53
440
945
1507
2036
2512
2766
2760
2471
1978
1274
473
-341
-1085
-1734
-2213
-2394
-2324
-2070
-1673
-1181
-699
-263
158
549
794
920
1013
1139
1242
1411
1622
1863
1964
1997
1968
1871
1656
1354
1031
659
270
-31
-236
-384
-438
-436
-423
-510
-620
-787
-981
-1294
-1595
-1872
-2031
-2128
-2098
-1935
-1678
-1397
-1123
-865
-664
-544
-470
-420
-379
-253
-1
414
921
1460
1969
2350
2549
2565
2328
1836
1156
464
-254
-961
-1598
-2019
-2251
-2265
-2034
-1607
-1101
-590
-59
441
840
1105
1273
1312
1285
1244
1261
1296
1361
1424
1487
1513
1504
1439
1268
1028
719
335
-109
-530
-804
-938
-964
-942
-858
-791
-751
-785
-882
-1078
-1358
-1610
-1814
-1881
-1859
-1678
-1416
-1134
-818
-528
-277
-129
-55
-30
11
171
425
752
1114
1519
1866
2101
2131
1980
1639
1134
527
-106
-709
-1238
-1645
-1882
-1951
-1815
-1525
-1129
-689
-211
265
682
1019
1238
1376
1412
1394
1330
1296
1279
1291
1293
1313
1317
1262
1151
941
669
327
-39
-382
-649
-799
-864
-856
-805
-770
-800
-891
-1061
-1278
-1511
-1701
-1841
-1881
-1808
-1599
-1311
-977
-648
-350
-95
111
268
378
447
500
600
755
985
1226
1468
1629
1702
1639
1463
1128
680
158
-412
-955
-1457
-1847
-2114
-2167
-2008
-1688
-1240
-657
-2
626
1145
1520
1728
1795
1728
1567
1362
1217
1141
1127
1142
1156
1126
1011
817
550
239
-83
-408
-680
-873
-944
-894
-793
-720
-732
-806
-942
-1097
-1284
-1426
-1532
-1551
-1472
-1279
-972
-656
-353
-131
75
226
336
362
362
364
434
582
794
1056
1283
1478
1557
1553
1404
1137
730
259
-289
-840
-1354
-1788
-2069
-2166
-2056
-1771
-1315
-729
-84
554
1113
1538
1780
1840
1752
1547
1291
1041
825
652
538
469
421
374
338
265
160
-27
-220
-463
-669
-826
-886
-911
-923
-939
-968
-995
-1003
-1004
-994
-981
-910
-800
-615
-398
-180
-10
130
256
345
379
386
390
401
445
554
730
954
1161
1310
1393
1399
1312
1084
745
313
-169
-693
-1190
-1604
-1900
-2048
-2011
-1778
-1341
-755
-102
548
1108
1537
1780
1840
1730
1490
1140
746
379
84
-115
-198
-184
-94
15
103
125
46
-127
-389
-698
-976
-1180
-1274
-1265
-1158
-994
-769
-518
-295
-139
-80
-74
-137
-207
-285
-314
-289
-197
-40
144
331
467
559
589
614
634
664
692
733
812
904
993
1007
939
765
502
155
-287
-765
-1222
-1571
-1770
-1764
-1535
-1084
-494
186
839
1398
1776
1960
1914
1678
1276
776
278
-152
-447
-609
-617
-515
-312
-74
113
176
103
-96
-374
-690
-959
-1161
-1233
-1179
-996
-714
-376
-40
199
303
269
151
-25
-215
-413
-559
-642
-607
-477
-291
-86
98
246
372
473
540
579
610
653
691
730
761
778
736
626
429
161
-167
-512
-834
-1085
-1228
-1225
-1049
-713
-245
279
790
1203
1483
1593
1534
1315
960
513
81
-237
-443
-491
-432
-260
-51
126
192
124
-55
-333
-645
-938
-1115
-1155
-1048
-812
-461
-52
345
632
739
678
471
168
-193
-546
-838
-1003
-1017
-904
-679
-398
-110
127
294
381
417
396
376
365
410
475
571
648
729
734
675
522
270
-49
-395
-704
-941
-1056
-1038
-864
-537
-107
364
777
1086
1254
1275
1158
936
641
311
17
-199
-305
-299
-207
-70
48
102
71
-55
-268
-529
-769
-934
-977
-895
-686
-381
-14
349
660
843
896
767
530
196
-146
-479
-758
-946
-1034
-1004
-890
-693
-448
-198
22
212
364
483
549
586
575
560
520
484
446
417
357
259
134
-36
-214
-396
-520
-590
-573
-485
-324
-136
69
269
433
513
518
488
430
324
158
8
-105
-156
-182
-189
-160
-137
-110
-144
-186
-240
-309
-368
-393
-344
-242
-87
113
325
499
625
697
688
571
415
211
23
-193
-397
-588
-709
-750
-745
-699
-598
-435
-253
-38
182
394
563
677
701
657
573
440
287
113
-46
-184
-285
-311
-296
-244
-154
-33
76
150
186
219
217
193
139
85
74
66
40
-1
-20
-55
-111
-196
-269
-339
-395
-456
-494
-486
-469
-420
-373
-291
-196
-82
42
192
359
529
664
756
792
767
690
545
357
126
-100
-318
-497
-626
-694
-725
-709
-647
-533
-375
-198
-2
200
387
533
615
628
587
467
307
116
-44
-179
-270
-296
-254
-127
20
177
297
402
462
468
421
325
222
107
27
-30
-55
-70
-94
-124
-186
-271
-402
-552
-688
-779
-797
-752
-638
-485
-302
-131
23
173
319
436
536
606
658
713
730
714
654
556
400
189
-35
-268
-481
-675
-813
-893
-906
-828
-688
-495
-288
-79
94
237
331
368
351
277
166
72
2
-25
-33
-10
60
170
284
356
415
444
459
435
403
367
327
281
229
178
137
91
16
-90
-232
-402
-574
-710
-818
-862
-856
-771
-622
-431
-221
-18
153
269
357
426
496
557
610
669
718
744
722
644
516
344
141
-88
-315
-530
-709
-840
-901
-903
-844
-730
-571
-375
-188
-20
111
199
248
265
240
186
128
90
89
105
136
189
254
335
394
413
396
371
330
291
260
240
218
199
179
133
79
-19
-155
-330
-508
-662
-784
-846
-843
-751
-610
-413
-208
-19
143
234
272
260
261
263
292
363
471
608
709
760
733
629
467
244
-14
-267
-505
-692
-827
-890
-880
-812
-680
-509
-307
-118
48
182
268
317
325
295
241
190
163
142
136
149
178
225
267
305
328
349
353
334
302
246
159
37
-69
-159
-226
-292
-345
-376
-384
-376
-382
-382
-389
-397
-403
-381
-328
-256
-178
-93
3
108
214
301
386
459
535
591
620
594
526
426
300
150
-13
-151
-282
-380
-471
-526
-544
-526
-488
-429
-342
-239
-126
-25
73
153
222
265
294
299
287
259
215
172
139
121
115
126
151
198
244
279
278
248
186
97
-9
-122
-222
-307
-363
-395
-395
-368
-319
-266
-227
-217
-221
-237
-265
-294
-313
-299
-249
-150
-29
120
274
423
555
652
712
706
642
517
346
159
-13
-147
-236
-283
-291
-266
-230
-204
-187
-195
-211
-227
-234
-230
-196
-136
-60
48
161
274
337
359
331
266
183
92
16
-28
-21
24
115
223
309
338
306
231
110
-26
-172
-295
-366
-401
-386
-341
-272
-218
-188
-189
-224
-296
-390
-461
-498
-479
-414
-294
-132
50
214
345
461
543
580
563
505
431
348
253
159
75
1
-57
-115
-153
-161
-153
-147
-142
-134
-128
-115
-96
-74
-39
9
71
150
228
298
334
336
298
225
147
77
37
8
7
31
82
142
180
186
135
44
-65
-177
-276
-361
-420
-445
-434
-390
-323
-243
-182
-156
-176
-224
-283
-346
-392
-397
-353
-260
-121
51
219
363
466
513
513
465
390
313
235
180
132
100
70
37
2
-44
-94
-155
-211
-248
-263
-255
-215
-139
-39
73
178
275
355
410
435
429
394
337
276
207
151
108
78
58
41
27
5
-22
-64
-127
-188
-239
-283
-315
-338
-335
-320
-294
-257
-227
-202
-200
-219
-239
-256
-264
-265
-243
-197
-132
-54
28
118
196
251
280
284
283
271
259
246
237
229
213
188
142
80
1
-83
-164
-242
-290
-318
-308
-262
-189
-91
7
105
189
262
319
350
359
350
331
293
253
211
179
152
131
115
99
85
58
21
-37
-112
-204
-290
-359
-409
-431
-427
-381
-315
-243
-182
-122
-80
-67
-75
-97
-117
-149
-176
-191
-172
-126
-75
-18
49
118
170
211
246
276
290
293
271
235
183
107
20
-63
-129
-177
-205
-211
-195
-164
-108
-39
39
114
184
234
275
297
295
286
264
241
210
198
190
174
147
108
75
52
13
-43
-97
-146
-186
-233
-274
-305
-306
-294
-260
-222
-184
-143
-104
-56
-26
-1
10
24
32
29
17
-1
-25
-64
-103
-135
-145
-150
-125
-82
-18
56
125
177
216
219
186
121
36
-54
-141
-202
-240
-233
-199
-135
-60
27
118
198
266
302
324
312
287
250
208
167
131
109
90
80
69
56
55
44
15
-33
-93
-153
-212
-269
-318
-346
-348
-318
-268
-201
-132
-68
-10
40
82
110
128
144
152
146
126
98
64
22
-20
-58
-77
-76
-60
-32
6
42
67
75
63
31
-9
-45
-80
-100
-114
-121
-116
-106
-87
-74
-57
-38
-15
19
61
118
179
250
313
355
373
361
327
264
174
70
-31
-115
-181
-219
-225
-211
-190
-167
-152
-136
-137
-153
-177
-197
-207
-211
-191
-151
-92
-18
57
131
190
227
233
212
177
125
67
12
-24
-36
-31
-23
-6
21
48
68
68
61
54
30
-9
-53
-88
-121
-152
-179
-191
-183
-161
-132
-102
-65
-30
9
53
116
185
245
290
322
344
351
341
303
241
162
76
-10
-86
-149
-200
-234
-242
-242
-240
-231
-219
-216
-222
-230
-224
-209
-192
-155
-108
-38
37
97
156
199
218
207
179
136
77
19
-28
-60
-67
-49
-2
59
118
157
177
172
133
75
5
-53
-113
-160
-185
-191
-177
-160
-131
-98
-60
-26
5
42
71
105
137
170
198
216
234
245
245
227
191
145
86
33
-14
-49
-79
-100
-118
-138
-162
-205
-245
-283
-311
-332
-334
-305
-249
-168
-75
19
113
191
235
250
242
221
185
147
101
66
44
25
21
27
45
67
92
114
130
134
118
79
28
-30
-90
-147
-189
-210
-219
-215
-205
-192
-170
-139
-106
-66
-21
27
69
111
148
189
225
245
253
242
222
184
132
78
24
-23
-68
-96
-112
-112
-123
-147
-173
-202
-223
-252
-267
-278
-250
-210
-161
-95
-27
47
110
164
194
210
205
192
161
133
112
96
93
94
97
101
117
120
105
84
59
37
-3
-51
-95
-131
-155
-179
-196
-193
-170
-146
-126
-94
-50
-4
33
69
97
118
133
131
128
127
136
142
146
154
149
133
97
49
-11
-80
-139
-192
-223
-223
-204
-182
-159
-130
-110
-94
-95
-107
-121
-116
-91
-54
-13
41
97
139
164
176
179
160
125
77
37
15
8
2
3
28
64
95
114
124
107
72
15
-51
-113
-160
-191
-204
-189
-154
-111
-70
-23
22
55
78
92
97
95
97
101
107
114
121
128
138
137
125
87
51
10
-44
-96
-135
-156
-160
-154
-134
-105
-75
-44
-27
-16
-16
-27
-42
-57
-75
-90
-94
-81
-58
-25
16
62
92
101
90
71
53
25
0
-21
-24
-11
11
41
74
112
137
144
129
92
30
-42
-115
-176
-215
-226
-207
-159
-88
-12
59
115
153
163
150
124
90
50
15
-2
-1
18
37
56
71
76
63
26
-16
-61
-98
-129
-144
-144
-118
-83
-40
-3
13
11
0
-18
-41
-63
-77
-64
-33
8
42
66
77
70
36
-6
-43
-65
-73
-57
-15
40
97
146
171
179
160
118
58
-2
-57
-106
-130
-132
-114
-91
-49
-12
20
41
39
32
21
1
-18
-37
-36
-26
-6
16
46
76
102
115
109
94
59
22
-28
-80
-123
-145
-145
-128
-88
-51
-6
31
60
74
68
52
22
-8
-43
-63
-75
-73
-61
-46
-19
16
54
78
90
88
78
67
49
33
22
16
16
14
11
6
5
-1
-7
-13
-24
-29
-38
-45
-43
-25
-3
20
38
56
71
70
59
29
7
-10
-18
-13
-2
15
36
50
54
47
29
-4
-42
-85
-123
-147
-159
-154
-144
-122
-99
-70
-40
-11
8
16
26
25
22
19
19
30
36
37
38
45
52
49
37
21
8
-1
-5
-1
1
13
21
15
7
-4
-22
-36
-43
-49
-43
-30
-6
17
37
57
65
66
61
45
33
22
19
19
20
29
40
51
54
60
68
71
64
53
30
9
-16
-44
-70
-88
-102
-117
-117
-107
-80
-53
-27
-3
8
17
12
9
0
-16
-31
-34
-27
-11
9
33
57
59
51
25
4
-27
-58
-91
-107
-100
-91
-74
-51
-22
4
26
36
49
54
46
48
56
66
78
95
100
95
79
59
36
16
-2
-8
-3
7
18
29
51
68
69
60
47
30
9
-26
-54
-73
-83
-87
-86
-79
-55
-30
-8
18
30
43
50
41
15
-15
-43
-70
-92
-98
-84
-56
-23
7
32
46
42
24
-6
-35
-70
-101
-123
-126
-109
-87
-59
-31
-2
22
48
75
85
97
99
94
84
70
46
18
1
-7
0
7
17
31
41
53
56
54
42
26
9
-14
-35
-60
-80
-91
-87
-74
-55
-35
-10
9
31
42
53
53
51
48
45
45
43
43
37
26
6
-20
-41
-61
-76
-77
-78
-59
-40
-21
-3
7
10
-2
-17
-34
-52
-68
-79
-75
-60
-33
-4
27
57
81
97
105
100
83
68
50
40
34
30
34
47
59
66
57
47
31
12
-7
-23
-29
-34
-39
-54
-63
-66
-65
-61
-58
-52
-41
-28
-14
2
17
30
48
62
79
89
92
91
80
63
40
20
-1
-23
-45
-60
-70
-77
-76
-78
-82
-79
-70
-53
-35
-24
-23
-29
-40
-44
-53
-51
-40
-34
-21
-6
23
46
63
72
72
69
58
36
14
-9
-23
-23
-20
-13
-4
12
22
12
-9
-30
-49
-64
-73
-69
-50
-26
-5
23
55
79
88
92
96
95
84
67
48
43
51
54
49
41
38
27
12
-10
-25
-41
-47
-53
-50
-48
-57
-55
-54
-52
-61
-73
-87
-88
-81
-66
-55
-38
-13
19
45
59
63
62
57
47
41
27
20
15
10
8
10
11
14
12
13
9
-6
-26
-47
-65
-82
-88
-92
-84
-75
-54
-24
3
33
59
80
93
99
91
74
62
43
31
27
27
30
31
43
57
65
69
62
57
44
18
-15
-39
-62
-84
-99
-106
-105
-101
-93
-88
-67
-40
-15
3
22
46
59
61
52
38
18
10
3
-4
-3
0
14
31
43
52
61
57
43
23
-2
-23
-41
-61
-72
-65
-50
-36
-29
-20
-12
-15
-27
-38
-43
-37
-32
-18
4
36
60
76
80
73
69
54
34
11
-10
-29
-33
-36
-30
-18
-7
4
7
8
6
-8
-28
-42
-50
-53
-47
-41
-25
-9
11
35
56
70
71
68
62
53
43
26
8
1
1
4
-4
-3
2
9
8
-1
-12
-25
-43
-62
-62
-61
-53
-53
-49
-47
-48
-47
-50
-54
-63
-71
-69
-58
-33
-13
9
33
51
68
75
85
86
78
66
55
45
33
14
-7
-27
-36
-49
-60
-65
-64
-60
-54
-41
-19
2
15
36
49
59
64
67
68
63
59
55
57
54
51
40
28
18
7
0
-7
-9
-9
-5
-1
0
7
1
0
-8
-16
-24
-42
-46
-49
-46
-45
-38
-28
-17
-3
-5
-2
6
13
13
10
7
2
-9
-18
-19
-11
-10
-15
-9
-7
-12
-14
-13
-9
-8
-5
-3
3
10
3
-6
-11
-11
-10
0
20
40
62
77
86
87
79
57
21
-7
-31
-37
-37
-30
-18
-11
2
3
8
9
8
7
-2
-1
-5
-1
-2
-4
-7
-12
-19
-21
-17
-13
-9
-10
-5
-5
-2
0
2
-1
-12
-29
-39
-46
-50
-50
-48
-38
-22
-5
3
-1
-6
-14
-25
-34
-38
-29
-16
2
14
21
37
54
59
56
51
56
56
45
30
11
5
6
8
13
20
19
15
-2
-17
-26
-36
-42
-50
-47
-38
-27
-20
-16
-6
-2
4
10
11
15
10
8
13
27
46
60
70
71
70
62
52
30
5
-14
-28
-37
-44
-47
-48
-47
-41
-32
-19
-7
-1
3
-1
-11
-21
-30
-32
-33
-32
-26
-23
-18
-11
2
14
23
34
46
53
51
40
31
18
4
-7
-15
-28
-36
-38
-27
-14
-9
-6
-3
6
6
-1
-8
-11
-18
-26
-28
-25
-20
-11
-4
5
16
24
39
44
46
45
33
16
0
-12
-20
-17
-15
-13
-6
1
4
-2
-12
-23
-29
-31
-38
-39
-23
-8
2
12
33
54
66
57
45
34
17
0
-18
-28
-37
-34
-28
-11
10
26
38
45
50
48
49
44
25
-2
-22
-33
-38
-36
-38
-33
-22
-11
-4
2
6
-1
-7
-12
-10
-6
-11
-8
-6
-2
0
4
7
9
10
8
12
12
9
8
7
6
1
3
9
10
4
-1
-5
-11
-13
-17
-11
-5
4
18
25
27
28
18
5
-5
-8
-17
-19
-17
-11
-1
14
22
28
32
26
17
3
-6
-17
-22
-21
-20
-12
-13
-15
-18
-17
-22
-36
-43
-48
-43
-40
-29
-12
3
13
17
24
24
16
2
-5
-6
-6
-5
0
10
17
15
14
16
13
10
7
1
-8
-16
-25
-31
-35
-34
-31
-23
-12
-1
14
21
25
25
25
22
12
-1
-7
-6
-11
-14
-8
4
9
13
19
33
46
48
42
33
24
14
0
-11
-22
-29
-26
-25
-27
-29
-28
-30
-31
-29
-25
-15
-9
-6
4
16
22
21
24
32
38
37
37
42
38
28
11
1
-7
-12
-19
-24
-21
-11
1
4
3
-2
3
9
5
0
5
14
14
11
9
11
13
9
9
12
16
17
13
6
5
5
5
11
18
22
18
10
-1
-7
-14
-17
-24