1
1
2
9
14
15
16
17
21
15
13
5
-1
-3
-2
-1
-5
-8
-4
2
6
3
-1
0
1
-5
-10
-12
-11
-11
-14
-10
-9
-5
-7
-8
-7
-5
1
1
-4
2
8
7
0
0
7
8
8
10
14
14
11
5
0
0
-1
-2
8
10
5
1
2
7
5
9
12
10
11
14
12
8
5
4
0
-7
-13
-11
-6
-9
-13
-8
-1
2
-2
-7
-7
-10
-13
-15
-18
-16
-11
-7
-5
-2
-4
-3
0
-4
-10
-11
-14
-10
-6
-3
-3
-5
4
3
-6
-6
-8
-15
-10
-1
3
5
4
6
9
11
3
-4
-1
-3
-3
3
-1
0
6
6
3
0
-4
-13
-11
-6
-9
-7
-4
2
6
6
0
0
6
2
-6
-10
-11
-9
-10
-13
-7
2
7
7
6
7
7
4
3
-1
-3
-3
-2
1
8
8
7
7
5
6
7
7
4
5
4
7
6
5
2
7
11
13
13
10
7
4
2
-2
-6
-6
-4
-6
-4
-3
-7
-8
-4
-5
-6
-5
-7
-5
2
-3
-11
-16
-15
-9
-8
-10
-8
-1
3
-2
-6
1
5
0
-1
1
4
8
6
-1
-2
-5
-6
-3
-7
-7
0
3
2
5
8
7
4
-2
-6
-10
-6
3
1
-5
-4
7
12
6
-3
-6
1
6
3
3
3
1
4
8
6
-1
0
2
5
7
10
12
16
13
6
3
0
-4
-11
-14
-10
-3
0
-2
-3
-2
-1
4
3
-6
-6
-1
3
5
3
0
2
8
8
1
-1
1
7
9
1
2
4
5
-1
-2
-1
1
6
6
6
4
2
-3
-4
-6
-1
-2
0
3
5
7
6
7
5
3
2
3
-2
-5
-4
-4
-3
-3
-2
2
1
0
0
-2
-4
-4
-7
-8
-4
-3
-6
-10
-12
-10
-1
1
-2
-2
-1
3
4
2
1
4
6
9
7
1
-5
-5
-5
-7
-7
-5
-1
-3
0
2
-1
0
7
8
6
5
6
4
-2
-2
0
-1
-1
-4
-5
-3
5
8
-1
-5
-2
3
6
1
-2
-5
-4
-1
-2
-5
-2
-2
-8
-4
-1
-2
-3
-5
-8
-4
-5
-3
-2
0
3
4
2
0
1
-2
-9
-8
-1
-8
-12
-9
-6
-5
-7
-4
0
1
-1
1
0
-2
-5
-4
-4
-6
-9
-9
-6
0
1
-1
1
2
-2
0
6
3
2
8
9
4
9
8
4
-1
-4
-4
-3
-3
-4
-1
0
1
1
-2
-3
-7
-12
-13
-13
-14
-8
-4
-4
-2
3
10
6
-4
-8
1
5
3
0
7
18
23
18
6
2
5
6
-5
-3
0
3
10
15
15
20
24
22
14
11
1
-8
-10
-6
1
4
-3
-8
4
11
5
-3
-10
-6
-1
-4
-16
-22
-20
-13
-19
-23
-17
-16
-17
-19
-13
-10
-9
-10
1
11
16
14
5
9
18
25
33
36
38
41
35
28
19
11
0
-7
-9
-2
4
9
14
30
38
34
34
42
44
35
13
-9
-7
-7
-12
-16
-19
-7
12
8
-15
-27
-23
-19
-27
-46
-48
-34
-17
-9
-10
-6
11
12
-14
-30
-22
-11
-5
-15
-22
-4
14
20
8
-11
-15
-15
-16
-18
-15
-16
-11
-5
8
22
21
20
32
29
10
-2
-19
-30
-23
-12
-11
-4
7
15
12
7
2
-2
-3
-13
-18
-11
-4
-17
-26
-21
-15
10
9
0
7
18
26
33
18
13
21
29
30
10
-5
-11
-22
-40
-49
-41
-38
-34
-15
1
30
51
53
53
50
37
26
20
7
-3
-11
-21
-37
-47
-60
-65
-62
-59
-46
-31
-18
0
11
18
15
4
2
20
42
42
39
25
33
47
26
-27
-63
-76
-72
-57
-66
-76
-54
-8
40
61
42
15
10
31
32
-4
-40
-47
-30
-18
-10
-22
-31
-4
54
88
86
83
91
68
40
18
-35
-92
-99
-59
-40
-21
-14
-16
-10
-5
-36
-78
-93
-99
-103
-101
-112
-120
-128
-144
-154
-152
-131
-101
-80
-48
6
27
30
64
97
108
79
48
42
42
37
32
-5
-24
21
69
112
138
177
193
199
236
243
230
195
123
54
44
38
24
41
85
133
187
214
241
265
275
263
216
178
127
48
0
-28
-41
-32
-7
8
10
27
5
-42
-108
-148
-138
-162
-197
-263
-270
-215
-141
-120
-159
-154
-113
-50
41
146
255
307
259
185
50
-173
-387
-500
-432
-295
-186
-58
76
137
78
18
-1
-73
-180
-194
-136
-101
-93
-90
-72
-7
36
-24
-28
63
158
176
87
50
71
59
49
60
189
258
202
82
66
86
-12
-135
-229
-192
-132
-34
136
299
377
448
477
346
146
-52
-146
-215
-215
-348
-595
-512
-185
-68
-129
-82
-6
234
510
447
122
-16
131
299
282
44
-201
-93
136
-60
-500
-808
-844
-806
-742
-703
-630
-553
-367
-264
-458
-889
-1404
-1795
-1979
-2178
-2432
-2141
-1259
-100
1255
2703
3782
4301
4480
4472
4411
4113
3138
1634
467
-86
-250
-714
-1625
-2155
-1770
-763
53
-406
-2446
-4290
-4503
-3776
-3158
-2405
-1222
673
3635
6125
6274
4732
3135
1938
713
-1267
-3566
-4853
-4581
-3918
-3531
-3411
-3636
-3911
-3990
-4197
-4494
-4413
-3465
-1155
2208
5707
8733
10796
12203
12916
12739
11581
10227
8255
5554
3668
3533
2528
-3849
-14826
-22307
-22758
-21594
-21500
-20006
-15084
-5703
6931
15767
17688
16824
17140
18015
17904
14387
8331
4388
4358
4737
2026
-3588
-9869
-14935
-18031
-19396
-20349
-21051
-19407
-12723
-2832
5454
9638
12414
15013
17309
17629
14546
7951
-1378
-9900
-11682
-9306
-10486
-13633
-13647
-9707
-3898
-732
-3679
-5852
-1527
6265
13463
17773
17624
18985
23941
26567
24731
20281
13834
5815
-6178
-19072
-25993
-28600
-31754
-31848
-25824
-17265
-7488
2332
8122
11070
14944
18369
19952
20344
18816
16364
15345
14622
10920
4523
-1789
-7722
-14183
-19452
-22948
-25455
-26335
-23392
-16529
-8571
-2050
3634
9449
14832
18429
19948
19533
18601
17488
15355
11451
6313
-223
-6911
-11689
-18985
-29237
-32149
-25595
-18852
-12963
-6034
1266
11174
20397
20719
16410
13475
11049
10378
10630
5987
1801
3948
6702
7052
5380
1058
-1394
-272
-1900
-5595
-10667
-19369
-24729
-19063
-11727
-10115
-8532
-2398
6434
16301
21011
17316
12480
12084
12408
10632
6349
-785
-5272
-2944
341
-1948
-7393
-11782
-12341
-10423
-10335
-12630
-13014
-10522
-4234
4728
10165
9905
10856
14409
16514
15095
10872
4951
1625
940
-904
-5414
-10354
-14690
-20117
-24476
-23035
-18833
-15631
-9747
-1464
6461
13957
18560
17754
15831
13612
10828
9101
6819
2331
1861
4256
4642
4034
3413
1727
2247
2860
160
-1931
-5353
-15740
-23281
-19362
-14158
-13898
-11373
-4719
3242
12717
18783
17126
13295
12440
12662
11947
8442
2403
-850
576
2612
1189
-3852
-9350
-11136
-11514
-13302
-14947
-15069
-14454
-9140
704
7206
8074
10185
14173
15925
15069
12672
7871
3321
1746
50
-3699
-10070
-19586
-25033
-21119
-16532
-16250
-14552
-8955
87
10515
14525
11951
11109
12759
13523
13652
9630
3032
2892
7494
8051
5457
3134
2201
4115
5982
3725
-135
-1130
-4750
-14749
-21591
-19610
-17716
-17735
-13532
-5600
1983
10401
16930
17998
15734
14586
14655
13444
8550
3860
2595
2138
1739
760
-3767
-8468
-9747
-12778
-17312
-17407
-15807
-16538
-12393
-1842
5518
7406
11059
15552
16486
14799
12701
8813
4437
1949
-2192
-10191
-17027
-19282
-18289
-16000
-15636
-15088
-9659
-1221
4450
6645
6633
7433
11340
14466
12215
8821
7403
7633
9278
9161
5256
3188
4032
4799
4607
3593
-238
-1740
502
-4837
-18600
-24365
-20228
-17576
-15491
-10424
-5311
2133
14160
21630
19782
15400
13746
13751
13081
8706
3195
-479
-1080
799
1270
-3931
-9706
-12846
-15305
-16642
-15001
-15968
-18031
-11082
2749
9984
10696
12407
14574
14657
13611
10286
3327
-4756
-9455
-9352
-8312
-11216
-15311
-14358
-8674
-3768
-2105
-3059
-2710
1685
6967
8911
8322
7662
8310
10492
12493
10970
6752
5587
7701
8206
5701
4145
4272
4911
5254
-1485
-16451
-26219
-24726
-22268
-22235
-20585
-14899
-3660
11301
20302
19731
15777
15050
17213
18078
13283
7132
4124
4639
6651
5606
-2524
-11324
-15103
-16723
-18828
-19787
-21111
-21374
-13910
-908
6755
8496
11301
15591
18067
17663
13621
7751
871
-6026
-8870
-8522
-11558
-15095
-13482
-9057
-5354
-3115
-3516
-2824
1127
5052
7196
8523
8042
8671
11267
12784
11494
9179
8038
9609
10132
7588
5139
4181
2964
-3408
-16928
-27643
-27811
-25254
-24817
-21493
-14070
-3909
9360
19711
21430
17995
15664
16038
16654
13097
7711
5484
6357
7731
6550
209
-8479
-15461
-20303
-23518
-24422
-24331
-22885
-15722
-2573
8246
12194
13683
16115
17672
16868
13370
7539
2511
239
-1060
-3225
-7531
-12061
-12047
-9002
-8829
-10373
-9642
-6815
-2813
791
2682
4858
9261
14305
17540
17815
15909
13950
12939
11770
9473
6688
5232
5994
1774
-12102
-25395
-28905
-29430
-32097
-31349
-24395
-13294
1236
15471
22869
22883
21360
21638
21139
15765
8209
4786
5904
8116
8629
5330
-1070
-8353
-15343
-21546
-26487
-30573
-31896
-26714
-16256
-5488
3691
11973
19227
23929
24572
22645
19478
14773
8877
3272
-1715
-6376
-10480
-13579
-15496
-16129
-15206
-12985
-9727
-5355
-720
3005
6779
11182
14462
15300
15408
15966
16268
15868
14617
13186
10971
9059
3715
-10071
-23525
-26450
-26562
-30821
-32561
-28123
-18837
-6087
5566
11470
14931
19004
22521
24242
21773
15209
10302
8756
8658
6629
1379
-4350
-7667
-11408
-16117
-19833
-22843
-26791
-26954
-19556
-10208
-3912
2461
10448
17945
22937
24011
21092
16998
12709
7693
2900
-2247
-8232
-11291
-10803
-11214
-12931
-13740
-12194
-8340
-4572
-2518
983
6909
12748
16001
17206
17374
17036
15994
14763
12961
10531
8786
6421
-1684
-14254
-23393
-26949
-29311
-31768
-30933
-23961
-12410
-245
9653
15449
17826
19900
22260
21584
16977
11757
8883
8397
7971
4977
-189
-5785
-11077
-15471
-19011
-23147
-27657
-28341
-21500
-10881
-2588
3287
9407
16062
21378
22217
18100
12582
8333
5304
2654
-1672
-7171
-9568
-8157
-7111
-7813
-8842
-8453
-5570
-1713
394
1605
4218
8322
11498
12603
12726
12696
12278
11771
11605
11159
10508
8925
2558
-8782
-18706
-23606
-26354
-29321
-29753
-24217
-13096
-248
9836
15079
17474
19314
20073
18030
13369
8171
4992
5061
6589
5773
1924
-2597
-6808
-11737
-17095
-22240
-26874
-28232
-23219
-14170
-5288
2047
8646
15545
21151
21715
17917
13308
8747
4335
605
-3478
-7675
-9437
-8567
-7386
-7221
-7773
-7051
-4156
-995
1117
3362
6750
10339
12736
13547
13478
12574
11271
9638
8085
6856
6417
6452
4103
-3547
-13494
-19618
-21785
-23784
-25811
-24310
-17631
-6513
4763
12059
15473
17688
19244
19163
15952
10190
4717
2145
2080
2254
940
-1787
-5587
-9324
-12562
-16169
-20388
-22984
-21329
-15068
-7194
-1230
3662
10136
16050
18191
17340
14477
10541
7234
4087
-145
-4910
-9158
-10565
-9251
-9207
-11068
-10603
-7009
-3009
497
3884
7420
11029
14028
15694
15887
14697
12946
11493
9991
8118
6274
5799
4331
-2447
-12915
-20474
-23744
-25540
-26853
-25979
-20194
-9423
2455
11653
17317
19669
19823
19179
16788
11619
5627
1799
1127
1952
1660
-489
-3748
-7983
-12340
-16067
-20108
-24021
-24195
-18591
-9893
-1507
5576
12489
18893
22341
21387
17477
12188
6293
896
-3528
-7595
-11017
-12336
-11073
-9161
-8341
-7996
-6695
-4238
-1509
594
3177
7106
11355
14368
16181
16450
15767
14269
11534
7909
5320
3772
3353
3186
-366
-8365
-16375
-20959
-23381
-25179
-25460
-21292
-12464
-1487
8705
16077
18966
18833
18091
16672
12628
6763
1760
-131
325
887
-609
-4129
-7637
-10202
-12872
-15639
-18635
-21072
-19445
-12565
-4046
3100
8398
13032
17770
20575
18895
13719
7773
2910
-170
-3248
-7735
-10879
-10830
-9365
-8252
-8111
-8148
-6561
-3208
414
3494
6292
9592
13241
15723
16115
14662
12324
10134
8214
6501
4969
4321
3800
584
-5989
-13073
-18283
-21599
-23276
-23185
-20370
-13752
-3937
5600
12367
15710
16538
16429
15327
11982
7091
2919
1182
1505
1832
455
-2339
-5811
-9159
-11878
-14520
-17728
-19096
-16174
-10284
-4685
-489
3667
8345
11987
13314
12454
10148
7627
5517
3123
-64
-3291
-5158
-5260
-4990
-5710
-6626
-6276
-4687
-2656
-818
1473
4787
8066
10203
11421
11691
10722
8937
7156
5864
5259
5096
6113
6809
3640
-3141
-9469
-14190
-18133
-21081
-22222
-19905
-13372
-4169
4729
10970
13863
14860
15274
13921
9654
4256
366
-415
1042
1861
1026
-457
-2227
-4589
-7638
-11566
-15675
-17716
-15796
-11225
-6648
-2585
2362
7848
11488
11864
10157
8015
5805
3233
728
-1468
-3386
-4208
-3569
-3142
-3854
-4707
-4311
-2537
-586
913
2857
5696
8253
9106
8698
7786
6278
4405
3386
3121
3302
4255
6533
8412
6438
-59
-7040
-11644
-15129
-18528
-20442
-18809
-12912
-4110
4009
9176
11683
12728
13198
12668
9179
3880
306
227
1494
1785
874
-274
-1365
-2666
-4992
-8652
-12608
-14770
-14221
-11678
-7970
-3476
1456
6271
9540
10893
10581
8298
4949
1998
-648
-3047
-4566
-5175
-4916
-3784
-2708
-2395
-2124
-1622
-850
496
2192
4156
6402
8232
9145
9076
8152
6489
4518
2611
1483
1557
3113
5362
5816
2475
-2913
-7747
-11828
-15364
-18018
-18904
-16277
-9360
-531
6570
10402
12139
13483
13843
11236
6194
1540
-714
-354
849
871
92
-556
-1624
-3657
-6607
-10485
-13983
-14223
-10796
-6317
-2476
918
4814
8843
10595
9063
5952
2619
118
-912
-1855
-3647
-4264
-2714
-866
-512
-1965
-4071
-4470
-3269
-2090
-575
2014
5339
8543
10678
10703
9244
7023
5048
3829
3254
3306
4061
5856
6724
3523
-3129
-8994
-13108
-16466
-18998
-19679
-17266
-10914
-2422
5184
10100
12217
13204
14132
12616
7972
3236
818
617
1493
1945
1664
677
-1336
-4214
-7542
-11802
-16395
-18445
-15724
-10150
-4465
1146
7210
12457
15373
15127
11833
7168
2757
-1014
-3794
-5724
-6972
-6574
-4649
-3134
-3074
-3827
-4274
-3746
-2731
-1589
440
3719
7303
9795
11101
11065
9710
8045
6848
5466
4292
4217
4994
6166
5286
-101
-7552
-12884
-16296
-19097
-20897
-20270
-15518
-6754
2091
8279
11893
13555
14202
13933
11137
6619
3099
1900
2281
2977
2695
1310
-827
-3708
-7432
-11702
-15815
-18575
-18682
-15395
-9484
-2620
3964
9598
13571
15536
14944
11836
7567
3322
-154
-2086
-3189
-4349
-4976
-4927
-5103
-5893
-7160
-7991
-7118
-4609
-1437
1941
5673
9145
11154
11146
10151
8658
6992
5815
5553
6070
7110
8426
8724
5528
-1660
-9526
-15308
-19390
-22448
-23409
-20693
-13492
-3731
4761
10545
14052
15436
15194
13392
9754
5402
2267
1465
2556
3488
2839
1324
-901
-4433
-8933
-13389
-17123
-19100
-18004
-13760
-7566
-1043
5114
10299
13568
14355
12940
9989
6531
3282
767
-1006
-2346
-3253
-3819
-4728
-6004
-7329
-8301
-8176
-6752
-4464
-1436
2233
6064
9154
10657
10373
9335
8352
7628
6930
6203
6207
7217
8647
8305
3819
-3821
-10716
-15496
-19017
-21644
-22514
-19458
-11568
-1721
6283
11358
13946
15112
15285
13259
8829
4104
1228
1120
2551
3033
1880
-108
-2706
-5966
-9944
-14459
-17913
-18464
-15688
-10501
-4336
1637
7161
11557
13787
13540
11290
8026
5074
2689
484
-1520
-2911
-3866
-4583
-5474
-6626
-7503
-7567
-6540
-4623
-2274
212
3096
6215
8431
8828
8397
8167
8013
7868
7293
6756
6996
7771
8007
6010
93
-7791
-13643
-16811
-19169
-20966
-20285
-15409
-6622
2518
8742
12025
13695
14770
14676
11710
6649
2318
777
1463
2161
1462
-5
-1614
-3634
-6701
-10804
-14893
-17102
-16003
-11691
-5841
-357
4580
9512
12726
12764
10695
7745
4808
2557
667
-1100
-2300
-3081
-3471
-3794
-4835
-6438
-7156
-6555
-5207
-3474
-1441
1004
4244
7288
8910
8948
8112
7329
7119
7009
6071
5066
5231
6501
7071
4179
-2791
-10071
-14265
-16423
-18557
-20103
-18698
-12741
-3596
4797
9937
12515
14256
15550
15001
11420
6232
2309
1174
1494
1150
-358
-1968
-3514
-5685
-8623
-11989
-15316
-16795
-14559
-9374
-3832
522
4518
9202
13221
14204
12028
8781
6361
4716
2615
-492
-3445
-5067
-5330
-5199
-6038
-7773
-8324
-6657
-4088
-2395
-1190
1002
4408
7541
8866
8438
7614
7529
7827
7849
6683
5147
4878
6068
6695
3767
-3378
-10772
-14605
-16074
-17862
-19730
-18825
-13236
-4017
4546
9520
11567
13002
14788
15355
12256
6806
2748
1920
2571
2094
-150
-2553
-4266
-6098
-8711
-11856
-14926
-16152
-13820
-9196
-4943
-1313
3176
8507
12482
13407
12059
10438
8817
6173
2678
-819
-3859
-5708
-6210
-6333
-6539
-6440
-5601
-3973
-2460
-1938
-1464
160
2409
4446
6135
7215
7761
8325
8649
8298
7144
5672
4807
4798
4828
3171
-1465
-7592
-12032
-14118
-15742
-17717
-17922
-14214
-6878
1102
6803
9921
12012
13983
14755
12536
8047
3991
2127
2000
1893
509
-1499
-3020
-4369
-6499
-9623
-12889
-14747
-13841
-10642
-6597
-2361
1922
6532
10364
11282
10077
8715
6827
4157
1360
-1212
-2562
-2956
-3574
-3895
-3515
-3594
-3633
-3132
-3201
-3363
-2694
-1390
664
3073
5002
7141
8745
8736
8293
7969
6766
4979
3842
4026
5066
4101
-499
-5873
-9244
-11719
-14729
-17756
-18460
-14932
-7960
-527
5172
8800
11665
14318
15025
12089
7186
3463
2027
1630
951
-70
-845
-1326
-2231
-4395
-7772
-11422
-13829
-13676
-11349
-8637
-5640
-1169
4486
9506
12044
11766
10302
8628
6044
2504
-1145
-4246
-5787
-5463
-4580
-4030
-3652
-3106
-2080
-1207
-1246
-1520
-805
929
3241
5449
6962
7839
8378
8480
7695
6101
4233
3234
3108
3540
3419
909
-4044
-8575
-11347
-13630
-16253
-17922
-16220
-10339
-2575
3846
8140
11095
13505
14928
13669
9527
4834
1694
653
517
-340
-1639
-2232
-2495
-3818
-6379
-9535
-12394
-13496
-12100
-9045
-5543
-1721
2894
7834
11436
12393
10907
8255
5516
2773
-80
-2959
-5045
-5262
-4025
-3005
-2997
-3576
-3932
-3382
-2571
-2382
-1790
459
3887
7160
9111
9596
9420
9032
8079
6276
4111
2536
2183
3128
3616
771
-4703
-9082
-11257
-13312
-16217
-18256
-16599
-10631
-2974
3485
8012
10974
13566
15557
14578
10199
5160
1877
791
605
-343
-1823
-2602
-2929
-4028
-6411
-9828
-12994
-14092
-12393
-8928
-4942
-577
4676
10074
13640
13862
11050
6840
2814
-649
-3617
-5967
-7035
-5964
-3095
-632
-16
-785
-1733
-2041
-2108
-2805
-3190
-1622
1807
5756
8691
9824
10038
10224
9639
7712
4978
2563
1542
2251
2479
-464
-5682
-9484
-10998
-12515
-15125
-16852
-15178
-9616
-2492
3332
7091
9756
12339
14278
13427
9399
4927
2369
1729
1473
416
-1038
-1922
-2620
-4109
-6631
-10099
-13423
-14437
-12356
-8786
-4966
-510
5065
10568
13859
13879
11550
7805
3159
-1118
-4237
-6527
-7531
-6594
-4334
-1855
-412
-540
-1197
-1594
-2089
-2410
-2246
-1205
1334
4894
7814
9360
9663
9370
8897
7695
5380
3031
1899
2225
2824
962
-3896
-8567
-10893
-12357
-14481
-16578
-16177
-11513
-4123
2394
6613
9491
12175
14300
14047
10478
5856
2752
1561
1240
650
-428
-1259
-1827
-3056
-5485
-8885
-12320
-14159
-13197
-10018
-5920
-1738
2701
7718
11886
13085
11371
8153
4758
2058
-279
-2940
-5071
-5377
-4139
-2761
-2632
-3783
-4674
-4424
-3677
-3097
-2573
-898
2403
6113
8643
9627
9599
9233
8432
6784
4655
2869
2145
2517
3482
3039
-616
-6167
-10110
-12103
-14477
-17338
-18089
-14752
-7577
416
6172
9758
12523
14610
15115
12522
7325
2747
918
894
838
-59
-1114
-1560
-2298
-4581
-8007
-11622
-14182
-14124
-11284
-7309
-3205
1408
6656
11182
13093
12057
9519
6724
3876
935
-1849
-4083
-5138
-4744
-3838
-3682
-4415
-5056
-4753
-3778
-3034
-2482
-1000
1876
5225
7887
9226
9273
8950
8636
7881
6221
4163
2919
3273
4266
2806
-2326
-7996
-11167
-12914
-15256
-17905
-18139
-13852
-5995
1684
6879
10001
12528
14722
14897
11461
6192
2235
850
1093
1111
103
-899
-1392
-2442
-4822
-8357
-12152
-14397
-13547
-10347
-6539
-2674
2017
7370
11562
13037
11969
9537
6712
3759
769
-2197
-4684
-5727
-5027
-4015
-3898
-4461
-4722
-4008
-2952
-2602
-2353
-832
1975
5072
7377
8355
8481
8648
8649
7815
6031
4273
3754
4405
4193
977
-4479
-9072
-11392
-13423
-16338
-18285
-16569
-10867
-3481
2865
7202
10277
12917
14492
13283
9028
4248
1531
1044
1302
1009
251
-246
-803
-2428
-5373
-9329
-13033
-14536
-12916
-9220
-5186
-1112
3884
9223
12654
12990
11085
8352
5479
2492
-526
-3232
-5070
-5415
-4407
-3568
-3898
-4597
-4555
-3713
-2962
-2741
-2060
17
2937
5758
7794
8573
8470
8249
7976
7091
5490
3924
3420
4044
3477
-411
-5946
-9733
-11624
-13669
-16238
-17137
-14314
-8143
-1283
4170
7834
10416
12618
13564
11521
7156
3219
1478
1413
1465
770
47
-418
-1528
-3721
-6696
-10217
-13160
-13495
-10988
-7185
-3203
1175
5924
9995
11931
11387
9329
6652
3454
487
-1763
-3675
-4865
-4614
-3790
-3364
-3545
-4188
-4441
-3876
-3314
-2641
-991
1400
4176
6985
8664
8948
8482
7656
6792
5771
4466
3531
3669
4010
2367
-2161
-7213
-10241
-12088
-14567
-16807
-16228
-11804
-5210
789
5241
8631
11269
13008
12768
9735
5680
2880
1877
1779
1379
396
-240
-697
-2285
-5154
-8407
-11482
-13231
-12441
-9540
-5766
-1752
2798
7610
11098
11913
10633
8456
5748
2653
-339
-2771
-4305
-4804
-4449
-3792
-3571
-4013
-4351
-4076
-3490
-2990
-2072
-78
2594
5186
7318
8593
8616
7949
7334
6521
5277
4113
3504
3710
3541
722
-4174
-8253
-10676
-12826
-15195
-16453
-14533
-9209
-2881
2389
6431
9434
11709
12857
11451
7833
4273
2202
1600
1555
956
120
-195
-875
-3036
-6086
-9249
-11849
-12722
-11271
-8123
-4150
119
4668
8978
11451
11339
9745
7477
4528
1436
-1279
-3395
-4503
-4647
-4294
-3785
-3717
-4146
-4197
-3614
-3090
-2583
-1331
874
3447
5712
7297
8064
8023
7489
6887
6015
4859
4048
3923
3965
2624
-1246
-6023
-9269
-11345
-13628
-15726
-15725
-12354
-6380
-458
3987
7321
9951
11764
11913
9412
5600
2817
1715
1665
1685
1146
602
249
-965
-3509
-6813
-10138
-12226
-11972
-9790
-6534
-2504
2069
6871
10437
11163
9979
8250
5798
2744
-316
-3061
-4419
-4384
-4108
-3763
-3433
-3587
-3420
-2901
-2814
-2691
-1962
-451
1903
4053
5486
6877
7717
7585
7262
6603
5391
4466
3911
3608
3137
618
-3875
-7469
-9442
-11263
-13384
-14777
-13599
-9106
-3434
1136
4480
7117
9476
11127
10418
7273
4044
2356
2095
2235
1781
1008
700
275
-1348
-4190
-7698
-10791
-11945
-10831
-8333
-5125
-1340
3105
7396
9902
10106
8814
6732
4229
1653
-868
-2962
-4003
-3994
-3492
-3083
-3169
-3466
-3425
-3035
-2548
-2018
-1098
709
3009
4969
6335
6974
7004
6863
6645
5990
5057
4295
4086
3998
2291
-1957
-6400
-8942
-10427
-12247
-13962
-13870
-10648
-5264
-323
3099
5575
7759
9647
10145
8138
4958
2752
2185
2464
2311
1474
867
485
-655
-2894
-5959
-9256
-11296
-10949
-8911
-6190
-3002
1073
5504
8403
9106
8598
7195
4992
2490
-35
-2028
-3068
-3270
-2909
-2424
-2437
-2562
-2495
-2573
-2600
-2467
-2092
-758
1335
3293
5028
6078
6473
6838
6972
6363
5521
4794
4399
4169
2346
-1631
-5497
-7726
-9227
-10941
-12751
-12884
-10056
-5448
-1320
1782
4203
6563
8801
9580
8042
5413
3331
2478
2367
1819
715
-7
-319
-996
-2627
-5291
-8167
-9822
-9569
-7957
-5778
-3359
-232
3670
6964
8227
7880
6905
5598
3905
1780
-626
-2483
-3158
-2986
-2828
-3091
-3403
-3134
-2429
-1984
-1883
-1523
-365
1454
3270
4355
4712
5101
5750
6103
5896
5302
4731
4809
4799
2672
-1533
-5354
-7492
-8856
-10414
-11926
-11659
-8789
-4588
-829
1878
3728
5603
7488
8078
6910
4929
3327
2824
2894
2348
1268
260
-604
-1558
-2997
-5382
-7949
-9224
-8686
-6937
-4763
-2552
247
3670
6162
6867
6517
5593
4431
3256
1525
-396
-1573
-2050
-2096
-2010
-2609
-3192
-2830
-2275
-2008
-1748
-1401
-237
1674
3240
4147
4516
4536
4895
5372
5296
4856
4437
4548
4320
1740
-2391
-5269
-7108
-9059
-10757
-11387
-9983
-6560
-2971
34
2661
4577
6032
7021
6506
4945
3492
2557
2364
2352
1721
1153
766
-230
-1634
-3262
-5580
-7616
-8160
-7417
-5845
-3747
-1315
1570
4375
6080
6659
6370
5220
3418
1401
-620
-2349
-3350
-3528
-3290
-2803
-2243
-1609
-798
-89
61
184
740
1392
2114
2847
3168
3252
3348
3450
3802
4203
4206
4229
4542
3858
1013
-2758
-5502
-7187
-8801
-10263
-10351
-8209
-4495
-936
1621
3436
4727
5634
5862
4740
2904
1671
1469
1900
2089
1707
1342
983
-137
-1798
-3618
-5803
-7451
-7397
-5998
-4089
-2044
142
2743
4848
5177
4427
3649
2609
1489
552
-499
-1204
-1379
-1450
-1375
-1527
-2291
-2599
-2056
-1644
-1353
-752
384
2065
3531
4381
4875
4655
3730
3151
2860
2438
2255
2579
3244
3071
906
-1909
-3832
-5656
-7719
-9183
-9319
-7556
-4223
-922
1774
3760
4907
5725
5892
4406
2239
858
526
857
1068
919
975
826
-200
-1646
-3373
-5521
-6942
-6747
-5320
-3285
-1245
877
3235
4694
4586
3775
2788
1621
554
-284
-807
-941
-915
-828
-795
-1235
-1930
-2337
-2309
-1982
-1537
-724
866
2727
4141
4910
5044
4508
3567
2650
1977
1591
1555
2178
2829
1908
-376
-2420
-3967
-5631
-7418
-8558
-7937
-5389
-2247
583
3014
4634
5370
5628
4913
3091
938
-520
-679
-33
310
395
527
248
-641
-1967
-3924
-5925
-6693
-5821
-3776
-1373
720
2899
5060
6079
5528
4013
2052
348
-755
-1864
-2957
-3252
-2622
-1549
-852
-1130
-1529
-1243
-617
-156
182
625
1802
3476
4508
4405
3618
2651
2106
1724
1173
1006
1392
2235
2831
1696
-952
-3179
-4783
-6279
-7387
-7832
-6904
-3984
-522
2303
4494
5506
5533
5247
3925
1743
-193
-1476
-1604
-601
278
710
872
319
-808
-2171
-4131
-5876
-6327
-5439
-3241
-486
1793
3689
5076
5209
4421
2910
747
-1111
-1971
-2169
-1797
-1098
-383
322
593
172
-647
-1575
-2145
-2068
-1430
-233
1499
3258
4658
5344
4935
3782
2627
1549
659
151
296
1118
1216
-158
-1615
-2606
-3926
-5416
-6625
-6846
-5315
-2740
-317
2174
4159
5098
5637
5352
3624
1498
-205
-1157
-1201
-1045
-851
-271
25
-432
-1326
-2811
-4524
-5482
-5396
-4259
-2202
-34
2147
4332
5559
5300
4126
2352
334
-1253
-2317
-2906
-2505
-1370
-198
710
993
525
-166
-770
-1352
-1604
-1169
199
2168
3800
4664
4841
4420
3526
2393
1159
89
-301
-266
-804
-1843
-2611
-3145
-3698
-4308
-4870
-4713
-3297
-1523
235
2142
3714
4744
5288
4897
3752
2187
349
-1036
-1646
-1971
-2029
-1853
-1761
-1587
-1550
-2390
-3606
-4297
-4232
-3294
-1811
-135
1946
4113
5561
6011
5318
3438
1010
-1347
-3200
-4229
-4530
-3944
-2384
-600
889
1851
1972
1488
895
328
91
254
750
1806
3133
3933
4121
3813
3078
2211
1165
81
-927
-2363
-3704
-4107
-4244
-4484
-4481
-4082
-2944
-1137
185
1297
2661
3706
4401
4721
4040
3065
2262
1215
42
-1000
-1919
-2197
-2266
-2747
-2989
-2835
-2986
-3308
-3481
-3342
-2494
-1291
68
1812
3415
4399
4965
4748
3395
1381
-650
-2175
-3004
-3624
-3833
-2937
-1294
173
1103
1476
1559
1468
1177
838
663
781
1410
2423
3243
3714
3902
3740
3010
1875
696
-780
-2773
-4376
-4919
-4998
-4981
-4836
-4118
-2484
-548
734
1768
2720
3415
3985
4153
3503
2570
1841
1356
871
-44
-1125
-1768
-2217
-2853
-3333
-3723
-4016
-3947
-3440
-2597
-1683
-965
205
1888
3093
3583
3770
3436
2722
1785
334
-1135
-2011
-2615
-2752
-2325
-1773
-980
3
725
1369
1855
1894
1877
1809
1613
1666
1835
2074
2690
3230
3327
3069
2347
933
-1027
-3093
-4568
-5451
-5895
-5707
-4775
-3244
-1297
379
1692
2777
3329
3458
3459
3100
2512
1984
1494
1150
830
263
-397
-1192
-2334
-3272
-3831
-4319
-4493
-4051
-3110
-1763
-491
481
1403
1915
1767
1642
1605
1399
1313
1239
1126
1283
1140
402
-411
-1203
-1859
-1998
-1869
-1476
-416
834
1849
2637
2990
2955
2879
2552
2140
2033
2055
1928
1574
620
-682
-1828
-3044
-4245
-5031
-5302
-4801
-3344
-1687
-92
1511
2744
3462
3750
3385
2644
1846
1060
578
423
246
102
-84
-617
-1281
-2038
-3164
-4364
-4949
-4748
-3813
-2571
-1206
451
2110
3078
3262
2785
1879
948
353
-22
-266
-185
215
682
853
533
-17
-411
-568
-399
-45
430
1140
2006
2689
3091
3048
2655
2269
1881
1335
359
-988
-2010
-2542
-3071
-3504
-3856
-3930
-3189
-1999
-901
208
1126
1971
2993
3373
2898
2175
1317
587
122
-592
-1165
-1210
-1141
-1003
-929
-1447
-2031
-2248
-2422
-2464
-2401
-2222
-1295
126
1118
1801
2251
2300
2101
1554
489
-509
-1073
-1186
-822
-269
236
824
1436
1817
1876
1568
1079
764
728
909
1219
1650
2039
2357
2470
2099
958
-528
-1938
-2998
-3610
-4025
-4281
-3745
-2494
-1136
146
1041
1542
2125
2647
2557
2103
1326
676
280
-197
-1017
-1524
-1831
-2027
-1976
-1816
-1762
-1638
-1410
-1045
-635
-562
-569
-258
180
506
886
1154
1342
1535
1531
1170
655
41
-448
-714
-950
-1015
-641
2
776
1408
1866
2217
2389
2279
1965
1587
1313
1197
1191
1077
430
-426
-981
-1436
-2099
-2651
-3015
-2775
-2005
-1285
-613
166
759
1324
1869
1954
1733
1378
970
621
309
-179
-551
-977
-1591
-2111
-2411
-2800
-3128
-3163
-2637
-1610
-559
258
977
1651
2051
2107
1801
1342
964
765
551
310
47
-125
-130
-101
-235
-248
-124
-121
-94
122
415
644
588
851
1781
2409
2244
1839
1348
798
197
-762
-1646
-2031
-2264
-2193
-1617
-1229
-830
-180
464
1023
1442
1493
1411
1100
576
224
61
-307
-662
-704
-560
-558
-907
-1280
-1426
-1574
-1938
-2162
-2088
-1758
-1227
-589
4
583
1080
1465
1694
1561
1229
1099
1085
963
837
858
1037
1097
822
385
87
-164
-496
-828
-903
-659
-221
306
870
1252
1212
873
452
-163
-864
-1305
-1542
-1479
-921
-71
721
1182
1156
1113
1115
626
-155
-695
-848
-699
-602
-663
-555
-432
-518
-745
-952
-1108
-1088
-979
-748
-380
-62
127
219
178
-58
-471
-863
-1036
-1018
-761
-300
262
887
1573
2200
2556
2475
2217
2095
2055
1842
1339
787
501
464
248
-191
-649
-1016
-1458
-1810
-2085
-2248
-2115
-1841
-1484
-815
-44
490
919
1128
1319
1625
1657
1344
1176
935
548
12
-740
-1429
-1847
-2327
-2675
-2590
-2237
-1708
-1148
-678
-147
426
748
941
1032
960
924
986
893
699
416
140
6
-130
-465
-718
-671
-480
-229
196
854
1670
2266
2514
2744
2960
2857
2409
1823
1094
215
-767
-1613
-2224
-2654
-2962
-3012
-2638
-1993
-1402
-880
-453
-25
501
909
982
928
878
857
754
487
195
23
-117
-356
-689
-1056
-1387
-1772
-2087
-2150
-1989
-1641
-1084
-382
352
1016
1470
1683
1676
1554
1334
1076
844
775
878
974
898
767
763
783
594
34
-480
-583
-315
-36
207
534
923
1224
1304
1058
480
-95
-564
-918
-1178
-1369
-1360
-1008
-660
-453
-347
-433
-622
-830
-1125
-1310
-1326
-1262
-873
-345
70
464
803
857
699
371
-17
-263
-509
-709
-642
-425
-342
-251
-113
-53
-186
-369
-375
-72
361
879
1456
1937
2291
2615
2659
2258
1567
959
676
506
231
24
182
216
-173
-778
-1314
-1842
-2209
-2467
-2314
-1567
-551
284
1053
1516
1722
1837
1474
577
-225
-685
-1018
-1292
-1646
-1752
-1595
-1537
-1744
-1849
-1911
-1809
-1451
-1004
-432
287
965
1554
1837
1774
1563
1232
824
477
229
63
109
248
419
558
551
416
553
860
943
835
940
1309
1731
1885
1712
1580
1302
634
-174
-882
-1567
-1950
-2138
-2024
-1630
-1222
-966
-672
-449
-350
-389
-572
-665
-496
-138
242
482
600
762
745
410
-245
-982
-1547
-1754
-1820
-1686
-1363
-881
-335
115
257
169
80
81
147
228
443
871
1491
2048
2311
2245
1915
1504
1221
854
190
-383
-332
118
488
631
714
849
847
403
-255
-768
-1112
-1228
-1122
-919
-528
-68
205
309
190
-128
-374
-695
-1094
-1197
-1054
-924
-776
-688
-646
-598
-694
-869
-940
-870
-637
-228
121
380
609
813
793
464
21
-242
-331
-418
-429
-197
284
770
1078
1141
1105
1083
1120
1117
843
526
678
1126
1328
1269
1120
1072
929
306
-560
-1121
-1432
-1592
-1563
-1350
-954
-372
143
463
533
484
451
254
-70
-368
-483
-542
-625
-744
-792
-796
-921
-1137
-1271
-1213
-1157
-1131
-946
-562
-155
122
273
361
359
319
362
427
526
766
1165
1605
1851
1700
1296
905
645
411
6
-388
-281
306
885
1109
1048
1079
1214
1033
298
-551
-1068
-1204
-1236
-1281
-1268
-1024
-617
-347
-314
-329
-290
-273
-360
-387
-244
-69
-98
-189
-229
-207
-277
-571
-943
-1092
-1020
-887
-774
-768
-699
-406
-143
-137
-267
-289
-40
314
542
742
1083
1513
1761
1668
1416
1288
1261
1173
1051
981
1088
1377
1508
1358
1056
850
669
252
-384
-899
-1198
-1333
-1496
-1708
-1638
-1293
-925
-683
-630
-651
-518
-399
-373
-386
-465
-474
-297
-229
-367
-586
-722
-790
-747
-681
-563
-412
-219
14
167
127
-31
-126
-158
-130
-67
57
248
509
701
812
863
886
912
1083
1280
1337
1355
1426
1514
1493
1345
1144
1105
1072
950
691
391
57
-288
-736
-1161
-1443
-1593
-1637
-1427
-1024
-588
-266
-171
-152
-172
-330
-754
-1278
-1669
-1709
-1619
-1564
-1518
-1305
-869
-402
-122
-14
138
299
439
474
384
272
315
431
508
574
729
951
1030
879
670
613
534
320
64
9
220
567
858
1136
1495
1940
2275
2266
1868
1292
667
39
-610
-1258
-1653
-1603
-1289
-894
-482
-144
174
344
186
-187
-621
-1103
-1439
-1606
-1684
-1575
-1290
-982
-742
-612
-580
-557
-615
-801
-971
-988
-880
-682
-442
-130
276
723
1063
1283
1399
1446
1357
1106
811
614
523
479
462
535
719
926
1080
1143
1155
1122
992
737
414
125
-125
-285
-347
-286
-113
94
272
386
409
414
350
78
-241
-512
-807
-1071
-1325
-1609
-1697
-1636
-1542
-1443
-1342
-1275
-1135
-1051
-1050
-988
-855
-671
-369
-66
151
376
581
711
685
573
461
454
338
174
196
465
746
999
1190
1337
1472
1520
1434
1254
1051
884
821
703
498
310
255
160
-28
-256
-363
-341
-304
-320
-289
-230
-183
-120
-44
-53
-177
-313
-316
-305
-384
-480
-512
-550
-693
-913
-1161
-1454
-1761
-1913
-1808
-1552
-1314
-1050
-687
-249
80
270
384
538
766
1051
1242
1275
1270
1338
1408
1313
1005
611
389
240
85
-64
-16
223
537
726
793
803
732
526
189
-154
-338
-290
-201
-41
204
532
762
751
469
125
-256
-732
-1202
-1483
-1488
-1270
-979
-719
-434
-199
-131
-214
-396
-598
-635
-610
-648
-704
-652
-571
-492
-528
-621
-579
-343
26
371
560
641
860
1070
1128
951
755
755
956
1070
1093
1093
1106
1137
1032
647
117
-321
-661
-900
-1105
-1124
-854
-398
-11
327
622
803
788
581
255
-32
-255
-395
-465
-478
-426
-310
-254
-349
-519
-651
-707
-776
-830
-868
-826
-768
-688
-632
-578
-522
-409
-217
20
252
524
799
915
878
792
714
557
308
60
10
149
344
517
705
864
995
1033
939
694
385
194
130
136
124
151
236
272
152
-85
-376
-680
-976
-1215
-1269
-1114
-859
-575
-296
-31
140
156
53
-87
-192
-216
-130
-12
90
188
250
121
-175
-541
-868
-1118
-1224
-1192
-1007
-632
-194
182
480
648
767
881
907
816
752
810
937
1002
912
786
701
580
380
170
-53
-210
-200
-168
-123
-109
-88
6
147
175
155
157
193
239
192
106
9
-100
-322
-558
-846
-1098
-1283
-1330
-1293
-1113
-849
-544
-284
-98
56
153
167
122
151
232
382
528
612
621
579
401
150
-79
-294
-515
-627
-571
-366
-67
212
519
821
1062
1197
1188
1030
818
597
415
295
171
62
-1
-22
-47
-104
-226
-343
-446
-510
-504
-430
-369
-297
-181
-78
-70
-161
-307
-406
-473
-517
-501
-412
-351
-296
-237
-236
-266
-394
-513
-551
-528
-507
-417
-264
-67
168
394
600
738
804
885
941
842
664
559
511
450
343
261
218
215
229
208
114
22
-17
-13
-28
-68
-45
57
139
163
191
223
208
119
38
-48
-142
-210
-265
-398
-529
-598
-620
-661
-749
-797
-695
-545
-501
-496
-427
-330
-238
-199
-183
-77
86
209
269
227
132
77
19
-101
-226
-275
-210
-67
69
239
450
690
920
1089
1188
1254
1294
1247
1102
889
673
428
221
4
-215
-429
-551
-642
-710
-744
-731
-601
-423
-216
-43
122
172
149
35
-132
-322
-443
-508
-476
-352
-242
-113
-56
-97
-267
-481
-703
-827
-875
-802
-612
-361
-93
103
238
245
187
128
126
121
150
246
419
527
508
411
295
178
32
-88
-89
32
217
470
691
850
964
1049
1053
974
790
594
420
247
66
-85
-205
-297
-383
-510
-628
-753
-891
-982
-956
-906
-807
-644
-419
-168
37
153
217
217
202
215
160
30
-56
-102
-152
-304
-490
-572
-517
-488
-454
-355
-198
-42
73
155
190
166
160
260
379
441
465
570
716
729
503
249
62
-53
-183
-287
-246
9
320
572
748
836
868
855
735
515
313
172
105
-20
-199
-311
-353
-534
-788
-987
-1072
-1095
-1144
-1148
-986
-715
-423
-161
37
189
308
356
326
251
133
100
161
259
282
251
207
138
51
-109
-305
-453
-464
-388
-259
-156
-30
186
393
505
544
592
639
719
724
684
630
604
518
388
193
51
-39
-112
-138
-159
-157
-150
-84
-50
-40
-77
-76
-76
-90
-158
-279
-421
-570
-707
-794
-880
-972
-924
-839
-735
-598
-469
-369
-207
-66
97
230
261
317
420
485
545
595
597
662
697
669
575
391
206
63
-155
-320
-392
-396
-288
-120
72
307
480
592
690
727
688
640
579
540
473
380
280
189
23
-183
-430
-632
-736
-807
-843
-849
-792
-678
-506
-373
-280
-259
-200
-118
-74
-96
-107
-106
-119
-119
-175
-262
-365
-429
-449
-426
-397
-314
-135
62
249
386
512
622
722
801
856
855
828
792
755
647
442
239
48
-92
-187
-236
-243
-196
-82
52
155
182
178
144
115
120
93
68
50
62
58
-20
-224
-424
-606
-804
-984
-1070
-1044
-900
-700
-448
-164
86
246
341
382
336
271
196
138
33
-39
-91
-102
-124
-163
-198
-180
-89
-17
39
38
55
110
168
164
179
262
421
606
770
882
974
975
879
682
402
169
-24
-219
-382
-434
-425
-346
-328
-357
-353
-306
-340
-416
-478
-480
-427
-400
-370
-307
-258
-236
-174
-162
-155
-148
-106
-35
28
19
49
63
42
12
-45
-87
-46
47
147
247
291
376
413
388
274
173
95
70
53
76
123
176
262
303
285
256
251
253
270
257
307
386
420
412
374
277
144
0
-145
-273
-378
-463
-529
-573
-627
-710
-808
-898
-975
-996
-952
-821
-621
-399
-173
101
334
445
504
492
426
382
318
247
208
213
253
306
278
227
195
142
71
-15
-28
14
90
185
304
347
363
359
333
302
194
76
75
80
40
29
-24
-25
13
-31
-49
-13
-19
36
117
101
87
52
-6
-35
-140
-307
-369
-450
-527
-534
-599
-660
-665
-703
-689
-632
-637
-568
-415
-231
-30
151
312
480
611
677
716
689
612
550
496
400
307
248
235
218
160
109
85
32
-66
-116
-127
-86
-40
24
114
224
300
308
247
183
85
-16
-102
-194
-247
-245
-239
-221
-193
-139
-75
-82
-128
-166
-189
-237
-276
-285
-213
-127
-48
22
70
53
-8
-111
-244
-370
-487
-538
-515
-438
-306
-144
40
196
323
436
556
617
647
652
656
651
587
474
354
252
154
97
5
-46
-58
-61
-101
-185
-296
-348
-327
-336
-333
-265
-116
57
171
151
114
97
33
-78
-225
-349
-384
-351
-321
-259
-194
-117
-27
32
10
-63
-108
-152
-158
-199
-233
-190
-81
24
136
220
267
302
302
288
261
179
107
118
120
115
103
101
133
187
224
269
314
386
440
434
344
201
67
-29
-120
-197
-226
-228
-176
-148
-189
-273
-388
-482
-546
-604
-633
-556
-426
-274
-98
41
148
215
232
208
161
51
-27
-39
-67
-113
-131
-127
-127
-135
-168
-171
-128
-67
29
180
351
501
606
671
700
675
560
421
321
212
98
12
-57
-96
-118
-160
-234
-294
-308
-239
-134
-48
62
244
392
432
394
281
131
-52
-240
-371
-466
-556
-572
-539
-479
-444
-436
-451
-427
-395
-321
-250
-207
-75
111
246
307
311
287
301
227
89
20
7
22
89
111
114
197
214
183
190
156
152
239
287
338
407
416
433
417
294
157
42
-112
-223
-269
-302
-320
-312
-302
-286
-266
-269
-286
-273
-195
-86
24
110
179
250
285
223
82
-75
-209
-308
-377
-427
-411
-317
-208
-134
-88
-63
-65
-93
-94
-67
-23
54
185
306
408
486
544
553
492
379
295
201
111
42
-15
-19
9
26
40
55
6
-7
-33
-67
-95
-125
-156
-123
-102
-103
-78
-114
-153
-158
-197
-267
-304
-350
-362
-352
-336
-273
-188
-97
17
145
218
276
320
320
277
185
51
-34
-108
-181
-195
-198
-160
-76
-20
43
88
93
123
161
154
197
240
263
327
378
395
428
424
385
320
202
102
-4
-111
-179
-215
-225
-199
-219
-235
-229
-263
-302
-316
-317
-285
-227
-182
-94
-47
-46
-70
-123
-200
-245
-260
-223
-152
-100
-10
69
83
73
45
0
-6
1
35
116
222
293
346
367
331
264
197
112
26
-26
-49
-46
-9
14
78
158
180
188
217
210
196
192
151
159
175
177
167
103
3
-56
-142
-274
-371
-435
-405
-328
-308
-289
-241
-226
-202
-204
-259
-231
-154
-86
22
85
89
142
133
25
-32
-100
-163
-143
-113
-60
36
63
54
96
96
66
62
68
119
208
227
244
282
288
252
195
121
59
29
-14
-44
-29
18
68
98
84
66
88
79
7
-58
-111
-117
-80
-73
-78
-55
-54
-97
-134
-213
-267
-273
-273
-235
-141
-71
-3
69
71
44
5
-33
-46
-26
-3
53
119
181
222
227
175
113
80
51
2
-42
-48
-37
-31
-62
-98
-101
-53
-28
35
124
180
274
355
330
278
192
64
-6
-101
-203
-249
-248
-206
-141
-104
-78
-29
-67
-148
-216
-272
-307
-289
-254
-156
0
111
205
282
254
207
163
91
60
36
13
40
56
56
74
22
-43
-60
-53
-38
-11
-2
73
127
89
63
20
-46
-40
-38
-41
3
28
74
123
71
-12
-62
-131
-169
-144
-106
-47
17
98
181
159
50
-21
-77
-154
-213
-267
-249
-167
-100
-30
31
0
-15
46
51
12
45
105
170
215
187
170
192
172
107
52
-15
-54
5
9
-39
-24
-3
-20
-61
-193
-276
-244
-257
-248
-184
-98
24
123
124
120
109
68
22
-39
-70
-46
28
136
199
164
163
155
104
2
-126
-161
-91
-28
45
147
197
253
270
193
91
3
-82
-87
-83
-75
-13
48
73
68
-3
-90
-136
-199
-226
-193
-122
-10
103
150
146
88
-12
-128
-247
-337
-348
-314
-216
-82
5
72
113
88
48
13
-48
-87
-78
-16
97
174
220
284
312
290
242
139
28
-35
-55
-16
12
-2
47
130
136
85
8
-33
-16
-15
-38
-38
-15
28
49
30
-3
-46
-93
-117
-168
-223
-210
-156
-101
-77
-55
12
55
17
-18
-44
-83
-86
-80
-61
-35
-17
-3
12
-14
-26
-12
-34
-44
-49
-24
8
31
49
68
78
111
121
116
122
131
158
137
103
114
147
120
94
76
48
21
-15
-42
-82
-136
-161
-139
-120
-99
-68
-53
-45
-56
-81
-93
-108
-102
-40
-7
5
58
83
62
9
-33
-53
-41
-36
-16
26
69
123
143
124
98
73
54
23
-13
-3
21
47
59
52
40
24
-9
-38
-75
-93
-77
-63
-29
3
12
12
23
35
7
-3
12
29
35
20
1
7
-12
-87
-130
-159
-176
-154
-138
-125
-90
-40
0
3
-53
-94
-88
-99
-127
-117
-29
82
153
180
223
264
252
190
133
119
120
105
81
87
126
131
77
23
-16
-34
-50
-88
-103
-62
-10
24
34
20
25
41
42
14
-25
-21
24
9
-75
-129
-131
-146
-197
-243
-209
-110
-33
31
77
71
71
46
-34
-129
-214
-232
-201
-179
-127
-38
54
125
147
140
145
123
96
110
129
160
209
236
267
268
211
138
50
-33
-72
-100
-112
-79
-46
-11
3
-33
-72
-84
-114
-138
-160
-149
-70
1
-3
11
59
80
61
-18
-75
-61
-51
-70
-71
-54
-29
-17
-55
-98
-111
-112
-115
-127
-129
-52
38
55
34
39
62
51
1
-20
24
81
155
211
241
243
207
155
102
14
-18
-20
-27
31
95
136
143
73
17
32
-32
-98
-125
-141
-112
-78
-121
-144
-111
-85
-74
-121
-144
-97
-34
-4
-9
-51
-33
4
-48
-124
-157
-133
-88
-101
-115
-37
50
71
63
49
54
80
80
52
76
133
202
241
246
256
279
253
159
77
24
5
-7
-14
-6
62
105
113
96
69
60
49
16
-27
-48
-66
-53
-72
-140
-186
-181
-161
-144
-180
-185
-82
-20
-70
-163
-214
-195
-196
-292
-326
-246
-156
-112
-111
-98
-15
61
88
65
30
64
156
162
131
159
216
260
221
145
138
186
162
122
95
117
174
198
153
114
116
100
40
-37
-54
7
65
66
26
-1
19
-2
-125
-248
-267
-218
-178
-193
-177
-87
17
23
-78
-161
-150
-125
-191
-271
-268
-159
-25
6
-55
-84
-50
-30
-69
-141
-122
5
101
118
143
223
320
320
243
191
185
174
133
48
35
118
157
136
107
131
198
175
73
25
50
95
91
30
5
47
36
-55
-171
-232
-225
-217
-215
-188
-129
-58
-15
-52
-134
-215
-276
-320
-355
-315
-174
-49
29
53
63
90
50
-37
-111
-132
-90
-7
58
116
209
309
381
352
263
222
202
116
19
-1
41
83
99
98
68
51
53
45
23
22
91
178
200
161
144
135
72
-14
-115
-177
-184
-185
-194
-184
-170
-156
-145
-155
-188
-236
-280
-293
-265
-219
-188
-173
-135
-93
-78
-90
-114
-114
-64
-5
13
51
118
189
218
208
180
165
148
127
105
109
165
227
250
229
218
188
126
36
-22
-2
65
118
153
154
168
192
155
84
15
-24
-21
-34
-55
-58
-77
-99
-131
-143
-156
-201
-241
-225
-227
-270
-313
-308
-268
-242
-261
-256
-181
-111
-89
-112
-106
-34
63
79
63
77
137
176
144
72
90
141
141
128
113
152
241
274
212
174
170
191
179
109
78
139
172
135
83
39
43
57
15
-53
-54
-11
16
-3
-56
-97
-104
-113
-137
-130
-114
-131
-146
-160
-197
-228
-254
-254
-197
-160
-121
-59
-37
-30
-16
-19
-47
-87
-120
-115
-95
-67
1
77
142
194
222
231
215
172
144
138
105
103
124
138
148
123
90
65
62
28
-3
-13
4
49
76
63
41
42
33
-3
-70
-99
-91
-97
-106
-115
-115
-86
-87
-120
-151
-167
-136
-112
-139
-138
-65
21
67
63
62
89
66
5
-69
-94
-56
-26
-35
-27
33
99
107
66
69
108
125
84
44
60
96
85
34
11
32
81
95
52
34
76
93
63
28
22
48
36
-14
-64
-58
-18
-8
-42
-61
-42
-33
-54
-107
-122
-85
-64
-83
-117
-124
-88
-54
-65
-73
-55
11
56
45
6
5
17
27
9
-33
-40
-6
37
28
-1
6
62
85
49
35
87
131
121
81
57
88
93
42
-23
-44
-46
-28
-23
-31
-20
15
39
29
-17
-55
-38
-37
-56
-85
-87
-73
-69
-105
-124
-100
-54
-5
-15
-33
-16
-9
-45
-64
-60
-27
3
10
13
22
49
74
71
17
5
15
18
6
-16
-17
17
45
50
90
127
152
152
135
124
114
88
44
-4
-26
-12
-8
-3
-2
8
29
23
-7
-20
-32
-53
-70
-82
-76
-35
-3
-28
-48
-38
-39
-50
-84
-100
-79
-72
-81
-76
-71
-48
-18
4
5
-19
-20
-7
-17
-44
-28
11
31
43
59
60
53
51
55
54
38
29
56
70
43
37
46
35
30
13
-3
-12
4
31
54
52
61
57
44
33
-2
-20
-36
-48
-41
-18
-9
5
5
-10
-28
-62
-76
-77
-96
-87
-61
-31
-11
-8
-2
11
-14
-66
-102
-84
-58
-51
-51
-28
20
37
43
52
52
59
59
49
46
30
23
45
54
31
12
19
42
49
40
39
67
98
86
63
47
42
36
14
-13
-16
-8
-9
-15
-29
-45
-30
-15
9
37
43
47
60
20
-43
-81
-123
-123
-109
-112
-92
-43
-1
22
13
-18
-30
-25
-33
-62
-93
-51
12
14
-34
-37
12
41
21
-9
-12
6
44
44
10
-4
37
75
57
27
39
85
98
59
36
46
44
26
-1
-11
2
18
29
36
20
17
36
40
27
14
13
17
9
-21
-25
-23
-41
-48
-52
-59
-83
-106
-103
-100
-88
-61
-36
-17
10
18
9
-17
-56
-68
-81
-90
-87
-89
-73
-14
23
11
1
4
10
9
-2
16
35
33
32
30
61
78
55
49
74
111
148
132
88
82
100
98
71
56
56
72
66
38
25
8
-10
-24
-56
-69
-35
-16
-47
-78
-85
-45
-24
-62
-82
-50
-21
-39
-86
-91
-47
-28
-58
-64
-46
0
33
17
-16
-34
-22
-34
-57
-68
-20
50
66
32
11
23
21
-4
-39
-45
-17
10
11
12
47
91
78
43
52
77
72
43
32
38
29
1
-11
4
14
8
10
12
-2
-14
-22
-28
-31
-23
-23
-33
-54
-61
-63
-63
-59
-58
-31
-1
18
24
25
22
10
-1
-19
-46
-52
-50
-32
-16
-7
-3
19
52
68
61
57
61
51
42
9
-2
7
16
30
53
68
81
98
86
56
40
27
4
-17
-32
-30
-30
-32
-38
-20
2
-2
-18
-29
-33
-30
-43
-55
-46
-42
-37
-50
-65
-68
-54
-31
-22
-22
-6
2
12
16
1
5
18
36
49
55
49
21
11
9
4
-16
-21
0
17
31
33
42
76
98
65
43
26
24
15
-8
-17
-1
24
23
-5
-34
-46
-44
-32
-38
-37
-30
-31
-28
-32
-46
-45
-35
-34
-32
-41
-32
-5
-11
-50
-72
-55
-41
-49
-72
-53
-11
13
15
11
16
31
26
-2
-11
-2
7
13
29
54
71
56
49
63
56
20
-5
0
5
-9
-20
0
26
43
72
72
52
37
24
11
-8
-24
-18
4
3
-13
-8
2
-18
-21
-22
-37
-21
-2
8
3
-19
-14
-7
-21
-45
-40
-24
-28
-28
-7
23
23
4
15
25
9
-6
-1
23
49
38
18
37
68
67
36
28
34
39
21
-8
-18
-10
15
5
-35
-52
-35
-14
-33
-71
-68
-29
-7
-11
-15
8
22
30
22
-20
-45
-40
-27
-24
-25
-27
-17
9
28
37
24
11
25
53
35
-5
-34
-23
-4
-19
-35
-33
7
27
36
50
70
75
59
40
24
16
6
3
2
1
-14
-17
-27
-55
-68
-68
-56
-41
-53
-51
-34
-9
-10
-23
-16
3
13
-18
-46
-58
-46
-32
-27
-32
-34
-26
-13
1
-12
-18
8
40
33
8
20
43
37
17
4
18
41
47
28
11
15
24
22
15
2
25
66
85
83
86
100
95
75
37
-8
-18
-12
-24
-25
-13
3
16
23
14
12
-8
-30
-44
-65
-81
-75
-52
-57
-52
-29
0
8
-7
-22
-23
-21
-27
-32
-13
15
6
-5
-2
-1
-4
-7
0
9
10
29
39
25
37
47
26
-3
-27
-20
-13
-6
2
18
27
45
37
24
19
12
14
17
-3
-21
-10
6
8
0
14
37
40
38
28
22
26
-5
-59
-79
-56
-39
-16
-13
-26
-16
3
0
-4
-1
7
23
36
33
34
13
-25
-46
-51
-55
-63
-52
-46
-38
-18
5
8
2
-4
-4
-1
17
25
28
28
8
7
12
1
-9
-15
-8
27
27
9
0
13
27
31
0
-8
9
8
4
-8
-20
-24
0
-15
-36
-30
-2
24
30
9
8
33
40
13
-22
-23
-16
-20
-33
-36
-32
-11
-14
-18
-10
-15
-24
-30
-21
-21
-23
-5
7
-6
-9
1
15
19
17
11
29
29
6
2
6
7
14
24
30
17
15
17
-5
-21
-23
-38
-30
-26
-10
0
-9
-7
24
37
14
-4
-3
-7
-39
-38
-18
-5
-6
12
33
56
41
14
19
36
30
-2
-4
6
0
-21
-36
-30
-14
-17
-27
-19
2
16
6
6
14
33
43
31
31
43
45
47
25
-1
-6
-6
-13
-27
-19
-3
26
40
31
39
40
16
-9
-18
-25
-27
-29
-13
0
18
37
23
11
14
29
29
11
-12
-10
11
22
29
49
47
35
28
6
-7
-21
-28
-8
14
4
-22
-46
-41
-27
-32
-72
-83
-55
-35
-22
-38
-39
-24
-25
-51
-67
-67
-49
-37
-43
-48
-45
-28
7
7
-14
-19
-2
15
0
-8
16
37
40
46
48
52
52
43
41
39
31
40
55
61
50
36
29
-8
-30
-31
-24
-20
-6
31
43
45
41
31
-2
-25
-30
-34
-71
-74
-40
-12
-4
-14
-6
-15
-13
-33
-27
-24
-24
-31
-25