-2
-3
-5
-1
1
-1
-1
-2
4
4
-1
-4
-2
-1
0
2
1
2
4
4
1
2
3
1
-2
1
0
-3
1
-1
-4
1
2
1
1
-1
-3
1
0
-2
-4
-4
-3
-5
-1
0
1
-2
-1
1
7
6
-1
4
7
4
1
0
-3
3
5
-2
-6
-3
-1
4
-2
-8
-7
-3
-4
-5
-1
3
3
-1
6
3
1
2
3
9
6
1
-1
7
7
6
2
2
4
3
0
2
6
4
4
0
0
2
2
-2
-5
-8
-4
5
0
-3
-4
-4
2
5
1
-3
1
3
4
-3
1
4
1
0
2
3
10
8
-5
-1
3
3
5
5
5
5
6
3
-1
0
0
-6
-6
-3
-6
-2
-2
-4
-8
-3
0
-1
-2
-7
-4
-3
-6
-8
-6
-6
-8
-9
-9
-4
-6
-8
-6
-1
3
2
2
0
4
5
3
2
2
5
10
6
4
4
0
-2
-1
-4
-11
-4
-3
-4
-7
-3
1
6
8
3
0
2
4
0
-3
-1
2
-1
-2
-1
1
2
4
3
3
6
8
-2
-7
-7
-7
-4
-6
-9
-2
1
-5
0
-1
-6
1
2
-5
-7
3
6
8
2
-3
4
15
14
6
0
0
10
10
1
-3
-3
-1
4
3
-7
-4
2
2
-5
-2
-4
-9
1
4
-3
-1
8
5
3
3
1
7
14
5
0
4
8
9
9
1
-6
-2
2
-1
0
1
-7
-10
-4
-2
-5
-8
-12
-8
-6
-13
-13
-4
-6
-12
-11
-3
8
12
5
3
11
12
12
8
15
20
30
29
27
20
16
14
7
3
-2
5
4
4
-2
2
-3
-12
-15
-1
4
-18
-33
-31
-15
-20
-42
-45
-38
-38
-32
-18
-10
-13
-6
0
12
3
2
8
4
-14
-28
-10
4
-10
-25
0
7
-5
-33
-29
-11
-6
7
22
30
22
19
33
37
26
26
46
76
72
41
24
33
41
55
68
54
29
43
46
26
10
1
10
26
8
-13
-9
-12
-25
-13
3
19
42
35
-4
-37
-21
7
-44
-106
-89
-50
-81
-118
-112
-86
-88
-135
-137
-168
-161
-107
-68
-73
-84
-27
30
36
-1
8
51
100
124
130
123
126
172
175
135
90
89
84
60
45
64
109
144
102
56
65
64
-10
-82
-68
-69
-110
-133
-63
-44
-77
-65
6
-3
-71
-45
27
51
-11
22
49
32
-29
-27
28
38
56
33
41
-1
-9
-88
-154
-131
-81
-82
-103
-57
-49
-49
-48
-12
22
34
21
-13
-21
53
91
44
-25
-3
32
26
17
-11
8
-13
-61
-65
-11
-19
-26
47
93
89
65
71
70
2
-53
-12
53
60
101
118
49
-33
-43
-34
-97
-156
-143
-137
-141
-140
-195
-242
-270
-214
-127
-77
-65
-68
-36
-5
-12
-32
12
68
128
179
154
113
102
96
74
93
125
160
126
136
167
216
203
175
146
145
145
102
101
143
236
263
257
262
261
217
133
43
-16
-67
-79
-93
-153
-198
-219
-262
-285
-254
-217
-256
-277
-236
-180
-196
-244
-239
-185
-99
-95
-87
-68
-68
-44
-3
-8
-67
-96
-75
-69
-102
-163
-123
-12
-9
-34
6
183
298
294
253
271
239
155
225
272
184
71
158
271
188
97
144
225
87
-19
10
-1
-94
-151
-115
-99
-35
18
45
-6
-6
59
18
-163
-301
-250
-128
-99
-224
-265
-190
-103
-35
5
-40
-63
12
98
-9
-227
-227
-101
-87
-245
-273
-193
-151
-258
-270
-124
32
13
-128
-226
-159
-18
14
-60
-4
252
445
336
235
315
503
506
306
112
57
117
117
65
-35
-12
97
236
161
-63
-197
-157
-145
-223
-238
-56
29
-74
-103
87
355
491
422
303
481
874
964
406
-204
-101
517
704
160
-332
-209
429
866
730
-58
-716
-797
-104
58
-572
-1400
-1279
-1181
-4023
-6209
-2912
2786
1027
-5195
-7905
-4419
1054
4746
2576
-3684
-4686
1558
7995
6968
2040
-264
3260
8058
9828
8211
3613
-1340
-1257
5142
8661
3556
-3671
-6506
-5073
-2206
1720
31
-8100
-12817
-7293
-967
-1037
-3213
-5982
-8405
-5560
2958
5280
1024
-1509
319
2256
5522
9041
7493
3028
1687
4520
6046
6667
4812
1374
-3085
-4531
-2029
1366
314
-7044
-11830
-10593
-4969
-2572
-3886
-9355
-11920
-8299
-984
2901
555
-3402
-3432
2345
7910
10097
7971
5761
6546
11006
14169
14657
8838
-626
-2113
9844
15604
4925
-6825
-9059
-6783
-1475
4877
-2546
-17235
-18894
-6445
-1208
-4904
-9195
-11821
-12178
-5068
3455
2232
-2574
-1133
2964
2833
6190
12144
10886
4581
4355
7584
8788
10837
10276
2682
-3491
91
5261
4132
-1218
-7010
-9146
-6052
-2576
-5831
-11214
-12137
-8702
-6781
-7175
-7694
-7572
-6147
-3732
-1568
-2172
-1477
1573
4077
3361
3450
5719
8073
9320
8593
7161
6876
10304
12246
10933
8132
8808
8612
1360
-5590
-1206
9055
4627
-9041
-16323
-12739
-7433
-137
-143
-14378
-24098
-12610
3797
1883
-7225
-11283
-9336
-3290
8067
10983
2403
-1961
4828
10733
10295
12027
12176
7172
4039
8331
9736
6949
6136
3913
-2949
-5943
-820
1492
-2663
-8442
-11893
-11644
-6855
-3347
-8306
-15776
-15629
-7783
-2642
-3870
-7382
-8597
-4960
1858
5773
2245
-751
2504
7914
8778
7553
7124
7676
8876
9159
8197
7269
9267
10467
8553
5837
6918
8683
2263
-8020
-8403
3052
6408
-5070
-16905
-17635
-10973
-2210
2331
-7884
-21359
-17717
229
6443
-1523
-8401
-8392
-3856
5646
13064
7719
-100
2573
10202
11078
10894
12539
9143
3234
4129
7941
6191
4278
3272
-2651
-9034
-5513
754
-1633
-9048
-13756
-13234
-8723
-4137
-7524
-14450
-14419
-6748
-2618
-4480
-6517
-5332
-1459
2993
4834
2006
1032
5273
9967
8580
5714
5998
8487
9877
9280
7347
5841
7806
9765
8757
6653
7819
8317
872
-10008
-9807
4100
9917
-3378
-19359
-20192
-10598
519
5609
-5810
-23467
-21097
1599
11981
1552
-9928
-10555
-4667
6355
15331
10096
-929
-41
9590
11528
9985
11697
9230
1358
893
6451
6255
3703
2600
-3578
-11667
-7714
1731
414
-9102
-14578
-13412
-8889
-3526
-4954
-11960
-13902
-6382
-1020
-2675
-4546
-2835
-147
2276
4541
3038
2036
5273
9036
6636
3611
5005
7869
8539
7156
5370
3747
6340
9181
8555
5542
7311
9604
334
-13269
-10388
9373
13124
-5372
-21727
-19249
-9091
3547
9787
-6519
-28684
-22052
7640
15577
-393
-12872
-11851
-5780
8064
18684
8986
-5987
-1720
11628
11739
9951
12790
7968
-2288
1347
10102
7559
3071
2875
-3775
-12246
-5024
5962
1380
-11176
-15217
-12574
-8111
-3469
-5030
-12760
-14411
-6750
-1970
-3774
-4492
-2290
-1328
-356
1947
2919
3135
5514
6635
3912
3215
7832
10915
8764
5299
4633
6477
10482
11174
7268
4760
9962
11046
-3060
-15866
-5147
15402
9792
-13756
-24312
-15674
-5561
5614
6355
-14915
-32260
-13419
15592
12362
-7104
-13359
-8349
-1385
13352
19486
4375
-8167
2940
15106
11466
10331
13332
5067
-4070
4282
11972
5218
297
479
-7369
-13673
-2815
5543
-3943
-16082
-16723
-14013
-10542
-2715
-2008
-12714
-19506
-10436
-173
2180
109
-3122
-6479
-2073
9268
12325
5267
-119
2881
7532
11744
12880
8648
3071
4282
10563
12222
9376
5794
5349
4978
5630
3809
-1591
-6502
-4166
1664
-2054
-11112
-14278
-8132
-5159
-4845
-6667
-10283
-12181
-5291
3109
536
-5529
-4546
2119
4879
6722
7684
6001
4284
7881
11826
9808
8104
8880
7584
3295
3808
5416
2342
-1814
-3162
-5675
-9435
-7545
-5564
-10164
-16574
-14927
-10541
-9427
-10198
-10898
-11646
-9307
-2518
711
-1312
-2760
856
4885
7544
8198
6802
5312
7603
11727
12523
10001
8027
7508
8857
11089
11688
8776
7365
8674
1724
-9892
-9183
6856
8488
-8009
-20523
-16721
-10106
-2717
3340
-6669
-23964
-20848
3507
11266
-1104
-10349
-7038
-2701
6154
16393
11674
-1587
-167
12486
13191
9793
12630
11065
1713
2393
9970
7044
958
1697
-1173
-11325
-10684
-635
-1478
-13104
-17824
-12543
-9341
-10318
-12369
-13891
-12076
-5612
-1906
-6232
-8256
-1399
6591
6674
3587
2291
4570
10114
13582
8939
1393
2446
9485
12507
7813
2579
1421
6098
10839
10081
4536
3534
7575
2104
-11623
-12465
6343
12146
-4891
-20149
-17606
-9541
1927
11366
-2033
-26617
-22976
8288
18749
1567
-12139
-9695
-3461
8150
19526
11311
-7038
-5087
12341
14454
7732
8811
7964
-669
1174
9996
5970
-1807
505
-280
-11088
-11507
-224
1477
-9711
-17290
-17046
-12245
-3496
197
-9794
-20016
-13091
1242
4862
-978
-5027
-4311
2063
10242
10214
1212
-1526
6274
11615
8237
4062
3400
4837
7116
7911
4485
2596
6128
8912
6910
5183
8421
3746
-9898
-14571
3314
15574
1505
-18355
-19707
-10134
-371
10982
5104
-18586
-27038
-743
19539
8911
-8703
-10717
-5287
3386
17008
16388
-1274
-8461
6305
14357
8702
8055
9147
536
-3381
6463
8666
326
-1960
-1535
-9860
-13220
-1706
3004
-8867
-20140
-16427
-7958
-2740
-2874
-10060
-16907
-11396
2548
5166
-2793
-7004
-1685
4714
8134
6033
244
-165
6895
10812
5312
727
2457
6332
6721
5057
2505
2254
6308
9642
7856
3853
7538
8000
-4162
-14749
-799
17284
7772
-14537
-19679
-9246
-336
10298
8322
-13167
-26947
-5133
19357
11711
-7761
-11350
-5396
441
12677
16013
526
-10387
2402
13408
7669
4985
8096
2177
-4420
3388
8433
1686
-1698
-250
-6790
-12549
-3327
4424
-4058
-16356
-14797
-7658
-4779
-4694
-6564
-12080
-12914
-3602
2189
-1973
-5589
-1685
1500
2663
3595
2948
1494
3815
6480
4207
1537
3540
7005
6502
4310
3746
5504
8221
9730
9044
6797
9812
10170
-1948
-14025
-1927
18106
10033
-14310
-21774
-10679
-1866
7315
7074
-12404
-28593
-10515
16368
11825
-8653
-14112
-6860
-596
11033
16660
3269
-9615
1299
15554
11543
6832
9015
4750
-2367
4094
9928
2436
-2968
-663
-4312
-11558
-5726
1819
-4989
-16923
-16050
-7782
-4676
-6448
-10399
-13804
-10879
-653
2997
-3857
-7795
-1236
6521
7649
3930
-359
576
7699
11787
6641
-130
898
6460
9261
6724
2824
978
4268
8876
9724
6183
6026
9606
1930
-12415
-10170
12208
15760
-6208
-22252
-15606
-4627
5183
11668
-2959
-26334
-21238
11224
20476
86
-14973
-10482
-2562
7967
18395
9576
-9326
-6932
12798
15678
7043
6482
5590
-2551
-681
9482
6011
-3598
-3655
-2553
-9639
-9493
68
183
-12106
-18372
-11644
-4503
-2730
-5317
-11124
-14548
-6684
4343
3384
-4942
-6080
679
6578
7647
3272
-1525
413
7276
9117
4256
-250
373
4381
7522
6272
2411
933
5173
9671
9892
6573
8022
9478
-223
-12114
-4482
15732
13046
-9306
-20699
-11308
-1377
7147
8870
-7715
-26549
-15066
13959
16060
-4555
-15223
-9468
-2419
8706
16848
5189
-11326
-3938
14355
13635
5808
6442
4410
-2951
1300
10087
5050
-2794
-2018
-3072
-10192
-7100
3028
648
-13726
-18791
-9867
-1949
-1911
-7218
-13987
-15204
-4813
4936
796
-8416
-7441
1364
6998
6199
1440
-1843
997
7342
8809
3946
51
2035
6592
7948
5729
3305
3580
7428
10278
8695
5040
8280
11257
486
-13498
-6112
14708
13210
-7885
-19639
-12834
-3295
7313
9691
-8283
-27165
-15147
12694
14530
-4117
-13905
-10223
-4015
8755
17746
5861
-10410
-3778
12343
12142
7097
7773
2999
-4893
1424
11240
5985
-2556
-2626
-3854
-9395
-4925
3657
-502
-13263
-15406
-8165
-3938
-2907
-3776
-9716
-15022
-8039
2072
2082
-4186
-5686
-3682
280
6028
7287
1174
-3569
622
6640
7443
3846
1170
459
2874
6699
7865
5114
3806
6550
8087
8107
8959
12209
7853
-5019
-11669
2258
18536
9714
-12379
-19266
-8217
1994
9048
4746
-13914
-25863
-8379
14366
9812
-9075
-16244
-10782
-1561
11954
15048
-1175
-13939
-2199
13585
12298
6474
4116
-1222
-3451
6832
13000
4243
-3585
-3089
-3694
-4730
2095
5101
-4923
-15549
-12612
-3586
199
-2087
-9880
-17432
-14144
50
5712
-3522
-12585
-10074
-1133
6670
7717
-768
-8239
-3054
8666
10975
4256
-928
-39
4685
9619
10855
6564
3910
7296
11262
10603
9910
13804
10820
-3565
-11704
3133
19429
9543
-13094
-20006
-10167
788
9166
3992
-17056
-28734
-9342
13570
7915
-11501
-18359
-12444
-2018
12047
14059
-3271
-14742
-1119
15123
13398
7082
4279
-320
-178
10998
14776
3503
-3576
3
1043
-1634
1517
3113
-4304
-11958
-10216
-5063
-2533
-3115
-8562
-16840
-16027
-3553
3462
-3827
-13414
-12711
-4173
5114
6679
-2111
-9986
-4319
8175
11665
5148
-873
188
6439
12078
11874
7198
5343
9193
12277
11702
11236
14539
11321
-2450
-10265
2924
18089
8343
-13189
-20201
-10703
-475
7099
2139
-17727
-28688
-10415
11807
6043
-12683
-18784
-12254
-2120
11462
13340
-3711
-14040
668
16958
13824
6914
4577
1317
2072
12647
14968
3078
-2928
2176
3345
-1091
1138
3047
-3538
-11134
-9513
-5379
-4085
-4572
-9392
-16887
-16258
-4808
596
-6150
-13772
-11743
-4006
3273
4363
-2380
-7901
-3104
7420
10185
5359
1512
3430
7475
10691
11326
9555
8312
9667
10902
10671
11149
13697
12361
1259
-9132
-3114
12792
10972
-8153
-19658
-13455
-3950
2682
2315
-11621
-25402
-16821
4328
6438
-8118
-16061
-12284
-5326
5553
12516
2659
-9690
-2505
12847
13682
8368
7541
4502
1604
9012
15242
6902
-838
2498
4798
75
128
3066
-1401
-8739
-9297
-6609
-6593
-6044
-7596
-13789
-16643
-8901
-2394
-6500
-12537
-10923
-4794
17
1836
-1492
-5550
-2661
6259
9925
5771
2187
4450
9143
11833
11257
8811
8030
10450
12375
10741
9366
10891
12903
6748
-4871
-7970
4727
12721
10
-16837
-17322
-7180
-889
870
-6300
-19661
-22243
-5539
6599
-1306
-13295
-13896
-7769
537
10163
8813
-3489
-6527
6184
14453
11635
8946
6611
2464
5154
13605
11952
3012
1008
3422
1181
-220
2820
828
-6925
-10616
-8357
-7461
-7354
-6741
-10879
-17489
-15329
-6104
-4164
-9284
-11186
-8522
-4734
634
3480
-618
-3766
1286
8724
9652
7195
6070
6764
8682
12140
13343
10426
7636
8987
11014
10753
10225
10402
8373
179
-6909
-3243
7922
6208
-8704
-17336
-12268
-6093
-2273
-115
-9003
-22318
-18521
874
6816
-4491
-13504
-12287
-5844
6151
14950
5817
-9040
-5123
11686
16949
11290
6328
2185
1444
9947
16336
8313
-1148
30
3487
1790
1237
1327
-3537
-8946
-8817
-6648
-7257
-7351
-8411
-12867
-15829
-10602
-4733
-5921
-9613
-9368
-6575
-2832
1848
2329
-1812
-3134
3187
9315
9408
6232
5456
6777
9266
11829
12183
9094
6488
8064
10547
11147
10133
9281
3880
-4446
-5459
4711
9519
-2395
-15464
-14640
-6529
-1851
510
-5017
-18350
-21484
-5249
7238
-482
-12813
-14278
-7905
1847
11981
9374
-5168
-9210
5309
16598
13204
6779
3157
1463
6513
15321
12791
1609
-1363
3676
4380
1462
1107
-635
-5948
-8780
-7441
-6884
-7010
-6701
-10056
-15592
-13438
-5305
-3555
-8996
-11066
-8036
-4168
180
2300
-1480
-4924
427
8299
9331
6157
5285
6150
7330
10802
13365
10578
5909
6612
10061
11373
10671
8924
5224
-74
-2029
494
4225
1104
-7370
-12149
-9322
-5159
-3182
-3399
-9310
-16401
-13466
-1338
2628
-5069
-11613
-9720
-3286
5178
10029
3191
-7038
-3500
10011
14704
9209
4073
1740
3070
10293
14542
7268
-1166
133
4197
3620
1997
658
-4389
-8865
-7132
-3631
-4859
-8476
-10636
-11780
-10295
-6435
-5393
-9050
-9974
-6159
-3316
-2799
-1422
-213
-887
47
3152
5472
6572
7434
6312
4297
6456
11548
12860
8479
4724
5625
9837
12812
10784
5020
-653
-1962
993
5184
2868
-5873
-11181
-7991
-3685
-3139
-3395
-6848
-13414
-13623
-3494
2209
-3452
-9901
-9405
-5361
1521
8663
5223
-5764
-6099
6476
13343
9264
4439
2073
1958
7700
13928
9198
-278
-1186
3618
4506
2516
937
-3261
-7105
-6255
-3606
-4801
-6860
-7937
-9874
-10719
-7903
-5265
-6767
-7986
-6953
-5540
-4166
-504
1208
-950
-2613
436
5177
7954
7467
4120
2258
6116
12078
12226
7288
4332
5949
9587
12146
10785
5392
-946
-2337
2397
7417
2977
-6864
-10427
-6194
-2818
-1867
-2308
-8159
-14494
-10828
-607
628
-6091
-9664
-8360
-5440
1676
7733
1943
-7413
-3893
7489
10740
7468
4362
891
1050
9095
14093
6822
-1392
-36
4676
5365
3886
807
-3774
-5333
-2779
-1944
-4541
-5994
-6976
-9287
-9585
-6090
-4945
-7499
-8675
-7314
-5721
-3461
-847
-1602
-3786
-2615
1600
4475
5071
4274
2997
4025
7979
10428
8309
6203
7342
8748
8838
9353
9849
6641
1055
-1205
2940
6746
2528
-5497
-8428
-5909
-2864
-248
-1975
-9900
-14863
-8139
334
-1431
-8091
-10093
-8209
-3922
3160
4880
-2779
-6997
850
8422
7479
4940
3856
2016
4182
10576
10471
3707
1349
4147
4290
3111
3674
1828
-2688
-3669
-2204
-4036
-5940
-4309
-4715
-9553
-11096
-7429
-5348
-6321
-7037
-7963
-8073
-3965
421
-864
-4342
-3410
792
4390
5953
4864
2689
3993
8920
11146
8477
6452
7872
9444
9587
9495
8585
4504
371
958
5265
4822
-1719
-6835
-6486
-4309
-2426
-1715
-6283
-12689
-11462
-3589
-1472
-6226
-9128
-7949
-5597
-861
3398
319
-4957
-1823
5781
7319
5135
4515
3798
4087
8356
10432
5700
2214
4551
5725
3036
2014
2563
489
-2065
-2559
-4203
-6712
-5114
-2717
-6019
-11206
-10880
-7369
-5102
-4724
-6859
-9827
-7597
-848
1432
-2471
-4872
-1943
2567
5615
5987
3797
2932
6489
10526
9695
7333
7564
8859
8735
8943
8896
5197
753
1069
5063
4393
-913
-5115
-5836
-5392
-2852
-825
-5451
-12463
-11091
-3259
-1247
-5331
-8501
-8769
-6550
-220
4002
-590
-6201
-2188
5625
7366
5521
4014
2150
3221
9279
11306
5097
725
3549
6394
4983
2839
1074
-731
-766
-82
-2176
-5891
-6518
-4997
-5005
-6790
-8474
-9406
-8403
-5584
-4568
-6364
-7153
-4798
-2225
-1349
-1536
-1308
-81
2149
4030
4847
5355
6426
7490
7799
8212
8919
9311
8754
8301
8070
5778
2066
1442
4780
4498
-1021
-4994
-4831
-4542
-3405
-1448
-4815
-11609
-11021
-3428
-1114
-5284
-8089
-8067
-6883
-1519
4135
1130
-5561
-3341
4572
7288
5998
4900
2370
1841
7430
11279
6550
1402
2249
4330
4396
4384
2473
-1841
-2917
117
430
-4074
-7207
-6795
-5431
-4599
-4894
-8390
-10895
-7338
-2315
-2876
-5999
-6265
-4503
-1674
1214
909
-1921
-1140
3095
5249
4848
5274
6235
6129
6835
8507
8738
7640
7920
8455
4973
255
748
5801
6079
-173
-5776
-6047
-3734
-800
142
-4860
-11781
-10668
-2327
821
-3768
-7954
-7912
-5937
-1016
3916
1800
-4374
-3780
2759
6383
6313
5359
2359
550
5106
10112
7378
2069
1697
3141
2742
3182
3484
177
-3201
-2176
-376
-2152
-4295
-5064
-6691
-7663
-4909
-3382
-6896
-9296
-6326
-3293
-2901
-2687
-3290
-4519
-2273
2282
2642
-413
-725
1911
4108
5548
6489
5500
4507
6084
8501
8636
7602
7550
5526
522
-1278
3896
7326
2525
-4775
-7274
-5792
-1806
2073
-903
-10265
-13528
-5360
2189
342
-5468
-8306
-7851
-2629
4830
5303
-2055
-4927
573
5733
6950
7028
4221
-129
1680
8000
8843
3951
1408
1504
956
1454
3355
1923
-2597
-4478
-2749
-1997
-3076
-3738
-4848
-7080
-7073
-4247
-3264
-5037
-5755
-4852
-3735
-1804
-252
-1218
-2611
-1161
1457
2308
1564
1021
1468
2947
4644
5363
4933
4710
5340
6208
6724
7699
6531
784
-3811
157
6853
5269
-2329
-7290
-7684
-4061
2563
3655
-5732
-13882
-8724
1629
3914
-946
-5857
-8393
-5424
3601
8322
1930
-4810
-2295
3563
6468
7944
5899
-195
-1622
4583
8403
5143
1380
-114
-1082
-174
2757
2487
-1664
-4400
-3503
-2335
-2258
-2621
-3880
-5476
-5306
-3944
-3712
-3562
-2860
-3158
-4023
-2446
-359
-121
-640
-625
-845
-143
2002
2623
1229
765
2343
3668
4430
5052
5046
4445
4985
7070
6401
871
-3307
287
5832
4712
-1312
-5904
-7407
-4301
2257
3659
-4495
-11732
-8240
6
3311
873
-3775
-7671
-5677
2665
7890
3540
-2671
-2630
1385
5261
8181
6587
521
-1925
2425
6264
5412
2781
-330
-3133
-2117
1913
2540
-1324
-4584
-4463
-3326
-2399
-1829
-2789
-4659
-4570
-3124
-3139
-3038
-1281
-708
-2249
-2321
-467
770
1091
920
-166
-668
838
2462
2157
1069
1126
2122
2861
3534
4190
4334
3964
4541
5129
2453
-1976
-2154
2625
4841
1370
-3393
-6183
-6130
-1428
3933
1573
-6907
-9802
-4435
1536
3180
978
-4212
-7596
-3063
5373
7145
1809
-2169
-1729
1124
5748
8582
4460
-1565
-1413
2704
4331
3912
2123
-2088
-4675
-1786
1971
966
-2544
-4397
-4509
-4247
-3068
-1683
-1801
-3145
-3917
-4250
-3668
-851
1662
227
-2771
-2878
-122
2783
3427
927
-1850
-1102
2233
4316
3707
1570
552
2119
4934
6189
5920
5326
2200
-2835
-3171
3839
8001
2689
-4976
-7601
-6090
-1095
4610
2651
-6823
-10677
-4477
2128
3192
979
-3272
-6944
-3782
4286
6847
2049
-1487
-825
706
3488
6921
5252
-229
-1515
1555
3015
2699
2111
-762
-3953
-2930
361
414
-2135
-3651
-3519
-3145
-2978
-2856
-2594
-2168
-1576
-1648
-2326
-2180
-475
1159
943
-189
-769
94
1375
1871
862
-486
-407
1391
2805
2137
1039
1440
3026
3982
4546
4912
2156
-2851
-3321
2520
5995
2920
-1687
-4845
-6497
-3078
3795
4579
-2722
-7927
-5868
-737
3284
4124
-50
-5766
-5183
1778
6587
4858
764
-1975
-2406
1045
6074
6018
818
-2399
-1359
669
2458
2640
-598
-4154
-3857
-1281
50
-372
-1786
-3498
-4015
-2447
-426
50
-1086
-2310
-2423
-981
1004
1438
68
-908
-406
697
1240
998
101
-633
-553
277
827
548
15
283
1047
1954
3099
4320
4627
1290
-3606
-3770
2602
6653
3516
-1890
-5357
-5730
-867
5824
5086
-2708
-6719
-3523
1289
3918
3942
345
-4104
-3563
1721
5117
3557
574
-1634
-2684
-544
3808
4175
-121
-2700
-1694
-690
-320
173
-899
-3033
-3458
-2163
-1172
-729
-540
-1005
-1891
-2122
-957
805
1545
791
-675
-1315
-84
2190
2951
1440
-309
-739
33
941
771
-508
-1567
-1515
-953
-362
-248
-386
-259
752
2326
3934
3609
-882
-5165
-2959
4027
6114
1814
-3216
-5630
-4185
1485
6517
3836
-2708
-4669
-1371
2368
4820
4762
151
-4326
-2378
3556
5603
3335
518
-2112
-3028
291
4249
2518
-1968
-3499
-2850
-2282
-644
142
-2699
-5478
-4160
-1173
-430
-1219
-2149
-2570
-1241
1112
1765
257
51
1817
2862
2309
1676
1670
2001
2921
2932
1111
-331
219
992
167
-780
-1204
-1307
-1629
-1627
-1399
-1001
-45
1556
2384
-1004
-5731
-5698
110
4001
2385
-1493
-5016
-6261
-2285
4859
6558
1362
-3020
-2320
1232
5400
8091
5197
-1102
-2784
1910
6170
5984
3547
-125
-3136
-1863
2509
3073
-589
-3362
-4186
-4636
-3568
-1624
-2632
-5335
-5768
-4018
-2599
-1850
-1861
-2763
-2522
-486
1148
1007
884
1718
2689
3463
4054
3946
3182
3145
3662
3718
3149
2399
1141
-73
7
783
352
-1149
-2144
-1933
-810
575
1594
-838
-6128
-8462
-3996
1377
1358
-1831
-5390
-7846
-5729
1765
6318
3098
-1787
-2785
-387
3806
8350
8167
2561
-1613
884
6236
8446
6916
2751
-1697
-2211
2203
4637
1336
-3026
-4627
-4602
-3424
-1645
-2816
-6661
-8172
-5671
-2992
-2487
-3528
-4874
-4625
-2055
683
923
-185
-174
1473
3351
4389
4260
3410
3037
3650
4430
4252
3331
2468
2041
2113
2235
1725
436
-465
-392
165
613
888
1030
-1283
-5555
-7441
-3909
169
-159
-2958
-5930
-8129
-6838
-739
3585
1619
-2219
-3143
-1433
2057
6359
6864
2725
-130
2209
6047
7308
6523
4510
1885
758
2379
3406
2030
292
-838
-2483
-3640
-2903
-2644
-3984
-5427
-5916
-6199
-5765
-4564
-3854
-3713
-3704
-3493
-2704
-544
1460
1711
1002
1113
2296
3716
4627
4251
3058
2535
3279
4432
5055
4880
3696
2393
1931
2741
3499
3700
2304
-2239
-6883
-6365
-983
1193
-1865
-6429
-9389
-9421
-5024
73
-458
-4391
-5719
-3558
-720
2596
4742
3490
992
1032
3510
5766
7098
6562
3910
1575
2499
4937
5052
2811
319
-1055
-1068
-5
140
-1633
-3664
-4500
-4372
-3940
-3678
-4172
-4766
-4515
-3611
-2473
-1275
-904
-1549
-1765
-974
170
1303
2164
1880
889
709
1662
3002
3623
3324
2523
2740
3879
4615
4227
4153
4243
1853
-2095
-3461
-867
1392
1446
-719
-4897
-8346
-6474
-878
1524
-979
-4724
-6277
-4546
18
3544
2385
-1325
-2764
-712
2266
4303
4294
2074
-211
38
2194
3436
2874
1275
-384
-1024
108
1511
1326
-204
-1631
-1779
-979
-240
-598
-1484
-1783
-1292
-681
-568
-499
-290
-262
-822
-1306
-1130
-482
54
-129
-956
-1415
-400
1297
1864
1047
188
332
1467
3387
4997
3611
-647
-3393
-1399
2309
3766
2555
-616
-4077
-4359
-724
2374
1955
-354
-2298
-2784
-1215
1349
2363
1220
-253
-841
-604
189
1127
1020
-457
-1841
-1807
-1256
-1223
-1398
-1458
-1905
-2315
-2108
-1992
-1858
-809
703
898
395
130
402
1374
3126
4058
3067
1647
1143
1568
2450
3107
2196
1
-1430
-790
710
1170
-213
-2018
-2794
-1922
-289
655
140
-639
-285
-406
-1953
-3241
-2163
-466
226
91
-725
-2184
-2779
-1091
1254
2564
2538
1621
267
313
2712
4907
4334
1831
397
757
2076
3121
2405
-202
-2108
-1646
-880
-1550
-2941
-4374
-5742
-5819
-4501
-3320
-3179
-3501
-3977
-3929
-2274
556
2362
2077
1135
1514
3258
4846
5136
4247
3218
3071
3774
4204
3590
2671
2164
1995
1504
724
137
223
608
612
-236
-2360
-4601
-5265
-3890
-2562
-2179
-2726
-4154
-5746
-5392
-2806
-361
508
225
-389
-581
789
2963
3993
3369
2692
2962
3728
4255
4013
3075
2022
1853
1823
802
-909
-1696
-1474
-1439
-1870
-2889
-4091
-4859
-4356
-3547
-3357
-3271
-2739
-2012
-1612
-1172
-648
61
847
1615
1940
2111
2637
3197
3382
3645
4370
4615
3677
2377
2098
2906
3785
4094
2951
-6
-2917
-3247
-1628
-638
-953
-2474
-4745
-6118
-5108
-3198
-2073
-1816
-2105
-2699
-2532
-977
706
1454
1275
848
639
1355
2556
2781
1622
546
653
1195
1420
934
-218
-1214
-860
305
607
-326
-1605
-2148
-1480
-34
653
50
-795
-931
-437
290
1020
949
248
-188
110
527
1098
1690
1508
697
374
1060
1985
2691
2974
2661
1442
-299
-1670
-1831
-1065
-165
-180
-1493
-3097
-3458
-2225
-455
741
615
-272
-644
-171
323
517
572
299
-15
-67
63
31
-38
-364
-974
-1406
-1409
-1277
-1339
-1431
-1636
-2062
-2317
-1920
-1251
-669
4
433
516
939
1945
2431
2176
2049
2093
1991
2041
2255
2021
1576
1457
1497
1329
1269
1202
846
598
1039
1536
814
-786
-2123
-2607
-2321
-1143
-302
-1215
-3039
-3589
-2627
-1411
-241
526
357
-324
-344
339
1008
1490
1601
1124
408
256
695
1002
730
-13
-763
-1243
-1534
-1684
-1612
-1580
-1949
-2259
-1970
-1452
-1178
-899
-640
-550
-240
442
864
869
1149
1634
1824
1787
2082
2432
2547
2460
2190
1777
1641
2092
2373
2096
1056
-317
-1562
-1900
-1532
-952
-831
-1518
-2634
-3020
-2326
-1354
-701
-182
280
487
381
263
509
1258
2037
2004
970
-189
-448
139
635
131
-1042
-2074
-2442
-2203
-1653
-1477
-1953
-2424
-2195
-1561
-1174
-848
-475
-251
-53
636
1339
1528
1516
1764
2271
2621
2690
2341
2120
2266
2612
2545
2130
1795
1637
1459
575
-883
-2258
-2381
-1789
-1436
-1867
-2491
-3025
-3071
-2572
-1931
-1234
-372
393
378
83
415
1221
1729
1695
1522
1245
1178
1335
1317
761
275
130
-275
-942
-1336
-1475
-1671
-1567
-1306
-1494
-1963
-1997
-1595
-1000
-256
151
-181
-603
-350
401
1028
1445
1535
1234
1226
1805
2368
2496
2689
2789
2570
2394
2137
1138
-214
-870
-988
-967
-821
-864
-1809
-2868
-3073
-2536
-2001
-1379
-864
-1015
-1545
-1285
-195
775
1060
721
86
32
1074
2054
1725
426
-550
-717
-230
116
-457
-1684
-2247
-1547
-432
-103
-710
-1319
-937
213
1106
1158
769
675
1297
2349
2908
2492
1849
1870
2134
2133
1894
1742
1350
1030
1003
665
-590
-1716
-2097
-2870
-3943
-3868
-2621
-1838
-1128
-482
-944
-2222
-2118
-676
888
2193
2853
1868
7
-955
-525
461
1224
1180
155
-994
-1160
-394
-38
-532
-1130
-1303
-1233
-801
-398
-481
-726
-381
-2
-95
-303
-204
28
300
704
1120
1383
1443
1365
1341
1639
2229
2549
2166
1440
1263
1847
2426
2243
1280
169
-494
-464
-166
-205
-650
-1174
-1715
-2322
-2715
-2405
-1535
-884
-1077
-1746
-2097
-1598
-597
187
123
-325
-516
-396
-567
-842
-601
-155
-160
-696
-1069
-1071
-603
64
288
-282
-788
-523
111
607
818
670
262
330
1243
2285
2561
2097
1665
1642
1957
2195
1981
1390
1088
1251
1488
1405
890
-20
-937
-1301
-1107
-767
-735
-1218
-1984
-2255
-1850
-1187
-862
-777
-772
-721
-584
-276
155
503
631
431
70
-38
273
433
102
-404
-605
-633
-568
-656
-1018
-1428
-1322
-986
-1004
-1188
-1153
-953
-699
-200
131
14
40
649
1304
1543
1592
1589
1529
1677
2052
2235
2147
2139
2165
1972
1769
1494
800
15
-15
284
23
-717
-1188
-1491
-1691
-1461
-992
-1072
-1551
-1706
-1526
-1411
-1378
-1274
-1237
-983
-461
-200
-623
-1038
-853
-261
94
30
-235
-362
-98
372
582
282
-19
135
498
566
480
534
662
647
591
522
549
701
1019
1181
1009
668
636
924
1118
999
807
780
887
1004
714
89
-358
-121
183
91
-452
-875
-1030
-848
-851
-1206
-1471
-1091
-526
-483
-694
-780
-774
-707
-303
-115
-507
-900
-561
-259
-526
-826
-647
-598
-683
-535
-492
-915
-1043
-452
24
-2
-80
-69
-151
114
882
1467
1409
1224
1321
1657
1961
2126
2011
1865
1929
2124
2106
1820
1430
1147
1030
817
284
-367
-697
-948
-1401
-1863
-1932
-1873
-1855
-1842
-1934
-2111
-1807
-932
-338
-263
-349
-432
-582
-342
245
526
195
-257
-481
-632
-817
-1006
-932
-570
-166
-261
-812
-1068
-597
156
578
497
114
-51
316
928
1157
1084
967
920
991
1318
1634
1701
1620
1631
1705
1824
2031
2103
1886
1529
1410
1202
576
-239
-661
-688
-649
-731
-1075
-1615
-2117
-2317
-2166
-1717
-1369
-1572
-2190
-2653
-2431
-1734
-1124
-1146
-1516
-1614
-1149
-526
-117
-28
-22
281
870
1180
943
610
616
987
1315
1326
1029
732
573
631
903
1127
1024
637
491
842
1385
1456
1056
678
675
986
1209
1036
528
132
20
-37
-461
-1202
-1685
-1407
-720
-133
200
403
428
461
630
784
803
708
366
-376
-1240
-1840
-2193
-2424
-2518
-2418
-2418
-2557
-2554
-2318
-1971
-1438
-832
-577
-488
-73
461
615
691
1027
1338
1463
1648
1833
1875
2056
2342
2246
1896
1940
2235
2207
1923
1637
1207
717
524
540
353
55
-174
-571
-1092
-1229
-917
-624
-529
-560
-803
-1136
-1045
-608
-393
-728
-1260
-1565
-1476
-1226
-1190
-1382
-1480
-1360
-1112
-825
-612
-540
-365
19
313
355
387
504
540
562
632
717
778
863
738
421
272
371
386
312
351
352
266
375
579
507
410
633
958
1035
936
735
554
595
874
992
797
551
437
481
695
937
826
341
-22
25
55
-323
-878
-1338
-1585
-1707
-1875
-2275
-2650
-2690
-2638
-2773
-2941
-2775
-2378
-1978
-1747
-1580
-1182
-380
404
737
855
1313
2149
2881
3140
2964
2702
2705
3096
3421
3187
2407
1713
1388
1256
1038
625
-63
-824
-1172
-1134
-1150
-1412
-1633
-1693
-1602
-1337
-1015
-823
-787
-685
-446
-181
4
218
484
656
790
891
837
652
622
649
429
49
-261
-468
-719
-1082
-1646
-2194
-2385
-2070
-1675
-1721
-2201
-2546
-2269
-1491
-619
-135
-148
-200
193
961
1733
2188
2251
2080
2037
2293
2757
3106
3045
2509
1837
1529
1677
1806
1446
676
-49
-305
-59
171
-243
-1150
-1734
-1565
-1084
-951
-1340
-1845
-1915
-1432
-934
-987
-1329
-1326
-923
-562
-477
-542
-607
-535
-327
-248
-408
-521
-337
-37
105
86
0
-59
5
212
400
471
472
458
431
447
452
370
339
487
662
656
569
611
746
874
989
1043
921
742
680
696
658
549
368
124
-5
23
-56
-274
-377
-307
-238
-303
-518
-686
-546
-236
-151
-420
-831
-1074
-1001
-768
-737
-1028
-1254
-1128
-876
-840
-894
-813
-596
-383
-293
-457
-613
-331
254
515
275
57
165
513
959
1321
1317
1068
1002
1189
1374
1431
1379
1140
807
658
687
694
572
362
96
-64
-143
-334
-439
-257
-71
-258
-589
-762
-690
-385
-51
-83
-461
-681
-467
-152
-101
-234
-489
-789
-938
-785
-607
-616
-654
-647
-669
-634
-405
-162
-6
105
145
56
-4
122
344
448
267
-82
-226
13
366
452
258
37
50
406
922
1150
954
771
922
1136
1131
1039
979
856
706
567
354
72
-58
-61
-268
-656
-905
-926
-905
-864
-832
-869
-938
-969
-929
-788
-604
-532
-496
-371
-203
-154
-192
-167
-44
127
267
261
105
24
146
314
350
267
95
-118
-178
-26
124
160
97
-30
-139
-79
142
315
310
227
201
256
428
583
527
362
400
615
691
583
470
432
422
494
575
486
278
197
207
160
65
-58
-357
-687
-794
-815
-1002
-1250
-1367
-1405
-1301
-1102
-954
-945
-855
-627
-389
-251
-130
27
224
438
556
516
421
490
681
793
715
557
417
462
622
651
449
224
136
152
250
337
303
176
127
126
163
327
512
431
75
-189
-121
140
325
218
-164
-471
-307
144
343
80
-330
-510
-366
-128
-147
-447
-633
-508
-353
-397
-471
-434
-358
-348
-439
-602
-676
-590
-525
-589
-633
-506
-277
-112
-67
-38
101
291
353
342
399
483
475
472
547
631
678
734
730
616
550
659
846
847
623
396
364
494
610
567
299
-14
-76
118
228
52
-293
-565
-629
-508
-401
-457
-586
-655
-689
-693
-572
-436
-498
-699
-761
-639
-494
-459
-555
-750
-820
-566
-143
47
-86
-239
-104
324
698
671
289
42
183
498
652
534
283
175
300
461
495
477
517
552
538
504
481
438
393
358
237
58
11
108
124
-14
-75
-7
51
56
46
34
52
63
15
-99
-252
-372
-373
-356
-502
-724
-813
-726
-605
-512
-534
-723
-847
-654
-360
-291
-292
-151
-43
-121
-81
122
230
262
328
226
-10
93
474
555
279
132
212
338
457
533
468
400
483
542
438
337
386
429
339
227
196
209
268
328
262
97
-17
-32
-49
-97
-143
-247
-398
-484
-479
-482
-554
-623
-670
-692
-640
-544
-490
-477
-399
-298
-274
-280
-190
-38
36
53
148
350
492
483
407
369
425
562
609
448
241
217
232
60
-134
-61
85
-48
-315
-435
-387
-183
82
98
-179
-274
56
388
417
360
469
615
686
672
576
499
598
713
559
271
123
70
-62
-262
-467
-684
-825
-865
-950
-1137
-1298
-1327
-1283
-1160
-985
-880
-932
-875
-517
-85
146
166
102
95
333
733
973
890
696
627
717
929
1113
1072
764
436
340
453
559
479
198
-129
-240
-101
40
-53
-214
-271
-239
-192
-129
-124
-143
-96
-8
54
111
218
278
243
203
253
328
320
108
-219
-372
-260
-184
-378
-734
-985
-965
-743
-586
-645
-765
-772
-626
-425
-281
-268
-294
-222
-76
53
182
326
418
410
349
345
473
693
795
598
253
136
366
592
559
370
216
181
277
408
422
348
324
383
418
374
325
332
361
340
227
77
-32
-88
-162
-254
-317
-402
-536
-640
-685
-706
-670
-675
-843
-980
-831
-575
-527
-620
-685
-655
-444
-84
46
-195
-363
-87
356
531
449
354
335
413
583
682
601
474
419
407
373
324
338
399
373
234
144
185
221
143
24
-66
-81
62
265
251
45
-35
61
151
214
223
47
-179
-144
74
150
13
-184
-340
-397
-360
-361
-432
-503
-567
-672
-773
-736
-598
-505
-512
-522
-473
-334
-181
-138
-192
-142
94
300
322
225
196
331
588
745
677
496
454
563
697
734
642
493
384
407
499
554
461
255
127
200
333
293
61
-153
-206
-169
-142
-223
-451
-654
-622
-482
-514
-690
-813
-803
-689
-547
-533
-642
-648
-489
-308
-217
-187
-218
-215
-57
149
199
108
61
129
290
396
353
241
271
485
646
582
430
435
545
589
541
441
298
172
121
131
137
106
26
-98
-196
-134
63
181
93
-59
-57
109
266
306
223
40
-62
78
253
137
-152
-275
-282
-354
-422
-488
-640
-776
-739
-703
-806
-891
-821
-714
-655
-582
-523
-481
-359
-119
50
128
238
377
473
560
669
747
864
1024
1035
855
723
770
866
885
737
451
225
221
287
197
-14
-197
-334
-464
-549
-560
-570
-645
-723
-713
-607
-490
-420
-422
-378
-199
31
118
27
-69
4
235
429
371
119
-36
34
203
263
152
-79
-250
-256
-174
-152
-183
-244
-357
-425
-331
-130
14
50
-21
-123
-30
304
548
443
238
233
407
622
743
640
394
336
554
669
488
266
184
153
145
149
8
-245
-348
-252
-221
-361
-521
-605
-638
-621
-576
-586
-622
-595
-560
-538
-440
-257
-143
-157
-234
-241
-92
110
154
26
-101
-99
41
243
309
177
3
-4
167
379
485
401
199
110
316
611
707
551
318
198
300
524
564
318
38
-58
-6
94
76
-135
-337
-326
-241
-254
-322
-347
-368
-344
-257
-225
-312
-308
-92
40
-79
-141
37
240
278
205
87
51
215
356
184
-178
-318
-197
-81
-161
-353
-528
-542
-387
-231
-228
-322
-329
-245
-141
-24
85
115
103
135
259
429
526
488
443
514
620
628
553
521
516
502
460
357
206
131
148
89
-98
-306
-439
-496
-486
-548
-685
-801
-822
-757
-648
-552
-527
-479
-351
-185
-60
73
194
275
336
424
485
515
535
518
466
451
496
473
376
297
290
258
227
208
96
-72
-167
-190
-259
-341
-395
-490
-589
-551
-418
-390
-445
-408
-273
-127
-12
36
13
67
256
393
371
312
307
296
304
313
245
107
27
17
-51
-171
-280
-344
-322
-260
-314
-479
-543
-463
-361
-236
-129
-185
-335
-285
-35
191
309
341
240
107
266
669
863
703
473
403
496
703
841
723
423
238
316
475
472
291
92
-63
-159
-175
-163
-267
-487
-672
-740
-728
-686
-669
-767
-886
-835
-630
-484
-492
-523
-465
-290
-69
72
57
-5
69
253
380
388
333
247
189
224
288
275
206
112
-19
-105
-38
38
-7
-129
-207
-224
-166
-16
106
85
4
56
226
388
492
517
421
346
466
652
667
522
381
275
258
381
439
231
-63
-148
-78
-59
-142
-275
-430
-554
-572
-551
-550
-558
-580
-646
-674
-559
-377
-300
-326
-303
-217
-101
40
147
162
176
260
330
342
387
440
382
245
178
185
192
143
19
-151
-242
-219
-166
-175
-261
-344
-350
-284
-206
-135
-56
-5
-11
50
212
350
383
395
437
467
467
451
387
313
335
366
211
-16
-72
-5
31
2
-110
-298
-350
-208
-89
-117
-185
-250
-310
-216
-8
53
-77
-168
-126
-33
80
140
31
-116
-63
140
229
142
8
-39
38
162
158
1
-132
-130
-86
-111
-173
-229
-244
-217
-204
-243
-235
-125
-40
-56
-84
-51
-4
50
108
99
26
-20
21
93
119
69
-29
-74
-11
101
126
40
-59
-76
19
160
181
53
-80
-81
41
162
165
22
-96
-66
76
199
195
63
-62
-17
142
207
92
-35
-47
24
103
99
15
-48
17
82
37
-15
27
74
53
16
18
31
82
167
146
-8
-90
-25
2
-49
-93
-145
-299
-390
-307
-212
-248
-288
-257
-298
-366
-264
-46
34
-39
-108
-122
-70
117
301
235
33
-7
134
239
272
257
177
74
68
143
176
150
81
-21
-87
-45
37
53
-21
-75
-54
27
86
86
59
50
105
172
193
148
128
181
250
236
167
132
142
164
123
8
-79
-86
-91
-165
-266
-344
-376
-371
-376
-407
-422
-397
-372
-349
-288
-181
-81
-51
-61
-42
47
175
278
285
182
78
123
265
331
255
117
37
54
131
181
138
65
51
70
87
77
56
33
37
28
-14
-82
-107
-108
-128
-137
-101
-107
-172
-198
-114
-3
8
-64
-118
-62
38
93
78
57
68
106
163
228
273
271
212
117
62
106
171
129
-33
-190
-240
-192
-108
-98
-214
-339
-340
-270
-227
-196
-180
-204
-192
-135
-86
-38
28
88
113
127
137
138
163
232
259
217
163
159
189
208
191
146
109
116
102
24
-37
-7
30
-19
-104
-155
-162
-128
-62
-48
-116
-178
-149
-72
-6
30
-1
-67
-69
14
73
74
67
60
30
19
79
144
109
26
-29
-24
21
62
44
-44
-99
-64
3
-8
-64
-102
-117
-110
-100
-99
-108
-104
-110
-139
-160
-107
-39
-45
-72
-54
-36
-31
17
82
98
109
157
173
137
165
269
301
215
141
164
188
179
156
80
-60
-107
-12
23
-100
-248
-287
-257
-188
-124
-159
-300
-358
-239
-101
-84
-113
-109
-96
-45
53
126
142
190
257
252
191
209
307
335
252
135
60
33
42
31
-37
-122
-168
-189
-222
-246
-215
-148
-137
-168
-200
-178
-82
50
125
103
40
9
65
186
280
225
89
12
63
168
219
161
44
-7
31
76
42
-47
-133
-155
-115
-111
-171
-229
-219
-170
-101
-51
-66
-95
-46
57
112
106
108
102
123
157
181
138
64
49
112
162
121
36
0
56
128
126
29
-36
4
85
95
27
-51
-73
-20
43
23
-72
-123
-64
-3
-24
-103
-176
-184
-130
-92
-136
-216
-261
-242
-209
-161
-122
-145
-220
-237
-155
-77
-71
-78
-58
-48
-33
37
119
143
154
182
188
185
216
271
285
231
190
195
206
185
154
116
108
111
93
40
1
10
55
81
50
-7
-33
-23
16
65
58
-40
-104
-48
21
-11
-93
-136
-135
-93
-78
-143
-238
-234
-138
-93
-152
-216
-218
-201
-148
-66
-38
-81
-87
-36
3
24
65
82
24
-9
37
76
68
48
25
-7
-31
6
42
39
5
-14
-24
4
93
146
89
-1
47
174
214
161
113
99
147
260
282
157
47
92
204
214
124
-8
-114
-110
-30
-40
-181
-275
-263
-261
-273
-238
-223
-283
-308
-226
-128
-70
-26
0
-28
-10
97
180
170
139
129
124
163
236
237
147
108
149
152
122
102
79
28
4
-4
-27
-59
-77
-112
-174
-198
-130
-32
-56
-160
-203
-122
18
116
114
24
-54
-12
126
209
144
32
-25
-22
27
97
79
-24
-103
-107
-116
-120
-81
-96
-189
-235
-168
-90
-59
-58
-67
-88
-52
37
89
69
58
81
97
110
143
170
179
189
187
179
157
155
156
164
150
103
44
16
1
-43
-86
-99
-110
-161
-200
-197
-201
-218
-206
-221
-280
-292
-210
-125
-149
-215
-206
-118
-23
25
-6
-64
-27
114
196
156
119
145
182
234
313
338
310
245
171
149
219
281
197
8
-106
-79
1
29
-41
-160
-219
-152
-61
-74
-159
-184
-115
-48
-15
-7
-17
-23
32
126
153
103
36
17
59
125
115
17
-73
-95
-47
-4
-28
-111
-175
-164
-110
-70
-92
-146
-169
-113
-45
-37
-72
-72
-37
-25
-39
-47
-36
-17
35
63
23
-21
28
139
221
216
156
103
144
268
370
364
269
182
172
249
332
312
169
4
-86
-83
-45
-55
-164
-315
-403
-389
-321
-260
-253
-330
-420
-412
-283
-154
-118
-170
-234
-229
-101
72
120
56
14
68
152
209
208
162
144
195
223
164
106
101
89
47
36
39
8
-56
-98
-82
-13
47
41
-37
-99
-51
72
115
45
-31
-21
57
129
120
34
-22
9
87
114
64
-12
-56
-25
66
105
25
-95
-133
-50
59
78
-21
-139
-173
-97
11
17
-96
-225
-220
-99
5
0
-63
-93
-46
40
86
82
67
53
49
90
128
138
103
45
29
102
168
148
69
36
66
98
104
64
-12
-68
-39
10
-25
-114
-161
-146
-123
-108
-109
-152
-203
-175
-106
-77
-70
-48
-17
-23
-3
42
74
92
108
109
80
84
111
103
44
34
82
89
42
3
5
32
56
41
-36
-80
-38
22
-8
-83
-103
-83
-47
1
20
-30
-62
-12
54
59
38
33
24
11
45
105
129
101
47
-6
-3
60
76
-23
-137
-145
-83
-42
-69
-139
-182
-175
-120
-73
-109
-205
-203
-112
-77
-84
-52
-23
-20
4
50
61
77
131
138
82
82
158
183
133
93
82
74
90
98
40
-27
-13
22
7
-16
12
15
4
58
135
110
22
8
68
108
134
130
40
-43
-21
43
55
67
59
-7
-65
-28
64
95
30
-58
-117
-118
-71
-42
-90
-185
-214
-171
-137
-157
-166
-136
-101
-77
-56
-49
-23
10
17
-13
-34
4
62
62
1
-37
-5
53
66
18
-14
13
81
116
71
14
26
85
96
49
5
14
61
89
47
-16
-30
15
65
60
-3
-54
-45
-5
14
-2
-38
-71
-48
10
31
3
-41
-64
-51
-13
16
-4
-44
-55
-26
10
7
-33
-49
-32
1
4
-37
-96
-104
-59
-18
-15
-47
-73
-58
11
60
50
25
22
34
56
83
101
94
94
109
113
117
128
113
43
-4
7
17
-4
-25
-32
-43
-37
-28
-31
-35
-12
6
-5
-29
-20
8
36
39
13
9
24
29
-8
-26
-10
14
-6
-61
-77
-57
-38
-17
-9
-41
-68
-52
-42
-36
4
46
3
-46
-12
43
60
33
2
-16
-6
40
71
43
6
18
39
47
52
40
6
-40
-35
0
-6
-53
-93
-98
-62
-25
-23
-60
-85
-77
-49
-33
-18
-24
-63
-68
-15
22
6
-24
-33
9
65
103
72
28
32
88
128
124
103
58
36
94
166
149
79
48
66
69
60
64
46
20
-3
-22
-42
-40
-45
-78
-97
-89
-76
-86
-95
-91
-84
-89
-62
-25
-20
-36
-57
-44
11
56
47
10
-7
-2
26
54
37
-21
-50
-22
17
24
-21
-67
-82
-58
-52
-73
-85
-90
-98
-92
-58
-35
-26
4
29
26
43
83
94
89
109
127
118
97
91
98
94
85
60
12
-19
-9
7
12
-15
-66
-101
-89
-24
14
-15
-68
-75
-41
2
20
-6
-26
-3
44
82
78
50
36
35
40
48
49
9
-37
-71
-56
-26
-29
-76
-140
-156
-105
-42
-38
-89
-147
-129
-39
30
16
-28
-59
-41
16
72
72
17
-24
-4
57
100
92
44
4
19
85
125
111
71
45
43
42
52
48
24
1
-11
-5
9
23
22
1
11
49
52
12
-15
-17
8
42
36
-6
-36
-28
-7
1
3
2
-14
-33
-33
-23
-14
8
19
-12
-59
-57
-18
10
3
-11
-10
-12
-27
-38
-51
-69
-64
-74
-96
-86
-24
-11
-48
-73
-52
-1
13
-5
-11
13
44
46
12
-24
-6
86
146
116
54
28
65
127
138
81
28
18
31
52
48
-3
-52
-78
-93
-86
-90
-99
-89
-69
-73
-86
-63
-24
-9
-17
-6
6
12
23
33
29
2
-8
19
51
78
104
82
34
29
74
120
109
53
5
22
54
46
25
6
3
-7
-11
-12
0
-7
-51
-79
-74
-53
-20
-9
-52
-66
-22
24
16
2
1
-15
-11
12
13
4
26
37
-1
-8
18
21
-4
-16
-28
-54
-74
-94
-111
-110
-92
-78
-68
-80
-94
-77
-49
-29
-21
-48
-67
-33
40
89
90
57
47
72
122
164
156
131
108
116
127
130
125
85
36
11
15
5
-39
-79
-91
-73
-53
-43
-77
-136
-142
-92
-48
-37
-53
-69
-60
-21
43
78
57
21
5
32
63
62
22
-31
-52
-35
8
20
-8
-35
-35
-10
-6
-26
-50
-35
-12
2
5
-9
-12
6
27
22
9
-13
-21
-5
21
35
17
-11
-4
29
47
31
16
35
49
26
-11
-34
-20
14
29
12
-15
-14
20
52
31
12
31
58
54
39
12
1
7
-4
-41
-55
-45
-59
-68
-77
-75
-68
-50
-35
-29
-20
0
16
17
7
24
51
62
50
17
12
39
58
44
17
8
29
50
53
40
24
14
20
26
11
-1
0
10
9
-2
-20
-19
-18
-25
-43
-48
-11
22
27
-1
-35
-30
9
17
-9
-16
-14
-12
-8
1
-9
-12
-4
-4
2
6
16
37
36
4
-14
-13
8
30
21
-8
-49
-47
-11
-4
-15
-15
-35
-63
-49
-19
1
-13
-45
-54
-24
18
49
33
4
-3
26
60
80
51
-1
-5
53
91
67
39
21
8
-2
3
-6
-20
-38
-60
-76
-77
-64
-72
-96
-100
-62
-22
-15
-27
-58
-64
-47
-22
10
2
-32
-42
-14
14
32
50
39
21
36
63
67
27
-13
-13
10
36
27
-5
-18
5
42
41
14
-8
-3
6
31
53
54
56
57
64
56
48
27
20
-2
-17
-17
-29
-35
-14
11
18
9
-12
-3
11
-11
-41
-35
-30
-44
-44
-16
12
19
12
6
22
52
57
9
-41
-50
-16
-7
-47
-88
-82
-42
-27
-50
-77
-52
-26
-29
-33
-16
-16
1
58
61
21
33
60
66
57
40
33
31
16
7
10
-6
-8
9
1
-6
10
14
-4
-9
7
12
5
-15
-18
-4
6
14
7
-20
-7
22
30
32
52
65
65
76
59
27
31
41
29
4
-19
-19
-11
6
2
-34
-49
-40
-30
-16
-3
3
6
-3
-7
1
4
-5
-16
-8
-20
-24
-34
-50
-60
-68
-48
-16
1
-15
-26
-24
5
18
18
0
-30
-33
-5
26
15
-6
-37
-61
-28
9
22
23
21
35
61
70
70
78
78
55
20
10
22
27
21
-4
-23
-48
-37
-9
-13
-31
-61
-72
-72
-64
-53
-45
-48
-46
-36
-21
-5
2
-11
-10
14
25
18
21
49
65
49
25
15
32
59
39
24
36
40
28
1
-21
-28
-17
-16
-44
-75
-81
-62
-30
-15
-13
-30
-45
-19
4
6
-7
-8
1
-14
-6
15
33
34
19
16
53
87
78
43
16
18
21
12
-17
-26
-23
-22
-20
-38
-66
-74
-62
-47
-34
-17
-16
-19
-9
21
54
55
53
25
0
15
40
50
44
35
26
54
69
75
72
47
8
-9
7
12
8
-19
-35
-34
-24
-18
-40
-59
-59
-46
-49
-45
-36
-32
-21
-11
-19
-10
21
24
16
-5
-7
25
8
-36
-57
-58
-47
-25
-11
-13
-5
16
24
25
22
-12
-42
-38
-20
-6
16
19
-16
-38
-11
28
42
8
-28
-23
19
66
82
66
58
75
98
97
65
51
64
74
62
54
35
30
32
27
12
-7
-6
-4
-17
-26
-24
-17
2
5
-17
-33
-42
-35
-24
-43
-92
-107
-84
-54
-30
-34
-25
-2
31
32
16
15
44
56
35
20
28
31
7
-21
-22
-1
-14
-43
-63
-49
-30
-39
-75
-88
-95
-65
-18
-24
-37
-25
0
20
26
12
7
20
37
49
54
55
35
44
58
65
65
35
-6
-6
22
25
-8
-45
-35
-16
-17
-23
-12
-21
-25
6
22
-26
-58
-59
-42
-9
-15
-43
-57
-27
-4
9
6
-17
-34
-18
-15
-24
-30
-22
-19
-29
7
33
54
24
-21
-39
-10
35
49
23
-2
17
52
83
61
39
36
41
37
27
4
9
21
15
6
12
26
16
9
6
12
8
-5
-23
-38
-39
-43
-43
-41
-48
-51
-51
-43
-2
31
18
20
24
-12
-28
26
53
22
4
13
36
58
58
38
17
25
53
38
7
0
-5
-20
-27
-39
-58
-64
-43
-12
-4
-4
4
3
14
33
30
9
11
36
70
83
54
31
33
40
37
8
-25
-22
-28
-44
-27
-19
-32
-31
-50
-48
-23
-14
-19
-20
-4
6
1
-21
-21
0
-1
-45
-55
-26
-20
-7
3
6
12
40
47
41
45
34
29
26
2
-20
1
17
23
12
-3
5
31
42
12
-10
2
4
-22
-39
-43
-45
-28
-13
-35
-64
-69
-41
-6
3
-20
-58
-43
16
26
3
-8
-2
16
50
53
29
25
25
16
22
39
46
33
39
47
50
45
19
-22
-57
-70
-96
-96
-103
-131
-137
-100
-73
-78
-99
-114
-70
-25
-43
-62
-31
20
59
66
37
27
79
126
117
73
64
73
79
87
76
62
53
63
45
20
-7
-33
-31
-31
-24
-6
43
54
34
-4
-28
-3
42
54
6
-9
18
58
60
45
39
37
47
37
35
41
31
1
-25
-6
11
-6
-31
-53
-62
-42
-25
-47
-77
-84
-51
-19
-20
-37
-37
-20
-22
-23
-38
-35
-22
-18
-5
17
35
36
36
25
5
-9
-5
-5
-22
-24
-1
30
58
74
65
56
53
41
21
-2
-8
-14
-17
-14
2
8
11
21
17
2
7
1
-20
-34
-30
-33
-47
-30
-8
-5
-21
-16
-24
-34
-39
-47
-63
-68
-50
-47
-53
-46
-14
-13
-10
-4
-4
1
10
30
21
-9
-13
21
25
16
14
4
16
32
38
36
43
33
3
8
33
41
32
32
26
10
-10
-35
-46
-48
-46
-53
-44
-30
-16
-15
-26
-18
-25
-22
17
42
23
2
20
35
28
25
41
44
46
39
16
8
11
15
1
-9
-1
6
-6
-1
3
-15
-7
-1
-6
-25
-31
-25
-39
-27
-8
-27
-46
-35
-10
8
6
-5
-4
17
45
38
24
39
46
31
14
18
14
-1
-2
-9
-17
-11
10
4
-23
-38
-12
21
27
4
-30
18
85
84
12
-20
12
38
34
2
-10
-6
28
16
1
2
8
3
-34
-38
-20
-4
-26
-42
-30
-6
7
-5
-29
-32
-14
-6
12
14
-22
-10
11
14
-1
-28
-37
-15
-11
-34
-32
-28
-7
-8
-9
-9
-24
-13
6
-15
-30
-3
29
41
43
20
0
34
42
-3
-45
-29
2
16
15
24
34
33
61
83
78
69
60
39
17
-5
-10
-3
-14
-10
-8
-10
-11
-15
-26
-32
-28
-34
-50
-64
-47
-49
-57
-66
-52
-38
-30
-17
-12
-2
13
24
7
-1
11
28
8
4
20
18
22
35
13
-2
17
-10
-49
-37
-13
-31
-44
-52
-72
-45
-28
-37
-37
-17
-19
-10
21
22
19
29
33
47
73
81
88
96
104
87
77
65
43
36
36
26
13
27
45
32
9
-12
-19
2
9
-24
-57
-58
-30
-7
-16
-50
-68
-46
-25
-47
-74
-51
-38
-26
-19
-15
-15
9
42
35
19
2
13
23
21
16
23
21
15
23
15
-2
-4
33
49
21
7
15
33
45
17
-33
-53
-20
-4
-35
-57
-50
-57
-53
-40
-64
-64
-47
-30
-38
-49
-31
13
47
39
17
3
31
59
36
1
11
31
26
3
10
28
25
0
-19
-20
-3
1
-49
-79
-67
-39
-42
-40
-22
-5
14
26
27
19
33
29
29
37
62
56
44
46
42
38
21
6
-11
1
2
1
-13
-29
-46
-37
-21
-26
-6
15
22
18
26
21
4
4
-11
-12
-17
-16
-28
-15
8
19
29
32
43
42
39
52
73
40
1
-13
-1
10
6
-3
17
32
19
2
16
19
1
-14
-21
-7
5
-8
-28
-22
-15
-12
-26
-28
-21
-23
-30
-25
-27
-17
-6
-6
-5
18
25
9
-4
-20
-42
-37
-13
-20
-27
-34
-25
-3
8
-22
-23
-12
-9
-25
-35
-8
-1
13
18
21
31