15
1
2
16
14
0
-2
-10
-17
-23
-19
-12
-24
-25
-11
-7
-7
-8
-20
-10
-7
-16
-26
-25
-35
-33
-27
-29
-28
-24
-3
6
30
24
23
31
26
12
13
22
13
6
8
24
24
29
24
20
22
12
0
-2
-2
-3
-4
1
9
13
6
22
38
34
20
22
44
33
3
-9
-3
-15
-30
-25
-12
-9
-6
5
11
12
19
21
20
13
12
10
1
-7
-1
4
-7
1
16
46
44
22
21
15
-3
-23
-26
-18
-19
-32
-33
0
11
6
-9
-14
-7
-5
-17
-36
-20
-5
-2
6
8
14
17
7
-17
-34
-26
-21
-30
-33
-26
-18
5
19
2
-11
-9
6
0
-16
-34
-30
-15
-4
-6
-24
-25
-15
1
5
-1
-10
-4
13
13
6
-4
-1
9
5
-9
-29
-21
-7
-14
-28
-22
-3
3
9
-11
-17
-14
-11
-6
-4
-4
3
15
8
7
13
17
12
10
23
35
34
29
16
29
36
30
24
21
23
35
30
25
31
29
16
13
14
3
10
7
-4
-19
-27
-28
-20
-17
-26
-25
-10
-7
-6
-1
-2
-3
-16
-17
-17
-9
-6
-10
-5
-6
6
14
14
-3
-10
11
19
6
8
13
7
17
23
22
8
-2
-10
-17
-9
-4
-3
-5
-1
13
14
9
11
17
32
17
16
19
4
18
26
14
-6
0
2
-18
-27
-18
-13
-21
-12
-4
5
23
33
24
15
18
21
-6
-39
-40
-45
-49
-32
-18
-8
-5
10
12
3
-11
-25
-30
-28
-17
-12
3
12
14
11
2
-4
-13
-9
-17
-18
-2
12
15
9
12
10
12
7
8
-9
-29
-24
-12
-8
-6
-6
7
15
20
14
12
7
-7
-5
0
-7
-22
-2
8
8
4
14
14
11
2
-18
-26
-19
-17
-28
-25
-20
-12
2
-2
-5
10
8
0
2
13
11
-7
-12
5
14
-8
-13
-8
-7
-3
-7
-2
-2
-12
1
17
0
-5
15
32
14
7
20
26
26
9
1
-4
-20
-22
-9
-6
-14
-6
8
0
-9
3
3
-11
-17
-12
-7
-3
17
22
22
28
40
42
23
22
31
30
12
7
16
14
3
-3
-12
-12
-4
1
11
16
24
32
32
19
11
25
19
-11
-16
-2
3
-11
-20
-26
-18
-2
18
24
18
40
36
0
-30
-49
-67
-66
-62
-62
-54
-30
-4
-8
-18
-10
-15
-32
-28
-17
-21
-41
-41
-36
-22
-3
37
68
89
95
107
100
50
-3
-44
-68
-96
-121
-131
-102
-71
-30
-19
9
57
46
13
28
71
77
51
15
26
47
33
15
10
30
50
39
68
105
108
97
87
65
31
-10
-64
-109
-148
-140
-129
-132
-87
18
116
118
96
96
75
9
-72
-127
-245
-321
-290
-262
-313
-277
-138
-8
63
158
288
338
347
342
274
108
-21
-155
-252
-226
-105
-9
50
187
348
460
410
263
202
152
-10
-160
-239
-235
-169
-82
-96
-153
-107
-34
-9
9
85
191
167
90
86
-6
-269
-491
-602
-609
-592
-540
-393
-245
45
389
504
438
428
456
423
222
-45
-239
-257
-159
-210
-333
-90
346
483
418
452
437
299
276
259
86
-65
-16
86
34
-13
81
257
355
362
327
268
146
-58
-229
-315
-499
-585
-444
-322
-307
-240
-27
65
5
-78
-74
-138
-159
-172
-180
-227
-217
-200
-258
-314
-265
-273
-373
-276
-105
0
95
209
261
291
473
594
433
227
72
-100
-298
-348
-305
-292
-272
-55
165
253
239
154
74
-55
-136
-237
-313
-266
-210
-146
-32
55
109
194
258
255
417
602
547
413
338
258
117
38
-11
-71
-63
-72
-37
85
139
45
43
189
247
136
40
-81
-260
-280
-271
-389
-446
-237
-38
-6
65
237
293
265
292
295
276
263
166
-106
-298
-521
-644
-710
-801
-802
-642
-317
-53
112
226
293
333
298
84
-215
-420
-492
-583
-567
-315
26
267
513
709
871
971
899
669
371
75
-121
-146
-120
25
197
289
339
436
483
335
117
47
-60
-196
-166
-158
-265
-258
-152
-147
-166
-136
-108
-205
-200
-69
72
163
205
320
413
400
280
85
-276
-516
-603
-806
-1105
-1082
-731
-431
-288
-114
64
209
298
239
33
-267
-439
-518
-629
-738
-567
-54
379
614
807
853
698
479
162
-307
-696
-729
-603
-419
-214
10
280
416
487
571
605
492
434
426
215
21
54
151
13
-43
64
92
89
58
-40
-83
54
250
394
460
633
956
1018
671
379
187
-213
-528
-379
-264
-460
-387
24
394
262
120
117
320
186
-246
-1030
-1569
-2227
-3202
-5554
-10183
-11758
-8119
-2581
443
2138
7039
15100
20304
18969
13383
8294
6439
4350
-731
-7288
-8872
-5171
-6030
-11246
-12474
-9124
-9180
-12251
-11595
-6270
-1308
3326
8785
13817
17854
20758
20875
16250
9296
2517
-3422
-9096
-13428
-15783
-14526
-10936
-8033
-6094
-4760
-4730
-5847
-5287
-4622
-3081
-2777
-2574
2155
8886
11395
8231
5328
6196
7597
4442
-636
-3786
-1131
3513
5773
3754
1735
3357
6452
4752
-1202
-6677
-7928
-6898
-7766
-10790
-12260
-10321
-5837
-544
3567
6843
11011
16443
19767
18547
12960
6373
1019
-3601
-8586
-12845
-14852
-13533
-9255
-5098
-3340
-3434
-3432
-2361
-902
-713
-899
1210
5643
10270
13475
13743
11095
8028
5362
1322
-4610
-10010
-11963
-10239
-7343
-5904
-4941
-3718
-1503
-606
4
-4008
-11025
-10533
-2303
2794
56
-307
7960
17401
17345
10843
4220
2549
2209
107
-4721
-8143
-5243
2843
8411
8194
6123
6276
5156
-826
-9204
-16301
-21151
-21799
-16743
-9639
-3257
4776
14837
22136
24146
21271
15629
9234
3335
-2302
-7137
-9974
-10336
-8278
-5060
-3300
-4475
-6705
-7606
-7619
-8417
-8834
-6436
-1347
5012
11404
15635
16680
16203
14898
11420
5516
-639
-5005
-7361
-8253
-8858
-8971
-9167
-8759
-11001
-16661
-19976
-16618
-11251
-9102
-5510
5226
18287
24434
23826
20679
18158
13962
7643
-13
-4754
-4593
-265
4038
6705
7959
8441
6421
-1392
-13980
-25284
-30435
-31706
-30853
-25546
-12483
4118
18384
27373
31918
32299
29172
22952
14061
3737
-4126
-7367
-8233
-9226
-10062
-10148
-10294
-11269
-13041
-14923
-15973
-14682
-10150
-3444
3623
10316
16285
20775
22400
20758
16224
10318
4479
-477
-4602
-7749
-10263
-13948
-16488
-16691
-17646
-21233
-22517
-17299
-9093
-2535
3566
11719
19768
24261
23724
19549
13253
7632
3570
782
-1703
-1518
3193
10027
13818
12623
8983
1783
-9704
-21590
-28365
-31213
-32554
-29501
-17529
-612
13701
22644
28645
31998
30441
24414
15781
5680
-3030
-6421
-6515
-7593
-9434
-9129
-7549
-7452
-9823
-13224
-15447
-14829
-11275
-5573
730
6811
13178
19554
22759
20352
14729
9246
4422
-714
-5105
-8687
-13270
-15442
-13330
-13585
-18252
-20266
-14930
-8896
-5934
-1125
7643
15838
20470
21643
19660
14984
8983
4083
80
-3479
-4679
-648
6263
11595
12940
13015
9140
-1716
-14625
-23073
-27973
-31688
-31891
-23774
-8816
6405
17790
25487
30159
30495
26660
19111
8737
-1349
-6440
-7420
-7919
-9047
-8666
-6765
-5768
-7526
-11200
-14705
-16311
-14579
-9438
-2995
3368
10878
19024
24338
24417
20108
13586
6673
-317
-6655
-12952
-18442
-18945
-15632
-14518
-16232
-14638
-9260
-5622
-4280
-692
5357
11216
15645
18093
18460
16918
13773
9625
5261
861
-1675
-349
3145
6068
8389
10068
7073
-2968
-14284
-21767
-26500
-30885
-32431
-25901
-11303
4617
16664
24845
30569
32588
30104
23332
12744
1640
-5130
-7297
-8947
-11360
-12066
-10068
-8340
-9078
-11574
-14429
-16461
-15639
-11323
-5374
788
8325
17035
24060
26755
24766
19457
12131
4341
-5647
-15578
-20347
-20025
-20069
-20683
-16803
-9294
-4599
-3944
-2140
1629
5175
7139
8972
10827
12999
15071
15608
13399
9957
7646
6862
5989
4340
4482
6633
6648
1080
-8337
-16801
-22198
-26334
-30981
-32415
-25627
-11357
3022
13761
22002
28862
32375
31396
25351
15154
4346
-2410
-5662
-9090
-12239
-12055
-9636
-8054
-7845
-9222
-12776
-16165
-15966
-12561
-8164
-2594
5362
14549
22259
26116
25225
19988
11660
1049
-8807
-15349
-19639
-23090
-22581
-16190
-8288
-3969
-2091
404
3245
5222
5521
5027
5333
8216
11741
13254
11773
10001
9715
9838
8077
5794
5926
7514
4811
-3229
-10733
-14257
-18295
-26317
-32258
-29137
-19117
-8738
1124
11528
21460
28745
32509
30355
21919
11436
3419
-2968
-9679
-14779
-15281
-12063
-8490
-6106
-5345
-6897
-9975
-12036
-12295
-11421
-8629
-2209
7095
16364
22852
25603
24328
18492
8400
-2195
-10740
-18515
-24836
-25516
-19442
-11913
-6693
-2454
2542
6454
7807
6542
4280
2998
4420
7100
8446
8151
8845
10992
12451
10958
8364
7186
7853
6676
-192
-9850
-15344
-15284
-18146
-26372
-30145
-22042
-10430
-2797
3807
13249
21738
27167
29745
26824
17362
7691
2777
-1651
-8730
-13699
-12763
-9767
-7701
-5836
-5576
-9177
-13244
-13524
-11899
-10818
-7847
-283
9682
18492
23512
23767
19229
11759
4345
-2819
-11361
-20159
-23124
-17821
-10282
-7223
-6189
-2219
3655
6384
4677
1357
264
3206
7950
9988
8743
8577
11572
13884
11548
6625
4069
5146
7030
3657
-5656
-12898
-12017
-10666
-18588
-28188
-25996
-14849
-6928
-1979
6042
15701
22020
26639
27951
21157
9584
2867
127
-5478
-11924
-12169
-7892
-4700
-2574
-937
-3316
-9757
-14145
-14168
-13346
-12359
-7061
2710
12089
18021
20573
19056
12933
5034
-1793
-8246
-14874
-17648
-14054
-7686
-3648
-1200
2062
4646
3863
782
-1904
-3469
-2946
269
5164
8867
11751
15158
18020
16964
12223
7811
5551
5163
993
-8311
-16063
-14085
-10700
-17640
-27955
-25168
-12697
-5881
-3799
3372
14063
20386
24864
27326
21931
10327
4113
2768
-2863
-11477
-13187
-8636
-5197
-3295
-1008
-1939
-7535
-11640
-11621
-11813
-13061
-9809
-1081
8318
14964
18792
19473
15474
8545
1886
-4685
-13038
-19183
-18022
-11730
-7239
-4404
206
5433
7208
5779
2981
-207
-2461
-1389
1813
4031
5332
9206
14560
16762
14284
10925
9244
8001
6495
785
-9064
-16564
-14390
-12376
-20368
-29452
-23768
-10413
-3899
-1525
6407
16220
21053
24280
25728
19306
7620
1933
940
-4173
-11396
-11688
-6890
-3809
-1984
294
-1388
-7804
-12302
-12056
-12023
-12897
-10082
-1953
7029
14099
18317
18224
13605
7855
3253
-3147
-12390
-18698
-15987
-9085
-5460
-4292
-96
5349
7046
4899
1578
-1533
-2630
-105
3319
4644
5574
9965
14794
15414
11356
8270
7258
6964
5655
-83
-9390
-14247
-10229
-10150
-20703
-28445
-20262
-8656
-5248
-3177
6180
15462
20071
24060
25460
18072
7517
3443
1578
-5619
-12791
-11866
-7020
-4512
-2136
661
-1123
-7304
-10676
-10486
-11412
-13355
-11309
-3658
5518
12843
16355
16055
12893
9769
5811
-1759
-11913
-16960
-13717
-8371
-6577
-5454
-599
5281
7672
5786
1907
-1473
-1512
1504
3431
3220
4912
10377
14866
14473
10550
7955
6924
7123
5047
-2386
-11978
-14006
-9452
-12186
-23185
-26476
-16135
-7062
-4890
-901
8769
15437
18856
22758
22966
14345
5332
2949
840
-6204
-10867
-8451
-4927
-3329
-465
1579
-2229
-8509
-10635
-10312
-11720
-13564
-10653
-2865
5860
12125
15033
14680
12163
9519
5445
-2390
-11588
-14696
-11184
-7305
-6256
-4096
855
5200
6202
4395
962
-2186
-2284
527
2346
2946
5339
10754
14059
12946
9467
7494
6083
5054
4517
462
-7465
-12205
-8905
-8975
-18211
-25463
-19246
-9902
-6682
-3705
5277
13310
16956
21060
23503
17567
7474
2804
737
-4796
-9910
-8848
-5249
-2875
332
3428
1065
-5654
-9757
-10490
-11964
-14185
-13134
-7085
1539
9332
13473
13711
11644
9457
5956
-827
-9277
-13138
-10459
-5904
-3381
-1129
2630
5863
6639
4773
821
-3506
-4790
-2614
115
1684
3745
7900
11812
12090
9300
6225
4911
4063
4616
5187
1630
-5148
-7255
-4331
-7935
-19105
-24429
-17562
-10747
-8583
-3951
5744
12745
16963
21433
21589
13353
4144
536
-2007
-6905
-9623
-6730
-2261
1281
4712
5742
1140
-5875
-9956
-11787
-13967
-14845
-11904
-5646
2193
9445
13044
11848
8322
5196
1721
-4088
-10069
-11469
-7261
-1904
1531
3850
6280
7366
6181
3077
-1110
-4884
-5778
-3176
115
2382
4509
7552
9997
9554
6568
3493
2663
3235
4654
6670
5459
-220
-4519
-3045
-4878
-15810
-25178
-21474
-12811
-9298
-6029
3020
11967
16429
20279
21617
14624
3939
-600
-1315
-5336
-9573
-7285
-1445
2065
4117
5634
2750
-4500
-9658
-10827
-12251
-14077
-12082
-5521
1696
7222
10411
10725
7591
3199
-202
-3369
-7657
-9926
-6509
-212
3498
4796
6454
7124
4669
970
-2092
-4924
-6842
-5217
-916
2749
4710
6882
9245
9377
6644
3684
2389
2510
3170
5826
8472
5988
-352
-3092
-2483
-9154
-21871
-27031
-19895
-13106
-10317
-4050
7523
15675
19755
22866
21460
12294
3020
-407
-3119
-8270
-10044
-5736
-1014
1684
4538
5515
784
-6176
-9511
-10635
-12956
-14096
-10335
-3425
3098
8344
11566
10885
6994
3787
1451
-3121
-8645
-9126
-4325
-245
953
2609
4897
4595
1685
-1084
-3672
-6294
-6719
-3398
537
3411
6132
9554
11039
9469
6432
4543
3174
2359
2720
5626
8891
6924
125
-4689
-4756
-9979
-21971
-29102
-23241
-14988
-10169
-3270
8573
17349
21461
24598
24024
14878
3623
-1299
-3188
-7688
-10732
-7273
-1514
1997
4558
5860
2042
-5418
-10363
-11964
-13895
-15711
-13131
-5976
1736
8007
12278
13238
10207
6887
4635
806
-5503
-8624
-6069
-2017
-368
276
1263
1100
-542
-2290
-4189
-6427
-6684
-2969
1968
5165
6963
9315
10984
10330
8149
5776
3852
2954
4292
6651
8538
5594
-1374
-7012
-7772
-11923
-22938
-30131
-24428
-14054
-8097
-1555
9155
18306
21865
24261
23405
15169
4017
-930
-2230
-5771
-8566
-5341
19
2517
4032
5040
1074
-7223
-12887
-14184
-15577
-16780
-13780
-6468
1708
8889
13892
14634
11891
8966
6714
1987
-4810
-8497
-6123
-2176
-1313
-1879
-1042
75
-897
-3013
-5303
-6738
-6295
-2798
1177
3920
5709
8364
11015
11619
9745
6814
5346
5100
5721
5361
6107
4726
-482
-7469
-9347
-10843
-18865
-27465
-24765
-14250
-7831
-3606
4753
14696
19287
21603
22350
17619
8063
2539
1453
-1289
-5377
-4907
-1139
965
1454
1751
-923
-7195
-12616
-14402
-15103
-15574
-13385
-7314
283
7186
11981
13865
12883
10277
7098
3163
-1542
-5313
-5873
-3967
-2569
-2317
-1600
-738
-1260
-2863
-4349
-5556
-5983
-4781
-1880
1111
4060
6754
9490
10832
10809
9366
8186
6783
5687
5089
5894
6073
1436
-5832
-9516
-8832
-13741
-23008
-25778
-17529
-9938
-6154
-120
9636
16144
19492
22501
21327
13381
5624
3302
1125
-3966
-6763
-4498
-1857
-781
739
776
-3750
-9805
-12459
-13084
-14552
-14871
-10931
-3541
4327
10524
13793
13951
12270
10004
6268
-38
-6632
-9153
-7330
-5052
-4368
-2783
85
1817
988
-950
-3770
-6545
-7324
-4983
-2064
538
4090
8990
12689
13379
12530
10582
7793
4649
3603
3448
3995
2124
-2446
-6888
-6847
-7800
-15960
-24296
-22530
-14124
-9725
-6182
2295
12950
18871
22797
24585
20127
10501
4173
1218
-3895
-9406
-9071
-4477
-1118
1234
3514
2346
-3602
-9319
-11827
-13958
-16456
-15019
-7762
921
7580
12720
16202
15521
11078
6009
535
-6496
-11903
-11234
-6767
-3753
-1961
1488
4860
4309
471
-3747
-6914
-8959
-8400
-5268
-1159
3128
8175
13072
14662
13270
10261
7468
3865
1274
589
2174
4485
3787
-413
-4501
-4794
-8097
-17718
-25746
-22516
-14311
-9261
-3538
7149
17237
21744
24308
23867
16395
5224
-814
-3303
-7330
-10074
-6427
-445
2691
4453
5608
2043
-5760
-11488
-13471
-15560
-16741
-12438
-3361
5011
10557
14601
15993
12927
6768
1055
-4553
-10185
-12698
-9643
-4863
-2094
402
3883
5091
2028
-1927
-4651
-6808
-8076
-6233
-2006
2059
5753
9727
12761
12172
9685
7199
5342
2490
1027
1960
5024
5901
2267
-3051
-5535
-6882
-13987
-22728
-24072
-16749
-10422
-5040
3495
13656
18763
20841
21778
17936
8308
372
-2562
-4824
-7583
-6395
-1747
1744
3563
5321
4119
-1893
-8359
-11289
-12803
-14270
-12708
-6697
522
6685
11589
13949
12189
7852
3629
-1015
-6940
-11562
-11144
-7366
-4175
-2225
752
3695
4159
2282
-92
-2610
-4715
-4626
-2581
-256
1632
4779
8153
9944
9243
7769
6211
4411
2764
1763
2185
3564
3875
-307
-5530
-7119
-6973
-12752
-20048
-19448
-11510
-6102
-2458
4359
12178
15631
17217
18240
14469
5930
8
-1446
-3414
-6153
-5128
-1186
1327
2725
4498
3517
-1858
-7241
-9642
-11283
-12862
-11365
-6149
-41
5490
10351
12810
11282
7029
2690
-1723
-7092
-11705
-11929
-8342
-4668
-2208
1173
4821
6010
4396
2066
-479
-2614
-3149
-1933
-583
1064
3958
7407
9018
8228
6697
4910
2799
515
-97
149
1876
2847
877
-3416
-4671
-4346
-9446
-17154
-17873
-11250
-6777
-3892
2442
10623
14564
16321
17386
14002
5770
-198
-1558
-3467
-6455
-5569
-942
2436
4095
5611
4464
-930
-6856
-10116
-12359
-13988
-12494
-6971
-302
5586
10287
12602
11129
6666
1717
-2954
-7690
-11485
-11418
-7498
-3002
230
3510
6593
7065
4848
1989
-842
-3440
-4369
-3097
-1345
519
3409
6692
7731
6319
4488
3078
1323
-320
-81
1266
3780
5796
4686
-174
-3279
-3960
-8397
-16534
-19186
-13578
-7983
-4325
1840
9940
13919
15156
16344
14056
6098
-736
-2131
-2728
-4783
-3933
526
3625
4521
5592
4789
-957
-8202
-11875
-12809
-13277
-12050
-7277
-973
4671
9176
11961
10548
5051
32
-2295
-4975
-9530
-10619
-6123
-745
1785
3917
6068
5932
3694
1539
-959
-4292
-5858
-4129
-1426
2
1623
4258
5850
5306
4161
3213
1993
1177
2043
3423
5334
6934
5209
-219
-3598
-3836
-8034
-16326
-19001
-13132
-7685
-4992
540
8551
12453
13395
14996
13640
6519
469
-84
-458
-3344
-3326
798
3371
3301
4171
4100
-894
-7721
-10704
-10974
-11737
-11646
-7793
-1793
3367
7085
9636
9328
5489
1353
-942
-3257
-7059
-8260
-5052
-866
989
2690
4773
5076
3151
1237
-579
-3273
-5038
-4419
-2752
-2008
-662
1651
3796
4170
4038
4174
4257
3794
3833
4644
5852
6925
5012
33
-4152
-4373
-6774
-13538
-17883
-13784
-8016
-5139
-1481
5185
9818
11393
13139
13379
8612
2693
1140
1021
-1382
-2860
-442
1985
2320
3142
3751
244
-5691
-8776
-9175
-10313
-11144
-8695
-3860
537
4398
7639
8687
6436
3349
1454
-377
-3932
-6692
-5497
-2334
-670
254
2375
3784
3110
1841
663
-1677
-4019
-4365
-3401
-3124
-2749
-639
2066
3414
3726
4815
5704
5522
4971
5557
6213
6743
5536
1189
-3661
-5035
-5451
-10763
-16340
-15299
-9265
-5964
-3298
1844
7391
9643
11567
13066
10621
4994
2191
2168
565
-1814
-1031
1440
2416
2904
3598
1478
-3587
-7363
-8514
-9816
-11278
-10028
-5912
-1476
2395
5960
8156
7513
5138
3167
1356
-1970
-5390
-5623
-3233
-1557
-732
1070
2891
2936
1896
586
-1647
-4254
-5037
-4163
-3489
-3279
-1341
1776
4024
4406
5056
5786
5753
5208
5558
6119
6381
6668
4103
-946
-4625
-4548
-7946
-14866
-17874
-12736
-8107
-6103
-1960
5166
9305
11032
13510
13671
8450
3273
2648
2036
-1241
-2491
198
2199
2325
3071
2867
-1281
-6390
-8616
-9596
-11442
-11650
-8313
-3452
747
4699
8111
9211
7193
4426
2444
-277
-4318
-6341
-4748
-2523
-1499
282
2813
3378
1859
428
-1240
-3865
-5797
-5524
-4362
-3460
-1940
1289
4485
5779
5876
6353
6683
6030
5483
5458
5589
6102
5146
1020
-3446
-4355
-5995
-12208
-17502
-15338
-10380
-8117
-4869
2225
8353
10812
13421
15223
11925
5879
3399
2573
-690
-3357
-1559
1067
1411
1998
3208
1114
-3977
-7499
-8927
-10885
-12168
-10008
-5627
-1596
2492
6986
9590
8894
6796
4590
1609
-2132
-4548
-5049
-4741
-3997
-1998
322
1200
645
58
-549
-1982
-3474
-3822
-3281
-2759
-1690
398
2547
3404
3876
4891
5913
6180
6255
6758
7146
7651
7770
4761
-1503
-5969
-6704
-9619
-16312
-19056
-13933
-8092
-5133
-314
6983
11288
12431
14075
13769
8556
2904
1496
851
-1682
-2565
-12
1994
2097
2597
2442
-1356
-6593
-9255
-10068
-11118
-10830
-7491
-2674
1631
5563
8705
9430
7452
4997
2859
-209
-4059
-5895
-5127
-4077
-3574
-2111
65
824
187
-460
-999
-2016
-2594
-2329
-1953
-1804
-676
1365
2880
3080
3429
4653
5799
6301
6522
6873
6714
7022
6423
2343
-4134
-7377
-7501
-10872
-16546
-16678
-10482
-5863
-3151
2156
8430
10478
11069
12931
11915
5989
1585
1477
811
-1866
-1923
801
1908
1563
2383
1973
-2349
-6948
-8210
-8393
-9527
-9019
-5514
-1292
1979
5194
7668
7762
5489
3461
2162
-121
-3485
-5328
-4541
-3567
-3295
-2717
-1483
-1043
-1049
-847
-785
-1272
-1278
-242
652
572
559
1416
2275
2032
2044
3036
4202
4940
5976
7170
7139
6950
6482
3150
-3529
-7944
-8452
-10549
-15529
-16317
-10453
-4776
-1770
2744
8442
10508
10356
11223
10294
5031
654
616
877
-895
-788
1991
3363
2716
2629
1826
-2178
-6677
-8468
-8937
-9735
-8992
-5778
-2114
886
4057
6630
6685
4813
3368
2556
341
-2672
-4077
-3610
-3273
-3163
-2289
-1410
-1335
-1058
6
180
-565
-602
399
548
-122
-252
457
767
931
1849
3257
4266
5420
6933
7595
7087
6813
6426
2470
-4004
-7667
-7525
-9724
-14509
-15051
-9540
-4691
-2315
1809
6853
8549
8557
10246
10006
5400
1508
1995
2392
438
80
2394
3176
2123
2081
1575
-2340
-6921
-8592
-8977
-10143
-9961
-7186
-3649
-352
3347
6289
6837
5751
4935
4162
1771
-1710
-3549
-3216
-2928
-3348
-2809
-1588
-1117
-1045
-416
-260
-959
-1229
-575
-140
-310
-256
445
1305
1909
2486
3352
4310
5187
6029
6724
6716
6391
5877
3066
-2254
-6473
-7349
-9307
-13841
-15551
-11058
-5948
-3222
606
6093
9025
9604
10964
10882
6839
2814
2529
2452
401
-88
2146
3078
2056
1756
1132
-2504
-7044
-9318
-10289
-11227
-10438
-7176
-3324
212
3980
7217
8189
7153
5567
4044
2037
-478
-2434
-3203
-3262
-3273
-2894
-2463
-2530
-2863
-2333
-1681
-1640
-1600
-550
590
1118
1241
1715
2022
2059
2137
2898
3618
4420
5471
6795
7233
6951
6448
3611
-2180
-7441
-8757
-10450
-14649
-16512
-11580
-5450
-2013
1667
7217
10308
10545
11147
11017
7184
2833
2044
2332
813
-50
1526
2434
1455
703
-10
-3228
-7626
-10032
-10480
-10529
-9324
-6194
-2339
1302
5070
8001
8784
7552
5959
4397
2672
274
-2025
-3431
-3757
-3941
-4352
-4760
-5090
-4783
-3829
-2757
-2261
-1110
900
2624
2986
2964
3093
3021
2551
2209
2149
2246
2944
4343
5580
5852
5473
5422
3952
-790
-6654
-9281
-9748
-12310
-15025
-12627
-6309
-1812
1570
6524
10785
11350
11189
11621
9344
4099
1035
1036
168
-1679
-1073
955
1078
115
-96
-1546
-5473
-8900
-9759
-9578
-9020
-6611
-2411
1796
5325
8364
10046
9446
7239
4715
2348
-537
-3487
-5232
-5510
-5739
-5959
-5171
-4018
-3680
-3488
-2330
-1163
-364
760
2365
3186
3382
3653
4091
3701
2658
1663
1494
1666
2207
2868
3478
3527
3888
4099
1467
-3989
-7806
-8015
-9138
-12395
-12677
-7651
-2420
993
5369
10193
11513
10777
10983
9722
4594
31
-731
-871
-2274
-1823
809
1730
670
491
149
-3191
-7530
-9261
-8955
-8288
-6304
-2401
1548
4631
7571
9776
9291
6340
3129
899
-1231
-3862
-5968
-6444
-5725
-4871
-4006
-3326
-3064
-2881
-1831
-593
212
905
2371
3719
4268
4127
3809
2876
1431
162
-267
-231
231
1306
2875
3989
4587
5067
3482
-1251
-5982
-6988
-7484
-10714
-12613
-8658
-2763
687
4059
8638
10787
9799
9328
8621
4496
-512
-1808
-1077
-1538
-1455
878
2420
1695
1195
1070
-1720
-6260
-8503
-8070
-7326
-5986
-2833
839
3740
6452
8446
7983
5192
2365
364
-1347
-3439
-5105
-5615
-4928
-4009
-3187
-2721
-2763
-2806
-1926
-442
471
1155
2383
3772
4271
4011
3153
1725
53
-1080
-1554
-1527
-800
798
2752
4508
5683
6602
5216
829
-4127
-5923
-6991
-10141
-12357
-9422
-3864
15
3494
7774
10155
9319
8451
7726
4307
-696
-2604
-1710
-1321
-1041
1164
3106
2832
2071
1708
-778
-5205
-8090
-8200
-7500
-6130
-3272
205
3054
5694
7629
7405
4830
1844
-361
-1718
-3083
-4309
-4542
-3720
-2858
-2232
-1635
-1874
-2800
-2715
-1172
-49
370
1388
2950
3725
3583
2942
1547
-387
-1764
-1919
-1584
-1137
268
2715
5204
6370
7092
6253
2583
-2751
-5610
-6568
-9057
-11922
-10355
-4816
-363
2445
6000
9038
8840
7531
6859
4590
180
-2122
-1133
-230
-316
1134
3275
3316
1985
1253
-373
-4037
-7336
-8024
-7233
-5892
-3522
-291
2425
4549
6272
6683
4796
1911
-208
-1173
-2081
-3151
-3701
-3364
-2667
-2129
-1845
-2223
-2854
-2684
-1364
-167
488
1346
2528
3035
2666
1915
831
-620
-1617
-1613
-1042
-266
1418
3682
5588
6311
6951
5952
1990
-3256
-5724
-6575
-9208
-11618
-9562
-4430
-852
2121
6090
8743
7941
6979
6668
4322
24
-1724
-993
-669
-678
1299
3127
2716
1552
1303
-399
-4178
-7209
-7671
-7141
-5990
-3359
19
2498
4497
6537
7037
5068
2184
334
-946
-2381
-3496
-3765
-3672
-3393
-2352
-1286
-1453
-2244
-1806
-493
178
329
939
1669
1765
1583
1428
810
-178
-575
-103
449
1302
2692
4425
5366
5990
5967
3703
-840
-4587
-5944
-7722
-10383
-10629
-7056
-3195
-76
3752
7352
8036
7256
7088
5951
2408
-667
-1245
-1066
-1062
278
2317
2692
1902
1746
953
-2231
-5876
-7497
-7581
-7006
-4881
-1451
1537
3637
5966
7641
6855
3936
1287
-472
-2168
-3701
-4358
-4339
-4137
-3094
-1442
-775
-1515
-1722
-787
-110
-231
19
726
1216
1412
1727
1534
810
373
704
929
1238
2148
3701
4765
5275
5451
3854
136
-3648
-5278
-7009
-9761
-10852
-7910
-3985
-1015
2303
6247
7986
7667
7408
6620
3445
89
-952
-986
-1582
-969
1253
2368
1727
1510
1337
-1135
-4785
-6638
-6789
-6730
-5500
-2313
1032
3187
5221
7288
7308
4754
1743
-394
-2272
-4364
-5453
-5211
-4191
-3017
-1409
-154
156
9
431
620
3
-526
36
665
695
731
1237
1495
1597
1890
2382
2492
2944
3820
4621
4562
2898
0
-2853
-4327
-6100
-8820
-10355
-8388
-5009
-2016
1184
4825
6881
7558
8169
7707
4710
1315
-247
-908
-1825
-1765
-420
588
970
1600
1649
-278
-3148
-5122
-6123
-6503
-5661
-3469
-847
1839
4683
6900
7162
5663
3553
1223
-1269
-3619
-5070
-5550
-4917
-3480
-1808
-858
-474
-49
593
661
57
-391
-54
573
1150
1591
1819
1908
2180
2550
2746
2680
2911
3208
3815
3669
1748
-1482
-3718
-4819
-7030
-9733
-10015
-7492
-4783
-1790
2245
5876
7331
8239
8972
7792
4437
1758
287
-1120
-2241
-1531
-329
-75
-20
789
579
-1513
-3801
-5019
-5916
-6246
-4938
-2445
-185
2027
4683
6647
6580
4927
2908
856
-1317
-3160
-4071
-4129
-3442
-2126
-610
81
14
-94
-132
-705
-1382
-1292
-635
58
945
2141
2960
3151
3196
3411
3243
2803
2576
3073
2746
542
-2109
-3273
-4030
-6733
-9510
-9492
-7225
-5248
-2658
1197
4663
6430
8231
9486
8233
5058
3025
1770
-123
-1582
-952
-134
-286
-73
819
15
-2543
-4509
-5278
-6184
-6652
-5379
-3003
-763
1720
4467
6057
5628
4079
2608
972
-1003
-2600
-2926
-2273
-1245
48
1174
1292
559
-59
-671
-1897
-3119
-3077
-2016
-543
1047
2786
4031
4392
4638
4461
3895
2677
2353
2020
318
-2239
-3239
-3190
-5019
-7859
-8484
-6816
-5752
-4587
-1682
1723
3617
5610
7907
8202
6076
4447
3532
1650
-434
-548
44
-143
8
1245
1209
-908
-3034
-4143
-5588
-7067
-6809
-4925
-2944
-814
2080
4455
4790
3903
3118
1831
-525
-2300
-2264
-1321
-492
776
2410
3310
3139
2415
958
-1255
-3016
-3437
-3072
-2474
-1303
948
3064
4525
5129
5352
4616
3534
2740
1272
-1455
-3751
-3859
-4091
-6022
-7470
-6237
-4594
-3883
-2482
188
1885
2841
4582
5999
5023
3379
2908
2413
799
-90
325
521
280
965
1783
933
-828
-1842
-2527
-3907
-4935
-4590
-3507
-2568
-1129
750
1649
1282
887
813
-112
-1565
-2034
-1432
-837
-96
1338
2651
3001
3065
3139
2426
981
150
100
-183
-536
67
1110
1809
2265
2968
3128
2796
2426
1214
-1228
-3367
-3806
-4462
-6183
-6949
-5388
-3534
-2319
-656
1641
2980
3635
4372
4495
3110
1576
829
12
-1216
-1513
-690
43
332
893
1337
734
-503
-1364
-1998
-2637
-2668
-1564
-142
890
1553
1907
1578
354
-1130
-2475
-3626
-4356
-4027
-2627
-1043
203
1416
2460
2725
2185
1610
1055
536
586
1655
2883
3759
4586
5471
5482
4317
2832
1667
423
-1759
-4038
-5104
-4781
-4765
-5444
-5549
-4423
-3187
-2169
-844
569
1523
2683
4165
4709
3925
3118
2537
1206
-585
-1524
-1757
-2136
-2249
-1594
-908
-909
-1092
-1216
-1643
-2159
-1922
-1018
-102
732
1933
3207
3772
3264
2337
1229
-143
-1692
-2730
-3301
-3642
-3489
-2559
-1659
-1205
-614
296
737
754
1120
1933
2532
3065
4071
5236
5854
5984
5948
5594
4277
1722
-1291
-3591
-5105
-6715
-8213
-8272
-6825
-4938
-2957
-696
1264
2543
3587
4235
3866
2797
1932
1155
141
-529
-481
-339
-472
-430
-276
-686
-1553
-2286
-2866
-3625
-4005
-3459
-2454
-1598
-470
1395
2954
3303
3153
3382
3353
2481
1413
763
85
-537
-731
-966
-1817
-2421
-2085
-1503
-1424
-1072
-111
884
1629
2386
3043
2982
2827
3155
3697
3507
2508
1376
649
140
-885
-2531
-3760
-3890
-3333
-2714
-1990
-1011
62
1172
2022
2108
1279
139
-757
-1462
-2062
-2355
-2075
-1332
-271
739
1182
899
197
-531
-1341
-2099
-2736
-2921
-2542
-1324
-57
578
808
1324
1795
1526
831
330
155
147
402
598
566
513
900
1352
1590
1602
1869
2050
2016
1697
1438
1000
398
-130
-256
-210
-560
-1497
-2175
-2032
-1776
-2194
-2635
-2070
-927
246
1505
2845
3769
4343
4826
4698
3424
1559
-226
-1853
-3442
-4570
-4951
-4698
-4095
-3139
-2081
-1334
-1091
-1120
-1112
-1242
-1287
-942
23
973
1751
2492
3173
3371
2778
1626
258
-952
-1817
-2411
-2834
-2824
-2176
-1088
32
1011
1799
2399
2877
3157
3264
3223
3132
3201
3363
3389
3033
2427
1161
-705
-2576
-3755
-4995
-6449
-7127
-6197
-4593
-2824
-880
1158
2743
4113
5103
5129
4144
3201
2535
1673
669
175
-32
-352
-685
-1073
-1843
-3105
-4165
-4801
-5271
-5481
-4823
-3280
-1552
-144
1368
2685
3305
3094
2714
2248
1560
864
553
447
361
440
720
540
80
-132
-54
-371
-868
-766
-211
297
799
1605
2304
2899
3482
3480
2387
1133
458
-228
-1667
-2752
-2797
-2284
-1896
-1283
-503
36
251
478
417
-247
-1189
-1733
-2016
-2225
-2081
-1172
-120
789
1581
2300
2558
2164
1353
430
-402
-895
-1201
-1536
-1581
-1154
-556
-489
-913
-1331
-1461
-1696
-2089
-2135
-1517
-512
620
1900
3091
3865
4153
4123
3635
2668
1593
828
182
-374
-682
-455
50
-67
-730
-1305
-1528
-2006
-2809
-3221
-2764
-1782
-348
1386
2961
4002
4839
5240
4609
2974
1079
-694
-2467
-4029
-4807
-4797
-4457
-3965
-3184
-2269
-1914
-2002
-1753
-1076
-591
-94
852
2025
2994
3876
4555
4310
3350
2378
1423
34
-1331
-2132
-2379
-2336
-1954
-1326
-728
-377
-83
146
73
10
300
980
1510
1891
2513
3258
3621
2895
1606
228
-778
-1813
-2805
-3558
-3580
-3001
-1787
-466
609
1287
2009
2350
2052
1404
808
146
-634
-1054
-1196
-1219
-1065
-562
-440
-867
-1135
-967
-1006
-1588
-1924
-1652
-1121
-1001
-825
-523
-222
-144
-135
-210
-228
63
774
1506
2003
2532
3303
3849
3657
3083
2303
1459
465
-380
-882
-1232
-1315
-943
-239
93
-275
-717
-828
-997
-1592
-2175
-2179
-1816
-1199
-87
1167
2015
2539
3093
3256
2643
1615
686
-367
-1440
-2151
-2355
-2640
-2800
-2572
-2381
-2545
-2718
-2301
-1822
-1546
-1034
107
1318
2199
2848
3190
2929
2299
1605
886
-100
-1012
-1327
-1215
-1041
-855
-510
-38
340
657
972
1344
1880
2472
2888
3115
3023
2443
1317
59
-1069
-2187
-3098
-3389
-2952
-2195
-1111
257
1473
2030
2034
1693
996
-188
-1405
-2382
-2977
-3249
-2836
-1983
-1239
-609
228
1063
1195
865
655
634
347
103
62
54
-113
-350
-778
-1375
-1945
-2077
-1874
-1489
-726
636
2248
3486
4274
4684
4724
4101
3058
1901
932
198
-274
-496
-898
-1631
-2369
-2866
-3299
-3874
-4013
-3246
-1911
-337
1225
2710
3698
4177
4047
3219
1714
238
-1012
-2021
-2877
-3013
-2632
-2101
-1629
-1018
-565
-748
-1103
-1075
-832
-766
-582
64
843
1284
1412
1235
691
5
-433
-648
-771
-531
218
1268
1976
2354
2542
2481
2067
1208
545
25
-91
39
463
719
703
796
752
281
-726
-1477
-1739
-1754
-1632
-1106
-365
472
1130
1460
978
7
-1084
-2084
-3178
-4000
-4125
-3465
-2592
-1475
-228
1031
1696
1936
1919
1747
1238
852
657
673
705
898
1012
883
560
338
-13
-497
-769
-491
-29
344
674
1053
1272
1117
773
342
-15
-177
117
696
1079
1171
1318
1572
1393
594
-261
-892
-1227
-1433
-1194
-800
-415
-83
346
424
-31
-870
-1668
-2363
-2853
-2980
-2732
-2455
-1983
-1097
-106
343
283
255
409
398
173
-48
-171
-245
-181
-106
-139
-251
-89
467
1174
1833
2553
3303
3857
4034
3824
3253
2416
1543
793
243
-102
-231
-519
-1050
-1599
-1946
-2366
-2954
-3305
-3174
-2595
-1636
-389
870
1930
2851
3443
3397
2706
1664
427
-861
-1968
-2726
-3144
-3326
-3155
-2734
-2289
-2095
-2018
-1839
-1467
-1119
-811
-418
169
813
1375
1673
1666
1441
1189
995
792
655
757
1049
1442
1770
2068
2043
1755
1350
1024
818
739
859
849
800
834
1023
891
332
-346
-748
-1010
-1060
-971
-835
-794
-617
-260
-142
-425
-887
-1229
-1548
-1789
-1825
-1769
-1829
-1731
-1363
-958
-817
-717
-347
131
494
748
920
938
760
413
-147
-857
-1442
-1696
-1653
-1427
-936
-62
976
1995
2618
2907
2876
2690
2396
2018
1629
1559
1685
1672
1584
1545
1484
969
212
-518
-1038
-1521
-1646
-1501
-1147
-815
-291
84
199
-198
-777
-1437
-2106
-2684
-2973
-2943
-2591
-1906
-1049
-294
247
700
1102
1230
1040
722
428
153
-149
-487
-789
-1045
-1228
-1268
-1171
-1028
-792
-380
268
869
1338
1708
2025
2201
2149
2019
1876
1748
1509
1304
1147
1027
879
706
511
356
356
545
755
837
1003
1142
1127
684
97
-636
-1420
-2272
-2863
-3248
-3384
-3267
-2774
-2244
-1899
-1583
-1165
-805
-665
-595
-447
-355
-259
-112
23
68
183
431
704
969
1253
1588
1811
2028
2132
2132
1864
1441
1046
665
259
-243
-683
-1058
-1345
-1518
-1468
-1324
-1235
-1011
-430
361
1038
1706
2347
2923
3235
3323
3089
2471
1642
844
11
-969
-1865
-2387
-2556
-2633
-2643
-2512
-2228
-1878
-1438
-1084
-979
-973
-877
-791
-940
-1220
-1296
-1196
-1041
-762
-238
283
697
1062
1470
1686
1603
1421
1263
1225
1251
1462
1686
1935
1973
1854
1539
1065
446
-214
-732
-981
-1004
-816
-469
-178
-59
-74
-156
-480
-977
-1408
-1612
-1648
-1492
-1058
-480
117
664
1122
1376
1399
1287
1104
776
377
77
-74
-241
-520
-817
-1094
-1357
-1596
-1743
-1771
-1718
-1499
-1105
-533
-48
352
625
914
1090
1178
1169
1177
1192
1154
1096
998
906
749
655
556
479
400
453
565
591
450
283
131
-125
-429
-715
-933
-1161
-1260
-1192
-1038
-910
-716
-430
-213
-147
-172
-197
-262
-416
-582
-653
-626
-591
-541
-359
-94
162
406
758
1106
1356
1584
1759
1778
1541
1234
908
508
32
-409
-680
-906
-1118
-1261
-1266
-1150
-1005
-821
-537
-192
233
729
1196
1441
1539
1542
1377
905
329
-228
-720
-1186
-1437
-1424
-1282
-1068
-787
-537
-446
-432
-474
-558
-793
-952
-980
-818
-617
-252
187
667
1051
1411
1703
1724
1505
1195
921
518
90
-259
-373
-361
-212
51
271
344
271
201
63
-55
-57
101
291
544
905
1204
1258
1077
802
318
-343
-1033
-1520
-1817
-2000
-2004
-1777
-1368
-913
-454
-101
117
147
136
85
-18
-127
-157
-109
-87
-23
66
97
42
12
-25
-152
-299
-287
-156
-41
118
407
733
1015
1313
1571
1650
1546
1481
1308
945
516
251
50
-167
-291
-305
-339
-436
-495
-608
-782
-1012
-1198
-1413
-1497
-1358
-1064
-789
-509
-130
317
696
904
929
775
542
285
44
-249
-543
-696
-640
-494
-359
-247
-183
-180
-199
-165
-157
-152
-26
307
662
1028
1346
1621
1659
1501
1259
881
370
-154
-505
-764
-883
-904
-701
-454
-153
94
357
461
444
314
226
108
-81
-305
-432
-428
-424
-414
-475
-563
-698
-766
-890
-1040
-1172
-1110
-922
-679
-434
-183
4
193
349
451
464
473
581
787
1042
1228
1356
1398
1459
1405
1230
816
427
69
-143
-391
-570
-732
-805
-764
-616
-428
-348
-271
-120
187
457
673
768
794
699
511
167
-360
-978
-1505
-1855
-2030
-2043
-1895
-1538
-1027
-486
-43
291
537
665
731
785
832
852
946
1102
1135
971
783
591
283
-214
-654
-935
-1044
-996
-773
-441
-39
446
924
1262
1347
1320
1192
1023
809
681
611
545
450
377
310
130
-120
-438
-777
-1137
-1375
-1491
-1517
-1496
-1374
-1130
-856
-670
-595
-522
-496
-487
-493
-390
-235
-77
90
232
291
300
318
336
270
220
301
429
505
600
758
881
903
921
952
925
859
849
856
767
668
595
462
214
-38
-246
-459
-647
-707
-664
-630
-577
-427
-262
-180
-165
-159
-175
-209
-212
-207
-270
-361
-393
-374
-420
-575
-743
-809
-790
-768
-753
-667
-502
-334
-181
-76
-34
-14
33
104
160
235
369
502
621
740
854
859
796
762
784
763
723
749
788
795
787
806
701
491
295
181
32
-77
-92
-44
-35
-67
-74
-154
-358
-627
-798
-923
-1016
-1071
-1017
-867
-752
-651
-585
-533
-561
-570
-546
-479
-466
-367
-170
23
122
193
261
246
157
45
-29
-113
-116
-24
128
237
344
479
643
720
717
685
660
640
661
723
717
611
528
521
473
380
315
323
265
240
243
244
78
-74
-183
-263
-373
-440
-456
-493
-508
-549
-603
-740
-854
-926
-963
-1016
-1010
-912
-738
-541
-313
-131
-11
40
91
108
54
-9
-51
-12
26
120
171
206
208
244
237
175
64
-23
-59
-20
146
384
612
769
990
1240
1411
1369
1217
1040
884
752
649
577
469
356
240
89
-194
-539
-814
-977
-1103
-1161
-1093
-952
-783
-610
-463
-414
-417
-412
-357
-349
-358
-354
-332
-340
-377
-389
-404
-424
-441
-401
-341
-301
-249
-105
52
141
255
432
583
612
642
691
684
571
493
457
432
388
382
321
233
186
262
265
217
217
305
353
396
460
447
365
292
333
305
225
117
99
16
-101
-290
-497
-713
-914
-1067
-1206
-1292
-1311
-1223
-1042
-827
-643
-468
-269
-94
27
126
243
377
490
565
593
546
455
332
177
22
-84
-67
-25
90
231
379
460
504
574
608
587
554
597
627
640
608
514
335
100
-119
-367
-621
-811
-849
-819
-755
-632
-462
-320
-219
-113
-23
8
-10
9
54
106
132
139
104
46
-41
-112
-216
-324
-413
-390
-318
-298
-323
-309
-258
-241
-229
-193
-112
2
201
440
642
772
858
896
839
722
611
543
495
479
493
487
460
407
294
49
-243
-488
-626
-697
-695
-573
-365
-152
22
157
187
67
-152
-386
-625
-812
-913
-938
-952
-896
-751
-608
-516
-421
-276
-131
8
216
421
583
674
787
838
792
694
609
497
342
234
158
72
-53
-76
-58
-66
-109
-77
-2
107
224
337
393
428
492
508
394
213
66
-46
-170
-273
-316
-320
-283
-167
-50
-13
-25
-29
-36
-105
-214
-333
-409
-447
-466
-472
-465
-464
-493
-532
-539
-530
-498
-434
-334
-223
-71
119
295
421
507
595
655
628
533
468
449
409
342
341
383
387
360
337
266
139
0
-76
-105
-122
-115
-34
110
243
340
373
348
233
101
-65
-277
-490
-612
-622
-587
-516
-381
-237
-141
-80
-67
-120
-239
-339
-354
-295
-177
-7
169
300
341
282
93
-191
-537
-824
-961
-918
-721
-404
-21
391
799
1048
1127
1030
858
626
419
284
245
295
410
543
607
603
461
190
-182
-511
-769
-923
-919
-771
-523
-227
89
299
331
257
156
-3
-192
-268
-227
-160
-42
137
234
151
4
-151
-363
-570
-688
-707
-674
-507
-250
-35
77
160
230
207
144
91
55
21
57
180
302
393
437
431
395
330
232
123
59
68
143
241
345
404
437
412
322
145
-35
-157
-228
-255
-250
-198
-136
-70
-59
-107
-208
-333
-497
-621
-645
-602
-537
-419
-233
-24
152
281
347
353
337
326
294
242
234
274
287
241
201
113
-38
-221
-368
-513
-616
-637
-564
-452
-314
-122
46
157
240
323
382
414
442
486
507
531
557
543
435
265
97
-61
-235
-386
-472
-495
-441
-331
-211
-120
-14
101
135
107
74
62
28
-4
1
3
-23
-57
-71
-120
-209
-303
-331
-341
-353
-324
-214
-77
63
178
287
353
370
346
276
205
128
86
30
8
-18
-24
-35
-77
-147
-216
-254
-287
-276
-228
-127
-34
84
206
283
305
308
313
278
252
276
334
378
396
382
338
252
118
-58
-241
-351
-420
-464
-463
-403
-335
-279
-225
-179
-163
-187
-179
-143
-95
-82
-78
-36
13
17
-9
-14
-45
-79
-96
-86
-94
-62
30
131
167
170
165
137
72
-18
-88
-138
-114
-37
70
163
275
365
419
411
348
256
176
104
42
17
10
27
29
24
-4
-45
-103
-154
-189
-196
-156
-49
87
192
274
322
302
188
15
-204
-454
-690
-835
-858
-804
-676
-477
-219
14
192
312
347
293
222
177
114
49
33
88
142
197
259
299
271
233
184
92
-2
-41
-29
-34
11
103
225
293
311
301
268
214
158
97
11
-38
-37
-3
-5
-32
-82
-134
-202
-261
-347
-433
-477
-450
-394
-336
-255
-174
-103
-55
16
81
128
168
235
277
281
246
192
82
-75
-227
-335
-397
-407
-337
-208
-46
121
272
384
455
482
448
355
288
267
255
225
222
210
179
133
83
-25
-157
-249
-291
-297
-282
-246
-212
-183
-180
-195
-250
-325
-370
-365
-319
-254
-170
-57
56
114
99
49
2
-52
-125
-132
-71
-2
77
206
344
430
472
483
442
359
284
203
89
-19
-53
-32
-37
-66
-53
-29
-29
-34
-28
-61
-117
-138
-106
-77
-72
-66
-54
-18
7
17
-2
-29
-36
-23
-5
-14
-40
-41
-27
-50
-89
-113
-143
-186
-214
-197
-200
-238
-257
-228
-185
-163
-112
-49
18
110
236
356
446
517
584
613
585
544
485
378
243
147
89
25
-55
-81
-74
-99
-159
-199
-232
-310
-389
-423
-432
-471
-454
-347
-253
-214
-172
-76
-20
-41
-78
-97
-121
-152
-124
-46
29
104
209
276
258
217
193
128
9
-29
26
87
130
221
342
409
399
346
235
70
-68
-171
-255
-334
-347
-268
-165
-107
-52
32
85
105
143
201
229
268
322
349
315
270
210
69
-152
-353
-497
-675
-832
-870
-790
-676
-520
-289
-57
109
220
311
330
291
262
245
227
212
238
249
221
204
191
152
92
89
101
108
142
225
309
322
320
320
251
121
17
-48
-126
-201
-198
-166
-153
-152
-142
-171
-271
-372
-450
-510
-544
-505
-424
-337
-227
-91
0
6
1
31
33
28
94
181
262
338
429
485
447
345
209
62
-92
-213
-290
-305
-251
-128
29
183
317
415
496
510
497
487
481
444
381
326
252
159
30
-109
-269
-419
-541
-615
-625
-598
-535
-432
-305
-197
-121
-58
-28
-54
-117
-191
-261
-327
-389
-429
-423
-376
-296
-234
-156
-6
105
162
214
309
377
402
448
477
508
514
511
446
400
363
319
227
172
148
73
47
27
-17
-62
10
55
11
1
106
133
42
-8
-6
-83
-174
-179
-190
-259
-279
-209
-191
-238
-298
-318
-375
-444
-483
-480
-482
-476
-418
-320
-237
-159
-32
73
97
119
195
240
215
173
187
208
215
254
303
321
343
371
372
337
304
300
309
334
360
363
374
366
313
206
107
-19
-178
-292
-339
-326
-325
-288
-218
-144
-112
-94
-103
-174
-261
-304
-332
-391
-406
-371
-350
-327
-251
-200
-203
-195
-140
-110
-107
-54
46
133
195
264
308
298
283
264
198
111
97
118
128
176
259
332
411
481
492
495
508
488
405
358
338
243
114
10
-88
-200
-312
-414
-497
-541
-539
-513
-474
-426
-356
-267
-229
-246
-263
-248
-273
-332
-345
-346
-377
-364
-287
-244
-209
-121
-18
32
80
174
239
252
280
345
412
459
495
521
506
471
427
379
304
220
170
161
160
144
150
170
137
62
16
-44
-133
-152
-135
-114
-61
58
168
197
192
159
70
-89
-239
-375
-515
-617
-657
-663
-669
-649
-595
-540
-513
-480
-406
-308
-200
-103
-16
97
229
331
391
432
466
462
423
390
359
303
254
261
300
327
359
412
457
486
485
456
372
264
143
22
-103
-200
-264
-314
-323
-295
-247
-208
-165
-152
-176
-213
-237
-268
-295
-288
-275
-261
-207
-129
-108
-121
-113
-117
-172
-197
-205
-237
-249
-214
-169
-147
-139
-125
-103
-61
-37
-10
64
149
231
308
397
460
493
498
487
479
454
401
335
266
226
198
161
109
80
93
104
95
75
84
108
107
68
35
5
-42
-116
-227
-351
-447
-502
-547
-569
-558
-468
-357
-255
-163
-88
-27
7
27
-6
-58
-90
-92
-126
-181
-179
-144
-120
-114
-74
-4
66
126
177
224
276
316
329
324
326
332
308
264
222
185
179
190
162
147
184
217
177
121
104
67
9
-38
-70
-92
-87
-87
-124
-141
-106
-106
-151
-178
-163
-184
-221
-235
-251
-306
-334
-317
-340
-379
-390
-358
-356
-327
-282
-235
-164
-61
56
156
253
352
451
484
465
415
352
253
149
89
42
0
-2
57
126
166
207
256
283
280
286
307
291
270
253
219
141
59
-18
-132
-253
-337
-397
-439
-421
-364
-297
-235
-175
-143
-120
-99
-113
-144
-159
-163
-176
-179
-163
-134
-123
-117
-96
-65
-31
3
43
92
132
164
201
221
212
196
185
182
181
179
195
218
270
315
328
340
337
285
209
153
93
7
-67
-123
-170
-224
-267
-300
-324
-324
-309
-265
-226
-165
-107
-44
17
42
34
2
-54
-130
-231
-337
-398
-428
-430
-387
-310
-216
-104
25
137
219
297
379
428
441
440
426
407
371
318
250
216
183
137
101
71
53
55
59
60
70
80
85
63
42
-12
-82
-151
-206
-256
-309
-344
-348
-332
-322
-293
-263
-230
-206
-204
-215
-201
-184
-173
-153
-117
-61
13
76
98
130
177
205
199
204
227
240
229
236
240
208
161
120
60
-12
-23
-14
-9
13
67
130
187
206
180
140
104
46
-20
-43
-47
-43
-18
11
6
-18
-29
-68
-125
-176
-205
-194
-173
-152
-127
-97
-89
-100
-113
-147
-201
-219
-216
-224
-222
-186
-115
-36
40
138
236
312
365
400
418
398
367
340
297
244
198
163
107
35
-8
-35
-79
-141
-176
-185
-207
-225
-205
-182
-168
-140
-105
-61
-54
-72
-80
-88
-119
-159
-191
-211
-193
-149
-109
-69
-5
65
115
116
106
90
54
13
-30
-71
-98
-89
-50
-2
31
66
101
120
123
118
108
102
105
121
144
169
194
217
198
178
166
147
106
51
17
-4
-25
-47
-56
-73
-83
-93
-88
-87
-92
-112
-115
-99
-98
-100
-99
-99
-109
-106
-116
-127
-143
-149
-148
-138
-117
-104
-99
-95
-66
-49
-32
-4
35
94
155
207
242
271
281
236
174
123
67
11
-52
-93
-112
-117
-123
-114
-95
-96
-59
0
34
41
68
111
118
107
85
68
51
34
24
23
13
8
17
21
27
43
50
43
49
67
62
28
-1
-26
-51
-65
-65
-69
-52
-18
21
30
41
61
66
61
28
1
-31
-65
-99
-129
-131
-120
-112
-91
-49
-16
-14
-19
-38
-62
-77
-80
-107
-123
-107
-64
-35
-31
-5
28
38
39
42
53
68
86
117
136
137
146
162
134
91
81
68
46
52
62
47
44
38
3
-49
-62
-76
-114
-136
-127
-104
-67
-18
27
58
72
91
100
76
29
-2
-40
-87
-135
-167
-179
-186
-188
-185
-151
-120
-101
-97
-72
-35
8
46
60
78
94
109
91
63
35
7
-5
7
16
12
37
75
100
91
79
66
62
57
62
74
96
131
160
165
139
100
54
3
-42
-70
-95
-102
-87
-58
-33
-22
-10
-9
-16
-31
-49
-65
-71
-71
-63
-46
-32
-10
-10
-17
-15
-18
-41
-61
-73
-73
-71
-52
-14
15
30
41
59
73
95
92
81
58
50
38
18
9
5
-2
-17
-11
0
9
-5
-27
-40
-47
-40
-23
-9
3
27
55
68
73
74
66
34
10
6
-18
-57
-74
-78
-87
-92
-102
-94
-87
-87
-92
-80
-66
-50
-21
15
57
86
109
135
155
160
152
133
93
44
11
-5
-17
-49
-58
-39
-23
-22
-22
-16
-17
-8
-14
-20
-24
-25
-35
-51
-44
-48
-53
-56
-64
-54
-42
-39
-29
15
61
86
103
134
156
145
115
80
58
24
-19
-47
-51
-41
-27
-23
-41
-38
-25
-28
-49
-60
-48
-29
-16
-28
-30
-24
-19
-20
-35
-48
-33
-5
16
15
31
51
60
62
46
23
3
-4
-25
-58
-75
-70
-58
-50
-42
-20
14
47
57
48
39
53
62
47
36
43
51
57
65
60
45
21
11
0
-34
-66
-86
-113
-142
-140
-128
-130
-113
-56
-9
7
8
23
39
23
-6
-36
-57
-52
-28
16
53
60
73
99
91
55
28
9
-16
-22
4
30
58
86
114
131
141
139
119
94
82
77
50
32
24
11
-15
-31
-48
-63
-85
-105
-101
-78
-45
-16
1
22
41
20
-8
-31
-62
-105
-119
-112
-98
-92
-95
-84
-71
-55
-55
-80
-92
-87
-92
-92
-66
-48
-30
-2
29
61
85
99
112
121
107
104
96
88
88
90
87
70
74
79
59
24
15
37
16
-9
3
21
16
1
-3
-7
8
23
18
0
-20
-23
-40
-70
-118
-123
-102
-104
-100
-81
-52
-31
-17
-16
-5
27
40
32
16
8
4
13
32
22
21
35
58
67
70
70
63
41
28
26
10
-4
-9
15
15
1
-11
-17
-28
-36
-32
-46
-43
-17
30
50
55
53
51
37
16
-9
-33
-47
-57
-59
-53
-33
-26
-19
-1
16
16
19
13
-2
0
-5
-24
-33
-40
-49
-52
-33
-14
-19
-31
-37
-40
-44
-51
-32
-16
8
51
85
99
109
118
109
89
58
29
11
-11
-49
-59
-51
-41
-61
-86
-77
-55
-51
-43
-19
6
39
56
64
60
41
35
23
-2
-13
-23
-24
-23
-20
-16
-10
-6
-33
-56
-62
-67
-83
-84
-82
-73
-33
12
46
61
95
115
110
90
65
42
11
-15
-31
-31
-23
-21
-11
-14
-5
15
19
17
7
8
11
31
38
28
30
44
43
20
1
-1
8
2
-15
-12
14
38
44
54
65
78
76
63
60
53
49
39
33
30
29
9
-16
-39
-80
-107
-115
-123
-136
-124
-103
-57
-27
-26
-18
-4
16
23
30
33
34
26
12
-4
-33
-69
-84
-66
-50
-46
-19
11
15
21
30
23
-13
-26
-32
-30
-29
-27
-3
14
31
30
32
21
16
19
21
21
31
51
62
64
32
12
-14
-45
-76
-91
-76
-48
-39
-24
5
29
39
37
29
22
24
26
6
-24
-38
-25
-10
-21
-24
-7
11
8
16
22
27
27
21
26
24
8
1
8
19
14
16
19
5
21
44
22
6
15
9
-11
-18
-27
-44
-53
-43
-28
-14
7
7
10
18
20
7
-10
-18
-12
4
29
44
57
66
72
73
69
67
51
36
39
31
12
-10
-25
-22
-37
-59
-65
-54
-49
-28
-9
8
36
56
70
68
56
39
5
-39
-74
-118
-149
-161
-158
-155
-128
-73
-35
-3
21
34
44
39
29
24
19
9
4
19
33
42
45
46
35
25
3
-8
-15
-10
26
60
78
99
128
119
105
99
82
31
-31
-68
-78
-92
-104
-86
-49
-8
19
41
38
34
27
-6
-57
-92
-95
-83
-94
-89
-70
-54
-40
-53
-61
-74
-78
-60
-51
-45
-23
4
12
13
4
-4
4
0
0
10
40
40
37
53
88
96
69
68
81
74
63
58
61
50
41
59
53
31
-1
-17
-43
-65
-76
-66
-47
-9
34
48
40
25
33
-3
-49
-91
-112
-95
-60
-23
-11
0
17
19
-4
-36
-67
-58
-64
-65
-44
-17
8
20
35
34
27
1
-5
-32
-46
-41
-23
10
24
54
88
112
105
107
99
83
56
39
55
55
42
31
40
40
24
18
12
13
15
17
17
13
7
10
25
0
-39
-51
-47
-48
-59
-58
-44
-28
-12
-6
-1
-15
-20
-26
-27
-38
-49
-29
-21
-27
-15
37
65
74
81
96
93
69
38
-3
-46
-72
-86
-99
-105
-103
-89
-79
-54
-24
-11
4
16
36
65
61
50
69
86
59
45
37
17
-16
-40
-67
-85
-78
-63
-48
-31
3
26
30
21
11
-12
-37
-63
-76
-83
-74
-43
-9
4
19
19
6
8
3
-32
-49
-23
4
15
13
25
43
61
72
60
37
40
33
10
7
9
19
20
19
23
33
47
48
47
28
9
14
12
-12
-30
-31
-16
-27
-22
-6
-4
-2
-10
-11
-9
-6
-26
-32
-26
-11
-3
-19
-22
-3
12
5
11
17
17
20
18
17
10
-6
-10
-6
11
20
26
34
27
36
44
27
1
-11
-16
-7
2
12
18
30
44
43
38
15
9
1
-12
-26
-53
-64
-53
-59
-54
-49
-47
-49
-39
-26
-14
-11
-23
-7
17
28
14
16
27
34
21
12
-7
-43
-59
-60
-70
-86
-73
-45
-41
-18
4
-5
-18
-22
-1
3
3
0
5
8
16
32
37
27
20
23
25
27
37