-2
-2
1
-1
5
1
1
6
8
5
3
5
1
10
9
3
4
5
1
4
4
-2
1
6
-1
2
0
-2
-3
-7
-10
-13
-11
-10
-10
-10
-7
-1
-3
1
-2
-3
-2
-6
-9
-6
-7
-5
-5
-5
3
-1
2
11
10
0
0
-1
0
2
0
-4
-2
6
6
9
2
5
3
2
6
3
1
2
8
9
13
10
8
3
3
-2
-1
-8
-8
-2
1
3
-1
-2
-1
-1
-7
-12
-15
-11
-8
-4
-3
-6
-5
0
2
-4
-9
-8
-8
-9
-7
-5
-1
-3
-3
0
7
5
1
4
6
1
2
0
2
1
-1
0
-1
4
1
4
1
4
-2
0
-1
-3
0
5
8
5
7
6
8
3
-2
-8
-5
-2
-3
-2
-1
4
3
6
8
4
5
2
1
1
1
2
1
3
6
11
16
21
20
20
22
18
17
10
7
10
9
9
6
4
0
2
-1
0
-5
-7
-4
0
-3
-7
6
6
-2
-5
1
2
2
-3
-5
-6
-4
-4
-8
-14
-12
-18
-25
-18
-14
-17
-19
-26
-23
-9
-14
-24
-20
-11
-8
-13
-13
-10
1
5
6
16
23
23
17
10
0
-15
-29
-39
-45
-39
-31
-13
-1
0
2
11
10
6
3
3
6
11
20
24
30
24
17
12
9
0
2
3
7
24
26
32
29
23
14
12
5
-2
-6
-1
0
4
0
-3
0
-3
-10
-22
-28
-29
-17
-13
-13
-18
-15
-16
-17
-25
-22
-15
-12
-11
-1
11
1
2
-5
-18
-28
-23
-28
-22
1
19
24
26
19
12
10
6
-4
-15
-8
5
11
15
14
11
23
30
27
24
27
34
27
17
14
22
24
12
11
25
33
30
29
15
14
11
16
11
15
20
23
26
25
23
6
-2
-14
-20
-20
-13
-16
-4
6
9
6
5
-11
-20
-28
-42
-46
-40
-33
-35
-25
-22
-9
-9
-12
-24
-38
-44
-49
-48
-54
-45
-29
-13
-4
5
1
-1
0
0
10
16
21
21
35
39
41
16
-1
-12
-13
-28
-36
-28
-22
-6
1
7
-12
-28
-13
-3
7
13
24
34
49
62
57
33
11
19
22
17
1
-11
-9
16
38
53
71
77
74
74
58
25
7
6
16
33
58
81
106
100
75
32
4
-26
-13
-37
-59
-65
-40
-7
1
-4
-30
-39
-58
-56
-68
-84
-139
-156
-123
-90
-94
-67
-24
44
108
91
58
55
89
79
17
-42
-40
20
99
151
196
243
236
222
178
111
19
-1
5
23
25
21
35
44
8
-36
-62
-86
-65
19
102
116
94
14
-28
-39
-63
-112
-96
-18
20
-44
-157
-231
-275
-296
-303
-316
-313
-257
-206
-185
-203
-236
-269
-275
-222
-154
-35
62
102
95
94
72
37
-2
-31
-3
68
114
164
254
317
258
169
150
190
222
152
81
92
187
263
270
234
196
129
-8
-204
-462
-704
-812
-922
-970
-774
-511
-325
-126
74
168
123
30
-53
-132
-178
-134
25
236
358
450
555
562
468
309
115
-58
-31
97
167
249
425
561
551
436
370
335
172
34
50
196
226
69
-38
167
368
302
69
16
204
252
66
-57
164
303
223
129
212
421
464
306
80
-39
-10
-32
-175
-422
-456
-436
-340
-651
-784
-1875
-5633
-10051
-9399
-4554
-1306
115
3529
7868
9189
8298
6818
4073
-349
-2942
-2703
-1092
-307
550
1619
2732
2472
1474
-242
-2544
-4767
-5329
-3703
-1012
1483
2908
4483
6499
7612
5798
2151
-1049
-2345
-2544
-1976
-1428
-2138
-3121
-1816
276
-886
-3949
-5202
-4370
-3551
-2288
-822
22
731
2832
4636
4243
1984
-348
-2270
-3471
-4256
-5020
-5549
-4806
-3030
-1596
-1136
-1226
-1192
-1391
-1042
410
2655
4440
6430
8868
10984
11070
9699
7338
4758
1945
329
-447
-68
1013
4613
7096
1290
-10929
-16311
-13641
-15463
-20167
-15373
-3774
1789
6454
15092
19062
11961
6524
6279
5428
2018
1978
2738
3389
4941
6901
5297
234
-7086
-14542
-17550
-16321
-15456
-16333
-12299
-2832
6684
10964
11286
9387
7537
5312
3147
1729
605
-836
1123
7635
8484
739
-5863
-5394
-8139
-14854
-18261
-16161
-14108
-9584
-2307
3739
6187
7402
8154
8698
8658
5655
2870
3827
6924
7622
9019
10592
9365
5586
3933
2279
-1685
-5808
-6288
-2828
1700
4243
2542
-2822
-9049
-12176
-12241
-13131
-14961
-11949
-1577
8534
13731
15453
15595
12021
8501
6209
3087
-1641
-1804
1833
4792
5250
4677
2060
-2825
-8108
-13045
-16240
-16671
-14354
-10734
-4063
3999
10070
11689
10748
8105
5183
1967
-1367
-3677
-2612
-104
1004
1619
2386
-198
-6611
-11260
-12021
-13808
-18563
-19733
-13012
-3465
1831
4855
9270
13005
12220
10074
8950
7104
4032
4376
8077
10574
10061
9659
9226
6542
2375
-959
-3264
-5331
-5128
-1904
1369
-379
-7319
-14180
-15221
-12663
-12713
-13579
-9047
496
7844
13261
17121
17257
11889
8681
9106
8875
4312
1215
1236
2913
3438
2685
-916
-6913
-12739
-15595
-15216
-14572
-14529
-12711
-5496
4131
10996
12187
10620
8639
7381
5475
2808
60
-1016
-181
1465
2331
772
-4261
-11826
-18151
-20918
-20343
-18920
-16432
-10699
-969
7887
11827
11880
11110
9186
6716
5658
6399
7167
8816
12253
15159
14516
11190
7402
3545
-924
-5164
-7695
-7558
-4653
158
4838
4501
-3869
-14239
-16158
-13539
-16033
-18853
-10343
2626
9400
14789
22647
22655
13160
7308
7578
4859
-634
-1118
1182
2202
2997
4438
1888
-4800
-12892
-18071
-18541
-15994
-15100
-13855
-6719
4967
13637
15784
13817
10499
7570
4697
1173
-1780
-3259
-4612
-5331
-3212
-2646
-8247
-15115
-16002
-13982
-13580
-13463
-11258
-6647
247
6684
8929
9274
10257
10958
10156
10892
11137
9683
8936
11426
12182
9763
7202
5332
2547
-1132
-2989
-4678
-5025
-4252
-697
1678
-4597
-19499
-24351
-12652
-6085
-12722
-9947
8711
17106
14002
18391
25182
13755
-414
681
7180
3078
-1188
558
2991
2857
2850
783
-6327
-15443
-23033
-22462
-15033
-9212
-10729
-7126
6159
18335
18929
13734
8246
4452
1876
-132
-3055
-6933
-10362
-10377
-4910
-1709
-7347
-14570
-13346
-9817
-11005
-11842
-8565
-4853
-161
8119
13672
12632
10720
11567
10377
7887
7663
8275
7201
7738
10101
10387
7710
4495
1679
-255
-88
666
680
801
4990
7186
-2454
-19895
-24917
-18192
-17444
-22000
-12766
3521
9146
11640
22797
26790
13470
2439
4902
7805
3440
2355
5548
8209
8684
9705
5912
-3319
-15830
-24904
-26632
-22242
-19878
-19417
-12109
1973
13102
15772
13569
8853
4402
990
-1340
-3676
-6046
-8968
-7519
617
4941
-1755
-9112
-7443
-6118
-10310
-13162
-10102
-6645
-1909
5669
11814
12142
10435
9504
7627
5193
4146
5107
6403
9183
12426
14900
14644
11940
7330
3949
2410
1495
-606
-574
2531
-248
-13112
-23722
-21798
-19973
-24506
-22484
-7679
1945
4522
13479
26015
23563
12233
8764
12193
10529
6412
5463
6482
6605
6702
6571
2520
-7736
-20423
-26156
-24200
-22965
-25705
-22425
-10195
2996
10341
13398
12657
9543
5758
570
-5247
-7406
-7023
-7474
-3448
5525
8844
3183
-681
-1126
-5454
-13010
-16101
-14320
-10421
-4854
2423
8985
12322
12681
11821
10841
8603
6642
6548
8335
10430
13491
15957
16180
13643
10679
7202
2971
-528
-1872
-110
-433
-9650
-23843
-27003
-21403
-22085
-26477
-16928
-891
6181
10864
22293
27031
18078
10719
11748
12004
7473
5336
5965
8078
8540
6926
2394
-3273
-13440
-24121
-27852
-25611
-26663
-27376
-18778
-4900
4915
10356
13378
10585
4630
901
-1547
-6374
-9248
-7124
-839
6855
11572
8855
3545
1246
-2242
-10373
-16864
-17271
-15036
-10359
-2304
5288
8983
11624
13636
12812
10019
7735
6379
6259
8951
13492
17635
19547
19386
17098
12848
6782
387
-4821
-6842
-5502
-7581
-16853
-24803
-22031
-17533
-20363
-22049
-12274
-1452
2937
8928
19633
22763
16475
13209
16097
16526
12065
8381
6808
6456
5677
4151
48
-7262
-17770
-24365
-23845
-22886
-27085
-27112
-17268
-6833
-2464
1460
5978
5434
2672
2619
2792
731
453
2871
6857
10910
11162
5801
928
-1574
-7039
-15183
-18795
-17616
-14807
-9970
-2273
3729
7327
10261
13539
14219
12424
9740
9493
12552
16405
18620
18780
19247
18001
15633
10544
5518
-630
-3154
-5647
-12312
-24378
-28997
-25284
-22464
-24170
-20128
-9625
-1891
3206
10829
18541
17891
14864
15464
19653
19629
17436
14501
13280
11600
9213
4809
-1339
-10260
-20335
-25128
-24287
-25065
-29565
-28306
-21060
-14306
-8972
-2151
1358
1724
4898
9363
9061
6311
6228
7190
8275
8769
7005
2534
-709
-3315
-7558
-12650
-15501
-15697
-13411
-9263
-4725
-1415
1941
5803
8891
10282
10822
11697
13522
16809
19445
21459
22324
21909
18456
14994
11441
6899
1820
-1492
-9242
-22345
-29949
-26732
-24668
-28766
-26674
-15251
-5779
-2186
4704
13299
16627
14702
16181
20057
22055
20093
18279
17777
16451
12496
7512
2886
-5090
-16141
-23645
-23675
-24404
-29038
-30151
-24529
-19527
-16193
-9399
-2913
-1192
348
6383
10593
11019
10006
10254
11020
12108
9921
5071
1143
-1816
-5977
-9955
-11617
-12953
-12726
-10252
-6553
-4855
-3052
-749
2709
5380
7144
8604
13001
18729
21840
22783
24525
25376
21561
16751
13574
9775
3967
-1678
-10810
-22793
-28343
-25871
-26085
-28776
-24250
-14875
-8990
-4079
3441
7967
8283
10058
15208
19307
21320
21739
20969
19690
18294
14658
8669
2193
-5500
-14157
-18886
-19371
-21843
-26691
-26241
-21239
-19603
-20302
-15789
-9073
-6512
-3608
3490
9446
11034
12930
15049
15300
13246
10038
5691
2966
-86
-4898
-8758
-8769
-8731
-9193
-7404
-5383
-6284
-7113
-4194
-1455
-883
-109
4807
11432
18056
22767
25599
26328
26101
24566
20696
15261
9942
6524
-30
-11831
-23108
-24079
-22471
-26065
-28199
-19516
-11751
-10856
-7445
1581
4566
1879
3984
11321
16952
19438
21242
22155
22958
21290
16389
10308
4296
-5716
-15651
-18051
-17003
-21783
-27041
-23653
-17017
-15093
-15913
-15842
-15798
-13629
-8487
-3295
799
5983
11820
17113
20913
19922
13889
7734
3940
-733
-6296
-9772
-10459
-9640
-7302
-4341
-2668
-2619
-3849
-5525
-5453
-3903
-3414
-1934
5106
14845
21819
26478
30603
30708
26302
21241
16870
11037
5294
-915
-9989
-18617
-20260
-18736
-21276
-23836
-19685
-13428
-11499
-9618
-4611
-456
409
2989
8234
13963
18505
21982
22426
20925
18823
15881
10883
4806
-2972
-10810
-14409
-14171
-16450
-21219
-22105
-18764
-16070
-15257
-15118
-15502
-13855
-8930
-3835
-113
4187
8887
12320
15437
17025
14388
8913
5182
2368
-1973
-6845
-9082
-9154
-8424
-7476
-5831
-4463
-4318
-5275
-5364
-3710
-1197
502
3268
9446
17698
23568
26264
27001
26142
23454
19959
15251
9754
5104
-1730
-12005
-19919
-19660
-19787
-23298
-23488
-15665
-10851
-9978
-7237
-1065
249
81
3318
9330
13474
17159
20253
21329
20677
18369
14102
8655
3101
-5702
-13699
-15490
-14324
-18911
-23429
-20813
-15488
-14411
-13348
-10897
-11590
-13337
-9683
-3096
-347
1308
5976
12564
16464
16635
13228
9470
6005
1224
-4858
-8435
-9466
-10001
-9448
-6947
-5014
-4836
-4202
-3322
-3015
-2947
-554
2391
6213
10164
16126
22007
26736
27125
24834
21924
19781
15738
10252
4634
-4535
-15859
-21337
-18505
-19628
-24001
-22570
-13774
-10080
-8422
-4696
-390
-837
1138
6400
11380
14081
17738
20902
21420
20298
17436
12892
6922
177
-8329
-13239
-13462
-14752
-20572
-22294
-17492
-13879
-14746
-14139
-11346
-11618
-12411
-8495
-2140
538
2687
7986
14418
16200
14049
10825
8424
4740
-639
-5561
-7909
-8799
-8969
-7935
-6715
-6347
-6565
-5910
-4907
-3611
-2320
461
3993
7934
12137
17835
22537
23868
23016
22390
21022
17223
12739
9909
6775
-2531
-14787
-20307
-18055
-19698
-24801
-23337
-14932
-10526
-8411
-3184
2217
2143
2425
6969
12381
14596
16146
18282
19801
19227
16490
12332
7416
962
-7177
-12275
-12869
-14862
-20785
-22719
-18002
-14432
-15008
-14155
-11893
-11788
-10778
-5868
-1131
1290
4251
8668
12878
15246
13721
9404
6252
4266
-15
-5254
-8040
-8737
-9023
-8375
-6884
-5818
-5543
-5144
-4422
-2731
-773
1524
3763
7155
11484
17083
21154
22966
22425
21842
19847
16252
11987
8960
5522
-1723
-11366
-18108
-18803
-19940
-22690
-22881
-16230
-11222
-8465
-4595
2159
3596
3133
5565
10751
13203
15078
16950
17310
16716
15993
13559
8371
3140
-3512
-9300
-11834
-12796
-17911
-22105
-20191
-16061
-14996
-13955
-10471
-8857
-9413
-7700
-1998
1850
2616
4283
9694
13712
13087
9917
7333
4784
800
-3452
-6699
-7897
-8337
-7912
-6893
-5183
-4651
-4739
-4093
-2713
-1563
-69
3305
7046
10630
14714
19739
22282
22238
21204
19299
15453
11204
8192
5425
1448
-6609
-14935
-18418
-17189
-19902
-22803
-20048
-13541
-10960
-6784
-69
4003
3218
5536
10196
12851
13550
15200
15846
15235
15192
14373
11274
6680
1071
-5910
-10128
-11730
-15401
-21518
-22556
-18543
-15227
-13936
-11520
-9079
-8132
-6604
-3373
-250
1377
3276
6764
11218
12949
11047
7869
5873
3304
-896
-4945
-7154
-8057
-8273
-7179
-5715
-4725
-4507
-3840
-2720
-1385
-388
1063
3851
7812
12389
16753
20154
21337
21401
20602
18012
13005
8151
5524
3131
-3265
-12819
-18182
-17521
-17535
-20787
-20394
-15416
-11700
-8861
-2638
2913
2735
2441
6811
12090
13456
13943
14873
15870
15918
15729
13249
8732
2687
-3793
-8753
-10926
-13660
-19440
-22137
-18389
-13310
-12145
-10654
-7988
-7620
-8836
-6343
-2338
-1449
-917
3482
10017
13365
13087
10455
8438
6058
2229
-3211
-6566
-8081
-8286
-7078
-4307
-2913
-2912
-1969
-125
119
-895
-593
1268
4159
8311
13492
17473
19906
21180
20928
18022
13719
9123
5878
2499
-4072
-13547
-17640
-16239
-17350
-21987
-20363
-14332
-11435
-9764
-3400
1613
1453
2122
7043
10618
11356
12832
14717
15207
15242
15224
13271
9725
4742
-1576
-6559
-8640
-12071
-18277
-20621
-16887
-13360
-12817
-10911
-7477
-6591
-7573
-7012
-4922
-3725
-2377
947
6666
10995
12028
10790
10079
8280
3746
-2237
-6161
-7551
-7623
-6991
-5325
-3212
-1549
-316
652
790
-36
-563
528
3057
6658
11128
15664
18857
20622
21224
19318
14806
9495
6205
3598
-1045
-9570
-16315
-17432
-15945
-18568
-20505
-16960
-11449
-9480
-6079
-158
2582
1636
3756
8506
10606
11100
12509
14075
14802
15721
14593
11148
7036
2433
-3766
-8479
-11287
-15753
-20295
-19457
-15016
-12687
-11101
-8210
-6597
-7209
-6402
-4602
-4521
-4424
-1527
3310
7810
10637
10686
9539
8579
6422
1387
-3665
-6325
-7019
-6783
-5295
-3245
-1610
-334
536
692
423
451
906
1841
4384
8858
13554
16458
17973
18918
18452
15627
11525
7786
5228
1841
-5401
-13936
-17127
-15928
-17670
-20527
-17354
-11171
-9160
-7160
-923
3376
1878
1837
5881
8881
9535
11452
13635
14752
15910
16409
13816
9651
4750
-1719
-7495
-10584
-14457
-19774
-20290
-15487
-11907
-10952
-8548
-5931
-6087
-6957
-6256
-5784
-5906
-3803
669
5513
8963
10563
10291
9455
7269
2894
-2309
-5542
-6972
-7182
-5959
-3567
-1585
-267
718
1078
545
-2
445
1551
3427
6687
11233
14935
17178
18099
17753
15082
11471
7925
5286
2758
-2052
-10122
-15890
-15508
-14811
-17924
-18651
-13618
-9609
-8119
-3746
2132
2640
1134
3784
8195
9378
9976
11933
13526
14438
15539
14814
11270
6704
1034
-4897
-8814
-11781
-16918
-19998
-16971
-11939
-9973
-8440
-5586
-4310
-5470
-6103
-5366
-4922
-4602
-2721
1938
7245
9833
9363
8890
8276
4976
-298
-4349
-6660
-7716
-6955
-4878
-2894
-979
951
1940
1784
1452
1019
998
2184
4761
7927
11468
14833
16936
17329
15959
13098
9420
6224
3543
-351
-7605
-14683
-16413
-14653
-16068
-18127
-15056
-9544
-7271
-4489
807
3366
1661
2431
6400
8793
9382
11319
13360
14581
15909
16219
13369
8748
3223
-3278
-8531
-11577
-15359
-19043
-17903
-13022
-9668
-7862
-5564
-4569
-5766
-6606
-6128
-5932
-5697
-3712
655
5762
9174
9656
9138
8226
5524
884
-3384
-6212
-7631
-7095
-5135
-3215
-1761
167
1580
1667
858
463
627
1916
4252
7399
10886
14290
16297
16747
15947
13745
10104
6296
3812
1046
-4783
-12365
-15738
-14822
-15350
-17982
-16333
-11361
-8387
-6040
-338
3711
2768
2243
5806
8554
8958
10015
12054
13156
14444
15625
14108
9679
4026
-2269
-7608
-10758
-14125
-18277
-18569
-13982
-9824
-7944
-5873
-4390
-5409
-6371
-5604
-5144
-5319
-3477
725
5525
8999
10289
9697
8572
6084
1721
-3029
-6010
-7584
-7512
-5790
-3396
-1676
145
1696
2056
1138
574
695
1424
3299
6870
10909
13836
15915
16981
16602
13760
9830
5884
3674
737
-5436
-12955
-15220
-13934
-15243
-17707
-15246
-10569
-8789
-6220
-527
3254
2312
2851
6099
8790
9516
11298
12679
13304
13938
14646
12565
8305
2681
-3449
-8077
-10286
-13385
-17586
-17631
-13288
-9712
-8154
-5688
-3923
-4631
-5524
-4470
-3640
-3772
-2658
878
5403
8618
9583
8874
7703
5283
1099
-3560
-6678
-8219
-8185
-6391
-3744
-1760
-295
1445
2206
1409
356
1020
2230
3684
6277
10604
13952
15470
15869
15697
13528
9395
5257
2835
582
-5602
-13174
-15770
-13354
-14391
-17150
-14962
-9100
-7436
-5821
-599
3793
2818
3063
6622
9760
10522
11718
12811
13281
13898
13577
10649
6327
1460
-4652
-9266
-10904
-13101
-17157
-17175
-12428
-8776
-7942
-5993
-3770
-3953
-5035
-4343
-3044
-2230
-820
2329
6320
9093
9353
7958
6220
3784
-196
-4529
-7351
-8262
-7864
-6192
-3626
-1273
-49
874
1687
1774
873
939
2540
4931
7468
10912
14118
15588
15373
14541
12415
8518
4046
1417
-108
-4734
-11854
-15208
-13142
-13111
-15801
-14949
-9854
-7518
-5956
-1174
3943
4163
4372
7500
10616
10839
11093
11653
11834
11777
11476
9382
6016
1800
-3809
-8626
-10583
-12439
-16472
-17703
-13653
-8996
-7115
-5176
-2889
-2532
-3442
-2922
-1757
-1262
-521
1922
5497
8144
8386
6838
5029
2615
-1175
-5199
-7805
-8840
-8572
-6598
-3709
-1335
-144
1015
2272
2821
2132
2122
3718
6047
8262
11216
14298
15684
15194
13722
11531
7851
3766
663
-1972
-7665
-13964
-15505
-12846
-13419
-15528
-13128
-7845
-5725
-3938
604
3928
3893
4994
8506
10758
11380
11763
11657
11035
11202
10350
7220
3332
-522
-5278
-8822
-10189
-12599
-16357
-16180
-11674
-8237
-7005
-4926
-2381
-1711
-1778
-961
-124
182
1077
3153
5626
6739
5835
4065
2598
365
-3307
-6662
-8157
-8456
-8064
-6191
-3301
-1172
-158
907
2275
2901
2898
3228
4824
6837
9262
11811
14336
14900
14329
13136
11240
6896
2515
36
-3225
-10199
-15928
-15161
-13170
-14205
-14297
-9555
-6244
-4589
-1380
3535
4114
3950
6055
9798
11026
11732
11782
11265
10342
9971
8201
4796
991
-3148
-7018
-8982
-9881
-12964
-15746
-14213
-9837
-7477
-6203
-3911
-1607
-970
-320
936
1549
1250
1986
3980
5513
5130
3686
2248
868
-1388
-4402
-7072
-8202
-8091
-7034
-5285
-3135
-1486
-141
1357
2765
3236
3162
3881
5758
7948
10079
12254
13848
14059
13350
11765
8726
4352
979
-1306
-5662
-12341
-15637
-13902
-12777
-13778
-11814
-7066
-4700
-3256
790
4449
4272
4530
7597
10531
11165
11625
11716
10781
9396
8196
5866
2395
-1590
-5600
-8320
-9233
-10610
-13476
-14334
-11629
-8320
-6503
-4455
-2028
-649
-16
1271
2339
2268
1982
2696
4110
4557
3462
1810
601
-952
-3239
-5726
-7519
-8328
-7737
-6157
-4277
-2658
-1104
538
2322
3696
4155
4319
5284
6816
8495
10498
12316
12950
12842
12436
10828
7304
3371
420
-3817
-10719
-15846
-15314
-13877
-14853
-13475
-7423
-3669
-3159
-435
4034
4355
3231
5391
9027
10361
11089
12041
11835
10406
8755
6213
2650
-1245
-5648
-9077
-9626
-9240
-11460
-13227
-10986
-7279
-5877
-4647
-2582
-1501
-1212
553
2466
2868
2804
3687
4896
5552
4669
2250
-23
-1566
-3597
-6013
-7278
-7601
-7443
-6146
-3823
-2285
-1638
-711
820
2178
3156
4071
5200
6679
8671
10905
12483
12744
12274
11547
10167
7527
4321
1398
-2859
-9632
-14793
-14606
-13291
-14785
-14256
-8387
-3435
-2385
-118
4052
4735
3337
5054
8592
9906
10429
11456
11545
10276
8855
6212
2134
-1953
-5697
-9008
-10101
-9759
-10983
-12277
-10044
-6369
-5083
-4511
-2554
-1263
-1258
-147
1700
2277
2442
3706
4919
5090
4251
2435
-136
-2262
-4104
-6251
-7766
-7725
-7021
-6018
-4050
-1943
-897
-172
1187
2297
2838
3563
4863
5954
7318
9188
10976
11550
11432
10778
9671
7732
5254
2787
-305
-5962
-12421
-14409
-12737
-12754
-13967
-10450
-4645
-1698
-338
3240
5296
4124
3822
6786
9021
9455
10059
10774
10037
8580
6748
3356
-1101
-5220
-8291
-9755
-9483
-9735
-10837
-9877
-6208
-3598
-3150
-2447
-1203
-1057
-954
442
1623
1538
1909
3433
4562
4072
2428
444
-1438
-3472
-5589
-7083
-7312
-6752
-5571
-3578
-1361
-158
497
1613
2687
2821
2889
4033
5340
6243
7428
9283
10490
10724
10374
9690
8050
5595
3182
18
-6041
-12678
-14372
-12432
-12285
-12711
-8583
-3171
-689
1229
4632
5091
3025
3142
5864
7302
8062
9331
9962
9334
8431
6290
2351
-1996
-6109
-9510
-10405
-9129
-8993
-9635
-7764
-3921
-2028
-2081
-1914
-1708
-2181
-1780
-244
821
1257
2308
3885
4628
3943
2107
41
-1862
-3825
-5801
-6919
-6835
-5924
-4343
-2414
-939
-223
612
1642
2138
2037
2444
3806
5333
6600
7970
9461
10102
10029
9520
8855
6974
4735
2327
-1646
-8300
-12947
-12954
-11949
-12801
-11009
-5661
-1894
-429
2713
5718
4420
2486
3969
6424
6917
7781
9242
9724
9152
8387
5716
1246
-3395
-7328
-10145
-10520
-9811
-9932
-9184
-5537
-1881
-844
-961
-898
-1594
-2232
-1376
-210
245
1274
3518
5357
5468
3865
1588
-525
-2559
-5029
-6994
-7535
-7023
-5871
-3614
-1149
-217
-399
163
1371
1781
1578
2168
3768
5691
7468
9004
9745
9812
9447
8942
7667
5774
3839
591
-5595
-11392
-12630
-12145
-13565
-13316
-8067
-3078
-1210
1341
5446
5978
3859
3857
5902
6530
6879
8299
9416
9399
9137
7741
4173
-590
-5565
-9757
-11556
-11405
-11819
-11747
-8299
-3066
-239
389
759
442
-843
-1222
-560
-198
228
2240
4978
6575
6012
3854
1124
-1312
-3738
-6269
-8311
-8653
-7330
-4980
-2670
-879
117
524
653
948
1123
1257
2175
4456
7261
9279
10293
10894
11145
10169
8019
5404
3407
25
-5830
-11346
-12182
-11498
-12797
-13046
-8216
-3473
-2046
-31
4285
5599
3855
3935
6146
7093
7451
8816
9526
8939
8325
7475
4674
216
-5020
-9300
-11174
-11384
-12448
-12788
-9522
-4232
-971
566
1766
1721
475
193
527
69
-70
1830
4683
6433
6325
4834
2648
-158
-3420
-6381
-8406
-9483
-9091
-6624
-3470
-1477
-447
920
1918
1608
583
434
1325
3114
5597
8437
10690
12001
12455
11893
9995
6630
3117
-1211
-7135
-12629
-13455
-12004
-11898
-11536
-6975
-2188
-431
734
3582
4341
2969
3210
5518
6813
7505
9083
10080
9374
8000
6370
3238
-993
-5560
-9360
-11289
-11271
-11501
-11574
-8912
-4152
-1098
-17
1031
1719
1106
703
878
685
587
1997
4068
5327
5479
4795
3011
395
-2369
-4892
-7079
-8371
-8179
-6618
-4484
-2397
-665
760
1724
2021
1582
1175
1314
2321
4036
6427
8908
11016
11987
11980
10826
8703
4531
-2584
-10349
-14069
-13744
-13669
-13544
-9646
-3250
226
1884
4348
5697
3086
1144
2379
4269
4393
5809
8278
9699
9261
8226
5642
1476
-3277
-7507
-10377
-11066
-11048
-11230
-9381
-4719
-826
434
898
1369
818
217
377
306
-315
415
2640
4674
5190
4614
3506
2024
10
-2410
-4811
-6547
-6927
-5991
-4508
-3068
-1671
-307
969
1708
1552
925
892
1447
2386
3864
5683
7480
9263
10819
10867
9646
7206
1637
-6419
-11430
-11957
-12633
-14053
-11044
-4032
773
2799
5296
6959
4886
2293
2166
2673
2148
3098
5561
7425
7852
7531
5652
2352
-1899
-6630
-10282
-10986
-10606
-10804
-9261
-4502
-188
1431
2012
2184
1041
-316
-566
-438
-621
-65
1785
4086
5436
5032
3269
1478
100
-1567
-3800
-5383
-5329
-4234
-3024
-1830
-582
312
610
624
590
428
162
227
1139
2785
4489
5815
7208
8404
8633
7995
5695
-193
-7089
-10013
-10007
-11432
-12172
-8094
-2267
1070
3751
7041
7650
5215
3782
4059
3378
2297
3226
4780
5241
5471
5644
3861
370
-3473
-7159
-9874
-10691
-10917
-10694
-7922
-3218
342
2138
3179
2927
1613
638
142
-631
-929
28
1814
3511
4227
3516
1869
280
-1090
-2492
-3888
-4444
-3641
-1856
-356
370
752
1308
1468
962
100
-284
-63
645
1717
3260
4718
5499
5867
6421
6783
5112
-196
-6527
-9234
-8830
-9639
-11058
-8511
-2754
1317
3550
6327
7877
6090
4248
4885
5472
4109
3618
5043
6050
5537
4601
2902
-71
-3741
-7281
-9902
-10633
-10555
-10636
-8973
-4575
-377
1584
2510
3026
2508
1449
848
301
-436
-351
1047
2778
3536
2971
1563
185
-961
-2132
-3517
-4162
-3538
-1972
-396
1067
1938
2273
2337
2373
1647
619
247
495
891
1911
3464
4426
4848
5177
5448
3611
-1564
-7714
-10205
-10126
-10810
-11382
-7954
-2517
1538
4623
7865
8816
7220
6135
6391
5765
4289
4205
5326
6071
5860
4914
2848
-134
-3669
-7408
-10397
-11803
-12161
-11566
-8854
-4540
-982
1131
2801
3601
2764
1392
720
214
-286
123
1722
3240
3516
2621
1427
187
-1251
-2865
-4056
-4089
-2888
-1128
585
1882
2603
2862
3010
2908
2131
1327
1359
2088
2565
2911
3273
3703
3621
3631
2675
-1470
-7731
-10450
-9308
-9442
-11134
-9061
-3487
214
2075
4862
7014
5962
5107
6501
7679
6650
6319
7220
7471
6213
4747
2511
-539
-3742
-6595
-8736
-9347
-9498
-9914
-8832
-5349
-2424
-1374
-180
1658
1885
950
840
1432
1144
806
1683
3079
3378
2458
1144
-207
-1741
-3347
-4311
-4171
-3020
-1396
714
3041
4383
4218
3562
2984
2270
1479
1109
1402
2492
4192
5564
5841
5343
4493
1889
-4004
-10629
-13442
-12698
-12275
-11556
-7255
-985
2838
4912
6898
6772
3881
2188
2804
3385
3852
6188
8841
9758
9419
8079
4605
-375
-5284
-9284
-11374
-11280
-10352
-8861
-5258
-532
2034
2117
1683
826
-873
-2069
-2327
-2392
-1948
126
2844
4329
4052
3035
1744
-51
-2611
-4908
-6000
-5547
-3779
-904
2349
4883
6165
6575
6499
5368
3145
929
91
654
2104
3633
4922
5766
6219
4523
-1144
-8422
-12627
-13589
-14239
-13776
-9552
-3360
1359
5313
8887
9250
5950
3387
3120
2782
1949
2760
4760
6411
7472
7559
5137
817
-3651
-7246
-9650
-10575
-10652
-9429
-5677
-743
2317
3336
3883
3903
2796
1382
167
-1037
-1750
-1136
253
924
469
-359
-928
-1624
-2668
-3752
-4433
-4310
-3026
-834
1549
3427
4555
5488
6430
6623
5360
3613
2714
2876
3482
4034
4129
4175
3871
903
-4953
-9931
-12043
-13535
-14425
-12122
-6933
-2164
2103
6621
9382
8221
5660
4240
3495
2310
2183
3510
5170
6560
7605
6891
3527
-1444
-6397
-10241
-12222
-12884
-12287
-9223
-3763
1259
4386
6022
6243
4804
3012
1741
629
-218
183
1711
3188
3573
2488
414
-2076
-4401
-6462
-7672
-7859
-6565
-3718
222
3359
5103
6059
6708
6281
4822
3016
1896
1871
2943
4581
5833
6600
6095
2751
-3111
-8022
-11214
-14048
-15922
-13750
-8638
-3704
933
6287
9532
8915
7061
6150
4649
2378
1592
2582
3782
5066
6478
6402
3950
80
-4211
-8172
-11028
-12859
-13550
-11908
-7619
-2564
1481
4129
5544
5981
5877
4877
2940
1214
977
1704
2608
3173
3246
2421
949
-879
-3011
-5464
-7113
-6997
-5237
-2883
-592
1726
3761
5256
5874
5364
4020
3068
2909
3450
4084
4788
4882
2854
-1287
-4892
-7097
-9797
-12480
-12227
-8880
-5599
-2308
1979
5674
6422
6062
5752
4980
3486
3165
3499
3697
4218
5568
5830
4195
1263
-2258
-5767
-8334
-9958
-11146
-11134
-8702
-4704
-1153
1106
2497
3396
4047
4013
3166
1984
1547
2047
3148
3685
3215
2234
1525
766
-683
-2548
-3853
-3849
-2729
-1156
121
1097
1989
2989
3509
3168
2222
1718
2128
3059
3574
3946
3669
1134
-3206
-6205
-7621
-9865
-12137
-10909
-6915
-3617
-715
3234
6271
6697
6338
6228
5161
3241
2491
2799
2937
2969
3467
3603
2753
800
-1955
-4662
-6319
-7749
-9509
-9642
-7194
-4176
-1809
670
2891
3822
3713
3273
2365
1289
694
919
1770
2782
3075
2526
1664
790
-433
-1954
-3039
-2953
-1722
234
2102
3073
3471
3948
3776
2457
1312
1243
1783
2446
3557
3905
1908
-1758
-4651
-6769
-9381
-11806
-11543
-8770
-5720
-2851
684
3618
4602
4876
5383
5166
4092
3900
4644
5139
5051
5014
4687
3245
349
-3145
-5749
-7419
-9232
-10326
-8672
-5194
-2158
212
2468
3704
3185
1831
560
-671
-1853
-1928
-352
2205
4194
5132
5067
4336
3004
1294
-786
-2548
-3127
-2190
-176
1814
3023
3781
4485
4528
3288
1116
-487
-778
25
1033
1109
-280
-1764
-2006
-2272
-4335
-6759
-6762
-5226
-4086
-3001
-1223
-105
506
1717
2820
2269
1584
2253
3208
3211
3063
3006
2512
1606
533
-1387
-4004
-5877
-6352
-6252
-5701
-4165
-1625
1215
3533
4504
4078
2846
1318
-425
-2086
-3171
-3330
-2268
-376
1365
2190
2570
2864
2901
2275
1427
1047
1568
2628
3514
4166
4757
4968
4373
3233
2191
1274
100
-860
-2080
-4271
-6487
-7078
-6970
-7294
-6965
-4705
-2037
60
2036
3602
3794
3379
3025
2312
1101
643
974
1312
1300
1549
1563
1057
-289
-2745
-5755
-7528
-8101
-8359
-7830
-5344
-1459
2414
5520
7140
7243
6314
4825
2485
-59
-1852
-2238
-1615
-530
444
1175
1465
1228
220
-1060
-2100
-2413
-2174
-941
851
2797
4696
6506
7271
7049
6628
6129
4699
3114
2250
539
-2945
-6124
-7349
-8196
-9343
-9333
-7148
-4639
-2420
-147
2007
2683
2465
2089
1653
949
1071
2016
2892
3434
4148
4442
3167
379
-2805
-5726
-8241
-9745
-9654
-8021
-5199
-1698
1705
4065
4744
4110
2864
1122
-892
-2139
-2002
-881
822
3052
5084
6228
6339
5598
3970
1808
-477
-2096
-2635
-2306
-1493
-445
911
2347
3414
3686
3281
2400
1893
1553
330
-1752
-2821
-2620
-2480
-2672
-2129
-1168
-595
148
939
665
-488
-809
-723
-1136
-1649
-1172
-534
-183
-117
-304
-1090
-1895
-2593
-3375
-4088
-4004
-2958
-1445
-43
1095
2171
3163
3570
2730
1099
-300
-1198
-2066
-2719
-2801
-2274
-1341
13
1225
1767
1849
2011
2320
2449
2370
2648
3417
4064
4355
4566
4659
4294
3611
2851
1994
1108
-322
-2483
-4459
-5383
-6158
-7032
-7095
-5742
-4096
-2302
-89
2136
3227
3851
4649
5179
4714
3897
3107
1953
372
-1028
-2228
-3543
-4653
-5230
-5561
-5652
-5355
-4965
-4610
-3965
-2935
-1549
111
1699
2924
3926
4771
5073
4703
3983
3296
2712
2244
1555
782
-83
-732
-1110
-1487
-2006
-2154
-1818
-1189
-362
624
1674
2367
2936
3568
4208
3781
2051
255
-308
-739
-1690
-2153
-1405
-625
-296
-78
-91
-1074
-2301
-2789
-2667
-2788
-2424
-1098
335
916
1244
1350
821
-355
-1505
-2403
-2736
-2362
-1372
-227
739
1505
2016
2039
1127
-514
-2176
-3326
-3900
-3737
-2686
-978
874
2708
4598
5753
5677
4982
4464
3750
2624
1543
932
605
403
479
373
166
-33
2
-519
-2005
-3897
-4932
-5554
-6029
-5677
-3822
-1297
1118
3253
5071
5827
5341
4140
2707
907
-822
-1823
-2131
-2371
-2278
-1760
-1329
-1576
-2005
-2567
-3354
-4096
-4134
-3763
-3058
-1599
573
2681
4028
4616
4340
3516
2329
987
-460
-1277
-1175
-306
928
2174
3005
3275
3322
3100
2110
445
-699
-667
-77
641
1620
2782
3490
3742
3282
1397
-1555
-4050
-5605
-6739
-7228
-6269
-4384
-2431
-330
1696
2688
2480
1908
1207
179
-978
-1745
-1890
-1575
-933
-237
420
799
792
249
-627
-1573
-2498
-3197
-3365
-2875
-1790
-256
1248
2289
2879
3264
3371
2876
1893
962
476
311
181
247
696
1218
1662
2078
2413
2575
2715
2973
3238
2986
2631
2323
1977
764
-1237
-3098
-3859
-4456
-5227
-5246
-4092
-2596
-1489
-480
187
449
336
465
214
-213
-478
106
692
713
259
-8
-200
-796
-1893
-2941
-3471
-3567
-3248
-2582
-1785
-1049
-114
937
1644
1637
1406
1316
1348
1283
1411
1766
2235
2577
3057
3357
3233
2778
2391
1783
821
-29
-505
-719
-663
-164
460
1049
1277
1603
1776
1142
-189
-1285
-1946
-2437
-2744
-2514
-1758
-898
-140
682
1159
883
37
-770
-1701
-2646
-3503
-3822
-3775
-3233
-2272
-874
199
861
1112
1211
788
-129
-1232
-2081
-2474
-2194
-1242
-20
1112
2206
3105
3481
3007
2064
963
233
-93
229
895
1984
3201
4144
4426
4060
3310
2405
1529
708
323
100
236
394
72
-1071
-2193
-3013
-3662
-4495
-4718
-3945
-2727
-1563
-296
767
984
685
481
216
-538
-1403
-1650
-1229
-576
40
600
812
639
154
-528
-1362
-2187
-2730
-2654
-2036
-1367
-663
157
843
960
885
931
1032
960
1029
1432
2026
2706
3259
3383
3337
3217
2949
2424
1785
1466
1561
1936
1912
1711
1426
1180
127
-1506
-2927
-3648
-4135
-4537
-4268
-3213
-2091
-1180
-153
406
83
-647
-1135
-1815
-2774
-3441
-3273
-2629
-1860
-849
153
801
873
643
204
-239
-573
-528
-57
640
1535
2400
2911
2716
2255
1795
1306
611
163
154
475
883
1341
1639
1599
1327
1137
1175
1045
810
1132
2090
3038
3334
3272
2939
2004
394
-1446
-2943
-4027
-4372
-4080
-3285
-2496
-1598
-782
-361
-721
-1579
-2433
-2955
-3140
-3093
-2613
-1580
-218
910
1607
1656
1046
-172
-1470
-2574
-3397
-3707
-3168
-1865
-389
917
1909
2424
2278
1898
1586
1305
1151
1659
2810
4141
5164
5727
5750
5232
4170
2593
1105
-157
-764
-781
-256
221
798
1143
1086
205
-1218
-2650
-3694
-4051
-3804
-3292
-2698
-1516
-316
309
-46
-659
-1435
-2273
-2958
-3061
-3039
-2688
-1601
-354
216
286
182
-276
-1024
-1619
-1922
-1803
-1215
-122
1038
1943
2392
2448
2007
1252
381
-284
-633
-535
9
1066
2191
3039
3421
3629
3507
2931
2123
1770
1796
1951
2482
2962
3284
3268
2908
1901
479
-1179
-2721
-3809
-4188
-4279
-4316
-4053
-3283
-2618
-2470
-2406
-2248
-2233
-2311
-1947
-1466
-1224
-887
-109
501
503
386
185
-305
-1053
-1529
-1800
-1955
-1825
-1256
-408
530
1345
2039
2595
2848
2915
2940
2829
2474
2322
2477
2664
2453
2282
2141
1863
1449
1156
1130
995
1120
1485
1888
1719
1276
650
-210
-1307
-2414
-3257
-3613
-3395
-2979
-2481
-2079
-1671
-1347
-1291
-1627
-1998
-2140
-1928
-1532
-1183
-742
-330
64
94
-238
-958
-1665
-2259
-2612
-2758
-2537
-1854
-911
55
1013
1827
2273
2438
2380
2274
2203
2193
2256
2561
3024
3423
3687
3692
3613
3302
2982
2518
2222
2017
1791
1559
1308
1010
341
-441
-1365
-2157
-2871
-3361
-3600
-3576
-3290
-2859
-2371
-2032
-1667
-1489
-1359
-1360
-1519
-1823
-1868
-1757
-1687
-1735
-1689
-1461
-1237
-1134
-1107
-1077
-1104
-877
-497
-184
-6
320
902
1447
1673
1777
2014
2216
2304
2363
2372
2265
2180
2239
2214
2054
1951
2166
2453
2639
2907
3073
3112
2761
2360
1716
830
-207
-926
-1530
-2190
-2443
-2422
-2373
-2546
-2528
-2506
-2513
-2685
-2764
-2811
-2842
-2820
-2624
-2386
-2232
-2040
-1745
-1508
-1443
-1318
-1105
-992
-1098
-1014
-751
-530
-316
70
548
1026
1446
1869
2205
2389
2538
2656
2667
2610
2672
2798
2949
3014
3099
3221
3310
3264
3039
2638
2034
1456
898
163
-653
-1180
-1401
-1583
-1754
-1752
-1572
-1476
-1396
-1377
-1366
-1457
-1364
-1309
-1275
-1420
-1500
-1541
-1695
-2084
-2460
-2736
-3065
-3375
-3466
-3288
-3106
-2962
-2601
-2026
-1387
-771
-99
534
1138
1794
2389
2765
2938
3113
3215
3332
3331
3282
3237
3285
3263
3197
3065
2835
2559
2190
1809
1327
827
297
-176
-459
-659
-797
-910
-786
-693
-643
-577
-528
-654
-804
-930
-1077
-1276
-1508
-1684
-1887
-2117
-2307
-2395
-2550
-2728
-2853
-2794
-2676
-2566
-2495
-2291
-1991
-1568
-1099
-628
-217
231
707
1117
1380
1467
1530
1621
1679
1783
1900
2054
2250
2615
2912
3117
3173
3174
3018
2807
2525
2053
1508
1043
675
339
-47
-439
-687
-822
-1048
-1241
-1402
-1467
-1447
-1311
-1199
-1123
-1034
-891
-822
-873
-1005
-1092
-1150
-1190
-1305
-1405
-1446
-1487
-1583
-1741
-1902
-2033
-2100
-2044
-1905
-1657
-1319
-805
-284
260
732
1122
1466
1773
2077
2299
2552
2747
2987
3148
3318
3243
3013
2655
2331
1848
1271
715
315
10
-213
-369
-576
-675
-709
-710
-797
-885
-971
-951
-844
-789
-823
-901
-939
-1027
-1152
-1284
-1389
-1496
-1565
-1521
-1454
-1353
-1322
-1311
-1380
-1386
-1381
-1281
-1195
-988
-675
-223
244
688
1016
1286
1478
1542
1470
1277
1127
1081
1148
1261
1423
1619
1892
2142
2241
2150
1909
1636
1284
896
525
252
54
12
32
102
99
4
-208
-403
-703
-1070
-1456
-1680
-1768
-1741
-1681
-1520
-1311
-1072
-935
-986
-1180
-1401
-1599
-1791
-1956
-2050
-1920
-1588
-1081
-576
-100
334
706
956
1039
931
727
537
489
555
665
879
1230
1709
2186
2461
2509
2398
2172
1848
1395
848
416
198
182
270
340
486
653
745
597
251
-146
-477
-760
-1101
-1223
-1216
-1005
-821
-635
-620
-641
-824
-1116
-1469
-1804
-1998
-2053
-1929
-1675
-1335
-969
-629
-417
-368
-400
-495
-637
-720
-673
-482
-102
323
807
1201
1546
1771
1879
1792
1575
1323
1123
1051
972
928
965
1123
1196
1223
1129
1048
946
826
629
434
282
172
136
101
51
-10
-28
-35
-50
-143
-318
-504
-728
-997
-1337
-1586
-1754
-1766
-1704
-1543
-1291
-971
-671
-514
-567
-772
-1011
-1267
-1444
-1547
-1450
-1079
-471
235
857
1376
1662
1754
1575
1219
742
336
101
124
363
655
1026
1338
1575
1599
1379
956
541
203
7
-53
34
260
513
669
721
575
294
-55
-424
-708
-830
-783
-620
-411
-278
-197
-213
-382
-772
-1227
-1520
-1603
-1579
-1484
-1262
-900
-478
-161
-68
-108
-134
-207
-249
-255
-185
-33
272
546
761
868
939
935
884
779
721
671
665
631
648
644
665
591
503
491
505
525
544
608
630
586
443
224
5
-208
-389
-516
-544
-461
-298
-162
-115
-167
-305
-527
-807
-1146
-1404
-1463
-1383
-1208
-1006
-736
-478
-263
-203
-239
-337
-384
-358
-274
-130
104
376
651
856
923
872
808
684
526
366
308
361
427
495
514
559
593
566
436
336
286
262
278
306
332
335
275
198
103
0
-108
-191
-194
-137
-40
13
55
3
-109
-338
-559
-792
-985
-1136
-1158
-1083
-875
-668
-485
-384
-271
-223
-243
-362
-475
-503
-401
-247
-104
56
257
489
639
675
554
392
243
171
105
27
4
149
393
655
777
832
827
829
673
444
157
-24
-126
-148
-104
-28
146
285
401
372
282
123
-41
-224
-372
-459
-462
-345
-197
-68
-9
3
-32
-99
-241
-405
-524
-474
-344
-168
-18
133
243
292
190
16
-235
-463
-572
-551
-451
-326
-110
127
416
489
424
250
136
-14
-140
-226
-215
-112
103
332
488
534
484
416
315
180
-39
-196
-230
-161
-87
-40
-32
-45
10
-6
-91
-227
-271
-256
-168
-162
-170
-129
-73
-15
-4
25
65
221
360
547
619
628
567
469
261
-22
-315
-509
-573
-558
-489
-373
-211
-59
-20
-66
-191
-316
-462
-543
-517
-382
-198
67
356
527
601
552
430
273
58
-151
-251
-223
-179
-67
52
121
70
5
-101
-268
-451
-514
-462
-337
-156
66
304
451
485
456
402
304
211
196
266
386
561
740
839
816
717
583
346
41
-236
-334
-334
-318
-297
-271
-184
-159
-203
-398
-579
-699
-722
-730
-770
-727
-598
-400
-271
-184
-129
-29
101
208
273
275
286
275
220
66
-103
-207
-225
-224
-229
-158
-17
134
224
227
205
188
97
38
33
109
243
442
632
808
908
896
803
627
388
107
-113
-291
-356
-314
-240
-190
-147
-113
-121
-212
-391
-530
-602
-606
-571
-485
-331
-155
14
92
120
73
20
-62
-149
-234
-257
-236
-154
-64
35
130
196
201
199
153
87
18
-30
-17
51
144
246
379
475
550
532
470
368
219
38
-61
-100
-61
-5
91
198
287
289
217
81
-135
-345
-455
-541
-589
-595
-527
-424
-393
-390
-424
-441
-468
-405
-315
-126
33
184
346
481
472
389
272
140
94
81
137
200
307
396
462
375
217
9
-200
-358
-463
-457
-311
-45
273
548
715
791
797
700
477
205
-24
-161
-186
-122
-38
59
159
179
128
-30
-284
-545
-736
-836
-922
-942
-820
-574
-328
-214
-162
-90
-39
-82
-192
-274
-290
-277
-205
-92
3
6
56
140
158
64
-9
48
153
200
224
320
433
509
517
520
486
442
394
388
354
362
373
417
419
401
364
334
264
170
125
73
49
-19
-45
-55
-92
-196
-218
-229
-296
-357
-381
-397
-446
-496
-552
-660
-739
-795
-819
-821
-742
-614
-446
-256
-81
49
88
128
124
89
-12
-42
19
137
240
355
483
631
713
690
582
515
446
317
249
277
348
389
474
584
643
523
370
252
25
-263
-405
-430
-440
-372
-181
63
217
273
328
279
88
-121
-307
-429
-494
-503
-471
-344
-263
-235
-284
-318
-371
-486
-698
-820
-788
-684
-582
-484
-307
-112
73
156
230
250
300
350
366
363
410
519
570
628
626
621
592
575
501
383
269
212
209
109
13
-57
-18
-25
-86
-175
-194
-196
-208
-239
-300
-297
-268
-222
-202
-192
-199
-178
-168
-158
-157
-189
-172
-134
-82
-47
5
52
67
37
26
-24
-130
-271
-328
-327
-365
-380
-315
-146
-9
156
257
370
474
589
580
494
430
416
465
472
488
512
598
644
640
522
328
51
-213
-391
-565
-723
-753
-610
-403
-222
-120
-49
-65
-122
-219
-390
-536
-557
-491
-333
-145
-16
95
138
82
-59
-225
-392
-451
-475
-370
-138
101
284
424
485
467
385
203
56
9
79
211
363
515
677
705
635
442
215
-96
-238
-279
-250
-86
141
443
572
583
466
334
37
-218
-437
-574
-524
-413
-225
-78
-15
-73
-98
-288
-499
-665
-730
-722
-656
-568
-387
-228
-195
-166
-244
-315
-339
-289
-273
-149
-3
260
418
438
429
418
369
261
154
49
145
304
447
479
511
592
624
523
364
219
160
249
307
325
309
340
372
330
144
-79
-220
-277
-294
-368
-380
-311
-212
-177
-168
-235
-318
-390
-432
-463
-488
-447
-339
-232
-178
-113
-90
-102
-115
-157
-215
-219
-208
-175
-153
-121
-53
49
161
254
277
259
291
315
281
203
120
122
163
185
243
313
378
458
495
428
321
184
55
-29
-104
-118
-23
115
234
291
290
198
55
-197
-430
-585
-626
-603
-503
-372
-231
-101
-51
-60
-144
-231
-320
-298
-287
-203
-79
94
193
249
269
201
123
70
64
9
-45
-23
103
212
234
201
198
149
93
70
77
63
90
193
304
298
203
170
140
49
-101
-190
-176
-90
-49
-46
-18
4
-43
-173
-311
-434
-563
-621
-553
-443
-315
-172
-11
125
207
203
138
21
-96
-156
-215
-229
-173
-68
76
174
239
278
284
246
184
125
108
111
146
269
374
465
528
558
546
479
335
215
136
47
-22
-5
9
10
10
-2
-34
-122
-228
-317
-337
-310
-210
-177
-156
-83
-2
-58
-182
-293
-346
-380
-457
-477
-479
-390
-309
-226
-198
-178
-156
-143
-143
-138
-106
-55
69
153
222
311
383
361
303
263
278
289
240
235
305
332
285
247
223
141
53
3
10
7
44
134
168
181
179
151
62
-58
-164
-180
-161
-150
-93
-33
1
8
-12
-103
-273
-428
-476
-467
-459
-404
-272
-105
0
52
42
-23
-98
-127
-150
-166
-96
21
151
233
274
288
253
188
89
-13
-101
-114
-51
53
159
277
400
467
477
401
288
175
62
-16
-25
-3
22
86
133
97
-25
-161
-271
-391
-503
-560
-471
-333
-179
-46
30
29
1
-11
-76
-163
-238
-216
-108
-18
54
121
177
178
110
16
-9
-31
-70
-64
-25
57
117
153
137
138
136
128
80
46
79
164
248
312
309
311
318
274
170
18
-95
-168
-162
-202
-183
-194
-158
-137
-155
-211
-235
-196
-175
-106
-58
28
62
83
83
34
-40
-91
-138
-180
-182
-152
-122
-81
-61
-36
-5
-23
-47
-30
23
59
105
195
293
341
347
341
312
245
190
152
110
62
45
59
70
75
61
66
68
36
-19
-61
-68
-101
-167
-173
-130
-75
-32
-37
-75
-120
-152
-202
-276
-347
-347
-285
-219
-171
-157
-134
-97
-73
-100
-136
-144
-103
-36
29
96
131
172
213
207
129
55
43
67
60
64
137
202
257
290
289
260
224
213
157
86
27
54
124
154
139
121
144
128
60
-53
-120
-190
-226
-203
-152
-81
-8
51
52
-10
-132
-254
-370
-476
-482
-413
-326
-236
-111
-5
40
2
-85
-145
-185
-188
-176
-146
-73
26
94
138
136
106
73
17
-19
-3
27
75
161
244
306
329
339
313
270
205
146
81
46
64
78
87
73
73
44
24
-17
-50
-44
-11
-1
5
25
17
1
-64
-129
-157
-154
-169
-145
-96
-52
1
28
36
5
-29
-57
-74
-123
-130
-86
-21
20
45
74
78
67
23
-24
-50
-25
12
46
87
133
165
165
123
48
-15
-35
-34
-26
-9
29
83
112
105
55
-2
-32
-78
-142
-163
-110
-62
-45
-49
-31
-9
-21
-56
-100
-109
-85
-52
-57
-77
-49
6
42
47
48
57
72
42
-10
-40
-60
-54
-56
-31
23
51
46
67
68
37
15
28
52
79
134
195
231
215
183
95
12
-50
-92
-154
-141
-84
-42
-17
24
47
12
-69
-157
-194
-242
-269
-259
-196
-145
-80
-31
-16
-13
-13
-45
-92
-127
-109
-78
-41
7
68
124
145
162
138
112
72
57
50
58
72
99
130
149
158
164
189
178
155
147
155
150
139
121
89
31
-9
-26
-22
-21
-24
-14
2
2
-35
-76
-97
-122
-179
-228
-256
-216
-153
-131
-131
-123
-93
-72
-90
-147
-184
-170
-124
-104
-114
-90
-40
13
38
28
22
55
97
107
94
74
118
157
155
160
165
188
194
166
116
82
79
91
107
106
121
160
173
155
113
82
46
15
-14
-34
-39
-48
-62
-104
-129
-158
-169
-185
-210
-225
-213
-193
-190
-183
-183
-161
-144
-147
-138
-105
-73
-49
-19
36
70
74
67
81
107
107
89
88
126
145
164
154
145
130
113
94
60
59
65
73
79
95
78
50
25
10
-4
-43
-57
-55
-55
-66
-64
-68
-102
-136
-158
-164
-174
-185
-156
-123
-110
-96
-81
-84
-103
-113
-97
-85
-71
-59
-26
7
22
51
89
125
109
90
92
124
152
161
166
188
218
221
212
178
160
142
144
144
152
142
130
121
88
45
-9
-41
-75
-96
-115
-106
-96
-101
-98
-108
-117
-149
-185
-200
-202
-208
-216
-206
-201
-166
-131
-115
-126
-118
-74
-48
-65
-64
-43
-21
17
48
76
92
116
125
136
134
139
130
158
198
225
214
221
244
248
230
189
154
115
99
78
71
24
-1
-1
-20
-55
-70
-95
-108
-111
-148
-174
-177
-164
-176
-183
-189
-172
-143
-140
-141
-124
-111
-121
-136
-130
-101
-67
-46
-35
-27
-3
31
27
23
21
46
82
100
97
104
160
173
137
99
100
122
128
110
98
120
135
147
129
94
68
63
49
25
8
-11
-10
-19
-22
-41
-49
-66
-58
-63
-98
-124
-140
-142
-149
-142
-133
-119
-121
-96
-90
-95
-90
-99
-109
-91
-65
-39
-10
1
11
24
20
15
32
59
74
78
101
131
145
141
127
108
111
113
97
89
89
98
115
126
130
112
96
87
72
54
28
-4
-33
-37
-43
-62
-88
-104
-100
-90
-94
-119
-147
-173
-164
-151
-178
-216
-183
-145
-123
-117
-127
-133
-126
-111
-98
-72
-36
-10
11
28
35
40
43
46
67
93
104
125
137
153
161
156
159
168
169
164
166
165
161
153
150
140
118
106
109
116
108
59
33
33
40
14
-35
-51
-52
-72
-98
-112
-120
-129
-164
-185
-193
-195
-187
-171
-166
-172
-168
-145
-128
-137
-146
-120
-79
-62
-48
-33
-15
2
14
40
61
60
59
77
89
97
114
137
159
156
143
145
139
133
113
101
104
111
99
82
72
60
57
42
40
24
20
3
-5
-23
-54
-85
-104
-108
-109
-111
-112
-94
-82
-94
-112
-140
-151
-135
-132
-110
-97
-75
-62
-47
-41
-42
-40
-32
0
30
51
56
66
90
96
84
80
90
98
106
111
90
97
114
111
95
99
104
99
78
58
52
45
36
23
24
11
-5
-6
-23
-47
-66
-68
-64
-59
-52
-63
-88
-105
-99
-105
-117
-124
-121
-104
-106
-112
-102
-83
-71
-69
-65
-54
-38
-6
9
11
19
20
30
51
58
57
63
63
80
94
100
91
99
99
85
101
99
89
83
90
79
56
38
33
21
2
-10
-18
-4
-8
-19
-31
-52
-49
-27
-32
-72
-86
-90
-94
-82
-86
-110
-110
-80
-53
-60
-77
-84
-44
-8
-18
-29
-28
-5
-11
-6
2
12
22
31
34
42
66
67
65
56
60
73
85
77
50
47
53
44
26
31
35
36
27
8
1
13
19
-3
-11
-12
-20
-29
-25
-33
-38
-42
-52
-49
-45
-40
-36
-44
-64
-57
-43
-30
-32
-42
-33
-6
-2
-9
1
29
28
15
26
57
67
56
34
34
54
65
74
71
78
73
79
84
68
44
61
63
46
28
23
11
4
2
-28
-32
-27
-16
-25
-44
-71
-59
-33
-37
-64
-94
-81
-56
-42
-58
-67
-63
-54
-53
-39
-28
-45
-53
-31
-32
-38
-30
-5
16
18
23
15
30
51
65
50
41
61
79
70
53
46
45
47
49
51
46
33
30
45
37
12
-1
-17
-19
-26
-37
-38
-46
-56
-59
-67
-73
-73
-88
-91
-79
-58
-38
-24
-37
-43
-46
-41
-25
-21
-24
-11
-10
-2
27
30
27
18
15
29
50
62
63
57
64
90
76
35
23
31
48
52
50
51
65
54
38
46
41
43
39
30
34
42
37
24
5
-6
-11
-11
1
10
8
-7
-11
-15
-18
-46
-58
-37
-37
-51
-65
-45
-35
-47
-53
-40
-31
-19
-27
-41
-37
-31
-23
-34
-51
-63
-52
-27
-18
-12
3
3
0
3
20
27
24
14
24
34
36
31
26
21
29
36
28
34
56
66
32
4
13
21
16
-6
-25
-25
-11
-3
-13
-34
-41
-36
-33
-20
-20
-24
-23
-12
-13
-32
-28
1
3
-14
-21
-9
7
-17
-25
-5
14
13
3
-2
4
7
7
18
24
22
18
7
-2
-14
-24
-16
-1
0
-5
2
10
13
7
1
-6
-11
-5
14
8
-2
-18
-25
-5
-6
-19
-19
-20
-15
-3
-3
-1
-5
-7
-9
-9
-7
1
17
18
4
4
14
24
19
0
17
35
39
24
17
29
26
40
37
27
14
30
37
36
41
19
9
9
15
-7
-11
-23
-29
-19
-17
-16
-26
-23
-15
-1
11
10
8
5
14
-1
-20
-22
-24
-33
-35
-15
-2
9
18
18
31
37
41
44
50
52
38
33
12
16
20
17
11
14
32
45
48
27
38
41
36
10
-8
-7
-16
-26
-25
-34
-49
-39
-41
-52
-60
-52
-35
-5
-29
-46
-45
-29
-29
-42
-49
-44
-29
-17
-16
-45
-45
-33
-7
-23
-29
-33
-10
11
2
-20
-26
-2
8
1
-16
-5
-7
-16
-21
2
11
18
2
0
5
15
12
8
4
26
54
40
11
8
22
27
18
1
12
29
29
11
-8
-4
18
21
4
0
25
31
25
4
-7
-20
-26
-25
-25
-23
-25
-20
-13
-21
-31
-36
-32
-12
-9
-18
-18
-14
-22
-34
-25
-9
-11
-18
-9
-15
-3
2
5
3
12
12
13
23
31
35
40
49
42
49
36
31
41
44
30
14
13
12
31
31
23
23
25
42
43
20
-1
8
7
-2
-15
-11
-15
-23
-17
-11
-8
-7
-2
-10
-9
-15
-15
-15
-15
-32
-46
-30
-13
-9
-23
-3
2
17
19
19
11
-1
9
-7
-13
3
6
8
0
1
15
19
22
43
43
30
26
16
23
13
0
-15
-22
-8
-9
-9
-29
-8
-6
-4
-3
5
6
-5
2
-12
-12
-33
-29
-39
-42
-22
-18
-26
-37
-32
-15
5
12
9
16
9
19
23
3
-11
-7
-18
-23
-9
2
21
-1
-10
6
8
3
-5
0
0
2
-9
-7
-15
-29
-26
-18
-17
-17
-7
-3
10
0
-2
-3
-5
-7
-20
-10
3
14
13
15
4
20
22
15
34
24
13
24
39
34
33
27
17
14
30
37
30
38
32
24
22
25
20
3
-4
0
9
13
-6
-9
1
2
-17
-31
-21
-14
-12
-15
-16
-20
-14
-14
-3
-10
-7
-8
-6
0
-2
-21
-27
-19
-14
-22
-15
-9
-19
-5
-7
-7
-4
1
-11
-9
-11
-16
-4
4
5
3
8
13
23
24
22
16
15
27
19
7
-18
-15
4
24
17
7
20
36
36
16
10
6
17
-10
-31
-31
-24
-42
-59
-40
-23
-23
-24
-17
-22
-22
-16
-12
-26
-43
-41
-34
-41
-46
-47
-40
-33
-23
-10
3
10
-4
4
14
20
25
7
7
28
36
10
-5
-10
6
3
14
13
3
1
17
20
12
10
15
24
6
1
9
11
14
25
15
7
12
20
26
22
22
41
43
15
9
38