2
-2
-8
-8
-5
0
-1
2
2
8
4
-1
-6
-6
1
0
-1
-6
-1
2
5
0
-1
1
10
6
3
1
3
13
11
6
2
-3
0
2
-1
1
-4
-4
0
2
5
2
2
3
2
-3
-6
-5
-5
-7
-5
2
3
13
7
2
8
8
2
-2
2
-3
-2
0
1
6
14
12
8
10
10
3
-4
-1
-2
-1
-1
2
6
8
5
4
6
9
6
2
6
7
6
7
2
-5
-2
-7
-3
-2
-8
-13
-7
-4
-10
-11
-11
-4
-8
-4
-5
-4
-2
-2
-4
-3
-5
-7
-10
-4
1
0
-6
-5
-3
-1
-3
-8
-5
-2
5
4
15
14
15
17
21
15
15
14
8
3
2
6
10
9
10
9
11
16
11
8
4
1
2
4
0
2
2
-2
-3
-4
-2
1
-5
-5
-2
-7
-6
-6
-10
-20
-16
-10
-12
-7
-7
-11
0
-1
-13
-24
-18
-13
-16
-12
-14
-5
-2
-3
-15
-12
-19
-18
-17
-19
-12
-2
7
8
14
13
11
8
3
-3
2
-4
-12
-5
9
16
15
9
9
13
19
13
2
2
4
9
4
-4
-4
5
2
-4
-10
-4
0
-2
-13
-17
-11
-6
-9
-21
-20
-7
-3
-4
-4
-8
1
8
4
0
4
17
20
12
-1
3
12
10
1
-3
4
13
14
9
10
6
7
-5
-9
-5
-4
-4
-4
-1
3
14
11
7
2
4
6
6
2
4
6
6
10
3
7
5
7
-2
-6
-5
2
4
-2
0
6
8
1
3
7
8
10
12
6
4
10
3
-6
-8
-7
-12
-17
-17
-18
-9
-7
-7
-6
2
8
7
7
2
2
-4
-6
-9
-15
-18
-8
-9
-12
-21
-21
-12
-12
-13
-9
-4
-1
0
-2
2
7
13
9
3
7
21
27
23
17
26
29
29
10
7
4
1
-11
-11
-9
-10
6
-5
-18
-16
-3
-13
-12
-12
-11
-5
-4
-15
-20
-11
-12
-17
-21
-11
-4
11
13
-1
-6
6
14
-5
-22
-22
-26
-34
-22
-16
-24
-29
-22
-19
-20
-13
-11
-20
-15
11
25
37
37
37
42
53
47
36
16
6
18
20
5
-11
5
6
8
1
-2
-1
26
34
26
44
92
109
87
68
47
45
47
20
-19
-25
-27
-25
-19
-32
-53
-52
-46
-47
-44
-42
-29
-14
7
20
17
19
24
25
19
6
-4
-12
-14
-15
-10
-6
3
7
-2
-5
0
0
-24
-52
-55
-39
-39
-59
-61
-40
-22
-20
-37
-46
-44
-31
-39
-54
-42
-30
-32
-39
-40
-24
21
22
-5
7
25
15
7
8
3
15
38
60
82
104
108
101
93
81
42
14
2
-1
14
36
43
42
38
38
47
21
-16
-31
-19
-19
-2
5
0
6
-11
-30
-54
-67
-84
-103
-90
-67
-65
-87
-75
-47
-71
-78
-68
-56
-37
-22
-37
-41
-42
-55
-34
-15
-41
-58
-6
49
65
70
91
107
92
56
52
53
43
28
46
64
71
75
96
100
106
133
161
149
116
89
85
81
48
18
27
72
102
147
211
207
146
101
79
30
-30
-27
36
52
21
44
48
-12
-77
-67
-40
-52
-61
-51
-52
-98
-132
-149
-186
-189
-176
-122
-53
32
40
44
73
95
81
61
44
7
-11
-10
5
-35
-72
-39
-50
-139
-220
-238
-157
-108
-124
-130
-110
-119
-129
-96
-102
-129
-90
19
71
15
-53
-39
-39
-78
-54
7
76
101
129
139
21
-126
-214
-260
-257
-226
-252
-237
-101
25
5
-118
-189
-211
-157
-78
-40
28
243
499
637
623
606
653
623
438
220
148
223
279
265
153
52
-23
-36
-79
-229
-379
-390
-141
-22
-88
-91
44
163
171
91
-26
-112
-205
-274
-226
-169
-123
117
375
409
210
122
96
-47
-197
-180
-103
-10
264
553
614
348
106
-21
-118
-424
-671
-760
-649
-202
197
266
259
363
353
243
-81
-619
-846
-603
-290
-253
-365
-168
259
574
256
-472
-1209
-1413
-1647
-2386
-3514
-6013
-8410
-6983
-2721
-515
1066
5286
9915
12738
13451
10218
4966
2027
238
-3259
-8934
-13084
-8720
-65
1945
679
3291
5610
6565
6863
1522
-5221
-4124
545
1265
-240
-779
2080
5878
4608
-926
-4724
-6018
-5803
-5041
-5507
-6266
-3888
994
3869
2061
-1086
-885
1007
563
-1621
-2426
-781
2479
5055
5013
3127
2154
3513
4392
1950
-872
-285
2706
4311
3642
2564
2862
3302
2617
944
-3621
-9848
-11240
-8012
-7888
-9927
-8201
-3936
725
5389
6092
3286
3768
6998
6826
4246
2659
2966
5112
6875
4743
783
-752
-1152
-3494
-7036
-9964
-11512
-9784
-6025
-4077
-3711
-777
2896
4544
3842
470
-2432
-954
267
-5046
-9287
-7011
-2272
494
1092
-773
386
6759
9768
5568
1566
3163
7274
8769
6146
4174
6620
10105
10464
8137
5231
4560
6845
5220
-5947
-16642
-16695
-13610
-16837
-19981
-18054
-12259
-2384
6687
6604
4269
9125
14577
13542
9512
6201
5377
8635
10646
6410
967
25
-425
-3912
-9043
-14341
-17812
-15451
-10564
-9375
-8556
-3168
2675
5800
7624
6865
4534
5477
7944
7157
5211
5169
4935
4085
3024
-475
-6002
-8791
-10505
-15779
-19715
-17613
-13761
-9716
-3853
535
4412
11100
15238
13397
11013
10166
9810
9629
7485
5069
6561
8724
8109
6967
5620
3652
3366
3303
654
-4299
-11307
-16549
-16359
-15502
-18014
-18017
-13393
-7278
64
6682
7767
7086
11293
15830
13670
8803
7800
9100
9118
7822
4749
285
-2261
-3385
-6886
-12141
-15623
-15997
-13025
-8876
-6867
-5231
-325
4856
6485
6338
6068
4722
4437
6021
5966
3106
2320
3853
3213
-256
-3264
-6895
-13501
-17828
-17469
-16751
-16418
-11889
-5670
1045
8343
12105
11549
12126
13110
11259
8324
5515
4734
7843
9931
8424
8058
8573
7677
5946
2977
350
457
-748
-4811
-9527
-14466
-16684
-14850
-16332
-19844
-16330
-7938
-1652
4041
9249
12175
15379
18900
18720
14519
10739
9539
8629
6008
2666
-616
-2727
-3667
-6861
-12502
-15857
-16208
-16038
-14266
-10755
-7720
-3557
2768
7220
7916
8080
9368
9715
8784
7675
6247
4126
1829
-553
-4038
-9963
-16987
-19486
-18424
-18399
-17955
-13194
-6704
663
7545
10067
10234
12743
15320
14239
10698
7422
8159
11107
10392
7587
7030
7321
7610
7183
3571
253
1416
3174
-371
-11089
-20630
-20159
-15709
-20063
-26019
-21056
-8032
3810
11254
13373
13870
19278
25982
23192
11237
4567
7521
9075
4577
-2
-2688
-4148
-4095
-6497
-13979
-20776
-21282
-17400
-13428
-10990
-8093
-1064
8084
13043
12506
11276
10466
8947
7196
5133
878
-5530
-9270
-8429
-9070
-14123
-16391
-14282
-12601
-10053
-5744
-3900
-2392
3008
8505
9942
8463
7636
10544
13000
10967
9003
10510
11944
11811
11202
9576
7397
6002
5526
4586
2063
1314
-680
-11516
-22566
-21716
-19737
-25193
-26190
-19851
-11610
961
12598
12821
11898
20729
26636
21000
13898
12734
11962
10782
10398
6312
-1566
-3971
-3219
-9065
-18404
-23003
-24214
-22716
-17797
-14141
-11466
-3732
5767
9861
11001
11639
10107
9357
11172
9636
1281
-6075
-6217
-5276
-9575
-14989
-16571
-14932
-10205
-5023
-4118
-4652
227
8094
10927
7553
4371
6886
10733
9407
5792
6422
9830
12809
13959
12861
11323
12140
12980
10680
5842
3478
1991
-8844
-24013
-27879
-24216
-27351
-30195
-25639
-17500
-5376
9537
14107
11317
17166
27091
26318
18930
16294
16240
14793
14399
12458
4050
-3082
-4050
-7852
-17580
-24704
-27585
-28057
-23998
-18042
-14591
-9212
62
7166
10990
13781
13503
10762
11344
12088
4309
-5061
-6415
-6355
-10767
-13464
-14285
-14217
-9963
-4733
-3200
-1892
1080
4272
7065
5965
2481
3543
6514
6381
6525
8949
11494
13924
14924
13659
12742
12472
11311
9252
7221
5946
6944
2511
-12441
-24596
-23598
-22293
-28781
-31945
-26401
-15939
-1537
10823
11958
11211
20591
29287
25172
16959
15663
16271
15085
14056
10404
1844
-3202
-3940
-9559
-19908
-26403
-28181
-27010
-22300
-17116
-13287
-6685
1930
7299
9830
11335
9159
4980
3984
3180
-1203
-3741
-1808
-1280
-2189
-1765
-1714
-3758
-5425
-5647
-4946
-4400
-4631
-2980
879
2962
2756
3944
5781
6205
6092
7151
8503
9366
10489
13234
15173
15121
14739
14855
12652
10066
8307
-2132
-20120
-27824
-23296
-24537
-30480
-29232
-21076
-9743
5062
12443
8028
8854
20265
25356
18555
13713
15423
17167
18352
18897
12088
1481
-2335
-3927
-13155
-24815
-30159
-30005
-26085
-19203
-13993
-10407
-3764
4270
8153
8262
4876
-2363
-5594
-706
885
-3847
-2883
3482
7681
9876
8365
920
-3775
-2586
-2998
-6996
-10799
-9965
-2077
4884
3311
997
4695
8620
9054
6693
3834
4551
9150
13267
14329
13945
14531
18158
18978
15175
8119
-5486
-21332
-25464
-22822
-28068
-32600
-27260
-16629
-3812
9931
12913
7684
11105
21166
21079
11855
8658
12480
15458
17726
18769
11970
2938
458
-2595
-14284
-26806
-31774
-30369
-25040
-18189
-12803
-7671
-192
6940
8742
4874
-2404
-7984
-6438
-1393
-1839
-3507
2125
10392
14634
13454
7181
181
-1791
-2796
-7381
-11637
-11684
-6669
814
4029
2179
2812
6692
8640
6087
1941
1025
4771
9310
10978
11646
14076
17377
18679
16369
12787
5105
-10255
-22778
-23060
-23002
-28674
-28935
-21520
-12249
751
13189
12500
7815
14819
22991
18045
9880
10564
13805
14545
16511
16732
9127
1654
-304
-5204
-17243
-27457
-30669
-28861
-23716
-17097
-11624
-5734
1629
5559
4229
958
-2047
-3412
-1970
-1346
-2536
803
8652
12072
9329
6237
4223
1891
-1534
-6473
-9906
-9292
-6199
-3396
-1397
-523
947
4406
6601
4987
2869
3549
5854
7919
9252
10913
13200
14816
15980
15768
13439
10922
3368
-11671
-21755
-20481
-21261
-27047
-26857
-20023
-11270
1449
10959
9180
7964
16823
22911
17053
10583
12407
14871
14530
15567
14425
6938
1573
271
-6194
-18315
-26350
-28341
-27343
-23494
-18186
-13373
-7328
65
4526
3361
-1260
-4608
-4746
-2745
-1628
-1904
754
8387
14369
13543
9278
5737
2991
-216
-4920
-10478
-12508
-9743
-5064
-1629
185
1993
5865
9477
8748
4937
2720
4042
5976
7747
9357
11413
13551
16899
18405
16279
11458
1105
-13744
-21570
-20721
-23516
-28705
-26597
-17767
-6612
5940
12340
9698
10286
18251
20823
13212
7662
10139
13404
14782
16287
13615
6314
2413
395
-8267
-20900
-27765
-28181
-25518
-20957
-15717
-11027
-6024
-538
1897
-115
-3474
-5094
-4544
-1467
1213
2787
6793
12186
13919
12033
8771
3999
-163
-2768
-6208
-9346
-9464
-7274
-3685
-464
452
1448
3935
5412
4558
3324
2952
3718
5735
8437
10638
12201
13638
15406
16197
14729
8427
-5118
-17707
-20302
-19889
-24743
-27801
-22884
-12990
-835
9925
11979
9572
13839
20350
17867
9943
7756
10431
12237
13890
15012
10847
5019
2791
-1079
-11525
-21948
-26323
-26158
-23316
-18245
-12869
-8382
-2808
1332
54
-3074
-4357
-5565
-5339
-2462
-867
2435
9699
13512
11078
9571
8655
4658
-26
-4053
-7028
-7330
-6332
-5011
-2256
-391
317
2695
4651
2586
1212
2860
4009
5012
7384
9418
11707
14334
15594
14774
13754
10915
1203
-12144
-18399
-18200
-21117
-25305
-22958
-15963
-7588
3586
10006
8105
9223
16739
18986
13595
10220
11819
12997
13453
14626
12417
6181
1898
-329
-6680
-16612
-23248
-24726
-23034
-19281
-15334
-11465
-7368
-4967
-3618
-1834
-2187
-4938
-4843
-1407
1721
4724
8177
9207
8250
8180
7362
3729
-1116
-3871
-3509
-2656
-3305
-3518
-1395
811
1309
1039
1145
682
635
2257
3824
4582
6595
10276
11756
11798
12603
12968
10850
9069
6187
-3138
-14295
-17645
-16224
-18891
-21703
-19117
-13084
-5266
4018
8740
7880
9732
15754
18206
15095
12276
12118
12957
13987
13726
9497
3386
-580
-3632
-9252
-16584
-22170
-23725
-20950
-16136
-12527
-10403
-8693
-6704
-3460
-1051
-2872
-6069
-5052
-161
4607
6680
6416
6406
8842
10418
7347
1414
-2731
-2949
-1674
-2380
-4952
-5469
-2363
1392
2001
377
-69
1635
3887
4256
3326
3908
7128
10096
11430
11400
11764
12449
12353
10721
5340
-5592
-15644
-17124
-16180
-19835
-22290
-18037
-10662
-1410
7462
9815
8178
11361
17253
17531
13065
10454
11056
12693
14409
13579
8215
2188
-679
-4086
-11509
-19409
-23982
-24359
-20862
-15810
-12447
-10452
-7550
-3018
411
-1097
-4783
-5267
-2708
-296
1775
2978
4396
7896
10500
9029
5863
3255
873
-897
-2691
-4713
-5155
-3946
-2304
-620
330
654
2046
3418
2933
2422
3645
5453
7143
8354
9782
11631
13101
12965
12173
10273
3703
-7729
-15971
-17130
-17638
-21005
-21676
-16625
-8393
1199
8550
9298
8367
12489
17000
15199
10818
9865
11430
13330
14728
13190
7820
2828
-215
-5175
-13344
-20766
-24135
-23593
-19977
-15463
-11918
-9061
-5496
-1597
603
-278
-3004
-3966
-2273
-161
1376
2773
4554
7061
9130
8832
6318
3164
438
-1520
-3022
-4572
-5631
-4839
-2667
-682
242
450
970
1568
1472
1452
2388
3712
6044
9610
12118
13041
13772
14034
12761
10526
4906
-6329
-16206
-17566
-16347
-19028
-20787
-16837
-9395
-310
7534
8730
6628
9510
15245
15345
11279
10074
12261
14580
16391
15252
9476
3124
-296
-4652
-12684
-20243
-23656
-23152
-19540
-14705
-11578
-9098
-5295
-2264
-1261
-2143
-4687
-5613
-2369
513
1074
2987
6513
9203
10296
8742
4726
1648
-51
-2318
-4678
-6407
-6459
-3828
-1192
-833
-809
207
998
1115
681
511
1851
4475
7479
10395
12331
13125
13923
13921
11806
9244
5590
-3274
-13666
-16854
-15331
-17217
-19961
-17582
-11437
-3647
4565
7944
6571
8426
14419
16243
12719
10853
12502
14206
14925
14305
10243
4216
147
-3497
-9887
-17166
-21548
-22186
-20092
-16656
-13705
-10710
-6898
-3564
-1747
-983
-1491
-2436
-1141
792
705
899
3821
6419
6899
6372
5171
3464
1860
-170
-2469
-4387
-5239
-4438
-2875
-2724
-2751
-1358
133
719
1332
2239
3512
5290
7302
9900
11728
11740
11485
11877
10762
8723
7452
3262
-6352
-14225
-14865
-14397
-17374
-19248
-16245
-10028
-1532
6241
7924
7093
11195
16801
16058
12115
11344
12564
12481
12399
11318
6788
1427
-1726
-5276
-11628
-17931
-21057
-21164
-19309
-16263
-12825
-8857
-4706
-1933
-411
396
-494
-1865
-1003
-134
-769
861
5138
7296
6982
6680
6011
3984
1238
-1981
-4393
-5382
-5466
-4784
-3568
-2605
-1602
-431
108
408
1069
2099
3674
5704
7681
10061
12098
12590
12143
11861
10610
8962
7044
1214
-8734
-14567
-13710
-13918
-17296
-18533
-14456
-6878
1912
6791
6494
7505
12885
16168
14018
11313
11112
11655
12211
12313
9309
3661
-461
-3154
-7866
-14323
-19021
-20947
-20482
-17654
-13677
-10135
-6996
-3611
-546
632
-419
-1997
-1587
487
958
26
1671
5432
7098
6049
4350
2606
918
-479
-2410
-4461
-5191
-4246
-2570
-1487
-1823
-2165
-851
726
1137
1283
2891
5148
7278
9271
10919
11105
10452
10118
9487
7842
6818
5722
-489
-9555
-12996
-11313
-12910
-16971
-17039
-12185
-5116
2491
6450
6107
7985
13493
16041
13415
10779
10689
11236
11554
10956
7301
1788
-1577
-3722
-8209
-14348
-18558
-19832
-18429
-14982
-11395
-8992
-6409
-2716
186
615
-700
-1598
-929
374
474
562
2807
5750
6442
5329
4063
2620
603
-1596
-3760
-5201
-5405
-4507
-3281
-2635
-2429
-1296
433
1472
1958
3047
4534
5754
6983
8561
9785
9921
9669
9374
9026
8419
8286
6424
-825
-9738
-12541
-11286
-13548
-17357
-16725
-11464
-3722
4350
7447
6075
8063
13956
15657
11637
8374
8778
10039
10728
9943
5998
868
-1677
-3361
-8357
-15181
-19212
-19425
-17247
-14033
-11039
-8550
-5511
-1728
852
828
-712
-1388
-52
1558
1225
703
2769
5575
5849
4326
3104
1517
-551
-2214
-3709
-5262
-5663
-4367
-2787
-2039
-1556
-322
1065
1928
2284
3053
3991
5099
6622
7889
8698
9256
9689
9414
9061
8713
8536
6577
-4
-8407
-11666
-11031
-13230
-16617
-16219
-11241
-3855
3483
5904
4877
7388
12697
13345
9559
7582
8449
9243
9562
9033
5602
1281
-617
-2705
-8176
-14036
-16632
-16908
-15862
-13317
-10281
-7872
-5010
-1617
1355
2297
677
-1007
234
2609
2103
390
773
2766
4264
4544
2361
-763
-1673
-1024
-2108
-4972
-6406
-4883
-2164
-1218
-1666
-1373
202
1718
2448
2554
2850
4024
6269
8185
8906
9140
9933
10767
10780
9833
8855
8175
3536
-5429
-11299
-10993
-12079
-15822
-16567
-12761
-6808
598
5098
4388
4718
9389
12155
9544
6863
7460
8519
8777
8999
7334
2849
-479
-2273
-6318
-12267
-15806
-16667
-16033
-13527
-10122
-7573
-5067
-1776
1154
2176
941
-670
-144
1962
2201
460
719
3499
5297
4519
2417
171
-1068
-1173
-2355
-5259
-6534
-4411
-1773
-1188
-1867
-1609
-243
545
274
342
1427
3015
5429
7966
9724
10871
12085
12843
12574
11187
9894
9116
4466
-5266
-11990
-11621
-12143
-16187
-17427
-14104
-8708
-1684
3447
2980
2514
7376
11757
10172
7445
8356
9916
10105
10289
8798
4059
76
-1551
-4740
-10637
-15078
-16454
-15811
-13991
-11387
-9141
-6719
-3537
-178
1969
1778
95
-26
2239
3161
1543
955
2837
4421
4287
2936
701
-1275
-1981
-2416
-4072
-5546
-4903
-2651
-1469
-1712
-1857
-1333
-974
-441
640
1683
3147
5849
9043
11174
12351
13218
13895
13060
11420
9734
8459
5896
-749
-9044
-12343
-11806
-13621
-16728
-16478
-12872
-7100
-389
2114
1270
3924
9510
11211
9334
8850
9890
9966
10017
9752
6182
1128
-1339
-3245
-7968
-12994
-15222
-15736
-15110
-12547
-9567
-7563
-5286
-1779
1247
2261
1525
374
875
3039
3750
2783
2764
2963
2559
2545
1339
-2557
-4779
-3733
-3152
-4150
-4384
-3455
-1962
-885
-1232
-2191
-2555
-1966
-159
1697
3079
5173
8914
12332
13953
14289
14479
14108
12136
9582
7622
6655
3026
-4754
-11588
-12209
-11533
-14385
-17397
-16442
-12032
-5308
303
967
1126
6100
11713
12270
10396
10334
10792
10413
10183
8358
3150
-1473
-3094
-5353
-10252
-14299
-15581
-15194
-13355
-10533
-8211
-6315
-3480
-221
1957
2553
1732
1126
2854
5231
4847
3243
2785
2697
2134
982
-2011
-5322
-5627
-4050
-3832
-4821
-4865
-3225
-1252
-1201
-2728
-3538
-2784
-1233
607
2817
5083
8269
12459
15195
15298
14610
13898
12083
9370
7011
5527
4561
758
-6936
-11838
-11119
-11925
-16620
-18935
-16389
-11548
-5213
146
1700
3545
9844
15113
14118
11164
11003
11017
9217
7613
5240
539
-2911
-3499
-5268
-9603
-12910
-13706
-13415
-12254
-10404
-8838
-7045
-3759
164
2914
4118
3933
3965
5546
6278
3919
1536
749
-237
-1261
-1804
-3525
-5068
-4343
-3495
-4026
-4527
-4465
-3929
-3143
-3098
-3179
-2121
-463
1583
4513
7360
9324
11278
13327
14002
13282
12048
10676
8806
6945
5666
5065
4400
-67
-7828
-12358
-12061
-13888
-18043
-19063
-15896
-10254
-2221
3350
3976
6279
12726
15949
13002
9966
9299
7934
6292
5968
3548
-1313
-3231
-2523
-4827
-9917
-13005
-13741
-13623
-12284
-10264
-8488
-5736
-1252
2993
5385
5739
4735
4295
5182
4641
1422
-1127
-1446
-1189
-1169
-1712
-3780
-5177
-3899
-2789
-4334
-6237
-5808
-3765
-2222
-2274
-2318
-549
2370
4902
6868
8311
9437
11332
13307
12791
10594
9416
9385
8157
5945
4301
4015
3329
-1527
-9269
-13323
-13000
-14260
-17023
-17310
-13925
-7433
564
4921
5324
7965
13070
14488
11506
9091
8103
6562
5580
5300
2788
-1177
-2658
-3001
-5912
-10396
-13134
-14024
-13648
-11869
-9226
-6486
-3127
757
4229
6186
6511
5567
3838
2743
2062
662
-797
-1819
-2990
-2902
-1746
-2554
-4996
-5580
-4592
-4186
-4339
-4599
-3976
-1790
342
1523
2811
3960
5342
7736
9303
8772
8319
9577
10299
9457
8551
8116
7012
6050
5235
4326
2006
-3947
-11084
-13346
-12096
-13868
-16919
-16022
-10923
-3983
2611
4856
4791
7859
12576
12909
9276
6806
6335
5861
5434
4736
1691
-1695
-2374
-2798
-6401
-10904
-13000
-13209
-12209
-9822
-7065
-4759
-1729
2253
5481
6404
5592
4221
2978
2543
2001
20
-2054
-2550
-2665
-2896
-3094
-4548
-6344
-5481
-3606
-3597
-4060
-2898
-699
1616
2842
3079
3392
4242
5307
6488
6731
6176
7227
9102
9688
8923
8513
7961
6855
5397
3968
2838
-60
-6536
-11756
-11563
-10843
-13240
-14746
-12530
-7830
-1595
3211
3470
3514
7640
11483
10420
7571
6747
6759
6377
6044
4409
583
-2308
-2916
-4368
-8152
-11512
-12570
-11738
-9626
-7061
-5167
-3084
-58
3069
4749
4234
2443
1552
2478
3009
1247
-1003
-1443
-1018
-1519
-2848
-4576
-5935
-5682
-3940
-3044
-3247
-2391
262
2633
3023
2405
2345
2696
2903
3357
4095
4695
5884
7978
9368
9253
8632
8276
7215
5461
3718
2828
1891
-2358
-8660
-10861
-9305
-10244
-13033
-13165
-10185
-5356
416
2818
2273
4525
9616
11327
9148
7579
7486
6763
5895
5052
1973
-2095
-3640
-3805
-5860
-9021
-10542
-10327
-8983
-6811
-4810
-3664
-2189
256
2792
3807
3157
2150
1647
1813
1702
308
-1610
-2675
-3265
-3178
-2802
-3833
-5415
-4153
-1152
-19
-316
89
1331
2637
2760
1482
387
401
1402
3089
4209
4587
5978
8488
9835
9298
8236
7299
6387
5137
4429
3356
-1730
-8512
-10018
-8093
-9834
-13456
-13578
-10479
-5633
-145
1746
733
2970
8321
10356
8337
7014
7364
7435
7325
6401
2780
-1447
-3025
-3571
-5927
-8945
-10486
-10277
-8487
-5910
-4239
-3725
-2578
-138
2103
2845
2174
1780
2217
2649
2377
1127
-550
-1486
-2022
-2811
-3450
-4052
-4535
-3558
-1419
-341
19
805
1360
1546
1205
-36
-846
-459
136
1304
3374
5352
6906
8463
9464
9475
9180
8187
6668
5426
5079
4124
-664
-7217
-9460
-8307
-9736
-12842
-13407
-10755
-6017
-793
934
393
2670
7236
9056
8016
7355
7546
7597
7748
6957
3345
-888
-2715
-3767
-6418
-9216
-10219
-9814
-8241
-5776
-3996
-3347
-2540
-825
954
1362
552
282
1494
2731
2565
1792
1311
631
-434
-1373
-2532
-4050
-4772
-3745
-2233
-1254
-408
705
1591
1794
1154
-4
-1073
-1260
-453
854
2243
4140
6626
8641
9504
9636
9569
8672
7432
6424
5923
3921
-1800
-7777
-8953
-8301
-10734
-13530
-13067
-9749
-4672
-104
216
-303
3114
7405
7770
6331
6506
7424
7915
8135
6947
3231
-285
-1692
-3323
-6820
-9775
-10340
-9423
-7905
-6036
-4518
-3383
-2147
-528
1033
1578
1033
1624
3302
3039
1164
704
1120
86
-1684
-2573
-2685
-2604
-2336
-1846
-1213
-624
344
1201
758
-312
-696
-830
-1455
-1583
-508
1382
3096
4953
6905
8540
9089
9092
8887
8378
7441
6901
6107
1596
-5366
-8370
-7359
-8958
-12723
-13390
-10228
-5730
-1077
620
-374
1059
5579
7409
5509
4730
6421
7903
8585
8374
5817
2094
-92
-1864
-5501
-9687
-11699
-11427
-9650
-7158
-5216
-4021
-2382
-227
1023
826
-124
-441
752
2307
2309
1596
2039
2848
2411
937
-817
-2364
-3200
-3299
-3177
-3041
-2491
-1038
867
1581
676
-291
-435
-412
-707
-501
582
2448
4818
7266
8811
9374
9401
9564
9073
7695
6036
2046
-4497
-8211
-7594
-8230
-11419
-12410
-9782
-5393
-701
979
-444
404
4550
6639
4996
3821
4971
6693
8123
8576
6477
3085
1412
302
-3359
-8360
-11119
-11343
-10344
-8422
-6146
-4517
-2851
-359
1675
1825
706
408
1200
1206
345
433
1246
1491
1506
1329
686
163
-333
-1518
-2187
-1937
-1903
-1895
-1112
-267
39
18
-260
-325
-31
200
432
1481
3051
4755
6550
8133
8597
8755
8921
8616
6169
-173
-6567
-8093
-7365
-9583
-12168
-11154
-7157
-1990
2205
1986
348
2461
5989
5662
3202
3060
4743
6417
8040
8387
5940
3397
2611
794
-4100
-8968
-11295
-11560
-10697
-8709
-6719
-4847
-2165
984
2599
1429
-522
-410
873
755
-261
-39
1649
3441
4031
2917
1426
893
494
-851
-2876
-4253
-3870
-2394
-1610
-1552
-1111
258
1521
1807
1020
214
473
1443
2549
3386
4697
6660
8912
9806
9517
8081
2918
-4506
-7838
-7523
-9596
-12632
-11926
-7877
-2631
2609
3743
1801
2847
6436
6319
2924
1643
3016
4807
6875
8104
6412
4020
3726
2926
-1632
-7316
-10294
-11038
-10746
-9354
-7717
-6518
-3992
-252
1917
1510
446
369
708
533
-386
-1179
-497
1377
2664
2964
2855
2799
2862
2850
1444
-1145
-2745
-2616
-2503
-2987
-3421
-2867
-1201
893
2084
2160
1903
2400
3474
4080
3767
3746
5113
7083
8418
6515
196
-5286
-5761
-5999
-9802
-12919
-11346
-6605
-541
3498
3110
2749
6225
8825
6677
3534
2900
3273
4291
5987
5948
3662
2780
3338
1401
-3618
-7695
-9610
-10407
-9973
-8325
-7051
-5861
-3002
396
1736
1090
345
1025
1968
1061
-421
-78
1008
1119
817
977
1302
1954
2274
1650
942
771
678
121
-1090
-2303
-2540
-1932
-1512
-1141
-270
1128
2625
3749
4038
4141
4415
5035
5457
5755
5648
2219
-3709
-6357
-5371
-6893
-10996
-11911
-8391
-3694
1019
2855
2006
3440
7723
8957
6174
4362
4842
5378
5985
6159
4146
1633
1356
1346
-1684
-6178
-8755
-9546
-9484
-8480
-7209
-6462
-4907
-1808
222
-375
-1492
-1099
413
1469
1044
593
1929
3774
3683
2210
1013
629
1166
1507
415
-652
139
1553
1547
270
-1036
-1367
-764
-530
-993
-828
375
2103
3675
4891
5198
5405
6202
6946
6569
2873
-3995
-8017
-7254
-7527
-11166
-12790
-9501
-4418
497
3005
2283
2619
6385
8852
6879
4397
5071
6831
7818
7880
6294
3699
2543
2196
-778
-6141
-9724
-10503
-10369
-10205
-9431
-8124
-5954
-2827
-252
270
-244
34
1619
3102
2168
-270
-402
1654
2326
1152
-116
-450
949
3042
2715
511
378
2492
3450
1964
-478
-1351
-242
695
-236
-1173
-465
1709
3658
4219
3732
4216
5848
6788
6097
2218
-4247
-7863
-7304
-8400
-12332
-14021
-10727
-5110
575
2979
2184
3321
7643
9308
6618
4346
4965
6137
7431
8592
7180
4248
3742
4370
1159
-4889
-8552
-9699
-10566
-10647
-9730
-9064
-7724
-4278
-1040
-574
-1550
-1409
402
2370
2382
1031
1073
2698
3449
2483
900
-131
516
1877
1535
-94
-8
1880
2723
1628
150
-98
660
1097
449
-201
247
1925
3430
3827
3379
4057
5784
6394
5370
1646
-4072
-7265
-6768
-7885
-12012
-13840
-10524
-5419
-756
1184
926
2691
7165
9249
6971
4755
5418
6859
7919
8094
6188
3983
4192
4758
1712
-3319
-6356
-7562
-8459
-8994
-9275
-9578
-8418
-5413
-3082
-2826
-2802
-1695
-276
857
1185
754
1019
2106
2314
1764
1299
955
913
1786
2100
1356
1386
2438
2604
1631
436
-249
159
901
856
582
1525
3251
4781
5276
4685
4305
4975
5504
2477
-4202
-8288
-7460
-7036
-10053
-12344
-10386
-5956
-1183
1265
367
464
4183
7242
6458
4853
5289
6420
7655
8602
7221
4248
2927
3071
1581
-2032
-4984
-6266
-6376
-5866
-5628
-6336
-6688
-5080
-3027
-2741
-3604
-3612
-2055
-587
-627
-992
-209
1107
1449
924
615
758
1301
1571
1275
973
1494
2603
2919
2183
1671
1762
1847
1579
1250
1108
1423
2362
3695
4518
4883
5474
5997
6080
3677
-2747
-8365
-8973
-8578
-11344
-13664
-11499
-6659
-1542
1709
1483
1245
4102
6827
5738
3638
4115
5453
6357
7484
7425
5136
3315
3146
1765
-2125
-5397
-6556
-6701
-6402
-5180
-4119
-3836
-2810
-718
-31
-1357
-2635
-3033
-2861
-2679
-2771
-2571
-1535
-454
632
1814
2061
1337
1699
2556
1768
615
899
1487
1398
1668
2292
2662
2975
3472
3536
3140
2976
3518
4006
4350
4842
5580
5467
1738
-4280
-7657
-8089
-10053
-13473
-14116
-10678
-5548
-590
1432
1525
3599
7251
7644
4938
3892
5190
5902
6249
6418
5054
3282
2997
2112
-1555
-5350
-6372
-6298
-6752
-6447
-4919
-3566
-2248
-133
1116
520
-181
563
1308
-243
-2526
-2721
-1600
-1485
-2417
-2891
-2117
-619
715
652
46
467
1856
2624
1753
735
1026
2239
3037
2929
2776
3515
4740
5688
5873
5803
5908
5952
5775
2951
-3688
-8931
-9481
-9572
-12682
-14828
-12413
-7185
-1489
1865
1690
2025
5464
7967
6329
4049
4561
6084
7494
8536
7700
5068
3406
2839
47
-5251
-9068
-9815
-9149
-8135
-6475
-4549
-2713
-72
2421
2746
1460
91
-140
714
717
-470
-758
109
661
768
476
-1006
-1905
-1069
-813
-1902
-2325
-1378
-166
712
898
865
1747
3244
3835
3719
3861
4852
6206
7071
7228
7343
7211
3306
-3546
-7565
-8256
-10627
-14539
-15284
-11682
-6641
-1699
690
1005
3114
6886
7702
5387
4403
5570
6382
7312
8230
7120
5042
4463
3539
-637
-5655
-8248
-9481
-10348
-9686
-7772
-6387
-4533
-1018
1749
2260
1675
1354
2010
2569
1842
667
390
1070
1754
1786
342
-1173
-720
97
-703
-2056
-2264
-1328
-424
-187
-543
-408
789
1930
2499
3013
4061
5525
7196
8189
8414
7980
4176
-2519
-6490
-7314
-9953
-14326
-14898
-10694
-5452
-1012
816
1036
2820
5815
5911
3260
2327
3884
5727
7578
8611
7586
6227
5968
4364
-504
-5617
-8380
-9648
-10065
-9254
-7921
-6558
-3968
-573
1125
305
-826
-375
1069
1719
1113
823
2260
4171
4704
3508
1799
854
767
275
-1538
-3052
-2375
-665
227
465
1027
1932
2631
2855
2377
1928
2375
3375
4230
4664
5493
4985
847
-3598
-5202
-6287
-9899
-13499
-13082
-9434
-4837
-1369
185
2262
5845
8278
7251
4839
3846
3815
4315
4957
4791
4227
4668
5263
3426
-533
-4015
-6365
-8092
-9147
-9120
-8623
-7396
-4561
-1159
702
228
100
2045
3342
2247
504
342
1773
3122
3058
1438
702
2145
3423
2233
-330
-1234
-244
155
-863
-1863
-1404
436
2390
3149
3127
4035
5682
6601
6202
5635
4074
-501
-5129
-6723
-7527
-10474
-13269
-12156
-8185
-4010
-1349
-437
1149
4274
6470
5626
3782
3685
4662
5721
6242
5660
4751
4759
4753
2694
-1047
-4168
-6043
-7099
-7645
-7802
-7492
-6509
-4978
-3310
-2264
-2065
-1654
-166
1509
2251
2568
3379
4345
4849
4516
3524
2435
1765
1425
720
-289
-344
788
1687
1347
653
329
142
87
-106
-182
917
3354
5517
6496
6173
3377
-811
-3487
-5240
-8426
-11927
-12362
-9605
-5684
-2371
-616
738
3329
5549
5017
2952
2149
2332
2622
3341
4007
3859
3879
4592
4076
1263
-1834
-3528
-4630
-5772
-6062
-5215
-4055
-3489
-3099
-2228
-1948
-2528
-2527
-1715
-853
52
1276
2178
3022
3798
3509
2462
1929
2258
2549
2224
2305
3599
5131
5240
4226
3546
2786
1388
86
-911
-1216
-403
1462
2691
804
-2511
-4368
-4956
-6885
-10052
-11478
-9794
-5672
-1106
1415
2602
4889
7604
7731
5436
3250
1705
923
1095
968
-53
-403
681
1014
-880
-3284
-4674
-5640
-6514
-6353
-5260
-3772
-1735
860
2878
3659
3798
3826
3816
2980
1031
-469
-719
-949
-2035
-3111
-3163
-2386
-1044
129
889
1996
3862
5563
6029
5402
4960
5215
5607
5167
4293
4113
4534
4959
3675
-256
-4717
-7320
-8681
-10937
-13540
-13882
-10999
-6226
-2369
-296
1725
4642
6763
6678
5398
4156
3452
3752
4186
3712
2860
2782
2382
514
-2330
-4973
-7511
-9246
-9584
-9860
-9420
-6841
-3107
-399
1032
2694
4880
6483
6551
5272
4698
4829
4520
3102
1120
-479
-1168
-1386
-2147
-2923
-2352
-642
940
1797
2545
3264
3882
4129
3941
3792
4029
4640
5199
4194
1563
-758
-1801
-3218
-5993
-8452
-9149
-8115
-5888
-3781
-2346
-555
2120
4150
4090
2931
1760
916
427
185
-49
-16
671
1359
958
-220
-1725
-3382
-4972
-6182
-6750
-6419
-5046
-3380
-1815
-107
1504
2794
3764
4031
3463
2865
2695
2129
894
61
24
529
1045
1570
2180
2864
3503
3855
3714
3015
2292
2214
2450
2544
2592
3142
4000
3041
79
-2938
-4929
-6778
-8943
-10173
-9717
-7257
-3121
441
2552
4477
6873
7921
6895
5257
3683
2253
1522
1062
27
-1447
-2229
-2700
-4223
-6473
-9241
-11319
-11083
-9156
-6876
-4764
-2177
1464
5408
7406
6249
4894
5019
4960
3663
1990
1013
740
1112
1005
-243
-1440
-1519
-942
-789
-1153
-810
848
2921
4085
4430
4968
5634
5995
5623
5117
3980
1722
-421
-1925
-3441
-5566
-7711
-8699
-8214
-6414
-4959
-4072
-2207
840
3214
3990
4188
4451
4682
4814
4277
3060
2025
1709
1089
-599
-2700
-4297
-5432
-6459
-7300
-7534
-7206
-6301
-4607
-2618
-1038
160
1526
3098
4201
4304
3866
3589
3641
3541
3185
2693
2370
2573
2655
1937
579
-285
-262
-281
-468
-393
260
1630
2825
3450
3042
1654
-139
-2053
-3665
-5022
-5981
-5752
-4028
-1221
1221
2667
3592
4279
4210
2868
1210
66
-503
-607
-509
-422
-592
-881
-1408
-2645
-4232
-5367
-5716
-5506
-4509
-2874
-1165
451
1788
2780
2971
2350
1527
972
710
493
593
1123
1724
2252
2558
2357
1843
1451
1153
810
763
1168
1621
1898
2231
2421
2407
2290
2037
1542
236
-1707
-3403
-4799
-6024
-7023
-7324
-6714
-5056
-2493
-126
1793
3725
5529
6368
6267
5778
4896
3644
2178
513
-892
-2019
-3159
-4357
-5011
-5104
-5143
-5045
-4566
-4181
-3741
-2903
-1917
-1068
-305
603
1658
2802
3615
3733
3380
3058
2918
2538
1873
1670
2059
2610
3063
3296
3530
3634
3657
3071
1989
1451
1208
1080
1007
363
-1141
-2772
-3658
-4725
-6570
-8137
-8357
-7237
-5470
-3406
-1111
1220
3644
5551
6440
5979
4876
3744
2661
1287
-187
-1266
-1768
-2059
-2545
-3325
-4006
-4517
-4796
-5226
-5316
-4480
-2863
-1061
319
1694
3177
4264
4397
3788
2847
1896
1259
1167
1139
1203
1654
2413
2791
2557
2177
1697
1100
1029
1628
2369
3009
3703
4906
4938
2968
40
-2587
-4665
-6594
-8219
-8777
-7763
-5091
-2434
-530
710
1768
2305
2241
1847
1023
428
752
1343
1475
1040
478
-387
-1522
-2985
-4504
-5668
-6387
-5939
-4562
-2825
-1160
317
1842
2985
3408
3108
2349
1724
1451
1509
1618
1970
2760
3530
4082
4267
4242
3838
3269
2637
1754
1228
991
892
484
344
410
-577
-2311
-3789
-4336
-4804
-5541
-5708
-4865
-3035
-1097
553
1735
2735
3887
4562
4182
3048
2146
1630
785
-476
-1743
-2760
-3523
-4036
-4706
-5307
-5494
-4858
-3865
-3403
-2793
-1588
-317
500
1167
1845
2166
2433
2908
3052
2399
1805
1846
1910
1588
1651
2295
3144
3840
4438
4797
4644
4402
4180
3400
2380
1768
660
-1170
-3243
-4351
-5029
-6014
-6975
-6818
-5564
-3897
-2466
-1101
133
1399
2296
2523
2200
1824
1749
1515
1142
610
103
-361
-827
-1719
-3043
-4017
-4223
-3751
-3139
-2445
-1404
-110
1315
2201
2139
1744
1826
1853
1310
679
357
448
494
496
654
838
1423
2051
2440
2825
3220
3784
3987
3660
3186
2327
1110
-291
-1472
-2261
-2958
-3224
-3089
-2298
-1609
-1162
-783
-444
-258
-413
-517
-472
-531
-561
-830
-1245
-1744
-2117
-2550
-3270
-3976
-4352
-3857
-3165
-2566
-1753
-761
414
1425
1946
1946
1895
2176
2519
2629
2655
2859
3231
3462
3358
2990
2812
2835
2968
3045
2640
2366
2327
2342
1473
388
-544
-1956
-3124
-4157
-4741
-4940
-4740
-3939
-2834
-1183
137
969
1692
2407
2902
2623
2174
1729
1417
843
-226
-1359
-2531
-3611
-4686
-5370
-5875
-5667
-4821
-3723
-2205
-771
478
1308
1730
1723
1213
601
67
-182
-195
311
905
1469
2159
2836
3293
3524
3950
4358
4645
4907
5295
5648
5778
5664
4912
3329
1531
-291
-1991
-3623
-4864
-5739
-5970
-5473
-4485
-3775
-3337
-2514
-1459
-660
-371
-206
115
335
133
-410
-1004
-1660
-2439
-3054
-3349
-3330
-3032
-2209
-1206
-448
256
886
1143
854
402
60
-194
-213
95
691
1223
1794
2251
2441
2590
2568
2735
2846
3271
3820
4411
4945
4877
4567
3867
2667
841
-1160
-2478
-3343
-3811
-3922
-3752
-3394
-2877
-1956
-1191
-565
-93
658
1738
2604
2783
2245
1469
570
-638
-2347
-4184
-5888
-6716
-6686
-6354
-5742
-4826
-3341
-1560
-108
719
1083
1606
2113
2352
2087
1768
1790
1988
2062
1489
1023
1300
1831
2255
2546
2957
3794
4856
5385
5048
4404
4152
3484
1941
147
-1104
-1797
-2246
-2615
-3038
-3078
-2523
-1832
-1580
-1785
-1680
-1342
-908
-626
-645
-678
-659
-517
-709
-1521
-2462
-3123
-3409
-3564
-3598
-3387
-2615
-1278
84
965
1419
1765
1985
1748
1121
490
145
189
424
720
999
1257
1619
1934
1718
1297
1250
1435
1688
1793
2119
2413
2329
1910
1250
310
-366
-615
-832
-853
-338
767
1589
2203
2546
2512
1961
1217
409
-823
-1931
-2770
-3378
-3894
-4381
-4597
-4846
-4886
-4785
-4499
-3960
-3039
-1686
-559
498
1383
2014
2065
1573
1014
387
-115
-198
99
518
1277
2308
3282
3813
3828
3860
3742
3482
3098
2973
3020
2763
2200
1393
546
-555
-1886
-3316
-4550
-4957
-4770
-4108
-3231
-1912
-215
1397
2438
2701
2564
2226
1708
904
-27
-963
-1397
-1203
-876
-779
-1050
-1206
-1019
-930
-1341
-2184
-2629
-2610
-2452
-2534
-2657
-2418
-1894
-1158
-659
-398
-111
679
1687
2261
2356
2718
3629
4414
4667
4649
4468
4021
3386
2443
1245
-84
-939
-1507
-2084
-2429
-2260
-1946
-1507
-841
-26
445
756
1152
1346
1018
119
-700
-1344
-2049
-2558
-2801
-2649
-2138
-1538
-884
-464
-174
-36
-105
-351
-558
-557
-468
-197
199
658
1083
1183
1148
1009
663
314
19
-127
81
485
1030
1483
1742
1950
1534
577
-537
-1323
-1837
-2306
-2340
-1799
-681
517
1373
2139
2640
2891
2593
2112
1604
850
92
-562
-1002
-1481
-2162
-2661
-2936
-2932
-2836
-2743
-2475
-1818
-729
229
723
893
1267
1622
1468
1090
758
745
1029
1268
1379
1346
1249
1178
943
564
313
262
394
763
1271
1520
1137
336
-512
-1217
-2043
-2872
-3283
-3050
-1993
-720
338
938
1484
2021
2149
1496
451
-375
-755
-997
-1364
-1847
-1866
-1477
-1055
-958
-1145
-1082
-776
-366
-221
-223
-131
261
599
541
215
-49
27
256
362
347
640
1284
2042
2419
2468
2515
2694
2822
2641
2318
1866
1414
871
128
-654
-1457
-2068
-2412
-2476
-2254
-2172
-1963
-1492
-979
-762
-874
-908
-910
-888
-917
-985
-1076
-1235
-1095
-844
-736
-606
-369
6
299
610
963
1094
1035
968
954
681
303
39
-79
-90
-65
135
334
685
1111
1447
1661
1850
2197
2292
2327
2237
2050
1482
593
-210
-984
-1662
-2247
-2567
-2352
-1755
-978
-338
260
804
1189
1136
698
87
-590
-1243
-1851
-2254
-2745
-2990
-2879
-2451
-1966
-1649
-1207
-658
-27
524
745
801
884
1157
1365
1333
1266
1316
1518
1709
1697
1407
1051
1004
1102
1032
900
1048
1366
1827
2087
2059
1445
573
-107
-801
-1621
-2520
-2898
-2639
-1950
-1207
-607
-71
579
1072
1136
599
-38
-519
-884
-1391
-1978
-2397
-2470
-2211
-1938
-1718
-1576
-1235
-752
-347
-239
-252
-109
284
647
795
901
1230
1721
2132
2192
2073
1954
1909
1970
1900
1824
1854
2116
2461
2474
2156
1479
548
-425
-1351
-2111
-2744
-2893
-2464
-1708
-964
-307
204
496
531
439
130
-336
-729
-810
-956
-1302
-1624
-1887
-2097
-2339
-2302
-2094
-1859
-1505
-887
-236
156
234
225
184
94
-68
-106
-5
396
1039
1588
2024
2329
2683
2895
2879
2893
2894
2889
2820
2662
2209
1404
401
-687
-1764
-2529
-2824
-2865
-2571
-1821
-813
98
636
917
1008
889
560
77
-348
-814
-1177
-1487
-1785
-2106
-2349
-2399
-2329
-2157
-1767
-1309
-855
-409
-36
176
132
-2
-146
-261
-264
-57
271
662
1181
1665
2064
2319
2501
2591
2593
2653
2771
2654
2312
1751
1043
204
-700
-1628
-2413
-2673
-2486
-1996
-1443
-728
125
905
1473
1612
1379
1044
742
254
-477
-1184
-1763
-2113
-2231
-2201
-2186
-2049
-1633
-1035
-665
-504
-423
-247
-41
59
-35
-122
40
377
643
644
601
736
1009
1150
1157
1226
1525
1927
2327
2479
2267
1789
1202
555
-309
-1273
-2053
-2265
-2100
-1779
-1409
-877
-247
411
877
1110
1104
1066
982
712
211
-309
-714
-1106
-1513
-1741
-1660
-1408
-1180
-951
-680
-429
-256
-260
-313
-317
-219
-2
209
378
587
791
809
716
579
537
511
601
846
1206
1669
1980
2000
1620
1094
549
-214
-1063
-1691
-1852
-1700
-1441
-1208
-930
-526
-170
33
11
77
224
343
396
279
37
-218
-404
-630
-864
-972
-808
-457
-44
222
341
381
412
403
227
35
13
281
684
941
914
870
891
835
506
76
-91
45
428
750
953
903
782
475
3
-756
-1470
-1857
-1826
-1593
-1259
-967
-645
-347
-99
-110
-267
-423
-327
-92
58
-9
-133
-184
-341
-622
-941
-1066
-950
-571
-102
311
659
1012
1180
1184
1087
996
912
1038
1309
1599
1711
1703
1677
1492
1124
593
226
10
79
199
364
338
222
-22
-544
-1173
-1820
-2261
-2430
-2343
-1991
-1522
-1130
-777
-497
-313
-295
-402
-431
-343
-213
-105
-137
-309
-508
-674
-875
-1098
-1189
-1030
-667
-263
166
565
828
1015
1161
1301
1360
1438
1641
1931
2194
2346
2329
2168
1925
1689
1391
1026
835
830
911
844
680
358
-187
-837
-1393
-1916
-2402
-2657
-2538
-2204
-1893
-1560
-1329
-1120
-916
-768
-756
-742
-641
-468
-442
-511
-653
-765
-890
-971
-980
-946
-817
-518
-96
210
344
567
876
1064
1182
1333
1578
1849
2141
2257
2170
2054
2010
1879
1581
1289
1120
1093
1091
1023
846
566
168
-218
-764
-1223
-1602
-1797
-1916
-1872
-1685
-1519
-1373
-1235
-1086
-997
-891
-781
-621
-618
-638
-713
-806
-979
-1142
-1209
-1149
-970
-762
-501
-216
73
254
391
533
623
758
1041
1437
1746
1988
2222
2262
2135
1908
1701
1422
1133
1044
963
883
815
844
741
407
-33
-465
-783
-1101
-1286
-1497
-1593
-1556
-1385
-1238
-1203
-1191
-1133
-956
-743
-633
-688
-745
-751
-786
-996
-1245
-1314
-1249
-1039
-724
-476
-253
33
280
352
318
336
448
697
1059
1499
1867
2079
2213
2213
1970
1531
1166
945
847
928
1059
1140
1212
1311
1288
896
305
-182
-533
-747
-951
-1106
-1230
-1297
-1284
-1268
-1509
-1860
-1914
-1598
-1322
-1184
-966
-691
-469
-391
-511
-819
-1074
-1072
-860
-760
-655
-388
-21
189
204
46
-143
-135
66
360
643
1017
1580
2088
2230
2034
1654
1259
955
733
568
636
951
1439
1839
2027
1928
1574
999
404
-81
-569
-1039
-1307
-1286
-1125
-1179
-1453
-1681
-1811
-1758
-1752
-1817
-1701
-1197
-555
-203
-158
-103
-2
-17
-207
-477
-701
-677
-499
-341
-257
-208
-112
26
122
186
239
377
630
951
1150
1224
1140
966
847
656
460
302
295
498
934
1331
1568
1589
1615
1489
1212
634
-27
-605
-923
-1111
-1324
-1479
-1469
-1302
-1158
-1141
-1222
-1245
-1154
-896
-650
-425
-117
221
425
545
426
109
-233
-410
-561
-600
-557
-305
67
477
760
835
753
700
628
402
153
-5
54
129
107
11
1
31
28
-88
-122
153
567
931
1208
1361
1378
1166
784
220
-407
-936
-1233
-1270
-1108
-843
-661
-441
-313
-261
-351
-444
-406
-257
-92
152
365
366
324
244
50
-277
-579
-653
-480
-238
-34
137
347
644
736
509
274
181
60
-45
-163
-266
-249
-91
-42
-219
-423
-408
-200
12
104
236
542
954
1174
965
497
96
-93
-234
-554
-851
-805
-404
-36
91
-24
-12
188
324
169
-70
-91
204
444
430
197
97
188
155
-172
-538
-677
-559
-295
-189
-142
16
253
364
228
-151
-446
-581
-659
-742
-801
-757
-461
-168
6
83
225
306
400
472
524
560
473
445
460
540
494
347
115
-31
-191
-358
-530
-589
-484
-144
171
397
608
847
957
881
693
510
452
441
435
445
472
443
399
246
2
-252
-429
-587
-620
-689
-756
-784
-805
-888
-1065
-1293
-1351
-1331
-1365
-1260
-1083
-784
-408
-120
18
166
281
424
381
125
13
78
168
233
257
266
520
777
860
802
719
830
979
931
963
1135
1300
1346
1296
1097
917
774
570
375
141
64
135
82
-39
-55
-89
-176
-346
-526
-689
-815
-1010
-1210
-1435
-1562
-1578
-1514
-1516
-1443
-1264
-1045
-884
-844
-870
-797
-681
-619
-589
-539
-362
-94
90
142
169
262
459
524
523
518
717
1043
1351
1455
1554
1776
1962
2036
1829
1470
1249
1228
1171
878
641
549
550
471
174
-87
-203
-137
-183
-361
-627
-719
-692
-911
-1333
-1576
-1553
-1392
-1310
-1346
-1316
-1143
-974
-1044
-1277
-1447
-1342
-1133
-958
-897
-692
-291
54
182
192
196
346
503
507
510
625
859
1155
1356
1390
1477
1585
1649
1615
1588
1479
1373
1335
1164
1041
883
709
466
282
90
-50
-199
-471
-642
-792
-930
-1153
-1238
-1151
-982
-921
-907
-774
-639
-577
-697
-883
-943
-998
-1043
-1133
-1147
-1028
-846
-753
-742
-708
-629
-486
-430
-368
-310
-198
61
407
642
878
1249
1550
1815
1897
1902
1884
1724
1597
1562
1383
1195
1159
1036
904
725
424
71
-259
-503
-646
-870
-1032
-976
-830
-642
-523
-469
-389
-331
-328
-468
-705
-870
-786
-734
-777
-825
-799
-613
-534
-713
-880
-899
-809
-606
-580
-621
-390
-55
101
89
76
336
650
746
672
807
1043
1279
1290
1125
1093
1251
1266
1034
729
561
607
474
189
-75
-188
-205
-141
-227
-352
-285
-236
-166
-186
-319
-354
-308
-344
-382
-482
-625
-598
-480
-509
-622
-740
-669
-528
-542
-703
-639
-559
-409
-186
-104
-46
114
251
377
442
364
318
315
246
266
265
195
376
611
751
763
786
798
907
737
537
406
271
195
92
-93
-182
-167
-201
-226
-360
-419
-421
-331
-341
-422
-439
-443
-459
-410
-363
-429
-416
-441
-490
-507
-537
-573
-459
-325
-179
58
191
379
540
683
706
680
494
508
588
441
292
170
155
214
270
230
290
367
458
474
370
312
305
229
90
-11
-75
1
32
-109
-207
-252
-385
-404
-499
-560
-628
-720
-769
-689
-706
-740
-738
-716
-573
-435
-345
-438
-339
-180
-105
-160
-139
17
304
475
508
597
725
837
797
530
334
398
419
318
262
473
678
706
709
638
557
561
451
198
174
123
129
210
34
-87
-120
-234
-298
-327
-563
-651
-578
-538
-525
-527
-684
-577
-500
-722
-820
-772
-662
-519
-498
-517
-280
-133
-244
-230
-263
-249
-12
150
304
538
675
676
804
799
581
467
424
566
714
569
511
593
776
677
416
163
234
281
93
-111
-155
25
166
27
-137
-53
-41
-217
-458
-580
-597
-548
-627
-665
-553
-407
-414
-473
-540
-564
-493
-503
-519
-464
-324
-193
-109
-94
-35
100
149
249
294
316
413
498
548
565
512
488
608
565
516
398
360
455
437
351
304
301
268
317
196
-12
-25
5
-4
-16
-135
-235
-228
-228
-370
-499
-626
-623
-564
-525
-560
-562
-487
-427
-353
-434
-493
-529
-375
-293
-204
-194
-127
119
267
220
167
276
357
391
316
333
469
554
553
562
454
395
450
348
318
306
272
396
459
361
313
247
113
132
97
-58
-77
-106
-61
-62
-216
-364
-392
-419
-559
-629
-722
-688
-633
-639
-721
-642
-520
-516
-556
-639
-582
-334
-253
-341
-239
-106
18
202
180
217
477
605
632
739
680
641
810
746
541
626
648
677
807
663
512
574
480
439
450
195
79
207
132
12
-26
-156
-100
-104
-279
-339
-453
-616
-549
-594
-823
-740
-687
-748
-668
-676
-758
-751
-770
-682
-518
-569
-505
-319
-227
-108
8
-71
-48
174
320
387
410
517
725
762
603
558
570
555
586
539
477
603
771
743
644
518
407
423
392
191
149
240
347
404
238
-49
-76
-114
-322
-574
-812
-780
-551
-536
-736
-765
-788
-745
-736
-943
-1043
-845
-605
-465
-391
-318
-132
44
-9
-61
-94
-49
106
234
293
298
332
418
469
348
236
260
317
393
398
398
447
523
631
581
473
457
538
537
514
443
396
437
398
336
165
14
-63
-129
-262
-364
-474
-564
-532
-547
-574
-635
-669
-616
-524
-530
-527
-423
-344
-169
-176
-194
-177
-119
-45
-48
-94
-57
51
48
95
-42
-46
116
134
48
100
102
218
317
213
187
321
401
408
368
293
440
510
422
419
383
397
456
311
172
144
66
-34
-46
-152
-236
-209
-216
-270
-322
-386
-417
-338
-279
-292
-246
-217
-165
-71
-109
-222
-178
-153
-242
-218
-225
-194
-137
-134
-115
-40
-87
-65
-11
-107
-106
44
4
35
118
24
79
208
140
128
176
128
254
295
227
244
269
189
316
335
183
248
289
239
294
253
83
182
197
111
161
98
43
155
54
-87
-8
-160
-279
-277
-440
-570
-467
-531
-494
-370
-430
-377
-227
-332
-419
-365
-446
-366
-194
-242
-157
90
99
164
169
-43
-38
101
53
47
74
113
347
479
401
422
494
500
464
332
265
371
455
446
449
488
546
576
408
205
155
72
-86
-154
-215
-224
-218
-219
-266
-356
-440
-485
-413
-544
-591
-446
-377
-360
-285
-234
-262
-216
-291
-356
-404
-404
-330
-276
-280
-184
-85
-132
-138
-116
-59
12
113
219
397
578
689
641
527
534
567
504
448
438
513
624
576
461
393
291
181
61
-82
-121
-64
-68
-108
-121
-118
-79
-182
-306
-306
-360
-377
-289
-288
-303
-274
-362
-373
-312
-436
-472
-510
-519
-374
-312
-352
-233
-104
-122
-57
-73
-72
57
145
220
317
356
408
541
497
350
358
376
401
446
443
436
498
538
425
308
139
109
117
-24
-173
-135
-48
-80
-132
-292
-296
-216
-215
-334
-385
-277
-96
0
-136
-164
0
-5
-134
-238
-304
-273
-200
-334
-458
-396
-377
-285
-282
-426
-342
-126
-149
-151
-88
-16
144
220
282
382
431
475
515
440
406
420
336
311
336
239
131
116
102
90
61
-47
-30
114
91
30
-56
-95
-13
-9
-128
-168
-57
80
163
68
-38
92
191
60
-35
-109
-134
-46
-30
-198
-224
-134
-94
-71
-290
-385
-249
-228
-355
-325
-329
-213
47
24
-44
51
152
176
162
-52
-73
120
101
-12
-73
-111
82
240
52
-66
38
172
278
263
155
201
446
431
321
153
105
258
243
46
-63
40
153
190
-25
-207
-69
26
-52
-142
-190
-97
57
14
-190
-246
-280
-274
-381
-554
-554
-418
-327
-285
-300
-286
-149
-84
-126
-155
-83
64
162
153
89
120
284
280
149
95
149
168
322
299
240
411
487
488
468
388
335
473
385
197
195
175
151
144
-64
-204
-117
-152
-233
-302
-372
-300
-184
-291
-359
-356
-400
-389
-478
-628
-554
-469
-490
-382
-368
-324
-177
-148
-156
-119
-57
25
90
99
185
262
348
396
325
254
245
232
230
233
120
187
324
316
364
379
328
439
468
376
392
409
427
446
333
172
175
131
47
-100
-247
-278
-287
-315
-401
-492
-481
-445
-479
-495
-501
-531
-429
-412
-475
-349
-310
-313
-134
-108
-105
-6
46
75
132
119
87
244
233
160
90
23
16
67
-33
-100
58
215
274
321
346
469
649
582
430
443
437
344
340
242
177
126
138
135
26
-128
-245
-245
-351
-364
-351
-324
-270
-199
-166
-211
-221
-360
-395
-349
-403
-393
-336
-304
-178
-36
-75
-106
-77
-44
75
-34
-150
-16
134
89
60
-62
-34
185
123
39
63
138
302
506
328
234
463
431
341
333
172
176
281
161
89
68
5
81
16
-186
-117
-48
-123
-38
-87
-155
-90
-117
-270
-309
-323
-326
-206
-223
-209
-74
-77
-108
-61
-117
-158
-87
-57
-62
34
86
111
116
73
33
-28
-54
-41
19
23
54
204
321
271
261
271
311
328
221
147
151
181
202
124
8
69
109
51
-51
-147
-211
-120
-151
-268
-226
-224
-259
-193
-250
-419
-314
-288
-400
-369
-286
-286
-225
-141
-93
-7
30
109
134
144
255
275
235
258
321
305
329
264
263
319
293
266
184
119
180
269
140
43
30
53
7
-114
-204
-198
-147
-120
-117
-155
-148
-73
-43
-102
-168
-174
-116
-133
-183
-221
-227
-236
-252
-262
-300
-269
-198
-164
-166
-149
-29
49
76
94
97
151
270
303
299
314
303
342
342
305
196
124
93
106
14
-42
-4
-27
4
-6
-60
-76
-12
-107
-79
-76
-164
-79
-30
-80
-51
-91
-130
-19
-31
-215
-226
-85
-45
-44
-133
-121
18
129
72
-69
-58
176
187
18
-39
95
228
236
144
83
208
294
310
174
115
217
204
143
69
41
55
100
24
-19
28
-18
-67
-168
-225
-207
-181
-248
-267
-229
-223
-162
-187
-254
-214
-151
-178
-217
-178
-195
-149
-132
-165
-138
-86
-46
-12
1
-55
11
60
45
106
163
169
179
239
249
278
221
218
293
278
305
282
219
212
221
160
77
34
38
106
119
-14
-59
43
32
1
-25
-114
-139
-24
-140
-271
-250
-242
-205
-165
-160
-160
-78
-68
-80
-137
-243
-266
-183
-259
-248
-89
-73
-5
63
-51
-72
-11
-103
-68
26
-14
98
226
175
179
275
184
188
183
28
23
149
156
152
77
86
173
156
37
47
27
-18
61
24
-2
76
82
48
63
-20
-18
0
-87
-65
-9
-65
-38
-11
-85
-70
-18
-145
-205
-116
-126
-118
-71
-104
-34
-18
-52
-98
-99
-58
-27
-112
-96
-11
-18
34
24
-24
-13
39
-69
-34
11
-10
60
70
106
152
167
98
66
-26
-47
41
9
-48
34
11
-64
-10
-2
-19
-43
-10
37
62
80
147
128
73
105
94
-37
-55
45
-16
-50
-18
40
77
27
-8
15
25
-12
32
-10
-36
91
135
-26
-42
64
33
-46
-72
-42
1
2
-36
36
3
-20
-4
-39
-77
-43
-30
-109
-81
-88
-21
-24
-40
-93
-73
-33
-79
-82
-85
-31
66
165
95
80
167
180
85
-20
-103
-31
26
-78
-140
-127
-28
73
-25
-149
-41
99
66
45
9
11
156
106
-55
-82
-25
-32
11
-31
-99
6
48
6
10
9
-14
81
46
38
125
45
13
22
-17
-15
-39
-130
-42
69
34
29
-9
18
79
21
-60
-73
-32
-3
-20
-20
10
-22
-76
-59
-130
-109
44
-67
-155
15
103
112
112
28
74
181
32
-31
8
-61
-37
69
-60
-72
92
45
40
32
17
90
94
-16
34
86
-36
34
17
-85
26
117
8
6
63
25
61
-38
-80
-17
19
-6
4
-9
44
53
-32
-70
-82
-95
-101
-121
-124
-40
-1
20
60
43
45
102
4
-70
-64
-84
-114
-101
-100
-107
-74
-56
-74
-42
-22
-71
-40
-14
-38
-26
28
18
-14
44
54
79
166
107
40
142
197
140
87
61
68
74
44
10
-43
-13
69
25
-47
-3
37
48
38
-77
-73
-65
-31
-16
-42
-111
-43
34
-74
-127
-189
-201
-129
-137
-194
-151
-147
-72
-9
-113
-129
-48
-15
-30
-8
9
45
98
155
135
84
160
208
176
120
136
179
229
203
159
189
208
209
187
118
69
51
6
24
40
34
12
37
48
45
36
-70
-125
-68
-104
-161
-131
-185
-185
-164
-212
-236
-214
-243
-215
-210
-254
-117
-51
-122
-55
-18
-40
-14
11
-25
-20
-17
-8
85
64
101
194
179
211
272
211
208
282
143
157
208
81
78
87
23
13
48
-20
-13
-5
-10
40
26
-37
1
20
0
-14
-87
-110
-88
-83
-139
-230
-269
-198
-182
-273
-275
-192
-152
-116
-107
-111
-70
-8
-2
-43
-11
39
80
101
79
119
172
151
124
75
116
187
185
162
163
141
168
171
77
103
132
117
124
113
48
43
32
-13
-58
-77
-60
-44
-49
-60
-82
-167
-175
-140
-180
-203
-160
-187
-161
-117
-137
-159
-142
-126
-149
-147
-147
-106
-49
-28
6
42
28
43
67
78
109
139
124
183
211
159
173
164
131
158
141
67
72
99
103
69
53
48
19
3
34
61
17
-26
26
61
-6
-58
-71
-93
-64
-99
-163
-152
-98
-83
-103
-132
-108
-70
-90
-105
-139
-121
-109
-86
-69
-94
-45
58
30
28
95
160
168
154
135
101
157
177
185
126
94
124
160
109
66
86
87
95
88
61
39
65
32
-36
-28
-54
-66
-30
-75
-114
-86
-79
-139
-142
-143
-144
-143
-169
-156
-132
-120
-119
-131
-149
-128
-79
-61
-98
-107
-42
18
27
27
-12
-12
62
38
4
43
49
125
226
107
88
228
164
109
142
96
112
168
109
87
94
74
62
47
2
3
55
38
0
-22
-21
-63
-76
-72
-89
-125
-93
-102
-165
-118
-138
-152
-188
-170
-131
-128
-113
-131
-100
-67
-47
-87
-68
-37
6
20
-8
-27
40
82
48
48
82
123
156
157
98
150
195
159
82
70
100
115
61
-6
26
89
77
40
17
29
106
84
38
29
33
48
59
-27
-69
23
1
-73
-68
-53
-75
-55
-92
-80
-51
-56
-54
-42
-52
-28
1
-52
-20
-16
-72
-75
-41
-17
-78
-128
-98
-25
9
17
36
45
62
92
70
-9
-23
-1
-11
-41
-36
11
38
35
49
49
7
9
5
-21
-31
16
46
45
73
103
123
83
79
62
16
-46
-31
-21
-9
15
-2
33
71
40
0
25
-22
-45
-29
-44
-44
-16
-71
-91
-50
-59
-43
-33
-75
-93
-76
-90
-86
-97
-84
-50
-39
-38
11
4
-53
-20
10
-57
-41
-17
-49
-17
1
-21
-6
13
37
86
49
38
97
109
83
84
65
96
148
83
65
88
81
97
91
56
50
59
42
29
-6
-8
14
21
-18
-20
-11
-47
-43
-67
-80
-119
-137
-125
-120
-104
-80
-112
-96
-52
-75
-74
-63
-79
-77
-33
-30
-20
-46
-36
11
19
-7
39
47
68
125
111
100
152
146
91
140
124
110
122
57
64
109
68
57
80
52
32
72
52
14
-11
-40
-91
-99
-76
-84
-96
-87
-81
-118
-90
-104
-169
-176
-170
-172
-138
-127
-124
-54
-16
-28
1
10
24
81
87
57
88
168
164
113
109
154
151
133
156
140
148
129
117
137
130
134
134
74
61
92
36
-35
-44
-43
-41
-76
-145
-122
-86
-97
-148
-208
-216
-160
-153
-222
-253
-215
-124
-152
-179
-132
-89
-53
-43
-42
-49
-27
5
34
-25
-52
15
43
23
54
50
48
111
122
110
122
151
188
190
147
186
208
212
167
111
87
107
112
46
-9
13
53
64
43
-54
-66
-56
-73
-124
-184
-221
-180
-124
-164
-229
-233
-185
-172
-188
-177
-151
-100
-67
-31
-28
-6
44
48
32
3
20
59
81
71
91
111
133
169
163
134
119
138
133
135
127
157
186
149
134
126
81
17
8
11
5
-35
-73
-39
-11
-18
-46
-128
-141
-112
-107
-118
-149
-153
-109
-84
-65
-36
-32
-17
17
29
27
41
38
81
111
59
69
111
100
98
100
47
68
87
24
40
73
57
64
48
30
61
29
-25
-25
-42
-60
-45
-71
-75
-87
-92
-98
-125
-138
-143
-145
-183
-172
-162
-190
-187
-158
-138
-121
-119
-106
-103
-86
-67
-52
-56
-31
28
28
27
65
90
100
128
126
118
134
164
137
111
116
121
131
127
107
110
161
181
143
110
93
119
99
28
10
33
27
-6
-17
-8
1
8
-6
-49
-77
-67
-90
-137
-127
-110
-130
-121
-115
-128
-97
-100
-112
-94
-93
-92
-93
-85
-35
-27
-27
-8
5
-4
-4
-4
27
48
23
49
107
149
146
152
161
168
130
70
46
39
57
69
39
27
30
28
42
0
-46
-52
-19
24
29
13
41
63
39
26
3
-23
-29
-28
-47
-40
-53
-52
-29
-21
-1
-15
-15
-9
-5
-29
-46
-39
-18
-22
-47
-31
-18
10
-11
-26
-41
-70
-74
-37
-38
-68
-52
-25
-12
-16
-6
-52
-45
-41
-16
-30
-41
-5
0
-13
-34
18
8
-14
-17
0
14
15
5
50
70
52
62
61
39
51
38
-3
-3
19
38
2
-1
29
24
18
8
12
10
29
27
10
36
45
30
-6
10
32
9
-15
-10
8
4
-2
-12
7
2
-1
-31
-45
-34
-25
-37
-36
-9
-3
-32
-39
18
28
26
4
-4
-5
27
9
-19
-14
-1
5
11
-30
-27
13
1
-44
-54
-28
-1
-7
-48
-56
-46
-20
-33
-32
-26
-12
17
24
-28
-42
-5
-14
-36
-54
-53
-17
-2
-41
-72
-49
11
28
40
66
79
114
136
128
94
54
49
72
60
35
62
87
101
117
113
95
108
84
66
63
32
26
31
0
-53
-50
-42
-36
-68
-107
-111
-121
-115
-119
-144
-144
-110
-90
-105
-83
-44
-30
-44
-52
-47
-42
-50
-58
-53
-33
-3
11
21
22
46
82
73
47
42
60
45
48
48
66
93
73
79
84
92
99
68
54
95
104
102
123
103
82
103
51
10
-3
-33
-64
-47
-90