-16
-9
10
9
-8
-17
-1
-4
-7
-1
-9
-25
-20
-8
-19
-10
-7
-7
3
5
-12
-10
-7
-10
-12
-14
-7
0
10
18
29
26
18
23
18
-1
-11
4
6
-9
2
22
26
35
29
6
11
-9
-6
11
-1
-19
-8
11
10
10
2
5
5
-4
-18
-10
7
26
15
7
47
57
39
40
20
7
25
16
-5
-21
-6
-3
11
-1
-10
24
37
13
-40
-42
-29
-22
-25
-47
-62
-37
12
22
-7
-41
-63
-39
-15
-18
-50
-19
17
25
26
8
7
20
28
14
-13
-30
-9
10
18
18
4
6
30
29
32
17
-20
-40
-25
-28
-23
-10
-26
-28
-14
0
-21
-18
-20
-24
-27
-31
-18
1
11
-15
-12
11
18
5
9
32
28
15
4
-6
10
29
7
-6
22
34
19
15
19
27
53
46
22
36
51
33
12
7
-5
14
32
21
3
14
3
4
18
-8
-12
-3
3
-3
-9
-10
-3
16
20
-20
-33
-4
11
7
-15
-5
14
-5
-14
1
27
12
-22
-10
22
18
1
-7
8
23
9
3
-1
-6
-19
-17
-15
-9
2
-12
-20
11
35
-8
-49
-46
-24
-19
-30
-26
-20
4
2
-8
18
30
-4
-25
-16
-2
8
0
-1
-1
-9
-18
-39
-34
-8
-2
-7
-6
-3
12
43
35
5
-15
-3
13
30
-2
-20
-9
27
0
-41
-40
-17
7
-20
-43
-54
-9
7
9
-15
-32
-15
29
23
-13
-10
1
13
-11
-28
-30
7
18
8
-5
-9
7
-3
-19
-38
-11
29
13
-33
20
75
93
45
-27
5
92
113
-30
-83
15
112
67
-18
-59
28
148
116
-24
-115
-12
85
57
-75
-126
-44
111
73
-134
-146
45
126
1
-100
-49
1
-11
-22
-44
-45
-5
48
6
-13
9
22
-3
-10
-10
-45
-26
-21
-45
-62
-30
-9
-4
2
-24
-27
28
26
-24
-34
-11
-5
-14
-15
-26
-3
22
7
-13
-8
-10
23
23
16
17
43
53
36
0
-12
18
45
8
-23
-4
20
52
59
40
-5
-12
22
48
23
-7
-18
22
21
5
-13
-44
-23
-4
-31
-40
-8
42
12
-7
18
4
17
-10
-49
-4
35
-13
-32
9
20
27
25
19
24
47
39
2
31
57
31
-6
24
59
56
43
-10
-17
19
31
-24
-45
-39
-15
-11
8
-3
-56
-24
11
-29
-58
-39
-37
3
-1
-10
10
45
14
-36
-30
-47
-61
-68
-48
-27
-16
-8
-10
10
44
46
-6
-6
6
-23
-33
-12
11
9
-11
-24
25
72
53
-7
-29
10
45
-1
-55
-45
7
44
31
15
13
49
67
45
2
-24
2
34
-21
-58
-56
-52
-4
-2
-24
-53
-24
30
12
-58
-82
-20
-15
-25
-8
10
-3
-16
9
-4
-41
-35
-6
-2
8
18
20
34
29
-4
-25
28
68
38
45
56
59
41
34
2
19
-1
-33
4
40
62
85
75
36
64
81
2
-46
-8
24
6
-14
2
6
38
29
-23
-68
-64
-70
-63
-43
-48
-50
-39
-6
25
4
-64
-77
-53
-51
-51
-60
-57
-26
35
37
-16
-14
-2
-23
-25
-29
-32
-41
35
53
0
13
24
-1
-12
3
-20
-33
-34
1
29
59
19
24
69
66
39
-26
-30
-11
16
10
14
43
121
155
99
10
6
31
-66
-192
-217
-136
-51
14
7
22
120
212
134
-65
-122
-71
-106
-187
-168
-88
2
56
58
51
97
65
-32
-107
-133
-104
-24
-5
-22
50
154
138
45
47
29
4
-9
27
33
38
64
109
98
57
30
30
34
25
-5
-1
107
164
91
54
103
99
21
-80
-102
-100
-72
-59
-99
-55
56
79
33
26
43
49
18
-49
-57
-38
-37
-60
-87
-84
-9
17
-26
-66
-32
5
-3
9
-25
-70
-46
-16
-43
-56
-39
-2
31
75
157
139
106
103
96
47
0
-10
-23
-34
11
39
-7
-65
-43
11
-30
-85
-118
-68
-34
-71
-85
-84
-90
-44
7
-20
-38
-31
-57
-31
36
6
-90
-68
48
51
58
93
129
130
136
107
-6
-91
-130
-130
-72
-57
0
87
218
205
154
127
112
117
113
25
-57
93
183
95
32
86
-2
-67
-87
-124
-171
-93
-19
2
-36
52
101
80
64
89
45
-29
-35
-60
-123
-244
-254
-173
-110
-113
-40
112
131
78
96
71
-8
-123
-208
-298
-388
-499
-443
-366
-357
-304
-207
-159
-121
-121
-60
-40
-59
-54
-87
-133
-127
-4
33
-55
-143
-164
-278
-235
-127
-106
-110
-25
76
132
259
350
189
-41
-88
-143
-271
-188
75
351
504
562
455
411
483
455
327
194
271
355
510
535
524
566
687
462
209
0
-64
-35
118
313
342
392
294
61
-265
-398
-429
-283
15
194
195
274
322
205
-112
-363
-548
-676
-612
-392
-168
34
143
184
131
-83
-290
-303
-262
-191
-88
226
455
487
421
350
50
-304
-489
-563
-543
-240
192
311
232
326
430
319
225
8
-316
-318
12
168
232
389
364
439
805
789
159
-260
-545
-1076
-1595
-1511
-1459
-1424
-1264
-881
-1274
-2025
-4378
-9054
-12041
-9411
-5183
-3198
334
8196
16189
20282
20414
16367
10186
3974
-1823
-7145
-9818
-9134
-4843
1902
5123
809
-4123
-4713
-7020
-15040
-20163
-16228
-7039
2186
11424
18933
22891
23613
20912
12702
2249
-5416
-9779
-12328
-11436
-7405
-3734
-2260
-1385
-1644
-4419
-8484
-11343
-11412
-8321
-3124
2478
8212
12757
15025
12916
5836
-2846
-8565
-11853
-15361
-15882
-10658
-2795
3050
7126
9138
9692
8873
7237
4473
3370
4651
7955
10591
11909
11703
11587
10854
2560
-12357
-21254
-17996
-16834
-24441
-25289
-11398
2284
7658
11442
15521
15812
14616
13627
8537
2068
1577
4006
3165
1193
1075
-976
-6522
-10419
-11586
-14307
-17092
-14878
-9449
-4423
-142
4216
6674
8140
9313
9554
8476
7177
5800
5117
5699
2534
-5826
-12251
-12536
-13775
-19069
-20699
-14393
-5534
1596
6626
10301
13574
15340
13730
10461
8417
6881
6337
8465
11320
11942
11981
11407
8456
2622
-6383
-18217
-26802
-28430
-27913
-28969
-24699
-10906
4670
14526
21198
27123
28642
24420
18454
12186
4965
-545
-2538
-3686
-5034
-5783
-7311
-10949
-14690
-17324
-19138
-19419
-16302
-10210
-2649
4911
11838
16884
19404
19475
17887
15105
10881
6113
2192
88
-5504
-14657
-20887
-20578
-21329
-25101
-24278
-16246
-6464
2334
9689
14095
17226
19207
17330
11968
8574
7857
7440
7870
10034
12277
13841
13452
10624
5172
-1432
-10776
-22035
-30978
-32620
-30720
-28448
-23430
-11365
3323
15440
23611
28453
28924
26247
21499
14855
6960
683
-2773
-4202
-5406
-6452
-7838
-10343
-13830
-15915
-16149
-16353
-15307
-10534
-2991
4137
10485
15761
18661
19450
18891
16533
11483
6436
-299
-9790
-17513
-18767
-19187
-23625
-24862
-18055
-8571
-2378
1970
5611
9347
12000
11688
7968
5594
6874
9972
12140
12755
12602
14135
15277
12751
7672
4103
1387
-4285
-13759
-21713
-25032
-26131
-28603
-29118
-23092
-10932
2252
13030
21085
28089
32259
30768
23809
15340
7404
622
-4488
-7211
-8226
-8230
-7932
-8359
-9876
-12115
-14430
-16233
-15695
-12284
-6581
240
8314
15954
21019
22389
21395
17199
7025
-5432
-13049
-15887
-20537
-24993
-22038
-13114
-5815
-1790
621
2396
3260
2285
115
-633
1612
6116
11801
17250
19593
19796
19297
17318
12479
7179
2819
1426
2224
-619
-10484
-18381
-18676
-19659
-27242
-32565
-25955
-12496
-1233
9042
21094
30213
32358
29786
23907
13885
3378
-3125
-6579
-8714
-7330
-3355
-1851
-3549
-5308
-7772
-13334
-18880
-20073
-16930
-10874
-1842
8631
17316
22482
22452
17373
10401
3365
-5885
-15269
-18376
-14403
-9319
-5734
-2926
-482
916
-437
-5653
-11345
-12485
-8613
-1908
5614
12529
18571
24162
25870
21804
15060
9246
4291
529
222
4334
6318
-1190
-11399
-12553
-11249
-19508
-31052
-29693
-16840
-6174
1527
12737
23735
27122
25961
23118
14992
2560
-4847
-5506
-5918
-6386
-2096
2469
1488
-1535
-3249
-8771
-18135
-22379
-18480
-12821
-6896
2211
11625
15597
16221
16483
12187
990
-8285
-9048
-7042
-8133
-8102
-3263
2183
3825
2032
-1723
-5967
-7317
-4939
-1924
369
4892
12003
16977
17261
14883
11813
7613
4206
2685
3844
4787
2055
-4020
-6817
-6502
-12468
-24963
-30366
-23548
-14746
-8200
1555
14330
22398
25308
25768
20885
9468
-891
-5132
-7330
-9552
-7143
-906
2758
3129
3208
-9
-8990
-17660
-19685
-18050
-15864
-9801
737
9422
13775
16920
17369
10062
-737
-6090
-6622
-8412
-9979
-6640
84
4952
5889
3004
-1613
-4780
-4785
-4101
-3417
-421
6720
14150
17586
17157
15347
12523
8535
4616
3529
3917
112
-7338
-9881
-6591
-10349
-22646
-28301
-20759
-12630
-8433
-471
12053
19345
21616
23725
21957
11672
1071
-3068
-5463
-9621
-9345
-4200
-969
-512
1504
1661
-4716
-12711
-14928
-13808
-13221
-10814
-3973
3820
8955
11926
12982
9827
2982
-2113
-3524
-4952
-7386
-6306
-1599
1870
2233
1129
-1336
-4395
-5300
-3679
-1596
1398
6947
13366
17668
18264
16375
13108
9140
4891
2214
1742
-654
-6543
-10809
-8974
-9475
-17829
-25572
-21893
-13229
-7728
-2226
8552
17905
21396
22465
22123
15439
5129
-1222
-3649
-7634
-10316
-7476
-3335
-2927
-2798
-1542
-4094
-10886
-14203
-12052
-9549
-8446
-5226
1313
8545
13245
13240
9102
4313
2169
907
-2899
-7793
-8098
-3512
-341
-1711
-3892
-4295
-4293
-4008
-2747
-1024
1825
7563
14356
17864
17351
15396
13623
11029
7119
3158
2969
4084
-137
-9315
-12502
-10074
-15301
-28335
-31617
-20785
-10528
-5641
3325
17005
24231
24664
24217
20634
9619
-758
-3740
-4981
-8887
-8496
-2582
370
-1635
-2122
-2761
-9503
-17425
-17672
-13098
-10700
-7733
-1069
6410
11926
15797
15005
8679
3455
3126
2592
-2240
-6369
-4907
-804
-936
-4680
-7439
-7717
-7717
-6666
-3990
-598
4334
12154
18190
19184
17549
16698
14578
10256
4900
3433
5108
3509
-5226
-11691
-10177
-11358
-23150
-32602
-27550
-16712
-10757
-4024
9424
20481
23410
24341
24631
17233
5098
-1217
-2571
-6380
-8913
-4560
40
-922
-2191
-1252
-5474
-15084
-20065
-17797
-15796
-14972
-9102
1370
10052
15008
18154
17751
13268
8259
4902
-106
-6435
-9131
-6857
-5557
-6770
-6985
-5309
-4904
-4559
-2482
389
2834
7302
12482
15373
15175
14597
13853
11935
8896
6513
7812
8123
1608
-8322
-9913
-8737
-17382
-30588
-30710
-20110
-13158
-8786
2721
16103
20860
21417
23221
20269
9698
1248
-743
-3151
-7233
-5861
-797
-115
-2322
-1574
-2174
-9408
-16928
-17162
-14770
-14723
-12458
-4007
5163
10368
13609
15834
14176
9533
5627
2112
-2909
-6439
-6008
-4740
-5560
-5720
-4149
-3562
-4693
-4294
-1955
629
3745
8028
11356
12297
12436
12765
11612
8509
5768
6429
9361
8298
445
-7106
-7258
-8698
-20355
-31822
-28674
-18264
-12470
-6505
6963
18756
21401
21228
21926
16778
5621
-1776
-2927
-4633
-6381
-2638
2292
1848
-205
651
-2055
-11434
-18700
-17202
-14082
-14175
-11432
-1682
7847
11449
13007
14441
12296
6992
3281
351
-3471
-5694
-4725
-4128
-5047
-5120
-4263
-4631
-5841
-5055
-1732
2258
5647
9193
12082
13043
12446
11398
9054
5758
3967
5591
9591
9417
2220
-5053
-4659
-6592
-19479
-31869
-28621
-18460
-13322
-7748
6011
18039
20550
20255
21141
15693
3889
-3120
-3174
-4475
-6080
-1591
4187
3858
1659
2041
-1528
-11745
-18831
-17299
-14952
-15463
-11502
-808
7762
10498
12566
14236
10815
4586
1329
-521
-3828
-6169
-5270
-3991
-3921
-3705
-3295
-4225
-5391
-4213
-786
2751
5371
8577
12001
13424
12044
10187
8654
6461
3865
4330
9088
10736
4043
-3960
-3761
-4372
-16205
-29369
-28230
-19466
-14889
-9986
2907
15177
18782
19509
20898
16331
5499
-1624
-2710
-4735
-6748
-2598
3438
3985
2345
2861
223
-8751
-16113
-16351
-15361
-16308
-13104
-3366
5426
9463
12584
14929
12085
6403
3032
130
-5134
-9083
-8432
-6188
-5530
-4900
-3126
-1862
-2000
-1365
1161
3574
5113
7802
11394
12297
11186
10424
9922
6935
4016
3764
6788
8722
5009
-2635
-6029
-5328
-11445
-23641
-28103
-20583
-13721
-10269
-1711
11722
18182
17736
17966
17383
9497
53
-2915
-3388
-6182
-5434
442
3302
969
137
615
-4182
-12019
-14709
-12839
-12115
-11232
-5634
2460
7561
9426
10554
9776
6221
2791
766
-2689
-6868
-7280
-4629
-4059
-5307
-4555
-2552
-2007
-1811
-159
2249
4733
7953
11036
12356
11355
10393
9561
7665
4222
2844
4173
7357
9357
5866
-2327
-6882
-6630
-13500
-26917
-31627
-22767
-14852
-10600
-549
14518
21256
20339
20432
19627
10495
-348
-3827
-4269
-7115
-5895
914
4258
1977
1583
2071
-3765
-12893
-16443
-15387
-14849
-12465
-5507
1838
6439
10209
12494
10243
5621
2675
542
-3116
-6188
-5491
-2684
-1934
-3278
-3315
-2034
-2329
-3516
-2605
264
3206
6913
10781
13236
13144
11997
10137
8019
5408
3280
2688
4904
8389
6782
-875
-6957
-7069
-12488
-25471
-32395
-25375
-17184
-12624
-2890
13238
22316
22478
22614
22299
13906
1914
-3811
-5305
-8165
-7579
-958
3704
2873
2579
3140
-2129
-11951
-17565
-17677
-16843
-14660
-8214
304
6877
11614
15004
14319
9011
3404
315
-2690
-6550
-7706
-5070
-2898
-2760
-2030
-594
-1252
-2679
-1788
647
2412
4989
9076
12078
11983
10536
9655
8122
5126
2391
2263
3822
7207
8319
3337
-5053
-7865
-9956
-20189
-31437
-29655
-19499
-12759
-5568
8911
22101
24729
23268
22843
17169
4453
-4721
-6609
-7885
-9088
-4240
2705
4382
3254
3489
367
-8928
-16849
-18047
-16818
-15746
-10731
-1515
6697
11640
15163
15638
10773
4298
997
-1684
-6521
-9206
-6242
-2076
-1321
-1519
-479
26
-1108
-1477
-663
628
2447
5952
8980
9970
9280
8801
7704
5306
2679
1871
2513
3621
6331
6984
1520
-6686
-9271
-12149
-21819
-30069
-24964
-14657
-8080
321
15056
24629
23543
20653
19531
12228
-542
-7635
-7607
-8169
-8148
-2145
4400
4693
2810
2442
-1670
-10986
-17460
-17513
-15795
-13553
-7194
1942
8971
13301
16186
15430
9850
3618
-147
-3919
-8642
-9953
-6575
-3581
-3033
-1568
1198
1731
415
379
1186
1374
2396
4969
7091
7566
7599
7814
6944
4823
2950
2466
2298
2967
4949
4284
-2279
-8548
-9055
-11381
-20350
-25404
-18616
-9410
-4286
3403
15591
21496
19286
17509
16402
8493
-2523
-6959
-6513
-7865
-7399
-1432
3431
2854
1691
1509
-2862
-10824
-14986
-14098
-12576
-10095
-3494
5037
10794
13697
15325
13886
7624
465
-3841
-6887
-10509
-11103
-7354
-3023
-384
2256
4203
3725
2203
1327
145
-1032
-373
1844
4330
6242
7393
7735
7440
6179
3664
1094
-178
244
1897
2357
-1332
-5963
-6061
-5537
-11951
-19368
-17202
-9243
-5140
-1214
8172
16149
16554
15571
15690
10652
364
-5926
-6541
-8015
-9501
-5416
635
2287
2051
3467
2115
-4748
-10614
-11214
-10516
-10028
-5934
1789
8173
11681
14068
14102
9461
2224
-3523
-7739
-11746
-13425
-10211
-4561
-4
3331
6427
7640
6137
3285
626
-1556
-2672
-2242
0
3073
5451
6641
7262
6736
4341
1326
-401
-1044
-597
2043
3666
815
-2533
-1330
-2488
-11247
-18145
-14596
-8886
-7435
-2794
8153
15209
14396
13206
12813
6892
-2855
-7908
-8385
-9387
-8511
-1991
4591
6027
5941
6913
3976
-4117
-10512
-11775
-11536
-10422
-5261
2626
8355
11349
13292
11879
5176
-2765
-7433
-10343
-13002
-12171
-6232
546
4937
8062
10025
8506
4307
520
-2330
-5078
-5945
-3687
-36
2840
5166
6841
6794
4687
2189
590
-53
258
2371
6514
8469
5445
1128
-69
-3864
-13488
-20777
-18478
-13338
-10253
-3932
7063
13789
13501
12645
11983
5977
-3287
-7446
-6420
-5713
-3998
2350
8492
9390
7968
6894
2268
-6487
-12789
-13586
-12692
-10952
-5380
2531
7744
9742
10666
9012
2760
-4356
-7887
-8876
-9840
-8533
-2854
3889
7550
8783
8803
6509
2262
-1514
-4445
-7005
-7639
-5006
-829
2634
4611
5793
6340
6049
4709
3263
2570
2902
4527
7660
9024
5261
-588
-3230
-5903
-13807
-21038
-20042
-14761
-11304
-5417
4787
11765
11705
11308
12220
8842
1196
-2813
-1838
-914
-211
3645
7484
7161
5130
4140
607
-7017
-12903
-13207
-11295
-9741
-6111
91
5018
7167
8446
8080
3672
-2090
-4740
-5096
-6084
-5986
-2498
2185
4944
6045
5926
3597
-221
-2970
-4211
-5564
-6573
-4905
-1024
2486
4570
6029
6713
6407
5680
5102
4231
3702
4300
6270
7643
5465
-379
-5081
-6935
-11464
-19386
-22701
-17962
-12144
-7622
-65
9550
13772
13464
14100
14142
8717
1970
187
846
-439
-220
3606
5589
3352
1542
952
-3210
-9806
-12432
-11117
-10360
-9068
-4086
1873
4747
6070
7601
6954
2892
-1019
-2511
-3464
-4697
-3646
-182
2450
2980
3102
2657
616
-1878
-3585
-5101
-5799
-4197
-1124
1515
3440
5210
6533
7120
6632
5506
4339
3802
3873
4231
4871
4836
1862
-3602
-7033
-8741
-13550
-19795
-19716
-13766
-8882
-4528
3887
12378
14778
14381
15404
14224
7535
1346
103
-243
-2262
-1552
1898
2951
1356
1079
321
-4508
-9891
-10973
-10064
-10391
-9339
-4500
1283
5127
7645
8944
7822
5045
2362
-508
-3943
-6196
-5627
-3401
-1255
404
1844
2613
2262
1129
-315
-1920
-3513
-4105
-3124
-945
1126
2956
5060
7096
7805
7075
5967
4508
3069
2223
2527
2229
-401
-4533
-6085
-6092
-9939
-16300
-17297
-12157
-7917
-4736
2239
10696
14116
14721
16129
15154
8512
1984
-7
-1244
-4260
-4094
-262
1700
878
1358
1701
-2461
-8479
-10802
-10747
-11623
-10854
-5649
884
5469
9130
11776
10950
7142
3552
-19
-5029
-8936
-8519
-5378
-2854
-773
1951
4039
3854
2201
167
-2332
-4876
-5701
-4113
-1574
693
3186
6157
8049
7918
6544
4948
3133
1664
1341
1802
2636
2686
443
-3132
-4795
-7022
-12922
-17905
-15513
-9732
-6106
-1201
8184
15450
16135
15269
15052
11037
3192
-1768
-3102
-4900
-5753
-1886
2244
2261
1376
2413
717
-5382
-10515
-11591
-11688
-11122
-7170
-747
4364
8040
11711
12983
9616
4403
569
-3221
-7897
-10176
-8048
-4822
-2992
-767
2542
4193
3159
1298
-625
-2830
-4169
-3629
-2222
-916
875
3673
6146
6795
5932
4956
4270
3428
2470
2185
2646
3680
3743
928
-3568
-5951
-7817
-12665
-16867
-14635
-8824
-4549
691
9184
15333
15494
14147
13053
8450
709
-3969
-4569
-5238
-5380
-1623
2796
3636
2976
3050
520
-5848
-10973
-11915
-11393
-10394
-6488
65
5988
10158
13154
13662
9985
3906
-1349
-5089
-8791
-11767
-11216
-7158
-2944
148
3088
4719
3994
2542
1219
-1193
-3694
-4041
-2553
-790
1162
3268
4987
5879
5945
5376
4489
3351
2453
2408
2806
3308
3803
2209
-2580
-6609
-7364
-9545
-14449
-15331
-9648
-4027
-400
5671
12635
13784
10951
9977
8621
2599
-3473
-4119
-2875
-3083
-1025
3690
4990
2389
1089
548
-4031
-10249
-12213
-10464
-8497
-5187
553
5824
8682
10650
11441
8653
2741
-2705
-5759
-7724
-9611
-9470
-6229
-2410
255
2906
4823
3887
1728
887
-43
-2199
-3327
-2153
-197
1491
2903
4118
4943
4999
4415
3722
2923
1979
1651
2126
2526
2732
2583
24
-4704
-7120
-7013
-9725
-14244
-13166
-6576
-1826
894
6213
11447
11538
9807
9685
7395
1212
-2782
-1759
-882
-2060
-982
2107
2389
342
-198
-857
-4797
-8558
-8043
-5893
-5045
-3119
1196
4771
6066
6969
7223
4984
1191
-1721
-3812
-5617
-6645
-6373
-5072
-3045
-923
655
1616
1947
2040
2110
1895
1232
1093
1437
1636
1669
1785
1508
1282
1492
1410
1112
1705
2761
2850
2637
2671
2888
2138
-533
-4810
-7157
-7210
-8740
-11560
-10395
-5115
-1175
1478
6368
11191
10887
8311
7569
6271
1519
-2293
-2245
-1677
-2580
-1224
2179
3200
1495
743
347
-2762
-6800
-7899
-6833
-6252
-5082
-1638
2284
4442
5659
6611
5837
2973
-95
-2346
-4314
-6007
-6440
-5102
-2945
-1221
568
2892
4220
3869
3425
3159
1665
-178
-672
-677
-1251
-1333
-381
545
926
1034
1290
1695
2057
2188
2318
2411
2582
3110
2679
-386
-3678
-4311
-5348
-9135
-10957
-7500
-3612
-1905
1923
8165
10494
8553
7817
7848
4118
-1167
-2661
-2213
-3241
-2807
1076
3677
2628
1722
2176
-309
-5493
-8232
-7731
-7679
-7570
-4364
698
3954
5734
7465
7494
4655
1464
-454
-2730
-5463
-5950
-4037
-2542
-1599
479
2709
2989
2226
2061
1871
571
-758
-1024
-922
-1229
-1471
-1145
-1077
-1291
-747
356
912
1682
3500
5370
5888
5657
5957
5592
1883
-3656
-6348
-7041
-10131
-13169
-10696
-5378
-2226
1334
7636
11428
9635
7406
7164
4630
-905
-3788
-2694
-1956
-1722
1284
4773
4554
2587
2055
497
-4315
-8555
-9046
-8248
-7841
-5500
-768
3176
5201
7017
8247
6837
3724
1241
-1046
-3909
-5353
-4580
-3958
-3988
-2524
73
1135
881
1113
1612
1155
160
-548
-945
-1572
-1976
-1783
-1295
-1037
-202
1301
2736
3723
5219
6502
6629
5752
4927
4181
2005
-2565
-6791
-7498
-7607
-9951
-11005
-7146
-2333
374
3426
7698
8839
6736
5613
5572
2727
-1473
-2211
-149
551
879
3312
5031
3537
1404
510
-2011
-6663
-9465
-8565
-7089
-6121
-3499
898
4203
5782
6931
7013
4622
1452
-348
-1861
-4156
-5302
-4179
-2828
-2298
-1431
0
369
-214
-194
283
-257
-1271
-1262
-449
-227
-626
-640
-305
31
796
1852
2635
3295
4577
6043
6458
5595
4388
3425
1412
-2666
-6743
-7814
-8234
-10372
-11075
-6992
-2206
3
2635
7327
9268
7188
5829
6120
3981
49
-689
1003
1027
735
3089
4785
2812
242
-396
-2308
-6591
-9240
-8458
-7284
-6355
-3281
1366
4287
5514
6994
7619
5485
2227
67
-1699
-3817
-4840
-4239
-3652
-3712
-3021
-1464
-684
-1235
-1472
-688
17
-56
78
735
1015
654
578
918
828
585
1161
2546
3757
4630
5133
4956
3945
2741
1788
116
-3390
-6917
-7301
-6355
-7635
-8868
-5907
-1398
599
2424
6422
8607
6914
5800
6583
5201
1227
-323
1043
1106
-131
949
2625
1363
-1057
-1429
-2211
-5700
-8409
-7393
-5606
-5063
-3162
978
4219
5457
6568
7173
5426
2335
-44
-2127
-4487
-5943
-5918
-5195
-4321
-3059
-1377
-32
284
242
660
998
587
330
834
1197
1110
1259
1553
1472
1234
1281
1494
1502
1622
1844
2306
2780
2864
3079
2651
-98
-3312
-4115
-4748
-7882
-9875
-7353
-3563
-1191
1989
6888
9440
8312
7374
7361
4371
-866
-2902
-1773
-1565
-1582
1062
3674
3380
2147
1890
-130
-4683
-8028
-7978
-7032
-6236
-3593
890
4224
5766
6935
6997
4254
352
-2362
-4553
-6808
-7407
-5939
-4172
-2472
-320
1647
2244
1812
1285
962
297
-505
-550
428
1092
993
935
1016
427
-343
-580
-409
-10
1174
3032
4471
5162
5498
5753
4693
1320
-2948
-4880
-5783
-8431
-10566
-8167
-3723
-1231
1106
5471
8210
6884
5245
4991
3219
-394
-1546
141
1038
968
3053
5408
4549
1729
243
-1369
-4919
-7873
-7723
-6496
-5704
-3618
138
2746
3243
3466
3560
1919
-839
-2574
-3249
-3814
-3787
-2537
-1073
-78
640
1351
1548
942
140
-67
-22
-241
-288
172
245
-466
-950
-864
-952
-1119
-616
753
2484
4183
5670
6562
6444
5741
5115
3416
-664
-4843
-6181
-6979
-9595
-10906
-8077
-4487
-2446
647
5273
7339
6404
6257
6871
5078
1878
1071
1854
1530
1271
2924
3973
2546
648
-115
-1885
-5338
-7832
-7912
-7471
-7047
-5089
-1716
864
2238
3595
4485
3667
1743
282
-777
-1914
-2484
-1988
-1299
-792
57
1048
1334
834
176
-350
-790
-1194
-1368
-1352
-1268
-1093
-514
346
856
1087
1600
2576
3570
4347
4642
4636
4458
4375
4062
2250
-1479
-4726
-5921
-7651
-10741
-11667
-8662
-5128
-2115
2395
7471
9418
9138
9350
8867
5351
1178
-355
-376
-925
-608
1473
2817
2249
1342
485
-2205
-6168
-8667
-8986
-8795
-7913
-5063
-933
2363
4575
6242
6574
4841
2370
479
-1263
-3072
-3717
-2894
-1804
-787
472
1356
1235
508
-112
-664
-1317
-1994
-2084
-1462
-682
-251
407
1189
1442
1321
1585
2189
2843
3486
4041
4383
4514
4715
3745
423
-3607
-5458
-6829
-9960
-12037
-9650
-5503
-2325
1915
7455
10145
9418
8949
8600
5299
379
-1780
-1647
-1985
-1736
908
3258
3090
2083
1648
-404
-4564
-7794
-8429
-8359
-8031
-5748
-1627
1801
4071
6121
7064
5514
2851
901
-762
-2856
-4280
-3781
-2169
-926
-72
1158
1821
1227
364
-31
-1014
-2340
-2610
-1749
-1157
-867
-173
847
1370
1439
1558
2012
2464
2988
3664
4257
4346
4424
4201
2039
-1841
-4317
-5504
-8299
-11142
-10058
-6250
-3493
-336
4973
8923
8774
7964
7931
5713
859
-2016
-1871
-1896
-2349
-247
2947
3828
2970
2660
1424
-2328
-6069
-7328
-7496
-7818
-6537
-2875
1015
3473
5377
6753
6149
3602
1236
-463
-2476
-4207
-4089
-2800
-1667
-531
766
1377
1064
528
32
-824
-1995
-2508
-1965
-1060
-709
-245
819
1604
1524
1563
1939
2167
2471
3305
4140
4316
4604
4683
2617
-1282
-3631
-5038
-8222
-11177
-9952
-6684
-4445
-1195
4351
7931
7574
6897
7044
4956
527
-2068
-1941
-1851
-1797
671
3840
4681
3960
3871
2740
-1059
-5169
-6933
-7453
-7830
-6684
-3314
270
2836
5065
6687
6093
3463
880
-944
-3034
-5080
-5144
-3425
-1712
-324
1580
2873
2520
1514
846
-435
-2405
-3518
-3036
-2005
-1160
-51
1327
2210
2255
2225
2240
2026
1749
2321
3297
4176
4797
4328
1995
-643
-2433
-5461
-9462
-10886
-8870
-6919
-4796
-102
5153
6826
6670
7190
6410
2562
-839
-1521
-1645
-2075
-293
3276
5184
5207
5461
5114
1821
-2819
-5801
-7110
-8198
-8093
-5742
-2319
553
3203
5471
5821
3815
1401
-440
-2554
-4640
-4879
-3567
-2159
-465
1803
3206
2964
1995
1106
-73
-1629
-2979
-3323
-2645
-1623
-459
974
1834
1732
1838
2432
2502
2124
2566
3731
4723
5332
4766
2312
-460
-2341
-5204
-9063
-10631
-8890
-6880
-4811
-650
3984
5726
5750
6186
5534
2391
-477
-875
-688
-826
713
3954
5852
5743
5421
4791
1875
-2408
-5460
-7017
-8317
-8542
-6514
-3261
-509
1841
3927
4646
3508
1873
156
-2212
-4322
-4474
-3230
-1795
-51
2195
3890
4311
3756
2449
289
-2193
-3961
-4483
-4314
-3765
-2215
234
2320
3485
4096
4244
3789
3106
2712
2750
2856
2203
766
-172
-674
-2809
-6079
-7650
-6980
-6340
-5361
-2339
1362
3152
4307
6044
6354
3761
1143
573
115
-1202
-918
1346
3080
3736
4730
5157
3049
-258
-2396
-4009
-6378
-7967
-6989
-4488
-2112
380
3101
4587
4190
3162
1850
-637
-3641
-4976
-4435
-3454
-2166
324
3070
4528
4620
4095
2481
-330
-2954
-4214
-4618
-4598
-3455
-1039
1617
3593
4871
5503
5023
3719
2526
1984
1250
-311
-1837
-1762
-1486
-3054
-5156
-5350
-4500
-4407
-3650
-950
1663
2593
3762
5558
5793
3640
1713
880
-287
-1847
-1662
-335
349
735
2221
3323
2239
128
-1050
-2076
-3886
-5149
-4552
-2988
-1469
451
2638
3860
3721
2916
1470
-736
-2935
-4136
-4234
-3523
-2218
-330
1818
3433
3986
3573
2263
187
-1883
-3124
-3566
-3476
-2606
-742
1578
3414
4466
4973
4840
3692
2423
1496
-145
-2637
-3659
-3154
-3759
-5282
-4917
-3020
-2264
-1860
263
2652
3037
3156
4457
5036
3479
2078
1935
1151
-825
-1609
-932
-830
-1481
-1118
-214
-566
-1573
-1556
-1277
-1964
-2527
-1693
-384
365
1227
2564
3170
2501
1714
1196
-150
-2104
-3006
-2696
-2328
-1919
-753
676
1409
1470
1259
605
-474
-1399
-1617
-1419
-1211
-617
895
2562
3339
3356
3405
3310
2759
2215
1468
-464
-2496
-2883
-3075
-4936
-6573
-5743
-4031
-2920
-1038
1870
3554
3941
4916
6054
5256
3029
1731
1471
805
-111
-255
-131
-567
-979
-829
-1322
-2996
-4301
-4221
-3905
-3953
-3337
-1551
419
2163
3805
4792
4412
3254
2111
835
-991
-2660
-3079
-2303
-1211
-91
991
1595
1486
961
106
-1252
-2782
-3626
-3264
-2069
-653
908
2742
4302
5035
5072
4576
3393
2077
828
-903
-2743
-3425
-3751
-4878
-5617
-4736
-3676
-3323
-2095
332
1942
2453
3476
4659
4443
3377
3094
2942
1902
1018
1292
1545
972
366
103
-781
-2406
-3744
-4444
-5123
-5608
-5072
-3565
-1895
-303
1438
2898
3396
3156
2799
2096
821
-273
-519
-237
119
735
1481
1823
1512
987
302
-766
-2136
-2972
-2985
-2433
-1673
-436
1090
2508
3445
4190
4606
4554
3945
2449
310
-1267
-2334
-4384
-6577
-6842
-5498
-4624
-3441
-873
1519
2144
2676
3736
3620
1855
802
924
761
401
1248
2562
2942
2808
2970
2509
635
-1583
-3085
-4187
-5264
-5576
-4740
-3344
-2021
-593
672
1112
758
308
-231
-931
-1258
-667
482
1609
2672
3655
4141
3761
2741
1428
40
-1229
-1894
-1905
-1523
-882
111
1185
1793
1825
1780
1815
1804
1455
535
-360
-480
-675
-1959
-3329
-3492
-3149
-3174
-2556
-983
150
585
1476
2548
2381
1228
602
448
-179
-703
-252
490
744
1153
1983
2166
1171
39
-560
-1171
-2076
-2518
-2089
-1437
-1033
-427
236
-1
-974
-1563
-1899
-2684
-3269
-2742
-1566
-464
837
2381
3360
3474
3304
3059
2302
1174
516
585
760
1025
1698
2496
2655
2326
2080
1937
1388
-214
-2126
-3013
-3180
-4238
-5359
-4930
-3442
-2482
-1151
1195
2949
3098
3156
3534
2821
780
-843
-1411
-1856
-2203
-1557
-332
404
883
1649
1860
590
-1170
-2086
-2434
-2867
-2754
-1567
-161
1094
2655
3870
3497
2039
750
-446
-2110
-3629
-4082
-3724
-3060
-1908
-329
841
1236
1515
1953
1857
1185
830
1221
1702
2093
2706
3418
3521
3389
3590
3776
2724
659
-818
-1375
-2730
-5065
-6323
-5926
-5221
-4443
-2421
29
1488
2527
3970
4512
3252
1470
452
-394
-1544
-2187
-1830
-1202
-582
426
1447
1341
267
-611
-1091
-2040
-3307
-3904
-3462
-2266
-590
981
2136
3026
3744
3835
2917
1235
-433
-1711
-2536
-2945
-2859
-2320
-1380
-72
1262
2001
2223
2302
2162
1731
1212
759
373
306
788
1651
2544
2970
2517
1630
1004
-77
-2194
-4116
-4594
-4156
-3405
-1820
456
2163
3056
3733
3821
2557
493
-1271
-2462
-3339
-3634
-3093
-2073
-978
166
1199
1493
830
-101
-784
-1407
-2278
-2776
-2237
-933
155
933
1814
2408
2184
1487
650
-508
-1526
-1864
-1666
-1485
-1211
-603
271
1038
1437
1669
2032
2418
2576
2680
2706
2409
1931
1574
1144
595
354
2
-861
-1658
-1802
-2380
-3679
-4365
-3827
-3176
-2383
-559
1699
3219
4356
5522
5764
4607
2973
1415
-404
-2302
-3502
-3869
-3805
-3450
-2727
-1955
-1613
-1703
-1847
-2056
-2471
-2628
-1927
-666
498
1748
3277
4403
4472
3857
2784
1100
-758
-2016
-2700
-3219
-3312
-2563
-1428
-552
87
786
1418
1819
2080
2472
2787
2943
3253
3830
4036
3704
3395
2683
914
-1055
-2330
-3969
-6125
-7096
-6263
-5148
-3938
-1657
936
2463
3456
4483
4604
3388
2090
1465
847
-103
-583
-308
137
349
441
250
-595
-1959
-3224
-4185
-5097
-5646
-5017
-3442
-1730
55
2101
3608
4068
3834
3185
1965
479
-572
-1052
-1261
-1129
-453
438
937
1034
1088
982
369
-326
-643
-707
-597
174
1467
2741
3933
4779
4468
3229
1935
235
-2331
-4732
-5609
-5352
-4532
-2882
-510
1501
2787
3579
3601
2406
482
-1082
-2031
-2725
-2961
-2199
-723
687
1726
2327
2106
1087
-171
-1428
-2621
-3322
-3108
-2163
-813
630
1922
2622
2401
1423
231
-1040
-2378
-3322
-3296
-2463
-1233
330
1901
2898
3248
3274
2888
1874
662
-204
-662
-778
-358
546
1632
2614
3005
2495
1422
179
-1596
-3599
-4768
-4742
-3963
-2487
-111
2394
4100
4975
5138
4251
2393
149
-1858
-3363
-4137
-3996
-2993
-1607
-397
513
1087
810
-443
-1864
-2780
-3371
-3571
-2687
-801
1132
2807
4283
5108
4660
3261
1486
-386
-2182
-3335
-3649
-3203
-2222
-774
794
2027
2555
2502
2175
1579
620
-251
-379
-109
366
1233
2300
2406
1680
1022
339
-1408
-3434
-4305
-4070
-3488
-2246
-143
1895
3248
4170
4567
3828
2101
391
-814
-1786
-2598
-2721
-2166
-1466
-874
-397
-472
-1229
-2001
-2274
-2308
-2451
-2156
-1003
549
1767
2506
2789
2564
1860
899
-71
-992
-1616
-1603
-933
-91
557
1086
1612
1776
1326
663
151
-314
-665
-384
468
1387
2202
3197
3932
3480
2028
507
-1181
-3424
-5289
-5869
-5408
-4416
-2396
352
2612
3954
4983
5259
4204
2355
812
-419
-1573
-2350
-2292
-1741
-1217
-869
-708
-1004
-1859
-2672
-3057
-3216
-3231
-2527
-1123
394
1659
2746
3329
3162
2453
1633
697
-239
-904
-1009
-702
-252
234
766
1113
1077
816
446
14
-405
-427
-55
475
950
1667
2372
2308
1487
724
18
-1309
-2551
-2817
-2334
-1806
-771
835
2051
2482
2662
2525
1565
114
-1049
-1767
-2298
-2496
-2073
-1243
-498
99
621
638
-36
-797
-1157
-1618
-2280
-2491
-1971
-1294
-655
37
579
758
950
1308
1344
913
608
732
920
945
1059
1267
1284
1122
1073
937
415
-153
-315
-178
-65
295
903
1191
751
331
9
-935
-2371
-3138
-3022
-2626
-1881
-357
1336
2487
3260
3815
3611
2552
1266
193
-791
-1613
-1940
-1642
-1136
-690
-311
-125
-492
-1275
-1932
-2405
-2881
-2971
-2273
-1141
-88
878
1710
2082
1803
1153
376
-304
-744
-736
-252
507
1330
2162
2727
2613
1905
1111
320
-600
-1308
-1304
-722
159
1209
2047
2050
1424
606
-613
-2357
-3843
-4408
-4024
-2965
-1198
844
2495
3592
4119
3824
2559
726
-1029
-2311
-3034
-3120
-2556
-1501
-216
1004
1853
1950
1459
730
-217
-1274
-1950
-1958
-1595
-933
18
1021
1533
1448
965
193
-881
-1870
-2324
-2157
-1534
-381
1200
2631
3564
4068
4104
3454
2309
1151
158
-609
-1058
-1170
-1072
-867
-764
-999
-1435
-1825
-2114
-2337
-2155
-1378
-249
867
1895
2620
2786
2408
1645
564
-832
-2124
-2911
-3098
-2915
-2393
-1597
-745
-9
599
922
828
436
35
-174
-212
-99
184
632
1136
1615
1887
1838
1490
1003
534
64
-359
-613
-611
-367
2
366
635
875
959
1006
1036
1055
697
106
-287
-430
-680
-1166
-1384
-1301
-937
-482
110
488
645
710
714
419
-274
-1066
-1639
-1936
-2097
-2067
-1757
-1127
-414
207
539
588
437
120
-423
-1076
-1497
-1519
-1173
-600
166
980
1751
2247
2359
2038
1527
959
524
296
300
513
973
1562
1887
1929
1731
1316
566
-169
-622
-943
-1382
-1483
-1014
-543
-454
-321
-105
-119
-291
-196
-47
-133
-150
177
434
302
25
-236
-649
-1296
-1925
-2341
-2568
-2616
-2293
-1689
-1084
-557
83
620
713
515
474
511
401
310
483
887
1270
1581
1801
1747
1413
1039
762
367
-81
-230
71
467
783
1188
1567
1757
1658
1438
790
-113
-902
-1355
-1844
-2273
-2182
-1548
-793
-39
785
1460
1723
1708
1428
826
33
-605
-975
-1186
-1322
-1334
-1167
-1007
-940
-1078
-1418
-1933
-2318
-2459
-2496
-2548
-2321
-1682
-849
-4
813
1499
1973
2312
2534
2406
1945
1596
1556
1620
1589
1669
1964
2346
2501
2409
1987
1394
683
-21
-761
-1637
-2486
-2919
-2745
-2416
-2018
-1399
-427
520
1239
1695
1807
1477
874
273
-329
-892
-1246
-1174
-919
-656
-449
-263
-311
-635
-1065
-1475
-1865
-2109
-1988
-1559
-1075
-508
154
681
759
587
286
-140
-708
-1041
-1073
-843
-456
262
1132
1884
2383
2811
3125
3233
3158
3053
2921
2739
2551
2151
1495
602
-329
-1321
-2128
-2680
-2800
-2575
-1922
-1013
-38
695
1033
913
427
-347
-1268
-2120
-2736
-2996
-2780
-2135
-1312
-536
135
624
827
648
227
-204
-534
-679
-529
-181
109
370
577
596
268
-176
-599
-923
-1072
-894
-489
57
665
1318
1817
2047
2052
1921
1728
1459
1292
1102
872
573
501
344
66
-143
-50
140
405
883
1403
1679
1654
1537
1126
336
-755
-1712
-2496
-3105
-3430
-3367
-3072
-2650
-2005
-1350
-909
-721
-577
-531
-547
-583
-554
-433
-138
282
678
947
1088
1167
1195
1154
1016
783
575
516
483
412
358
447
508
503
424
381
229
-67
-354
-481
-534
-564
-342
203
889
1570
2227
2682
2809
2559
2045
1226
248
-730
-1465
-1974
-2194
-2152
-1822
-1370
-913
-567
-434
-395
-493
-684
-942
-1013
-1039
-1021
-945
-759
-650
-634
-678
-774
-951
-1032
-915
-660
-300
207
878
1498
1988
2343
2581
2542
2313
1984
1576
1001
409
-95
-580
-1056
-1371
-1490
-1508
-1339
-908
-333
208
790
1364
1795
1932
1862
1640
1256
723
144
-371
-809
-1115
-1264
-1294
-1323
-1311
-1245
-1131
-1115
-1134
-1096
-927
-709
-473
-228
-11
145
212
219
107
-65
-179
-77
119
353
592
839
966
922
744
519
230
-21
-117
-138
-157
-85
62
245
317
364
372
473
588
763
865
895
845
762
589
252
-177
-599
-972
-1315
-1471
-1469
-1360
-1145
-689
-158
232
424
520
506
325
70
-155
-374
-584
-634
-489
-300
-281
-351
-383
-387
-432
-437
-388
-264
-4
410
868
1185
1366
1482
1530
1403
1088
639
173
-230
-504
-649
-663
-516
-236
80
371
584
623
413
117
-139
-329
-580
-667
-565
-357
-223
-74
21
-21
-194
-380
-536
-717
-778
-664
-471
-383
-291
-144
13
22
-19
-21
40
88
186
324
476
545
671
846
918
844
749
732
633
455
177
-90
-402
-680
-961
-1127
-1185
-1099
-794
-222
388
837
1204
1447
1479
1187
720
100
-494
-897
-1014
-1020
-887
-524
10
354
413
321
115
-241
-657
-965
-1181
-1192
-951
-546
-192
131
394
582
672
688
620
577
562
509
457
479
454
283
114
-40
-179
-296
-336
-392
-393
-230
37
195
221
230
281
300
238
155
101
67
80
153
178
80
-116
-297
-499
-746
-995
-1113
-1056
-850
-574
-216
158
475
712
840
786
572
265
4
-223
-406
-507
-432
-223
28
324
594
809
843
776
603
406
143
-48
-118
-53
110
293
465
530
556
447
219
-179
-550
-846
-992
-1022
-941
-791
-584
-306
-54
56
-14
-92
-110
-134
-145
-49
107
243
428
628
641
425
172
-69
-429
-778
-941
-957
-926
-680
-291
13
200
445
663
693
620
562
475
389
445
561
585
558
614
637
514
314
116
-84
-239
-249
-139
-28
147
391
558
519
339
111
-202
-627
-1063
-1379
-1530
-1543
-1415
-1199
-900
-550
-234
-34
104
217
308
326
340
397
471
579
690
736
615
484
373
268
41
-134
-219
-188
-99
19
101
169
292
356
348
249
223
176
167
194
238
198
194
228
238
135
13
-85
-161
-199
-254
-324
-333
-293
-271
-333
-473
-666
-808
-961
-1070
-1142
-1052
-833
-519
-182
109
355
554
693
645
462
289
260
269
287
305
360
457
631
707
611
413
287
228
227
221
226
308
509
758
913
891
747
579
399
133
-226
-550
-717
-779
-749
-636
-507
-402
-252
-54
11
-140
-352
-443
-517
-639
-703
-682
-678
-664
-533
-404
-473
-603
-597
-566
-618
-654
-653
-632
-524
-254
58
293
524
885
1257
1450
1458
1434
1370
1186
937
738
561
408
356
368
375
389
395
308
146
-24
-142
-283
-368
-381
-293
-136
78
245
369
429
377
185
-100
-421
-788
-1115
-1368
-1493
-1492
-1325
-1043
-691
-364
-85
104
225
201
53
-134
-272
-363
-406
-403
-372
-288
-187
-72
-2
5
-20
-5
71
138
265
415
601
802
1037
1170
1179
1136
1078
1019
895
790
675
642
652
714
698
626
511
374
171
-104
-368
-574
-734
-874
-974
-1000
-963
-962
-997
-1029
-1040
-1041
-1005
-905
-797
-649
-403
-77
208
394
491
521
432
227
-32
-328
-591
-711
-699
-648
-520
-284
-23
158
270
358
407
459
549
682
821
973
1114
1139
1040
858
630
358
127
-23
-68
13
222
481
683
766
780
691
477
151
-148
-357
-485
-509
-421
-281
-194
-178
-230
-404
-733
-1139
-1484
-1701
-1767
-1626
-1295
-833
-342
149
530
724
676
511
279
-12
-289
-388
-307
-168
27
271
460
504
467
400
283
95
-9
64
260
445
638
872
1089
1168
1149
1060
867
608
354
119
-121
-339
-468
-493
-495
-500
-498
-442
-393
-394
-413
-401
-403
-391
-332
-232
-159
-83
-14
26
17
1
-68
-179
-294
-372
-431
-481
-496
-507
-488
-426
-279
-173
-99
-37
105
230
316
371
421
442
472
496
487
422
350
343
379
448
476
518
565
607
562
453
325
174
-4
-145
-182
-167
-134
-100
-84
-155
-289
-432
-612
-809
-938
-948
-884
-769
-574
-339
-151
-25
78
148
133
110
133
216
260
303
363
410
358
262
114
-96
-353
-539
-613
-643
-576
-366
-32
271
578
860
1081
1122
1066
937
738
510
329
170
31
-45
-92
-134
-247
-354
-425
-440
-461
-451
-365
-187
21
197
299
276
178
18
-207
-496
-765
-926
-965
-881
-697
-487
-278
-31
211
331
370
379
372
353
367
374
351
294
235
153
21
-115
-255
-376
-428
-367
-243
-109
63
304
522
642
683
718
704
642
570
489
368
258
232
186
53
-106
-204
-288
-350
-364
-321
-281
-232
-171
-156
-242
-322
-398
-538
-701
-763
-773
-821
-821
-737
-637
-574
-463
-318
-171
13
251
478
667
848
998
1078
1044
927
749
515
251
-5
-188
-261
-256
-202
-75
110
247
325
362
343
248
141
86
58
51
82
147
203
227
173
53
-99
-272
-446
-564
-614
-626
-555
-363
-154
-28
73
177
242
233
166
70
-48
-135
-190
-235
-307
-427
-529
-587
-650
-745
-791
-744
-599
-338
-25
278
546
836
1056
1133
1058
899
673
438
249
91
-20
-76
-25
85
188
224
211
164
85
-16
-121
-194
-225
-227
-161
-42
56
81
57
-32
-178
-362
-520
-665
-761
-760
-618
-386
-131
118
347
532
668
714
663
517
329
168
41
-100
-262
-363
-394
-394
-425
-439
-439
-433
-387
-303
-198
-78
98
336
564
711
774
811
793
682
505
338
175
-6
-126
-184
-208
-246
-244
-194
-174
-229
-264
-246
-255
-302
-284
-215
-145
-82
-1
35
13
4
-16
-89
-189
-202
-169
-124
-58
67
137
174
245
333
301
203
163
167
150
103
41
-25
-46
-61
-114
-197
-266
-285
-222
-163
-141
-93
56
218
319
380
413
379
335
294
169
-11
-156
-224
-263
-279
-276
-251
-172
-56
20
44
46
40
55
72
41
-27
-67
-73
-107
-138
-169
-197
-223
-181
-123
-87
-46
14
107
145
153
143
143
68
-13
-43
-65
-113
-117
-54
19
82
141
172
132
96
44
-31
-104
-98
-26
76
190
300
379
379
304
177
-13
-213
-361
-459
-503
-427
-275
-114
25
185
291
306
264
184
74
-33
-44
-25
-14
27
147
248
251
213
138
39
-94
-180
-261
-339
-388
-376
-347
-349
-388
-412
-378
-308
-225
-85
122
308
481
631
689
606
496
349
180
-13
-114
-161
-166
-129
-41
14
17
32
17
-34
-105
-151
-165
-127
-55
29
81
123
158
144
84
-18
-107
-145
-133
-102
-39
40
91
137
184
182
86
-40
-118
-140
-168
-161
-114
-52
8
88
134
98
-11
-102
-170
-251
-328
-359
-298
-206
-105
-49
10
49
75
71
64
31
10
36
101
133
139
149
155
123
62
24
-19
-38
-19
62
122
196
294
364
326
244
165
62
-41
-136
-193
-217
-172
-75
13
58
63
68
14
-74
-175
-230
-264
-215
-113
24
157
296
412
444
378
254
113
-74
-236
-356
-390
-390
-331
-252
-158
-117
-117
-158
-211
-260
-303
-298
-237
-126
18
149
235
271
284
235
133
58
27
44
85
159
234
320
366
351
266
148
42
-42
-113
-148
-130
-79
-4
56
77
49
15
-50
-141
-247
-319
-347
-322
-246
-144
-51
73
222
341
389
401
417
375
309
229
149
25
-83
-144
-171
-192
-209
-214
-223
-219
-224
-250
-320
-390
-406
-378
-341
-293
-211
-76
103
242
311
300
257
218
159
36
-131
-196
-120
-3
91
203
336
436
450
375
223
32
-133
-227
-259
-243
-192
-66
100
209
247
245
186
69
-12
-38
-55
-51
38
163
281
357
373
323
217
57
-139
-313
-430
-467
-454
-377
-244
-96
20
64
39
-38
-157
-288
-394
-463
-473
-403
-290
-181
-61
46
99
121
144
136
122
133
215
288
331
370
389
343
236
108
-46
-206
-310
-329
-291
-205
-72
108
275
401
471
505
453
322
168
32
-87
-181
-224
-227
-201
-134
-28
47
71
57
34
7
-61
-146
-221
-264
-262
-227
-184
-131
-84
-39
4
16
-15
-69
-91
-92
-87
-69
-25
36
110
149
165
158
135
88
39
24
22
55
127
239
324
388
436
446
402
315
190
14
-155
-266
-356
-446
-483
-442
-391
-319
-222
-139
-83
-31
33
53
60
77
72
28
-2
-20
-57
-124
-171
-187
-186
-148
-102
-58
-20
59
159
245
249
239
246
226
177
105
9
-93
-146
-170
-188
-171
-108
-16
97
216
304
331
351
349
318
239
174
116
86
61
39
-13
-96
-174
-235
-309
-406
-437
-397
-318
-236
-116
-1
75
105
100
7
-133
-258
-338
-425
-510
-524
-450
-338
-234
-114
32
179
320
454
527
569
633
705
697
618
532
426
255
49
-132
-285
-384
-431
-408
-320
-195
-52
77
176
234
270
274
250
216
178
147
108
37
-53
-141
-217
-292
-348
-352
-314
-244
-166
-89
-26
-6
-13
-42
-99
-183
-251
-265
-236
-207
-185
-124
-63
-55
-87
-121
-152
-211
-250
-249
-210
-141
-21
119
247
351
429
499
534
528
517
540
558
546
522
500
437
344
220
58
-101
-199
-235
-265
-252
-195
-112
-92
-95
-128
-186
-281
-355
-380
-369
-307
-226
-111
-54
-47
-98
-177
-308
-445
-525
-534
-450
-280
-41
206
413
541
573
490
315
85
-157
-346
-442
-426
-307
-123
79
282
438
504
483
408
298
194
128
126
178
246
317
373
386
330
220
99
-47
-185
-279
-294
-257
-188
-90
6
66
67
35
-39
-151
-284
-396
-477
-500
-462
-383
-303
-220
-146
-97
-68
-68
-78
-59
-21
42
130
228
309
366
394
405
370
281
173
96
31
-26
-13
25
50
103
210
273
256
196
143
81
-11
-93
-140
-159
-145
-84
-20
23
49
56
28
-46
-139
-221
-293
-357
-399
-387
-344
-300
-268
-215
-184
-190
-192
-201
-224
-223
-153
-63
34
131
269
398
456
453
405
314
197
93
5
-43
-71
-40
16
79
120
150
154
124
99
83
94
124
168
211
282
341
365
347
297
197
71
-61
-190
-304
-372
-373
-312
-210
-93
13
62
49
-19
-129
-292
-451
-552
-602
-589
-501
-370
-250
-133
-48
-18
-53
-101
-142
-165
-132
-66
19
125
269
401
490
510
490
456
423
368
297
249
253
273
256
220
202
183
131
38
-48
-111
-142
-142
-135
-117
-81
-13
48
84
85
81
69
71
56
7
-46
-85
-141
-211
-282
-354
-422
-462
-470
-477
-455
-414
-349
-282
-199
-144
-111
-66
-11
21
47
89
156
223
272
291
283
283
268
228
170
141
120
123
180
294
384
454
542
613
604
519
432
308
130
-24
-117
-200
-289
-317
-293
-294
-335
-351
-366
-416
-438
-416
-387
-354
-273
-137
-24
34
71
78
61
17
-54
-142
-227
-278
-288
-289
-301
-293
-255
-196
-130
-67
17
124
241
333
404
439
429
374
280
180
68
-19
-51
-15
53
142
275
395
478
506
497
438
353
237
134
69
28
2
-34
-60
-99
-145
-225
-334
-447
-533
-579
-574
-509
-414
-320
-220
-130
-75
-83
-136
-179
-206
-213
-197
-125
-28
80
195
277
279
231
172
105
38
-12
0
80
194
304
406
466
455
377
257
99
-62
-164
-208
-186
-101
27
155
244
288
272
191
71
-57
-163
-217
-215
-160
-87
15
107
163
147
77
-28
-153
-285
-404
-461
-448
-382
-309
-220
-130
-51
-19
-30
-70
-109
-114
-76
-19
64
179
305
396
433
417
328
197
59
-82
-206
-269
-265
-215
-117
23
175
297
362
370
341
271
173
73
-16
-94
-143
-156
-152
-149
-165
-188
-211
-234
-257
-272
-263
-237
-176
-109
-46
7
38
53
57
42
11
-3
-15
-9
17
63
91
110
143
172
165
117
75
64
65
43
37
77
134
170
197
213
186
147
114
80
30
16
61
122
154
149
134
85
-11
-139
-263
-393
-482
-481
-419
-337
-212
-64
52
136
174
140
57
-55
-181
-293
-367
-389
-376
-319
-225
-115
-13
63
118
151
171
186
201
217
255
321
379
417
440
426
349
256
138
-8
-128
-180
-179
-162
-103
15
135
198
249
267
204
101
5
-82
-167
-209
-190
-137
-102
-53
-8
20
9
-37
-105
-165
-201
-212
-170
-126
-93
-40
34
57
14
-63
-139
-201
-264
-308
-310
-259
-159
-25
106
216
286
323
321
270
184
121
66
0
-34
-34
-28
-16
-14
-20
-20
-20
-8
9
12
18
43
84
108
105
93
76
49
13
-13
-65
-102
-109
-100
-110
-98
-53
-13
18
40
64
56
50
29
-6
-65
-120
-154
-163
-173
-172
-136
-74
2
76
132
165
178
160
111
46
-2
-53
-90
-100
-78
-58
-38
0
36
59
70
85
104
116
112
108
104
77
44
20
0
-27
-42
-36
-31
-28
-23
-27
-60
-100
-135
-165
-186
-197
-178
-131
-75
2
66
115
146
174
183
164
133
106
88
67
33
-4
-10
-11
-14
-27
-32
-47
-66
-74
-68
-80
-102
-88
-43
15
64
117
163
213
240
229
176
100
36
-37
-118
-173
-187
-170
-131
-71
8
70
87
82
64
17
-58
-121
-148
-169
-182
-163
-105
-47
-18
0
-4
-19
-46
-69
-78
-85
-59
2
65
99
121
159
168
147
120
92
76
94
137
176
197
221
240
205
138
48
-24
-103
-180
-221
-201
-168
-123
-74
-32
1
6
-25
-83
-121
-148
-167
-162
-123
-67
-8
39
43
4
-40
-92
-154
-206
-207
-174
-87
29
138
220
266
277
232
123
-1
-103
-180
-204
-197
-123
-32
63
128
162
148
109
71
22
-10
-19
28
105
175
222
266
274
237
164
82
5
-61
-104
-116
-108
-91
-61
-32
-21
-37
-79
-119
-142
-176
-209
-213
-177
-144
-92
-41
-5
21
49
68
70
58
36
11
7
11
-7
-25
-47
-37
-11
14
50
104
123
115
121
106
45
-10
-43
-71
-98
-94
-39
8
27
72
145
177
169
173
176
140
93
60
25
-39
-96
-121
-127
-155
-184
-178
-145
-113
-77
-37
3
36
57
62
45
2
-41
-70
-92
-110
-110
-85
-46
20
77
96
87
88
86
63
16
-16
-29
-29
-24
-28
-20
-16
-18
-20
-25
-56
-75
-84
-91
-78
-53
-33
-12
30
69
111
135
146
142
131
114
79
36
-14
-51
-74
-75
-76
-74
-58
-38
-12
-5
-6
-22
-31
-33
-41
-32
-17
-11
0
16
9
-17
-29
-23
-14
-14
8
64
128
180
209
225
218
190
129
69
12
-37
-66
-72
-75
-76
-71
-65
-58
-72
-91
-119
-132
-134
-118
-111
-69
-7
44
82
108
121
109
84
44
-6
-54
-76
-93
-105
-103
-81
-42
-15
-6
-9
-7
-2
-8
-12
-10
-10
22
43
67
77
79
73
75
64
20
19
19
20
27
46
65
90
132
168
195
205
199
186
156
120
75
33
-16
-64
-117
-155
-189
-194
-196
-217
-211
-200
-169
-125
-99
-91
-56
-17
7
9
5
-5
-10
1
-6
-36
-51
-27
-14
-42
-75
-72
-63
-60
-65
-52
-20
6
45
79
99
118
127
126
95
65
48
25
2
-11
-2
1
7
7
1
-10
-28
-53
-80
-94
-87
-56
-25
0
49
94
116
113
92
60
5
-48
-97
-133
-128
-97
-65
-33
22
82
113
135
125
83
46
28
2
-24
-31
-27
10
63
92
106
121
113
60
-6
-66
-115
-138
-132
-93
-27
55
118
143
138
100
41
-26
-105
-184
-216
-207
-187
-144
-83
-19
24
39
41
13
-26
-56
-80
-114
-106
-64
-2
44
84
120
136
123
85
63
34
31
37
65
95
110
121
127
103
58
4
-37
-47
-48
-34
-10
40
91
117
118
94
60
32
8
-19
-47
-49
-32
-21
-23
-38
-61
-95
-126
-157
-189
-195
-174
-140
-95
-43
-13
15
31
29
31
36
34
29
46
60
77
92
80
65
42
24
22
-3
-27
-12
17
16
11
23
23
6
4
22
35
37
55
87
97
79
73
65
44
11
-12
-30
-38
-29