-1
-2
-2
-3
-3
-3
-4
-4
-4
-5
-5
-5
-7
-6
-6
-7
-6
-6
-6
-7
-7
-8
-8
-7
-7
-8
-6
-7
-6
-6
-7
-6
-5
-5
-4
-4
-3
-3
-2
-2
-2
-1
-1
-1
0
0
1
1
2
1
2
3
3
2
2
2
3
3
2
2
2
2
2
2
2
1
2
2
2
2
1
2
2
2
2
2
2
2
2
3
3
3
2
2
2
2
3
2
2
2
1
1
1
1
1
1
1
0
0
0
0
-1
-1
-1
-1
-1
0
-1
-1
-1
-1
-1
-1
-1
-1
-1
-1
-1
0
0
0
0
1
0
1
1
1
1
1
2
2
3
2
2
3
3
3
3
3
4
3
3
3
3
3
2
1
1
0
2
2
1
1
1
1
1
0
0
1
0
0
0
0
-1
-1
-1
-2
-2
-3
-2
-3
-3
-4
-3
-4
-4
-4
-4
-4
-5
-5
-5
-4
-4
-4
-4
-4
-3
-3
-3
-3
-3
-3
-2
-2
-2
-1
-1
0
-1
-1
-1
-1
-1
-1
-1
-2
-1
-1
-2
-1
-1
-1
-1
-1
0
0
0
1
1
1
0
1
0
1
0
-1
-1
-2
-2
-1
-1
0
1
3
3
4
5
6
6
6
6
5
5
4
2
1
2
2
1
1
1
2
1
1
1
0
-2
-3
-4
-5
-6
-6
-6
-6
-6
-4
-3
-1
0
1
2
2
4
2
3
2
2
2
1
0
1
2
2
1
2
1
2
2
1
1
1
2
1
1
1
1
0
0
-1
-1
-1
1
1
2
2
3
4
5
6
5
6
6
6
5
6
7
7
8
8
8
8
8
7
6
4
3
1
-1
-2
-3
-4
-4
-3
-3
-3
-2
-3
-2
-2
-3
-5
-5
-6
-7
-7
-8
-8
-7
-7
-6
-4
-3
-3
-4
-4
-3
-4
-5
-4
-5
-5
-5
-4
-5
-5
-4
-4
-4
-6
-6
-5
-6
-5
-4
-4
-2
-1
1
0
1
2
3
2
1
0
0
0
0
2
4
5
7
10
13
14
14
16
17
18
16
15
13
13
12
9
7
6
7
6
6
7
7
6
2
0
-3
-6
-11
-17
-19
-19
-21
-26
-31
-28
-26
-26
-26
-21
-15
-13
-14
-18
-23
-28
-35
-44
-48
-49
-51
-48
-41
-34
-28
-20
-12
-3
0
3
3
5
10
15
16
18
29
47
63
73
82
97
117
127
124
121
129
137
134
126
123
119
114
101
86
71
52
37
17
0
-18
-33
-49
-73
-92
-109
-119
-133
-142
-143
-138
-132
-134
-138
-139
-133
-126
-133
-135
-120
-102
-96
-93
-84
-78
-61
-52
-54
-60
-55
-40
-40
-46
-36
-10
14
38
64
97
124
151
171
176
171
156
147
142
128
95
80
94
106
82
57
57
71
61
41
31
35
39
34
25
15
8
-10
-26
-46
-75
-110
-140
-156
-163
-181
-193
-178
-156
-126
-103
-78
-51
-22
-12
-15
-8
10
29
40
43
66
111
145
143
136
157
189
187
150
121
115
111
82
33
7
9
-2
-32
-55
-37
-21
-28
-54
-61
-45
-37
-58
-83
-67
-45
-47
-71
-75
-55
-41
-63
-79
-47
-9
-7
-12
32
103
132
116
104
126
144
119
78
57
60
44
13
0
12
13
8
27
51
53
11
-13
-23
-51
-106
-173
-214
-221
-237
-268
-284
-279
-253
-234
-219
-183
-114
-50
-12
5
31
60
64
26
-13
-35
-19
2
5
29
96
199
267
307
339
377
393
371
318
256
197
144
84
17
-28
-53
-68
-109
-121
-111
-96
-100
-104
-70
-40
-24
-53
-84
-95
-118
-167
-223
-237
-216
-208
-212
-177
-73
9
-6
-49
-23
63
56
-30
-89
-27
64
130
116
149
262
391
466
433
384
343
397
384
257
116
68
149
152
72
-28
8
104
86
2
-58
-42
-18
-92
-187
-239
-262
-299
-398
-450
-392
-293
-191
-163
-116
-20
61
61
-31
-93
-145
-212
-244
-280
-263
-245
-216
-197
-163
-81
-25
14
38
91
177
182
157
101
87
121
112
125
94
141
205
246
256
170
192
208
216
109
25
43
111
119
7
-61
6
142
172
94
47
138
229
221
110
33
-13
-91
-239
-382
-431
-509
-565
-620
-594
-524
-483
-411
-369
-240
-116
-97
-125
-174
-144
-133
-116
-129
12
244
512
643
777
952
1072
1047
892
729
612
450
242
22
-90
-212
-313
-387
-313
-219
-166
-169
-118
104
267
282
112
5
58
102
-42
-263
-363
-251
-169
-181
-323
-319
-242
-172
-238
-365
-391
-467
-533
-716
-793
-886
-939
-959
-819
-600
-297
35
340
581
802
1038
1036
896
759
792
865
768
633
510
734
958
1081
1019
1124
1272
1280
1062
786
601
370
130
-256
-365
-514
-380
-539
-445
-622
-859
-1129
-1403
-1587
-2186
-2677
-3129
-3005
-2732
-2826
-3291
-3204
-2379
-1458
-1401
-1197
-715
699
1957
2806
3269
4090
5557
6393
6669
6446
6442
6129
5405
4645
3342
1983
549
-336
-1254
-2425
-3732
-5004
-5666
-6321
-7304
-8669
-9541
-9665
-9661
-9536
-9035
-7858
-6015
-3590
-1057
1562
4270
7125
9351
11109
12233
12781
12591
11739
10778
9196
7800
6243
5025
3938
3214
2647
1978
1491
637
-300
-1602
-3064
-4836
-6852
-8470
-9876
-10552
-11139
-10988
-10805
-9281
-7891
-6295
-5883
-5091
-3801
-3150
-3277
-4863
-4894
-5758
-5242
-5958
-5578
-4662
-2421
685
3262
6599
10163
14106
16661
18042
19029
19073
18519
16544
14291
11872
9545
7431
5384
4023
2246
1318
586
-115
-1022
-2604
-4007
-6138
-8159
-10698
-12958
-15351
-17011
-17794
-17653
-17183
-15720
-13748
-10711
-7621
-4153
-994
368
2084
2787
3811
2088
496
-1916
-3646
-4706
-5969
-5596
-5455
-2510
1101
5392
9806
14365
19045
21632
23326
23322
22610
20359
16927
13414
9374
6016
3178
822
-1023
-2294
-1824
-1723
-1283
-1937
-2383
-3265
-5195
-7617
-10859
-13644
-16658
-18471
-19866
-20347
-19826
-18108
-15209
-11498
-7837
-3773
-342
1654
2846
3671
3815
1662
-692
-3746
-5214
-6826
-7042
-7062
-5931
-2191
2963
8274
12884
18278
23207
26210
27436
27437
25947
23003
19042
14983
10159
6015
2537
-196
-2572
-3494
-2975
-2910
-2686
-2690
-2657
-3917
-6027
-8520
-11648
-14669
-18081
-19996
-21464
-21700
-21505
-19243
-16205
-11999
-8164
-5155
-2141
99
2091
1704
795
-1611
-3025
-4625
-5687
-6670
-7129
-4984
-1462
2813
7087
12536
18650
23456
27931
29210
29726
28995
27945
24305
19306
14787
10032
6198
2304
-1116
-4190
-5547
-5168
-5494
-5846
-6521
-7062
-8291
-10154
-12164
-15717
-18372
-20374
-21089
-21645
-21182
-19864
-17482
-13661
-10834
-7590
-5148
-2624
-1340
-424
-487
-1731
-2445
-3228
-3370
-4144
-3586
-1322
1411
4975
9337
14528
19170
24170
28578
29531
29724
29833
29338
25452
21384
17272
12280
8230
4229
205
-4792
-6669
-7266
-8789
-10118
-10599
-11179
-12566
-13391
-14590
-17826
-19477
-20520
-20004
-20821
-19632
-18473
-15886
-12745
-10961
-8700
-7123
-3854
-3628
-2365
-2904
-2471
-3051
-2776
-2643
-3306
-1527
1093
4188
6905
11695
16837
20964
25887
30083
31111
30858
31459
31156
27248
23453
19145
13994
9837
6010
1340
-5013
-6722
-7894
-9599
-11914
-12667
-13731
-15401
-15844
-17402
-20373
-22330
-22442
-21776
-21806
-20149
-19027
-16652
-13701
-11292
-10295
-8980
-6643
-6045
-4916
-4758
-4314
-4722
-3228
-2654
-2408
-1186
2248
5667
8768
13226
18000
22074
26700
30910
31254
30504
31816
32456
28674
24182
20454
15363
10799
7304
2334
-4557
-7176
-7623
-9550
-12068
-12767
-13947
-15533
-15595
-16471
-19824
-21828
-21760
-21241
-21279
-19972
-19169
-17413
-14909
-13452
-12185
-10959
-8660
-8506
-6857
-5441
-4204
-4050
-2824
-1454
-1329
912
3032
5684
8139
12628
16976
20328
24681
29257
30734
29771
31133
32700
30393
25702
22097
16991
12256
8062
3757
-4092
-7886
-8407
-9829
-12663
-13420
-13424
-14950
-14886
-14831
-17061
-19547
-19941
-19818
-20366
-19285
-18817
-18453
-17703
-15337
-14181
-12838
-11064
-9883
-8203
-5180
-2296
-2186
-985
742
2013
3248
4800
6499
7669
11180
14929
18699
22028
26888
28966
28458
29839
31925
31082
26106
23018
17995
12823
7850
3774
-4050
-9275
-9870
-10775
-13676
-14446
-13772
-14449
-14546
-13042
-14785
-17313
-17725
-17035
-17622
-18057
-17550
-17962
-17154
-15470
-15206
-14696
-12697
-10104
-9118
-6203
-3445
-1577
102
2254
3261
3836
5614
7288
8051
9774
12534
15281
18757
22562
27813
27644
28936
30317
32647
29249
24974
21225
15126
10295
5178
220
-8447
-11257
-11370
-12828
-15110
-15032
-14078
-14958
-13803
-12649
-15108
-16577
-16548
-15544
-16630
-16563
-16575
-17242
-16344
-15422
-14829
-14632
-12280
-10324
-8533
-5014
-2769
-998
631
3070
3865
4720
5959
7393
8184
10523
12479
15766
18959
24353
27669
27134
28429
30268
31893
26528
23104
17878
12652
7113
3277
-2925
-10337
-11033
-10526
-12321
-13883
-12715
-12219
-13529
-11184
-11703
-14376
-16118
-14962
-15331
-17095
-16380
-17374
-18093
-17131
-15326
-15536
-14668
-11348
-9323
-6962
-3298
-1135
-252
1748
4144
3847
4351
5108
6387
6829
9636
11175
14241
17886
23647
27759
27524
28992
30375
32235
27321
23248
17527
12371
7075
2934
-2728
-10208
-11276
-10760
-11791
-13758
-12786
-11904
-12685
-10948
-10336
-13080
-14573
-14533
-14629
-17130
-17375
-19028
-21306
-19815
-18598
-17776
-17969
-12923
-10341
-6455
-2029
684
2317
4593
8134
7035
6714
7318
8185
8228
9720
11527
13627
17576
23216
27923
27248
28506
30160
32284
27006
22539
16971
11783
6001
1766
-3443
-11443
-13168
-12525
-13234
-15883
-14891
-13092
-13805
-11736
-10425
-12191
-14491
-14109
-13996
-17221
-17552
-19893
-22101
-21760
-18890
-18286
-17816
-12683
-8527
-4125
798
4629
5639
7950
11558
10455
8923
8768
9905
8777
10116
11443
14030
16838
23084
27073
26656
28105
30253
30844
24743
20849
15037
9504
3098
67
-6275
-13093
-14257
-13308
-14824
-16261
-13963
-13159
-13803
-11192
-10157
-12963
-15061
-14491
-15752
-18290
-19087
-21321
-23335
-21305
-18836
-18024
-16682
-10821
-6873
-2059
2934
5587
6902
9855
12713
10804
9787
10085
10282
9943
11733
12902
14805
18245
24455
26980
26887
27900
29318
29025
23551
19652
13161
8216
2139
-707
-7165
-13018
-14323
-13701
-14858
-15843
-14126
-13008
-13620
-11302
-11199
-13253
-16077
-15960
-17731
-20597
-21583
-23517
-24137
-22863
-19556
-17914
-14732
-8792
-4225
730
5201
8430
9783
11814
13137
11124
10392
10340
10409
10334
12196
14384
16914
20878
26462
27780
27935
28384
29696
26602
21209
16542
10622
4892
-135
-3404
-10238
-14084
-13971
-13552
-15305
-15586
-12793
-13270
-13142
-11606
-12493
-15503
-17653
-17265
-20668
-22219
-23492
-24215
-24675
-21950
-18609
-16484
-12050
-6646
-1835
3157
7310
9682
10578
12950
12771
11237
10354
10951
10429
11412
13574
16713
19207
24457
28247
28405
28586
29826
29274
23324
18937
13731
8050
1572
-1416
-6745
-12857
-13815
-12681
-14292
-15913
-13708
-12712
-14124
-12409
-12447
-15306
-18305
-17384
-19410
-22795
-23381
-23767
-24312
-22835
-19392
-17585
-14235
-7892
-3030
521
5103
9054
10311
12021
12819
11606
10248
11272
11156
11219
12931
16581
19234
23234
28366
28940
28842
29409
30297
25338
19982
15416
9636
3363
-719
-4632
-11873
-14637
-13983
-14283
-16636
-15814
-14309
-14963
-14009
-13036
-14921
-18133
-18231
-18906
-21791
-23385
-23636
-24404
-23134
-19958
-17270
-14359
-8826
-3216
1039
5624
9165
10880
12147
13513
12255
10256
10394
10900
10786
12141
15506
18770
22239
28112
29926
29713
29566
30766
27554
21155
16302
10596
4809
-821
-3671
-10590
-14619
-14859
-14018
-16329
-16937
-15070
-15164
-15293
-14075
-15114
-18100
-19481
-18903
-21502
-23421
-23559
-23703
-23289
-20831
-17343
-14537
-9796
-4180
120
4498
8525
11295
11942
12927
12678
10975
10504
10911
10915
11641
14253
18367
21312
26415
29572
30000
29581
30113
29097
22724
17618
11950
6799
283
-2938
-8460
-13993
-15531
-14931
-16140
-17733
-16123
-15659
-16022
-14770
-14526
-16907
-19430
-18610
-20085
-22363
-23467
-23120
-23056
-20887
-17819
-14595
-10652
-4865
-13
4249
7975
10782
12237
13174
12539
11135
10052
10725
10499
11634
13465
17198
20814
25622
29609
30196
30273
30198
29733
24673
18967
13179
7581
1739
-2571
-7444
-13019
-15609
-15485
-16440
-17821
-16937
-15997
-16963
-16119
-15317
-16550
-19585
-19916
-20401
-22078
-22948
-23190
-23170
-21651
-18065
-14786
-11422
-6667
-1297
3520
7273
10365
11364
12625
12530
11758
9763
9964
10025
10797
12735
16264
19941
24402
29550
30926
31494
31677
31923
27295
21750
15996
10045
3509
-1455
-6392
-12905
-15970
-16137
-16999
-18852
-17965
-16301
-17313
-16339
-15271
-16226
-19359
-19842
-20082
-22230
-22937
-23326
-23377
-22114
-18265
-15061
-12192
-7285
-2044
2850
6395
9521
10447
11519
11952
10852
9365
8907
9420
9920
12398
15544
19551
23752
29333
31393
32113
32360
32440
29155
23579
18041
11664
5649
91
-4361
-11100
-15036
-16385
-16697
-18634
-18751
-17950
-17986
-17534
-16383
-16857
-19230
-20471
-20431
-21634
-22529
-22805
-23018
-21803
-18336
-14999
-11819
-7570
-2354
2300
6431
9234
10510
11169
11700
10793
9328
8540
8780
9043
11565
14266
18103
21996
27706
30412
31076
31743
31799
29556
24163
19224
12705
6869
1055
-3155
-9725
-14055
-15786
-16065
-17645
-18039
-17007
-16781
-16598
-15588
-16181
-18395
-20124
-20238
-21523
-22810
-22944
-22617
-21134
-18167
-14638
-11547
-7467
-2515
1527
4993
7611
8779
9005
9777
9314
7987
7550
8428
8805
11306
14393
17907
20810
26395
29676
30181
30595
30751
29360
24359
20346
14276
8666
2530
-1028
-7109
-12176
-14421
-15005
-16623
-17567
-16973
-16877
-17134
-16147
-16678
-18784
-21124
-21239
-21933
-23285
-23464
-22989
-21216
-17700
-14077
-10702
-6968
-1503
2404
5716
7582
8939
8986
9325
8661
7330
6465
7720
8544
10725
13666
17493
20773
25444
29182
29477
29484
29256
28420
23478
18986
13642
8370
2826
-768
-5544
-10695
-12954
-13004
-14198
-15770
-15850
-15332
-16085
-15839
-16714
-18546
-21312
-21495
-21807
-22945
-23290
-22192
-19996
-16948
-13321
-9791
-6261
-1666
2226
5301
6971
8157
8116
8433
7721
6589
5563
6425
7480
9667
12232
15909
19432
23668
27911
28715
28731
28033
27790
23551
18905
13496
8651
3144
-729
-4544
-9396
-11961
-12430
-12605
-13996
-14439
-13965
-14775
-14871
-15934
-17548
-20784
-22014
-22185
-22993
-23264
-22919
-20669
-17238
-13135
-9720
-6187
-1804
2005
5447
7243
7897
7537
7840
7436
5963
4841
5381
6710
8750
11604
14988
18633
22832
27205
28516
28598
28214
27555
24351
19639
14508
9395
4498
151
-3502
-8159
-10828
-11847
-11946
-13294
-13903
-13540
-14024
-14607
-15508
-17234
-19653
-21490
-21841
-22999
-23275
-22629
-20616
-17784
-14190
-10371
-6654
-2283
1262
4192
6363
7664
7630
7080
6958
5733
4958
5259
6720
7917
10775
14070
17735
20995
25242
27013
27102
26907
26425
24017
19453
15322
10216
5792
1256
-1649
-6489
-9568
-11046
-11186
-12359
-13207
-13372
-13663
-14312
-14690
-16074
-18744
-21067
-21224
-21718
-22418
-22365
-20891
-17988
-14113
-10545
-7299
-3625
708
3984
6024
6845
7136
7072
7035
6118
4965
4816
6470
8081
10364
12890
16491
19673
23851
26002
26027
25681
25529
24021
19565
15497
10672
6499
1893
-1007
-5817
-9311
-10736
-11013
-12223
-13110
-12838
-12871
-13545
-13824
-15040
-17077
-19242
-20014
-20920
-21582
-21200
-19939
-17837
-14730
-10951
-7268
-3657
182
3043
5768
7037
7666
7125
6856
5979
5124
4702
5502
6584
8590
11417
14533
17585
21340
24439
24916
24965
24416
23542
19746
15872
11297
6964
2416
-655
-4219
-8100
-10072
-10488
-10987
-11886
-11859
-11860
-12642
-13007
-14047
-15784
-18310
-19513
-20278
-21016
-20807
-19832
-17924
-15040
-11557
-7911
-4389
-694
2257
4856
6477
7228
7019
6835
6160
5332
4899
5469
6422
7971
10558
13301
16552
19684
23107
24064
24195
23611
22970
20146
15877
11374
6935
2739
-1059
-4233
-8240
-10429
-11036
-10891
-11623
-11724
-11228
-11335
-11969
-12681
-14237
-16624
-18502
-19001
-20067
-20216
-19450
-17616
-15065
-11698
-8077
-4685
-930
2388
4775
6254
7281
7526
7074
6544
5468
5073
5214
6414
7429
9719
12180
15724
18432
21655
23022
23511
23088
22495
20297
16272
12139
7730
3709
-732
-3642
-7760
-10198
-11393
-10968
-11681
-11673
-11067
-10523
-11214
-11635
-12855
-15075
-17268
-18003
-19014
-19909
-19431
-17876
-15779
-12798
-9098
-5584
-2193
1596
4247
6008
6767
7417
6924
6289
5235
4417
4262
5252
6559
8668
10974
14272
17290
20725
22493
22765
22692
22197
20688
16673
12781
8365
4633
272
-2641
-6562
-9233
-10397
-10135
-10757
-11091
-10457
-10025
-10598
-11241
-12469
-14236
-16568
-17396
-18504
-19218
-19022
-17682
-15699
-12940
-9619
-6096
-2655
776
3369
5409
6299
6909
6455
6137
4990
4350
4176
5236
6121
8443
10581
13619
16242
19657
21507
21613
21712
21144
19965
16272
13020
8629
5138
1071
-1573
-5252
-8068
-9425
-9572
-9979
-10671
-10342
-10042
-10369
-10873
-12081
-13604
-15581
-16412
-17338
-18226
-18279
-17150
-15226
-12761
-10146
-6889
-3383
175
2393
4477
5508
6276
6224
5921
4873
4189
4063
5172
6023
7585
9881
12492
15205
17770
20346
20464
20592
20146
19536
16699
13383
9669
6137
2559
-544
-3426
-6915
-8554
-9178
-9235
-10355
-10392
-9975
-9950
-10400
-11215
-12441
-14323
-15465
-15884
-16900
-17599
-17022
-15347
-13120
-10815
-7942
-4954
-1462
1515
3674
4918
5606
6141
6110
5614
4579
4354
4848
6058
7096
9021
10877
13750
16077
18558
19476
19605
19449
18851
17481
14126
10843
7045
4051
267
-2299
-5953
-8042
-9355
-9297
-10010
-10366
-10053
-9619
-9808
-10282
-11417
-12747
-14580
-15112
-16115
-16943
-17103
-15823
-14078
-11863
-9273
-6184
-3066
180
2500
4411
5311
6156
6125
6121
5202
4946
4864
5975
6714
8272
9876
12366
14701
17153
18961
19170
19408
18951
18390
15538
12237
8448
5276
1557
-1341
-4647
-7705
-9221
-9253
-9461
-10238
-10034
-9343
-9306
-9494
-10374
-11827
-13831
-14523
-15307
-16565
-17161
-16353
-14781
-12751
-10428
-7622
-4779
-1265
1313
3272
4459
5668
6109
6084
5609
5129
5150
5749
6694
7677
9264
11263
13666
15733
18016
18694
18817
18718
18132
16338
12948
9714
6236
2938
-358
-3000
-6522
-8357
-9085
-8835
-9858
-9941
-9490
-9010
-9329
-9737
-11014
-12699
-13930
-14130
-15356
-16126
-15837
-14373
-12528
-10453
-8133
-5591
-2503
269
2197
3454
4514
5346
5534
5480
4813
4849
5183
6389
6861
8286
9944
12274
14173
16205
17722
17824
18022
17442
16651
13708
10828
7455
4490
1003
-1527
-4660
-7239
-8652
-8608
-8972
-9586
-9476
-8715
-8779
-8848
-9758
-11180
-12849
-13303
-13865
-15145
-15641
-14821
-13216
-11436
-9462
-7264
-4696
-1461
1055
2704
3803
4994
5751
6013
5618
5004
5112
5845
6654
7325
8786
10551
12906
14771
17028
17413
17652
17620
17194
15406
12221
9094
5823
2848
-361
-3047
-6452
-8322
-8961
-8919
-9829
-10029
-9589
-9044
-9219
-9643
-10765
-12142
-13054
-13275
-14411
-15152
-14747
-13517
-11939
-10315
-8160
-5675
-2737
-110
1790
3462
4765
5862
6097
6120
5640
5604
5812
6542
7071
8299
9649
11813
13611
15690
17138
17178
17304
16769
16236
13489
10502
6931
4162
1007
-1505
-4863
-7483
-8719
-8708
-9086
-9695
-9788
-9273
-9041
-8937
-10195
-11588
-12872
-12964
-13657
-14802
-15147
-14112
-12565
-10689
-8989
-6896
-4278
-1050
1213
2610
3669
5070
5754
5905
5447
5106
5248
5934
6734
7447
8896
10582
12898
14505
16346
17013
17116
16759
16059
14722
11573
8533
5284
2699
-373
-2777
-5734
-7600
-8321
-8156
-8703
-9221
-9096
-8671
-8780
-9251
-10594
-11986
-13058
-13171
-13993
-14760
-14635
-13337
-11616
-9741
-7893
-5677
-3073
-223
1739
2864
3848
4863
5366
5432
5038
4887
5346
6430
7180
8354
9833
11790
13605
15294
16665
16610
16451
15821
15137
12772
9749
6680
3995
1314
-1212
-3824
-6417
-7621
-7760
-7991
-8742
-9042
-8597
-8564
-8830
-9750
-11048
-12395
-12881
-13316
-14309
-14507
-13768
-12267
-10655
-8804
-6745
-4368
-1600
654
2229
3318
4468
5321
5485
5387
5183
5531
6131
7048
7705
9090
10498
12509
13705
15245
15935
15920
15491
14830
13720
10977
8176
5284
2943
-14
-2306
-5114
-7053
-8059
-8029
-8574
-9243
-9245
-8738
-8676
-8878
-10016
-11109
-12267
-12206
-12843
-13604
-13805
-12818
-11190
-9468
-7767
-6037
-3647
-684
1335
2661
3395
4787
5517
5828
5474
5375
5795
6608
7410
7929
9083
10553
12361
13541
14830
14977
15042
14692
14291
12607
9842
7331
4903
2387
-387
-2747
-5425
-7024
-7675
-7967
-8688
-9139
-8751
-8456
-8503
-8995
-9929
-11068
-11705
-11879
-12767
-13266
-12974
-11932
-10462
-8944
-7248
-5386
-2818
-368
1329
2499
3645
4780
5221
5547
5254
5466
5917
6909
7388
8349
9453
11093
12572
13878
14775
14623
14637
14125
13529
11146
8682
5984
3799
1031
-1293
-3827
-6004
-7235
-7588
-7969
-8711
-8931
-8481
-8528
-8721
-9705
-10550
-11706
-11923
-12418
-13078
-13266
-12443
-11039
-9530
-8081
-6246
-4038
-1249
668
2212
3151
4591
5445
5868
5708
5502
5894
6631
7335
7778
8730
10084
11818
13011
14278
14516
14464
14317
13841
12398
9695
7223
4762
2396
-362
-2538
-5095
-6702
-7398
-7554
-8206
-8834
-8551
-8497
-8441
-9114
-10043
-11171
-11807
-11777
-12540
-12964
-12675
-11375
-9905
-8472
-6939
-5239
-2657
-292
1243
2167
3379
4684
5295
5476
5254
5474
6078
7038
7371
8032
9094
10654
11999
12983
13944
13932
13931
13550
12931
10931
8510
6192
3873
1374
-984
-3137
-5415
-6578
-7039
-7326
-8115
-8432
-8127
-8226
-8482
-9301
-9987
-11037
-11404
-11644
-12180
-12216
-11621
-10379
-9150
-7812
-6183
-4319
-2111
-360
1075
2163
3402
4405
4954
5233
5252
5793
6463
7245
7572
8412
9432
10849
11749
12751
13317
13178
13093
12655
11879
9558
7524
5232
3319
686
-1262
-3638
-5387
-6393
-6666
-7409
-8233
-8343
-8066
-8296
-8659
-9291
-10033
-10733
-10663
-10955
-11496
-11427
-10539
-9360
-8462
-7195
-5730
-3859
-1693
-94
1121
2108
3685
4626
5118
5133
5500
6100
6709
7198
7565
8306
9344
10496
11268
12236
12409
12439
12215
11873
10572
8555
6552
4570
2433
259
-1564
-3782
-5228
-5958
-6265
-7179
-7753
-7726
-7821
-8115
-8627
-9129
-10016
-10401
-10401
-10756
-11012
-10643
-9730
-8768
-7751
-6363
-4954
-3053
-1315
208
1300
2481
3693
4438
4908
5110
5612
6080
6774
7126
7738
8525
9465
10386
11167
11988
11837
11786
11319
10894
9252
7407
5321
3520
1453
-325
-2197
-4160
-5323
-5858
-6232
-7080
-7566
-7495
-7779
-7935
-8607
-9042
-9881
-9933
-9973
-10297
-10288
-9769
-8702
-7863
-6759
-5422
-3925
-2098
-628
733
1617
2879
3729
4379
4632
4947
5423
5991
6632
7022
7807
8570
9628
10332
11239
11596
11412
11164
10766
9942
8074
6237
4282
2585
549
-1069
-3117
-4680
-5542
-5849
-6496
-7374
-7362
-7466
-7643
-8075
-8542
-9101
-9721
-9574
-9872
-9978
-9782
-8946
-8126
-7185
-5923
-4622
-2987
-1382
-48
1052
2075
3234
3769
4306
4556
5121
5534
6272
6781
7335
8146
9040
9875
10462
11291
11239
11023
10572
10188
8922
7116
5290
3524
1718
-9
-1645
-3671
-4977
-5570
-5936
-6695
-7347
-7349
-7523
-7616
-8050
-8533
-9267
-9439
-9272
-9561
-9599
-9282
-8351
-7460
-6489
-5268
-4030
-2253
-845
434
1254
2411
3266
3782
4285
4545
5077
5586
6426
6850
7584
8264
9241
9863
10638
11089
10824
10480
10089
9598
7979
6279
4442
2934
1087
-353
-2257
-3921
-4974
-5392
-5963
-6860
-7229
-7348
-7448
-7742
-8311
-8834
-9379
-9233
-9424
-9631
-9560
-8967
-8029
-7184
-6140
-4990
-3391
-1718
-445
661
1636
2838
3466
4010
4282
4663
5220
5833
6507
6921
7779
8565
9561
10114
10899
11058
10830
10385
10008
9122
7485
5716
4036
2460
764
-703
-2585
-3995
-4825
-5259
-5995
-6826
-7120
-7275
-7341
-7835
-8398
-9015
-9253
-9084
-9422
-9585
-9519
-8730
-7846
-6939
-6053
-4933
-3203
-1594
-319
579
1675
2841
3574
4097
4252
4695
5184
5951
6436
6932
7596
8525
9420
10027
10655
10618
10415
10022
9710
8546
6850
5088
3660
2037
467
-1219
-2963
-4171
-4765
-5201
-6092
-6794
-6925
-6900
-7049
-7601
-8084
-8637
-8573
-8604
-8881
-9114
-8831
-7973
-7149
-6422
-5536
-4349
-2729
-1367
-176
615
1705
2711
3448
3926
4085
4638
5194
6040
6453
7049
7706
8699
9440
9985
10443
10248
9992
9587
9209
7810
6162
4527
3251
1644
114
-1557
-3120
-4180
-4667
-5221
-6195
-6806
-6898
-6980
-7323
-7894
-8303
-8756
-8713
-8706
-8904
-8887
-8426
-7490
-6787
-5990
-5040
-3732
-2290
-1145
-71
754
1887
2715
3422
3856
4310
4963
5624
6461
6930
7632
8237
9203
9664
10183
10273
9975
9596
9170
8560
7016
5404
3919
2674
1076
-390
-2121
-3456
-4318
-4779
-5542
-6491
-6861
-6957
-7128
-7611
-8109
-8462
-8764
-8604
-8725
-8799
-8669
-7907
-7049
-6397
-5588
-4629
-3165
-1886
-757
98
1030
2193
3011
3725
4066
4692
5341
6162
6751
7135
7778
8415
9211
9487
9987
9861
9632
9293
8942
8073
6495
5068
3641
2205
576
-896
-2608
-3903
-4685
-5177
-6078
-6837
-7031
-7090
-7360
-7825
-8090
-8439
-8569
-8461
-8532
-8541
-8248
-7431
-6716
-6093
-5244
-4144
-2822
-1704
-632
234
1304
2315
3181
3816
4308
4994
5699
6467
6919
7485
7960
8674
9192
9666
9924
9677
9423
9120
8718
7543
6089
4636
3338
1850
485
-1148
-2741
-3821
-4351
-5094
-6130
-6705
-6871
-7126
-7550
-7966
-8303
-8725
-8599
-8553
-8620
-8569
-7985
-7147
-6615
-5867
-4983
-3809
-2681
-1588
-608
239
1412
2333
3232
3765
4471
5172
5926
6637
7094
7720
8187
8889
9296
9780
9836
9519
9235
8901
8258
6939
5539
4138
2808
1414
36
-1608
-3032
-3882
-4448
-5354
-6292
-6708
-6921
-7314
-7761
-8133
-8423
-8688
-8546
-8576
-8513
-8242
-7552
-6887
-6301
-5464
-4528
-3420
-2348
-1302
-358
568
1720
2600
3419
3977
4753
5431
6150
6761
7301
7892
8368
9042
9399
9842
9706
9450
9098
8658
7861
6452
5081
3658
2361
935
-453
-2083
-3259
-3992
-4612
-5548
-6322
-6648
-7032
-7406
-7911
-8206
-8609
-8749
-8597
-8657
-8450
-8100
-7361
-6773
-5979
-5068
-4160
-3045
-2016
-869
-79
968
1956
2833
3539
4130
4891
5499
6291
6868
7510
7950
8593
9185
9641
9825
9516
9240
8813
8348
7138
5748
4330
3074
1724
414
-1078
-2472
-3389
-3984
-4708
-5640
-6172
-6505
-6900
-7366
-7807
-8099
-8491
-8417
-8487
-8400
-8201
-7583
-6964
-6354
-5535
-4573
-3543
-2540
-1585
-596
255
1363
2102
2911
3477
4252
4883
5622
6291
6904
7513
8032
8729
9136
9601
9420
9162
8733
8375
7585
6202
4866
3543
2451
1137
-101
-1620
-2675
-3411
-3934
-4844
-5677
-6132
-6562
-6950
-7519
-7806
-8278
-8360
-8318
-8161
-8006
-7564
-6881
-6213
-5525
-4669
-3780
-2870
-2016
-1086
-316
528
1387
2203
2888
3537
4278
4927
5694
6320
7000
7438
7994
8585
9046
9236
8903
8662
8220
7859
6731
5537
4120
3075
1861
691
-699
-1965
-2861
-3628
-4246
-5177
-5754
-6318
-6777
-7211
-7644
-7897
-8324
-8281
-8105
-7775
-7500
-6999
-6278
-5517
-4728
-3916
-3085
-2258
-1388
-462
272
1078
1855
2702
3386
4049
4692
5407
6096
6683
7165
7565
8092
8519
8818
8546
8222
7854
7521
6733
5571
4345
3232
2226
1110
-109
-1375
-2337
-3157
-3814
-4665
-5394
-6049
-6536
-6971
-7438
-7738
-8024
-8058
-7901
-7490
-7118
-6684
-6086
-5287
-4519
-3804
-3107
-2372
-1597
-803
-21
643
1380
2122
2959
3657
4311
5021
5719
6433
6961
7378
7828
8226
8575
8373
8023
7609
7198
6570
5494
4384
3227
2345
1324
299
-963
-1853
-2680
-3375
-4210
-4958
-5753
-6362
-6854
-7324
-7743
-8009
-8038
-7846
-7487
-6934
-6474
-5856
-5070
-4210
-3543
-2906
-2189
-1514
-801
-162
439
989
1698
2465
3148
3773
4489
5319
5992
6670
7092
7635
7985
8413
8286
7890
7511
7051
6496
5411
4369
3222
2395
1481
538
-676
-1551
-2300
-2956
-3819
-4609
-5374
-6112
-6609
-7106
-7563
-7946
-7987
-7723
-7467
-6897
-6392
-5740
-5004
-4093
-3375
-2809
-2077
-1394
-733
-247
366
873
1486
2158
2824
3485
4222
5051
5709
6421
6926
7496
7774
8149
8001
7687
7296
6835
6143
5158
4196
3188
2307
1449
650
-514
-1340
-2039
-2604
-3530
-4319
-5040
-5834
-6343
-6911
-7350
-7866
-7855
-7518
-7290
-6774
-6159
-5410
-4696
-3832
-3044
-2528
-1878
-1278
-672
-299
176
680
1177
1798
2379
3052
3794
4639
5378
6041
6633
7202
7616
7911
7810
7471
7106
6708
6040
4999
4101
3195
2399
1472
727
-361
-1127
-1777
-2303
-3171
-3975
-4668
-5390
-6002
-6594
-7088
-7642
-7758
-7379
-7089
-6643
-6103
-5233
-4426
-3553
-2808
-2282
-1686
-1047
-493
-215
122
536
1012
1491
2038
2550
3311
4133
4943
5609
6221
6871
7360
7659
7495
7228
6861
6447
5687
4704
3812
2928
2185
1346
555
-424
-1115
-1626
-2166
-2955
-3756
-4424
-5078
-5686
-6284
-6856
-7366
-7374
-6995
-6683
-6239
-5719
-4784
-3935
-3121
-2508
-1947
-1359
-854
-359
-132
183
411
879
1280
1728
2218
2978
3787
4562
5240
5944
6573
7087
7378
7222
6922
6584
6175
5405
4430
3573
2800
2044
1321
543
-317
-958
-1387
-1869
-2639
-3442
-4155
-4746
-5356
-6044
-6696
-7214
-7139
-6853
-6489
-6101
-5552
-4632
-3696
-2885
-2361
-1783
-1136
-636
-264
-87
181
322
713
1017
1401
1836
2612
3386
4175
4901
5662
6298
6846
7156
6988
6701
6354
5933
5086
4174
3317
2525
1782
1153
396
-428
-965
-1291
-1747
-2471
-3157
-3779
-4353
-4889
-5543
-6216
-6711
-6586
-6407
-6123
-5841
-5191
-4377
-3443
-2677
-2138
-1533
-858
-270
6
193
390
524
798
996
1283
1607
2293
2999
3741
4419
5174
5856
6380
6674
6532
6256
5921
5480
4617
3680
2824
2104
1368
797
0
-658
-1087
-1275
-1724
-2446
-2952
-3451
-3939
-4556
-5134
-5795
-6185
-6059
-5972
-5794
-5556
-4757
-4003
-3217
-2552
-1890
-1205
-568
-36
144
382
570
745
788
885
1157
1504
2080
2639
3375
4047
4878
5512
6023
6302
6233
6036
5705
5200
4342
3438
2626
1903
1169
554
-221
-719
-1115
-1247
-1768
-2326
-2777
-3159
-3625
-4234
-4818
-5384
-5630
-5561
-5554
-5455
-5091
-4314
-3585
-2951
-2311
-1622
-932
-326
85
295
474
653
794
802
816
1005
1389
1897
2395
3023
3716
4467
5104
5575
5765
5667
5538
5233
4674
3776
2943
2198
1478
762
74
-652
-1044
-1250
-1455
-1978
-2384
-2599
-2864
-3325
-3876
-4390
-4769
-4934
-4938
-5022
-4882
-4434
-3738
-3082
-2505
-1914
-1190
-473
31
329
543
762
898
948
937
877
1056
1407
1840
2271
2775
3482
4125
4731
5120
5272
5168
5057
4749
4147
3300
2504
1777
1067
377
-385
-1014
-1362
-1512
-1821
-2257
-2502
-2642
-2854
-3253
-3670
-4031
-4295
-4314
-4413
-4407
-4229
-3755
-3206
-2685
-2107
-1557
-910
-273
231
531
762
1026
1090
1144
1097
1063
1096
1349
1696
2026
2428
3059
3667
4282
4578
4728
4698
4697
4359
3741
2916
2174
1444
725
41
-834
-1380
-1615
-1710
-2087
-2425
-2502
-2535
-2702
-3005
-3294
-3593
-3710
-3642
-3765
-3772
-3568
-3097
-2695
-2276
-1776
-1217
-650
-90
388
711
990
1251
1367
1377
1322
1303
1356
1492
1709
1951
2291
2788
3359
3808
3982
4120
4154
4120
3696
3095
2398
1725
1020
299
-466
-1173
-1598
-1844
-2113
-2434
-2598
-2579
-2673
-2791
-3012
-3101
-3245
-3245
-3270
-3248
-3131
-2905
-2543
-2222
-1845
-1381
-844
-353
-22
414
755
1038
1147
1246
1280
1256
1312
1390
1488
1668
1986
2375
2715
3215
3613
3778
3835
3902
3829
3407
2809
2202
1583
912
193
-614
-1221
-1634
-1891
-2255
-2530
-2626
-2585
-2621
-2701
-2884
-2872
-2855
-2785
-2917
-2860
-2666
-2422
-2170
-1888
-1555
-1143
-629
-179
59
403
777
1060
1135
1206
1243
1235
1359
1440
1503
1615
1892
2212
2482
2870
3086
3178
3233
3328
3167
2737
2253
1745
1143
498
-208
-939
-1519
-1882
-2227
-2554
-2695
-2674
-2660
-2632
-2538
-2483
-2464
-2352
-2244
-2205
-2094
-1880
-1725
-1483
-1153
-821
-543
-165
205
488
710
1007
1181
1263
1300
1326
1275
1313
1385
1464
1519
1708
1963
2264
2551
2705
2756
2863
2912
2766
2346
1853
1346
751
152
-626
-1347
-1900
-2207
-2526
-2775
-2845
-2766
-2683
-2541
-2380
-2278
-2227
-2066
-1952
-1834
-1718
-1567
-1396
-1151
-860
-570
-307
33
336
673
936
1190
1306
1414
1459
1389
1342
1297
1356
1390
1455
1606
1839
2203
2428
2538
2585
2723
2727
2482
2042
1502
957
347
-286
-1091
-1761
-2241
-2515
-2762
-2942
-2949
-2860
-2699
-2488
-2346
-2208
-2094
-1847
-1661
-1463
-1323
-1157
-884
-609
-377
-169
67
371
659
967
1182
1374
1520
1677
1691
1577
1517
1483
1509
1494
1509
1536
1736
2029
2150
2117
2136
2252
2199
1892
1427
908
420
-117
-733
-1517
-2093
-2471
-2684
-2907
-3070
-3088
-2951
-2697
-2487
-2314
-2147
-1872
-1541
-1262
-1024
-841
-607
-310
-63
93
231
489
705
942
1112
1290
1434
1561
1638
1575
1489
1478
1484
1477
1449
1521
1612
1781
1976
2031
1988
1967
2005
1828
1480
1004
543
58
-447
-1010
-1696
-2189
-2493
-2647
-2896
-3033
-3038
-2859
-2660
-2481
-2331
-2130
-1845
-1461
-1190
-954
-747
-404
-97
96
233
413
683
866
1037
1178
1327
1477
1557
1588
1494
1465
1446
1484
1463
1485
1546
1671
1828
2001
2055
1990
1940
1884
1730
1328
872
355
-98
-649
-1169
-1816
-2307
-2637
-2777
-2978
-3110
-3055
-2852
-2626
-2407
-2215
-1974
-1692
-1282
-1020
-781
-581
-220
49
225
343
541
753
959
1105
1245
1347
1529
1599
1599
1490
1468
1454
1449
1414
1419
1436
1547
1697
1817
1847
1793
1777
1697
1555
1199
781
296
-126
-652
-1194
-1825
-2286
-2603
-2780
-2991
-3113
-3055
-2795
-2572
-2360
-2192
-1910
-1552
-1175
-886
-715
-445
-110
218
322
412
578
836
1042
1194
1289
1408
1598
1704
1692
1554
1539
1511
1501
1416
1415
1391
1494
1616
1695
1692
1639
1606
1522
1322
981
575
123
-338
-847
-1369
-1911
-2394
-2709
-2851
-2967
-3106
-3045
-2805
-2525
-2317
-2109
-1847
-1541
-1139
-813
-606
-426
-85
241
402
465
594
839
1073
1293
1376
1495
1638
1854
1873
1777
1695
1693
1702
1657
1609
1549
1624
1698
1789
1726
1707
1588
1492
1295
1018
567
105
-360
-841
-1365
-1899
-2363
-2759
-2931
-3037
-3120
-3124
-2947
-2639
-2372
-2137
-1927
-1637
-1290
-956
-767
-636
-398
-100
118
243
357
578
872
1165
1334
1433
1583
1787
1861
1790
1677
1647
1635
1621
1567
1532
1561
1668
1758
1790
1759
1711
1599
1460
1177
829
373
-84
-610
-1104
-1601
-2049
-2464
-2737
-2847
-2904
-2890
-2781
-2534
-2240
-1985
-1743
-1507
-1239
-978
-772
-644
-535
-345
-143
23
149
330
625
921
1184
1339
1500
1650
1782
1803
1705
1577
1540
1545
1500
1417
1421
1496
1592
1672
1670
1612
1559
1447
1218
865
461
38
-443
-942
-1427
-1888
-2224
-2481
-2662
-2772
-2768
-2635
-2441
-2178
-1994
-1745
-1457
-1176
-1002
-888
-720
-560
-435
-300
-143
17
214
529
784
1017
1222
1464
1626
1696
1758
1727
1665
1558
1537
1455
1422
1398
1442
1459
1534
1548
1550
1466
1343
1153
855
539
83
-326
-802
-1181
-1620
-1893
-2147
-2280
-2370
-2346
-2267
-2152
-1942
-1755
-1548
-1368
-1141
-979
-845
-717
-592
-502
-406
-252
-121
3
160
363
534
714
875
1021
1116
1261
1305
1335
1337
1387
1409
1381
1407
1402
1433
1393
1441
1364
1337
1204
1100
926
707
497
151
-117
-455
-683
-1012
-1241
-1504
-1641
-1756
-1831
-1850
-1852
-1730
-1639
-1456
-1349
-1165
-1045
-845
-760
-651
-619
-513
-428
-372
-324
-247
-112
38
220
383
566
766
995
1171
1290
1401
1508
1562
1581
1525
1494
1413
1378
1246
1164
1037
976
849
735
629
457
349
141
0
-258
-445
-694
-864
-1138
-1274
-1466
-1507
-1573
-1518
-1469
-1375
-1216
-1070
-915
-828
-737
-724
-667
-683
-709
-792
-773
-695
-610
-483
-294
-29
249
569
849
1073
1278
1452
1530
1525
1455
1413
1273
1163
1046
944
861
800
821
724
750
681
729
594
532
381
235
34
-174
-409
-668
-839
-1039
-1076
-1283
-1188
-1258
-1061
-1045
-900
-832
-718
-658
-688
-697
-828
-868
-1016
-1014
-1124
-1066
-951
-734
-517
-228
147
483
844
1080
1308
1383
1465
1413
1302
1149
995
856
704
620
566
596
613
682
727
819
850
858
800
699
548
374
200
-18
-221
-389
-497
-626
-692
-725
-729
-762
-733
-716
-727
-774
-852
-910
-1016
-1113
-1228
-1319
-1389
-1344
-1299
-1210
-1069
-822
-545
-281
6
285
554
744
923
986
1046
1030
1021
926
853
802
791
802
779
838
863
962
973
1020
973
944
888
803
681
537
419
275
162
39
-111
-227
-314
-401
-528
-626
-712
-798
-920
-1003
-1088
-1194
-1280
-1341
-1349
-1376
-1343
-1309
-1187
-1068
-869
-713
-492
-284
-55
153
303
452
535
655
677
700
661
698
703
740
747
789
814
899
950
949
943
933
947
883
832
728
687
593
571
427
333
224
174
56
-66
-198
-328
-411
-526
-634
-810
-891
-966
-1006
-1125
-1152
-1197
-1188
-1171
-1118
-1085
-1018
-872
-745
-603
-506
-309
-195
-40
59
170
245
315
419
468
530
579
675
743
823
839
901
935
987
968
947
905
870
833
772
710
619
580
519
464
356
271
168
73
-38
-179
-315
-454
-563
-686
-772
-875
-946
-1002
-1031
-1047
-1092
-1104
-1073
-1030
-988
-918
-814
-696
-587
-455
-336
-203
-88
27
120
191
304
381
478
529
621
658
747
801
861
856
846
847
841
825
769
750
714
710
672
649
608
537
475
386
317
184
76
-84
-191
-329
-440
-566
-655
-731
-810
-883
-950
-969
-1015
-1015
-1031
-988
-970
-899
-843
-743
-648
-541
-401
-290
-159
-45
108
214
329
417
513
578
629
668
696
683
679
647
664
650
662
667
693
727
729
748
710
669
597
537
431
316
199
86
-28
-152
-255
-360
-457
-565
-659
-753
-812
-890
-938
-959
-938
-928
-897
-852
-765
-670
-593
-489
-401
-278
-155
-28
63
155
281
391
453
475
511
534
536
502
454
422
427
456
481
504
551
638
691
703
667
650
610
553
430
325
220
146
61
-42
-139
-224
-289
-375
-489
-607
-693
-773
-832
-886
-918
-904
-881
-806
-757
-677
-587
-476
-352
-252
-139
-38
89
189
291
347
397
425
433
414
365
319
265
249
243
270
319
383
484
562
629
660
674
656
618
554
448
361
272
201
85
-13
-87
-155
-230
-329
-429
-518
-583
-654
-710
-772
-814
-807
-774
-750
-730
-669
-585
-471
-353
-222
-112
19
157
298
369
412
447
475
463
411
353
277
243
239
245
230
271
348
450
499
537
566
582
586
535
475
375
319
238
148
18
-79
-149
-233
-324
-412
-488
-564
-607
-652
-698
-752
-755
-736
-729
-705
-683
-635
-572
-455
-356
-249
-124
48
198
312
421
499
551
562
563
516
446
397
360
339
318
322
342
396
456
499
521
527
556
540
524
435
346
253
168
47
-102
-238
-341
-446
-552
-646
-730
-772
-805
-823
-864
-851
-823
-765
-731
-696
-642
-562
-460
-363
-262
-134
37
209
371
500
616
708
787
802
773
713
670
601
549
494
456
442
450
480
476
492
503
511
469
421
375
299
188
69
-46
-175
-308
-435
-556
-677
-800
-883
-955
-996
-1048
-1063
-1058
-1011
-943
-865
-762
-661
-538
-408
-278
-163
-34
111
268
404
537
673
799
897
950
981
982
948
910
845
781
719
671
627
588
549
529
498
447
377
314
233
147
29
-86
-204
-321
-431
-560
-683
-805
-900
-1004
-1101
-1179
-1203
-1215
-1221
-1201
-1124
-1017
-897
-761
-625
-455
-279
-113
18
160
317
463
597
705
821
918
1008
1072
1105
1109
1098
1098
1066
1017
957
906
836
765
688
609
504
397
298
189
76
-44
-157
-278
-379
-485
-597
-711
-821
-941
-1055
-1155
-1243
-1315
-1368
-1380
-1355
-1312
-1221
-1106
-951
-787
-622
-423
-230
-47
101
242
380
519
629
719
812
910
1000
1085
1156
1214
1261
1293
1322
1314
1269
1206
1123
1025
893
744
592
442
287
138
-3
-145
-278
-401
-513
-636
-757
-873
-990
-1116
-1223
-1331
-1425
-1500
-1537
-1533
-1506
-1444
-1353
-1209
-1038
-840
-646
-432
-219
-14
181
341
486
595
711
817
912
987
1070
1157
1259
1351
1411
1451
1485
1496
1464
1373
1260
1126
963
788
592
416
233
78
-104
-258
-402
-546
-689
-839
-953
-1082
-1182
-1301
-1386
-1467
-1512
-1557
-1569
-1560
-1498
-1406
-1299
-1137
-962
-733
-540
-302
-93
135
309
466
595
705
817
885
969
1027
1126
1204
1318
1400
1481
1537
1577
1576
1512
1407
1280
1130
931
730
516
336
132
-52
-243
-412
-579
-722
-869
-1024
-1151
-1247
-1321
-1410
-1483
-1543
-1542
-1531
-1517
-1507
-1442
-1317
-1152
-994
-841
-646
-408
-170
30
193
357
527
670
766
832
913
1013
1097
1161
1238
1323
1416
1488
1539
1554
1539
1491
1415
1284
1120
930
740
528
303
72
-149
-351
-553
-727
-901
-1058
-1191
-1291
-1374
-1456
-1517
-1550
-1585
-1595
-1575
-1543
-1494
-1408
-1282
-1133
-953
-748
-534
-313
-84
129
335
510
663
792
905
1014
1104
1186
1255
1342
1408
1480
1545
1594
1622
1613
1595
1516
1414
1266
1092
884
663
431
184
-69
-326
-546
-767
-958
-1146
-1286
-1401
-1490
-1565
-1627
-1662
-1681
-1692
-1697
-1674
-1623
-1528
-1425
-1279
-1104
-872
-631
-397
-164
79
316
510
676
819
961
1074
1177
1271
1364
1441
1518
1581
1648
1687
1708
1697
1660
1588
1471
1326
1140
939
702
460
202
-31
-274
-513
-732
-921
-1071
-1216
-1347
-1457
-1527
-1591
-1642
-1683
-1711
-1701
-1692
-1649
-1572
-1459
-1325
-1166
-968
-743
-524
-314
-100
99
287
448
610
750
877
1005
1143
1258
1370
1463
1556
1627
1688
1729
1731
1693
1636
1558
1426
1267
1080
903
682
449
217
13
-176
-381
-581
-778
-917
-1037
-1179
-1348
-1487
-1541
-1603
-1675
-1755
-1760
-1703
-1623
-1548
-1462
-1306
-1125
-937
-778
-602
-447
-253
-61
79
205
355
563
744
873
1001
1162
1361
1497
1577
1654
1739
1812
1802
1745
1667
1586
1446
1278
1071
880
660
447
234
23
-146
-325
-494
-689
-834
-974
-1128
-1285
-1421
-1517
-1602
-1658
-1691
-1679
-1623
-1534
-1417
-1287
-1139
-972
-800
-649
-495
-344
-179
-44
83
207
346
500
626
763
889
1063
1221
1355
1459
1541
1631
1667
1663
1584
1495
1371
1238
1058
854
654
468
303
126
-26
-175
-302
-439
-582
-752
-892
-1034
-1166
-1317
-1436
-1509
-1541
-1536
-1526
-1465
-1356
-1209
-1079
-945
-795
-640
-499
-376
-258
-133
-13
99
210
329
457
594
726
866
1020
1166
1289
1383
1467
1532
1547
1508
1426
1310
1178
1030
839
638
462
315
174
38
-83
-188
-303
-432
-564
-706
-850
-997
-1151
-1268
-1350
-1404
-1427
-1424
-1359
-1271
-1150
-1032
-903
-762
-627
-506
-386
-264
-167
-57
49
169
283
407
527
645
779
909
1033
1150
1250
1311
1361
1394
1388
1329
1242
1133
1001
830
658
485
316
176
43
-64
-183
-260
-361
-464
-584
-689
-791
-914
-1023
-1127
-1180
-1222
-1234
-1231
-1186
-1117
-1016
-905
-799
-698
-587
-469
-374
-287
-208
-106
3
119
214
325
460
603
728
841
966
1077
1168
1225
1259
1260
1237
1196
1116
998
868
741
604
449
299
160
56
-42
-142
-255
-355
-427
-507
-612
-724
-807
-868
-930
-999
-1050
-1056
-1030
-1005
-972
-915
-809
-712
-624
-545
-451
-350
-264
-187
-111
-11
88
187
277
383
499
626
729
824
922
1013
1072
1083
1078
1058
1020
933
822
706
595
475
352
229
128
42
-44
-137
-224
-287
-358
-447
-536
-608
-671
-729
-801
-846
-867
-865
-848
-822
-775
-706
-622
-543
-470
-395
-316
-242
-178
-116
-48
29
105
180
256
353
450
553
651
738
821
880
918
914
881
830
765
672
564
459
368
291
215
139
94
49
-14
-85
-160
-233
-312
-406
-517
-601
-665
-720
-774
-800
-792
-760
-717
-670
-611
-530
-450
-386
-342
-292
-236
-181
-135
-92
-36
39
129
206
290
362
464
563
645
702
747
791
813
800
732
669
600
521
424
327
252
194
156
113
79
48
13
-45
-120
-200
-285
-384
-494
-585
-657
-697
-719
-724
-707
-664
-604
-534
-475
-413
-351
-308
-277
-243
-202
-163
-121
-70
-1
84
180
270
351
432
505
570
619
649
662
664
663
635
580
512
438
379
304
231
158
110
78
47
17
-12
-45
-93
-146
-214
-285
-369
-447
-521
-573
-604
-613
-604
-573
-521
-457
-396
-339
-280
-247
-214
-193
-163
-148
-115
-67
-12
50
125
217
287
348
407
465
495
517
523
530
531
514
482
442
410
359
314
258
196
142
106
65
15
-19
-49
-90
-136
-177
-220
-280
-357
-431
-477
-500
-526
-541
-530
-492
-437
-383
-339
-302
-261
-214
-182
-162
-144
-116
-71
-19
32
93
159
223
277
321
362
398
427
431
424
413
416
405
385
344
306
286
265
232
198
175
158
152
120
78
38
-2
-51
-111
-180
-246
-304
-356
-395
-416
-427
-421
-410
-381
-350
-319
-295
-269
-230
-203
-188
-179
-148
-113
-78
-47
-15
29
87
138
178
202
239
275
301
305
303
303
297
285
251
213
176
161
148
125
101
96
105
118
103
75
53
28
-8
-69
-121
-180
-228
-282
-321
-341
-336
-317
-299
-267
-228
-181
-135
-96
-79
-63
-47
-23
-17
-16
-6
12
36
56
86
116
169
222
250
272
300
312
285
241
204
170
122
60
14
-7
-5
-6
-8
-3
14
35
37
27
1
-20
-47
-91
-141
-180
-214
-251
-271
-280
-268
-254
-235
-210
-170
-116
-75
-42
-11
20
38
52
60
55
47
55
67
90
113
142
179
217
256
277
278
267
237
194
137
73
12
-34
-63
-91
-113
-118
-88
-61
-49
-48
-36
-21
-25
-60
-97
-119
-135
-156
-190
-211
-208
-190
-168
-150
-121
-83
-42
-6
29
69
99
119
130
132
134
137
132
125
125
128
139
161
176
188
201
207
198
175
141
90
31
-32
-88
-135
-184
-242
-281
-270
-228
-199
-195
-192
-165
-126
-118
-139
-161
-173
-168
-163
-168
-170
-148
-117
-88
-63
-26
27
78
123
165
214
256
291
317
330
326
311
304
292
285
271
273
285
299
302
287
275
253
215
153
81
6
-61
-129
-203
-265
-308
-340
-366
-380
-394
-406
-417
-420
-427
-439
-453
-456
-448
-432
-410
-390
-346
-290
-232
-179
-117
-38
39
104
170
243
308
360
386
413
443
470
490
485
490
510
539
550
539
533
534
527
489
424
360
301
227
141
44
-34
-91
-150
-210
-278
-322
-368
-422
-485
-547
-593
-643
-685
-723
-746
-753
-735
-710
-666
-610
-545
-468
-387
-304
-239
-161
-76
-2
61
125
201
279
344
410
475
545
605
660
698
727
757
771
767
730
706
679
647
589
525
468
412
351
274
194
114
42
-34
-117
-210
-297
-377
-459
-546
-622
-686
-737
-782
-823
-841
-832
-811
-780
-741
-684
-610
-542
-480
-413
-341
-270
-195
-125
-47
38
124
212
300
387
466
538
599
651
691
719
736
738
728
719
690
647
604
552
502
448
386
327
270
207
132
51
-34
-123
-216
-309
-392
-478
-542
-595
-629
-667
-690
-691
-677
-652
-633
-599
-549
-485
-424
-364
-306
-236
-158
-83
-24
38
114
187
248
304
362
419
465
501
533
561
579
578
557
529
504
470
423
364
311
273
231
182
130
79
29
-33
-99
-170
-237
-294
-347
-399
-442
-469
-485
-497
-511
-520
-512
-485
-453
-419
-378
-328
-269
-205
-151
-97
-33
23
74
127
174
214
261
303
334
364
398
426
441
438
420
392
362
328
285
240
195
170
143
110
69
32
-2
-45
-99
-152
-199
-237
-275
-314
-345
-363
-372
-381
-389
-384
-367
-349
-322
-290
-250
-203
-148
-92
-46
6
59
110
152
191
230
264
294
322
345
367
387
398
402
396
386
364
331
288
247
205
156
98
47
-3
-49
-91
-138
-182
-225
-262
-301
-344
-378
-400
-420
-432
-434
-423
-409
-393
-372
-337
-291
-252
-208
-165
-117
-67
-11
38
84
137
191
246
287
335
375
412
442
464
478
484
485
472
457
438
415
376
338
302
266
224
163
106
46
-17
-91
-164
-234
-297
-364
-431
-479
-516
-544
-573
-586
-594
-594
-593
-581
-558
-521
-477
-435
-372
-302
-228
-155
-82
-14
52
119
187
256
316
377
439
500
552
598
626
654
674
680
673
651
624
587
549
506
453
396
339
276
210
129
41
-55
-147
-237
-323
-397
-470
-536
-593
-635
-671
-696
-723
-737
-733
-720
-697
-662
-616
-563
-501
-428
-356
-281
-208
-138
-55
24
100
171
242
309
375
437
489
530
562
584
602
618
620
611
599
580
557
524
489
447
398
336
272
206
135
68
1
-58
-119
-171
-222
-270
-309
-352
-389
-418
-442
-468
-478
-486
-483
-465
-435
-399
-366
-322
-283
-242
-203
-170
-139
-101
-59
-20
26
70
118
162
191
213
234
251
254
251
250
247
241
231
215
199
187
176
153
128
103
83
63
37
5
-20
-40
-59
-83
-109
-128
-139
-144
-153
-155
-157
-144
-130
-112
-88
-65
-40
-18
11
36
59
76
92
108
117
129
141
156
166
171
173
176
174
159
140
121
103
83
55
23
-3
-30
-52
-77
-96
-115
-134
-156
-175
-190
-214
-238
-262
-269
-271
-272
-272
-258
-229
-206
-188
-172
-150
-127
-98
-65
-31
6
45
87
135
184
224
260
287
306
330
353
367
367
358
354
346
326
290
247
212
177
140
91
44
6
-36
-84
-138
-186
-240
-294
-341
-385
-415
-439
-447
-451
-446
-431
-419
-403
-386
-359
-330
-290
-251
-208
-158
-100
-28
42
110
181
247
306
363
416
464
498
531
562
585
598
600
598
586
559
523
472
416
362
306
250
185
125
67
7
-59
-126
-193
-269
-344
-422
-498
-567
-623
-675
-712
-728
-734
-732
-719
-697
-670
-636
-605
-574
-534
-484
-429
-363
-287
-203
-107
-8
82
175
270
362
447
524
592
658
721
775
820
849
870
873
865
836
798
764
723
676
615
556
506
453
383
301
215
122
22
-91
-202
-313
-412
-510
-600
-679
-746
-805
-861
-901
-927
-932
-933
-924
-904
-857
-806
-757
-695
-624
-541
-466
-387
-298
-197
-88
17
117
217
322
426
512
574
629
673
705
724
729
728
728
724
712
690
665
631
593
543
469
386
300
215
128
44
-42
-112
-167
-230
-287
-338
-378
-418
-454
-488
-511
-518
-516
-502
-485
-453
-416
-366
-319
-268
-214
-160
-100
-50
1
50
107
164
207
242
277
307
326
330
328
314
294
268
236
202
166
129
90
51
4
-43
-93
-136
-177
-217
-257
-292
-323
-345
-354
-365
-363
-351
-331
-310
-281
-248
-213
-187
-153
-105
-56
0
61
130
199
265
329
390
434
469
495
525
543
554
560
557
556
546
527
490
448
404
350
285
206
125
47
-25
-98
-168
-235
-297
-353
-411
-472
-526
-570
-613
-652
-673
-674
-667
-658
-639
-602
-555
-511
-471
-438
-396
-347
-292
-240
-181
-108
-28
59
142
224
304
378
435
481
533
582
622
657
681
701
715
717
699
671
636
594
549
490
423
358
293
221
141
59
-23
-102
-181
-259
-336
-409
-474
-528
-582
-627
-661
-681
-694
-702
-699
-690
-663
-624
-588
-547
-497
-436
-372
-299
-240
-174
-103
-38
24
86
156
220
281
338
394
449
501
537
566
581
597
602
603
598
586
575
551
521
487
455
419
368
317
260
201
132
60
-7
-71
-130
-197
-260
-314
-356
-395
-435
-473
-502
-518
-530
-537
-534
-524
-509
-489
-467
-440
-408
-368
-325
-272
-219
-167
-120
-73
-32
6
37
62
93
122
154
183
216
248
278
303
319
338
350
353
343
333
327
321
314
304
297
289
280
266
249
227
202
177
148
120
87
57
24
-10
-44
-80
-111
-134
-154
-177
-198
-212
-224
-238
-252
-257
-258
-259
-262
-265
-266
-263
-261
-269
-277
-275
-260
-244
-234
-214
-189
-158
-134
-117
-100
-82
-59
-42
-23
5
35
70
97
120
151
191
224
244
265
291
323
342
357
366
382
395
402
401
391
384
368
354
327
304
281
258
236
208
181
149
114
65
17
-38
-93
-146
-202
-253
-294
-327
-368
-405
-439
-471
-498
-529
-554
-573
-587
-594
-591
-581
-570
-546
-517
-477
-435
-390
-336
-279
-215
-150
-81
-13
61
138
210
280
356
431
503
569
630
685
732
767
796
815
817
811
800
784
752
705
650
591
525
452
370
282
193
101
3
-99
-194
-283
-366
-448
-528
-605
-676
-745
-805
-854
-897
-926
-942
-946
-939
-918
-877
-833
-785
-734
-670
-596
-519
-437
-348
-249
-144
-34
73
186
290
389
475
557
635
711
776
832
885
932
969
989
997
996
983
958
920
870
811
743
666
582
493
397
295
195
94
-7
-111
-214
-315
-409
-493
-577
-651
-720
-775
-822
-862
-894
-914
-920
-918
-911
-896
-875
-844
-804
-761
-711
-651
-581
-502
-419
-337
-249
-158
-65
21
101
179
254
328
396
464
528
596
661
726
776
815
840
853
855
847
827
793
758
719
677
632
581
522
459
392
319
238
159
78
5
-59
-129
-197
-259
-317
-378
-438
-495
-541
-578
-607
-628
-637
-635
-623
-610
-599
-586
-570
-553
-533
-512
-484
-451
-410
-364
-317
-267
-213
-153
-96
-44
7
59
106
156
199
242
283
322
363
398
432
464
490
511
524
525
521
515
503
488
467
443
416
382
351
313
273
223
170
117
68
23
-23
-65
-110
-147
-181
-215
-253
-288
-309
-321
-329
-335
-339
-336
-331
-328
-320
-303
-285
-267
-251
-236
-212
-188
-168
-152
-131
-103
-66
-37
-10
20
47
79
104
124
143
159
165
173
179
176
161
154
145
136
130
117
113
105
90
70
47
21
-5
-31
-53
-74
-96
-112
-121
-129
-141
-151
-153
-155
-154
-148
-138
-129
-113
-92
-77
-58
-37
-15
7
30
45
61
77
89
99
114
130
146
173
192
214
237
259
272
279
278
273
269
258
239
218
204
186
166
144
123
107
84
57
30
-2
-37
-65
-101
-132
-163
-196
-221
-243
-265
-284
-298
-320
-333
-343
-345
-345
-343
-332
-324
-314
-302
-290
-278
-258
-235
-210
-184
-157
-124
-85
-51
-20
11
44
77
109
136
156
180
197
221
240
259
280
303
318
327
335
337
341
343
340
333
328
319
311
300
284
270
253
236
210
177
148
115
79
37
-3
-37
-66
-95
-124
-154
-184
-213
-247
-280
-315
-350
-381
-404
-420
-429
-427
-427
-429
-425
-420
-413
-406
-395
-375
-348
-312
-278
-235
-190
-138
-87
-39
8
53
97
139
178
215
253
290
328
360
390
419
443
457
459
458
460
455
439
424
411
391
368
341
307
276
240
203
167
135
100
64
26
-17
-52
-90
-129
-166
-203
-233
-255
-272
-295
-318
-335
-349
-359
-367
-376
-375
-369
-358
-345
-332
-313
-293
-271
-252
-230
-200
-168
-134
-99
-72
-41
-7
26
53
82
111
144
174
194
208
222
236
246
256
266
277
288
290
287
286
280
269
254
235
214
193
176
154
134
111
83
58
33
7
-19
-43
-66
-89
-107
-124
-141
-159
-171
-183
-195
-201
-210
-218
-221
-224
-219
-211
-198
-181
-164
-144
-123
-107
-90
-73
-59
-42
-28
-15
-6
4
16
24
41
58
70
88
105
120
126
128
120
114
106
94
77
62
50
34
24
13
7
-3
-9
-20
-22
-25
-36
-51
-56
-54
-56
-53
-54
-51
-46
-33
-29
-19
-11
-7
9
22
28
37
53
64
71
71
73
75
72
62
55
57
67
75
72
72
74
79
78
61
48
42
29
24
11
2
1
-1
-5
-3
-4
-12
-17
-27
-34
-45
-55
-69
-78
-86
-87
-85
-85
-85
-88
-89
-89
-91
-93
-92
-87
-82
-73
-65
-59
-53
-45
-42
-35
-26
-18
-4
1
12
21
33
39
45
50
54
60
69
76
76
80
86
91
90
92
92
96
96
94
90
84
80
77
73
70
62
59
52
44
39
34
25
12
1
-11
-20
-30
-42
-55
-62
-69
-75
-75
-77
-76
-78
-82
-91
-104
-110
-111
-114
-117
-109
-104
-96
-83
-79
-69
-58
-52
-45
-32
-20
-2
19
35
51
68
82
93
98
105
113
117
120
118
119
121
116
105
98
91
82
69
57
48
39
25
4
-11
-29
-45
-57
-71
-87
-100
-107
-107
-110
-114
-114
-112
-102
-104
-104
-100
-97
-87
-82
-78
-66
-53
-36
-23
-17
-6
10
23
36
42
55
64
72
78
84
92
97
97
98
97
90
81
64
53
47
44
34
29
30
29
21
10
0
-12
-20
-32
-37
-44
-42
-45
-45
-42
-38
-32
-30
-29
-30
-23
-18
-15
-15
-6
6
11
13
13
15
17
20
14
11
6
5
9
11
17
20
25
24
24
25
23
24
20
23
24
23
22
22
24
22
20
17
16
11
8
6
3
5
-1
-3
-6
-7
-10
-15
-19
-25
-27
-30
-37
-46
-50
-49
-44
-43
-41
-37
-31
-28
-27
-31
-25
-14
-12
-11
-7
-1
3
2
4
12
17
20
22
30
37
41
46
45
39
35
39
36
30
26
23
24
21
20
13
4
-8
-16
-25
-32
-32
-35
-37
-44
-49
-46
-51
-66
-73
-70
-68
-67
-70
-66
-55
-44
-36
-24
-12
-1
6
2
-2
-4
-2
-3
-4
2
15
28
36
40
47
57
58
61
58
53
56
61
58
51
48
47
47
45
45
47
49
46
42
36
29
25
21
15
9
8
4
1
-6
-13
-21
-29
-39
-45
-47
-45
-44
-37
-35
-40
-40
-38
-39
-46
-46
-54
-53
-51
-47
-39
-24
-20
-16
-8
-6
-2
-2
7
10
14
29
41
46
53
64
65
62
62
59
56
53
53
55
59
56
46
45
46
42
33
20
9
1
-3
-13
-24
-26
-25
-34
-40
-50
-59
-58
-64
-76
-82
-81
-70
-61
-60
-56
-48
-40
-39
-46
-53
-52
-51
-49
-46
-39
-24
-12
-2
-1
-1
0
0
2
1
3
4
0
4
10
16
19
18
18
22
29
35
40
41
36
36
43
42
41
41
43
41
36
38
40
39
32
28
26
29
27
21
12
3
-4
-5
-14
-22
-22
-17
-9
-7
-11
-8
-3
-1
0
-6
-5
-2
1
2
3
6
7
8
12
23
31
35
36
31
23
20
15
4
-4
-8
-10
-9
-16
-21
-27
-29
-36
-41
-42
-43
-45
-36
-26
-20
-18
-18
-18
-16
-15
-16
-14
-10
-7
-3
2
6
16
25
26
23
23
25
25
18
15
16
13
14
9
7
9
13
10
9
6
4
2
-5
-11
-21
-19
-22
-19
-20
-19
-16
-7
-6
-11
-14
-18
-17
-21
-21
-17
-6
-1
5
9
16
21
14
7
3
3
-6
-16
-18
-13
-9
0
5
13
19
15
1
-11
-24
-31
-35
-44
-44
-33
-24
-19
-15
-10
-7
-6
-9
-13
-11
-5
-1
-3
3
15
28
32
28
20
18
22
19
14
16
27
39
44
50
56
58
50
37
26
18
6
-3
-3
0
8
11
12
8
3
-4
-20
-29
-42
-43
-48
-49
-46
-39
-35
-38
-39
-39
-32
-34
-31
-36
-36
-30
-25
-19
-5
5
14
20
24
22
12
7
3
3
9
18
25
38
48
51
55
50
42
43
38
42
43
50
56
59
60
56
53